0.190726
0.165597
0.144532
0.153550
0.195930
0.181173
0.249857
0.220844
0.248539
0.226832
0.526483
0.527374
0.417843
0.214678
0.252566
0.286285
0.334973
0.286534
0.308668
0.290669
0.367729
0.343385
0.433918
0.245580
0.144924
0.167023
0.129847
0.171835
0.149843
0.146671
0.172940
0.212504
0.277160
0.553999
0.801575
0.465462
0.269105
0.437625
0.263972
0.391004
0.354862
0.345559
0.361028
0.281188
0.389364
0.318292
0.195145
0.210115
0.133091
0.150200
0.162960
0.182029
0.161498
0.198710
0.209296
0.406401
0.191011
0.208975
0.261370
0.219846
0.193221
0.252566
0.202630
0.198246
0.226832
0.271029
0.450349
0.492230
0.405439
0.242301
0.259125
0.177965
0.159360
0.158718
0.215462
0.179997
0.173189
0.202844
0.226012
0.397348
0.192508
0.206836
0.263152
0.290526
0.222804
0.414706
0.187660
0.206052
0.254990
0.428464
0.487382
0.433847
0.333262
0.268071
0.257806
0.192472
0.162675
0.170338
0.167094
0.169233
0.167629
0.221771
0.243584
0.376283
0.290918
0.233355
0.485835
0.507107
0.470078
0.348580
0.354314
0.378476
0.446860
0.529374
0.675070
0.527635
0.457457
0.376071
0.309650
0.275369
0.237574
0.219372
0.207989
0.219335
0.213068
0.210202
0.246978
0.286663
0.217593
0.301198
0.326347
0.228579
0.270816
0.191367
0.264721
0.409110
0.314692
0.568292
0.697248
0.482357
0.368941
0.305674
0.212610
0.204733
0.241018
0.264115
0.169162
0.198995
0.175969
0.198567
0.252745
0.309702
0.424686
0.412069
0.310023
0.312839
0.462824
0.816189
0.404512
0.423831
0.459937
0.472555
0.566795
0.468919
0.438266
0.315298
0.205446
0.187375
0.201133
0.221949
0.251497
0.185985
0.171229
0.194326
0.242764
0.225977
0.249287
0.574815
0.261192
0.373432
0.364343
0.394497
0.389756
0.315191
0.293199
0.273275
0.311342
0.284894
0.301647
0.352794
0.256772
0.222163
0.174080
0.155938
0.155297
0.151447
0.176433
0.189371
0.205411
0.290633
0.221664
0.247826
0.365127
0.296407
0.328735
0.222626
0.258839
0.249145
0.256131
0.329270
0.366460
0.383672
0.274344
0.350759
0.255147
0.207692
0.158754
0.189656
0.195751
0.152231
0.146457
0.176718
0.194005
0.405974
0.228543
0.404334
0.294411
0.201027
0.332015
0.240840
0.294875
0.274736
0.438730
0.446607
0.323318
0.307064
0.472876
0.306031
0.195431
0.240555
0.174686
0.140719
0.160073
0.172084
0.181815
0.185237
0.226084
0.276839
0.234709
0.206765
0.169447
0.220630
0.237204
0.251176
0.229612
0.335828
0.287354
0.363630
0.338323
0.436413
0.355111
0.240412
0.264614
0.195288
0.168948
0.188017
0.163958
0.170480
0.165633
0.209652
0.283005
0.249287
0.228080
0.234317
0.262297
0.314407
0.440904
0.382164
0.184381
0.240662
0.358925
0.358390
0.267144
0.343884
0.392465
0.276055
0.238701
0.209581
0.179676
0.189692
0.161819
0.165419
0.195858
0.223767
0.280617
0.380097
0.252317
0.346307
0.295374
0.225335
0.273631
0.258234
0.200528
0.207015
0.216923
0.303999
0.544340
0.456088
0.326383
0.277231
0.249750
0.185878
0.170801
0.185807
0.155867
0.154691
0.201454
0.199316
0.183205
0.247576
0.257521
0.280902
0.338680
0.272206
0.385301
0.274808
0.211933
0.193149
0.177039
0.323033
0.317009
0.391218
0.429106
0.240269
0.209581
0.183098
0.168877
0.159966
0.158540
0.153051
0.176148
0.184025
0.183918
0.220488
0.305247
0.223375
0.221486
0.261833
0.376426
0.425506
0.186520
0.345844
0.458262
0.498253
0.447320
0.516075
0.467850
0.336185
0.264756
0.238095
0.184702
0.126141
0.156544
0.155225
0.161784
0.195537
0.276233
0.368157
0.450135
0.225905
0.327524
0.508875
0.563338
0.297690
0.434916
0.231822
0.296871
0.318969
0.458832
0.449922
0.335329
0.212824
0.237418
0.191902
0.134160
0.125000
0.146778
0.136620
0.166239
0.181672
0.222769
0.343599
0.271421
0.254812
0.365341
0.299508
0.173189
0.280118
0.291382
0.211149
0.189942
0.236812
0.439906
0.286106
0.202737
0.219846
0.212539
0.174508
0.166845
0.141218
0.151376
0.138402
0.160001
0.168413
0.214571
0.352830
0.246935
0.156651
0.151019
0.192009
0.223660
0.175613
0.147170
0.195217
0.249323
0.353115
0.382271
0.365697
0.299187
0.242087
0.211042
0.190191
0.144782
0.165312
0.121614
0.167985
0.141859
0.151590
0.218064
0.345630
0.254741
0.172797
0.177823
0.194290
0.217422
0.216816
0.172405
0.270352
0.278336
0.364129
0.374822
0.252602
0.244012
0.204520
0.206943
0.195431
0.199779
0.163174
0.155974
0.164350
0.130418
0.172548
0.194825
0.316545
0.188801
0.218563
0.203949
0.257146
0.200278
0.224301
0.221985
0.311377
0.207549
0.296906
0.431102
0.377032
0.335080
0.253778
0.183561
0.193684
0.131095
0.120153
0.161213
0.139614
0.153265
0.243584
0.226084
0.239378
0.297405
0.190797
0.268321
0.284467
0.193613
0.235066
0.237561
0.306530
0.187268
0.255845
0.206587
0.453201
0.287354
0.265540
0.209795
0.155439
0.172548
0.169910
0.119582
0.152588
0.140825
0.158932
0.190654
0.224230
0.232214
0.351012
0.471771
0.778586
0.734709
0.565726
0.405902
0.310379
0.376604
0.416132
0.342102
0.310344
0.400057
0.251889
0.199708
0.184773
0.129812
0.119547
0.178999
0.135693
0.155902
0.160251
0.237703
0.345915
0.230396
0.225941
0.360565
0.260336
0.328236
0.239378
0.310058
0.181494
0.332086
0.319932
0.552573
0.371970
0.301112
0.221664
0.175756
0.173154
0.182207
0.134837
0.125071
0.134053
0.199387
0.184524
0.210793
0.350834
0.225727
0.202345
0.316617
0.362703
0.219739
0.221058
0.263723
0.299579
0.385372
0.401518
0.370117
0.338145
0.240947
0.225121
0.192294
0.187981
0.176468
0.130560
0.157970
0.137867
0.154976
0.186627
0.313623
0.401305
0.251889
0.365056
0.358569
0.338145
0.317650
0.359994
0.422512
0.281794
0.198211
0.366481
0.465141
0.328807
0.254242
0.221165
0.202951
0.172049
0.174259
0.129242
0.170374
0.171265
0.156865
0.162247
0.206694
0.293734
0.252745
0.209046
0.345345
0.490590
0.358390
0.187696
0.195324
0.215997
0.223802
0.378992
0.354363
0.347555
0.427431
0.287496
0.210401
0.178714
0.178678
0.138901
0.143962
0.166025
0.244689
0.283148
0.288673
0.361812
0.289457
0.270922
0.247042
0.244261
0.297869
0.298296
0.216888
0.166774
0.211149
0.259766
0.291916
0.246685
0.200670
0.193114
0.216745
0.209117
0.188338
0.159039
0.142572
0.185058
0.164065
0.191652
0.166310
0.193684
0.230040
0.337111
0.404976
0.417736
0.401910
0.527409
0.609780
0.235885
0.299045
0.280439
0.290027
0.256024
0.283540
0.254455
0.212325
0.174472
0.200135
0.152017
0.135087
0.159609
0.159609
0.166738
0.244618
0.303322
0.241339
0.253422
0.460187
0.393071
0.345060
0.329056
0.214856
0.245758
0.339393
0.368941
0.372113
0.380382
0.332264
0.244582
0.223303
0.155796
0.140469
0.168021
0.132057
0.164599
0.155475
0.164457
0.187090
0.473802
0.275449
0.416667
0.202809
0.202844
0.232428
0.145851
0.165312
0.165490
0.182029
0.274843
0.371578
0.270210
0.283112
0.204983
0.224729
0.179320
0.134232
0.137439
0.132556
0.131558
0.167344
0.188765
0.230289
0.409003
0.201312
0.350798
0.402374
0.321179
0.244119
0.239271
0.215106
0.183134
0.229612
0.429427
0.323068
0.238844
0.216603
0.233711
0.225228
0.185237
0.135942
0.131024
0.141717
0.146956
0.164742
0.176789
0.193898
0.339250
0.212361
0.199458
0.234460
0.340711
0.146956
0.209260
0.178999
0.174330
0.203023
0.248289
0.389507
0.434060
0.402303
0.225549
0.245402
0.172619
0.152873
0.162782
0.150057
0.169269
0.187981
0.181637
0.234959
0.369547
0.235529
0.292273
0.323924
0.425934
0.386691
0.394782
0.291774
0.276447
0.248717
0.262012
0.324565
0.262297
0.270994
0.228293
0.191510
0.218599
0.153229
0.138081
0.170017
0.168948
0.161463
0.159003
0.207335
0.366232
0.241553
0.231180
0.177680
0.206943
0.201383
0.294981
0.395780
0.180104
0.188231
0.304997
0.334403
0.284930
0.229826
0.212896
0.208761
0.180960
0.131309
0.149059
0.188266
0.167593
0.165205
0.203486
0.240982
0.322213
0.286071
0.232535
0.224373
0.197819
0.216888
0.264756
0.270602
0.230717
0.316545
0.308989
0.286997
0.214927
0.212254
0.270922
0.199993
0.176967
0.165312
0.166987
0.151518
0.148631
0.152089
0.191296
0.184880
0.219062
0.307635
0.430781
0.367943
0.330125
0.444753
0.457638
0.470523
0.363559
0.238487
0.302823
0.457834
0.367658
0.324743
0.294518
0.201811
0.189300
0.134338
0.156116
0.175399
0.159574
0.161855
0.151340
0.209616
0.395423
0.273275
0.237739
0.214678
0.169981
0.222270
0.199066
0.195359
0.202595
0.216032
0.317686
0.378030
0.385372
0.431708
0.413887
0.215854
0.192009
0.137938
0.118157
0.149166
0.134909
0.175720
0.172940
0.161926
0.347163
0.403514
0.439763
0.344525
0.401697
0.357000
0.428464
0.320217
0.394390
0.250285
0.325242
0.406009
0.443648
0.267180
0.275841
0.226511
0.225121
0.156865
0.171942
0.145459
0.161891
0.167130
0.205589
0.219311
0.449244
0.234745
0.307813
0.289029
0.208583
0.335971
0.367265
0.252067
0.225620
0.264578
0.335757
0.471094
0.369404
0.293057
0.271029
0.243584
0.183276
0.189906
0.167914
0.168770
0.167451
0.189835
0.174187
0.232535
0.309417
0.281081
0.166595
0.195395
0.188730
0.197819
0.305282
0.198745
0.194290
0.225406
0.375036
0.343242
0.438979
0.333013
0.271136
0.249750
0.247042
0.183312
0.141182
0.172120
0.167665
0.180354
0.246008
0.306530
0.489592
0.469597
0.659859
0.372861
0.393285
0.313801
0.324886
0.202844
0.362133
0.230967
0.226226
0.233854
0.328985
0.249002
0.225656
0.200706
0.155796
0.149629
0.133554
0.145103
0.134695
0.135871
0.203593
0.186841
0.241481
0.530439
0.447248
0.315441
0.273382
0.176112
0.268071
0.184559
0.210436
0.213573
0.348161
0.374109
0.313052
0.222412
0.186056
0.178144
0.227153
0.174259
0.122648
0.117978
0.134731
0.145566
0.155332
0.171443
0.225585
0.303714
0.221272
0.474266
0.461007
0.368584
0.505525
0.268499
0.390398
0.332335
0.209153
0.292415
0.350050
0.479220
0.236491
0.196928
0.193684
0.170979
0.146528
0.137404
0.148453
0.169411
0.156009
0.183918
0.318613
0.270245
0.325100
0.356822
0.217208
0.225014
0.176468
0.127745
0.151447
0.153122
0.259374
0.233141
0.299829
0.349266
0.286962
0.177965
0.187161
0.121935
0.135586
0.147419
0.149415
0.165312
0.168199
0.256451
0.251960
0.174116
0.260265
0.232214
0.180853
0.252566
0.208761
0.203450
0.174366
0.176255
0.238202
0.389934
0.198211
0.282114
0.219917
0.192900
0.187411
0.171478
0.138152
0.161605
0.152124
0.214892
0.161997
0.303072
0.417308
0.241553
0.276875
0.178251
0.221307
0.211399
0.180603
0.253172
0.274130
0.247398
0.381737
0.560201
0.328415
0.306173
0.218420
0.215284
0.146885
0.154904
0.213359
0.164279
0.145067
0.149166
0.189300
0.255097
0.221771
0.227188
0.288388
0.527766
0.311627
0.249929
0.237953
0.241838
0.183419
0.159467
0.205624
0.341781
0.329270
0.404263
0.296229
0.168271
0.175399
0.145887
0.134731
0.145067
0.128921
0.155617
0.174722
0.209438
0.303750
0.222983
0.330838
0.407934
0.313551
0.238986
0.381630
0.246436
0.268784
0.196785
0.208654
0.219632
0.244689
0.284289
0.263509
0.202131
0.158825
0.163174
0.161605
0.143427
0.138330
0.168378
0.172975
0.211327
0.346521
0.291738
0.395495
0.297441
0.156508
0.251711
0.212183
0.153443
0.168413
0.449993
0.183134
0.353115
0.224373
0.329520
0.407649
0.233212
0.177466
0.225478
0.141645
0.141930
0.177680
0.188551
0.208690
0.208797
0.223090
0.467030
0.241374
0.334224
0.414991
0.309167
0.378885
0.215319
0.337789
0.220808
0.338715
0.206943
0.244903
0.245865
0.303714
0.206123
0.184488
0.142750
0.130097
0.143534
0.152588
0.134695
0.143249
0.291845
0.153479
0.261620
0.397918
0.292023
0.263972
0.208191
0.180639
0.171300
0.204662
0.178001
0.297120
0.250036
0.295374
0.187054
0.161712
0.191260
0.144604
0.125214
0.129384
0.136192
0.117301
0.167023
0.156295
0.187482
0.413887
0.163744
0.216567
0.134303
0.135942
0.194860
0.168484
0.155118
0.147348
0.158219
0.254242
0.370901
0.402053
0.261370
0.338573
0.232000
0.148417
0.137439
0.160108
0.137119
0.125749
0.126853
0.127602
0.215711
0.339179
0.214678
0.157506
0.305033
0.156508
0.143962
0.181958
0.291275
0.270067
0.236028
0.386655
0.473802
0.587218
0.400057
0.274344
0.229577
0.150806
0.140719
0.128564
0.130026
0.145887
0.132877
0.142287
0.184346
0.357036
0.213751
0.242978
0.283433
0.420445
0.308490
0.410429
0.251960
0.250855
0.244226
0.324993
0.454769
0.381451
0.396421
0.225905
0.210686
0.164457
0.166595
0.146600
0.145495
0.169269
0.153301
0.158540
0.231323
0.414172
0.285643
0.345666
0.258982
0.314086
0.425007
0.427003
0.247648
0.392643
0.267144
0.330125
0.244796
0.271279
0.286213
0.273275
0.294411
0.208939
0.157114
0.135443
0.164207
0.155617
0.167522
0.185379
0.209082
0.304783
0.333725
0.319789
0.426468
0.281794
0.385835
0.227830
0.215319
0.245723
0.211648
0.321678
0.352937
0.281865
0.306530
0.230681
0.188124
0.169447
0.183098
0.140754
0.155760
0.144319
0.169732
0.227117
0.255168
0.217636
0.219347
0.209902
0.205589
0.402017
0.397776
0.323389
0.372505
0.415490
0.455304
0.322320
0.258839
0.231180
0.198068
0.267750
0.207727
0.175506
0.157792
0.134267
0.198282
0.148204
0.157898
0.180888
0.242123
0.312946
0.315833
0.391859
0.490697
0.305033
0.228186
0.220701
0.241588
0.284075
0.178857
0.227082
0.323425
0.326240
0.315405
0.285465
0.157114
0.159253
0.180140
0.142750
0.182278
0.166987
0.139685
0.178464
0.184417
0.227117
0.236919
0.163993
0.179463
0.313480
0.284182
0.241339
0.138152
0.177253
0.171942
0.261370
0.470951
0.418983
0.290669
0.231537
0.218884
0.164136
0.133875
0.134837
0.149665
0.149594
0.143499
0.152908
0.200100
0.278158
0.224016
0.325492
0.233925
0.236848
0.279619
0.145922
0.180496
0.162568
0.169768
0.387190
0.353579
0.524202
0.378172
0.443969
0.196179
0.177573
0.161641
0.138188
0.163388
0.145851
0.176789
0.164813
0.211898
0.425506
0.362489
0.530368
0.209973
0.176647
0.299009
0.350371
0.247362
0.217779
0.292130
0.301468
0.337183
0.300542
0.310058
0.301397
0.178678
0.231608
0.156259
0.147990
0.139899
0.164100
0.162675
0.180175
0.210686
0.236028
0.211078
0.211007
0.210187
0.223981
0.347555
0.173225
0.286926
0.295480
0.350335
0.249180
0.230717
0.245616
0.342208
0.260907
0.192472
0.158148
0.156116
0.148810
0.145067
0.141538
0.157863
0.205482
0.174366
0.252958
0.340890
0.557849
0.617907
0.597911
0.334795
0.236206
0.272170
0.219917
0.175114
0.189514
0.212290
0.296051
0.249572
0.286285
0.272027
0.184809
0.223268
0.138758
0.136548
0.143784
0.137867
0.165811
0.169946
0.261121
0.222270
0.330874
0.446856
0.504063
0.214749
0.316545
0.555389
0.426611
0.400235
0.273311
0.328023
0.290098
0.380382
0.239877
0.199993
0.146457
0.165384
0.118050
0.123396
0.126711
0.152160
0.132913
0.185415
0.330803
0.209581
0.233676
0.150948
0.187090
0.188837
0.270388
0.140576
0.149950
0.175827
0.410144
0.531865
0.369547
0.439300
0.311948
0.187161
0.182777
0.200741
0.130204
0.140469
0.145067
0.165740
0.151198
0.243406
0.318613
0.197890
0.186306
0.163958
0.161463
0.187767
0.248004
0.318541
0.151804
0.248788
0.293877
0.314122
0.337325
0.340355
0.382770
0.200029
0.179213
0.213395
0.160322
0.168128
0.191973
0.171728
0.173047
0.206480
0.287247
0.249750
0.168164
0.181708
0.187981
0.228186
0.202096
0.169162
0.203664
0.201989
0.233711
0.418342
0.399843
0.315654
0.409609
0.211541
0.170267
0.137190
0.152623
0.143178
0.149380
0.155510
0.164528
0.200670
0.294019
0.286819
0.368976
0.470915
0.369867
0.195359
0.263651
0.307350
0.419696
0.225656
0.302752
0.368335
0.321785
0.303928
0.334260
0.195324
0.220131
0.144176
0.145922
0.166845
0.165027
0.168021
0.174080
0.245723
0.211684
0.346735
0.297298
0.235957
0.226761
0.184773
0.286178
0.258804
0.197284
0.342814
0.437803
0.480040
0.269176
0.265077
0.388544
0.228650
0.213751
0.172940
0.168235
0.184773
0.181886
0.168520
0.177930
0.284039
0.522134
0.422655
0.310379
0.434274
0.317722
0.296122
0.243014
0.359567
0.350335
0.281081
0.289671
0.360208
0.369903
0.457264
0.325207
0.296585
0.172334
0.203486
0.154904
0.172690
0.188088
0.187019
0.177645
0.201383
0.292772
0.247576
0.208868
0.266859
0.273346
0.234353
0.328842
0.537247
0.364664
0.446072
0.223375
0.274701
0.319112
0.243263
0.270602
0.156223
0.201133
0.162995
0.168520
0.194005
0.160073
0.194825
0.200207
0.233747
0.212432
0.259303
0.472020
0.577381
0.303251
0.354862
0.304962
0.181138
0.279049
0.282150
0.314336
0.226725
0.203165
0.188623
0.209403
0.199636
0.150841
0.144532
0.166524
0.152445
0.185593
0.209688
0.248396
0.177716
0.214749
0.189621
0.219026
0.179819
0.207193
0.164207
0.177288
0.160893
0.157399
0.254562
0.426076
0.487953
0.290526
0.251889
0.200955
0.194219
0.179070
0.151946
0.152124
0.191724
0.170908
0.205054
0.203985
0.369368
0.232784
0.301861
0.277338
0.274487
0.211826
0.168092
0.138651
0.182492
0.242444
0.455803
0.409574
0.409681
0.366713
0.372692
0.210757
0.180354
0.162746
0.148881
0.159894
0.147705
0.175114
0.180175
0.205803
0.338929
0.210864
0.328557
0.281687
0.302110
0.377851
0.241660
0.309666
0.188302
0.195466
0.273952
0.264222
0.222056
0.287817
0.253172
0.210436
0.211185
0.169768
0.121828
0.123218
0.138152
0.139400
0.175649
0.185878
0.243477
0.176754
0.230289
0.258697
0.224230
0.302395
0.240091
0.360351
0.163138
0.250962
0.184702
0.370402
0.474052
0.321607
0.293983
0.230040
0.191973
0.118691
0.121044
0.135729
0.143285
0.143107
0.179926
0.166346
0.187233
0.439799
0.366980
0.677859
0.349194
0.271992
0.397206
0.343563
0.150556
0.192864
0.307706
0.300756
0.300506
0.328771
0.273560
0.351190
0.211826
0.160607
0.135586
0.150200
0.129562
0.121186
0.134410
0.197676
0.201133
0.289778
0.337646
0.186769
0.192900
0.147598
0.209795
0.238309
0.169518
0.178251
0.170908
0.177787
0.209011
0.340997
0.287603
0.168770
0.157756
0.121471
0.103115
0.157970
0.130739
0.147313
0.143463
0.169518
0.248111
0.223874
0.179284
0.309274
0.268962
0.182207
0.232072
0.143820
0.141752
0.159538
0.299045
0.340177
0.348196
0.458690
0.232820
0.168520
0.170124
0.133234
0.119226
0.138651
0.120188
0.144675
0.155118
0.211327
0.286498
0.193042
0.152730
0.241802
0.245295
0.151910
0.190904
0.175898
0.213395
0.172013
0.270067
0.410429
0.415918
0.286962
0.257200
0.223446
0.193827
0.153479
0.124964
0.148275
0.141538
0.185557
0.165241
0.196928
0.297120
0.166809
0.154869
0.186342
0.167273
0.265540
0.137439
0.199815
0.234281
0.284003
0.351155
0.442258
0.519247
0.380489
0.396315
0.330304
0.163209
0.145174
0.140184
0.129099
0.175364
0.121115
0.134659
0.194504
0.339214
0.185878
0.242764
0.369511
0.275984
0.286819
0.376640
0.432136
0.296621
0.323211
0.395958
0.417094
0.409538
0.331694
0.306352
0.294946
0.222127
0.238594
0.223268
0.211292
0.223054
0.258554
0.237561
0.312233
0.434559
0.285893
0.190726
0.176219
0.315441
0.237810
0.197427
0.176754
0.203415
0.262867
0.350406
0.283861
0.287817
0.238273
0.252994
0.159930
0.163887
0.130453
0.127139
0.145709
0.117408
0.123147
0.161855
0.211434
0.174366
0.264507
0.203415
0.258055
0.205019
0.328379
0.279904
0.302894
0.216032
0.261869
0.287104
0.273631
0.316938
0.288352
0.295659
0.160073
0.144212
0.163958
0.127139
0.126176
0.131950
0.121293
0.119404
0.151091
0.194219
0.231929
0.452310
0.473125
0.484567
0.503386
0.445716
0.205945
0.262154
0.239521
0.211327
0.519069
0.472769
0.441652
0.202916
0.212789
0.178108
0.116624
0.135586
0.120331
0.127851
0.142750
0.135051
0.287995
0.507378
0.296158
0.197961
0.223945
0.207692
0.210686
0.155796
0.139507
0.151697
0.144568
0.247434
0.436056
0.220737
0.242087
0.200848
0.175435
0.142857
0.144069
0.152196
0.116553
0.122968
0.153693
0.147384
0.184453
0.296942
0.170053
0.307314
0.249430
0.170267
0.225478
0.240626
0.129099
0.158362
0.225727
0.291417
0.255845
0.292273
0.421478
0.222840
0.165170
0.147598
0.111527
0.131344
0.105182
0.129242
0.124644
0.139756
0.155689
0.295908
0.214321
0.183847
0.163922
0.143891
0.207157
0.210579
0.155510
0.192151
0.267786
0.249537
0.660572
0.346414
0.363523
0.231002
0.163494
0.153122
0.142928
0.182100
0.126925
0.149558
0.147918
0.126176
0.172797
0.266930
0.212575
0.331373
0.285893
0.369689
0.435950
0.281330
0.240982
0.157328
0.157578
0.188658
0.242658
0.273524
0.227866
0.241196
0.171300
0.140612
0.131273
0.143820
0.168841
0.123681
0.123859
0.174936
0.152374
0.288708
0.245473
0.158433
0.174259
0.156580
0.203058
0.172049
0.161035
0.136798
0.152409
0.259731
0.280902
0.221735
0.247469
0.228721
0.175791
0.144853
0.129277
0.142572
0.145816
0.140825
0.121685
0.155261
0.155403
0.175756
0.167166
0.190441
0.154904
0.200492
0.168877
0.196393
0.260479
0.171086
0.177074
0.199708
0.215569
0.252388
0.256202
0.182956
0.168983
0.147918
0.158896
0.109139
0.107036
0.121721
0.100585
0.146065
0.196072
0.192508
0.379242
0.419447
0.377459
0.324636
0.398239
0.478436
0.600870
0.371756
0.508020
0.357392
0.280083
0.375392
0.373325
0.213822
0.190369
0.166346
0.112561
0.125749
0.111848
0.120972
0.127531
0.168520
0.281758
0.266717
0.249251
0.166346
0.215533
0.188409
0.223767
0.307278
0.342779
0.225121
0.322854
0.410536
0.529762
0.254028
0.325385
0.306245
0.218064
0.181102
0.133733
0.130667
0.134909
0.120402
0.159146
0.146493
0.161178
0.297156
0.197248
0.268855
0.156829
0.210508
0.147562
0.251034
0.186270
0.137582
0.214820
0.280867
0.242159
0.402695
0.252923
0.299152
0.197640
0.196036
0.117836
0.123681
0.128671
0.125820
0.118157
0.153906
0.314585
0.376818
0.161962
0.140932
0.169518
0.174080
0.168128
0.234994
0.250214
0.227117
0.329520
0.368157
0.444219
0.364022
0.322498
0.485992
0.282756
0.189906
0.118869
0.170659
0.134125
0.114022
0.132307
0.169803
0.187660
0.253921
0.174686
0.191332
0.169518
0.199209
0.245259
0.164920
0.172940
0.113487
0.141396
0.153621
0.188124
0.222911
0.317722
0.217814
0.190120
0.147705
0.138045
0.128208
0.131344
0.116624
0.154334
0.265932
0.255810
0.310058
0.325421
0.203807
0.270566
0.309952
0.291488
0.127887
0.101939
0.132556
0.192722
0.266895
0.360386
0.402944
0.236491
0.160108
0.189763
0.148453
0.117729
0.120545
0.114770
0.124145
0.150734
0.159253
0.207442
0.292879
0.331979
0.414136
0.333119
0.369654
0.388437
0.358818
0.385408
0.179997
0.327630
0.299758
0.227616
0.400093
0.330090
0.241125
0.178251
0.118121
0.120545
0.115590
0.099444
0.154013
0.104648
0.108426
0.125143
0.160750
0.153657
0.326383
0.137297
0.108533
0.136085
0.229291
0.261513
0.245081
0.266360
0.335009
0.298724
0.174366
0.230076
0.268820
0.135443
0.107713
0.135729
0.087931
0.088038
0.135586
0.115430
0.123013
0.137439
0.309096
0.172049
0.192330
0.221450
0.336577
0.353293
0.218884
0.335721
0.267572
0.175257
0.294197
0.390433
0.359959
0.240733
0.312518
0.209723
0.155011
0.139792
0.123824
0.132770
0.135657
0.145388
0.191153
0.165740
0.175364
0.164279
0.252139
0.281758
0.311306
0.158825
0.178999
0.404940
0.213751
0.139507
0.330945
0.167700
0.254170
0.304177
0.287639
0.151732
0.139008
0.165384
0.139328
0.124358
0.137689
0.132449
0.185165
0.215961
0.354755
0.202773
0.267643
0.241232
0.297583
0.241374
0.272134
0.148916
0.151269
0.197640
0.251568
0.326846
0.313623
0.309524
0.292700
0.177324
0.204626
0.125285
0.109780
0.108961
0.117052
0.124251
0.122220
0.169696
0.257485
0.175328
0.165027
0.184417
0.145138
0.200421
0.246115
0.230610
0.209367
0.202595
0.241089
0.324993
0.328201
0.314229
0.342422
0.229327
0.220416
0.230967
0.130917
0.130133
0.146528
0.182029
0.139400
0.156544
0.294304
0.230717
0.305461
0.311912
0.183668
0.325848
0.346379
0.206694
0.150984
0.200670
0.231608
0.255560
0.347270
0.364628
0.318007
0.216567
0.194967
0.135051
0.123931
0.110885
0.094026
0.133982
0.104042
0.110137
0.178215
0.309845
0.348838
0.481466
0.475299
0.388936
0.460044
0.376925
0.256024
0.226618
0.192900
0.252994
0.275128
0.248966
0.265825
0.353365
0.313231
0.142394
0.125285
0.134837
0.118014
0.182492
0.135622
0.170302
0.365519
0.288673
0.394639
0.424936
0.263794
0.201133
0.276732
0.132307
0.146029
0.204092
0.205660
0.222983
0.203735
0.316938
0.156865
0.139043
0.150877
0.108283
0.108034
0.117764
0.147669
0.109281
0.104933
0.111064
0.254420
0.222020
0.154227
0.368905
0.330731
0.396778
0.383127
0.205125
0.274059
0.177003
0.290811
0.192223
0.203023
0.226262
0.192472
0.180781
0.148061
0.130667
0.116517
0.100585
0.119475
0.111527
0.131024
0.138045
0.275948
0.172441
0.219882
0.167736
0.188694
0.281152
0.175114
0.171407
0.196928
0.195003
0.190120
0.238095
0.307100
0.276269
0.171372
0.304427
0.149879
0.103115
0.111028
0.109175
0.129384
0.137511
0.191118
0.196179
0.234674
0.245295
0.255240
0.238630
0.239022
0.277516
0.208048
0.193862
0.324316
0.261727
0.284360
0.357143
0.388152
0.334260
0.194789
0.196607
0.173760
0.115056
0.130453
0.115483
0.125250
0.110315
0.160073
0.152552
0.234923
0.235529
0.143677
0.316581
0.344525
0.189193
0.145245
0.139792
0.145388
0.187553
0.175114
0.278479
0.206337
0.380311
0.184559
0.163744
0.212397
0.153407
0.131701
0.127958
0.139043
0.129705
0.176183
0.201704
0.157364
0.198496
0.154085
0.223303
0.161962
0.142715
0.117658
0.129099
0.169126
0.156544
0.189621
0.237382
0.242800
0.214464
0.200064
0.160679
0.149095
0.130667
0.108925
0.112703
0.109317
0.131131
0.128778
0.205197
0.189264
0.382057
0.237026
0.177003
0.289279
0.244974
0.175114
0.115198
0.245295
0.164457
0.345238
0.343884
0.286855
0.402231
0.256950
0.250107
0.145530
0.159467
0.133946
0.122291
0.117087
0.119083
0.141324
0.168378
0.244404
0.373646
0.389257
0.334723
0.420659
0.334331
0.414243
0.343884
0.388045
0.208904
0.165384
0.344240
0.371293
0.368513
0.308989
0.192793
0.151091
0.131523
0.160821
0.116089
0.177039
0.121935
0.152623
0.146172
0.278015
0.195431
0.151946
0.233818
0.131273
0.165597
0.318684
0.152231
0.140433
0.242693
0.347769
0.288102
0.366196
0.352723
0.317686
0.221842
0.172655
0.169055
0.133733
0.139008
0.122434
0.151839
0.274665
0.199244
0.140469
0.263936
0.194361
0.258127
0.230361
0.227010
0.222662
0.316510
0.289314
0.419482
0.217244
0.228436
0.323211
0.347697
0.261727
0.196001
0.205090
0.143534
0.129919
0.167700
0.143748
0.134410
0.162924
0.186734
0.310486
0.174544
0.193684
0.174971
0.220416
0.240448
0.224230
0.217672
0.274130
0.197569
0.417950
0.352866
0.328129
0.318541
0.232963
0.210115
0.186449
0.167023
0.138152
0.138224
0.130774
0.171835
0.173225
0.200314
0.272598
0.184096
0.181066
0.268998
0.226226
0.258234
0.315690
0.236883
0.190262
0.198425
0.231002
0.355254
0.278372
0.213109
0.319076
0.269924
0.190262
0.150378
0.120687
0.130560
0.128457
0.207692
0.157043
0.193791
0.279833
0.176255
0.220915
0.351547
0.234139
0.295979
0.266895
0.309773
0.197926
0.208832
0.311805
0.260194
0.263295
0.245117
0.227367
0.331159
0.389364
0.166310
0.128992
0.118406
0.138259
0.163851
0.153586
0.169411
0.201989
0.214286
0.237489
0.546906
0.246151
0.216175
0.169126
0.183276
0.299615
0.210115
0.213359
0.283718
0.228400
0.329805
0.259552
0.184916
0.160215
0.187054
0.169233
0.132592
0.118335
0.154940
0.155902
0.157257
0.245153
0.219204
0.314728
0.381487
0.622113
0.597305
0.572498
0.476404
0.444290
0.366018
0.314977
0.350442
0.279334
0.278479
0.247184
0.240341
0.179463
0.155617
0.152196
0.149665
0.134018
0.151305
0.175791
0.212254
0.314799
0.283077
0.414885
0.415597
0.321322
0.239592
0.233177
0.232000
0.251105
0.218563
0.288209
0.292772
0.329733
0.407542
0.300720
0.207620
0.187946
0.149202
0.128101
0.124715
0.146992
0.187268
0.162354
0.191189
0.304106
0.183526
0.170730
0.231394
0.203094
0.158932
0.153693
0.214001
0.161071
0.250499
0.319646
0.246044
0.238024
0.254527
0.382271
0.194147
0.139435
0.128707
0.113879
0.124251
0.165669
0.126889
0.141681
0.166025
0.265469
0.172120
0.147883
0.163780
0.331836
0.198175
0.281972
0.186591
0.131416
0.161035
0.238594
0.349943
0.371222
0.340355
0.256950
0.191225
0.230432
0.159930
0.131737
0.153871
0.145851
0.130917
0.176504
0.204520
0.164635
0.254919
0.254384
0.162853
0.463252
0.434666
0.283683
0.225620
0.194932
0.174009
0.174793
0.335115
0.367337
0.356751
0.343028
0.176611
0.136655
0.133020
0.139863
0.136762
0.134909
0.139471
0.140398
0.159146
0.304213
0.214607
0.271065
0.176718
0.295195
0.263509
0.178108
0.110279
0.151839
0.190547
0.167094
0.294554
0.216139
0.394105
0.306851
0.204947
0.183526
0.168627
0.117408
0.135729
0.123574
0.143926
0.123539
0.174223
0.185308
0.213216
0.285144
0.386441
0.236099
0.345987
0.346771
0.163352
0.179569
0.264186
0.441403
0.403087
0.264150
0.352794
0.301825
0.177894
0.162176
0.138366
0.176718
0.129527
0.119547
0.132449
0.127887
0.168912
0.178857
0.150128
0.247149
0.350157
0.222377
0.201098
0.155689
0.341852
0.312660
0.275877
0.304997
0.177930
0.175684
0.188017
0.320930
0.282613
0.195573
0.187946
0.214535
0.135693
0.150592
0.158469
0.138010
0.162532
0.271778
0.185094
0.329983
0.304035
0.248432
0.289029
0.271635
0.173867
0.243406
0.165954
0.230182
0.256380
0.302360
0.422084
0.371935
0.199530
0.162283
0.179748
0.162924
0.173973
0.137582
0.120331
0.168556
0.141111
0.252352
0.151233
0.151091
0.218848
0.172334
0.209367
0.171977
0.138687
0.138901
0.174223
0.204662
0.199351
0.481323
0.433740
0.283504
0.186484
0.168021
0.128529
0.119119
0.115412
0.132378
0.112596
0.205874
0.153479
0.224123
0.171372
0.141895
0.213715
0.285287
0.184239
0.173938
0.243121
0.151198
0.149522
0.255204
0.509232
0.337005
0.400128
0.342173
0.254135
0.170124
0.189193
0.165277
0.126248
0.135301
0.128707
0.151126
0.199601
0.310807
0.226725
0.287782
0.355610
0.293770
0.241267
0.187482
0.165241
0.226048
0.141823
0.189050
0.347127
0.356466
0.415241
0.322569
0.253707
0.175934
0.174936
0.172191
0.120794
0.106965
0.147918
0.138509
0.219703
0.307849
0.347020
0.179142
0.256594
0.195502
0.150485
0.156116
0.154548
0.163423
0.139507
0.238167
0.234674
0.368941
0.404512
0.315155
0.245295
0.283790
0.182385
0.159966
0.137974
0.151875
0.169055
0.147669
0.157613
0.229184
0.310736
0.281972
0.150520
0.238737
0.199316
0.239485
0.222804
0.176647
0.156865
0.162675
0.275841
0.318007
0.356287
0.322141
0.192650
0.225157
0.179498
0.161392
0.156687
0.132663
0.123539
0.130204
0.148382
0.158754
0.228721
0.306387
0.162140
0.272669
0.171015
0.208939
0.176861
0.159467
0.268285
0.234567
0.327025
0.205945
0.364414
0.397598
0.203058
0.185914
0.215997
0.140113
0.131451
0.151625
0.128208
0.159324
0.197890
0.211220
0.217422
0.276411
0.257592
0.200456
0.183276
0.204056
0.247434
0.268499
0.313872
0.323852
0.340248
0.397776
0.598018
0.399237
0.248610
0.215212
0.132948
0.163209
0.145994
0.156758
0.143713
0.205624
0.220773
0.301005
0.219810
0.309631
0.288566
0.312304
0.234246
0.353685
0.272455
0.345238
0.291952
0.416738
0.323674
0.367978
0.391538
0.342957
0.233818
0.204769
0.233319
0.124002
0.160857
0.161677
0.139542
0.163708
0.159003
0.359638
0.271208
0.226992
0.204885
0.182777
0.170374
0.176718
0.161962
0.178072
0.377638
0.430318
0.515362
0.574815
0.336220
0.415811
0.269461
0.164671
0.181744
0.132307
0.138723
0.143249
0.120901
0.163138
0.150627
0.314157
0.335009
0.397277
0.353828
0.329127
0.269319
0.309132
0.164991
0.138402
0.172334
0.179391
0.237311
0.232321
0.261263
0.242764
0.202559
0.165847
0.122897
0.113701
0.102082
0.121756
0.131131
0.136548
0.148881
0.276091
0.341032
0.230396
0.313338
0.345630
0.411534
0.354078
0.209937
0.259160
0.290562
0.251640
0.280083
0.379990
0.252566
0.228258
0.192757
0.185237
0.150984
0.134909
0.115626
0.123467
0.107428
0.138117
0.180639
0.154085
0.263366
0.214357
0.276768
0.339143
0.266503
0.217208
0.227687
0.173261
0.235636
0.228721
0.203593
0.222056
0.205161
0.205731
0.211220
0.173867
0.176468
0.141146
0.141610
0.130917
0.138330
0.172726
0.143855
0.212646
0.348660
0.402303
0.270103
0.440476
0.269069
0.187340
0.284395
0.201133
0.220309
0.363808
0.441510
0.357000
0.325207
0.334403
0.242622
0.177573
0.229149
0.147918
0.139578
0.138687
0.174722
0.189514
0.199458
0.354256
0.293128
0.270317
0.333013
0.319825
0.324458
0.309346
0.200456
0.195716
0.216068
0.259160
0.570965
0.265790
0.358319
0.220416
0.209902
0.182563
0.145780
0.154085
0.126212
0.149986
0.144711
0.175328
0.200029
0.279085
0.236099
0.190013
0.295302
0.185451
0.179035
0.218064
0.143606
0.232072
0.297298
0.361456
0.405368
0.440262
0.316367
0.284538
0.256701
0.215533
0.178393
0.151875
0.147954
0.235992
0.160928
0.170694
0.229398
0.336541
0.266681
0.333690
0.400307
0.252281
0.232820
0.282221
0.219561
0.144818
0.175791
0.236812
0.380489
0.299544
0.256986
0.312981
0.227224
0.156223
0.131309
0.126996
0.136727
0.108497
0.115590
0.168271
0.192258
0.388687
0.193292
0.206516
0.287033
0.299865
0.159253
0.226654
0.228543
0.214571
0.158504
0.173403
0.299259
0.253600
0.221236
0.233729
0.206729
0.141004
0.141146
0.124501
0.105147
0.122327
0.106002
0.121650
0.166667
0.269657
0.276278
0.182421
0.156972
0.168663
0.215070
0.186270
0.185700
0.329555
0.248147
0.330945
0.278906
0.316296
0.341282
0.305710
0.198710
0.187767
0.144889
0.106216
0.100905
0.141004
0.115269
0.119083
0.135301
0.148453
0.324316
0.283255
0.391930
0.522027
0.438159
0.260622
0.244547
0.200670
0.174437
0.232784
0.392679
0.392037
0.280582
0.260550
0.228757
0.219953
0.142821
0.134267
0.146065
0.150984
0.172655
0.191831
0.301967
0.198959
0.350086
0.301967
0.398774
0.374430
0.274095
0.330803
0.421871
0.240483
0.327167
0.198603
0.205482
0.188623
0.205553
0.269247
0.227973
0.152231
0.154584
0.155403
0.144140
0.121293
0.139685
0.126283
0.135301
0.347804
0.437625
0.315227
0.407293
0.327630
0.262047
0.213822
0.285607
0.367551
0.292665
0.264578
0.225192
0.249929
0.271849
0.213395
0.188231
0.210686
0.197747
0.164279
0.143748
0.179142
0.153229
0.167629
0.210614
0.311734
0.297476
0.292201
0.352260
0.236527
0.218492
0.199173
0.266681
0.292415
0.267964
0.249608
0.253671
0.345880
0.194967
0.254277
0.203771
0.172334
0.146671
0.134445
0.151198
0.156295
0.156722
0.156900
0.178750
0.302573
0.168057
0.194896
0.172619
0.186662
0.184167
0.330090
0.191332
0.268463
0.154192
0.308811
0.250036
0.207763
0.276910
0.321607
0.190940
0.206801
0.128101
0.117515
0.128849
0.129277
0.117230
0.126996
0.180068
0.338359
0.250107
0.233105
0.212931
0.252174
0.168877
0.185379
0.169625
0.157827
0.202951
0.176932
0.336826
0.486349
0.365341
0.337147
0.261905
0.205767
0.182813
0.129170
0.133483
0.186698
0.134481
0.140540
0.160144
0.325848
0.178358
0.193506
0.177502
0.176967
0.191367
0.335401
0.221236
0.234068
0.339393
0.384552
0.472020
0.491909
0.417130
0.413922
0.304070
0.262653
0.220488
0.223268
0.261655
0.192151
0.189122
0.218741
0.217280
0.263081
0.274950
0.392358
0.420944
0.462539
0.773667
0.787140
0.811128
0.668841
0.610600
0.604826
0.529370
0.457834
0.560344
0.324636
0.510550
0.274701
0.263010
0.247541
0.206551
0.175827
0.200171
0.177003
0.201775
0.192472
0.326739
0.353400
0.346806
0.376176
0.435522
0.316902
0.401946
0.324957
0.376675
0.522241
0.398774
0.522669
0.447498
0.380703
0.471735
0.236242
0.256487
0.149950
0.136334
0.152196
0.126426
0.154085
0.189015
0.283647
0.211363
0.180461
0.189585
0.179819
0.279227
0.307278
0.258376
0.320466
0.370723
0.360030
0.527695
0.455268
0.455090
0.407578
0.358569
0.287853
0.182029
0.176326
0.178072
0.151875
0.176896
0.184167
0.177538
0.310058
0.182278
0.240982
0.287817
0.189371
0.305211
0.376212
0.418770
0.395958
0.487026
0.494226
0.499679
0.508519
0.637297
0.364735
0.252067
0.229862
0.204733
0.183740
0.158219
0.222804
0.159823
0.200029
0.178750
0.270388
0.186342
0.164421
0.200991
0.267501
0.312268
0.225727
0.239877
0.327916
0.371792
0.636727
0.506238
0.492265
0.428072
0.444468
0.292593
0.280403
0.173973
0.160857
0.186876
0.154726
0.164350
0.164279
0.200670
0.195751
0.307670
0.527588
0.258911
0.318506
0.365662
0.367622
0.387796
0.452238
0.383020
0.395673
0.458405
0.369190
0.444611
0.287853
0.223731
0.209902
0.211826
0.150770
0.167237
0.158861
0.175292
0.162603
0.159146
0.219525
0.263616
0.332727
0.234745
0.279013
0.273061
0.314906
0.421265
0.356038
0.425577
0.473874
0.469098
0.476012
0.524986
0.384053
0.409467
0.264721
0.284966
0.203415
0.207407
0.190940
0.167558
0.167772
0.172726
0.334616
0.299865
0.438730
0.451918
0.529227
0.478971
0.570110
0.566225
0.664207
0.691403
0.658077
0.598482
0.577381
0.464143
0.475513
0.458084
0.369261
0.368477
0.353151
0.307314
0.303429
0.213858
0.187447
0.215426
0.239949
0.375749
0.391610
0.385443
0.454377
0.444290
0.507877
0.503226
0.419162
0.618050
0.675613
0.612347
0.538423
0.604683
0.549793
0.477581
0.357678
0.357749
0.218171
0.283291
0.233569
0.261727
0.186306
0.241945
0.362739
0.359567
0.333191
0.450777
0.461506
0.383590
0.412924
0.270352
0.262439
0.244547
0.285607
0.360992
0.361955
0.392893
0.412496
0.337753
0.226689
0.135693
0.124430
0.152588
0.158504
0.143641
0.152588
0.198781
0.316439
0.208048
0.265398
0.294946
0.409645
0.437304
0.592137
0.635051
0.653301
0.793663
0.690530
0.659182
0.601618
0.561199
0.566938
0.426041
0.412211
0.299936
0.246044
0.206230
0.243406
0.180389
0.195537
0.337967
0.445965
0.258234
0.181601
0.170623
0.179284
0.200634
0.240804
0.342957
0.231965
0.403229
0.550684
0.475620
0.542166
0.474444
0.557350
0.308526
0.230361
0.253172
0.188088
0.205910
0.165740
0.171728
0.170088
0.295053
0.443328
0.254348
0.318755
0.419803
0.619012
0.436912
0.443898
0.488559
0.582015
0.420124
0.477367
0.714535
0.622683
0.597983
0.476369
0.347626
0.237881
0.267180
0.225264
0.180924
0.170409
0.182563
0.180674
0.208369
0.278372
0.226297
0.337575
0.329306
0.288958
0.413494
0.545480
0.568862
0.369903
0.389578
0.557207
0.548724
0.414136
0.351012
0.367337
0.368762
0.248325
0.204912
0.182635
0.179463
0.187732
0.182314
0.157578
0.248788
0.353579
0.353757
0.491018
0.376176
0.439478
0.435807
0.432635
0.491267
0.392287
0.327951
0.357891
0.383733
0.278978
0.344240
0.302752
0.240341
0.179213
0.217707
0.237240
0.177573
0.172726
0.160607
0.160108
0.171514
0.209260
0.243121
0.212040
0.246756
0.286142
0.233034
0.267465
0.291417
0.181459
0.186555
0.193007
0.230325
0.203094
0.373182
0.327167
0.180746
0.193720
0.135800
0.145210
0.143855
0.169376
0.158041
0.129206
0.260443
0.174009
0.190227
0.170944
0.230788
0.199636
0.201668
0.192151
0.250285
0.237204
0.212218
0.189799
0.233854
0.263509
0.267358
0.244297
0.188801
0.178322
0.208013
0.173439
0.145352
0.155974
0.149736
0.153906
0.255703
0.330981
0.386620
0.422619
0.290918
0.213965
0.223018
0.217030
0.184239
0.267750
0.256166
0.355432
0.299865
0.256843
0.238594
0.230022
0.232811
0.240127
0.239628
0.190387
0.195956
0.195569
0.194555
0.193318
0.184194
0.340012
0.337005
0.316332
0.287568
0.263509
0.216959
0.237561
0.195894
0.219383
0.267928
0.283504
0.362703
0.550292
0.615626
0.472911
0.401732
0.368798
0.254691
0.193770
0.180865
0.156201
0.212646
0.198196
0.186060
0.306487
0.249711
0.274977
0.333856
0.381522
0.349832
0.591348
0.287009
0.312136
0.341745
0.391496
0.570709
0.488416
0.499130
0.335133
0.339047
0.197836
0.187197
0.233105
0.175185
0.174366
0.174793
0.179498
0.175292
0.309239
0.169090
0.224693
0.263259
0.227438
0.244814
0.276902
0.227046
0.219454
0.205268
0.296728
0.253172
0.217119
0.212005
0.229719
0.247255
0.169625
0.185073
0.178005
0.155917
0.150987
0.208811
0.168395
0.167604
0.257934
0.265929
0.273838
0.259706
0.305503
0.318524
0.367597
0.252121
0.220983
0.190070
0.214391
0.262158
0.293798
0.272658
0.252525
0.200137
0.166507
0.191403
0.184296
0.161491
0.159545
0.162019
0.165768
0.178233
0.206034
0.273767
0.342233
0.378368
0.371803
0.327627
0.321193
0.333520
0.280792
0.329078
0.327520
0.333235
0.316403
0.324793
0.305553
0.247263
0.206655
0.224907
0.209474
0.161926
0.187482
0.197355
0.175720
0.210900
0.294447
0.241945
0.287496
0.207834
0.229149
0.250927
0.151982
0.159431
0.151910
0.275128
0.328557
0.274772
0.350798
0.335561
0.315378
0.177257
0.181265
0.183696
0.152017
0.179177
0.170409
0.188765
0.179605
0.233177
0.278942
0.207692
0.298296
0.207460
0.168734
0.228222
0.190690
0.164885
0.193256
0.282221
0.279263
0.211078
0.313765
0.276447
0.287140
0.209973
0.182100
0.212717
0.174971
0.160750
0.183668
0.161392
0.200741
0.196999
0.219240
0.226761
0.396956
0.381451
0.457228
0.349337
0.246578
0.225798
0.366232
0.350977
0.437161
0.648560
0.550435
0.373111
0.392358
0.293841
0.187553
0.204805
0.198175
0.155332
0.177360
0.171443
0.167807
0.196001
0.321678
0.210151
0.277837
0.294162
0.265184
0.310272
0.206088
0.208708
0.291586
0.253671
0.234388
0.546193
0.548617
0.436520
0.434096
0.274278
0.211015
0.172808
0.165861
0.191927
0.172213
0.170359
0.186506
0.228290
0.324048
0.239514
0.198963
0.192879
0.254487
0.430689
0.407253
0.443274
0.236730
0.246375
0.359980
0.413551
0.342387
0.346076
0.338106
0.257841
0.173047
0.174790
0.160903
0.168060
0.153386
0.182695
0.153988
0.184103
0.219030
0.322740
0.415622
0.389475
0.280111
0.456334
0.467258
0.417034
0.315116
0.376212
0.284217
0.578076
0.447186
0.432675
0.437110
0.283586
0.226962
0.212551
0.233676
0.119903
0.112347
0.144140
0.112169
0.144675
0.170017
0.201775
0.213003
0.464963
0.516966
0.434132
0.575670
0.368834
0.361420
0.384748
0.404379
0.380493
0.399614
0.473420
0.340498
0.385123
0.302146
0.208369
0.186876
0.159574
0.146885
0.169090
0.153835
0.188801
0.254990
0.249644
0.178607
0.357357
0.285429
0.314229
0.309773
0.382449
0.388794
0.412318
0.549045
0.496400
0.433918
0.470880
0.472591
0.443755
0.393534
0.235600
0.234388
0.174009
0.184595
0.187054
0.183205
0.199280
0.278372
0.364450
0.282649
0.401768
0.279334
0.430247
0.398400
0.367150
0.411672
0.441205
0.539874
0.474587
0.549223
0.434346
0.504990
0.414136
0.342066
0.291239
0.217565
0.178393
0.190833
0.163138
0.161819
0.211612
0.283861
0.182635
0.271564
0.275307
0.327025
0.440084
0.406045
0.422583
0.468634
0.441225
0.562553
0.491464
0.498423
0.700563
0.414706
0.386370
0.270495
0.267786
0.233533
0.213003
0.237240
0.183098
0.185486
0.252745
0.323781
0.248824
0.319967
0.249216
0.365369
0.578358
0.670709
0.509880
0.544336
0.500075
0.584588
0.658073
0.609317
0.674793
0.449173
0.421871
0.352973
0.291934
0.234353
0.200296
0.226092
0.186899
0.189525
0.207086
0.259410
0.191688
0.248289
0.248467
0.217957
0.343634
0.311342
0.345915
0.466638
0.427573
0.515505
0.488666
0.587967
0.460828
0.361420
0.307813
0.386406
0.225371
0.194967
0.188837
0.191046
0.177253
0.211007
0.211969
0.207157
0.380240
0.425756
0.622113
0.508661
0.590925
0.394568
0.595452
0.696179
0.456943
0.677805
0.637119
0.430175
0.511976
0.468385
0.474515
0.359424
0.259837
0.212005
0.170374
0.211042
0.192936
0.151554
0.158896
0.218064
0.327559
0.384873
0.442757
0.451454
0.446429
0.485101
0.542201
0.654904
0.616980
0.666524
0.577951
0.782186
0.562660
0.538138
0.462254
0.356929
0.351369
0.306138
0.270281
0.234103
0.247434
0.248610
0.242586
0.360493
0.271243
0.308633
0.253636
0.420837
0.331195
0.439229
0.347163
0.339179
0.359602
0.347092
0.479398
0.562375
0.512190
0.515683
0.339143
0.225014
0.193149
0.159538
0.125071
0.129384
0.145851
0.169019
0.188694
0.332193
0.194718
0.298653
0.340498
0.394319
0.225870
0.335935
0.309417
0.316581
0.444183
0.463145
0.624216
0.607000
0.533861
0.510871
0.478543
0.376283
0.345024
0.306066
0.280154
0.236883
0.228222
0.204234
0.212147
0.226796
0.235743
0.314336
0.424971
0.417772
0.429498
0.503921
0.531972
0.485885
0.507236
0.596379
0.570644
0.566973
0.505168
0.610814
0.433561
0.307492
0.247077
0.190904
0.153301
0.177466
0.149023
0.148524
0.168770
0.286605
0.276839
0.446536
0.293841
0.363202
0.264970
0.351226
0.261869
0.286035
0.438801
0.466104
0.500107
0.518178
0.446963
0.383946
0.332977
0.261513
0.231858
0.169875
0.152659
0.135942
0.175364
0.168164
0.163601
0.230182
0.195716
0.164671
0.160821
0.157685
0.198745
0.293734
0.194539
0.246079
0.287354
0.389079
0.496685
0.258661
0.253885
0.218705
0.188623
0.243976
0.159003
0.157542
0.199209
0.135230
0.142465
0.154477
0.168057
0.256451
0.243477
0.358070
0.563231
0.515647
0.452809
0.630667
0.497594
0.657114
0.639222
0.769532
0.780760
0.641895
0.554035
0.522206
0.518891
0.437019
0.344133
0.290490
0.218848
0.242836
0.171015
0.215640
0.202381
0.251853
0.422548
0.421300
0.341210
0.446500
0.590961
0.821607
0.837967
0.826775
0.603186
0.552502
0.554641
0.625535
0.631273
0.559524
0.446500
0.259160
0.280154
0.219846
0.213466
0.183847
0.219810
0.198175
0.235208
0.269960
0.278301
0.304106
0.426647
0.400663
0.608961
0.596450
0.603864
0.687447
0.589107
1.000000
0.775342
0.712040
0.567543
0.494155
0.467636
0.428999
0.349658
0.277374
0.277623
0.239806
0.253600
0.211684
0.230931
0.355967
0.402374
0.313623
0.415490
0.375677
0.411249
0.451169
0.475442
0.474693
0.545801
0.695145
0.727901
0.658005
0.614378
0.640576
0.349836
0.396029
0.282471
0.244155
0.261905
0.291560
0.222305
0.215605
0.214785
0.325920
0.276768
0.182421
0.271421
0.392180
0.455125
0.614699
0.471557
0.608604
0.520067
0.639435
0.473945
0.484246
0.398988
0.489592
0.476511
0.254954
0.314050
0.335222
0.332478
0.285393
0.274736
0.238701
0.313088
0.315191
0.478614
0.535215
0.524130
0.343313
0.656152
0.523382
0.386441
0.655403
0.518214
0.612169
0.703129
0.643463
0.570431
0.573567
0.482749
0.328415
0.349052
0.302752
0.274665
0.255739
0.237275
0.223874
0.245259
0.289386
0.294411
0.221842
0.231109
0.238380
0.396029
0.227153
0.309559
0.243976
0.301504
0.445609
0.364200
0.394319
0.402908
0.397277
0.328914
0.377566
0.277445
0.236670
0.187518
0.200991
0.182278
0.172405
0.204912
0.265398
0.450278
0.485351
0.316046
0.417736
0.395245
0.450599
0.362774
0.449316
0.463038
0.463822
0.542807
0.486883
0.453165
0.448104
0.397134
0.276625
0.248111
0.196785
0.166881
0.203486
0.147562
0.144390
0.191118
0.238701
0.345951
0.360707
0.600192
0.705339
0.527196
0.534752
0.309559
0.486883
0.393214
0.522883
0.596200
0.459153
0.568149
0.597769
0.313480
0.236919
0.200385
0.194896
0.147776
0.185451
0.141039
0.161748
0.205589
0.283825
0.259410
0.407898
0.311520
0.370758
0.271386
0.469882
0.306280
0.345523
0.430603
0.535714
0.378707
0.586755
0.473446
0.537675
0.331444
0.256665
0.316082
0.176397
0.172904
0.179213
0.190868
0.170160
0.257485
0.293983
0.221486
0.233070
0.210187
0.285536
0.412354
0.443755
0.421764
0.603543
0.512047
0.803500
0.780938
0.562233
0.504705
0.607072
0.558383
0.367586
0.346699
0.322106
0.274629
0.336220
0.255525
0.223874
0.237988
0.326490
0.346414
0.393855
0.309738
0.325064
0.280261
0.311520
0.318648
0.306779
0.369511
0.666845
0.698104
0.460579
0.617479
0.438052
0.326918
0.245366
0.244440
0.179320
0.163887
0.146600
0.157649
0.165419
0.206159
0.232820
0.198638
0.277267
0.330731
0.428750
0.334652
0.463537
0.414528
0.434381
0.378992
0.529691
0.672869
0.729327
0.727010
0.613487
0.574530
0.308561
0.282827
0.209189
0.188551
0.182350
0.168591
0.178821
0.208155
0.303750
0.239058
0.170730
0.170231
0.313551
0.357036
0.508946
0.429284
0.417130
0.395744
0.426932
0.525021
0.303393
0.458191
0.333119
0.314514
0.261014
0.242479
0.218206
0.182777
0.188480
0.194825
0.206979
0.206979
0.164136
0.205624
0.258305
0.330803
0.319611
0.297690
0.281794
0.260443
0.352046
0.370295
0.486242
0.449636
0.414920
0.344204
0.357321
0.274879
0.215890
0.246721
0.172690
0.180888
0.175969
0.145530
0.139079
0.162104
0.194575
0.227973
0.243014
0.331444
0.409324
0.475192
0.480468
0.311449
0.490376
0.374893
0.488772
0.342814
0.414100
0.483747
0.503137
0.329805
0.204805
0.259873
0.242408
0.184952
0.183348
0.197035
0.197498
0.218705
0.335222
0.378065
0.383412
0.402231
0.447676
0.381594
0.386798
0.470595
0.433490
0.576490
0.606430
0.558455
0.540419
0.636334
0.457442
0.381416
0.314300
0.262368
0.264257
0.219098
0.191189
0.172655
0.198139
0.233177
0.292094
0.264614
0.361206
0.324957
0.352866
0.383483
0.637511
0.415134
0.486456
0.665312
0.570930
0.658861
0.604969
0.655083
0.512546
0.418378
0.235850
0.242586
0.206872
0.240804
0.174758
0.203628
0.218028
0.197783
0.346094
0.236527
0.206516
0.205411
0.332086
0.458832
0.505917
0.577131
0.488737
0.362917
0.477794
0.573959
0.746364
0.688373
0.521600
0.479220
0.318755
0.242301
0.224480
0.203771
0.184845
0.201419
0.215676
0.200492
0.275806
0.306565
0.426861
0.290740
0.251889
0.201098
0.195003
0.180924
0.267786
0.179142
0.228293
0.427253
0.282685
0.368263
0.226012
0.232963
0.180710
0.144568
0.160393
0.168734
0.151447
0.151875
0.175399
0.166239
0.229505
0.359317
0.283219
0.216888
0.272313
0.256772
0.367159
0.287960
0.292772
0.409752
0.312732
0.408540
0.271457
0.305068
0.282007
0.286035
0.221307
0.167451
0.175185
0.172227
0.174259
0.188587
0.207656
0.177466
0.210080
0.394675
0.509160
0.298154
0.244974
0.367764
0.289065
0.231145
0.269675
0.202060
0.345773
0.332692
0.361919
0.310985
0.253208
0.217458
0.185237
0.204912
0.214179
0.179534
0.191082
0.161641
0.150841
0.181851
0.214999
0.314264
0.359816
0.199209
0.297975
0.596307
0.536641
0.570324
0.517679
0.485279
0.486384
0.408112
0.422191
0.468135
0.309773
0.252709
0.200278
0.152017
0.159681
0.171692
0.163138
0.164885
0.172370
0.277267
0.278158
0.309346
0.386976
0.520352
0.329092
0.378315
0.286997
0.304142
0.351725
0.249073
0.242622
0.459510
0.344846
0.385693
0.351725
0.250036
0.210757
0.175435
0.184845
0.273881
0.211434
0.184631
0.174401
0.295374
0.478543
0.402196
0.264792
0.253172
0.306565
0.280190
0.226939
0.381309
0.273311
0.253743
0.334224
0.475870
0.348517
0.392251
0.436199
0.317151
0.185201
0.196429
0.189229
0.182991
0.180175
0.169269
0.203593
0.199993
0.308455
0.214179
0.308455
0.240127
0.213858
0.354470
0.269247
0.305674
0.235315
0.318078
0.338323
0.384980
0.520067
0.352010
0.333618
0.294126
0.203914
0.163316
0.183918
0.181066
0.174722
0.153407
0.185415
0.180603
0.260907
0.231145
0.210080
0.225014
0.269604
0.321250
0.360636
0.225691
0.270210
0.250428
0.332371
0.373147
0.357571
0.378315
0.336898
0.252103
0.236990
0.145281
0.158469
0.164136
0.167166
0.165883
0.180354
0.211113
0.263829
0.214571
0.259374
0.258412
0.203129
0.192044
0.163102
0.196607
0.155867
0.197284
0.428607
0.298510
0.393392
0.411035
0.323389
0.271528
0.183455
0.167380
0.138330
0.154370
0.141467
0.148311
0.173973
0.162924
0.167237
0.397918
0.533041
0.570787
0.383519
0.289956
0.219703
0.283540
0.260764
0.214143
0.183134
0.324886
0.352188
0.439443
0.317615
0.203094
0.165027
0.156437
0.171621
0.174722
0.153657
0.194646
0.161997
0.157578
0.338466
0.445288
0.436698
0.563730
0.468456
0.343456
0.277980
0.158291
0.177930
0.228115
0.279762
0.302787
0.252816
0.370010
0.312233
0.214179
0.147277
0.165455
0.221165
0.142857
0.143748
0.158825
0.130061
0.162710
0.283112
0.183775
0.246079
0.367265
0.291952
0.412425
0.366624
0.279940
0.229470
0.278301
0.419518
0.394497
0.476226
0.378065
0.288922
0.204377
0.173831
0.169162
0.165954
0.153122
0.198246
0.187553
0.164885
0.193363
0.253422
0.303750
0.316545
0.224373
0.209510
0.228579
0.222020
0.153657
0.175292
0.183098
0.367658
0.304855
0.319005
0.328522
0.234852
0.196536
0.159502
0.177716
0.177965
0.167558
0.157186
0.177930
0.182742
0.178393
0.290776
0.257129
0.249786
0.317864
0.364806
0.337432
0.265006
0.223161
0.354719
0.266360
0.420374
0.403015
0.416881
0.655368
0.382093
0.291346
0.247042
0.227759
0.242337
0.185486
0.187803
0.182920
0.169197
0.213858
0.247576
0.226012
0.238772
0.395566
0.264008
0.220381
0.234424
0.189835
0.348695
0.366161
0.274986
0.307457
0.413815
0.470488
0.342850
0.261477
0.232891
0.216282
0.154192
0.159467
0.181459
0.152303
0.213359
0.178714
0.243406
0.178108
0.154762
0.237382
0.281829
0.159253
0.230218
0.197783
0.186128
0.185272
0.232214
0.267750
0.254455
0.300756
0.284788
0.184060
0.194433
0.157257
0.145530
0.119048
0.158041
0.118584
0.153871
0.137368
0.172227
0.215711
0.270138
0.353008
0.395317
0.268748
0.273631
0.179997
0.280938
0.174971
0.297370
0.286178
0.255489
0.289492
0.265612
0.210009
0.206694
0.149986
0.136085
0.132948
0.112169
0.119654
0.126925
0.143071
0.219668
0.236456
0.321464
0.414492
0.392964
0.246614
0.355824
0.276697
0.401162
0.454377
0.681280
0.617444
0.553393
0.587147
0.455268
0.427360
0.379919
0.326347
0.231466
0.229470
0.191973
0.219668
0.190013
0.242479
0.313837
0.245438
0.337397
0.295766
0.369012
0.358711
0.278657
0.233747
0.249857
0.274665
0.254598
0.316189
0.318185
0.237275
0.331516
0.206123
0.196001
0.150449
0.148774
0.190476
0.161855
0.180496
0.196036
0.169981
0.300078
0.277873
0.239592
0.215070
0.206480
0.215355
0.246436
0.189478
0.180068
0.322248
0.343064
0.240376
0.188266
0.219133
0.277944
0.193292
0.148168
0.150912
0.138580
0.145388
0.136727
0.141182
0.138437
0.201704
0.253030
0.267144
0.204448
0.222911
0.251461
0.190512
0.382093
0.259873
0.298047
0.325278
0.372505
0.356644
0.481216
0.422370
0.373004
0.248432
0.179676
0.206516
0.187696
0.166061
0.154049
0.166702
0.156152
0.224373
0.271421
0.226012
0.259588
0.363380
0.326276
0.328165
0.265968
0.174936
0.185486
0.197712
0.289528
0.364699
0.317294
0.364664
0.218135
0.216175
0.157934
0.157756
0.170302
0.149879
0.161712
0.152445
0.257093
0.253315
0.233533
0.226939
0.276233
0.225121
0.191938
0.293912
0.230931
0.176861
0.222234
0.244368
0.191046
0.173831
0.255703
0.276447
0.379028
0.199708
0.202025
0.125962
0.129099
0.151982
0.141966
0.143427
0.144212
0.164136
0.193613
0.228579
0.434666
0.326205
0.423795
0.413601
0.394818
0.266039
0.388758
0.313266
0.353008
0.247113
0.251960
0.209581
0.173724
0.183633
0.183027
0.185914
0.178322
0.164350
0.145602
0.128921
0.133127
0.189656
0.173332
0.242016
0.221236
0.238167
0.265968
0.378315
0.407471
0.305888
0.188587
0.182991
0.224052
0.253172
0.291845
0.273845
0.264079
0.163209
0.207335
0.145245
0.142786
0.129954
0.155902
0.151376
0.147562
0.182350
0.321001
0.294411
0.201490
0.183882
0.168556
0.197783
0.209937
0.174544
0.181886
0.282970
0.366660
0.312946
0.302288
0.233996
0.301754
0.170873
0.146849
0.133554
0.134802
0.147954
0.142821
0.150770
0.149558
0.151055
0.320145
0.222484
0.221022
0.180140
0.180674
0.195537
0.188908
0.211862
0.218171
0.272705
0.309916
0.351939
0.353864
0.326133
0.310486
0.249002
0.188765
0.167130
0.168164
0.171621
0.188623
0.221486
0.189763
0.213644
0.303928
0.213822
0.215070
0.172405
0.191153
0.187268
0.340640
0.350620
0.267180
0.286106
0.312482
0.464785
0.289492
0.228329
0.213359
0.274736
0.249002
0.145495
0.168770
0.152089
0.166595
0.162960
0.168413
0.205838
0.292130
0.259873
0.268926
0.247576
0.239949
0.201882
0.148631
0.170053
0.161570
0.205553
0.305496
0.399451
0.254812
0.283647
0.363630
0.379455
0.195930
0.159431
0.156508
0.173688
0.183169
0.184595
0.198318
0.204306
0.291061
0.209474
0.146814
0.186484
0.143392
0.165918
0.241161
0.142144
0.175649
0.223945
0.195288
0.162176
0.163352
0.168627
0.192650
0.208013
0.214927
0.120224
0.130632
0.130204
0.151910
0.138616
0.140291
0.152516
0.212860
0.305746
0.304498
0.377459
0.386976
0.215034
0.385051
0.662390
0.321963
0.428001
0.278265
0.222020
0.440654
0.384267
0.316973
0.199886
0.211684
0.181637
0.140612
0.160465
0.146315
0.170552
0.172441
0.156366
0.264293
0.370295
0.408005
0.377281
0.291667
0.282328
0.357891
0.238951
0.286320
0.298368
0.308027
0.304819
0.495188
0.520495
0.364699
0.208440
0.214072
0.217030
0.155902
0.150485
0.176005
0.152944
0.152445
0.186021
0.298368
0.279548
0.452702
0.434203
0.373432
0.275520
0.375036
0.209189
0.220452
0.294019
0.375178
0.513117
0.362881
0.310165
0.240483
0.167415
0.167486
0.184559
0.137938
0.151590
0.126782
0.130774
0.149309
0.142251
0.272348
0.189371
0.214500
0.162283
0.190583
0.130632
0.171229
0.173225
0.247612
0.172512
0.231430
0.523168
0.352723
0.206052
0.253992
0.228685
0.188837
0.142821
0.134944
0.150841
0.145780
0.185664
0.172940
0.209189
0.329520
0.261121
0.235850
0.197676
0.173082
0.217707
0.225798
0.188338
0.287532
0.287354
0.320716
0.386263
0.407898
0.257984
0.290455
0.177466
0.166952
0.117622
0.130560
0.119618
0.130453
0.146493
0.139899
0.149522
0.320217
0.249323
0.234460
0.177039
0.199530
0.186484
0.180175
0.148311
0.284217
0.158754
0.199530
0.214143
0.257271
0.274237
0.238737
0.187161
0.148738
0.118798
0.118228
0.136976
0.136548
0.139685
0.147740
0.199993
0.246293
0.182029
0.181387
0.202025
0.268249
0.259196
0.180175
0.152409
0.173332
0.191795
0.214642
0.329448
0.348589
0.288388
0.316332
0.182278
0.165562
0.158647
0.130560
0.139863
0.120224
0.141574
0.153942
0.248717
0.225192
0.373824
0.225941
0.300684
0.267857
0.192258
0.266467
0.326276
0.275520
0.336399
0.502638
0.342458
0.196749
0.317829
0.291987
0.201561
0.198817
0.224480
0.195502
0.133590
0.139257
0.130346
0.134944
0.165811
0.237917
0.367693
0.414492
0.433169
0.388616
0.221236
0.199922
0.184916
0.186520
0.281259
0.227687
0.239378
0.331622
0.237596
0.269639
0.195716
0.131024
0.168948
0.166453
0.175863
0.151625
0.163174
0.144212
0.158077
0.270459
0.197213
0.165241
0.201312
0.179498
0.195502
0.195038
0.190761
0.195609
0.220274
0.293306
0.344597
0.303429
0.342315
0.392037
0.328735
0.185664
0.157435
0.161605
0.125285
0.125820
0.148845
0.133554
0.158397
0.157328
0.266004
0.224052
0.200064
0.218599
0.216282
0.159930
0.271493
0.286071
0.447890
0.562268
0.476868
0.229256
0.335864
0.371257
0.216709
0.227402
0.156473
0.123646
0.120794
0.141503
0.124608
0.148097
0.217850
0.244261
0.254562
0.278871
0.279762
0.264257
0.260230
0.329484
0.279798
0.320537
0.385408
0.497006
0.483854
0.525770
0.569468
0.332906
0.264222
0.240804
0.200670
0.191189
0.180710
0.143606
0.169447
0.170053
0.223660
0.360636
0.310308
0.535073
0.310058
0.502745
0.307171
0.456159
0.308062
0.464250
0.576811
0.528051
0.520780
0.432849
0.464250
0.356216
0.271849
0.220452
0.162532
0.191474
0.157970
0.164564
0.227046
0.158148
0.187910
0.315904
0.192829
0.169554
0.170017
0.220060
0.268748
0.224693
0.362988
0.386940
0.404762
0.533611
0.649950
0.559595
0.691510
0.509588
0.440940
0.311235
0.256024
0.190975
0.197819
0.193791
0.173902
0.191439
0.229113
0.248325
0.317009
0.405796
0.383839
0.412889
0.262297
0.201098
0.388509
0.282649
0.236705
0.339464
0.488915
0.340426
0.410001
0.292308
0.214713
0.175399
0.213894
0.167415
0.145673
0.123396
0.140077
0.140220
0.188516
0.331622
0.216567
0.279370
0.348268
0.324815
0.535857
0.204698
0.160251
0.123788
0.155190
0.225834
0.267037
0.215177
0.271528
0.244903
0.170944
0.177074
0.178964
0.144889
0.160358
0.171265
0.153764
0.172156
0.189015
0.270281
0.146992
0.141681
0.184631
0.306744
0.180104
0.206409
0.238559
0.227652
0.249644
0.264827
0.222876
0.297370
0.266075
0.236741
0.194932
0.185415
0.189763
0.149309
0.165134
0.212824
0.151269
0.166382
0.189799
0.283077
0.218385
0.169233
0.287853
0.228757
0.289920
0.248931
0.215426
0.362596
0.377139
0.370188
0.377816
0.366196
0.310736
0.339535
0.236491
0.212183
0.151518
0.179106
0.155617
0.163922
0.176183
0.164100
0.222911
0.254206
0.164849
0.292273
0.218670
0.238951
0.226226
0.321429
0.222270
0.236741
0.231002
0.469383
0.236420
0.306708
0.279227
0.270780
0.234424
0.224979
0.189443
0.152445
0.179855
0.173368
0.165205
0.243157
0.364984
0.357250
0.272027
0.190940
0.167843
0.229256
0.151055
0.165989
0.168164
0.243691
0.216068
0.470202
0.674865
0.556744
0.739913
0.524202
0.417023
0.293306
0.245295
0.240448
0.223517
0.206409
0.228080
0.190619
0.238238
0.352759
0.356715
0.360208
0.465498
0.531081
0.520281
0.475834
0.542308
0.575991
0.669661
0.453557
0.561912
0.665419
0.437161
0.358426
0.442864
0.278728
0.271528
0.213894
0.179356
0.167950
0.194504
0.187447
0.229577
0.236848
0.258519
0.305318
0.510800
0.480860
0.487347
0.441688
0.510265
0.568720
0.649451
0.578236
0.480717
0.525734
0.430354
0.445609
0.353258
0.212147
0.201775
0.241481
0.155297
0.165098
0.150627
0.132806
0.198888
0.214927
0.367586
0.522348
0.515255
0.445359
0.620402
0.453379
0.635693
0.472733
0.510871
0.360315
0.537069
0.577417
0.604042
0.570288
0.214678
0.217672
0.161784
0.194005
0.139756
0.141467
0.146279
0.160500
0.142358
0.285857
0.189300
0.143784
0.186056
0.149237
0.189656
0.142643
0.152659
0.170659
0.191759
0.297797
0.435771
0.428144
0.246293
0.291595
0.208298
0.163637
0.159894
0.151447
0.171407
0.149487
0.155867
0.147419
0.176647
0.232107
0.188052
0.221985
0.139934
0.146315
0.251604
0.207050
0.261940
0.258447
0.343171
0.298581
0.384410
0.252246
0.281544
0.188124
0.173510
0.173011
0.160643
0.170017
0.140469
0.134018
0.133483
0.157827
0.180746
0.232464
0.204805
0.224551
0.180853
0.181637
0.210187
0.171514
0.134018
0.192650
0.163673
0.259374
0.311555
0.317365
0.267180
0.227046
0.149166
0.142394
0.194183
0.125535
0.111491
0.142322
0.125036
0.130489
0.137796
0.215961
0.186841
0.238559
0.247398
0.215997
0.152124
0.176362
0.133697
0.151946
0.213109
0.192437
0.313516
0.311876
0.259481
0.250000
0.266111
0.181744
0.148453
0.144604
0.161392
0.156152
0.140362
0.134517
0.192116
0.251461
0.159431
0.232499
0.229256
0.194433
0.228080
0.185486
0.158647
0.132342
0.153122
0.149736
0.177288
0.222484
0.286392
0.392964
0.207121
0.148168
0.138936
0.125998
0.113915
0.175470
0.132806
0.108533
0.129705
0.173403
0.161641
0.181459
0.297619
0.426183
0.229149
0.173546
0.216032
0.159467
0.181209
0.241196
0.363559
0.285928
0.256986
0.266111
0.191688
0.164635
0.161356
0.177645
0.137404
0.143463
0.164207
0.159253
0.180960
0.205197
0.371721
0.391574
0.418698
0.385265
0.623646
0.535821
0.500749
0.302609
0.460757
0.374038
0.532863
0.448745
0.364806
0.264685
0.213145
0.207335
0.178999
0.137261
0.129063
0.137725
0.129741
0.120331
0.177609
0.248467
0.153871
0.141610
0.201918
0.185344
0.271992
0.240056
0.162639
0.277303
0.217351
0.234246
0.411106
0.301789
0.298902
0.351832
0.225478
0.187268
0.150307
0.160999
0.160393
0.135158
0.146707
0.141111
0.159395
0.283397
0.227937
0.252281
0.201846
0.202310
0.209153
0.193827
0.213573
0.216210
0.148881
0.218349
0.241196
0.212646
0.218492
0.190155
0.170552
0.177680
0.147669
0.149487
0.130133
0.160358
0.123253
0.128030
0.126711
0.244475
0.327167
0.294126
0.240305
0.169162
0.198460
0.292522
0.157293
0.169304
0.225941
0.263544
0.281295
0.215640
0.165526
0.182849
0.203557
0.153122
0.217601
0.122327
0.107107
0.121721
0.099800
0.122077
0.150912
0.302288
0.265647
0.236171
0.221521
0.212147
0.259695
0.215248
0.147562
0.179284
0.176255
0.250463
0.213288
0.191011
0.202559
0.181494
0.187340
0.142394
0.156401
0.131416
0.116481
0.108426
0.104291
0.118121
0.138259
0.226476
0.199102
0.213502
0.231822
0.237810
0.330339
0.417629
0.308775
0.208084
0.176504
0.208761
0.325777
0.275912
0.185629
0.237596
0.196928
0.130845
0.119654
0.125285
0.114022
0.121685
0.121186
0.144283
0.184631
0.258483
0.405617
0.492622
0.405867
0.248895
0.221414
0.232321
0.269176
0.319254
0.316902
0.426468
0.194682
0.251889
0.212076
0.171657
0.182920
0.176219
0.137154
0.117230
0.141396
0.158077
0.108141
0.113523
0.137511
0.164885
0.187268
0.251105
0.297191
0.279584
0.276946
0.228864
0.279227
0.376925
0.354577
0.429391
0.409253
0.340783
0.399202
0.287318
0.179783
0.144497
0.196001
0.169589
0.108426
0.128529
0.117194
0.129313
0.129527
0.242871
0.177395
0.176504
0.147740
0.187090
0.189050
0.176611
0.231180
0.226226
0.196678
0.286249
0.232250
0.438872
0.256772
0.205161
0.167736
0.170017
0.104291
0.107963
0.109709
0.092601
0.098695
0.154370
0.161249
0.240448
0.205767
0.183954
0.238452
0.187553
0.210508
0.208904
0.152374
0.168877
0.189906
0.280974
0.359068
0.303037
0.281580
0.205019
0.163530
0.150342
0.160393
0.122077
0.106216
0.131772
0.127923
0.138544
0.146564
0.240875
0.200349
0.225585
0.204448
0.269247
0.350121
0.267180
0.231573
0.287247
0.380097
0.290847
0.593420
0.457549
0.392821
0.289778
0.307350
0.155510
0.123147
0.119939
0.124786
0.158041
0.146421
0.121721
0.154869
0.290205
0.146564
0.160215
0.182528
0.235743
0.176575
0.280368
0.175043
0.214321
0.163245
0.284182
0.338109
0.553714
0.335579
0.221486
0.193042
0.156188
0.177716
0.126105
0.112774
0.126141
0.140433
0.140041
0.153586
0.284395
0.198033
0.176825
0.175292
0.227367
0.274237
0.236420
0.184559
0.161712
0.157970
0.171764
0.284075
0.196678
0.332015
0.202987
0.153229
0.125499
0.112240
0.113594
0.111456
0.128849
0.152730
0.140790
0.179748
0.127317
0.194254
0.196215
0.396101
0.240020
0.317116
0.232678
0.240875
0.170908
0.253350
0.264257
0.277053
0.351369
0.247541
0.246044
0.193862
0.217030
0.145816
0.142928
0.123717
0.124608
0.130632
0.180389
0.261085
0.263473
0.298653
0.396421
0.333333
0.311163
0.325100
0.377495
0.249679
0.210258
0.222448
0.270530
0.366980
0.470202
0.332834
0.209795
0.181173
0.167344
0.142715
0.141574
0.104113
0.113095
0.129847
0.131843
0.162354
0.382735
0.192900
0.164849
0.268107
0.258198
0.169589
0.224088
0.175150
0.258697
0.164885
0.356501
0.377994
0.316260
0.350264
0.190726
0.156651
0.191545
0.110565
0.108640
0.131808
0.108961
0.137831
0.142501
0.138224
0.265897
0.191510
0.200599
0.215426
0.234994
0.209224
0.201169
0.207870
0.196286
0.189763
0.265790
0.315797
0.450955
0.267109
0.301718
0.199423
0.158291
0.136014
0.157827
0.108996
0.131451
0.124287
0.179676
0.159467
0.264150
0.204769
0.143000
0.163530
0.236776
0.156936
0.239129
0.237953
0.279120
0.138045
0.237810
0.278657
0.253386
0.205767
0.169162
0.163423
0.137190
0.120259
0.115376
0.162995
0.123539
0.114521
0.121721
0.146315
0.212682
0.190583
0.153906
0.292593
0.283754
0.231287
0.286356
0.297619
0.202987
0.130061
0.155510
0.171550
0.194682
0.262831
0.219846
0.185237
0.128885
0.129990
0.111064
0.152516
0.100442
0.098232
0.097519
0.141431
0.295338
0.211434
0.140861
0.131131
0.132342
0.263687
0.225620
0.183419
0.125570
0.224266
0.191225
0.302039
0.329270
0.325634
0.331872
0.311841
0.130240
0.111384
0.144818
0.101583
0.099836
0.112204
0.118513
0.146457
0.144354
0.170623
0.262653
0.135265
0.126105
0.184666
0.196393
0.229790
0.203949
0.139507
0.121578
0.150342
0.127816
0.141467
0.154584
0.207121
0.132022
0.150520
0.112953
0.114628
0.110386
0.115840
0.107678
0.104826
0.137047
0.189193
0.127317
0.205054
0.409360
0.487953
0.360351
0.225050
0.177146
0.173581
0.171265
0.223695
0.239022
0.369511
0.234602
0.160572
0.137475
0.132236
0.134196
0.129063
0.134267
0.148845
0.147812
0.249073
0.236313
0.190797
0.219311
0.240804
0.202880
0.278835
0.203486
0.175756
0.194825
0.275413
0.286285
0.392358
0.346200
0.268641
0.259481
0.175185
0.158825
0.143392
0.113986
0.132236
0.137154
0.137190
0.203807
0.171193
0.260301
0.299936
0.166809
0.189193
0.246293
0.178322
0.186591
0.158433
0.187233
0.304846
0.248931
0.364592
0.258483
0.244333
0.270490
0.206943
0.171871
0.142429
0.145958
0.128279
0.135016
0.123147
0.235030
0.154655
0.270210
0.172548
0.165098
0.247861
0.206551
0.188017
0.180567
0.232179
0.168520
0.195181
0.354933
0.268855
0.311912
0.312019
0.239842
0.183276
0.199494
0.161534
0.132663
0.126604
0.148988
0.125855
0.158077
0.234816
0.312625
0.211363
0.188801
0.186662
0.340141
0.264364
0.267679
0.176005
0.251176
0.193934
0.355432
0.337218
0.669661
0.471236
0.381523
0.217743
0.187660
0.146457
0.157150
0.157079
0.160679
0.145637
0.206729
0.201704
0.322534
0.253992
0.189656
0.172904
0.250143
0.287140
0.336506
0.248681
0.171764
0.288851
0.243192
0.350513
0.373218
0.253279
0.212040
0.178429
0.202844
0.175328
0.172263
0.139150
0.138901
0.153158
0.176041
0.166096
0.297476
0.299722
0.304855
0.187411
0.301967
0.204520
0.186520
0.224373
0.231323
0.258234
0.265255
0.381131
0.270780
0.306779
0.267002
0.176362
0.187411
0.144604
0.138544
0.153372
0.139043
0.126069
0.147170
0.221379
0.199601
0.262689
0.346307
0.351262
0.407043
0.529762
0.604790
0.278122
0.346307
0.252816
0.286178
0.409609
0.354683
0.461648
0.271564
0.165348
0.151447
0.194932
0.113594
0.122933
0.116018
0.142964
0.136833
0.166488
0.274914
0.181352
0.201953
0.168627
0.172726
0.215961
0.220595
0.313765
0.171977
0.269140
0.323139
0.415847
0.342315
0.284609
0.243798
0.183775
0.139542
0.123040
0.140861
0.135729
0.140932
0.134873
0.162639
0.190476
0.254634
0.234210
0.199387
0.200599
0.161427
0.188480
0.256808
0.187589
0.163423
0.218955
0.406544
0.287746
0.291239
0.187304
0.282685
0.219240
0.188944
0.171443
0.131772
0.132485
0.131095
0.147633
0.168556
0.156081
0.316688
0.154619
0.190619
0.192829
0.201383
0.234602
0.359353
0.222412
0.239414
0.260657
0.269461
0.253956
0.326133
0.383554
0.254990
0.200920
0.168948
0.147027
0.126747
0.112204
0.115662
0.121828
0.204199
0.150342
0.195466
0.167023
0.237561
0.203914
0.211826
0.246650
0.353899
0.163459
0.190904
0.161035
0.265647
0.382129
0.410714
0.393178
0.356858
0.267786
0.163530
0.205375
0.104612
0.116660
0.120616
0.145495
0.178928
0.181173
0.261156
0.286142
0.214607
0.248752
0.174472
0.164243
0.189336
0.135800
0.145495
0.159182
0.221379
0.260479
0.288637
0.211541
0.175934
0.189692
0.135016
0.147313
0.124929
0.110422
0.123681
0.134374
0.227545
0.163138
0.257948
0.387546
0.508162
0.483319
0.296086
0.314799
0.352937
0.355325
0.183383
0.224194
0.332977
0.232072
0.251747
0.204947
0.248752
0.168449
0.180033
0.180033
0.167629
0.138794
0.131808
0.170160
0.141681
0.192223
0.200991
0.277374
0.273346
0.270602
0.363095
0.348802
0.185807
0.260622
0.239877
0.267928
0.337539
0.354291
0.329805
0.371828
0.299829
0.253921
0.189692
0.142465
0.146564
0.129135
0.119440
0.144924
0.138045
0.191082
0.165883
0.159324
0.260907
0.385194
0.343385
0.292094
0.272027
0.331373
0.213965
0.178001
0.230182
0.319290
0.217636
0.325242
0.273524
0.185379
0.148738
0.147776
0.152873
0.107713
0.131915
0.118905
0.155190
0.157649
0.178928
0.262511
0.174437
0.214321
0.184880
0.149665
0.190227
0.239877
0.145103
0.133447
0.166417
0.501034
0.390505
0.409966
0.387439
0.274166
0.190583
0.191902
0.134303
0.159538
0.170623
0.144105
0.141431
0.197498
0.243121
0.340212
0.196464
0.169625
0.158148
0.165384
0.146315
0.179962
0.185023
0.173332
0.385479
0.293021
0.318934
0.430639
0.333191
0.398988
0.203201
0.161819
0.142857
0.118370
0.122469
0.139293
0.132699
0.165027
0.222377
0.144675
0.138865
0.248289
0.234388
0.303643
0.162104
0.142002
0.148025
0.258911
0.269140
0.240662
0.305354
0.308526
0.304534
0.241695
0.184773
0.161285
0.154619
0.137867
0.152588
0.172619
0.180710
0.184952
0.183811
0.182421
0.172441
0.265326
0.220024
0.165883
0.338537
0.270245
0.237133
0.268641
0.344561
0.460044
0.472234
0.338359
0.241018
0.261798
0.206159
0.191724
0.256665
0.145352
0.136477
0.158005
0.157863
0.191688
0.272669
0.309203
0.388829
0.246614
0.261477
0.292486
0.279940
0.291702
0.234531
0.238951
0.178714
0.263330
0.279655
0.248895
0.220630
0.267572
0.183098
0.174793
0.164635
0.164991
0.127352
0.140362
0.135764
0.226440
0.214393
0.245473
0.417772
0.352937
0.279691
0.462646
0.381701
0.417593
0.507877
0.238238
0.300292
0.229078
0.340676
0.250927
0.316973
0.195965
0.200884
0.158219
0.208690
0.127566
0.113167
0.137903
0.141503
0.163067
0.220488
0.282328
0.262546
0.251533
0.295409
0.297191
0.268499
0.240590
0.171015
0.176183
0.266717
0.314015
0.297869
0.295088
0.275200
0.227759
0.185843
0.170979
0.165384
0.135515
0.120366
0.141610
0.170587
0.165419
0.189799
0.288102
0.258839
0.206337
0.220773
0.251960
0.241766
0.175399
0.189799
0.200599
0.197427
0.548474
0.412782
0.351761
0.391396
0.404584
0.229327
0.165597
0.165633
0.119547
0.117194
0.169518
0.170552
0.135622
0.235636
0.290027
0.187874
0.162782
0.214143
0.261228
0.242907
0.237774
0.195930
0.187161
0.195252
0.231573
0.361171
0.285643
0.512083
0.328201
0.207157
0.188944
0.237953
0.155653
0.120402
0.144818
0.146956
0.143998
0.202345
0.243228
0.197035
0.209189
0.320431
0.271742
0.295659
0.181708
0.189763
0.163031
0.204662
0.264328
0.332371
0.534823
0.334688
0.400948
0.268000
0.166702
0.181637
0.157328
0.142180
0.152017
0.145210
0.172583
0.271528
0.336256
0.205411
0.200563
0.212040
0.311662
0.261727
0.232464
0.182064
0.239485
0.268427
0.273596
0.212967
0.281508
0.283112
0.262582
0.208013
0.219597
0.147206
0.174758
0.140291
0.138259
0.139756
0.230396
0.218991
0.277267
0.508234
0.387618
0.504170
0.316046
0.192757
0.289920
0.258483
0.207228
0.215890
0.337789
0.231038
0.241410
0.294340
0.195609
0.201205
0.208654
0.141004
0.184987
0.132236
0.147598
0.155938
0.161463
0.313516
0.265968
0.327060
0.573710
0.407542
0.390719
0.377851
0.431530
0.261513
0.252246
0.446749
0.457620
0.348196
0.305211
0.272990
0.222876
0.210686
0.208797
0.146457
0.186912
0.119832
0.155154
0.127210
0.165277
0.197961
0.279156
0.170195
0.208797
0.248824
0.297227
0.175435
0.274059
0.176468
0.190120
0.320431
0.367622
0.451098
0.442044
0.545053
0.273596
0.198817
0.178001
0.180567
0.152231
0.132164
0.153871
0.133340
0.166096
0.199137
0.304962
0.221022
0.315690
0.238701
0.161106
0.195217
0.201846
0.159716
0.192472
0.249501
0.340997
0.369582
0.412496
0.387047
0.278978
0.210614
0.162283
0.161605
0.185344
0.152267
0.193292
0.146600
0.174936
0.191688
0.176611
0.216139
0.204377
0.337468
0.227117
0.385123
0.266360
0.199458
0.196963
0.278229
0.390754
0.271029
0.368263
0.282542
0.184488
0.182385
0.164492
0.145138
0.162496
0.135443
0.152837
0.168342
0.160429
0.267750
0.208690
0.316759
0.375321
0.401340
0.362632
0.254527
0.247149
0.256737
0.249786
0.232464
0.267144
0.201775
0.190120
0.289671
0.208654
0.192829
0.140113
0.114913
0.133519
0.109959
0.124002
0.182706
0.120224
0.152053
0.144675
0.164671
0.383447
0.153693
0.274914
0.271849
0.155546
0.220844
0.414065
0.318435
0.327951
0.258162
0.285322
0.506024
0.300506
0.195003
0.278514
0.112774
0.108034
0.190013
0.123218
0.130596
0.122541
0.172263
0.216531
0.319896
0.181708
0.322498
0.275806
0.263616
0.361491
0.252317
0.251533
0.250285
0.283683
0.260336
0.212076
0.193541
0.201062
0.187910
0.186876
0.194112
0.131594
0.120438
0.177538
0.139934
0.200029
0.164492
0.240376
0.278586
0.528835
0.283611
0.241125
0.403586
0.353757
0.321357
0.326240
0.264435
0.513580
0.270530
0.218705
0.233604
0.264970
0.169411
0.194147
0.143285
0.156615
0.100727
0.118798
0.162853
0.199137
0.184417
0.150877
0.178429
0.253529
0.236456
0.256808
0.300221
0.250820
0.173867
0.252745
0.192650
0.265505
0.339428
0.319326
0.255739
0.304249
0.166310
0.136049
0.117515
0.148810
0.109994
0.113167
0.115269
0.196357
0.224444
0.261940
0.238167
0.341104
0.382449
0.227794
0.142715
0.279299
0.172120
0.170338
0.198959
0.455624
0.399309
0.319290
0.271421
0.215391
0.197284
0.170053
0.172191
0.141681
0.129812
0.136228
0.170302
0.161498
0.320395
0.305710
0.221593
0.266075
0.218812
0.153443
0.174080
0.229149
0.190904
0.184274
0.235458
0.375285
0.273453
0.318078
0.220488
0.342957
0.352010
0.177003
0.149950
0.155902
0.136049
0.135515
0.135907
0.168520
0.228721
0.299187
0.138045
0.136121
0.140362
0.146778
0.183847
0.168627
0.165954
0.150841
0.193007
0.348410
0.438979
0.448745
0.435664
0.449494
0.327417
0.171265
0.158041
0.144425
0.148239
0.157399
0.151982
0.229933
0.251212
0.321999
0.206694
0.247648
0.143427
0.343812
0.378172
0.214785
0.247968
0.230147
0.269247
0.297049
0.426718
0.290348
0.340355
0.369654
0.189692
0.191439
0.133162
0.131772
0.155724
0.138402
0.123895
0.180817
0.207050
0.274166
0.614592
0.456872
0.441510
0.390825
0.416738
0.333155
0.277908
0.172940
0.293449
0.309310
0.290455
0.438409
0.309167
0.369547
0.255881
0.174259
0.169304
0.152160
0.144176
0.134552
0.140576
0.184738
0.210258
0.248253
0.272099
0.326704
0.310058
0.220666
0.370580
0.381273
0.221771
0.339001
0.293306
0.347234
0.387261
0.343064
0.356751
0.253422
0.193541
0.165847
0.139222
0.141503
0.119440
0.153407
0.122042
0.167344
0.159894
0.218492
0.208440
0.382164
0.369867
0.275271
0.383305
0.362454
0.245616
0.199102
0.253350
0.342779
0.327809
0.364735
0.253244
0.255525
0.200421
0.227117
0.144996
0.133554
0.147598
0.147776
0.160393
0.184666
0.204092
0.234068
0.299437
0.196821
0.224622
0.250998
0.215925
0.215284
0.286534
0.231751
0.433062
0.384980
0.454805
0.449173
0.554427
0.306958
0.203379
0.243762
0.168591
0.149879
0.146172
0.148168
0.141859
0.138402
0.193720
0.186270
0.226975
0.330838
0.284788
0.263330
0.296122
0.199743
0.237596
0.219703
0.298581
0.293164
0.407613
0.488701
0.377887
0.244582
0.202131
0.160572
0.146208
0.152695
0.137154
0.187981
0.132378
0.152124
0.224587
0.335009
0.175756
0.183027
0.257806
0.342494
0.357428
0.197498
0.211399
0.211612
0.243406
0.306494
0.429427
0.621436
0.335329
0.321500
0.367408
0.174401
0.147206
0.131344
0.142002
0.177324
0.144889
0.207620
0.221236
0.306316
0.176183
0.198175
0.219098
0.249038
0.250214
0.205660
0.176825
0.194825
0.273524
0.409681
0.264899
0.320823
0.275663
0.293235
0.204983
0.181672
0.179641
0.134837
0.141930
0.216068
0.170445
0.180354
0.180354
0.267287
0.387689
0.244796
0.294411
0.271528
0.247042
0.208440
0.210187
0.204234
0.236741
0.256808
0.267465
0.254847
0.260764
0.340925
0.240947
0.190334
0.237953
0.138972
0.168057
0.178037
0.145887
0.180318
0.206195
0.227901
0.329947
0.306744
0.503137
0.468634
0.722484
0.732784
0.622042
0.378636
0.326597
0.324458
0.495295
0.376747
0.358319
0.310272
0.236420
0.164457
0.130240
0.151233
0.129063
0.143855
0.145138
0.169269
0.199957
0.307599
0.192615
0.174936
0.204733
0.256166
0.253707
0.246614
0.198852
0.220808
0.258697
0.403479
0.393178
0.456052
0.329591
0.342422
0.220808
0.195288
0.149237
0.158576
0.166025
0.162710
0.167166
0.187411
0.226012
0.293734
0.196036
0.213252
0.210828
0.174900
0.193577
0.304463
0.272313
0.235957
0.364735
0.344383
0.426718
0.426611
0.333405
0.341923
0.187518
0.210365
0.146421
0.154833
0.145138
0.162176
0.162924
0.186270
0.252851
0.330375
0.229790
0.182956
0.166025
0.223161
0.188302
0.215177
0.300506
0.449458
0.348125
0.339321
0.317472
0.567757
0.647241
0.504348
0.277623
0.172904
0.143748
0.145317
0.149059
0.132806
0.139507
0.151590
0.217601
0.269675
0.329199
0.239664
0.179890
0.198710
0.172726
0.169625
0.182385
0.172263
0.214500
0.357000
0.420944
0.298118
0.300078
0.333476
0.231145
0.203914
0.168092
0.135051
0.126853
0.115947
0.125749
0.305567
0.239093
0.296300
0.236919
0.234424
0.224872
0.203272
0.159716
0.180175
0.187732
0.203628
0.280796
0.252281
0.243014
0.338929
0.259659
0.252709
0.226333
0.178358
0.162995
0.152409
0.152445
0.166025
0.146421
0.200349
0.175756
0.190334
0.501568
0.493976
0.307528
0.271849
0.203058
0.203700
0.171193
0.180532
0.230361
0.237881
0.292059
0.256095
0.319433
0.256487
0.191153
0.178643
0.163067
0.156687
0.151625
0.157720
0.169554
0.183918
0.194789
0.286498
0.319254
0.273382
0.220131
0.391717
0.466638
0.599230
0.491196
0.530902
0.487382
0.469917
0.623681
0.536926
0.249323
0.222697
0.208440
0.254954
0.111776
0.132770
0.161106
0.135622
0.153087
0.185486
0.217814
0.235743
0.209688
0.241125
0.344597
0.292166
0.283754
0.238131
0.253885
0.229648
0.265647
0.437054
0.359460
0.444789
0.434203
0.304605
0.187518
0.163209
0.174187
0.143570
0.146920
0.135515
0.142287
0.190975
0.191724
0.308526
0.249073
0.163102
0.159253
0.216175
0.233319
0.192437
0.180211
0.246115
0.253600
0.395887
0.448068
0.312197
0.361420
0.298474
0.204306
0.182243
0.188195
0.146814
0.157898
0.144425
0.156900
0.201454
0.215248
0.379598
0.349943
0.336434
0.295516
0.212931
0.194504
0.204626
0.219668
0.344597
0.265326
0.358141
0.549579
0.571678
0.485778
0.479327
0.202345
0.152231
0.146315
0.118584
0.162496
0.132414
0.130632
0.182278
0.181173
0.245046
0.176219
0.195502
0.235137
0.303892
0.264721
0.262226
0.225727
0.404584
0.308062
0.264899
0.313409
0.268748
0.264934
0.308954
0.215498
0.229790
0.163423
0.154798
0.154512
0.173973
0.171443
0.177894
0.284966
0.357392
0.212753
0.192151
0.171122
0.189514
0.181209
0.190405
0.257093
0.281295
0.248931
0.392750
0.388366
0.440155
0.404227
0.368513
0.255061
0.179427
0.175470
0.144924
0.133198
0.150592
0.214321
0.198139
0.167380
0.185950
0.326098
0.481430
0.478436
0.459830
0.432064
0.320502
0.336149
0.328415
0.287675
0.339001
0.352153
0.347769
0.278407
0.279904
0.222056
0.248253
0.154441
0.129990
0.160750
0.204769
0.151590
0.170302
0.159253
0.292629
0.527160
0.545516
0.463323
0.498539
0.436413
0.333048
0.222662
0.204413
0.166738
0.264293
0.288993
0.230254
0.222020
0.342030
0.213003
0.194932
0.194789
0.153835
0.173332
0.150200
0.196072
0.172263
0.169090
0.195217
0.316724
0.381487
0.322391
0.274344
0.284467
0.401910
0.257449
0.253137
0.253956
0.524344
0.455019
0.418378
0.265825
0.295195
0.188373
0.165633
0.184417
0.162247
0.152053
0.165597
0.144889
0.163601
0.206587
0.512154
0.314585
0.409110
0.184524
0.404548
0.322569
0.337717
0.384624
0.395780
0.481679
0.439799
0.531366
0.541203
0.590248
0.439942
0.507913
0.273275
0.250998
0.224765
0.205731
0.215854
0.218919
0.228971
0.237703
0.392144
0.254313
0.244119
0.261798
0.234246
0.405011
0.346379
0.274130
0.382200
0.252566
0.342921
0.394105
0.355753
0.393214
0.316403
0.339428
0.240305
0.208618
0.230468
0.199886
0.220274
0.217814
0.218777
0.262618
0.400841
0.462753
0.252745
0.263616
0.369226
0.251747
0.261370
0.268820
0.373859
0.331480
0.498788
0.542950
0.449209
0.350834
0.300649
0.276376
0.234745
0.315441
0.191118
0.189870
0.207050
0.228400
0.245438
0.217993
0.330411
0.257841
0.241838
0.244119
0.259766
0.318149
0.264899
0.183241
0.236527
0.351939
0.484317
0.351832
0.415954
0.369725
0.307100
0.277374
0.265398
0.235885
0.209723
0.215141
0.245046
0.223945
0.249465
0.239129
0.239806
0.267322
0.434666
0.199886
0.222697
0.319468
0.368442
0.394889
0.450314
0.372149
0.479470
0.297084
0.277267
0.305674
0.294768
0.239414
0.206551
0.183775
0.197177
0.165490
0.180888
0.160287
0.172441
0.190084
0.180104
0.257414
0.293734
0.235066
0.460222
0.643356
0.666702
0.673296
0.577737
0.556245
0.679962
0.564585
0.363238
0.487739
0.447284
0.347163
0.254384
