0.090507
0.118340
0.099192
0.102494
0.095586
0.099650
0.149398
0.116004
0.230128
0.402509
0.204937
0.183046
0.561379
0.263497
0.283610
0.327899
0.335670
0.338463
0.393214
0.331200
0.237493
0.205394
0.128549
0.103967
0.099040
0.097262
0.131139
0.134187
0.095231
0.107319
0.124384
0.201077
0.316014
0.285743
0.344761
0.226726
0.317690
0.365636
0.278226
0.278836
0.240693
0.398598
0.434710
0.481386
0.510691
0.413734
0.163188
0.132206
0.080908
0.080197
0.086393
0.115140
0.096805
0.090812
0.147595
0.334095
0.242166
0.227132
0.309056
0.281782
0.657880
0.378282
0.349942
0.231906
0.279649
0.274112
0.255676
0.371934
0.316420
0.385342
0.257961
0.171111
0.102595
0.125349
0.113185
0.104081
0.116715
0.111331
0.169333
0.526106
0.491810
0.262532
0.242064
0.694195
0.323785
0.317233
0.357509
0.724770
0.249479
0.252374
0.269516
0.289413
0.278531
0.212708
0.284524
0.181726
0.139773
0.136472
0.134745
0.155620
0.169562
0.183846
0.433738
0.502935
0.278025
0.348081
0.328513
0.422474
0.598187
0.402331
0.334771
0.445762
0.630611
0.704114
0.729814
0.756402
0.588095
0.473417
0.328097
0.219841
0.207462
0.200333
0.196032
0.207646
0.187017
0.185057
0.230067
0.219914
0.265628
0.249580
0.209000
0.288638
0.373559
0.477068
0.212657
0.246889
0.271624
0.392961
0.442633
0.230789
0.492458
0.328051
0.324242
0.283915
0.142719
0.151912
0.144446
0.133374
0.147189
0.198791
0.168520
0.182742
0.401747
0.665397
0.631774
0.579461
0.632841
0.393672
0.255219
0.524608
0.262837
0.275738
0.327442
0.202550
0.286048
0.262634
0.185891
0.164356
0.139875
0.135355
0.122251
0.158667
0.130377
0.141957
0.158058
0.333232
0.404744
0.296917
0.370308
0.621210
0.479354
0.317792
0.314541
0.593479
0.248616
0.643608
0.449947
0.544009
0.813246
0.294733
0.209355
0.176342
0.106405
0.114785
0.133018
0.134745
0.109706
0.112245
0.376911
0.456041
0.269643
0.219615
0.180608
0.173599
0.249479
0.390066
0.344050
0.228402
0.170349
0.260552
0.362334
0.312205
0.354462
0.274773
0.196810
0.181980
0.133120
0.128651
0.153944
0.133069
0.132358
0.136574
0.188227
0.575296
0.364874
0.323125
0.502565
0.977043
0.366905
0.361319
0.316928
0.284931
0.239829
0.390015
0.463101
0.275941
0.235055
0.284524
0.163746
0.146681
0.106252
0.102900
0.117731
0.111941
0.130428
0.119965
0.217177
0.357357
0.304028
0.176444
0.389456
0.266697
0.403779
0.498806
0.351262
0.217025
0.206257
0.302047
0.572198
0.277871
0.199807
0.273706
0.212098
0.125552
0.109757
0.098532
0.109350
0.116563
0.115547
0.110569
0.247905
0.489969
0.431967
0.190716
0.358627
0.252425
0.306262
0.181320
0.178069
0.316877
0.444817
0.339377
0.304078
0.287724
0.385190
0.281020
0.191731
0.106151
0.118035
0.121692
0.120423
0.148712
0.116969
0.124435
0.537610
0.414597
0.148611
0.185078
0.168419
0.314846
0.644218
0.257707
0.177206
0.249378
0.233836
0.495302
0.339073
0.269745
0.257504
0.265377
0.183097
0.132714
0.107014
0.117172
0.111839
0.121083
0.113718
0.115750
0.105947
0.535527
0.457565
0.544009
0.262228
0.500330
0.521408
0.427853
0.271675
0.476814
0.370308
0.288689
0.567881
0.492407
0.370004
0.199909
0.187871
0.157245
0.107217
0.126263
0.120169
0.123368
0.114988
0.120981
0.184468
0.133882
0.555843
0.522576
0.588196
0.436792
0.435116
0.554980
0.327746
0.374879
0.192442
0.347910
0.497689
0.694246
0.629996
0.487582
0.257352
0.156280
0.126924
0.147341
0.170298
0.146579
0.144599
0.133018
0.196709
0.315455
0.263345
0.274062
0.608258
0.426075
0.269897
0.261720
0.329423
0.399868
0.463457
0.525471
0.498959
0.674133
0.589923
0.394129
0.279496
0.136269
0.117375
0.129006
0.124841
0.117477
0.168571
0.120270
0.200163
0.469094
0.274722
0.368683
0.572350
0.526131
0.602519
0.455381
0.626746
0.344406
0.600843
0.519884
0.257403
0.272335
0.415968
0.252882
0.182488
0.130479
0.091625
0.103357
0.129717
0.109350
0.104017
0.115191
0.333029
0.464574
0.242928
0.299710
0.169181
0.146173
0.260704
0.195388
0.588095
0.450404
0.362487
0.421962
0.270456
0.375489
0.291127
0.339682
0.387120
0.118442
0.084057
0.085886
0.109858
0.096399
0.097059
0.102900
0.369648
0.385088
0.213774
0.202550
0.194322
0.238509
0.247194
0.174057
0.149677
0.201483
0.352024
0.291229
0.262278
0.270100
0.283255
0.234649
0.150236
0.157804
0.092945
0.083498
0.087358
0.097973
0.088273
0.142364
0.509320
0.324242
0.299964
0.666514
0.349129
0.277972
0.231703
0.248565
0.168978
0.211387
0.245061
0.402103
0.382396
0.436944
0.233481
0.216974
0.187313
0.117528
0.132561
0.095790
0.118340
0.111077
0.093504
0.090304
0.096297
0.121743
0.364721
0.593123
0.362995
0.483112
0.393621
0.198080
0.190665
0.173396
0.487683
0.259485
0.284575
0.194626
0.212352
0.304282
0.201331
0.149779
0.110519
0.104982
0.110722
0.124537
0.114074
0.128701
0.133222
0.130225
0.304129
0.431713
0.411245
0.381888
0.543755
0.421657
0.274468
0.310224
0.173955
0.306872
0.465895
0.312205
0.314947
0.392249
0.416984
0.150795
0.128244
0.114506
0.125044
0.103560
0.135202
0.138808
0.212403
0.410026
0.188176
0.399411
0.332368
0.479760
0.391640
0.266189
0.131850
0.308243
0.290111
0.299761
0.334197
0.322160
0.217736
0.270913
0.185332
0.091574
0.089644
0.081213
0.094367
0.088781
0.093352
0.127076
0.288841
0.391386
0.553913
0.500229
0.545279
0.824775
0.706638
0.433694
0.258571
0.248464
0.381838
0.352430
0.254711
0.219361
0.206105
0.281782
0.174920
0.088171
0.091523
0.098329
0.104221
0.122556
0.113210
0.147951
0.099345
0.100411
0.286048
0.341612
0.345421
0.231652
0.378181
0.489867
0.315201
0.466098
0.327289
0.311087
0.309868
0.395246
0.258926
0.236782
0.156534
0.096856
0.099650
0.108639
0.118442
0.126568
0.131901
0.118645
0.300117
0.311240
0.385393
0.198486
0.187008
0.159734
0.355224
0.267002
0.160140
0.206562
0.440601
0.419016
0.328762
0.362588
0.292854
0.287419
0.193001
0.264869
0.141500
0.119407
0.130581
0.136218
0.145259
0.133933
0.395195
0.445782
0.145513
0.268729
0.272741
0.142872
0.200112
0.166387
0.143176
0.419981
0.204429
0.421708
0.443090
0.319366
0.214892
0.209609
0.159124
0.100208
0.110519
0.143227
0.155264
0.106557
0.516837
0.341510
0.310630
0.208949
0.298644
0.437198
0.340596
0.239880
0.187567
0.188633
0.236477
0.353751
0.200874
0.219717
0.212962
0.210574
0.174768
0.353243
0.289146
0.152725
0.116258
0.128244
0.106912
0.131952
0.113921
0.101580
0.203261
0.240744
0.272792
0.415460
0.215552
0.277363
0.322972
0.131850
0.162070
0.188125
0.475748
0.283051
0.321245
0.815074
0.863680
0.413581
0.158515
0.151861
0.107674
0.100716
0.131038
0.097364
0.110315
0.101021
0.355884
0.390421
0.208187
0.132307
0.306262
0.336279
0.180913
0.192341
0.328661
0.147798
0.137132
0.241759
0.372848
0.201534
0.443242
0.447712
0.246788
0.164914
0.110976
0.109960
0.107268
0.107370
0.124283
0.134136
0.209660
0.686221
0.391386
0.136117
0.096247
0.252171
0.979481
0.227284
0.165422
0.181573
0.233836
0.350754
0.219056
0.298136
0.418355
0.258571
0.186856
0.113668
0.088171
0.089898
0.090304
0.096653
0.088831
0.124537
0.289654
0.740566
0.376048
0.195795
0.222967
0.197674
0.188329
0.201839
0.156382
0.230078
0.178425
0.426787
0.533039
0.220580
0.215552
0.237493
0.214892
0.106405
0.118188
0.110315
0.116258
0.127787
0.114785
0.258012
0.261567
0.520494
0.272233
0.212758
0.412007
0.401544
0.398547
0.603586
0.231652
0.278277
0.197420
0.231449
0.228148
0.384022
0.298390
0.231754
0.204378
0.129565
0.136472
0.106354
0.119661
0.120423
0.117832
0.124232
0.835644
0.575702
0.142922
0.147087
0.114074
0.332571
0.284524
0.282137
0.490426
0.389761
0.430189
0.386713
0.210625
0.212454
0.250495
0.232973
0.164813
0.123318
0.163086
0.118137
0.118645
0.105389
0.114582
0.106912
0.175377
0.181015
0.215603
0.249327
0.469044
0.146122
0.190614
0.238915
0.162375
0.211997
0.226421
0.431510
0.317589
0.294835
0.197775
0.205445
0.156534
0.120423
0.098685
0.137996
0.128701
0.107573
0.145614
0.110773
0.201381
0.191681
0.464625
0.206359
0.293920
0.315506
0.497740
0.161004
0.513789
0.363756
0.179186
0.399766
0.296917
0.191325
0.186551
0.228605
0.189801
0.120626
0.135355
0.114074
0.107979
0.102291
0.140738
0.095790
0.295139
0.533750
0.208848
0.191731
0.150744
0.129768
0.311291
0.160242
0.136371
0.178526
0.198029
0.299812
0.432678
0.561329
0.240439
0.485652
0.390066
0.130022
0.118239
0.114734
0.112144
0.114074
0.102392
0.102189
0.177206
0.515719
0.653461
0.215298
0.358982
0.584794
0.577531
0.789629
0.500127
0.574890
0.231703
0.354259
0.378993
0.543959
0.440144
0.267307
0.257555
0.165575
0.116969
0.137996
0.140942
0.197877
0.147341
0.201483
0.217380
0.572299
0.225507
0.222612
0.191020
0.202956
0.199553
0.195591
0.206308
0.445274
0.313475
0.283966
0.357916
0.450099
0.463508
0.314541
0.271522
0.364264
0.290010
0.154960
0.141450
0.154706
0.132815
0.315151
0.344253
0.383869
0.322210
0.262837
0.378485
0.592107
0.387475
0.264767
0.145665
0.210676
0.224694
0.357001
0.323328
0.401544
0.688049
0.325410
0.175885
0.119407
0.149017
0.145767
0.130479
0.131749
0.133679
0.265732
0.448169
0.434659
0.342120
0.179745
0.475646
0.244604
0.390370
0.238102
0.415257
0.314693
0.268780
0.471989
0.320839
0.307532
0.216771
0.226878
0.173599
0.103764
0.095993
0.089898
0.102748
0.105440
0.131546
0.107827
0.103256
0.488598
0.343796
0.298542
0.503276
0.291940
0.484484
0.325664
0.389405
0.310681
0.460562
0.619229
0.598812
0.268830
0.401188
0.212962
0.347199
0.139164
0.104221
0.108131
0.097720
0.109706
0.107624
0.111230
0.186551
0.181116
0.327137
0.418863
0.305551
0.152420
0.187262
0.149017
0.148408
0.168368
0.298745
0.410483
0.414241
0.532632
0.317335
0.224338
0.164864
0.173041
0.103916
0.105236
0.103154
0.135761
0.105389
0.119153
0.277871
0.425822
0.229875
0.284270
0.532886
0.279344
0.225659
0.386612
0.458225
0.558129
0.793082
0.573925
0.425974
0.294530
0.269948
0.245619
0.219869
0.128143
0.095383
0.089644
0.127889
0.123825
0.109757
0.120677
0.394433
0.708771
0.245569
0.195084
0.149474
0.538930
0.552847
0.346336
0.161715
0.252628
0.319366
0.411296
0.226929
0.262583
0.650871
0.581391
0.330337
0.279496
0.128498
0.110925
0.109198
0.102545
0.104322
0.233785
0.261059
0.541622
0.250851
0.159835
0.125044
0.173650
0.125857
0.101478
0.151455
0.205445
0.140078
0.409874
0.360861
0.270760
0.331251
0.450607
0.239677
0.148459
0.114988
0.091879
0.112855
0.109147
0.090812
0.103408
0.319214
0.373914
0.536797
0.189294
0.140332
0.159835
0.280512
0.201686
0.114125
0.153995
0.345726
0.302199
0.305602
0.250851
0.280461
0.284524
0.196506
0.158261
0.101681
0.085276
0.101529
0.097872
0.093352
0.101935
0.464371
0.351059
0.384936
0.163340
0.159632
0.288181
0.352583
0.450556
0.138301
0.162426
0.161308
0.346843
0.206003
0.171263
0.155468
0.211641
0.146986
0.117172
0.111382
0.098329
0.129412
0.098735
0.132206
0.097516
0.234903
0.176952
0.339479
0.465793
0.464422
0.710803
0.590838
0.423688
0.535629
0.298796
0.324648
0.312560
0.329880
0.431053
0.512113
0.389558
0.168520
0.118086
0.106963
0.103865
0.094317
0.090863
0.117375
0.096501
0.237137
0.166743
0.267103
0.803901
0.266088
0.178628
0.212250
0.193915
0.291787
0.213977
0.267205
0.582000
0.222408
0.226421
0.386510
0.210625
0.174260
0.102545
0.076997
0.095993
0.067703
0.081111
0.076489
0.078877
0.256387
0.629692
0.214942
0.187770
0.191731
0.108335
0.242216
0.214333
0.329981
0.187617
0.285540
0.358322
0.363147
0.232719
0.180050
0.205394
0.170400
0.143227
0.100107
0.110011
0.099345
0.092691
0.102646
0.122403
0.259028
0.481589
0.229519
0.149170
0.227386
0.269186
0.711412
0.251460
0.212911
0.305501
0.362588
0.389253
0.412921
0.234496
0.351364
0.386510
0.254711
0.291076
0.113668
0.090812
0.103256
0.096399
0.103764
0.174717
0.320026
0.408604
0.154503
0.149017
0.114379
0.192239
0.232770
0.158464
0.129666
0.169536
0.234852
0.769110
0.294225
0.421149
0.287826
0.360404
0.192493
0.114277
0.091218
0.092285
0.086343
0.097212
0.089034
0.101884
0.419524
0.637463
0.226268
0.173447
0.183351
0.121743
0.238509
0.541216
0.151811
0.187973
0.308853
0.579359
0.576566
0.381888
0.357458
0.359947
0.388136
0.173041
0.104627
0.102240
0.106354
0.121743
0.110925
0.123114
0.327848
0.422317
0.212504
0.228757
0.448067
0.541064
0.788207
0.247041
0.496622
0.426787
0.288029
0.357560
0.387780
0.377470
0.461476
0.448474
0.192544
0.166387
0.107877
0.109604
0.109147
0.144192
0.115851
0.119610
0.339022
0.338615
0.286353
0.236223
0.138707
0.183554
0.236071
0.186094
0.136218
0.209914
0.165930
0.265123
0.386713
0.299355
0.469602
0.287724
0.233785
0.146681
0.125400
0.124689
0.130225
0.136421
0.131698
0.141754
0.145106
0.183046
0.353700
0.172990
0.538118
0.323886
0.634771
0.512063
0.236376
0.590380
0.634364
0.647316
0.413429
0.247600
0.262278
0.213012
0.176698
0.121134
0.112804
0.115648
0.113210
0.142059
0.116715
0.120016
0.311138
0.539387
0.372594
0.511352
0.329981
0.205851
0.275941
0.288943
0.212606
0.172127
0.156179
0.268729
0.419371
0.165727
0.243232
0.305551
0.233785
0.128447
0.134491
0.092844
0.108843
0.097313
0.099853
0.115648
0.314541
0.504393
0.268881
0.165778
0.105846
0.215399
0.588247
0.152826
0.118848
0.168825
0.187313
0.200467
0.398700
0.488344
0.294124
0.199604
0.182285
0.093301
0.084667
0.100157
0.103357
0.102341
0.104119
0.316979
0.456245
0.547311
0.287927
0.157601
0.278176
0.173955
0.181523
0.190970
0.322058
0.336076
0.550968
0.464422
0.420489
0.464066
0.186500
0.204023
0.146630
0.104729
0.101580
0.115902
0.113058
0.110671
0.101173
0.124537
0.389812
0.441465
0.183605
0.145665
0.124892
0.165930
0.198182
0.119458
0.130936
0.166946
0.366245
0.305754
0.254355
0.460765
0.218650
0.408858
0.372188
0.225913
0.107573
0.106811
0.130581
0.108436
0.120423
0.114277
0.436030
0.552085
0.518513
0.380009
0.253644
0.256590
0.183148
0.181624
0.117528
0.194322
0.501701
0.518564
0.288384
0.135609
0.139215
0.192087
0.197166
0.140129
0.104729
0.134187
0.099903
0.110468
0.110061
0.120778
0.137285
0.156026
0.250495
0.409112
0.226980
0.149881
0.402509
0.298796
0.251765
0.430443
0.296257
0.377876
0.300066
0.322210
0.556453
0.258164
0.159581
0.097516
0.086190
0.081924
0.097262
0.088933
0.097516
0.122454
0.129768
0.145106
0.388491
0.679516
0.432932
0.112093
0.201737
0.210371
0.215603
0.346031
0.550003
0.400782
0.300269
0.465945
0.355325
0.214231
0.164660
0.115851
0.089238
0.089339
0.099700
0.081365
0.100564
0.104271
0.286454
0.443953
0.305704
0.321398
0.388948
0.114429
0.160597
0.149170
0.215907
0.418355
0.329169
0.389862
0.530906
0.365991
0.405861
0.254101
0.117477
0.122962
0.075778
0.083041
0.081772
0.084108
0.096602
0.098431
0.265021
0.531820
0.621870
0.466453
0.389101
0.512723
0.669409
0.380365
0.218041
0.185840
0.351821
0.684443
0.453654
0.238458
0.498400
0.460917
0.428920
0.145259
0.103357
0.101986
0.133679
0.108843
0.109909
0.114125
0.290670
0.426685
0.309361
0.236731
0.304231
0.573417
0.300371
0.241302
0.303418
0.546752
0.246635
0.180355
0.260298
0.154655
0.176596
0.203007
0.195084
0.142821
0.083397
0.090609
0.096856
0.091574
0.100157
0.225862
0.399360
0.202245
0.448525
0.310021
0.512570
0.147747
0.276906
0.358017
0.237696
0.168216
0.180151
0.431104
0.392503
0.418051
0.391488
0.456702
0.277820
0.106151
0.093402
0.118747
0.107979
0.108843
0.102443
0.167454
0.364264
0.457768
0.474681
0.256844
0.115090
0.169892
0.205749
0.140992
0.117324
0.154147
0.275230
0.493778
0.315405
0.169943
0.183503
0.242724
0.153233
0.096501
0.085886
0.100005
0.094317
0.116105
0.100818
0.116715
0.131342
0.281579
0.338463
0.237950
0.298999
0.160293
0.282747
0.238814
0.158363
0.224135
0.205089
0.346234
0.321093
0.315506
0.181878
0.195388
0.145513
0.095129
0.118950
0.086749
0.105846
0.127939
0.091422
0.106252
0.118645
0.311748
0.296815
0.605922
0.369851
0.457870
0.490680
0.454975
0.442481
0.456651
0.598507
0.950124
0.602519
0.233887
0.216517
0.150490
0.106100
0.104475
0.098888
0.085733
0.095942
0.107471
0.118391
0.139672
0.216771
0.232312
0.218904
0.263447
0.327950
0.278988
0.206918
0.136320
0.174412
0.289045
0.267307
0.335263
0.360252
0.587739
0.611103
0.196150
0.362436
0.127787
0.123267
0.121286
0.103611
0.106354
0.115293
0.231957
0.607903
0.441414
0.488445
0.465641
0.596475
0.732897
0.349688
0.418406
0.368988
0.228198
0.484687
0.210016
0.484382
0.254762
0.419219
0.322160
0.105389
0.099650
0.114328
0.100564
0.107471
0.125908
0.108487
0.191376
0.603027
0.288283
0.217787
0.230738
0.470212
0.322769
0.284016
0.347859
0.241556
0.222256
0.326883
0.371121
0.299812
0.395449
0.223831
0.143278
0.098888
0.098227
0.113668
0.119051
0.114988
0.121286
0.106862
0.140027
0.252324
0.344406
0.148001
0.246737
0.294784
0.186551
0.138402
0.162375
0.165372
0.213317
0.561176
0.495353
0.272640
0.597237
0.288384
0.237950
0.125349
0.089441
0.107268
0.121083
0.141653
0.105084
0.286658
0.471075
0.293057
0.286353
0.726853
0.423739
0.304383
0.599624
0.271319
0.302961
0.165778
0.149017
0.594444
0.355935
0.215298
0.186246
0.237188
0.159074
0.103764
0.087765
0.109655
0.099243
0.086495
0.093910
0.093860
0.094317
0.223272
0.323632
0.467114
0.398852
0.632485
0.382549
0.460866
0.562802
0.252374
0.219920
0.673930
0.368531
0.290365
0.303317
0.257860
0.156686
0.127381
0.147341
0.099294
0.099142
0.077353
0.081822
0.070598
0.177713
0.260653
0.266545
0.465438
0.323480
0.451470
0.608055
0.416679
0.152268
0.154198
0.187516
0.378892
0.331606
0.559246
0.397684
0.341257
0.167302
0.097466
0.116359
0.106252
0.094367
0.104830
0.075270
0.086089
0.174869
0.424196
0.224846
0.131698
0.440449
0.332521
0.422774
0.235563
0.202093
0.198334
0.146478
0.279953
0.491848
0.402052
0.324801
0.452232
0.295089
0.094621
0.089847
0.084463
0.129412
0.096755
0.147798
0.320687
0.342222
0.314135
0.190817
0.132764
0.135101
0.320331
0.988775
0.346336
0.562243
0.378892
0.699121
0.283813
0.346945
0.277363
0.316522
0.208390
0.202448
0.105338
0.110773
0.108030
0.090863
0.096907
0.090203
0.104017
0.368734
0.534207
0.284016
0.216212
0.147087
0.303266
0.342882
0.126568
0.271014
0.321499
0.227437
0.295343
0.192900
0.206257
0.245162
0.213266
0.137488
0.090101
0.105135
0.084971
0.100615
0.081822
0.101986
0.085530
0.260653
0.356900
0.240794
0.589212
0.352329
0.266545
0.191427
0.129768
0.154249
0.149982
0.223018
0.231144
0.334044
0.330845
0.329321
0.303012
0.157347
0.117832
0.099345
0.079740
0.094723
0.078369
0.097212
0.080095
0.248565
0.500990
0.371781
0.257911
0.239474
0.281629
0.433745
0.395957
0.144751
0.204276
0.185941
0.438417
0.541419
0.286759
0.149881
0.174869
0.151963
0.108538
0.116918
0.087003
0.091015
0.107370
0.096856
0.091472
0.103510
0.193509
0.215958
0.214942
0.600843
0.449134
0.477373
0.390827
0.216720
0.290822
0.592107
0.480979
0.518107
0.343491
0.249022
0.332521
0.245823
0.246534
0.249733
0.098532
0.125806
0.091726
0.125755
0.095739
0.187465
0.194423
0.265021
0.435370
0.312662
0.173904
0.212708
0.206460
0.446595
0.242978
0.218193
0.233938
0.321347
0.366093
0.369648
0.188735
0.123114
0.097466
0.104170
0.130377
0.077251
0.096704
0.081975
0.080197
0.134491
0.604094
0.400681
0.190563
0.501448
0.291229
0.300777
0.253898
0.271827
0.202956
0.248565
0.274163
0.467063
0.329169
0.141399
0.249225
0.149170
0.086698
0.078013
0.083143
0.092793
0.093453
0.107776
0.176190
0.138656
0.376555
0.208543
0.136421
0.149373
0.145360
0.174107
0.485550
0.728630
0.167149
0.161816
0.183148
0.305907
0.499162
0.545025
0.475748
0.221951
0.101630
0.111788
0.078673
0.085378
0.113972
0.085479
0.079638
0.253847
0.575550
0.219006
0.243791
0.144599
0.242369
0.314693
0.230636
0.232312
0.212555
0.178729
0.498299
0.486922
0.279191
0.368023
0.275027
0.147595
0.094520
0.081772
0.114328
0.096755
0.090558
0.082229
0.176545
0.394078
0.474021
0.229113
0.157855
0.164407
0.414445
0.214993
0.138097
0.137488
0.179390
0.140789
0.287165
0.273097
0.277871
0.507796
0.366347
0.291533
0.148814
0.087460
0.098583
0.092234
0.096501
0.083498
0.100005
0.356849
0.522068
0.276804
0.288689
0.499771
0.281782
0.288080
0.653207
0.388034
0.328051
0.184418
0.450759
0.398751
0.252273
0.258520
0.202753
0.225710
0.326172
0.097618
0.095383
0.097415
0.102900
0.093860
0.107979
0.215298
0.221393
0.532683
0.313221
0.298745
0.562598
0.453756
0.258723
0.393265
0.387221
0.447001
0.583067
0.314592
0.239779
0.149677
0.167302
0.119813
0.123927
0.113109
0.117629
0.096653
0.092996
0.093504
0.104170
0.090964
0.271979
0.347961
0.586266
0.287064
0.260348
0.198499
0.223018
0.154249
0.215958
0.131596
0.184926
0.179694
0.157601
0.257911
0.177155
0.335974
0.314490
0.126416
0.089492
0.094266
0.110925
0.082127
0.087257
0.140332
0.704048
0.329016
0.191782
0.311087
0.138199
0.258926
0.128397
0.100564
0.142516
0.299710
0.277414
0.326883
0.329473
0.390827
0.403068
0.194474
0.085886
0.074864
0.084311
0.080502
0.086089
0.081162
0.103306
0.248667
0.554726
0.407944
0.848545
0.699223
0.531109
0.544517
0.177561
0.315658
0.330997
0.203413
0.252171
0.230890
0.351008
0.181370
0.235817
0.161359
0.097313
0.104627
0.093611
0.133257
0.098878
0.108213
0.118731
0.222541
0.512012
0.646732
0.380050
0.175598
0.193188
0.179554
0.207424
0.484839
0.284834
0.185555
0.269912
0.353690
0.353187
0.228762
0.261979
0.196694
0.142293
0.081365
0.093098
0.095840
0.086597
0.085936
0.119864
0.344355
0.395297
0.305196
0.607344
0.464879
0.305450
0.304028
0.194830
0.159632
0.153030
0.190563
0.162019
0.246635
0.302301
0.371883
0.401341
0.144548
0.105084
0.079080
0.094215
0.107776
0.127533
0.097872
0.089339
0.341663
0.586063
0.111382
0.116105
0.091269
0.180964
0.139977
0.151354
0.091371
0.128955
0.101986
0.209660
0.299812
0.231551
0.366093
0.315658
0.140840
0.141500
0.086038
0.092133
0.092133
0.083244
0.090355
0.087511
0.082279
0.188887
0.223780
0.578800
0.793032
0.514856
0.590025
0.181523
0.337041
0.352380
0.432475
0.414089
0.339479
0.342780
0.190893
0.199083
0.198436
0.241150
0.099954
0.090609
0.092056
0.093567
0.115350
0.094625
0.092387
0.236934
0.415003
0.339174
0.254254
0.161715
0.257555
0.202042
0.163442
0.259231
0.414038
0.450455
0.344558
0.366499
0.519884
0.439281
0.270049
0.106303
0.083397
0.117324
0.079029
0.093453
0.080146
0.088476
0.250089
0.464117
0.364772
0.560821
0.507847
0.341968
0.221443
0.142668
0.131088
0.262685
0.324750
0.478338
0.587435
0.406064
0.240185
0.219666
0.394992
0.124943
0.099142
0.084362
0.097516
0.101884
0.096805
0.081162
0.308091
0.472193
0.240490
0.517446
0.370410
0.465285
0.336482
0.303621
0.755396
0.404388
0.346285
0.413327
0.187719
0.525166
0.317589
0.397938
0.153284
0.131139
0.074255
0.107420
0.068465
0.081721
0.076947
0.073442
0.160496
0.502463
0.262736
0.276347
0.145157
0.147544
0.165422
0.150389
0.323175
0.165981
0.227335
0.239575
0.195439
0.287521
0.482198
0.356341
0.235868
0.095891
0.108385
0.080095
0.078673
0.090660
0.085124
0.088984
0.287419
0.413937
0.482655
0.174920
0.129209
0.467977
0.582356
0.420844
0.262939
0.171314
0.186957
0.306212
0.363249
0.203007
0.297323
0.263954
0.248565
0.100157
0.094164
0.089441
0.106049
0.078826
0.079232
0.085378
0.291279
0.387932
0.267815
0.233430
0.206207
0.190919
0.180456
0.141145
0.117680
0.210067
0.219107
0.344913
0.341917
0.180151
0.160699
0.171619
0.130581
0.081060
0.088323
0.084362
0.082076
0.086190
0.109452
0.087104
0.075423
0.185637
0.180507
0.310986
0.170146
0.494692
0.697445
0.250952
0.425568
0.638377
0.312967
0.285540
0.435675
0.325461
0.383920
0.175377
0.176850
0.103256
0.083244
0.088527
0.118797
0.177459
0.137691
0.098481
0.130225
0.148611
0.239474
0.489715
0.461070
0.180050
0.282899
0.307075
0.248921
0.178272
0.188836
0.345828
0.269795
0.341612
0.418101
0.344659
0.180862
0.086241
0.082686
0.076337
0.074559
0.099751
0.077048
0.079791
0.126771
0.285845
0.331099
0.326832
0.367870
0.213317
0.183910
0.158363
0.157042
0.205445
0.129869
0.230433
0.168622
0.111077
0.104068
0.367210
0.204226
0.127990
0.079435
0.077759
0.082279
0.078064
0.072528
0.081772
0.131292
0.245823
0.183097
0.126619
0.260501
0.416781
0.140840
0.169485
0.412819
0.169485
0.200924
0.143481
0.235004
0.301336
0.160191
0.321855
0.173244
0.122353
0.085581
0.074153
0.085835
0.076134
0.090914
0.082889
0.148916
0.295190
0.489156
0.588450
0.197115
0.113921
0.382701
0.189700
0.136066
0.158616
0.185383
0.157651
0.261567
0.705470
0.320788
0.209711
0.130022
0.141043
0.129362
0.112398
0.083498
0.084819
0.078877
0.112550
0.128295
0.440449
0.174818
0.272893
0.221291
0.249530
0.186602
0.168317
0.113414
0.257911
0.107370
0.173853
0.244502
0.195744
0.183148
0.172482
0.198944
0.105998
0.084971
0.075321
0.086038
0.085428
0.074001
0.080400
0.272030
0.695617
0.291381
0.242978
0.226929
0.113261
0.464219
0.240490
0.072528
0.159226
0.137640
0.108843
0.076032
0.130530
0.171212
0.230433
0.134339
0.273757
0.120270
0.084006
0.075372
0.079791
0.075220
0.080197
0.083092
0.146224
0.167352
0.145868
0.308548
0.262024
0.320484
0.258164
0.256895
0.093910
0.118035
0.152217
0.180761
0.223424
0.478744
0.255371
0.344558
0.132511
0.123013
0.079638
0.105490
0.069785
0.070293
0.076439
0.086952
0.104068
0.605516
0.418914
0.645894
0.705876
0.378943
0.619077
0.465641
0.576159
0.401442
0.273452
0.287165
0.462136
0.364061
0.203515
0.200163
0.099396
0.109452
0.088019
0.076794
0.079943
0.103154
0.087003
0.163289
0.371629
0.256336
0.141196
0.421606
0.631317
0.378079
0.422723
0.102341
0.139672
0.287419
0.274824
0.427904
0.536746
0.217076
0.607751
0.319722
0.165930
0.097212
0.081213
0.107471
0.087612
0.071410
0.074509
0.186449
0.261720
0.217329
0.518259
0.617299
0.351567
0.441516
0.182183
0.216009
0.245670
0.350043
0.323328
0.333079
0.515516
0.407791
0.492458
0.141399
0.100869
0.086901
0.075626
0.079334
0.111534
0.092336
0.078064
0.277414
0.372645
0.183402
0.129412
0.342577
0.405556
0.174311
0.404287
0.410940
0.155417
0.221697
0.405252
0.376809
0.489360
0.321347
0.456753
0.269186
0.138707
0.113109
0.086800
0.088425
0.104627
0.088476
0.101884
0.235665
0.340545
0.218498
0.314440
0.423993
0.483366
0.161816
0.187008
0.207273
0.161867
0.158616
0.410635
0.614455
0.220529
0.168927
0.197064
0.149170
0.113007
0.109350
0.087816
0.089593
0.104475
0.126568
0.094215
0.271675
0.239372
0.217583
0.258977
0.510183
0.547108
0.282493
0.812789
0.628371
0.617096
0.184367
0.412108
0.323886
0.338158
0.498908
0.303012
0.154604
0.133526
0.289908
0.107877
0.120423
0.099650
0.102900
0.098075
0.097008
0.147189
0.185484
0.242267
0.492712
0.427904
0.308243
0.512672
0.255422
0.244350
0.320179
0.391894
0.192189
0.166844
0.242826
0.357712
0.208289
0.145462
0.084819
0.090355
0.077302
0.096907
0.086089
0.097110
0.128651
0.268272
0.392910
0.483163
0.440906
0.354056
0.679720
0.207679
0.421047
0.360811
0.436995
0.364975
0.492102
0.263548
0.229976
0.473361
0.209609
0.139469
0.114074
0.090660
0.121032
0.083041
0.095078
0.133069
0.326172
0.516888
0.257352
0.207476
0.178729
0.218142
0.299253
0.198639
0.264564
0.556961
0.417187
0.395957
0.290213
0.380517
0.283610
0.333384
0.255727
0.136878
0.085378
0.088527
0.089288
0.084921
0.107928
0.126517
0.216111
0.383564
0.242572
0.103662
0.377978
0.387018
0.352989
0.343288
0.335314
0.449490
0.395043
0.328407
0.243131
0.225050
0.727513
0.230941
0.357712
0.094977
0.088323
0.117070
0.070496
0.090355
0.070649
0.087917
0.218548
0.460765
0.222764
0.195896
0.167048
0.349332
0.344406
0.188786
0.238610
0.242521
0.186500
0.230484
0.261517
0.202194
0.342475
0.319265
0.221291
0.144345
0.092844
0.096958
0.085632
0.083752
0.081721
0.188379
0.152826
0.445325
0.403068
0.167403
0.129158
0.158820
0.211285
0.117324
0.134593
0.263701
0.146173
0.192747
0.217126
0.315151
0.399817
0.384682
0.192189
0.109096
0.087206
0.078318
0.080400
0.081416
0.135202
0.267408
0.149627
0.484992
0.165575
0.131444
0.168825
0.561176
0.306872
0.148255
0.117629
0.166235
0.372594
0.375946
0.260196
0.205292
0.392148
0.318554
0.193154
0.112652
0.099345
0.093656
0.108385
0.081568
0.077150
0.103052
0.110061
0.230586
0.344304
0.324191
0.179237
0.203769
0.374829
0.471989
0.237849
0.331657
0.228554
0.245924
0.224796
0.220631
0.254254
0.150287
0.175834
0.112753
0.087714
0.118747
0.081721
0.093250
0.085835
0.084768
0.239880
0.227284
0.187110
0.472853
0.458276
0.361776
0.476713
0.294073
0.208898
0.169739
0.165016
0.156382
0.267561
0.588450
0.388694
0.461984
0.197471
0.121286
0.209355
0.086851
0.085581
0.081264
0.107573
0.086241
0.289349
0.381888
0.194982
0.166032
0.223577
0.404591
0.446112
0.168381
0.127127
0.140434
0.170349
0.238814
0.233989
0.181726
0.274417
0.297933
0.197471
0.118848
0.093758
0.081213
0.081060
0.081416
0.081213
0.103103
0.438316
0.356138
0.365636
0.146376
0.143684
0.180710
0.232363
0.290111
0.602824
0.296714
0.191071
0.271421
0.172787
0.272487
0.298949
0.310122
0.418965
0.127330
0.093402
0.083854
0.092895
0.093352
0.091472
0.109401
0.304536
0.385393
0.179847
0.118086
0.119051
0.153944
0.228097
0.123165
0.471431
0.275890
0.358119
0.283051
0.301285
0.210016
0.200467
0.330489
0.191579
0.150541
0.119102
0.081416
0.081416
0.074407
0.079994
0.080553
0.107674
0.649957
0.299457
0.162375
0.127939
0.228503
0.255320
0.319925
0.109655
0.190665
0.162984
0.470923
0.148865
0.554066
0.425466
0.401341
0.291483
0.105998
0.081060
0.094164
0.076642
0.096043
0.093606
0.073950
0.267764
0.510742
0.203007
0.056986
0.097364
0.206308
0.390472
0.222612
0.256895
0.182894
0.186195
0.263345
0.205292
0.132561
0.199807
0.435065
0.287724
0.096196
0.090101
0.082178
0.085835
0.091066
0.139773
0.082787
0.136015
0.288994
0.314135
0.441109
0.502616
0.140688
0.232668
0.320026
0.476459
0.467266
0.244553
0.385139
0.484636
0.412616
0.365737
0.305450
0.157804
0.120219
0.101783
0.113007
0.100462
0.088222
0.089238
0.108233
0.084971
0.134237
0.313576
0.374625
0.251257
0.393875
0.187516
0.176596
0.170857
0.204937
0.402763
0.279801
0.250546
0.481335
0.359642
0.500686
0.417035
0.129260
0.114531
0.097923
0.100056
0.115750
0.123318
0.099650
0.234395
0.384275
0.194982
0.220174
0.152420
0.246737
0.356849
0.183554
0.410788
0.312408
0.262177
0.358627
0.471735
0.257606
0.267053
0.232008
0.198283
0.121134
0.111077
0.111128
0.115750
0.107420
0.110112
0.108843
0.295749
0.530042
0.339479
0.754177
0.530093
0.622784
0.402509
0.362690
0.389354
0.300066
0.270049
0.271928
0.294276
0.295038
0.309411
0.383361
0.266392
0.174463
0.149474
0.143024
0.166641
0.139977
0.134339
0.127178
0.404795
0.484077
0.546396
0.419168
0.265681
0.268018
0.328356
0.278277
0.239575
0.291381
0.293819
0.388288
0.540759
0.394586
0.501194
0.418914
0.216618
0.152065
0.134390
0.128701
0.114683
0.099497
0.107370
0.107014
0.240439
0.444004
0.287369
0.239118
0.203159
0.166590
0.230687
0.244705
0.173092
0.218345
0.240845
0.383768
0.265986
0.233430
0.305501
0.405455
0.166692
0.141703
0.094317
0.095993
0.101884
0.082533
0.083702
0.095332
0.325969
0.517599
0.238610
0.315658
0.176799
0.260602
0.288994
0.169232
0.151861
0.269287
0.478897
0.551425
0.542435
0.478694
0.488902
0.559907
0.345523
0.260755
0.341917
0.195185
0.155975
0.141043
0.172685
0.171771
0.142668
0.168165
0.375286
0.405506
0.493016
0.475189
0.562243
0.405607
0.296815
0.507238
0.385494
0.310783
0.415105
0.322363
0.239067
0.312306
0.313322
0.256539
0.118594
0.126721
0.117985
0.120626
0.114582
0.124232
0.138605
0.281020
0.401392
0.487988
0.467266
0.520443
0.422215
0.229925
0.201229
0.389202
0.392503
0.567982
0.440906
0.368074
0.367261
0.338869
0.162578
0.085174
0.085987
0.084819
0.109503
0.108233
0.079994
0.137640
0.304739
0.499162
0.180202
0.111433
0.108385
0.150084
0.129616
0.098431
0.141450
0.271776
0.168978
0.227589
0.258012
0.258622
0.213317
0.469145
0.405506
0.114836
0.090507
0.113668
0.087003
0.092387
0.091371
0.106151
0.248921
0.391640
0.217533
0.153791
0.101427
0.150287
0.208492
0.150439
0.105592
0.183503
0.225557
0.318807
0.393214
0.384428
0.397278
0.232312
0.168520
0.146376
0.070649
0.080654
0.075677
0.079588
0.075931
0.090711
0.408858
0.332114
0.218091
0.441820
0.263091
0.149525
0.209305
0.270811
0.238407
0.639647
0.467926
0.262736
0.244248
0.183402
0.239271
0.407029
0.219666
0.124181
0.088222
0.089441
0.086444
0.107014
0.131799
0.113769
0.437960
0.202956
0.154503
0.365432
0.255879
0.253441
0.292854
0.167352
0.161867
0.211895
0.206968
0.317842
0.231805
0.307837
0.205445
0.359693
0.254558
0.097364
0.084463
0.097720
0.095332
0.087714
0.081721
0.108589
0.348418
0.232262
0.148205
0.370562
0.170654
0.105947
0.230738
0.168673
0.127330
0.156179
0.133171
0.212758
0.249581
0.178983
0.264970
0.393265
0.146884
0.098380
0.097973
0.234954
0.099040
0.096297
0.100869
0.085835
0.081772
0.198639
0.228808
0.309615
0.218599
0.503225
0.347148
0.226878
0.158718
0.139672
0.128854
0.158616
0.246788
0.163543
0.169485
0.262736
0.312967
0.100716
0.092234
0.086647
0.108081
0.075931
0.093250
0.078318
0.085073
0.236071
0.251257
0.386307
0.106252
0.331860
0.441871
0.377774
0.157499
0.236579
0.377927
0.306770
0.331606
0.202143
0.173193
0.247600
0.162730
0.134948
0.106912
0.105135
0.098989
0.107674
0.096501
0.081111
0.090507
0.268068
0.278836
0.168063
0.369089
0.245518
0.375946
0.519173
0.227487
0.490832
0.247295
0.446493
0.403423
0.235512
0.348519
0.232973
0.162070
0.228198
0.140231
0.113363
0.083905
0.083346
0.089492
0.156534
0.129158
0.153207
0.306732
0.127006
0.075337
0.226200
0.411312
0.111644
0.121976
0.366615
0.303527
0.145847
0.157209
0.126448
0.244823
0.400993
0.281532
0.063845
0.086902
0.057291
0.059374
0.050942
0.058916
0.051653
0.072223
0.124232
0.095891
0.075575
0.332267
0.318503
0.178272
0.202296
0.554370
0.240286
0.277820
0.218193
0.134085
0.163391
0.187364
0.310122
0.156026
0.127838
0.129869
0.141957
0.231474
0.290352
0.316008
0.321420
0.359323
0.449355
0.373797
0.369361
0.398531
0.529018
0.615974
0.497331
0.399740
0.425453
0.396306
0.416067
0.598048
0.614403
0.356645
0.473868
0.387221
0.313068
0.341257
0.367921
0.299203
0.302707
0.302148
0.292549
0.389964
0.497181
0.345574
0.310072
0.460562
0.405353
0.454467
0.477983
0.353903
0.395551
0.370410
0.502413
0.401442
0.340647
0.353040
0.369648
0.343034
0.358474
0.507136
0.331556
0.319366
0.308649
0.314947
0.310935
0.394687
0.535934
0.407131
0.358170
0.368277
0.433491
0.466504
0.372188
0.382599
0.402204
0.482706
0.476053
0.360100
0.391081
0.390929
0.359236
0.347758
0.367718
0.315201
0.308802
0.315760
0.303571
0.310935
0.315557
0.406623
0.344507
0.346488
0.452994
0.522017
0.435167
0.504800
0.619432
0.653766
0.506679
0.494185
0.599167
0.380568
0.451521
0.317589
0.357408
0.332013
0.398649
0.403931
0.342374
0.314186
0.309818
0.302199
0.308192
0.296257
0.416832
0.377724
0.527807
0.432780
0.305043
0.316979
0.407080
0.247499
0.291635
0.232516
0.245365
0.291737
0.346132
0.250952
0.283966
0.228605
0.227894
0.124689
0.120626
0.126263
0.220275
0.168571
0.110976
0.220783
0.251409
0.241150
0.395856
0.318325
0.326317
0.391869
0.300457
0.279207
0.287541
0.358307
0.356280
0.368322
0.424801
0.360826
0.331149
0.424658
0.324445
0.132917
0.127330
0.121184
0.129209
0.121134
0.142821
0.175987
0.206003
0.281934
0.346234
0.256692
0.280563
0.287673
0.258672
0.659404
0.324445
0.254000
0.337650
0.309157
0.298796
0.356951
0.308345
0.280918
0.179339
0.127990
0.126670
0.126670
0.130479
0.120016
0.156128
0.200010
0.444614
0.248413
0.314033
0.195388
0.400935
0.394332
0.262228
0.234446
0.382803
0.416019
0.382142
0.322464
0.281172
0.336584
0.279293
0.311798
0.311392
0.212352
0.146529
0.158261
0.124486
0.127939
0.128143
0.229671
0.330438
0.380568
0.248921
0.408756
0.395348
0.481487
0.368886
0.305805
0.296435
0.288689
0.381380
0.428107
0.353649
0.453299
0.393265
0.345269
0.201889
0.158820
0.130073
0.171619
0.145919
0.148560
0.181167
0.204175
0.298796
0.220885
0.317284
0.396922
0.268170
0.385444
0.487176
0.465793
0.457210
0.399817
0.567830
0.425415
0.320941
0.347504
0.380314
0.275585
0.206867
0.184316
0.161816
0.137640
0.158464
0.142415
0.185332
0.144395
0.212555
0.695312
0.451521
0.427244
0.357001
0.501143
0.343034
0.327594
0.417136
0.386459
0.443750
0.374118
0.376149
0.410991
0.342933
0.235614
0.324140
0.284728
0.169079
0.164965
0.151354
0.157550
0.139215
0.150490
0.329626
0.368632
0.398801
0.305196
0.320839
0.551933
0.570572
0.417746
0.444563
0.311037
0.289603
0.298847
0.315354
0.285032
0.295952
0.152268
0.208949
0.149728
0.146021
0.135863
0.153538
0.136574
0.131444
0.177967
0.407639
0.307532
0.355884
0.631876
0.793895
0.399766
0.364061
0.315455
0.325562
0.489613
0.467825
0.299609
0.478948
0.329118
0.515567
0.483823
0.267611
0.210676
0.274671
0.243131
0.196404
0.164102
0.159785
0.197115
0.233836
0.444512
0.312306
0.316776
0.309868
0.562852
0.361979
0.264818
0.420692
0.283305
0.304891
0.278125
0.380619
0.315963
0.367870
0.521459
0.278988
0.188075
0.189243
0.180050
0.176494
0.186602
0.180558
0.233481
0.309970
0.341561
0.402661
0.295444
0.281375
0.606074
0.452334
0.335619
0.335162
0.391742
0.408045
0.363452
0.358982
0.320230
0.406420
0.424552
0.332470
0.187770
0.145614
0.149271
0.146376
0.140129
0.137996
0.208746
0.317741
0.309716
0.491290
0.518665
0.635990
0.512824
0.504241
0.456422
0.595040
0.498292
0.366242
0.348315
0.324901
0.415409
0.391386
0.196658
0.163492
0.165676
0.276804
0.148865
0.145005
0.148865
0.136066
0.129869
0.175479
0.264208
0.482401
0.243080
0.200721
0.303063
0.176494
0.181904
0.219425
0.225386
0.332740
0.340223
0.316361
0.312378
0.578897
0.434491
0.341455
0.273475
0.246272
0.222151
0.216363
0.211742
0.207527
0.212072
0.291165
0.414718
0.279395
0.360176
0.372683
0.425358
0.483262
0.383796
0.401304
0.381667
0.383505
0.360120
0.265986
0.227640
0.248972
0.186424
0.174555
0.146397
0.128102
0.140261
0.126517
0.131190
0.184367
0.261517
0.201991
0.214384
0.210676
0.212911
0.360709
0.344659
0.271573
0.547158
0.598659
0.322921
0.294530
0.291076
0.309335
0.365090
0.360201
0.260755
0.217837
0.174971
0.184519
0.129311
0.132206
0.123114
0.138758
0.203337
0.308688
0.525014
0.270354
0.354157
0.319265
0.246178
0.222916
0.584997
0.514196
0.357662
0.322312
0.247905
0.367667
0.287165
0.455940
0.209508
0.201483
0.173346
0.141145
0.122099
0.115217
0.115966
0.106081
0.154655
0.167606
0.226065
0.236426
0.393570
0.316776
0.477373
0.245467
0.313119
0.315608
0.294073
0.311240
0.320585
0.300828
0.286454
0.308903
0.413073
0.215857
0.186881
0.183084
0.199394
0.174460
0.180862
0.234750
0.130377
0.190512
0.306161
0.345320
0.386917
0.427218
0.275293
0.277471
0.282798
0.458378
0.326934
0.484052
0.337028
0.359371
0.344600
0.429830
0.299251
0.223118
0.189293
0.156534
0.158413
0.117934
0.184926
0.133211
0.153695
0.317233
0.231647
0.227830
0.303550
0.315186
0.453131
0.293651
0.224135
0.219864
0.318467
0.391152
0.259790
0.245086
0.217649
0.236543
0.220087
0.197354
0.162190
0.164517
0.163700
0.169005
0.170464
0.168096
0.195227
0.422236
0.226935
0.307354
0.399677
0.876003
0.811840
0.565722
0.309551
0.239696
0.332479
0.381182
0.331076
0.242891
0.226225
0.336460
0.182223
0.158154
0.110432
0.109152
0.107486
0.126482
0.101051
0.100561
0.122591
0.221652
0.359688
0.423203
0.437915
0.508782
0.393362
0.292392
0.233069
0.302225
0.316974
0.334791
0.304746
0.278023
0.251577
0.318579
0.243090
0.155854
0.100005
0.087816
0.111687
0.090253
0.098888
0.097085
0.122340
0.260450
0.256387
0.319214
0.188075
0.376759
0.360709
0.184722
0.200670
0.267053
0.182645
0.236637
0.174980
0.156925
0.159477
0.226183
0.142402
0.177448
0.223127
0.135213
0.114257
0.124090
0.117583
0.123333
0.146899
0.316954
0.272665
0.417015
0.399584
0.562451
0.444649
0.365783
0.366616
0.448250
0.453456
0.420616
0.382264
0.374514
0.429956
0.342039
0.227015
0.198639
0.214841
0.110412
0.116385
0.106760
0.141358
0.111174
0.243202
0.323820
0.406882
0.224521
0.280375
0.350323
0.417919
0.289674
0.281462
0.355808
0.312073
0.391935
0.331774
0.325659
0.468302
0.302499
0.258779
0.192646
0.166895
0.133323
0.138605
0.130784
0.132511
0.141703
0.254025
0.180545
0.354786
0.262974
0.146622
0.415177
0.483479
0.207634
0.210933
0.254230
0.545445
0.368487
0.161413
0.238409
0.260095
0.242725
0.225964
0.146732
0.127076
0.124384
0.105592
0.135913
0.109909
0.166235
0.142008
0.252984
0.306770
0.201381
0.163543
0.249429
0.375794
0.157271
0.099535
0.146446
0.166143
0.187749
0.361384
0.230085
0.195290
0.237190
0.151710
0.102647
0.263193
0.095078
0.129438
0.136485
0.157169
0.205483
0.234617
0.317979
0.260925
0.204130
0.200648
0.373725
0.362494
0.314189
0.272260
0.339696
0.270031
0.487903
0.469661
0.289556
0.342679
0.769257
0.630692
0.429240
0.300861
0.204242
0.169087
0.126263
0.139266
0.197420
0.141703
0.220428
0.280563
0.575143
0.516786
0.274874
0.408629
0.508723
0.344412
0.397763
0.418254
0.379197
0.339936
0.305399
0.329524
0.338971
0.274925
0.253289
0.161588
0.162360
0.151785
0.153243
0.148652
0.186576
0.263812
0.303865
0.224709
0.269364
0.217081
0.335558
0.504708
0.303982
0.314597
0.441465
0.456910
0.339103
0.333933
0.301087
0.368140
0.438991
0.245284
0.195068
0.163180
0.152797
0.150145
0.169592
0.138859
0.167632
0.186386
0.273420
0.254660
0.278125
0.830311
0.782467
0.677688
0.672609
0.442836
0.437960
0.500787
0.452461
0.398078
0.368988
0.383057
0.456397
0.302682
0.248273
0.188532
0.190208
0.178577
0.182005
0.185548
0.235411
0.587104
0.367655
0.340101
0.333486
0.464879
0.414394
0.634618
0.481132
0.440043
0.332064
0.373356
0.458327
0.513942
0.423434
0.445630
0.497130
0.347504
0.222002
0.195815
0.176454
0.165747
0.167667
0.309599
0.255229
0.277084
0.426715
0.480654
0.519950
0.498436
0.583189
0.558246
0.476632
0.387551
0.516766
0.552694
0.531972
0.416563
0.539403
0.451958
0.489045
0.357189
0.265684
0.263651
0.264971
0.257276
0.258888
0.258857
0.258358
0.398720
0.395382
0.336271
0.339195
0.400920
0.427541
0.396055
0.298490
0.289196
0.378587
0.420184
0.339225
0.445325
0.433643
0.332064
0.409518
0.289349
0.290670
0.326883
0.134644
0.125298
0.119864
0.115293
0.113058
0.203870
0.293514
0.313475
0.558281
0.465539
0.560110
0.590126
0.462898
0.453654
0.403118
0.333790
0.400071
0.391031
0.393672
0.349180
0.354614
0.300676
0.197826
0.309716
0.155010
0.145056
0.141703
0.140586
0.140637
0.199858
0.221647
0.284778
0.504850
0.607446
0.665041
0.701356
0.503022
0.414191
0.337498
0.422673
0.606176
0.546803
0.467164
0.451216
0.482655
0.410839
0.339580
0.193560
0.180761
0.181523
0.181167
0.210371
0.190462
0.305501
0.432475
0.338920
0.320788
0.309564
0.314338
0.555183
0.320636
0.284677
0.299304
0.351567
0.387424
0.397430
0.304688
0.293616
0.374524
0.292346
0.167962
0.153436
0.141297
0.141450
0.145056
0.153030
0.353751
0.184926
0.185281
0.396414
0.230433
0.467672
0.543959
0.605363
0.451267
0.588755
0.519275
0.383818
0.455330
0.388643
0.323836
0.406064
0.365890
0.289451
0.253746
0.200345
0.295454
0.243283
0.162532
0.166408
0.193413
0.171593
0.388628
0.471812
0.326197
0.306166
0.387038
0.584123
0.338864
0.323638
0.364087
0.369760
0.373132
0.388598
0.388369
0.392910
0.393387
0.342156
0.160699
0.148560
0.139266
0.135660
0.164407
0.138453
0.140383
0.244299
0.316116
0.432526
0.280512
0.206562
0.258774
0.379501
0.844532
0.282899
0.278480
0.242775
0.395348
0.235715
0.339022
0.245823
0.213419
0.145208
0.110011
0.134242
0.143420
0.111209
0.112245
0.110112
0.106516
0.218345
0.224166
0.431891
0.206201
0.220067
0.341815
0.331952
0.447788
0.898426
0.381406
0.493707
0.457718
0.396795
0.439093
0.422012
0.387851
0.349068
0.240022
0.243862
0.204617
0.172271
0.178548
0.200250
0.149086
0.231306
0.242881
0.242775
0.188329
0.338311
0.465488
0.533902
0.405252
0.331048
0.443293
0.449337
0.512418
0.547869
0.332927
0.543400
0.424907
0.331657
0.262634
0.230535
0.218802
0.189700
0.188379
0.187617
0.202702
0.280461
0.256234
0.499670
0.356646
0.472447
0.796841
0.735690
0.362334
0.462492
0.448220
0.318757
0.354919
0.518665
0.446950
0.350348
0.425466
0.341866
0.227589
0.160242
0.163442
0.168419
0.143532
0.157398
0.144700
0.241353
0.341257
0.400935
0.240693
0.354106
0.366448
0.576972
0.363960
0.467977
0.525420
0.616182
0.610747
0.558434
0.467977
0.381025
0.461425
0.378841
0.254355
0.249835
0.197877
0.185535
0.169841
0.176647
0.168317
0.183859
0.292702
0.341257
0.280766
0.569658
0.769618
0.585403
0.421504
0.353395
0.427091
0.438570
0.428412
0.410077
0.370054
0.398192
0.390624
0.322617
0.416883
0.402966
0.192646
0.171974
0.173549
0.169181
0.311798
0.230332
0.354462
0.316370
0.293057
0.321347
0.439814
0.520710
0.548784
0.432475
0.355021
0.365788
0.376657
0.471837
0.426990
0.424145
0.637361
0.409061
0.205445
0.184062
0.206918
0.171619
0.174717
0.171974
0.168622
0.263701
0.328000
0.379349
0.390167
0.654629
0.655950
0.687135
0.373610
0.367870
0.577886
0.489563
0.608055
0.578750
0.518716
0.308599
0.476103
0.344507
0.234395
0.227132
0.185484
0.176494
0.214739
0.301437
0.163289
0.631063
0.342222
0.513231
0.480268
0.429478
0.527909
0.548326
0.322515
0.419778
0.689420
0.289959
0.414800
0.524252
0.364823
0.297679
0.392046
0.380771
0.165727
0.294733
0.156585
0.150744
0.154604
0.148509
0.160039
0.254609
0.336482
0.237645
0.193154
0.212098
0.337701
0.402204
0.287165
0.345726
0.427345
0.348977
0.323683
0.369496
0.366753
0.454264
0.466149
0.287826
0.194271
0.170146
0.153588
0.182945
0.157651
0.142110
0.143989
0.255727
0.270760
0.333994
0.488445
0.281172
0.396465
0.452537
0.456753
0.317741
0.366855
0.254355
0.379755
0.266037
0.354310
0.370308
0.360861
0.294835
0.158109
0.138504
0.124638
0.115140
0.125502
0.111280
0.192341
0.150389
0.263396
0.190259
0.246889
0.266646
0.188887
0.403931
0.338768
0.358677
0.384377
0.367058
0.410788
0.417949
0.491696
0.413276
0.386205
0.310681
0.194576
0.191681
0.164965
0.144599
0.142465
0.172330
0.151607
0.220936
0.302301
0.229265
0.250546
0.236884
0.524151
0.618975
0.351821
0.396770
0.407029
0.446341
0.495505
0.375336
0.367769
0.350653
0.464422
0.328711
0.208238
0.204429
0.178932
0.164660
0.169689
0.168774
0.200366
0.397328
0.250800
0.253238
0.330743
0.417238
1.000000
0.675199
0.502768
0.381533
0.411194
0.370664
0.454111
0.452232
0.303367
0.239728
0.325004
0.308446
0.161613
0.133374
0.131444
0.128600
0.110163
0.122302
0.114125
0.234852
0.294885
0.244350
0.260044
0.219361
0.415257
0.616029
0.381127
0.413581
0.301285
0.535832
0.524608
0.449337
0.382142
0.287318
0.354208
0.276906
0.189751
0.146782
0.130530
0.117528
0.165727
0.127990
0.115039
0.195642
0.248870
0.299761
0.205546
0.149474
0.142313
0.257403
0.239728
0.360963
0.261161
0.236630
0.301539
0.270405
0.258317
0.313627
0.324750
0.271624
0.189598
0.222662
0.165981
0.181777
0.164102
0.153995
0.136726
0.157956
0.227792
0.231449
0.220275
0.424349
0.434811
0.410991
0.624206
0.330946
0.554269
0.454162
0.418457
0.352380
0.335720
0.581949
0.368531
0.300777
0.230027
0.162477
0.150033
0.138910
0.140485
0.123521
0.116207
0.330489
0.347961
0.473919
0.248007
0.277719
0.462593
0.504038
0.465031
0.555285
0.347148
0.496419
0.556707
0.394332
0.419778
0.591803
0.493321
0.280004
0.204073
0.164965
0.145462
0.139621
0.121286
0.146325
0.096094
0.163797
0.320484
0.240286
0.331200
0.462695
0.392656
0.348723
0.404896
0.519072
0.407842
0.378028
0.558840
0.730408
0.697547
0.480421
0.329473
0.546549
0.245365
0.171517
0.255980
0.239880
0.134136
0.124537
0.125298
0.129920
0.289857
0.322058
0.174818
0.211590
0.307481
0.371680
0.361623
0.429885
0.481893
0.313881
0.370613
0.407283
0.433592
0.322515
0.348723
0.322921
0.227691
0.159175
0.147087
0.140078
0.130123
0.137386
0.134288
0.159785
0.334095
0.481335
0.213368
0.258266
0.219361
0.359033
0.260450
0.207984
0.345167
0.311900
0.334501
0.240642
0.221342
0.282086
0.294174
0.243893
0.209762
0.141957
0.142922
0.122556
0.154756
0.132663
0.136828
0.226116
0.271725
0.217228
0.318300
0.386663
0.863883
0.373000
0.304129
0.241759
0.235157
0.190462
0.455483
0.252730
0.230687
0.153030
0.187871
0.214841
0.100767
0.090660
0.071817
0.107573
0.081264
0.147341
0.077810
0.128041
0.260602
0.290721
0.497943
0.592412
0.716695
0.315709
0.164864
0.151811
0.216415
0.218650
0.216822
0.244553
0.276804
0.272335
0.260907
0.255320
0.113921
0.088374
0.083905
0.078165
0.092336
0.083041
0.077810
0.088425
0.228808
0.199959
0.205495
0.419016
0.467317
0.570826
0.423130
0.463355
0.404896
0.332825
0.293209
0.385596
0.317131
0.333486
0.272132
0.244400
0.151049
0.135152
0.128854
0.128295
0.129717
0.129717
0.162934
0.279344
0.330032
0.321296
0.351008
0.294378
0.427853
0.330438
0.240947
0.216974
0.232871
0.243283
0.400731
0.407944
0.307989
0.278176
0.325816
0.346437
0.329423
0.140231
0.119610
0.112093
0.110519
0.103611
0.129717
0.165016
0.314541
0.218345
0.252120
0.192900
0.366042
0.410991
0.205038
0.204937
0.287978
0.423434
0.394586
0.301641
0.409823
0.321144
0.291584
0.242724
0.145157
0.128143
0.134847
0.120270
0.111687
0.142313
0.108233
0.148611
0.228300
0.247397
0.256438
0.247245
0.369800
0.434608
0.442938
0.255980
0.375032
0.314389
0.522424
0.570268
0.618112
0.394789
0.421758
0.343898
0.168622
0.361623
0.171974
0.133018
0.131850
0.129666
0.101580
0.155010
0.278125
0.287876
0.220682
0.345726
0.516481
0.559653
0.560465
0.519681
0.503124
0.506984
0.648179
0.494235
0.385698
0.428412
0.498400
0.237645
0.123876
0.106963
0.106506
0.102595
0.113820
0.105795
0.097161
0.173041
0.308192
0.218802
0.364163
0.506323
0.776373
0.509218
0.453451
0.380314
0.398954
0.509929
0.503987
0.441465
0.267205
0.288283
0.219056
0.223323
0.177815
0.113617
0.140281
0.097770
0.102240
0.095840
0.093148
0.113414
0.260501
0.266392
0.435624
0.482604
0.356087
0.510742
0.306770
0.422419
0.481843
0.337650
0.292448
0.318706
0.254050
0.263142
0.250444
0.294174
0.283610
0.277871
0.175377
0.140789
0.112855
0.100513
0.115648
0.143481
0.226015
0.197674
0.201686
0.289197
0.425110
0.721266
0.378435
0.253390
0.382092
0.326121
0.400884
0.297780
0.274062
0.316522
0.388796
0.203565
0.130530
0.203159
0.120727
0.148865
0.125451
0.163949
0.098126
0.090660
0.224338
0.453705
0.435370
0.206765
0.467723
0.768246
0.388440
0.220580
0.254660
0.264513
0.470212
0.356646
0.394281
0.378689
0.458733
0.313678
0.205089
0.112652
0.090253
0.095231
0.090101
0.112449
0.087917
0.130174
0.214638
0.242724
0.329372
0.346640
0.440601
0.341968
0.327188
0.207222
0.231449
0.179897
0.263548
0.245111
0.372238
0.347859
0.405963
0.264056
0.129412
0.098278
0.087917
0.089796
0.128752
0.093656
0.096907
0.211946
0.235969
0.192392
0.157804
0.135355
0.212200
0.174107
0.104170
0.108487
0.233785
0.168267
0.199401
0.255828
0.198994
0.375692
0.230941
0.165879
0.158515
0.126771
0.093758
0.094215
0.128193
0.101427
0.092183
0.149982
0.295952
0.394027
0.146630
0.258723
0.105490
0.199350
0.148408
0.134187
0.220631
0.347097
0.233633
0.227183
0.187922
0.223373
0.182640
0.150338
0.148712
0.119458
0.128854
0.134491
0.125451
0.129362
0.168114
0.145208
0.289908
0.294378
0.280817
0.233277
0.636294
0.313221
0.329930
0.244502
0.156940
0.111128
0.184164
0.307126
0.206867
0.198588
0.214790
0.172279
0.139824
0.164610
0.112906
0.122251
0.123724
0.253898
0.166794
0.224999
0.261009
0.255777
0.144802
0.128854
0.147138
0.235004
0.223932
0.278684
0.201128
0.215196
0.219259
0.221799
0.190512
0.283153
0.268018
0.170755
0.152319
0.114988
0.129920
0.132155
0.136015
0.263701
0.112347
0.263650
0.443090
0.183402
0.155010
0.381787
0.718421
0.515059
0.301234
0.396821
0.364163
0.418101
0.411905
0.447560
0.356036
0.359642
0.479709
0.411804
0.285235
0.167149
0.146935
0.143380
0.137386
0.133729
0.161765
0.131342
0.311494
0.549444
0.228808
0.280867
0.254254
0.496013
0.459140
0.428463
0.490528
0.342577
0.433084
0.455889
0.405709
0.334248
0.263294
0.295038
0.183148
0.165575
0.250851
0.148357
0.144599
0.145716
0.152014
0.290213
0.370308
0.317589
0.310021
0.428107
0.398090
0.303164
0.339022
0.369394
0.419930
0.510133
0.755600
0.403372
0.471431
0.241150
0.348621
0.210219
0.327899
0.142313
0.100716
0.108284
0.101072
0.107471
0.104729
0.180405
0.393824
0.260501
0.245416
0.351414
0.322871
0.306618
0.220732
0.195287
0.421047
0.194880
0.276296
0.405963
0.331099
0.242674
0.384529
0.275230
0.118137
0.114175
0.178374
0.117528
0.117121
0.098786
0.283864
0.266545
0.384428
0.218345
0.173142
0.156839
0.163492
0.232465
0.149576
0.187059
0.177510
0.158363
0.253238
0.251613
0.312662
0.310376
0.239779
0.198994
0.161512
0.242318
0.107166
0.110874
0.112093
0.109909
0.152522
0.367870
0.386917
0.335467
0.235563
0.745950
0.798974
0.369292
0.178628
0.187719
0.187008
0.269897
0.281883
0.320788
0.421149
0.518716
0.303672
0.176342
0.548885
0.191579
0.113617
0.261771
0.222053
0.219158
0.250343
0.437554
0.456702
0.451775
0.291940
0.261771
0.284474
0.394891
0.248565
0.165625
0.309310
0.298136
0.378536
0.393773
0.254609
0.241963
0.198893
0.172584
0.113921
0.104119
0.095028
0.113718
0.087511
0.114429
0.082889
0.084311
0.126517
0.158363
0.138859
0.509066
0.272081
0.237645
0.312967
0.385240
0.325715
0.284372
0.227081
0.203819
0.236274
0.257301
0.183250
0.158159
0.117020
0.125654
0.116359
0.147138
0.121032
0.116410
0.120524
0.110823
0.224694
0.189598
0.307735
0.353700
0.267561
0.527147
0.325055
0.340749
0.368785
0.417086
0.358271
0.289349
0.197623
0.366753
0.317335
0.328559
0.276957
0.173295
0.183148
0.130327
0.139012
0.121845
0.117020
0.321042
0.324445
0.245823
0.185992
0.224491
0.390319
0.315100
0.281172
0.260958
0.408502
0.259688
0.485347
0.261313
0.265377
0.278226
0.430494
0.279344
0.177206
0.131596
0.133679
0.119813
0.134288
0.124232
0.109147
0.176494
0.456092
0.371578
0.525776
0.286861
0.390675
0.433135
0.272386
0.231297
0.284169
0.260348
0.609376
0.658337
0.336482
0.361725
0.319519
0.228249
0.162578
0.192341
0.146884
0.155417
0.148052
0.142922
0.158616
0.307938
0.602164
0.317487
0.234496
0.264361
0.199959
0.261059
0.201280
0.205140
0.206410
0.321144
0.315862
0.435827
0.433897
0.325918
0.234903
0.205648
0.140383
0.143837
0.150693
0.127939
0.143989
0.121337
0.166844
0.174717
0.734573
0.348316
0.224338
0.231195
0.450150
0.462390
0.319976
0.280867
0.246229
0.312916
0.390319
0.319671
0.286505
0.319214
0.351161
0.297882
0.126365
0.217583
0.125806
0.121642
0.118442
0.115394
0.137488
0.550003
0.320890
0.287267
0.178221
0.184418
0.282239
0.238052
0.223678
0.219006
0.272792
0.250648
0.307989
0.239829
0.332673
0.435472
0.422114
0.251562
0.143227
0.107573
0.121845
0.099903
0.118188
0.099192
0.085174
0.095129
0.395449
0.212047
0.327391
0.255117
0.181573
0.370867
0.382549
0.417644
0.333486
0.384834
0.489664
0.432170
0.533293
0.392859
0.377520
0.221545
0.133476
0.109604
0.249225
0.089034
0.101072
0.096247
0.092793
0.094469
0.229265
0.513028
0.332114
0.293616
0.386866
0.410432
0.227538
0.150744
0.214130
0.313982
0.409112
0.923968
0.703591
0.583371
0.460460
0.324648
0.223678
0.175276
0.154350
0.124841
0.132815
0.119965
0.131799
0.175326
0.553355
0.420793
0.278176
0.288841
0.443141
0.331759
0.323328
0.435065
0.635025
0.481284
0.483874
0.524862
0.466910
0.527046
0.341510
0.445020
0.298390
0.349738
0.144141
0.108131
0.149322
0.316065
0.135304
0.148052
0.553253
0.434557
0.441262
0.637005
0.239575
0.214841
0.148357
0.258977
0.349231
0.290822
0.389862
0.342171
0.212098
0.470466
0.278074
0.201432
0.114328
0.109960
0.090914
0.122607
0.086444
0.089238
0.077150
0.265021
0.449337
0.250292
0.170501
0.268475
0.292854
0.242623
0.168165
0.342374
0.283864
0.328051
0.444918
0.346031
0.359287
0.265021
0.208187
0.207832
0.120423
0.100767
0.096856
0.077708
0.085378
0.086343
0.084768
0.333587
0.269033
0.410686
0.426583
0.243131
0.179694
0.368480
0.230738
0.136472
0.175225
0.198740
0.239271
0.277363
0.182031
0.193154
0.311545
0.213927
0.134034
0.104982
0.100259
0.087308
0.089441
0.085886
0.090304
0.282086
0.322617
0.408299
0.179440
0.157093
0.178475
0.467926
0.230840
0.354208
0.359135
0.244908
0.275230
0.249124
0.206613
0.166032
0.223170
0.227894
0.134187
0.105084
0.090914
0.102189
0.091066
0.083651
0.093809
0.086698
0.214587
0.257961
0.297577
0.271065
0.769618
0.726142
0.373914
0.228351
0.272690
0.203362
0.275281
0.221545
0.434151
0.383971
0.192239
0.259942
0.168063
0.147544
0.135710
0.108995
0.108131
0.105338
0.111534
0.158109
0.151861
0.322515
0.385698
0.272081
0.441617
0.376098
0.345218
0.241404
0.287064
0.329321
0.495810
0.378892
0.394637
0.539184
0.491899
0.659708
0.270760
0.242470
0.231043
0.223780
0.234954
0.239880
0.234954
0.403169
0.508304
0.492966
0.233481
0.372340
0.379146
0.296612
0.242267
0.201381
0.216212
0.140942
0.413022
0.303266
0.277769
0.310275
0.213825
0.288537
0.187211
0.152014
0.143837
0.134948
0.163949
0.127025
0.133120
0.260856
0.335314
0.293565
0.319874
0.458835
0.996242
0.278836
0.231754
0.189294
0.287064
0.219767
0.296562
0.284423
0.281782
0.310173
0.283661
0.320890
0.207832
0.127990
0.142516
0.115496
0.124029
0.111687
0.119661
0.368683
0.320890
0.338260
0.222866
0.165829
0.183351
0.296866
0.261771
0.134644
0.165016
0.126670
0.310326
0.279547
0.261771
0.341510
0.345421
0.289705
0.147798
0.140434
0.130479
0.131139
0.137640
0.138402
0.160445
0.312154
0.252273
0.336939
0.224745
0.282696
0.848596
0.600945
0.281934
0.508609
0.546396
0.640713
0.626847
0.460968
0.422927
0.510539
0.511555
0.376251
0.290670
0.187364
0.160750
0.164153
0.125959
0.123978
0.135202
0.269897
0.463914
0.174006
0.219564
0.164000
0.176698
0.287419
0.283204
0.292854
0.291178
0.174564
0.179237
0.111433
0.139672
0.122911
0.153690
0.170197
0.159074
0.139520
0.128092
0.130631
0.117477
0.120829
0.121337
0.121692
0.181116
0.192290
0.153893
0.316166
0.485652
0.351211
0.530652
0.281071
0.313881
0.254406
0.546904
0.584997
0.395957
0.226827
0.319722
0.165625
0.095231
0.119864
0.075778
0.092183
0.085581
0.086952
0.078419
0.080197
0.118086
0.382549
0.393519
0.186043
0.281121
0.445274
0.174463
0.344152
0.159429
0.110722
0.160191
0.170806
0.244299
0.254558
0.354716
0.132561
0.119712
0.112398
0.106963
0.099700
0.103764
0.106963
0.099853
0.249479
0.362995
0.268068
0.162375
0.151150
0.277312
0.395144
0.191935
0.148712
0.346691
0.426431
0.209406
0.264615
0.217837
0.205191
0.162832
0.255574
0.114683
0.084006
0.093301
0.088273
0.080146
0.114886
0.085225
0.217685
0.267256
0.223678
0.099650
0.116613
0.216618
0.132714
0.176698
0.145411
0.308649
0.255269
0.337193
0.179745
0.192036
0.211438
0.346589
0.203108
0.161410
0.132460
0.145208
0.180405
0.140942
0.140485
0.123013
0.238306
0.292905
0.486718
0.423485
0.200670
0.311341
0.335314
0.187008
0.152877
0.211082
0.375540
0.410534
0.419473
0.434913
0.365026
0.258215
0.211895
0.166489
0.133933
0.116004
0.093098
0.113718
0.118493
0.098075
0.252425
0.408858
0.273198
0.226980
0.384834
0.733709
0.468739
0.353395
0.317690
0.589669
0.454061
0.642237
0.667581
0.388999
0.374118
0.325867
0.210473
0.152369
0.153893
0.131393
0.136523
0.156636
0.124537
0.130987
0.202042
0.478287
0.337600
0.204581
0.239118
0.253746
0.566458
0.300066
0.596678
0.378739
0.387526
0.427955
0.366499
0.542079
0.374575
0.275687
0.258520
0.213927
0.180253
0.178678
0.154045
0.155010
0.156636
0.197521
0.148865
0.164407
0.301945
0.878155
0.758799
0.534867
0.498959
0.326629
0.381787
0.299863
0.325969
0.353243
0.408045
0.314186
0.304536
0.301336
0.248819
0.172228
0.281121
0.171517
0.191833
0.158515
0.152217
0.156229
0.184367
0.270963
0.429428
0.329473
0.559399
0.627863
0.544974
0.375692
0.508355
0.436386
0.347250
0.389101
0.468180
0.335263
0.267713
0.272030
0.269237
0.165625
0.160039
0.152166
0.166184
0.151506
0.133374
0.136625
0.243791
0.295190
0.313424
0.374829
0.424653
0.836355
0.606786
0.335619
0.178171
0.359896
0.338057
0.465945
0.332419
0.441871
0.462796
0.413327
0.307837
0.136675
0.117172
0.115648
0.151709
0.120778
0.112703
0.137793
0.158109
0.354208
0.221799
0.273452
0.319519
0.294581
0.270151
0.210524
0.218904
0.264666
0.241505
0.275281
0.396414
0.300066
0.220936
0.237696
0.265224
0.145817
0.096755
0.084514
0.094113
0.093606
0.086241
0.083600
0.255320
0.502819
0.454213
0.372441
0.449388
0.622581
0.383564
0.363452
0.320128
0.344786
0.388148
0.358531
0.292654
0.239831
0.269034
0.335924
0.147798
0.082203
0.087041
0.077169
0.060856
0.062883
0.085380
0.056124
0.272945
0.289756
0.085784
0.398751
0.178831
0.058408
0.127076
0.080959
0.055208
0.070496
0.072121
0.271979
0.215806
0.162375
0.202346
0.128904
0.111077
0.089034
0.095383
0.077200
0.073899
0.072426
0.090711
0.064808
0.322160
0.185027
0.187973
0.137437
0.113160
0.101732
0.277363
0.152674
0.114175
0.157296
0.189040
0.237696
0.174717
0.154756
0.205495
0.142059
0.116004
0.082533
0.083397
0.087308
0.110315
0.082330
0.076845
0.075220
0.076540
0.125959
0.426837
0.872873
0.612576
0.363604
0.314236
0.233277
0.182081
0.394535
0.322414
0.506577
0.493880
0.389862
0.184519
0.337244
0.135050
0.104830
0.107065
0.085733
0.108868
0.123279
0.126600
0.127117
0.147235
0.392628
0.453412
0.258450
0.235934
0.546836
0.930282
0.744358
0.551924
0.406822
0.351158
0.316978
0.448168
0.294276
0.227843
0.340291
0.228757
0.148814
0.128244
0.128549
0.130885
0.122353
0.156433
0.125603
0.407944
0.350145
0.319671
0.277007
0.271421
0.219463
0.310630
0.277795
0.411562
0.551202
0.773316
0.396567
0.402433
0.353383
0.231087
0.181291
0.177039
0.105864
0.096840
0.084362
0.088781
0.087968
0.097008
0.106608
0.254000
0.414140
0.228300
0.136269
0.208238
0.388542
0.177663
0.274265
0.320737
0.228605
0.327899
0.316522
0.395602
0.245264
0.397684
0.240185
0.224288
0.118797
0.127193
0.169125
0.226507
0.085332
0.090792
0.111788
0.283057
0.330352
0.201407
0.145045
0.190538
0.430073
0.376022
0.454584
0.433384
0.344411
0.142582
0.216725
0.221113
0.255671
0.325441
0.425938
0.254462
0.128229
0.178628
0.101580
0.101478
0.086647
0.095637
0.135812
0.280004
0.304383
0.209254
0.251257
0.655696
0.358322
0.434761
0.441160
0.178272
0.117375
0.217228
0.227538
0.375590
0.300625
0.265580
0.288537
0.181370
0.109808
0.109655
0.103408
0.081619
0.089542
0.086546
0.197928
0.227284
0.287064
0.199807
0.114683
0.327442
0.143938
0.186551
0.171771
0.172228
0.256844
0.350602
0.224694
0.379654
0.337549
0.224440
0.253695
0.152065
0.172584
0.092082
0.088171
0.084768
0.093860
0.081721
0.078165
0.084616
0.103306
0.394789
0.272944
0.278430
0.210524
0.263853
0.189954
0.237747
0.487176
0.432881
0.627355
0.605973
0.459648
0.287623
0.384783
0.266900
0.156890
0.264513
0.174818
0.095891
0.114785
0.087765
0.213571
0.241912
0.319519
0.492712
0.433338
0.324039
0.238610
0.661994
0.656864
0.418863
0.166946
0.213419
0.244299
0.288537
0.212200
0.175682
0.213622
0.185078
0.143278
0.093504
0.081213
0.089542
0.094418
0.076235
0.084514
0.127686
0.444969
0.461781
0.679059
0.232871
0.690843
0.808624
0.218650
0.160140
0.160546
0.328610
0.368277
0.319823
0.436944
0.255777
0.401646
0.222561
0.135964
0.089898
0.076591
0.083600
0.075778
0.078369
0.080248
0.394230
0.439230
0.237087
0.127736
0.144852
0.105694
0.205749
0.157499
0.245873
0.229621
0.563665
0.487836
0.423028
0.245772
0.263599
0.230586
0.174615
0.206105
0.129717
0.093504
0.077099
0.093453
0.078165
0.113921
0.245721
0.398090
0.192900
0.137539
0.207730
0.135406
0.229062
0.132714
0.095891
0.157296
0.126568
0.268221
0.198131
0.181066
0.258063
0.274112
0.145056
0.091015
0.078064
0.080857
0.109706
0.081467
0.070903
0.105643
0.276754
0.322312
0.185027
0.180608
0.103256
0.575245
0.288740
0.252070
0.270049
0.286150
0.221240
0.347199
0.319569
0.325258
0.310580
0.343491
0.129158
0.089542
0.079791
0.086952
0.210625
0.173193
0.088577
0.096399
0.304586
0.390980
0.312408
0.133882
0.106354
0.095332
0.166844
0.130327
0.144903
0.275230
0.166235
0.164864
0.184215
0.342069
0.343999
0.163695
0.133831
0.102087
0.082025
0.088679
0.096704
0.088323
0.079537
0.090761
0.120930
0.145513
0.399258
0.228452
0.311037
0.277465
0.325309
0.229011
0.291584
0.202600
0.192849
0.288384
0.202905
0.123775
0.148001
0.177459
0.125755
0.095586
0.101478
0.089136
0.088933
0.107674
0.081670
0.076032
0.290873
0.837473
0.392402
0.615674
0.255066
0.398801
0.969983
0.219869
0.257250
0.184976
0.161207
0.183859
0.247956
0.209406
0.259485
0.320280
0.185180
0.109554
0.091269
0.091828
0.111890
0.096755
0.090355
0.093453
0.386866
0.386866
0.194474
0.244451
0.166133
0.204276
0.205140
0.579359
0.424857
0.282137
0.189903
0.242521
0.257453
0.414089
0.448626
0.322769
0.293463
0.120169
0.093860
0.093555
0.094317
0.094875
0.081568
0.117731
0.324191
0.330184
0.295546
0.154198
0.188024
0.474173
0.256234
0.336482
0.420082
0.217025
0.436233
0.203362
0.218294
0.168267
0.222510
0.250546
0.338666
0.101529
0.120321
0.095332
0.089288
0.087206
0.085682
0.092031
0.305450
0.319925
0.172685
0.129717
0.118493
0.261923
0.183656
0.213063
0.155315
0.265377
0.243385
0.264208
0.183554
0.224745
0.505003
0.391538
0.175580
0.108487
0.089187
0.089644
0.084159
0.096145
0.088730
0.081772
0.423536
0.221139
0.138605
0.165879
0.186297
0.405302
0.536543
0.268780
0.229875
0.334095
0.436335
0.455076
0.346640
0.368632
0.395449
0.436792
0.333790
0.290416
0.240337
0.215399
0.207476
0.218091
0.176698
0.087003
0.350805
0.295495
0.385190
0.579715
0.308446
0.203311
0.249022
0.168978
0.201991
0.176494
0.211793
0.253441
0.193306
0.200061
0.137234
0.174717
0.146579
0.116867
0.111941
0.137590
0.087866
0.106709
0.098989
0.171060
0.093352
0.156433
0.346285
0.324953
0.383463
0.213216
0.438773
0.209711
0.464320
0.428666
0.530550
0.435421
0.468637
0.261161
0.219615
0.185687
0.172990
0.308954
0.271116
0.223526
0.191630
0.117375
0.088577
0.085378
0.184976
0.111788
0.404337
0.383209
0.366245
0.408451
0.724973
0.499467
0.347656
0.298136
0.261974
0.366651
0.349027
0.617045
0.582356
0.243842
0.146986
0.104119
0.080146
0.113972
0.087155
0.080146
0.091625
0.099091
0.294835
0.456041
0.181624
0.137590
0.108893
0.108182
0.191630
0.170298
0.270862
0.266850
0.332978
0.336228
0.286302
0.303367
0.187008
0.194017
0.176494
0.078673
0.083600
0.082584
0.083702
0.097618
0.084260
0.085073
0.282391
0.296562
0.297780
0.225913
0.298542
0.294733
0.355071
0.346589
0.259129
0.449794
0.329880
0.211692
0.168470
0.223348
0.242534
0.200772
0.163695
0.117934
0.079892
0.109249
0.076743
0.081670
0.089034
0.083346
0.337498
0.243537
0.225151
0.341714
0.295698
0.295393
0.162324
0.135456
0.123318
0.179085
0.278328
0.369292
0.230433
0.492255
0.321449
0.240185
0.307177
0.109655
0.110773
0.097161
0.092336
0.081314
0.112499
0.134745
0.281172
0.380365
0.323480
0.176494
0.171060
0.295850
0.661588
0.148916
0.097618
0.188075
0.176444
0.168165
0.206867
0.262989
0.425822
0.223577
0.195439
0.101224
0.106811
0.095180
0.126568
0.101224
0.115547
0.162426
0.358881
0.349942
0.188989
0.201788
0.209762
0.181370
0.228808
0.158566
0.124435
0.164813
0.165727
0.206664
0.174463
0.581238
0.473259
0.200569
0.233277
0.102951
0.091879
0.088577
0.084768
0.118035
0.118035
0.088019
0.219971
0.845650
0.759002
0.288080
0.293311
0.324750
0.395754
0.308091
0.773427
0.778125
0.782823
0.456397
0.277922
0.361014
0.164711
0.397481
0.375641
0.294987
0.217329
0.204886
0.243334
0.216009
0.173498
0.101732
0.105643
0.292600
0.546752
0.338514
0.282594
0.147798
0.223170
0.260806
0.490578
0.307938
0.239931
0.352532
0.318604
0.212504
0.354716
0.213673
0.188735
0.111128
0.092996
0.091269
0.104830
0.097770
0.095129
0.098431
0.210016
0.470059
0.216009
0.203921
0.276703
0.269440
0.339479
0.189954
0.111941
0.120016
0.271471
0.354563
0.331048
0.358881
0.212250
0.211844
0.185027
0.088527
0.084413
0.090964
0.093860
0.123013
0.101884
0.100615
0.143024
0.511504
0.187567
0.264462
0.305094
0.209355
0.204124
0.209813
0.418711
0.258876
0.158616
0.240439
0.216974
0.164711
0.294073
0.249784
0.176799
0.105236
0.117782
0.103205
0.117172
0.101072
0.091472
0.146071
0.283864
0.426634
0.239829
0.126619
0.170197
0.240591
0.489664
0.585708
0.240388
0.358271
0.256793
0.319061
0.323429
0.410178
0.606938
0.436538
0.322566
0.211235
0.151811
0.091472
0.086393
0.092082
0.093504
0.082889
0.139824
0.406623
0.342171
0.189497
0.229265
0.242572
0.564528
0.235665
0.133222
0.236782
0.251511
0.295495
0.329372
0.360252
0.181980
0.181624
0.182691
0.090812
0.087409
0.077099
0.091472
0.128295
0.088984
0.093250
0.431002
0.850932
0.329423
0.226980
0.184265
0.287876
0.758749
0.650820
0.407588
0.255930
0.129971
0.217482
0.298339
0.332064
0.161867
0.146935
0.186398
0.148916
0.088019
0.100919
0.100869
0.093301
0.105490
0.087816
0.103154
0.151506
0.463508
0.558078
0.171263
0.306008
0.232566
0.246991
0.416629
0.221393
0.307837
0.341104
0.335467
0.389761
0.183300
0.209305
0.201839
0.143075
0.143075
0.094926
0.091218
0.096907
0.096399
0.091980
0.087968
0.122251
0.335009
0.620702
0.366905
0.310326
0.313119
0.508609
0.423028
0.444106
0.252120
0.220529
0.295850
0.362334
0.269897
0.268780
0.397379
0.330845
0.237696
0.260806
0.239321
0.274417
0.245162
0.124689
0.097110
0.619229
0.745391
0.476916
0.269897
0.415714
0.287419
0.209000
0.229468
0.256742
0.191528
0.163391
0.436183
0.296714
0.171517
0.158769
0.145411
0.251206
0.117985
0.085936
0.082838
0.112093
0.086190
0.079588
0.084463
0.176444
0.392300
0.338463
0.235614
0.221139
0.199959
0.338463
0.264462
0.099091
0.356747
0.227538
0.264767
0.228808
0.224186
0.209863
0.206968
0.255473
0.191477
0.084108
0.090660
0.115445
0.097364
0.096755
0.105084
0.277058
0.407994
0.156991
0.175885
0.107065
0.134694
0.173752
0.143024
0.146884
0.216212
0.174666
0.191376
0.401696
0.262634
0.307583
0.315709
0.181827
0.124790
0.091269
0.090558
0.076743
0.090660
0.096450
0.101630
0.289603
0.460613
0.421200
0.248616
0.234293
0.630911
0.330692
0.175022
0.098075
0.167149
0.180507
0.432424
0.397582
0.268018
0.184367
0.186449
0.204480
0.147189
0.081670
0.092082
0.104678
0.097415
0.086241
0.107420
0.451572
0.359896
0.139012
0.182691
0.207679
0.163137
0.170958
0.121286
0.301996
0.516126
0.366855
0.487531
0.403118
0.186500
0.400020
0.187364
0.235614
0.115851
0.121032
0.115598
0.145310
0.091371
0.099954
0.132155
0.129260
0.256082
0.951953
0.615267
0.322871
0.379958
0.154452
0.312256
0.282391
0.290721
0.323277
0.311951
0.310580
0.139113
0.136980
0.203769
0.174107
0.122860
0.114226
0.105186
0.192646
0.083397
0.101072
0.089746
0.119458
0.149119
0.195642
0.270811
0.861344
0.599116
0.415816
0.278328
0.435218
0.278633
0.151861
0.180558
0.170197
0.204835
0.423282
0.623445
0.363756
0.279699
0.144192
0.092844
0.124587
0.094215
0.115090
0.106405
0.234090
0.384275
0.243791
0.345167
0.389964
0.569150
0.368886
0.312713
0.196150
0.196099
0.161410
0.412819
0.309005
0.235106
0.217939
0.181827
0.161308
0.085581
0.104322
0.085733
0.081365
0.082076
0.088577
0.096145
0.238560
0.485500
0.552745
0.245061
0.184824
0.159429
0.319874
0.174564
0.239982
0.226675
0.264158
0.279445
0.205495
0.392503
0.292041
0.191731
0.229519
0.127939
0.080146
0.084209
0.075677
0.070903
0.111788
0.084108
0.252476
0.384529
0.210117
0.184824
0.729189
0.587739
0.359846
0.160597
0.152674
0.146529
0.180253
0.208746
0.234141
0.244299
0.187211
0.245975
0.183046
0.117172
0.079842
0.098126
0.097110
0.125044
0.099294
0.101275
0.427498
0.486414
0.358271
0.241302
0.313830
0.448982
0.637920
0.180710
0.164153
0.285388
0.223221
0.455787
0.449794
0.198334
0.242724
0.182996
0.202143
0.136218
0.218904
0.637310
0.471278
0.258317
0.459089
0.244858
0.441922
0.747219
0.430189
0.364467
0.225405
0.165727
0.233176
0.175631
0.165524
0.207679
0.181472
0.341663
0.249632
0.647265
0.468383
0.217228
0.249073
0.091472
0.081264
0.086647
0.090660
0.110417
0.082889
0.165422
0.167403
0.147798
0.307837
0.274976
0.139316
0.246178
0.233176
0.255980
0.317385
0.247905
0.448220
0.423942
0.597186
0.290010
0.360861
0.185078
0.184011
0.109198
0.099396
0.115648
0.104627
0.125755
0.105694
0.099802
0.239220
0.291483
0.469552
0.385901
0.146782
0.212555
0.209406
0.166083
0.181370
0.275535
0.212809
0.457921
0.394027
0.211539
0.217228
0.197166
0.299253
0.122353
0.087104
0.090304
0.100107
0.093758
0.092133
0.120169
0.275230
0.496876
0.306770
0.609122
0.532836
0.724313
0.719691
0.607090
0.524709
0.450048
0.175529
0.265173
0.300117
0.207019
0.152928
0.189141
0.197674
0.110620
0.081162
0.085276
0.086241
0.088222
0.092742
0.097262
0.333384
0.660166
0.252984
0.519630
0.179440
0.119356
0.225507
0.131596
0.114785
0.172584
0.196760
0.268068
0.323074
0.332876
0.318757
0.218091
0.186805
0.131952
0.125451
0.134237
0.101580
0.105338
0.102037
0.102392
0.401646
0.459851
0.382599
0.634415
0.148103
0.229824
0.333333
0.196099
0.440246
0.308294
0.231703
0.430139
0.432373
0.239372
0.304180
0.190157
0.186145
0.117274
0.133933
0.102291
0.109554
0.108182
0.108131
0.122149
0.309208
0.167555
0.267967
0.346742
0.724415
0.312002
0.473513
0.323175
0.260450
0.360506
0.224338
0.394332
0.410127
0.222510
0.167911
0.174920
0.126060
0.104322
0.137793
0.096551
0.107370
0.113820
0.171060
0.150135
0.156890
0.180710
0.169689
0.302656
0.250851
0.807075
0.509866
0.476783
0.247000
0.474432
0.252224
0.480879
0.390320
0.275230
0.168571
0.186195
0.152065
0.127533
0.101986
0.101935
0.097059
0.101021
0.095180
0.105795
0.124994
0.177155
0.192747
0.259993
0.225608
0.226421
0.236223
0.216009
0.219818
0.272132
0.357205
0.396313
0.325867
0.344913
0.334349
0.195084
0.152979
0.107471
0.143481
0.161664
0.154706
0.118696
0.112245
0.113617
0.240947
0.179694
0.556402
0.410381
0.251003
0.583625
0.583067
0.344253
0.615471
0.646554
0.368175
0.582356
0.419524
0.248718
0.179085
0.179034
0.103764
0.118797
0.077404
0.081111
0.090304
0.092387
0.198690
0.170400
0.161004
0.350500
0.163848
0.132815
0.246229
0.679110
0.238712
0.308192
0.200823
0.253847
0.117680
0.309513
0.193255
0.214739
0.207984
0.164711
0.195134
0.097923
0.210879
0.100970
0.086749
0.084717
0.096958
0.095129
0.099497
0.270354
0.315811
0.290771
0.597796
0.594698
0.186500
0.149881
0.143938
0.167606
0.206867
0.307227
0.250698
0.310326
0.337701
0.347910
0.345117
0.124130
0.091879
0.121642
0.087155
0.095129
0.094520
0.088831
0.152065
0.430748
0.166286
0.180151
0.317182
0.118899
0.231246
0.110519
0.134999
0.147646
0.135913
0.190411
0.184926
0.189141
0.157753
0.198588
0.127127
0.083702
0.083956
0.081467
0.078369
0.113414
0.096196
0.106252
0.256946
0.196607
0.312560
0.173803
0.104932
0.115547
0.125654
0.180761
0.145767
0.270963
0.671035
0.552440
0.366651
0.301894
0.253441
0.336228
0.211895
0.098177
0.102849
0.076388
0.085784
0.088425
0.088781
0.097212
0.324496
0.384275
0.275992
0.170298
0.115039
0.093199
0.133222
0.135456
0.321347
0.382396
0.275179
0.414292
0.401087
0.321906
0.350348
0.295089
0.158109
0.127686
0.117578
0.095688
0.086901
0.092336
0.098024
0.085581
0.420184
0.175885
0.426837
0.655137
0.608462
0.270151
0.186551
0.111991
0.203362
0.159226
0.294378
0.435472
0.345371
0.424349
0.251867
0.287978
0.214485
0.122860
0.100767
0.096805
0.232617
0.095942
0.095586
0.094520
0.129869
0.254660
0.525725
0.292295
0.292803
0.774392
0.439179
0.295952
0.303774
0.343187
0.338869
0.516380
0.459648
0.334806
0.430088
0.684595
0.311849
0.153030
0.076337
0.080248
0.090203
0.108843
0.074559
0.087308
0.291990
0.396617
0.250800
0.492305
0.101021
0.148763
0.202397
0.139418
0.327594
0.388542
0.372035
0.517091
0.532937
0.412057
0.537762
0.486058
0.258215
0.221647
0.085276
0.082025
0.089949
0.088171
0.091726
0.114633
0.260907
0.479760
0.537457
0.291127
0.377927
0.423434
0.328508
0.227386
0.195693
0.393214
0.138504
0.446544
0.333638
0.390929
0.215653
0.232160
0.188329
0.199502
0.142567
0.084006
0.097821
0.094723
0.086800
0.099040
0.358728
0.433389
0.208746
0.112601
0.178323
0.216720
0.235411
0.117426
0.109198
0.456854
0.253492
0.337498
0.387272
0.227995
0.280918
0.250546
0.212301
0.102799
0.095332
0.108538
0.105744
0.110315
0.130276
0.135355
0.571944
0.476814
0.233531
0.217990
0.276042
0.342425
0.857789
0.320687
0.316217
0.337193
0.252730
0.444614
0.497029
0.220377
0.212352
0.252832
0.189751
0.172431
0.141348
0.128143
0.130022
0.125806
0.123216
0.113566
0.271675
0.248362
0.364925
0.317081
0.249683
0.328051
0.372899
0.146833
0.136472
0.268576
0.216212
0.414394
0.365737
0.321601
0.365737
0.378892
0.186703
0.130987
0.147849
0.116664
0.122251
0.113007
0.169689
0.121946
0.156737
0.167606
0.351465
0.236630
0.207578
0.341358
0.410229
0.311443
0.326324
0.271014
0.163442
0.303977
0.522068
0.371121
0.343390
0.313322
0.165473
0.100208
0.108030
0.092844
0.140078
0.105998
0.089034
0.136980
0.555082
0.644624
0.583625
0.261872
0.134644
0.271624
0.559602
0.226573
0.358576
0.422012
0.758291
0.430748
0.322718
0.196353
0.230992
0.267357
0.183554
0.144751
0.112347
0.090203
0.114836
0.097567
0.099548
0.102037
0.246432
0.503885
0.243537
0.200620
0.174666
0.186652
0.417390
0.333486
0.231855
0.328864
0.219971
0.361014
0.246737
0.299964
0.252628
0.244146
0.210168
0.288435
0.128549
0.108944
0.112296
0.105287
0.109909
0.106151
0.309665
0.504596
0.189497
0.283712
0.292143
0.147290
0.181116
0.146782
0.184011
0.181573
0.284118
0.727360
0.652090
0.516329
0.237645
0.247448
0.218193
0.098837
0.129057
0.102748
0.101884
0.104627
0.106608
0.324344
0.364467
0.238306
0.284321
0.603738
0.640510
0.144294
0.190665
0.236579
0.165625
0.336889
0.409315
0.387932
0.344913
0.259637
0.187668
0.271370
0.168724
0.137132
0.100665
0.087054
0.093402
0.098278
0.123470
0.142973
0.310833
0.333486
0.310326
0.278430
0.276042
0.558992
0.713698
0.479202
0.496115
0.395144
0.471837
0.659201
0.501600
0.378536
0.215450
0.224085
0.187973
0.119762
0.097669
0.102138
0.105744
0.094266
0.104729
0.202194
0.262075
0.358525
0.160293
0.174006
0.110976
0.127990
0.146478
0.277719
0.168876
0.484890
0.426533
0.445477
0.357712
0.248159
0.233735
0.284423
0.192798
0.122200
0.108690
0.073442
0.083549
0.089746
0.093453
0.095434
0.101173
0.161258
0.255574
0.245518
0.132104
0.160750
0.338412
0.302758
0.461831
0.437656
0.515516
0.695617
0.588298
0.391691
0.201991
0.213825
0.246127
0.268627
0.178069
0.107217
0.111534
0.088273
0.093707
0.102646
0.177307
0.264005
0.571690
0.237493
0.526639
0.625273
0.450709
0.326934
0.454315
0.365788
0.606227
0.846666
0.332064
0.263701
0.226421
0.273960
0.166743
0.210676
0.102189
0.131241
0.102951
0.110417
0.108995
0.105338
0.312865
0.467723
0.405302
0.239575
0.334248
0.299710
0.207121
0.138707
0.117020
0.185281
0.227183
0.322312
0.238001
0.305805
0.192900
0.251613
0.198385
0.092691
0.080451
0.073645
0.087765
0.086292
0.083397
0.105084
0.368937
0.360912
0.294530
0.263802
0.247854
0.357662
0.290822
0.189700
0.332419
0.227386
0.147392
0.260450
0.285439
0.219209
0.204988
0.240998
0.205648
0.147189
0.216720
0.104271
0.103357
0.105186
0.101783
0.100462
0.285540
0.476357
0.363401
0.323683
0.347504
0.334044
0.406623
0.225253
0.292498
0.397989
0.235461
0.550155
0.607801
0.445934
0.291737
0.245823
0.176037
0.137793
0.099853
0.094926
0.095485
0.118645
0.126213
0.188735
0.439890
0.365179
0.344964
0.378587
0.481386
0.527452
0.535985
0.212809
0.193763
0.255422
0.288232
0.270456
0.254101
0.197725
0.191224
0.234395
0.230382
0.598253
0.456803
0.098938
0.129057
0.124130
0.101783
0.120626
0.208137
0.199959
0.175885
0.177002
0.357306
0.319569
0.323785
0.243740
0.260145
0.364467
0.239575
0.513637
0.387983
0.325816
0.245315
0.226421
0.166184
0.125400
0.130377
0.122556
0.108893
0.161258
0.228046
0.527858
0.343542
0.348824
0.362284
0.401036
0.350856
0.456549
0.518157
0.478948
0.433135
0.523897
0.549088
0.452181
0.947026
0.774290
0.479202
0.397379
0.187871
0.116816
0.127228
0.104322
0.126467
0.108843
0.107166
0.199756
0.166641
0.117578
0.413022
0.334908
0.210930
0.282036
0.413632
0.157804
0.157499
0.236071
0.184875
0.207781
0.275128
0.397633
0.361065
0.248819
0.308142
0.104017
0.210422
0.105947
0.140637
0.106100
0.109503
0.112804
0.148052
0.192442
0.272589
0.229214
0.186805
0.373051
0.249429
0.139570
0.258012
0.700239
0.393265
0.454721
0.381584
0.266596
0.291330
0.327493
0.227487
0.182792
0.140688
0.105440
0.134948
0.105643
0.105135
0.123572
0.180253
0.320433
0.203058
0.280360
0.221951
0.347351
0.253136
0.259841
0.463457
0.443801
0.363858
0.359642
0.504800
0.274112
0.217888
0.234598
0.209711
0.150592
0.119965
0.137539
0.125705
0.102037
0.108690
0.204937
0.225913
0.449236
0.230890
0.125451
0.316877
0.151963
0.337193
0.300371
0.211641
0.331860
0.248210
0.222510
0.314084
0.226929
0.199350
0.194830
0.198791
0.174158
0.111179
0.104170
0.103916
0.128498
0.121692
0.098634
0.241048
0.350297
0.248413
0.185941
0.148712
0.268678
0.322109
0.497130
0.181980
0.302250
0.289959
0.528772
0.264666
0.208949
0.386358
0.283001
0.278480
0.155112
0.157448
0.132206
0.124283
0.127381
0.117375
0.166286
0.419219
0.363198
0.182792
0.251460
0.238610
0.237747
0.276906
0.258672
0.261923
0.236020
0.358220
0.351516
0.225202
0.245772
0.210422
0.157753
0.194017
0.119915
0.110265
0.129819
0.113769
0.134644
0.321804
0.120524
0.123775
0.184062
0.306059
0.382447
0.287216
0.865610
0.760780
0.135558
0.176088
0.180964
0.191427
0.242877
0.224135
0.250546
0.262075
0.234496
0.169282
0.147646
0.135101
0.151506
0.130225
0.164356
0.131139
0.195033
0.183503
0.201940
0.406166
0.457819
0.171212
0.243080
0.208492
0.277922
0.419778
0.449591
0.412362
0.327340
0.617553
0.341155
0.232008
0.261110
0.165118
0.162070
