0.189727
0.167446
0.187967
0.201384
0.171939
0.269140
0.262947
0.440046
0.314735
0.275940
0.244672
0.218627
0.196649
0.193249
0.219112
0.214316
0.201991
0.349888
0.309514
0.381276
0.306053
0.204602
0.283286
0.186085
0.172606
0.169206
0.216562
0.197620
0.206120
0.152025
0.172303
0.191063
0.311821
0.319531
0.396637
0.282618
0.297675
0.303746
0.234230
0.271690
0.281343
0.363609
0.424443
0.424261
0.378787
0.296278
0.252444
0.334467
0.222877
0.186388
0.190395
0.223666
0.166353
0.262947
0.245280
0.306235
0.499241
0.640095
0.368284
0.317042
0.405197
0.672030
0.452189
0.517455
0.522737
0.447878
0.389108
0.432457
0.420193
0.326149
0.268411
0.338777
0.312792
0.280614
0.284986
0.247101
0.337624
0.270597
0.273572
0.369498
0.446178
0.463785
0.423897
0.475077
0.444600
0.390262
0.558254
0.559772
0.669358
0.653755
0.459110
0.504645
0.310485
0.364884
0.272843
0.249894
0.245097
0.187481
0.194038
0.201384
0.186510
0.301985
0.347034
0.338109
0.456864
0.468272
0.471939
0.506120
0.447811
0.383028
0.317827
0.301169
0.513152
0.567204
0.484088
0.435129
0.383268
0.351448
0.268308
0.305303
0.334942
0.313849
0.324097
0.288362
0.317425
0.304635
0.305344
0.375609
0.368425
0.668852
0.507498
0.531419
0.412240
0.347034
0.512294
0.229191
0.261793
0.426082
0.381944
0.310182
0.418250
0.235505
0.203023
0.247890
0.271022
0.209155
0.254629
0.277397
0.227369
0.227126
0.295307
0.315403
0.410540
0.472467
0.364459
0.539433
0.240240
0.242244
0.289721
0.300892
0.272175
0.314006
0.533483
0.388622
0.368162
0.305325
0.283893
0.212738
0.204663
0.172546
0.213709
0.194463
0.212920
0.216137
0.375266
0.298889
0.319288
0.307024
0.318378
0.317831
0.377330
0.363427
0.306964
0.351527
0.306296
0.614231
0.507437
0.637605
0.555947
0.322142
0.455589
0.261247
0.268350
0.280736
0.386983
0.174064
0.259820
0.199396
0.283346
0.238115
0.394026
0.395908
0.316374
0.454374
0.623581
0.413758
0.550908
0.297371
0.406411
0.457046
0.489041
0.645195
0.393115
0.317467
0.283529
0.255783
0.196345
0.227794
0.238055
0.186267
0.207273
0.159128
0.242365
0.219234
0.384190
0.397304
0.489041
0.585514
0.541497
0.457410
0.529112
0.307692
0.382794
0.379030
0.500273
0.422136
0.397304
0.347095
0.322506
0.243033
0.287839
0.212920
0.189424
0.222998
0.276425
0.199016
0.210005
0.294821
0.450307
0.372291
0.459596
0.486006
0.450246
0.489041
0.529597
0.337867
0.370044
0.395544
0.384737
0.386862
0.404286
0.448667
0.328577
0.204420
0.242123
0.183413
0.186388
0.212434
0.204481
0.273025
0.333435
0.382126
0.536276
0.469128
0.298768
0.311092
0.484002
0.302835
0.560015
0.478356
0.324874
0.461113
0.438225
0.243337
0.273997
0.297796
0.331249
0.217473
0.263979
0.216805
0.216866
0.228584
0.232044
0.246676
0.282861
0.340052
0.762067
0.562382
0.293486
0.446785
0.407383
0.318317
0.354259
0.246555
0.315281
0.402647
0.325906
0.360512
0.325906
0.296885
0.256086
0.301257
0.236598
0.201141
0.194342
0.211888
0.169510
0.173031
0.300103
0.288325
0.371198
0.364034
0.388137
0.399794
0.321231
0.230951
0.307207
0.267561
0.311578
0.499423
0.443203
0.306417
0.421225
0.431304
0.188574
0.175399
0.206302
0.181713
0.198531
0.203266
0.176674
0.181531
0.316678
0.295975
0.263676
0.298707
0.359237
0.302167
0.199988
0.316799
0.183353
0.328092
0.375630
0.310546
0.307935
0.447514
0.330520
0.216502
0.252565
0.192642
0.186388
0.172728
0.233016
0.188847
0.197696
0.201991
0.238237
0.231073
0.422379
0.378058
0.531540
0.456317
0.443142
0.393904
0.318863
0.342663
0.326756
0.410843
0.379030
0.406715
0.389351
0.309392
0.181106
0.245583
0.229434
0.168781
0.194949
0.185902
0.229737
0.250987
0.229798
0.290025
0.528262
0.502580
0.562807
0.598324
0.757695
0.519944
0.484913
0.496752
0.386315
0.304839
0.415336
0.351527
0.330217
0.299618
0.314614
0.281343
0.327181
0.194584
0.223241
0.206848
0.277579
0.216441
0.216623
0.255844
0.315949
0.347338
0.447453
0.619938
0.248437
0.344727
0.479934
0.328669
0.262780
0.327606
0.456773
0.264753
0.257081
0.278804
0.246494
0.252322
0.216077
0.257210
0.222452
0.228584
0.245583
0.294457
0.381823
0.482606
0.292514
0.301742
0.309453
0.365977
0.380548
0.452978
0.419829
0.323417
0.348066
0.407868
0.506527
0.300892
0.253537
0.306296
0.274725
0.395787
0.264283
0.178981
0.223241
0.233137
0.211766
0.215652
0.231073
0.223362
0.460203
0.458989
0.396454
0.519458
0.670694
0.644891
0.708518
0.474227
0.276122
0.331310
0.420436
0.364519
0.291725
0.246251
0.268533
0.255965
0.248983
0.190881
0.226641
0.165989
0.257483
0.167628
0.296521
0.240058
0.390322
0.424747
0.402647
0.386983
0.262643
0.288871
0.252079
0.211159
0.361727
0.303442
0.331006
0.373323
0.209884
0.279582
0.262461
0.237083
0.212191
0.183474
0.278672
0.206788
0.193006
0.183170
0.421772
0.449457
0.385769
0.345759
0.197134
0.251472
0.261551
0.259669
0.332585
0.343088
0.413697
0.397547
0.435553
0.340174
0.334952
0.349341
0.230223
0.249408
0.244672
0.214620
0.168053
0.187117
0.258636
0.185053
0.254751
0.448000
0.408415
0.392569
0.539069
0.433003
0.364459
0.343574
0.311153
0.258211
0.334467
0.423229
0.425536
0.346913
0.286686
0.249529
0.233987
0.247405
0.235201
0.195313
0.238358
0.170724
0.236294
0.308057
0.203509
0.308967
0.593164
0.619877
0.466153
0.686965
0.619817
0.389472
0.731832
0.571671
0.529840
0.652359
0.507194
0.485459
0.557768
0.555886
0.384980
0.418554
0.225002
0.240665
0.234533
0.210248
0.209398
0.207091
0.305689
0.320867
0.436161
0.516544
0.480724
0.572157
0.453099
0.278004
0.296643
0.249287
0.301317
0.561654
0.660312
0.622670
0.434036
0.344059
0.450974
0.274240
0.211523
0.184385
0.283043
0.189120
0.169874
0.205695
0.293000
0.302775
0.458503
0.635116
0.306842
0.344727
0.295975
0.463117
0.592860
0.307753
0.309635
0.356809
0.474592
0.344727
0.380123
0.358448
0.310728
0.336834
0.198956
0.176492
0.176431
0.172789
0.303321
0.209823
0.207577
0.324328
0.385648
0.330520
0.285654
0.278611
0.327910
0.361848
0.278611
0.359966
0.293850
0.411329
0.334285
0.306174
0.292939
0.199624
0.232287
0.264768
0.241758
0.161253
0.259972
0.175460
0.237023
0.190031
0.214134
0.282314
0.440289
0.300285
0.438589
0.302592
0.221966
0.238115
0.252079
0.279036
0.208973
0.268411
0.333131
0.241576
0.218262
0.275272
0.211888
0.244430
0.229130
0.181470
0.205027
0.155728
0.197438
0.183899
0.337684
0.371623
0.342238
0.245947
0.216684
0.290814
0.262947
0.233501
0.264161
0.258940
0.307449
0.491652
0.408111
0.671119
0.272236
0.283346
0.231923
0.247162
0.218141
0.182260
0.169631
0.199320
0.246980
0.217048
0.193977
0.366037
0.324206
0.346306
0.314371
0.242426
0.465424
0.303139
0.251654
0.209095
0.522919
0.371319
0.429725
0.361848
0.353530
0.282739
0.226519
0.209763
0.235444
0.213952
0.198774
0.168660
0.201445
0.217898
0.198166
0.245401
0.493716
0.545504
0.422561
0.645923
0.540829
0.614717
0.398944
0.336713
0.434703
0.394937
0.428207
0.488070
0.356991
0.317224
0.279339
0.316921
0.227673
0.161496
0.186510
0.206970
0.244308
0.203631
0.191670
0.266043
0.461963
0.365612
0.296825
0.342845
0.438771
0.343695
0.644345
0.341813
0.364641
0.424443
0.641673
0.475988
0.471192
0.307449
0.237144
0.335620
0.261672
0.169874
0.216077
0.266650
0.209580
0.290753
0.308482
0.334285
0.465181
0.429421
0.345213
0.374962
0.465849
0.330399
0.323599
0.243519
0.367859
0.357052
0.490741
0.281282
0.461903
0.398215
0.235141
0.248194
0.302167
0.231376
0.173335
0.176431
0.235930
0.210916
0.224637
0.397365
0.385830
0.299618
0.381519
0.356930
0.339142
0.375083
0.375751
0.199927
0.217109
0.498695
0.329367
0.266590
0.255540
0.272540
0.244551
0.221966
0.171574
0.185113
0.249044
0.240423
0.241758
0.321171
0.210430
0.294821
0.375387
0.471981
0.490013
0.677737
0.582357
0.399490
0.415882
0.295064
0.240240
0.336652
0.341631
0.411025
0.355352
0.319106
0.274361
0.228705
0.163378
0.177403
0.178860
0.215470
0.205816
0.160646
0.282921
0.310424
0.386194
0.329063
0.267197
0.245340
0.248679
0.215955
0.199502
0.233744
0.352134
0.590007
0.474835
0.403193
0.332220
0.366644
0.336531
0.224455
0.185174
0.188574
0.164714
0.174549
0.250379
0.183353
0.197013
0.226276
0.273450
0.281525
0.369498
0.447089
0.439864
0.445389
0.377998
0.268593
0.243033
0.483213
0.554247
0.396697
0.434278
0.245158
0.207881
0.267743
0.218323
0.253415
0.239390
0.178678
0.224759
0.307935
0.343938
0.281647
0.672030
0.562989
0.304839
0.416247
0.368587
0.393965
0.371623
0.386194
0.439560
0.441868
0.423836
0.492563
0.375812
0.339627
0.295610
0.194342
0.205695
0.193067
0.188513
0.161739
0.183049
0.182685
0.174367
0.352013
0.420436
0.380244
0.288386
0.398276
0.397122
0.401251
0.350738
0.217655
0.428450
0.547022
0.509319
0.616720
0.441807
0.319774
0.226944
0.228705
0.193552
0.259911
0.192763
0.184506
0.210127
0.330217
0.268897
0.499180
0.398215
0.444660
0.474470
0.643312
0.610467
0.301257
0.246433
0.223423
0.476049
0.529840
0.526015
0.500455
0.481574
0.262947
0.220144
0.327788
0.234412
0.201931
0.178556
0.199016
0.293182
0.198834
0.212070
0.422561
0.470099
0.366037
0.488738
0.459292
0.361666
0.239876
0.196649
0.220327
0.228098
0.240058
0.333192
0.319653
0.261247
0.294093
0.233319
0.229434
0.269929
0.183595
0.173881
0.197681
0.232469
0.165989
0.334224
0.359966
0.518487
0.441625
0.460810
0.527048
0.451764
0.447575
0.254447
0.288811
0.414122
0.430029
0.390747
0.415397
0.334527
0.277032
0.202113
0.241273
0.171514
0.206727
0.186085
0.268472
0.175703
0.228401
0.269990
0.240605
0.256815
0.336743
0.294381
0.404764
0.347850
0.285060
0.305179
0.328687
0.474039
0.486033
0.480221
0.382968
0.344723
0.237992
0.335133
0.229615
0.205027
0.217655
0.233016
0.217898
0.272782
0.256572
0.285836
0.442293
0.440593
0.441746
0.330095
0.321413
0.478902
0.262947
0.382915
0.349766
0.295932
0.496394
0.471568
0.383098
0.278228
0.234400
0.222622
0.276292
0.205039
0.168915
0.246919
0.169911
0.196612
0.207844
0.250568
0.232906
0.345280
0.398628
0.351739
0.402659
0.392429
0.455443
0.574179
0.458211
0.398434
0.313964
0.382014
0.365131
0.343910
0.293441
0.213231
0.306664
0.205667
0.231818
0.191670
0.195252
0.209793
0.249514
0.270346
0.307264
0.335952
0.350357
0.549442
0.309631
0.581292
0.272523
0.410957
0.343266
0.438830
0.423288
0.419221
0.498938
0.351199
0.279091
0.295228
0.267980
0.215634
0.213563
0.273663
0.232396
0.231911
0.240738
0.294621
0.429488
0.754641
0.553014
0.450046
0.462528
0.332500
0.239263
0.448661
0.254909
0.174652
0.221547
0.367124
0.240489
0.229585
0.219155
0.229373
0.279097
0.188270
0.220934
0.192945
0.210673
0.254447
0.176796
0.186449
0.294700
0.299860
0.240787
0.309210
0.262947
0.338534
0.461417
0.152753
0.246555
0.221177
0.435493
0.263554
0.357598
0.297675
0.234230
0.254144
0.237812
0.178617
0.219537
0.155425
0.135450
0.228280
0.159432
0.233319
0.361909
0.368769
0.178192
0.263311
0.196892
0.249651
0.157003
0.196284
0.278732
0.321353
0.400036
0.399247
0.483881
0.291057
0.300346
0.223302
0.161617
0.170906
0.232712
0.138122
0.125372
0.160767
0.198349
0.331127
0.303625
0.326513
0.206727
0.207273
0.218930
0.264222
0.185174
0.137697
0.161860
0.192156
0.187177
0.406776
0.363730
0.390687
0.250804
0.212191
0.289053
0.178192
0.147593
0.163135
0.147107
0.192034
0.201749
0.212313
0.244005
0.321960
0.316496
0.241880
0.288325
0.214073
0.221237
0.303382
0.210005
0.280311
0.368102
0.477870
0.392751
0.241758
0.250562
0.277336
0.205088
0.263797
0.201506
0.180135
0.254326
0.278550
0.225184
0.206120
0.415457
0.357416
0.351406
0.300285
0.320078
0.468763
0.288871
0.300771
0.324145
0.313096
0.273025
0.527715
0.474410
0.355230
0.292575
0.237812
0.254083
0.203084
0.193734
0.154271
0.188210
0.260761
0.263615
0.203266
0.271750
0.345699
0.406472
0.280918
0.366705
0.564507
0.454799
0.381580
0.288689
0.181288
0.320624
0.430879
0.410297
0.324145
0.298768
0.180742
0.234108
0.224698
0.177342
0.189302
0.208548
0.293789
0.174853
0.313278
0.273632
0.378301
0.353348
0.388380
0.256936
0.468278
0.441382
0.543379
0.370955
0.310971
0.426811
0.459535
0.380365
0.320746
0.306599
0.247830
0.279643
0.170785
0.231073
0.164592
0.184324
0.203266
0.319410
0.236173
0.233501
0.362698
0.404468
0.430150
0.370044
0.485277
0.737174
0.276243
0.290086
0.593649
0.483456
0.505434
0.393540
0.254326
0.235566
0.251229
0.330460
0.254569
0.173335
0.175278
0.195313
0.166232
0.244733
0.209520
0.255722
0.359662
0.341509
0.288871
0.465303
0.257240
0.351345
0.250562
0.291300
0.390505
0.423532
0.525105
0.546779
0.349523
0.322749
0.254265
0.233987
0.172485
0.195009
0.209459
0.182685
0.245219
0.165139
0.263190
0.278004
0.279825
0.297735
0.290632
0.371926
0.233501
0.161132
0.172849
0.165442
0.244551
0.240848
0.454678
0.534576
0.353591
0.243701
0.398761
0.224698
0.180256
0.219780
0.191731
0.145043
0.253597
0.148018
0.183170
0.328395
0.268654
0.303989
0.319046
0.316435
0.266225
0.190456
0.193917
0.249044
0.294396
0.352377
0.424322
0.423168
0.266104
0.292636
0.207516
0.160585
0.231983
0.218445
0.189545
0.185660
0.164349
0.222634
0.244733
0.189120
0.425597
0.541436
0.363123
0.230769
0.580596
0.234898
0.427114
0.248679
0.374658
0.586364
0.316374
0.367312
0.390930
0.355534
0.260640
0.236658
0.235869
0.218748
0.203327
0.165321
0.272782
0.233319
0.223484
0.256572
0.371684
0.331431
0.300346
0.389351
0.385162
0.394694
0.402040
0.447939
0.313642
0.496205
0.537915
0.394754
0.296825
0.236537
0.222209
0.250804
0.201566
0.179224
0.175156
0.187481
0.182563
0.248194
0.338474
0.258576
0.481331
0.362334
0.274361
0.445935
0.434703
0.357234
0.326028
0.297553
0.203570
0.380244
0.355473
0.341874
0.364944
0.237630
0.207273
0.213102
0.219355
0.169510
0.316010
0.185538
0.216320
0.164349
0.195434
0.342177
0.490316
0.494748
0.389776
0.396212
0.368709
0.425414
0.413940
0.216805
0.332585
0.352741
0.338231
0.363609
0.442232
0.370591
0.257422
0.178131
0.198713
0.206423
0.150811
0.188756
0.196588
0.167142
0.317528
0.317346
0.219173
0.401008
0.305628
0.335317
0.296643
0.337502
0.431425
0.315221
0.205877
0.226701
0.475927
0.351466
0.261611
0.199745
0.240908
0.179346
0.167567
0.183656
0.175521
0.172546
0.242244
0.165017
0.145043
0.331006
0.225973
0.261065
0.183535
0.165867
0.198470
0.396029
0.336167
0.273572
0.215955
0.222877
0.317771
0.288021
0.207091
0.377026
0.198834
0.182624
0.184142
0.168417
0.185963
0.178860
0.198652
0.237690
0.176553
0.250501
0.308603
0.278793
0.293850
0.309757
0.249104
0.280007
0.158339
0.197195
0.262886
0.278793
0.348127
0.387044
0.281768
0.289357
0.165928
0.234473
0.215166
0.173821
0.145832
0.146378
0.192884
0.153846
0.164471
0.213345
0.363002
0.388987
0.402161
0.378666
0.534454
0.404165
0.246372
0.357052
0.516119
0.546718
0.409325
0.425718
0.250258
0.199563
0.211584
0.242790
0.174792
0.231619
0.157307
0.226459
0.321049
0.169692
0.184203
0.367859
0.332038
0.273086
0.347945
0.301439
0.367859
0.242608
0.182745
0.160889
0.222330
0.281525
0.411511
0.378362
0.494748
0.247465
0.194342
0.192156
0.176249
0.166778
0.215105
0.184567
0.145468
0.202781
0.325542
0.382248
0.409750
0.452735
0.417157
0.381033
0.371319
0.210248
0.220569
0.273693
0.420497
0.554550
0.759031
0.532572
0.375751
0.384251
0.503005
0.437739
0.313885
0.182199
0.214680
0.258515
0.285532
0.323235
0.286261
0.325845
0.514298
0.442475
0.347277
0.255783
0.290146
0.297857
0.449153
0.240058
0.229069
0.364884
0.488677
0.468763
0.439439
0.291603
0.585271
0.302957
0.214498
0.218262
0.224334
0.263797
0.217230
0.301257
0.233441
0.281829
0.444600
0.351406
0.362698
0.286929
0.447089
0.299132
0.255176
0.387651
0.269140
0.388319
0.531480
0.390262
0.313824
0.340538
0.252201
0.172242
0.176006
0.152571
0.152875
0.173517
0.182685
0.260336
0.382915
0.244672
0.267379
0.214559
0.290632
0.299193
0.268229
0.276790
0.266347
0.261915
0.340538
0.378180
0.682594
0.466881
0.334527
0.224941
0.250562
0.213891
0.160767
0.208123
0.189302
0.220023
0.158885
0.197074
0.226398
0.376298
0.351588
0.328031
0.280614
0.566450
0.414607
0.238115
0.384798
0.544594
0.547143
0.756845
0.687147
0.487220
0.368830
0.256026
0.236476
0.208306
0.178071
0.223787
0.183292
0.198288
0.190274
0.287779
0.220569
0.562079
0.353530
0.371380
0.288689
0.402101
0.350495
0.436343
0.218627
0.219962
0.207031
0.300771
0.298950
0.352498
0.286200
0.221602
0.303928
0.184992
0.247951
0.182685
0.183899
0.268654
0.192095
0.182685
0.288204
0.405986
0.672819
0.555947
0.331552
0.392204
0.368344
0.403801
0.205756
0.274968
0.508409
0.446603
0.480784
0.330095
0.280675
0.228037
0.246372
0.189424
0.221844
0.167385
0.158035
0.146986
0.197256
0.297493
0.280675
0.365491
0.385890
0.406472
0.390080
0.436343
0.259547
0.206606
0.165685
0.204966
0.424868
0.406958
0.265800
0.264647
0.263918
0.250015
0.258636
0.171028
0.195495
0.196345
0.162953
0.230709
0.168296
0.174549
0.352316
0.461174
0.438164
0.391172
0.301439
0.191306
0.137939
0.215287
0.257301
0.252504
0.290207
0.369619
0.530478
0.233820
0.194645
0.213770
0.260701
0.286746
0.169510
0.152662
0.183520
0.175543
0.177037
0.257178
0.183534
0.293364
0.379424
0.414957
0.297030
0.525814
0.297979
0.216442
0.225305
0.216562
0.308299
0.216502
0.306114
0.253354
0.222634
0.229555
0.271416
0.227734
0.151296
0.169267
0.193309
0.230223
0.160160
0.227187
0.209641
0.290753
0.431607
0.278611
0.280007
0.253415
0.195434
0.213041
0.220023
0.279582
0.487220
0.432821
0.578653
0.503491
0.321596
0.347095
0.213527
0.180620
0.170056
0.140004
0.138243
0.199624
0.197924
0.187420
0.237873
0.481149
0.258636
0.242244
0.245158
0.345759
0.203752
0.167324
0.137150
0.312914
0.414972
0.585575
0.338109
0.400522
0.271507
0.274604
0.170542
0.265800
0.183231
0.166839
0.134115
0.154150
0.151053
0.267622
0.169449
0.299193
0.275090
0.300164
0.246130
0.223848
0.341388
0.393540
0.368284
0.336106
0.296218
0.344363
0.384555
0.374112
0.417825
0.248619
0.298707
0.230587
0.209216
0.193552
0.142675
0.209216
0.166353
0.174488
0.208973
0.297189
0.285471
0.404954
0.237326
0.250258
0.237751
0.312853
0.362455
0.292878
0.447817
0.254811
0.398701
0.238115
0.239026
0.338777
0.189727
0.182138
0.151600
0.135025
0.177949
0.195859
0.267197
0.319774
0.177403
0.261490
0.315160
0.388076
0.238055
0.280918
0.246555
0.211766
0.309028
0.398276
0.540829
0.626009
0.438225
0.292332
0.292878
0.336227
0.221177
0.175885
0.201081
0.182745
0.158400
0.242487
0.132657
0.208488
0.254811
0.598810
0.465242
0.286079
0.338656
0.299496
0.199806
0.188452
0.222391
0.143646
0.400644
0.480056
0.393844
0.330520
0.215045
0.180499
0.261733
0.169510
0.213891
0.140429
0.162346
0.203266
0.191549
0.247465
0.175278
0.497602
0.576225
0.365309
0.280432
0.265497
0.211645
0.199866
0.248133
0.253597
0.340477
0.384980
0.327728
0.345759
0.293789
0.223544
0.241151
0.182624
0.260579
0.182988
0.144011
0.215348
0.184506
0.281100
0.244490
0.263068
0.264465
0.290693
0.272722
0.149596
0.206423
0.227855
0.222391
0.246069
0.268775
0.277032
0.553093
0.455589
0.296157
0.261247
0.166717
0.168296
0.168114
0.193552
0.153725
0.211766
0.158157
0.238723
0.208791
0.269868
0.533544
0.390140
0.267379
0.286807
0.368344
0.263311
0.246919
0.382005
0.431971
0.376298
0.251169
0.293911
0.254022
0.213345
0.202963
0.160525
0.250015
0.170785
0.150871
0.151114
0.175763
0.197438
0.283589
0.302167
0.423775
0.358509
0.521644
0.299193
0.535365
0.159007
0.337077
0.340963
0.367919
0.229980
0.431486
0.394026
0.257301
0.171331
0.230769
0.227248
0.159250
0.161860
0.186692
0.296339
0.222269
0.157246
0.186267
0.373687
0.376176
0.233866
0.309271
0.390019
0.225548
0.179771
0.244005
0.357295
0.323478
0.431850
0.444417
0.316496
0.212616
0.269018
0.241515
0.223544
0.215652
0.174792
0.170846
0.189181
0.405318
0.339931
0.214802
0.224759
0.333131
0.366341
0.280736
0.281282
0.184688
0.207031
0.194827
0.274179
0.223059
0.265011
0.334102
0.308239
0.219659
0.166596
0.267986
0.189849
0.179467
0.192702
0.190820
0.244369
0.167446
0.239937
0.338474
0.306842
0.244369
0.231619
0.258636
0.232955
0.223059
0.153421
0.159007
0.152085
0.172667
0.250987
0.351345
0.224030
0.198956
0.150993
0.296885
0.216987
0.214377
0.167203
0.154150
0.207091
0.199745
0.243640
0.244612
0.347702
0.592496
0.400036
0.210309
0.170906
0.286321
0.370712
0.460567
0.267500
0.380912
0.436100
0.401251
0.384646
0.238222
0.235831
0.222979
0.204541
0.203266
0.158217
0.135025
0.181774
0.128104
0.222376
0.206234
0.296730
0.207499
0.261208
0.325876
0.299602
0.458321
0.311032
0.297796
0.222148
0.488495
0.394633
0.312974
0.217655
0.335620
0.213770
0.208548
0.222998
0.168357
0.158339
0.166232
0.220812
0.175156
0.153178
0.173456
0.324753
0.385830
0.342966
0.360877
0.181288
0.232348
0.201506
0.264768
0.330399
0.422682
0.474531
0.578471
0.261976
0.325663
0.247830
0.198531
0.181835
0.221602
0.183292
0.144921
0.138425
0.161739
0.177342
0.228037
0.472588
0.497420
0.339384
0.407747
0.485216
0.294032
0.235383
0.317406
0.280554
0.344849
0.416793
0.536094
0.363669
0.268047
0.185902
0.210734
0.167203
0.160646
0.160889
0.207638
0.234655
0.227612
0.169571
0.253415
0.319774
0.219841
0.184870
0.184992
0.203995
0.278550
0.199684
0.285593
0.420800
0.342724
0.379819
0.415275
0.337806
0.293728
0.263858
0.255054
0.172364
0.168235
0.166535
0.195617
0.272054
0.306357
0.443082
0.255783
0.331006
0.259790
0.340538
0.244733
0.267318
0.269200
0.321717
0.326695
0.344545
0.410965
0.412847
0.316496
0.407201
0.287779
0.262340
0.182078
0.180013
0.157792
0.167810
0.178374
0.318378
0.214073
0.164289
0.229555
0.319835
0.229980
0.316131
0.247890
0.325603
0.142796
0.156518
0.254933
0.328274
0.419586
0.419465
0.320563
0.356627
0.216623
0.251776
0.174610
0.146561
0.146925
0.147471
0.169996
0.205148
0.150811
0.368162
0.404347
0.415761
0.343331
0.418311
0.371926
0.240423
0.205877
0.332281
0.327667
0.289357
0.281464
0.462996
0.507498
0.370348
0.216077
0.355291
0.349888
0.217534
0.163014
0.172364
0.159857
0.143525
0.160039
0.314128
0.395119
0.384312
0.275211
0.529476
0.450185
0.367677
0.727096
0.440835
0.281707
0.332524
0.373869
0.433064
0.315524
0.266650
0.298828
0.250744
0.181288
0.221055
0.147350
0.193734
0.140246
0.219537
0.212313
0.239755
0.159675
0.272418
0.257847
0.235444
0.342481
0.252262
0.199441
0.379394
0.275272
0.344788
0.475320
0.654119
0.583814
0.384190
0.327545
0.256633
0.163560
0.171999
0.188452
0.191488
0.205209
0.170481
0.196649
0.284621
0.228159
0.298889
0.301317
0.300710
0.332645
0.308907
0.203813
0.244855
0.433125
0.322628
0.519823
0.425536
0.469795
0.445814
0.336652
0.207638
0.219173
0.198895
0.221662
0.200656
0.204602
0.329792
0.216137
0.307207
0.290328
0.352316
0.227187
0.216562
0.242548
0.307692
0.155789
0.219720
0.248133
0.388319
0.419282
0.367191
0.359237
0.436525
0.333920
0.228159
0.238965
0.191245
0.159492
0.170299
0.159735
0.242669
0.291300
0.258090
0.299071
0.373626
0.461113
0.190092
0.226034
0.369437
0.258211
0.402404
0.201749
0.198531
0.492198
0.449274
0.497541
0.300164
0.410722
0.279825
0.229555
0.292636
0.213466
0.174064
0.221723
0.287354
0.214984
0.182078
0.536397
0.403376
0.230344
0.179528
0.401251
0.237326
0.268654
0.282497
0.220084
0.210370
0.243519
0.356809
0.411329
0.259911
0.236719
0.186752
0.199016
0.178738
0.188938
0.157975
0.172181
0.245583
0.271143
0.196042
0.247405
0.246858
0.397547
0.286261
0.206059
0.280493
0.345577
0.247465
0.232348
0.260822
0.553215
0.389351
0.417582
0.374598
0.318499
0.322688
0.264829
0.270658
0.208730
0.210370
0.211736
0.234275
0.293296
0.370557
0.259591
0.249885
0.186566
0.197679
0.145163
0.171392
0.134418
0.172363
0.128772
0.159250
0.188513
0.315646
0.318256
0.278125
0.205270
0.201991
0.191731
0.172303
0.228037
0.205088
0.234473
0.186419
0.214210
0.169328
0.287961
0.310971
0.286929
0.356505
0.374355
0.407868
0.272418
0.191185
0.140793
0.208791
0.349948
0.242851
0.284439
0.236233
0.253719
0.185235
0.189849
0.204238
0.157428
0.132354
0.146864
0.130715
0.220205
0.166535
0.333860
0.230709
0.208609
0.253051
0.368284
0.393813
0.324312
0.223119
0.243944
0.323720
0.310971
0.321535
0.432275
0.322263
0.253294
0.230405
0.156943
0.184992
0.164471
0.150689
0.149718
0.235687
0.212191
0.171999
0.240423
0.265497
0.260336
0.237083
0.218627
0.236841
0.214073
0.212980
0.254326
0.295732
0.269565
0.425779
0.380912
0.415336
0.337138
0.273207
0.169874
0.148261
0.180378
0.178738
0.255115
0.201931
0.175642
0.273025
0.258363
0.298570
0.297432
0.179892
0.315889
0.269868
0.213345
0.191306
0.213527
0.264951
0.341327
0.442718
0.258454
0.355352
0.230891
0.248133
0.167324
0.230041
0.159189
0.189363
0.164774
0.150021
0.232044
0.169085
0.198288
0.284500
0.417461
0.349098
0.433914
0.272236
0.262279
0.470706
0.224091
0.250804
0.422561
0.315828
0.386619
0.243519
0.224030
0.185295
0.172910
0.155971
0.224698
0.133932
0.140064
0.235201
0.197316
0.241819
0.220691
0.272540
0.404833
0.342359
0.214741
0.177524
0.204056
0.194645
0.398579
0.207881
0.192034
0.214134
0.309089
0.234655
0.262158
0.171878
0.187056
0.210491
0.132050
0.145589
0.179892
0.251715
0.142493
0.290025
0.258029
0.282314
0.216380
0.209823
0.233198
0.385526
0.533908
0.406897
0.351922
0.262143
0.373869
0.432578
0.282314
0.282679
0.258758
0.204966
0.151357
0.171635
0.142432
0.158764
0.157550
0.242912
0.213223
0.216320
0.201081
0.280493
0.178010
0.341449
0.448789
0.323781
0.209095
0.215591
0.219295
0.250319
0.447453
0.416247
0.464453
0.311578
0.183595
0.219234
0.195617
0.164046
0.201105
0.145783
0.181823
0.166541
0.297584
0.206873
0.226009
0.332633
0.247599
0.213958
0.218481
0.269206
0.235638
0.339251
0.383759
0.495865
0.345189
0.330004
0.397936
0.376249
0.295313
0.278234
0.171787
0.151175
0.160828
0.164592
0.160342
0.207334
0.220752
0.166839
0.314856
0.251897
0.303382
0.198895
0.267015
0.298768
0.168903
0.201749
0.236780
0.307571
0.338777
0.440835
0.485884
0.385162
0.364702
0.198652
0.169085
0.160282
0.169389
0.187481
0.182017
0.239026
0.294457
0.272054
0.160525
0.292818
0.263493
0.439257
0.265436
0.243215
0.495659
0.216562
0.307753
0.429846
0.445085
0.551029
0.342602
0.270172
0.292453
0.165382
0.148078
0.211888
0.152571
0.146864
0.155243
0.192945
0.197681
0.217109
0.155243
0.227369
0.260033
0.293303
0.241455
0.398094
0.312792
0.208366
0.214862
0.275636
0.398944
0.461235
0.420557
0.432153
0.295428
0.193674
0.184870
0.202477
0.184931
0.169267
0.244794
0.236233
0.188027
0.225609
0.309757
0.351406
0.254144
0.341813
0.378787
0.245097
0.287111
0.261551
0.320260
0.279400
0.252929
0.362152
0.233258
0.398579
0.220812
0.171817
0.159128
0.154939
0.149596
0.160403
0.200899
0.168599
0.217291
0.346852
0.418129
0.357598
0.493413
0.315889
0.265011
0.387469
0.342359
0.353773
0.252747
0.342906
0.325178
0.447757
0.444782
0.248862
0.259122
0.195556
0.178374
0.188392
0.169510
0.207941
0.223484
0.214195
0.226519
0.173760
0.234898
0.327667
0.264708
0.395058
0.320685
0.181167
0.331006
0.260397
0.263493
0.302957
0.324085
0.448303
0.447119
0.445935
0.205573
0.226823
0.205573
0.166657
0.178921
0.168053
0.164349
0.190092
0.260579
0.158096
0.211098
0.311032
0.287050
0.359298
0.347277
0.253658
0.180681
0.169024
0.192217
0.214437
0.230223
0.336288
0.185113
0.200656
0.239390
0.160585
0.231134
0.147046
0.148200
0.213405
0.205695
0.235444
0.206120
0.175521
0.197013
0.259851
0.197438
0.205634
0.284804
0.525165
0.345031
0.412058
0.272115
0.434886
0.269868
0.162771
0.270475
0.240665
0.214316
0.199866
0.240908
0.179042
0.175035
0.142129
0.155607
0.144921
0.211645
0.208306
0.220509
0.255904
0.167810
0.169996
0.149111
0.224759
0.167446
0.149050
0.177524
0.270840
0.338474
0.534212
0.460810
0.274179
0.239148
0.180560
0.143950
0.147350
0.193674
0.136118
0.137636
0.269747
0.195799
0.223302
0.240119
0.226459
0.202963
0.214255
0.273086
0.212313
0.138061
0.209459
0.128043
0.139154
0.205877
0.322749
0.315099
0.256390
0.217534
0.224152
0.178010
0.138182
0.170421
0.169935
0.190274
0.196345
0.216320
0.201931
0.151053
0.193917
0.258697
0.210005
0.200534
0.158642
0.143039
0.183535
0.240848
0.206423
0.220144
0.207881
0.284379
0.267986
0.199138
0.134357
0.188392
0.151357
0.178374
0.185902
0.152025
0.193795
0.140186
0.266043
0.258454
0.213223
0.273207
0.317953
0.382308
0.292028
0.326756
0.315585
0.173699
0.143646
0.181531
0.241030
0.286443
0.315767
0.190517
0.137757
0.167689
0.132718
0.161678
0.185235
0.130290
0.193977
0.182685
0.204784
0.212798
0.254629
0.348613
0.199927
0.157064
0.150932
0.149778
0.165199
0.145346
0.197074
0.208913
0.236780
0.225730
0.313096
0.354805
0.214316
0.158946
0.139336
0.149657
0.161800
0.180863
0.130472
0.142129
0.173881
0.185295
0.243762
0.257301
0.318378
0.313824
0.254751
0.357780
0.254690
0.126404
0.274118
0.269625
0.447575
0.299830
0.395711
0.313817
0.136600
0.205450
0.187784
0.176188
0.172120
0.157428
0.212130
0.222209
0.235626
0.166899
0.248072
0.153360
0.184142
0.219416
0.363123
0.234291
0.243944
0.188999
0.258576
0.320685
0.229737
0.372473
0.220569
0.172849
0.176431
0.136725
0.149718
0.124825
0.158278
0.123368
0.152025
0.164289
0.189970
0.186874
0.235323
0.184628
0.249469
0.163317
0.167385
0.274847
0.195495
0.166414
0.284925
0.184445
0.296400
0.408536
0.324570
0.286200
0.206059
0.163621
0.161982
0.143525
0.140854
0.136057
0.204663
0.167992
0.144132
0.223605
0.259911
0.295975
0.260579
0.234108
0.203691
0.251108
0.218991
0.189302
0.099569
0.149414
0.139154
0.165928
0.211523
0.244612
0.150628
0.163257
0.116144
0.129197
0.120393
0.167507
0.133872
0.154089
0.236173
0.132232
0.271265
0.314796
0.210127
0.172364
0.162771
0.286321
0.308057
0.312489
0.294882
0.242426
0.205877
0.343695
0.206545
0.240362
0.187845
0.160282
0.134175
0.182442
0.161375
0.121304
0.127922
0.136057
0.327120
0.215348
0.166899
0.203327
0.116508
0.175946
0.171817
0.370530
0.239330
0.229616
0.236294
0.286261
0.365916
0.420891
0.475867
0.354623
0.260276
0.312428
0.248740
0.195434
0.232955
0.202113
0.282679
0.210430
0.212191
0.253354
0.137089
0.166960
0.251229
0.196892
0.167992
0.198349
0.178860
0.149718
0.176067
0.367312
0.324692
0.284014
0.251715
0.177828
0.185599
0.135450
0.179467
0.174306
0.299678
0.167142
0.156639
0.278489
0.227976
0.178556
0.201840
0.160752
0.129257
0.174428
0.146257
0.150932
0.248163
0.315160
0.297644
0.363078
0.322332
0.355447
0.328837
0.234117
0.272908
0.227675
0.251989
0.188347
0.191617
0.197931
0.173760
0.218900
0.157489
0.200838
0.296946
0.292393
0.182138
0.417704
0.298160
0.339627
0.354563
0.263706
0.405880
0.296278
0.385587
0.318742
0.244612
0.146439
0.222816
0.152571
0.137757
0.135936
0.196345
0.163014
0.185053
0.240483
0.233016
0.212434
0.140246
0.197984
0.148686
0.156882
0.198531
0.151296
0.186631
0.223484
0.190213
0.260154
0.275879
0.237812
0.269747
0.228705
0.147228
0.140307
0.151964
0.120818
0.127011
0.152996
0.203509
0.117783
0.227005
0.230344
0.213405
0.210552
0.139093
0.197802
0.155485
0.148443
0.151478
0.159735
0.184870
0.254083
0.242790
0.400765
0.249165
0.227187
0.178860
0.161132
0.166474
0.115658
0.184142
0.137818
0.197438
0.145407
0.184385
0.185053
0.501366
0.465667
0.367677
0.323599
0.218627
0.217777
0.210370
0.288871
0.313460
0.273875
0.410783
0.247405
0.261793
0.171817
0.249651
0.119604
0.162832
0.138364
0.152996
0.115051
0.119483
0.115840
0.254569
0.207881
0.267075
0.285046
0.206302
0.276122
0.200595
0.253415
0.226337
0.185842
0.150325
0.216441
0.234351
0.328456
0.328760
0.343027
0.222148
0.172667
0.167385
0.144375
0.152632
0.119179
0.201870
0.195981
0.126404
0.244612
0.234655
0.234473
0.196588
0.251533
0.187845
0.220509
0.179710
0.122943
0.143768
0.299496
0.400340
0.410843
0.412908
0.256694
0.201384
0.162589
0.198591
0.133872
0.184081
0.156396
0.134782
0.151843
0.215287
0.216745
0.270050
0.366341
0.414365
0.309635
0.198834
0.138486
0.118876
0.430029
0.252808
0.317406
0.397972
0.440350
0.290511
0.230891
0.146500
0.173639
0.190699
0.129986
0.134722
0.129015
0.208427
0.232833
0.182928
0.231134
0.263554
0.174792
0.179285
0.165382
0.236962
0.136968
0.171392
0.167264
0.143282
0.206181
0.265193
0.297189
0.336409
0.154939
0.142918
0.120758
0.152450
0.175399
0.152875
0.123854
0.126161
0.319956
0.178131
0.149050
0.313156
0.358570
0.205088
0.238844
0.210613
0.125979
0.171271
0.213709
0.158946
0.407322
0.260883
0.206970
0.185902
0.207456
0.215166
0.175946
0.171453
0.108372
0.147228
0.167324
0.187724
0.144314
0.154089
0.250258
0.180378
0.161678
0.162771
0.192884
0.136118
0.106247
0.120879
0.208913
0.208063
0.448182
0.462813
0.333010
0.389715
0.210977
0.152328
0.165382
0.180195
0.258515
0.147532
0.127800
0.134115
0.218505
0.129500
0.316192
0.264708
0.204845
0.189545
0.184992
0.207031
0.203023
0.180256
0.289053
0.179467
0.188574
0.179467
0.231376
0.268472
0.235566
0.254447
0.203145
0.131990
0.188210
0.142554
0.115779
0.123490
0.118511
0.145407
0.298646
0.303442
0.208002
0.263554
0.300528
0.298039
0.270900
0.151843
0.224152
0.124825
0.149900
0.163014
0.205148
0.237812
0.237083
0.140064
0.188149
0.157550
0.149900
0.130897
0.190213
0.131322
0.165382
0.171878
0.242426
0.223969
0.178981
0.194281
0.235141
0.251412
0.184749
0.226944
0.226762
0.164289
0.159310
0.254447
0.203084
0.144861
0.264222
0.211766
0.189363
0.140368
0.166717
0.156578
0.135754
0.174549
0.188756
0.157610
0.162801
0.298570
0.267129
0.147346
0.248404
0.238433
0.308519
0.170166
0.212337
0.161630
0.397978
0.325727
0.150569
0.230163
0.169146
0.152389
0.126404
0.138061
0.114626
0.118693
0.143404
0.243276
0.127800
0.162285
0.146318
0.190152
0.205270
0.258211
0.192945
0.333617
0.178678
0.221784
0.244915
0.193370
0.305567
0.234108
0.255358
0.230284
0.262340
0.181106
0.141461
0.138972
0.123308
0.172455
0.121532
0.207660
0.266267
0.156872
0.232404
0.307751
0.251926
0.151766
0.219104
0.160460
0.149534
0.160463
0.230040
0.312913
0.243944
0.201748
0.262461
0.272782
0.487645
0.308785
0.249954
0.170421
0.202477
0.173031
0.167264
0.280554
0.230466
0.166292
0.246069
0.346123
0.335924
0.239573
0.248862
0.315524
0.256329
0.288082
0.311881
0.378180
0.458624
0.434036
0.386012
0.332585
0.459839
0.352013
0.239390
0.248376
0.216562
0.188027
0.159796
0.154150
0.352802
0.159978
0.208245
0.260761
0.400644
0.450853
0.405865
0.408415
0.486734
0.416125
0.527230
0.337017
0.486916
0.518791
0.333860
0.312428
0.333799
0.253476
0.236719
0.182078
0.196042
0.199988
0.178071
0.175217
0.179528
0.257179
0.259122
0.339020
0.310728
0.324995
0.325420
0.316253
0.294153
0.315160
0.428996
0.410479
0.436039
0.434643
0.426386
0.332827
0.395058
0.276607
0.208548
0.203266
0.208063
0.188756
0.259669
0.286018
0.252383
0.176249
0.148321
0.229191
0.381762
0.180135
0.226459
0.311578
0.307632
0.268715
0.187845
0.201020
0.504402
0.395058
0.543744
0.492806
0.335863
0.399915
0.292028
0.204723
0.200231
0.180924
0.198956
0.137514
0.223119
0.224152
0.219537
0.311881
0.353227
0.398336
0.407565
0.399065
0.234230
0.281039
0.450367
0.482606
0.573493
0.605367
0.446057
0.459171
0.498695
0.271872
0.201263
0.213041
0.176553
0.186874
0.243155
0.251169
0.205209
0.173335
0.142129
0.239633
0.193552
0.252990
0.266772
0.275454
0.313035
0.287900
0.332099
0.484124
0.597596
0.729767
0.483334
0.410904
0.553518
0.436282
0.310546
0.223484
0.223302
0.201202
0.165260
0.225123
0.259729
0.316131
0.351102
0.514966
0.407079
0.433489
0.431304
0.371441
0.289357
0.343513
0.249226
0.535608
0.445207
0.629956
0.565054
0.438528
0.411875
0.316496
0.265072
0.239755
0.251412
0.198288
0.304475
0.366159
0.299860
0.481695
0.644770
0.314978
0.312246
0.319471
0.393783
0.299375
0.324935
0.369984
0.376905
0.343634
0.412968
0.421043
0.722907
0.708943
0.624188
0.516605
0.384615
0.299193
0.309939
0.271204
0.242972
0.203752
0.290875
0.333192
0.300832
0.409933
0.317710
0.327181
0.305446
0.308421
0.321413
0.314310
0.317831
0.431121
0.502155
0.485702
0.524619
0.444842
0.357295
0.387894
0.294882
0.288204
0.243701
0.279886
0.240605
0.253840
0.295914
0.305567
0.350859
0.281768
0.288750
0.329427
0.385890
0.432882
0.588064
0.416490
0.424625
0.496873
0.502337
0.648291
0.573068
0.472952
0.626981
0.461903
0.386255
0.325420
0.349766
0.345820
0.282072
0.253354
0.332160
0.299253
0.296643
0.337745
0.525287
0.389715
0.369559
0.332402
0.325420
0.292757
0.327910
0.454556
0.562686
0.533180
0.428329
0.453524
0.477809
0.370530
0.304292
0.273329
0.259547
0.336956
0.222573
0.250622
0.263068
0.420497
0.260458
0.553275
0.463421
0.724364
0.862486
0.717625
0.917795
0.590371
0.473863
0.726246
0.562140
0.550665
0.566936
0.676280
0.620181
0.538947
0.384373
0.301500
0.357234
0.328638
0.247040
0.234108
0.314310
0.269079
0.306782
0.377633
0.227734
0.227734
0.237023
0.290328
0.242487
0.272357
0.256997
0.492381
0.352134
0.441503
0.542833
0.481756
0.601664
0.457592
0.280857
0.249833
0.224212
0.215470
0.224577
0.256936
0.263676
0.329610
0.343938
0.274300
0.352984
0.287111
0.321960
0.354138
0.312792
0.342299
0.405440
0.552608
0.528323
0.499484
0.598264
0.585332
0.619513
0.406351
0.271568
0.246251
0.244976
0.218748
0.246372
0.284014
0.232469
0.210370
0.183717
0.208427
0.427175
0.450246
0.402040
0.233987
0.248437
0.320928
0.374537
0.329124
0.351102
0.467428
0.389230
0.529901
0.332585
0.248194
0.213952
0.270779
0.194949
0.183170
0.157125
0.200474
0.154818
0.217352
0.265861
0.198713
0.464999
0.341206
0.391840
0.488920
0.411147
0.390930
0.380487
0.349098
0.252262
0.264161
0.254326
0.318378
0.296946
0.226580
0.204784
0.192217
0.197802
0.213770
0.145164
0.143161
0.196588
0.302957
0.285957
0.373869
0.204359
0.259486
0.266772
0.278611
0.212495
0.204298
0.315160
0.372230
0.269443
0.192945
0.317285
0.390930
0.385040
0.234898
0.224637
0.196102
0.197863
0.138911
0.177585
0.216502
0.217655
0.298039
0.189910
0.184203
0.319956
0.205452
0.218870
0.182078
0.203145
0.155668
0.185113
0.213891
0.299193
0.401919
0.580353
0.341995
0.359055
0.254508
0.210734
0.232955
0.276061
0.176310
0.149596
0.163135
0.139457
0.170906
0.230830
0.417765
0.454496
0.301864
0.192217
0.383705
0.303503
0.217777
0.214134
0.419343
0.229130
0.293850
0.301925
0.364793
0.442232
0.360816
0.247192
0.205938
0.190152
0.249044
0.189181
0.181926
0.193689
0.179588
0.225518
0.241394
0.205209
0.249469
0.219659
0.278732
0.213952
0.296703
0.257240
0.234048
0.310121
0.359237
0.355655
0.351588
0.326028
0.368223
0.243094
0.221298
0.225366
0.225305
0.212495
0.192459
0.210552
0.292636
0.214984
0.245340
0.296096
0.335802
0.371441
0.442900
0.271811
0.308542
0.285775
0.394208
0.453585
0.325481
0.385162
0.378241
0.289296
0.265497
0.235748
0.208852
0.218930
0.188756
0.164714
0.274422
0.290450
0.189667
0.235687
0.301621
0.294943
0.309696
0.289539
0.211584
0.194949
0.226276
0.256329
0.306357
0.437011
0.491288
0.344181
0.388015
0.290268
0.365977
0.185660
0.165199
0.184445
0.201688
0.167082
0.177463
0.223848
0.212677
0.242912
0.398640
0.342056
0.428875
0.212282
0.244202
0.230101
0.225943
0.198941
0.201316
0.470160
0.449578
0.475260
0.439925
0.266984
0.318150
0.175301
0.167434
0.156433
0.161368
0.162552
0.151745
0.153549
0.245182
0.259602
0.256827
0.215281
0.225147
0.224783
0.266596
0.321377
0.236373
0.226653
0.224589
0.292126
0.295003
0.308269
0.256596
0.273475
0.213545
0.204900
0.183353
0.138850
0.191185
0.170846
0.218080
0.291543
0.186267
0.292636
0.305385
0.207091
0.186935
0.333070
0.279400
0.333860
0.349827
0.618542
0.684658
0.389351
0.298889
0.375630
0.309878
0.335742
0.246615
0.232955
0.300103
0.193309
0.207881
0.151175
0.172667
0.236598
0.174731
0.284682
0.223605
0.409508
0.367312
0.364641
0.260458
0.235383
0.145225
0.253931
0.451339
0.588550
0.524133
0.525165
0.416247
0.475320
0.343149
0.233866
0.270233
0.227734
0.244187
0.230344
0.288871
0.293425
0.274361
0.332767
0.419525
0.314492
0.390140
0.363062
0.382005
0.294275
0.374294
0.364034
0.479995
0.511080
0.458260
0.626434
0.612470
0.652844
0.461538
0.297857
0.322506
0.245037
0.240240
0.312489
0.327060
0.398154
0.298221
0.318256
0.395665
0.310485
0.328881
0.474652
0.516969
0.319896
0.346548
0.348491
0.466699
0.550968
0.469431
0.642766
0.541801
0.322446
0.303867
0.230891
0.194888
0.239269
0.240605
0.197863
0.293121
0.224091
0.187177
0.202781
0.303503
0.196345
0.232894
0.246190
0.271932
0.201991
0.215652
0.378301
0.567482
0.484609
0.424747
0.414243
0.339506
0.272782
0.305385
0.262340
0.254872
0.175885
0.250379
0.172424
0.156457
0.150750
0.217473
0.267743
0.251715
0.348248
0.324935
0.324024
0.402465
0.302775
0.395665
0.417036
0.306599
0.421954
0.238237
0.315281
0.346973
0.320746
0.322992
0.239026
0.221905
0.252079
0.179528
0.180074
0.240240
0.183110
0.326817
0.246251
0.307449
0.317163
0.333313
0.279522
0.274118
0.263676
0.257726
0.341752
0.363002
0.496691
0.519944
0.452978
0.597414
0.520673
0.389897
0.309635
0.206970
0.230648
0.234291
0.225669
0.180499
0.240423
0.188877
0.189363
0.316314
0.244976
0.300953
0.513569
0.410661
0.312731
0.271811
0.284196
0.348916
0.466638
0.550908
0.493231
0.435007
0.383037
0.405865
0.301864
0.240423
0.233805
0.218566
0.202659
0.185113
0.210188
0.233501
0.252383
0.390808
0.398458
0.458381
0.343999
0.358145
0.257786
0.297128
0.394572
0.374476
0.570761
0.476170
0.586121
0.547811
0.466092
0.295125
0.419707
0.289175
0.270475
0.245401
0.252990
0.217716
0.218262
0.400826
0.462510
0.483759
0.448364
0.451278
0.447089
0.429421
0.476656
0.515634
0.503612
0.788902
0.859450
0.863578
0.712829
0.650052
0.442718
0.390383
0.299496
0.329063
0.256086
0.280129
0.240240
0.356384
0.241151
0.220752
0.286321
0.504827
0.569486
0.450549
0.497663
0.499241
0.450671
0.561775
0.592678
0.868253
0.569911
0.776759
0.831158
0.681197
0.510777
0.499241
0.322142
0.316799
0.221298
0.273268
0.229555
0.275940
0.279947
0.264283
0.254629
0.394208
0.315099
0.326392
0.623217
0.363366
0.425050
0.427479
0.376723
0.368162
0.467853
0.615810
0.548843
0.661526
0.635238
0.372716
0.258576
0.254872
0.247405
0.211280
0.262340
0.296460
0.229616
0.334649
0.246069
0.268836
0.270415
0.225244
0.371016
0.319896
0.266833
0.361727
0.407504
0.408658
0.402890
0.447453
0.393722
0.370651
0.409933
0.286261
0.214437
0.241455
0.262218
0.236051
0.202902
0.169814
0.190577
0.300650
0.317103
0.277397
0.358630
0.305628
0.325178
0.349463
0.554125
0.556068
0.666262
0.687572
0.569971
0.643373
0.752413
0.819622
0.645680
0.462449
0.309149
0.266529
0.285775
0.244247
0.221541
0.338109
0.289539
0.245219
0.404286
0.375873
0.381276
0.350495
0.528140
0.355898
0.380608
0.445389
0.660433
0.511869
0.612653
0.618967
0.579989
0.572582
0.491956
0.442718
0.338899
0.228280
0.236719
0.237751
0.226276
0.229737
0.284804
0.227551
0.331188
0.303746
0.322203
0.301803
0.329670
0.449335
0.335013
0.357295
0.426750
0.586850
0.614899
0.584118
0.603788
0.699715
0.606946
0.478902
0.359359
0.293182
0.274300
0.343513
0.330095
0.277093
0.330095
0.312124
0.352802
0.342056
0.369619
0.374537
0.579321
0.518001
0.526319
0.562747
0.600146
0.597839
0.608585
0.513873
0.751624
0.606642
0.521341
0.344120
0.336652
0.271872
0.259061
0.242851
0.296096
0.240544
0.384008
0.256390
0.246433
0.328638
0.266043
0.223605
0.337745
0.280918
0.270900
0.340416
0.395847
0.471920
0.672758
0.692672
0.558011
0.411390
0.406168
0.323538
0.283104
0.304110
0.244794
0.234837
0.229373
0.272054
0.195192
0.166292
0.237265
0.269079
0.308178
0.246737
0.259061
0.295793
0.314978
0.290632
0.321838
0.381944
0.424382
0.579807
0.428936
0.361484
0.342116
0.280918
0.263918
0.240058
0.206120
0.198288
0.219598
0.216562
0.211766
0.329306
0.277639
0.344424
0.510594
0.536033
0.603242
0.544169
0.641127
0.740392
0.591828
0.593407
0.720175
0.631473
0.646712
0.690122
0.493170
0.428632
0.474713
0.381944
0.316253
0.257483
0.233016
0.238115
0.288143
0.413940
0.354016
0.367919
0.382187
0.426507
0.426993
0.509987
0.398761
0.546779
0.499120
0.803048
0.869285
0.804080
0.917916
0.608767
0.521462
0.392812
0.337988
0.293303
0.261429
0.247101
0.243276
0.250440
0.334163
0.234351
0.316192
0.478477
0.758727
0.569000
0.502034
0.565175
0.648594
0.579503
0.572582
0.801955
0.798798
0.889928
0.796977
0.731407
0.627345
0.429604
0.410115
0.316131
0.260093
0.302046
0.276122
0.318196
0.251958
0.381337
0.368587
0.402161
0.555643
0.532876
0.559468
0.477445
0.597110
0.646834
0.594864
0.836501
0.646712
0.647623
0.648534
0.644466
0.543561
0.396515
0.424686
0.399672
0.357537
0.276000
0.296946
0.295793
0.282861
0.347823
0.243276
0.341570
0.328881
0.408718
0.481938
0.684172
0.714286
0.749924
0.684597
0.739907
0.720175
0.923805
0.675672
0.622731
0.522616
0.478842
0.379212
0.394269
0.326028
0.362273
0.297978
0.312185
0.318803
0.535669
0.370530
0.359602
0.361484
0.370773
0.505980
0.416672
0.413029
0.412058
0.542044
0.469795
0.685265
0.857386
0.721268
0.569364
0.507194
0.449274
0.366523
0.284743
0.261915
0.294457
0.308057
0.324813
0.272236
0.219477
0.256208
0.384858
0.563111
0.483881
0.454739
0.511444
0.410297
0.321899
0.277882
0.392933
0.549511
0.516301
0.515694
0.487645
0.412543
0.387226
0.361423
0.264465
0.259911
0.266104
0.255236
0.234108
0.221966
0.293061
0.249590
0.338899
0.413333
0.624309
0.538158
0.541315
0.578350
0.468703
0.801530
0.549208
0.617388
0.903285
0.875417
0.592132
0.465606
0.351466
0.316374
0.259851
0.234351
0.237933
0.222027
0.258394
0.249529
0.337745
0.376176
0.313764
0.400765
0.476049
0.487341
0.427843
0.452796
0.549390
0.742639
0.577500
0.559711
0.600996
0.812458
0.560318
0.447271
0.474288
0.291057
0.314006
0.311639
0.263251
0.222573
0.290753
0.288021
0.226823
0.271811
0.440653
0.422379
0.523890
0.542651
0.426993
0.430454
0.575011
0.459656
0.356384
0.453282
0.543744
0.476352
0.646712
0.704632
0.485641
0.314310
0.260033
0.254386
0.299496
0.273025
0.278975
0.351770
0.276547
0.323053
0.526744
0.620484
0.466153
0.489163
0.554065
0.541922
0.614717
0.851618
0.925323
0.721450
0.731346
0.656123
0.668751
0.549815
0.399065
0.353348
0.351891
0.333435
0.304110
0.327545
0.369437
0.309271
0.437739
0.422561
0.549936
0.377026
0.322263
0.343513
0.334406
0.563050
0.476474
0.432578
0.426204
0.749681
0.595289
0.504402
0.700807
0.599781
0.381519
0.330642
0.267197
0.270233
0.231619
0.274786
0.277032
0.247708
0.359845
0.349159
0.576043
0.395665
0.364823
0.476960
0.414547
0.355655
0.343877
0.320442
0.373626
0.611378
0.533787
0.497238
0.429057
0.390626
0.287779
0.199563
0.281161
0.209277
0.170360
0.215045
0.316071
0.172728
0.186631
0.236173
0.237023
0.215045
0.268654
0.365734
0.378666
0.316678
0.304960
0.376723
0.407626
0.559832
0.693522
0.599781
0.425839
0.403072
0.417643
0.269625
0.290146
0.265740
0.236962
0.212130
0.277032
0.204116
0.276182
0.295307
0.331249
0.241698
0.360148
0.393722
0.438771
0.411997
0.395483
0.452553
0.636331
0.649505
0.535790
0.417886
0.343938
0.351041
0.258636
0.214741
0.214620
0.203145
0.190760
0.307207
0.215530
0.161617
0.200777
0.179406
0.170239
0.262158
0.341995
0.324267
0.295307
0.266286
0.375326
0.306539
0.255176
0.251472
0.430818
0.429786
0.430514
0.522312
0.267318
0.266347
0.231255
0.246676
0.238419
0.227551
0.244672
0.213952
0.249529
0.197013
0.349402
0.334042
0.353713
0.517758
0.337745
0.260397
0.298343
0.386437
0.525348
0.898792
0.613867
0.710886
0.509987
0.488434
0.375751
0.284439
0.203327
0.209338
0.186935
0.162650
0.169996
0.186570
0.227612
0.418372
0.239876
0.429664
0.432214
0.653087
0.802501
0.474774
0.439318
0.418675
0.637970
0.620970
0.668690
0.520733
0.561775
0.433550
0.307996
0.281889
0.255601
0.284014
0.214377
0.185660
0.229616
0.224455
0.279097
0.242244
0.382733
0.384737
0.317771
0.392083
0.381762
0.376055
0.431243
0.563900
0.440168
0.400886
0.772813
0.664744
0.418979
0.439864
0.379333
0.272115
0.250865
0.214862
0.256876
0.198166
0.227551
0.265679
0.336652
0.237023
0.298464
0.354077
0.288811
0.326817
0.304171
0.216623
0.234169
0.187177
0.314735
0.481756
0.455710
0.509016
0.395058
0.445146
0.273025
0.260336
0.191670
0.150203
0.194584
0.159735
0.177038
0.161010
0.149414
0.125675
0.288021
0.317467
0.236841
0.202963
0.234958
0.204966
0.266043
0.189910
0.187542
0.340599
0.383705
0.558436
0.307692
0.251412
0.399369
0.211341
0.188999
0.197984
0.209155
0.186024
0.153421
0.150993
0.259669
0.163682
0.371016
0.488131
0.259608
0.395908
0.322628
0.206241
0.225548
0.281464
0.318742
0.369619
0.286807
0.429118
0.368405
0.322567
0.239633
0.253840
0.181228
0.221055
0.218748
0.232833
0.175521
0.217655
0.201081
0.221602
0.245947
0.279522
0.342966
0.276365
0.315342
0.314917
0.370469
0.496752
0.445025
0.571793
0.534394
0.593224
0.436403
0.398761
0.363002
0.256329
0.255722
0.201324
0.219295
0.203023
0.278307
0.229919
0.249226
0.367677
0.323478
0.273329
0.294214
0.266347
0.393662
0.345638
0.363123
0.277154
0.430332
0.508227
0.454192
0.695586
0.591889
0.469613
0.267865
0.234291
0.192642
0.177646
0.186995
0.181410
0.185417
0.229676
0.187299
0.234351
0.379819
0.323842
0.440896
0.475260
0.318985
0.278307
0.315342
0.338838
0.385283
0.366280
0.416915
0.345699
0.264465
0.281039
0.232105
0.254751
0.192520
0.215105
0.166717
0.199016
0.214559
0.200534
0.247101
0.297007
0.258636
0.264161
0.209095
0.201991
0.517030
0.419040
0.363002
0.440593
0.519944
0.590735
0.564507
0.506466
0.420922
0.322263
0.299010
0.276122
0.261915
0.226459
0.203145
0.171028
0.191974
0.289357
0.308724
0.259911
0.335134
0.337077
0.466335
0.413515
0.312489
0.334527
0.452978
0.378362
0.643252
0.638698
0.470828
0.407079
0.342663
0.423714
0.312853
0.272236
0.202052
0.237933
0.204966
0.130107
0.208123
0.170967
0.172121
0.262826
0.325178
0.319471
0.312853
0.380062
0.458867
0.369741
0.410600
0.343088
0.371684
0.583328
0.610163
0.512598
0.401494
0.380912
0.278125
0.226216
0.259608
0.195070
0.223180
0.193249
0.202902
0.180985
0.423897
0.277943
0.436707
0.530812
0.321292
0.306235
0.210673
0.224819
0.232712
0.239573
0.320321
0.461660
0.456924
0.349341
0.292271
0.349281
0.215045
0.227976
0.222087
0.259183
0.197924
0.243397
0.179042
0.190335
0.233562
0.333556
0.234291
0.279218
0.194220
0.215409
0.301925
0.369984
0.308846
0.321474
0.314856
0.429664
0.407626
0.559286
0.409265
0.563414
0.342238
0.263433
0.223484
0.175642
0.181774
0.216137
0.253112
0.203995
0.191731
0.256936
0.461903
0.254629
0.296703
0.376358
0.351041
0.250683
0.232348
0.361666
0.498088
0.631473
0.598749
0.435857
0.624977
0.386255
0.244065
0.214923
0.239937
0.194949
0.209277
0.228523
0.187845
0.210066
0.325117
0.338717
0.231558
0.356020
0.359541
0.368951
0.290693
0.293546
0.265983
0.373566
0.350009
0.704754
0.746463
0.604153
0.377755
0.379091
0.225730
0.252019
0.219780
0.214316
0.275393
0.251108
0.260093
0.258394
0.344909
0.357052
0.599721
0.421529
0.446785
0.463299
0.342420
0.364519
0.340052
0.275393
0.458199
0.353166
0.479206
0.544533
0.549390
0.543744
0.336106
0.264404
0.242183
0.259972
0.246069
0.264101
0.245280
0.324267
0.397062
0.333920
0.333495
0.239573
0.267197
0.338899
0.329670
0.242790
0.251594
0.299253
0.363305
0.625766
0.868860
0.701779
0.707304
0.399915
0.304050
0.288628
0.335802
0.247890
0.249651
0.238115
0.274118
0.210248
0.190274
0.195617
0.358873
0.318074
0.246433
0.472952
0.421407
0.367069
0.325906
0.295125
0.253962
0.362941
0.521826
0.292150
0.350252
0.409690
0.360695
0.296096
0.237873
0.237387
0.216137
0.185599
0.209884
0.222877
0.186935
0.289721
0.243215
0.501062
0.263068
0.184081
0.151418
0.179710
0.280372
0.305385
0.381701
0.357962
0.308117
0.341509
0.316981
0.330156
0.352802
0.248012
0.204238
0.188817
0.228584
0.203509
0.209338
0.207152
0.241151
0.278550
0.268168
0.224759
0.392872
0.295550
0.235566
0.320321
0.279825
0.392022
0.425839
0.574646
0.735171
0.669723
0.437800
0.334709
0.267683
0.243094
0.240726
0.219477
0.241940
0.239330
0.225062
0.252808
0.237144
0.263979
0.265558
0.274665
0.304050
0.385223
0.311578
0.321778
0.277032
0.345759
0.275272
0.327606
0.359298
0.595349
0.294214
0.252929
0.236537
0.191974
0.203266
0.203813
0.167446
0.170117
0.164167
0.205148
0.184142
0.256936
0.317953
0.266043
0.311578
0.332888
0.265497
0.154818
0.210491
0.326938
0.185053
0.364884
0.337745
0.339870
0.336288
0.405804
0.205573
0.260093
0.187602
0.193006
0.206909
0.160950
0.156032
0.205938
0.219112
0.193613
0.269929
0.299739
0.204845
0.243337
0.183960
0.222816
0.210916
0.267804
0.166960
0.245280
0.404226
0.378241
0.331431
0.328456
0.220691
0.197741
0.186692
0.193309
0.213648
0.173031
0.212070
0.233258
0.199016
0.236598
0.275879
0.228948
0.246372
0.344241
0.302228
0.203934
0.218141
0.220084
0.315646
0.325178
0.477627
0.294943
0.377573
0.246312
0.199806
0.190820
0.199138
0.182320
0.236780
0.198713
0.246494
0.212738
0.240362
0.206181
0.167507
0.236233
0.271629
0.214741
0.207395
0.176431
0.146136
0.207456
0.241151
0.312853
0.339627
0.264647
0.223544
0.189363
0.235323
0.158885
0.177949
0.183656
0.144982
0.137575
0.188695
0.172667
0.303625
0.299982
0.323356
0.215045
0.275150
0.363366
0.186752
0.136725
0.172242
0.307571
0.262643
0.278914
0.290025
0.396879
0.362091
0.336167
0.287657
0.279461
0.219173
0.186145
0.242669
0.233258
0.175278
0.180499
0.312246
0.269383
0.248194
0.371137
0.287779
0.312367
0.264101
0.345516
0.427418
0.533544
0.481027
0.399186
0.589157
0.429907
0.421347
0.318863
0.264283
0.165139
0.162953
0.163803
0.157792
0.143464
0.141096
0.213041
0.183292
0.273147
0.201020
0.403618
0.516666
0.396940
0.373384
0.264161
0.304475
0.337745
0.355473
0.293668
0.310910
0.485459
0.389047
0.255236
0.191609
0.164167
0.151903
0.206545
0.212555
0.170542
0.186874
0.184142
0.215227
0.184628
0.220752
0.309999
0.200899
0.418918
0.511687
0.542408
0.482788
0.383098
0.597231
0.725396
0.455771
0.500395
0.374234
0.329427
0.321171
0.214255
0.227126
0.204481
0.191002
0.175460
0.247647
0.196588
0.183170
0.381944
0.355898
0.245522
0.290328
0.280432
0.263797
0.253051
0.281829
0.426871
0.346245
0.494566
0.789266
0.829519
0.467245
0.337138
0.301864
0.276607
0.268290
0.281222
0.245887
0.234108
0.265861
0.292271
0.370469
0.314735
0.404468
0.285654
0.391476
0.329427
0.286989
0.254204
0.214862
0.259244
0.282497
0.284804
0.479449
0.490620
0.425718
0.514055
0.308542
0.298950
0.241515
0.196345
0.269261
0.194888
0.289053
0.250926
0.244855
0.183292
0.215955
0.217352
0.239876
0.247647
0.288871
0.237751
0.348309
0.249954
0.286989
0.374901
0.343816
0.381398
0.392872
0.273997
0.268047
0.227612
0.214013
0.256329
0.212009
0.229919
0.273329
0.258090
0.303139
0.212859
0.274240
0.296096
0.350616
0.407140
0.291057
0.474835
0.321899
0.400522
0.457653
0.527108
0.520126
0.502641
0.493595
0.362820
0.320381
0.287232
0.291543
0.282193
0.243640
0.221055
0.231134
0.220448
0.252140
0.374658
0.276061
0.358570
0.513691
0.399126
0.348006
0.293243
0.407201
0.628924
0.497784
0.522919
0.810333
0.535790
0.732135
0.564629
0.519276
0.326331
0.285168
0.227005
0.231619
0.222087
0.273875
0.232894
0.376419
0.325178
0.338413
0.427357
0.336713
0.378241
0.299435
0.253962
0.307328
0.370712
0.346791
0.576164
0.483638
0.506284
0.544472
0.485216
0.324388
0.195738
0.171999
0.223605
0.158460
0.163621
0.152875
0.152935
0.238601
0.267379
0.358873
0.379637
0.296582
0.356202
0.364337
0.229859
0.342116
0.304596
0.729039
0.516241
0.534576
0.507862
0.511809
0.384798
0.436828
0.227066
0.197377
0.207456
0.179406
0.208427
0.220084
0.159614
0.182078
0.314917
0.536094
0.366098
0.284561
0.374658
0.376419
0.274725
0.326938
0.339931
0.312064
0.416247
0.354077
0.559590
0.431911
0.418554
0.171635
0.222937
0.157610
0.168842
0.162710
0.186935
0.202963
0.289053
0.298828
0.270354
0.273086
0.224759
0.162892
0.346913
0.294760
0.139761
0.167507
0.320381
0.499423
0.481634
0.420011
0.569546
0.337442
0.321353
0.244308
0.268411
0.189849
0.177524
0.236112
0.182017
0.225123
0.198470
0.183292
0.244247
0.348127
0.285350
0.293364
0.329306
0.296885
0.218809
0.255479
0.218384
0.306296
0.707729
0.510959
0.751260
0.422257
0.350677
0.315464
0.229069
0.274179
0.169328
0.182988
0.149961
0.142979
0.201870
0.214680
0.244005
0.361484
0.364034
0.462085
0.354502
0.238298
0.246312
0.230526
0.228219
0.308664
0.415518
0.254204
0.507741
0.283407
0.221116
0.278247
0.252079
0.170967
0.171028
0.162892
0.159432
0.160039
0.195495
0.344970
0.232712
0.251047
0.292089
0.243762
0.202477
0.274847
0.277032
0.321535
0.315403
0.398033
0.318742
0.371501
0.437253
0.392083
0.588975
0.297796
0.212495
0.216866
0.190638
0.241940
0.161253
0.233198
0.205998
0.220509
0.212859
0.360270
0.399794
0.366766
0.285896
0.324874
0.224152
0.236537
0.297553
0.327120
0.467245
0.545686
0.482484
0.506709
0.317953
0.293364
0.256936
0.226884
0.307935
0.263251
0.226276
0.224091
0.280432
0.228098
0.159917
0.246797
0.288021
0.174306
0.465060
0.490377
0.480056
0.370166
0.566147
0.454071
0.607735
0.515391
0.606338
0.571793
0.409325
0.276122
0.241880
0.281039
0.226398
0.219720
0.175703
0.262218
0.297189
0.353591
0.410540
0.306053
0.551211
0.240119
0.424868
0.441928
0.279886
0.351770
0.413211
0.560865
0.599660
0.657459
0.573493
0.779977
0.490681
0.403011
0.371744
0.332767
0.341509
0.218991
0.280372
0.227430
0.270233
0.346791
0.220630
0.349402
0.327667
0.318985
0.339384
0.410358
0.432700
0.437921
0.606824
0.546961
0.557768
0.505009
0.580475
0.621456
0.636695
0.425475
0.310849
0.352134
0.252626
0.203691
0.224030
0.263251
0.320563
0.210370
0.327242
0.296703
0.344727
0.229494
0.256511
0.366766
0.359480
0.379394
0.393904
0.507923
0.580110
0.734867
0.582296
0.520733
0.312914
0.367069
0.358691
0.279643
0.281464
0.265740
0.279339
0.255479
0.265011
0.434521
0.468581
0.396090
0.351709
0.530508
0.343209
0.275636
0.246797
0.280372
0.372716
0.369923
0.255783
0.351588
0.676947
0.343391
0.317528
0.264647
0.208791
0.186631
0.209459
0.160646
0.195313
0.207456
0.130229
0.197741
0.318560
0.298343
0.279400
0.247769
0.260822
0.242123
0.318924
0.455285
0.300285
0.182320
0.495963
0.350556
0.359784
0.489891
0.370166
0.191852
0.192459
0.256269
0.194342
0.196709
0.184385
0.236901
0.207759
0.227734
0.208730
0.470463
0.386012
0.271204
0.316314
0.385101
0.185963
0.202599
0.253172
0.369619
0.486916
0.506223
0.638455
0.592557
0.446725
0.214741
0.241515
0.204116
0.176553
0.196892
0.232287
0.233137
0.203691
0.183170
0.276911
0.325724
0.330945
0.459474
0.364216
0.651205
0.479388
0.392083
0.365491
0.370834
0.565114
0.511626
0.598142
0.482242
0.384190
0.316617
0.240240
0.233987
0.238905
0.230344
0.254569
0.309514
0.198591
0.283164
0.448303
0.326574
0.314492
0.390322
0.454496
0.418129
0.361545
0.306842
0.324388
0.517698
0.487159
0.452553
0.735960
0.470038
0.373323
0.276243
0.223666
0.224273
0.264890
0.206909
0.167385
0.213648
0.227066
0.297857
0.326331
0.192034
0.298828
0.184445
0.225791
0.202781
0.316314
0.322870
0.350738
0.528262
0.841843
0.579989
0.706757
0.569971
0.631777
0.407140
0.399065
0.260276
0.258394
0.241576
0.251169
0.277882
0.255054
0.396697
0.367252
0.338352
0.341084
0.421043
0.467245
0.564325
0.693947
0.590189
0.567239
0.576589
0.787809
0.700625
0.955801
0.683383
0.583085
0.441928
0.379758
0.298282
0.271872
0.269565
0.224212
0.220023
0.304232
0.408658
0.331310
0.361545
0.438346
0.565904
0.522494
0.429421
0.529476
0.543561
0.532876
0.552790
0.463481
0.530083
0.570275
0.549511
0.420072
0.359602
0.281889
0.301014
0.305325
0.236658
0.261429
0.275332
0.221480
0.307267
0.272115
0.344788
0.544169
0.393540
0.447271
0.602817
0.427236
0.526744
0.518730
0.707486
0.599356
0.641795
0.656062
0.469553
0.514784
0.288021
0.261551
0.234412
0.274240
0.208548
0.266893
0.272297
0.216927
0.195556
0.223605
0.317649
0.202659
0.492563
0.558132
0.403922
0.236233
0.225669
0.242487
0.344363
0.621152
0.470342
0.508409
0.686722
0.407018
0.276850
0.194706
0.234776
0.204056
0.213345
0.177099
0.213041
0.223969
0.174549
0.259304
0.391051
0.458199
0.322567
0.512355
0.492927
0.314249
0.238662
0.314674
0.262218
0.343999
0.413029
0.506891
0.552000
0.386740
0.240665
0.223362
0.241151
0.276000
0.212191
0.245219
0.240605
0.199016
0.243701
0.439803
0.244126
0.288750
0.266711
0.212191
0.224030
0.354138
0.265315
0.299678
0.276061
0.514055
0.607613
0.422864
0.505070
0.322567
0.262643
0.196042
0.174306
0.200291
0.189849
0.197377
0.144132
0.209034
0.302714
0.358752
0.335377
0.299314
0.239815
0.446117
0.322021
0.209398
0.161010
0.216137
0.312853
0.276850
0.470160
0.761824
0.400522
0.364823
0.342481
0.233137
0.149171
0.243155
0.197074
0.143829
0.219173
0.194706
0.235080
0.329792
0.255601
0.271204
0.302107
0.323720
0.241212
0.384312
0.221844
0.353470
0.257483
0.260397
0.235748
0.351770
0.444478
0.294760
0.274422
0.315585
0.217898
0.154939
0.147593
0.162164
0.150325
0.202416
0.314978
0.230526
0.367677
0.385526
0.363791
0.280614
0.218141
0.204784
0.175035
0.313946
0.287414
0.269079
0.307449
0.388683
0.285229
0.219598
0.155850
0.301742
0.170056
0.146621
0.161800
0.132718
0.166960
0.165078
0.185478
0.305749
0.164289
0.196588
0.142311
0.200291
0.301985
0.310728
0.206848
0.333313
0.386376
0.531237
0.633659
0.596017
0.505070
0.368466
0.222634
0.201324
0.201263
0.197863
0.177221
0.156882
0.221298
0.187299
0.180985
0.239998
0.240483
0.204541
0.201263
0.334163
0.341631
0.322203
0.174367
0.305932
0.669480
0.488495
0.586850
0.574343
0.507619
0.422014
0.269322
0.262097
0.202477
0.218566
0.211098
0.172849
0.219234
0.320806
0.308542
0.211705
0.318681
0.267865
0.293971
0.331795
0.346609
0.255783
0.389230
0.409022
0.670998
0.529172
0.445753
0.608463
0.487099
0.292089
0.339749
0.286929
0.261611
0.193127
0.176553
0.178374
0.250319
0.210066
0.209884
0.279522
0.387105
0.405318
0.214377
0.285411
0.545140
0.301742
0.302592
0.286929
0.446725
0.559286
0.605792
0.686601
0.493959
0.390322
0.333860
0.328031
0.213041
0.182017
0.168781
0.162407
0.171210
0.227491
0.368951
0.265072
0.331067
0.308482
0.228644
0.229919
0.186388
0.191185
0.163682
0.293668
0.636088
0.460992
0.678647
0.421225
0.518305
0.279886
0.219355
0.181531
0.204906
0.202113
0.158157
0.207698
0.268593
0.236112
0.293850
0.331856
0.342602
0.306660
0.368041
0.371684
0.272357
0.264951
0.213830
0.420679
0.625524
0.594985
0.675915
0.506223
0.386497
0.548115
0.335499
0.479024
0.208730
0.227187
0.152935
0.153968
0.176917
0.221298
0.185174
0.342966
0.371684
0.358084
0.485459
0.387408
0.324145
0.222209
0.207759
0.317224
0.428693
0.431668
0.458139
0.432032
0.485763
0.380730
0.314067
0.222209
0.210977
0.171514
0.172242
0.171756
0.153360
0.142493
0.237205
0.285411
0.248194
0.348673
0.284014
0.239451
0.430696
0.387772
0.515634
0.295610
0.367373
0.446785
0.568150
0.385465
0.653148
0.376905
0.271507
0.169935
0.154393
0.178435
0.180863
0.161314
0.223059
0.196649
0.239876
0.233137
0.286382
0.208427
0.289053
0.350313
0.216320
0.253112
0.182138
0.289903
0.346913
0.470706
0.709793
0.613260
0.574707
0.347459
0.307510
0.209398
0.187724
0.149657
0.193552
0.155243
0.146682
0.207091
0.288871
0.371926
0.424929
0.422986
0.432761
0.234412
0.321656
0.404954
0.368466
0.633659
0.407383
0.658248
0.443689
0.496995
0.470585
0.302228
0.229798
0.228037
0.180378
0.155546
0.175399
0.159128
0.272115
0.258636
0.297189
0.292271
0.322749
0.197013
0.274907
0.224880
0.238601
0.229555
0.218141
0.290875
0.300225
0.429725
0.404043
0.350252
0.492016
0.270233
0.219416
0.174731
0.213770
0.146257
0.155485
0.220752
0.147896
0.202052
0.252079
0.230769
0.374112
0.336531
0.180863
0.174671
0.163499
0.176310
0.233441
0.254933
0.331917
0.399004
0.531176
0.503005
0.541133
0.345638
0.376662
0.197316
0.180195
0.173456
0.182199
0.145529
0.216502
0.210370
0.278064
0.256208
0.252929
0.170421
0.200838
0.232591
0.301560
0.172121
0.240119
0.267075
0.541983
0.409811
0.490498
1.000000
0.628620
0.548601
0.323478
0.283832
0.175763
0.263251
0.184020
0.222937
0.141886
0.190335
0.288386
0.466153
0.480602
0.542165
0.440228
0.368223
0.311335
0.230284
0.310060
0.326088
0.296400
0.398640
0.435614
0.581203
0.674155
0.400097
0.261793
0.239330
0.180074
0.187724
0.181531
0.222755
0.177949
0.256026
0.198349
0.243701
0.253719
0.282193
0.312246
0.276486
0.419525
0.441443
0.433611
0.357720
0.269322
0.267440
0.410175
0.502884
0.438710
0.306174
0.248619
0.178374
0.163560
0.197134
0.240969
0.147836
0.164349
0.262704
0.311456
0.317467
0.226580
0.241212
0.239330
0.340781
0.225669
0.159371
0.149111
0.195617
0.202113
0.360087
0.577743
0.475381
0.456499
0.313764
0.264526
0.211705
0.173760
0.189788
0.158035
0.153725
0.153543
0.179528
0.253354
0.283286
0.272904
0.289903
0.232591
0.411511
0.549997
0.249104
0.264890
0.260397
0.244369
0.311760
0.498088
0.568029
0.622002
0.407504
0.220934
0.189363
0.223969
0.158582
0.161192
0.147411
0.148018
0.172910
0.272965
0.353530
0.337988
0.237326
0.230769
0.312914
0.392994
0.155668
0.166414
0.170117
0.578471
0.273632
0.479813
0.469067
0.413636
0.299739
0.253537
0.151478
0.146378
0.174003
0.198470
0.130957
0.161314
0.215409
0.277032
0.311821
0.277336
0.280675
0.279036
0.258333
0.259972
0.128590
0.176613
0.499059
0.398883
0.523648
0.594499
0.386680
0.326999
0.513144
0.263372
0.169389
0.154514
0.137272
0.189485
0.172364
0.137636
0.239876
0.228159
0.306539
0.312064
0.358995
0.223484
0.210309
0.261490
0.203023
0.198227
0.275272
0.261672
0.425050
0.260579
0.412300
0.348188
0.206120
0.227309
0.231801
0.142129
0.182624
0.142675
0.124886
0.196649
0.144011
0.166899
0.176735
0.309453
0.308724
0.257726
0.297250
0.358448
0.151175
0.171392
0.166535
0.291421
0.533544
0.509684
0.518669
0.381580
0.266772
0.263129
0.234716
0.190820
0.148686
0.152450
0.137697
0.161617
0.165199
0.284014
0.372351
0.322324
0.302592
0.247222
0.251594
0.213588
0.162467
0.159553
0.180620
0.372169
0.199806
0.612349
0.711250
0.565114
0.372412
0.266165
0.215409
0.150750
0.138182
0.205391
0.157853
0.208791
0.226641
0.184385
0.283711
0.278550
0.423472
0.209641
0.415032
0.244490
0.144132
0.189485
0.313824
0.334163
0.539554
0.681015
0.765284
0.503066
0.368102
0.187602
0.183474
0.163742
0.220934
0.155243
0.176978
0.174185
0.208670
0.175278
0.429421
0.596624
0.405561
0.518366
0.768199
0.374719
0.208488
0.350313
0.315281
0.407626
0.472406
0.421711
0.464787
0.481619
0.437071
0.295489
0.258454
0.254872
0.211888
0.223241
0.182563
0.220205
0.209459
0.260397
0.372351
0.204420
0.357720
0.268775
0.208913
0.399794
0.352984
0.366219
0.323903
0.364337
0.522555
0.447817
0.561775
0.636270
0.592010
0.281768
0.229009
0.161192
0.241151
0.198531
0.146439
0.177706
0.220569
0.337806
0.311517
0.297735
0.232166
0.447089
0.264890
0.278125
0.185538
0.195313
0.283589
0.353530
0.418493
0.607978
0.484427
0.495963
0.322749
0.397547
0.184567
0.175460
0.180681
0.154696
0.173031
0.261368
0.193917
0.211827
0.353166
0.348127
0.268897
0.365612
0.326149
0.413879
0.322385
0.230587
0.313339
0.596989
0.396454
0.450185
0.494930
0.413150
0.268775
0.349402
0.198166
0.183170
0.237387
0.137818
0.198652
0.234048
0.222452
0.205998
0.344606
0.310424
0.252262
0.206970
0.170299
0.412968
0.441989
0.281343
0.227187
0.179588
0.185235
0.447817
0.290328
0.384130
0.434461
0.519094
0.211159
0.232955
0.180863
0.176674
0.175581
0.172121
0.140975
0.297432
0.437011
0.427236
0.281039
0.354380
0.363791
0.487706
0.571914
0.432518
0.421286
0.396151
0.284439
0.548722
0.546536
0.361120
0.417157
0.219234
0.160100
0.132597
0.158005
0.151463
0.139966
0.221359
0.154028
0.173214
0.285957
0.340781
0.266529
0.430939
0.375751
0.226641
0.279886
0.208973
0.300346
0.608888
0.502155
0.784166
0.615810
0.452007
0.489466
0.376116
0.191974
0.212738
0.263979
0.183899
0.222634
0.152571
0.207820
0.214255
0.227005
0.356627
0.395665
0.267136
0.370409
0.433368
0.444357
0.397729
0.351709
0.321353
0.538158
0.460142
0.427175
0.466699
0.393237
0.365977
0.163985
0.297857
0.222391
0.162285
0.159917
0.210370
0.148261
0.229312
0.200413
0.460324
0.527898
0.316739
0.387651
0.385587
0.203023
0.174367
0.313339
0.341813
0.376723
0.364337
0.601299
0.432761
0.232044
0.219052
0.188635
0.177706
0.168053
0.152207
0.146439
0.130229
0.221298
0.221298
0.200716
0.421954
0.528930
0.331917
0.301621
0.181106
0.223119
0.275818
0.235626
0.531358
0.227369
0.318803
0.503977
0.496509
0.223302
0.182199
0.168478
0.165260
0.157975
0.140914
0.131747
0.188574
0.139579
0.151114
0.215591
0.261733
0.213952
0.343452
0.339020
0.474167
0.416065
0.240787
0.143707
0.514237
0.328213
0.481513
0.413940
0.279886
0.401190
0.443628
0.159310
0.162467
0.125675
0.171028
0.175703
0.158582
0.248012
0.181045
0.356020
0.299557
0.294457
0.379030
0.472467
0.219173
0.319653
0.245947
0.398944
0.233076
0.362880
0.478781
0.464696
0.629288
0.317346
0.258151
0.260397
0.260397
0.138607
0.146014
0.150689
0.179892
0.149961
0.141339
0.363852
0.373019
0.393358
0.348127
0.332281
0.387408
0.392022
0.475442
0.504766
0.335802
0.326513
0.481452
0.812215
0.619270
0.458867
0.540283
0.300953
0.164107
0.161860
0.175703
0.142311
0.179467
0.195070
0.178192
0.175581
0.309149
0.264040
0.274422
0.279157
0.383705
0.316314
0.237144
0.253476
0.243762
0.318621
0.578593
0.407261
0.606399
0.424625
0.362577
0.397972
0.175581
0.193674
0.294214
0.216441
0.139579
0.126829
0.179406
0.179163
0.413818
0.517941
0.345031
0.398822
0.518305
0.275636
0.253233
0.150932
0.301925
0.432761
0.792544
0.625099
0.525651
0.369984
0.363973
0.267197
0.185720
0.156032
0.155546
0.161739
0.148200
0.200959
0.182563
0.286989
0.313339
0.324570
0.172303
0.287232
0.384980
0.257179
0.154696
0.116690
0.210005
0.271750
0.598324
0.656973
0.500516
0.498270
0.359602
0.230648
0.189424
0.225912
0.162771
0.160585
0.177281
0.151053
0.205695
0.415700
0.284743
0.247222
0.249894
0.274543
0.201931
0.222937
0.116994
0.122215
0.141036
0.272661
0.478417
0.582903
0.630502
0.541861
0.232287
0.174974
0.194281
0.156275
0.151296
0.166960
0.159250
0.278064
0.204541
0.207759
0.322749
0.315342
0.325360
0.241819
0.282375
0.338595
0.226641
0.154939
0.176674
0.298950
0.328517
0.345091
0.506405
0.298768
0.194888
0.235323
0.167385
0.140975
0.187906
0.228766
0.122518
0.179892
0.272722
0.298221
0.230769
0.271690
0.556008
0.332463
0.412665
0.242548
0.286200
0.233623
0.317163
0.270475
0.529840
0.468581
0.467063
0.496023
0.380730
0.263129
0.182199
0.149778
0.133811
0.155000
0.140793
0.183474
0.139943
0.184567
0.264404
0.237083
0.165989
0.213163
0.211280
0.333192
0.290814
0.183474
0.176978
0.246190
0.446300
0.469006
0.377148
0.466820
0.218080
0.200474
0.231194
0.141339
0.158278
0.140064
0.125190
0.225184
0.132718
0.271022
0.318803
0.351648
0.441685
0.243215
0.428936
0.344363
0.138243
0.178738
0.234048
0.278368
0.643980
0.641977
0.585635
0.496388
0.468399
0.218870
0.174246
0.137332
0.152146
0.170724
0.145529
0.155364
0.292696
0.275393
0.212252
0.388562
0.514784
0.397729
0.559286
0.380608
0.299800
0.329852
0.494688
0.586728
0.656062
0.605367
0.624492
0.407747
0.311092
0.196467
0.203509
0.148686
0.154878
0.144314
0.170542
0.249529
0.223969
0.212859
0.398761
0.287232
0.185417
0.157914
0.185113
0.481999
0.356688
0.221662
0.334042
0.267925
0.427964
0.558982
0.488374
0.614899
0.510777
0.283954
0.173760
0.197741
0.186145
0.130107
0.180013
0.137393
0.263190
0.275211
0.303867
0.406411
0.427843
0.400522
0.346245
0.335195
0.165382
0.303989
0.241940
0.284136
0.569486
0.554368
0.448667
0.405258
0.317346
0.306842
0.173639
0.210066
0.154089
0.152268
0.167385
0.271872
0.216259
0.231862
0.228219
0.418857
0.341327
0.350131
0.426264
0.338595
0.409325
0.522312
0.372534
0.457410
0.552425
0.382430
0.712221
0.393054
0.292818
0.325542
0.297007
0.164835
0.158278
0.214620
0.272115
0.181531
0.240726
0.248558
0.324145
0.493838
0.473863
0.674033
0.391597
0.463360
0.503855
0.493534
0.348795
0.357659
0.460810
0.441200
0.381883
0.408293
0.400097
0.291907
0.207638
0.175156
0.171939
0.202234
0.147228
0.143768
0.162710
0.296521
0.370530
0.322081
0.450246
0.238176
0.314128
0.409933
0.296400
0.212252
0.256451
0.365309
0.519337
0.547872
0.487341
0.360998
0.654787
0.242608
0.154635
0.187056
0.163317
0.149596
0.186813
0.292150
0.159735
0.162528
0.229798
0.325178
0.262704
0.268958
0.332585
0.349645
0.141704
0.174792
0.221177
0.269868
0.715136
0.591342
0.466578
0.624795
0.350191
0.271022
0.211705
0.175460
0.152450
0.192034
0.184567
0.143039
0.135936
0.288082
0.318135
0.353834
0.212495
0.316799
0.292332
0.372716
0.273511
0.268290
0.272965
0.473985
0.516605
0.779309
0.888896
0.574646
0.398519
0.272357
0.215955
0.181713
0.192459
0.170542
0.215591
0.212313
0.174913
0.310849
0.380669
0.435189
0.279339
0.225973
0.313885
0.297735
0.213527
0.441625
0.348977
0.564447
0.345577
0.347945
0.396697
0.407018
0.269079
0.209095
0.189545
0.163803
0.148261
0.139336
0.133932
0.168417
0.151478
0.192399
0.323235
0.277397
0.172424
0.268047
0.306174
0.263858
0.210795
0.188756
0.222694
0.139336
0.436464
0.526987
0.424443
0.416307
0.227491
0.277457
0.202174
0.159796
0.136057
0.139154
0.189606
0.234048
0.165807
0.130532
0.195981
0.441078
0.435007
0.241212
0.314189
0.235991
0.320442
0.341509
0.364884
0.444053
0.636270
0.758910
0.460749
0.353288
0.398822
0.255601
0.328335
0.186085
0.131504
0.147714
0.141886
0.135147
0.146014
0.279947
0.274786
0.408051
0.567361
0.390747
0.333070
0.168599
0.355291
0.362334
0.209459
0.346002
0.593832
0.329124
0.380912
0.387226
0.335256
0.235323
0.183778
0.176249
0.159492
0.145043
0.132961
0.117661
0.130107
0.202841
0.232166
0.186752
0.279339
0.280614
0.338109
0.578836
0.544472
0.325056
0.502277
0.308299
0.491166
0.401797
0.475260
0.361059
0.522616
0.271629
0.166657
0.168235
0.180499
0.171635
0.131079
0.248072
0.248801
0.241333
0.198895
0.273268
0.393297
0.249833
0.540769
0.371987
0.191124
0.230101
0.189242
0.227551
0.534879
0.465121
0.669115
0.399369
0.309453
0.185902
0.163803
0.182685
0.169328
0.219355
0.188149
0.146682
0.141582
0.171635
0.358327
0.412908
0.375933
0.229616
0.307207
0.329185
0.523283
0.388805
0.395787
0.288204
0.466456
0.542651
0.479206
0.537794
0.414790
0.323812
0.268533
0.175521
0.169206
0.153725
0.283893
0.210066
0.158157
0.250683
0.252262
0.413636
0.716714
0.315949
0.476535
0.365005
0.256147
0.267258
0.251290
0.307510
0.352741
0.517091
0.657155
0.257422
0.310971
0.405622
0.245219
0.154635
0.197316
0.148200
0.168599
0.169389
0.203084
0.231073
0.273329
0.304110
0.296582
0.408415
0.272782
0.278186
0.266225
0.186570
0.252140
0.493656
0.402526
0.618663
0.725275
0.503127
0.564689
0.288446
0.189181
0.193917
0.371805
0.167689
0.133386
0.203388
0.214923
0.231134
0.296764
0.327424
0.244005
0.130350
0.245705
0.307632
0.255054
0.149293
0.159432
0.396090
0.322931
0.351102
0.738146
0.349584
0.215045
0.222087
0.170542
0.131140
0.173031
0.170906
0.141643
0.152632
0.145953
0.225244
0.233744
0.314431
0.287414
0.347945
0.419040
0.533969
0.339506
0.254447
0.261672
0.229373
0.304414
0.440775
0.409325
0.531662
0.308360
0.184203
0.203145
0.220752
0.250501
0.131504
0.167567
0.145589
0.186206
0.391355
0.239026
0.312853
0.501670
0.466456
0.414243
0.426204
0.459960
0.180620
0.227066
0.394572
0.659644
0.419768
0.409022
0.471677
0.338231
0.217777
0.220266
0.166049
0.170421
0.176431
0.161375
0.165139
0.196952
0.169631
0.260033
0.435250
0.591949
0.299010
0.320746
0.352620
0.252626
0.257422
0.284925
0.656001
0.846093
0.730800
0.687451
0.314614
0.424261
0.324267
0.221602
0.181653
0.180803
0.159857
0.173881
0.207516
0.199866
0.277761
0.418007
0.370105
0.397669
0.445450
0.763645
0.711372
0.455224
0.441503
0.502823
0.480481
0.666687
0.604942
0.491531
0.483820
0.332402
0.205513
0.167264
0.186935
0.192095
0.153907
0.174974
0.281950
0.189424
0.213588
0.280614
0.416550
0.272236
0.195374
0.432457
0.442596
0.282679
0.314553
0.258394
0.419525
0.752413
0.481270
0.339020
0.346670
0.509562
0.377451
0.217777
0.199016
0.186449
0.175217
0.195556
0.156760
0.172364
0.427054
0.289053
0.371076
0.231012
0.300225
0.352498
0.401858
0.450549
0.362941
0.360087
0.326999
0.518791
0.771477
0.568089
0.532512
0.408597
0.463481
0.323053
0.208609
0.166839
0.183413
0.216866
0.216016
0.181228
0.225062
0.334892
0.311639
0.277700
0.231316
0.435553
0.286018
0.188574
0.177585
0.286261
0.395726
0.477688
0.770445
0.498755
0.444417
0.344059
0.315767
0.203084
0.217534
0.183535
0.180438
0.178617
0.191427
0.264040
0.266225
0.271325
0.381033
0.443021
0.379880
0.308724
0.361605
0.268229
0.300892
0.333860
0.401919
0.427296
0.431000
0.406351
0.541436
0.435614
0.434582
0.201749
0.198288
0.200231
0.169753
0.188756
0.189424
0.153421
0.303382
0.289661
0.338656
0.352377
0.275029
0.420557
0.538097
0.438407
0.586607
0.402769
0.346609
0.579868
0.544472
0.525408
0.507073
0.570396
0.373687
0.169571
0.193613
0.184992
0.179103
0.164410
0.210430
0.180195
0.247405
0.577743
0.411754
0.312367
0.447392
0.516726
0.374416
0.400947
0.358873
0.318135
0.628863
0.436586
0.621759
0.531844
0.338959
0.264829
0.309089
0.172789
0.172181
0.177160
0.201627
0.162832
0.172303
0.298646
0.328638
0.407686
0.388865
0.423229
0.207881
0.467428
0.333981
0.424747
0.252626
0.416004
0.377269
0.865400
0.629470
0.617995
0.619270
0.555643
0.493959
0.276972
0.198713
0.332706
0.221116
0.162042
0.238358
0.154332
0.223059
0.431182
0.365916
0.321960
0.307328
0.308178
0.254751
0.317831
0.275211
0.313885
0.407808
0.777609
0.558557
0.457956
0.530022
0.371076
0.350313
0.243033
0.171271
0.158885
0.256997
0.199381
0.151600
0.208913
0.222452
0.391719
0.478659
0.387044
0.237873
0.361362
0.275332
0.345516
0.231073
0.320442
0.309574
0.481999
0.592162
0.702325
0.675915
0.431243
0.202659
0.219780
0.186631
0.149475
0.224455
0.213284
0.284196
0.308057
0.317588
0.409811
0.296157
0.378605
0.453160
0.652055
0.337745
0.193249
0.335499
0.175581
0.243276
0.306053
0.527958
0.631898
0.508105
0.239876
0.342906
0.191670
0.147836
0.151114
0.194706
0.180499
0.134479
0.228462
0.323113
0.312671
0.470767
0.387165
0.320321
0.343513
0.231983
0.296521
0.281039
0.518851
0.295550
0.373869
0.494505
0.490073
0.312549
0.369741
0.228584
0.195981
0.173092
0.138243
0.172606
0.131443
0.128711
0.187117
0.180378
0.190699
0.482484
0.340841
0.227491
0.171392
0.202295
0.332888
0.267865
0.301682
0.338109
0.377937
0.491834
0.388926
0.481938
0.307207
0.241030
0.174913
0.172242
0.162164
0.162467
0.198409
0.156518
0.223727
0.193734
0.299739
0.461174
0.648473
0.455467
0.420618
0.346791
0.384069
0.239694
0.282436
0.349220
0.475988
0.647077
0.677069
0.538826
0.402344
0.429604
0.184445
0.192034
0.202720
0.162407
0.192459
0.244551
0.183595
0.291300
0.358752
0.608888
0.420254
0.348856
0.189788
0.352498
0.343391
0.372594
0.319592
0.504159
0.447696
0.432821
0.617024
0.421711
0.435918
0.225609
0.160525
0.186874
0.159553
0.160282
0.150568
0.275697
0.169510
0.233805
0.622609
0.357234
0.313581
0.302835
0.383462
0.266772
0.226276
0.299071
0.459596
0.681015
0.548783
0.397608
0.408658
0.373080
0.514662
0.362516
0.214013
0.168964
0.151903
0.171878
0.183535
0.183899
0.306842
0.195677
0.205088
0.398640
0.450549
0.375508
0.590310
0.483091
0.446785
0.357355
0.409811
0.518244
0.795823
0.593953
0.475685
0.537612
0.399976
0.233380
0.167021
0.195920
0.159067
0.192459
0.156335
0.237508
0.206545
0.222330
0.360937
0.353713
0.320685
0.234230
0.500273
0.453585
0.266347
0.289478
0.361666
0.369559
0.455528
0.595896
0.825147
0.409508
0.245401
0.417279
0.233076
0.225123
0.218384
0.222573
0.196467
0.172364
0.193674
0.305385
0.319471
0.477384
0.372898
0.353591
0.354198
0.364094
0.192459
0.308724
0.248558
0.298282
0.297978
0.586850
0.431364
0.387894
0.297857
0.253537
0.176917
0.185720
0.183778
0.228523
0.176492
0.163499
0.189606
0.267197
0.413333
0.324024
0.394147
0.394694
0.348916
0.222209
0.193552
0.174185
0.322081
0.344363
0.338109
0.463846
0.450732
0.445814
0.394572
0.257301
0.331552
0.234958
0.195799
0.167507
0.177463
0.160464
0.157914
0.323295
0.457896
0.297553
0.264161
0.254386
0.223484
0.200474
0.200474
0.167082
0.201324
0.285896
0.295975
0.382126
0.550908
0.700018
0.517576
0.344302
0.283286
0.276000
0.251351
0.248012
0.223302
0.233076
0.273936
0.299618
0.312549
0.494202
0.436828
0.479934
0.544715
0.481209
0.425961
0.495902
0.320867
0.476352
0.487645
0.675247
0.691883
0.422682
0.603971
0.350131
0.200534
0.203388
0.193127
0.210188
0.199259
0.278064
0.384494
0.276304
0.320563
0.481695
0.433428
0.634388
0.514723
0.468945
0.295307
0.245219
0.324995
0.364155
0.631231
0.676826
0.353227
0.487888
0.380183
0.274968
0.200838
0.202963
0.157246
0.267743
0.205513
0.141036
0.186874
0.333981
0.373141
0.297007
0.325360
0.353895
0.294335
0.420800
0.346852
0.521401
0.403315
0.325238
0.377148
0.488920
0.759335
0.365552
0.219052
0.223909
0.195495
0.150932
0.175338
0.155607
0.197377
0.234230
0.162467
0.211645
0.299375
0.259365
0.348734
0.329610
0.460324
0.449396
0.285654
0.420072
0.427236
0.454921
0.472649
0.588125
0.409811
0.513084
0.455528
0.414122
0.300710
0.168357
0.219537
0.179831
0.208002
0.197681
0.178374
0.289053
0.444357
0.518791
0.491409
0.444660
0.387347
0.346791
0.237569
0.330399
0.299618
0.319592
0.433793
0.567361
0.387833
0.542711
0.337442
0.229009
0.187056
0.235869
0.170360
0.180803
0.156760
0.161375
0.182442
0.220387
0.390140
0.302350
0.397426
0.302350
0.273025
0.349463
0.357780
0.401008
0.409872
0.478842
0.427236
0.446421
0.373323
0.413454
0.511626
0.277639
0.288204
