0.207158
0.235609
0.176968
0.188012
0.170164
0.162948
0.165069
0.200734
0.170069
0.160100
0.225450
0.270072
0.220323
0.290547
0.297858
0.343998
0.201494
0.219501
0.297889
0.438970
0.229153
0.289155
0.295263
0.217539
0.164720
0.169309
0.137346
0.156081
0.148011
0.134783
0.163423
0.183993
0.167980
0.388272
0.383145
0.471692
0.544226
0.520744
0.527517
0.407165
0.410551
0.452831
0.458907
0.359410
0.406532
0.356625
0.335011
0.250483
0.227634
0.216684
0.230514
0.205703
0.254976
0.248552
0.231590
0.277730
0.346182
0.303237
0.307921
0.325517
0.365708
0.408779
0.384727
0.357859
0.353018
0.503718
0.375423
0.370075
0.317415
0.284882
0.275958
0.246337
0.198171
0.201779
0.198994
0.201715
0.199089
0.204057
0.255071
0.390962
0.341055
0.443590
0.259217
0.255863
0.218171
0.226558
0.227855
0.277983
0.301560
0.484129
0.451375
0.395930
0.478433
0.449476
0.317415
0.266654
0.219944
0.203677
0.219532
0.212760
0.213899
0.312162
0.371689
0.337574
0.445394
0.331387
0.297115
0.323785
0.330138
0.319873
0.357634
0.389871
0.365553
0.375253
0.411809
0.430497
0.569891
0.393527
0.412018
0.424339
0.283074
0.258075
0.269564
0.278094
0.250965
0.242923
0.265849
0.372821
0.276825
0.379369
0.347543
0.241368
0.231115
0.316909
0.332131
0.354631
0.374284
0.309535
0.309314
0.258837
0.282256
0.278047
0.313997
0.249565
0.237286
0.238900
0.230893
0.238900
0.231083
0.223172
0.286750
0.325422
0.391341
0.340897
0.300547
0.370740
0.311655
0.344884
0.260103
0.248932
0.295009
0.348017
0.285769
0.323270
0.383462
0.435077
0.437577
0.370202
0.253457
0.260356
0.260894
0.289788
0.253584
0.241400
0.270230
0.311655
0.471819
0.469635
0.466059
0.544606
0.389348
0.287699
0.262793
0.345201
0.279218
0.327605
0.424381
0.425203
0.488433
0.370233
0.280642
0.242191
0.261401
0.255926
0.266717
0.229754
0.245388
0.252793
0.298712
0.424760
0.454160
0.405646
0.237666
0.276085
0.255736
0.346910
0.316782
0.462167
0.574259
0.584386
0.374157
0.353524
0.373018
0.323839
0.280547
0.233868
0.225672
0.199975
0.214279
0.201937
0.200608
0.233615
0.266844
0.236083
0.269059
0.455489
0.362701
0.406975
0.299851
0.318459
0.345960
0.267572
0.255261
0.253141
0.282382
0.335485
0.392228
0.322447
0.283458
0.229786
0.221463
0.202981
0.200165
0.210861
0.216051
0.208583
0.255451
0.416406
0.507991
0.439603
0.282287
0.313618
0.252476
0.240008
0.222475
0.260515
0.256749
0.333428
0.369822
0.371626
0.478749
0.266812
0.360771
0.232697
0.217444
0.209374
0.191652
0.200165
0.192759
0.227349
0.294155
0.295611
0.348967
0.247255
0.214944
0.217728
0.227001
0.291243
0.339378
0.214152
0.317827
0.207443
0.234849
0.260768
0.218551
0.301465
0.309598
0.261654
0.261496
0.285452
0.199215
0.204975
0.211399
0.228868
0.303902
0.358777
0.405931
0.267160
0.224532
0.251210
0.206399
0.196209
0.211367
0.252761
0.248521
0.520460
0.550777
0.408589
0.425108
0.302573
0.357416
0.266401
0.235387
0.237602
0.227507
0.236495
0.256590
0.220197
0.225419
0.367132
0.239881
0.314662
0.462388
0.440109
0.362290
0.544764
0.352131
0.333080
0.276781
0.231115
0.295864
0.281654
0.241179
0.325770
0.389221
0.213994
0.208329
0.183044
0.194721
0.186208
0.190987
0.185069
0.203582
0.262065
0.275040
0.298047
0.319978
0.447324
0.525839
0.458306
0.528814
0.430077
0.337732
0.515333
0.481154
0.391690
0.388177
0.367575
0.268933
0.195702
0.140891
0.140068
0.139909
0.130194
0.128390
0.166018
0.167537
0.184151
0.176240
0.232571
0.274376
0.298585
0.373588
0.233868
0.216114
0.256211
0.218709
0.298269
0.266812
0.303839
0.319092
0.231685
0.309440
0.217475
0.172822
0.145289
0.145954
0.166872
0.152093
0.145163
0.185575
0.260230
0.302098
0.304408
0.482895
0.287667
0.292509
0.319029
0.223140
0.188867
0.224691
0.315801
0.309440
0.327289
0.279819
0.287857
0.314662
0.256812
0.184215
0.150448
0.150036
0.165290
0.140258
0.187727
0.296528
0.321656
0.408051
0.318808
0.375993
0.334726
0.198930
0.224279
0.287841
0.350161
0.386875
0.371499
0.308681
0.270262
0.237159
0.226020
0.186082
0.165575
0.136903
0.144340
0.143770
0.127726
0.120890
0.181588
0.169436
0.334599
0.283268
0.290642
0.189152
0.219754
0.194816
0.165860
0.172268
0.223781
0.335473
0.302662
0.314295
0.239248
0.193804
0.219738
0.288182
0.152714
0.149334
0.125697
0.168279
0.126641
0.121819
0.140295
0.250517
0.265421
0.170702
0.217286
0.232286
0.270642
0.199279
0.246179
0.249502
0.252160
0.248331
0.438020
0.274708
0.225395
0.270171
0.247383
0.290469
0.198512
0.177992
0.145739
0.165958
0.131335
0.130764
0.175924
0.164214
0.168550
0.166176
0.322827
0.265167
0.457926
0.440204
0.262002
0.232999
0.277139
0.261249
0.342452
0.435287
0.356668
0.416998
0.385421
0.438796
0.228871
0.185468
0.173863
0.163850
0.171363
0.164793
0.178414
0.180129
0.197677
0.390538
0.263755
0.313687
0.416861
0.658435
0.363537
0.355483
0.335571
0.413380
0.413833
0.440792
0.367189
0.385405
0.260540
0.354397
0.211820
0.181545
0.158417
0.162376
0.162868
0.187339
0.260969
0.233194
0.311255
0.236279
0.250517
0.182539
0.252635
0.210829
0.265546
0.236352
0.266330
0.320516
0.311023
0.374600
0.431469
0.324710
0.265380
0.222740
0.140675
0.152793
0.149848
0.126809
0.146429
0.135637
0.145827
0.210133
0.278616
0.233995
0.271654
0.202949
0.271733
0.337756
0.406722
0.341055
0.357638
0.312320
0.424001
0.223836
0.414064
0.209848
0.213836
0.287984
0.174911
0.139466
0.142758
0.177506
0.228646
0.138517
0.172949
0.190512
0.216083
0.180860
0.198076
0.202279
0.244049
0.256866
0.234672
0.287050
0.300589
0.233950
0.352176
0.580104
0.536802
0.383332
0.353128
0.319523
0.274917
0.238596
0.198032
0.189490
0.177392
0.163929
0.185626
0.271373
0.293076
0.236640
0.411896
0.216475
0.261046
0.248764
0.234457
0.200418
0.189215
0.205908
0.366570
0.283830
0.328003
0.494908
0.450970
0.242278
0.192739
0.196104
0.155570
0.173611
0.144133
0.154759
0.226467
0.335661
0.355289
0.291161
0.180249
0.224121
0.182664
0.159024
0.179563
0.151144
0.230514
0.223520
0.298490
0.241210
0.238710
0.307795
0.331878
0.282034
0.302256
0.224786
0.213899
0.207728
0.189658
0.185227
0.263806
0.222191
0.223140
0.499130
0.365233
0.250926
0.211273
0.502231
0.237675
0.260249
0.236191
0.229552
0.320747
0.287977
0.231647
0.193332
0.217880
0.238726
0.168937
0.151338
0.158646
0.151541
0.128541
0.135633
0.122312
0.139687
0.182474
0.181208
0.271654
0.429175
0.627211
0.313716
0.472390
0.234439
0.290484
0.290674
0.462008
0.360739
0.391088
0.289598
0.213203
0.392955
0.254676
0.150440
0.147378
0.139277
0.155385
0.144308
0.185860
0.279977
0.268933
0.280357
0.236789
0.227498
0.306886
0.225004
0.264012
0.222558
0.187519
0.207674
0.202661
0.188639
0.205434
0.192775
0.225400
0.301772
0.150016
0.163223
0.239607
0.129946
0.126272
0.141683
0.188741
0.220340
0.347614
0.228097
0.169382
0.169314
0.175071
0.142348
0.147853
0.180955
0.224722
0.171018
0.179404
0.233837
0.267350
0.337258
0.261970
0.184816
0.151176
0.148233
0.141555
0.128928
0.130822
0.152466
0.172939
0.337723
0.219738
0.204086
0.296073
0.206332
0.188835
0.129340
0.237716
0.132840
0.171094
0.250100
0.334792
0.296861
0.554366
0.407022
0.313795
0.209918
0.187091
0.161774
0.181132
0.146337
0.164644
0.151961
0.184101
0.308497
0.350188
0.440751
0.318322
0.287377
0.189196
0.204000
0.267227
0.234218
0.283744
0.257572
0.270642
0.220640
0.295199
0.490965
0.369790
0.322922
0.188044
0.180006
0.147346
0.154404
0.158391
0.141967
0.154752
0.154625
0.314282
0.449919
0.407608
0.331751
0.352543
0.181588
0.211937
0.210102
0.132473
0.301244
0.209912
0.214690
0.213361
0.249723
0.184341
0.221431
0.229533
0.149087
0.157980
0.144055
0.148169
0.152505
0.252255
0.210703
0.185512
0.274597
0.198108
0.204880
0.297636
0.193012
0.160733
0.172031
0.180765
0.184151
0.229058
0.346910
0.281749
0.218077
0.328428
0.273331
0.175987
0.130384
0.139118
0.139308
0.136808
0.134245
0.131998
0.158708
0.144688
0.179468
0.220260
0.309092
0.340042
0.385202
0.447008
0.355644
0.401848
0.404728
0.416057
0.250198
0.307478
0.339441
0.328650
0.338966
0.267698
0.160037
0.154467
0.158708
0.137821
0.159182
0.174531
0.190639
0.206810
0.264692
0.347289
0.282414
0.198646
0.226083
0.151429
0.192981
0.177854
0.224153
0.283585
0.335485
0.401658
0.231147
0.195576
0.181999
0.187031
0.147283
0.109086
0.133770
0.141650
0.122820
0.146365
0.176208
0.288996
0.154910
0.147283
0.193424
0.212792
0.168803
0.226653
0.253837
0.204943
0.219342
0.440647
0.285231
0.232855
0.270167
0.352448
0.312098
0.322637
0.226684
0.200354
0.156334
0.138485
0.145638
0.179721
0.166239
0.209026
0.180417
0.166239
0.227286
0.445267
0.350581
0.297320
0.350169
0.216304
0.330643
0.475680
0.536283
0.465458
0.390835
0.383113
0.340549
0.279724
0.226748
0.191240
0.205355
0.180923
0.176683
0.158170
0.143201
0.295864
0.247919
0.185196
0.168486
0.246337
0.296560
0.267540
0.245609
0.246780
0.224691
0.459477
0.368145
0.264977
0.228741
0.370075
0.234153
0.197823
0.209057
0.241368
0.146714
0.140289
0.188202
0.171050
0.269977
0.373999
0.326023
0.160227
0.207507
0.233552
0.172885
0.114497
0.151239
0.136144
0.300104
0.364600
0.180892
0.173423
0.237191
0.175733
0.214216
0.164594
0.134846
0.116807
0.108010
0.159499
0.121175
0.118865
0.146967
0.122915
0.181936
0.335960
0.276464
0.293585
0.300358
0.333587
0.255546
0.227539
0.308427
0.266781
0.322194
0.531188
0.409507
0.242792
0.223994
0.175733
0.178075
0.146334
0.157505
0.149562
0.142505
0.132821
0.165037
0.166746
0.244090
0.279946
0.300579
0.202285
0.255799
0.320928
0.546695
0.621950
0.343334
0.311814
0.407766
0.400835
0.493592
0.362670
0.357290
0.189816
0.139340
0.123738
0.127726
0.119118
0.143454
0.181430
0.210450
0.175892
0.348207
0.368398
0.307763
0.435457
0.273268
0.299123
0.402418
0.399000
0.188993
0.308238
0.309155
0.330707
0.257920
0.206589
0.193487
0.154024
0.129624
0.140827
0.134593
0.119814
0.118738
0.132662
0.201684
0.303237
0.174816
0.134909
0.260831
0.219722
0.293427
0.120478
0.152885
0.167853
0.215450
0.422703
0.270420
0.295168
0.181999
0.212190
0.213393
0.186303
0.142663
0.132852
0.179658
0.123833
0.136935
0.176714
0.249122
0.406500
0.205101
0.238014
0.228045
0.220861
0.184974
0.128422
0.195164
0.279819
0.465268
0.381056
0.309345
0.342131
0.533973
0.260451
0.193202
0.158866
0.289250
0.148929
0.142916
0.139466
0.147695
0.286496
0.192253
0.409697
0.180069
0.243742
0.312795
0.201620
0.283205
0.311814
0.254881
0.248964
0.158581
0.393177
0.499858
0.447957
0.543625
0.399570
0.217918
0.164024
0.188677
0.165891
0.125985
0.132283
0.140321
0.175987
0.244944
0.398684
0.402861
0.182221
0.183202
0.148296
0.180417
0.159910
0.179341
0.120130
0.281813
0.323048
0.389822
0.176746
0.324820
0.247096
0.219058
0.131713
0.130352
0.164087
0.142631
0.172379
0.118390
0.106016
0.160480
0.138454
0.164879
0.238267
0.326371
0.485237
0.468844
0.349726
0.436121
0.263015
0.254249
0.142441
0.167537
0.247445
0.160543
0.163613
0.152347
0.144562
0.141808
0.138232
0.149752
0.136302
0.146365
0.113263
0.137125
0.151302
0.125858
0.158518
0.184120
0.270736
0.223805
0.222887
0.226051
0.303143
0.278775
0.231748
0.311023
0.326023
0.275104
0.305516
0.302256
0.222286
0.139245
0.106459
0.106238
0.124498
0.109814
0.207696
0.236083
0.366499
0.290674
0.121143
0.164657
0.189310
0.138232
0.221779
0.192664
0.255894
0.342637
0.400203
0.259787
0.265926
0.263426
0.325232
0.196304
0.160037
0.136935
0.133897
0.140004
0.118896
0.118959
0.140321
0.138264
0.241242
0.189563
0.324219
0.424444
0.261274
0.251938
0.261622
0.300896
0.192981
0.310991
0.238046
0.172316
0.306212
0.373588
0.329283
0.159214
0.158708
0.136428
0.128802
0.142156
0.117504
0.120447
0.184405
0.298427
0.376309
0.257350
0.243963
0.235988
0.192380
0.145005
0.175100
0.152948
0.158771
0.140131
0.326529
0.287604
0.381658
0.396405
0.260293
0.182379
0.126175
0.157062
0.111396
0.120827
0.134909
0.123422
0.180607
0.223108
0.354220
0.331466
0.277319
0.174024
0.175765
0.152916
0.257666
0.214532
0.270990
0.346372
0.302889
0.485743
0.276180
0.238394
0.309219
0.258236
0.244470
0.238520
0.179056
0.204627
0.171081
0.163708
0.169784
0.193709
0.204785
0.216178
0.290516
0.306402
0.337542
0.543910
0.346150
0.272825
0.260641
0.238773
0.351847
0.246780
0.331878
0.293617
0.362796
0.314947
0.232792
0.182569
0.176430
0.163106
0.155005
0.189911
0.169183
0.196399
0.187506
0.251875
0.244122
0.304567
0.208013
0.186177
0.226083
0.261970
0.305611
0.280357
0.301529
0.321403
0.496028
0.391943
0.295674
0.251970
0.284882
0.264344
0.211304
0.168708
0.202063
0.185670
0.195101
0.187759
0.192474
0.200323
0.187569
0.363904
0.325675
0.251116
0.238172
0.203013
0.190069
0.190101
0.291940
0.283458
0.432261
0.473623
0.535523
0.356277
0.264154
0.174119
0.161303
0.163360
0.167537
0.172379
0.185354
0.203076
0.318396
0.156809
0.151302
0.138707
0.255926
0.233488
0.380582
0.206905
0.167284
0.380613
0.365518
0.283237
0.226115
0.397829
0.371024
0.149847
0.198646
0.163360
0.127694
0.127472
0.149688
0.123200
0.173518
0.291054
0.336593
0.138422
0.184373
0.194310
0.168518
0.195734
0.201747
0.244375
0.252318
0.208203
0.294440
0.300326
0.553910
0.441470
0.313491
0.314788
0.251210
0.261812
0.224849
0.167157
0.141017
0.130479
0.162758
0.183740
0.232666
0.240387
0.256401
0.191557
0.198076
0.185797
0.168233
0.257223
0.169246
0.173803
0.430235
0.340042
0.411912
0.364315
0.334314
0.170733
0.181778
0.173202
0.146587
0.138802
0.135352
0.151555
0.264249
0.196082
0.292509
0.312668
0.325675
0.213614
0.288332
0.188772
0.155448
0.250514
0.152885
0.181683
0.214279
0.326466
0.218963
0.390044
0.213836
0.169056
0.166556
0.141650
0.156999
0.141302
0.143992
0.145638
0.217855
0.194088
0.308459
0.154182
0.149783
0.330295
0.567107
0.393620
0.258774
0.260546
0.178708
0.219912
0.198740
0.193614
0.209279
0.194468
0.292699
0.300484
0.189879
0.148454
0.147283
0.141270
0.123738
0.132599
0.137283
0.199247
0.179404
0.294914
0.314978
0.330390
0.330517
0.230830
0.185069
0.173012
0.223077
0.227254
0.197664
0.295104
0.399886
0.306592
0.220260
0.281718
0.270230
0.206019
0.142156
0.146207
0.136871
0.139150
0.126017
0.152885
0.180512
0.297668
0.227349
0.228298
0.360360
0.428305
0.429381
0.255040
0.314820
0.214659
0.286655
0.336118
0.423621
0.467989
0.271496
0.178170
0.227887
0.129909
0.143169
0.116839
0.114086
0.123991
0.123865
0.252730
0.244058
0.287098
0.191715
0.203551
0.167980
0.312288
0.231526
0.333587
0.240672
0.402608
0.309124
0.195481
0.238457
0.374189
0.335264
0.200829
0.153138
0.164024
0.138549
0.124972
0.145005
0.130574
0.157727
0.205829
0.338808
0.266369
0.313206
0.175100
0.207443
0.237919
0.173328
0.206905
0.170765
0.317289
0.496060
0.431058
0.334599
0.299630
0.267192
0.297794
0.224975
0.195164
0.152536
0.132789
0.131840
0.133612
0.133897
0.232412
0.302605
0.150574
0.274661
0.210893
0.159973
0.175227
0.173455
0.213488
0.176873
0.177031
0.432387
0.412228
0.518877
0.345675
0.348460
0.193614
0.160068
0.157189
0.138106
0.126934
0.150922
0.140416
0.144973
0.236020
0.335833
0.171240
0.144973
0.160037
0.174752
0.216716
0.244881
0.130321
0.184943
0.322795
0.262002
0.274028
0.476819
0.568879
0.408684
0.182158
0.169721
0.148327
0.150290
0.144720
0.153992
0.155385
0.182791
0.259692
0.341846
0.210956
0.210924
0.196430
0.245451
0.197791
0.208646
0.171904
0.284882
0.300927
0.343967
0.378240
0.577550
0.265293
0.329536
0.231020
0.230071
0.184215
0.193550
0.165860
0.166936
0.167980
0.250229
0.275958
0.210513
0.263394
0.313459
0.433780
0.450964
0.341277
0.445679
0.384696
0.205544
0.201715
0.307446
0.250166
0.438748
0.314061
0.266179
0.253679
0.265388
0.198835
0.143834
0.156207
0.129688
0.136713
0.184531
0.201684
0.245293
0.176525
0.224722
0.305136
0.386500
0.447546
0.257730
0.335897
0.326688
0.431121
0.385645
0.313143
0.376911
0.331023
0.216906
0.164784
0.176904
0.175290
0.145543
0.164531
0.152505
0.157094
0.174847
0.223710
0.229248
0.385645
0.547581
0.463053
0.314599
0.248109
0.264344
0.229343
0.268553
0.382512
0.371278
0.403304
0.552992
0.345169
0.229406
0.196304
0.174309
0.162537
0.168138
0.163233
0.163993
0.174721
0.253331
0.348619
0.373524
0.294503
0.239375
0.329219
0.335644
0.270293
0.199342
0.216368
0.261907
0.335454
0.390804
0.341308
0.495649
0.476945
0.391658
0.299060
0.230387
0.214722
0.191114
0.199658
0.189341
0.215703
0.274977
0.302731
0.296623
0.351214
0.187095
0.191683
0.141239
0.223615
0.324567
0.310105
0.282287
0.291085
0.350011
0.302383
0.319314
0.577582
0.321972
0.330707
0.256685
0.183170
0.174657
0.189057
0.179120
0.158328
0.167031
0.369759
0.363619
0.318270
0.342542
0.356499
0.282319
0.247350
0.224216
0.277319
0.248615
0.362701
0.404791
0.370708
0.313744
0.286845
0.272350
0.350707
0.297446
0.205956
0.198171
0.242286
0.222918
0.173835
0.214880
0.336340
0.356973
0.263711
0.363841
0.311750
0.311086
0.283553
0.136998
0.204785
0.230482
0.332194
0.141460
0.213519
0.178423
0.163043
0.151144
0.155131
0.146397
0.141745
0.121270
0.142346
0.119276
0.151904
0.130352
0.266844
0.223361
0.273806
0.504256
0.352100
0.305785
0.218583
0.191398
0.245039
0.319203
0.343974
0.298051
0.341025
0.233999
0.317496
0.252445
0.148850
0.180544
0.250894
0.132378
0.139023
0.122725
0.134530
0.146619
0.252255
0.263932
0.251875
0.243267
0.348144
0.189943
0.285484
0.168075
0.285927
0.274945
0.309947
0.206937
0.287636
0.306086
0.177727
0.212475
0.153612
0.123580
0.121016
0.135542
0.133295
0.109402
0.135289
0.190987
0.251242
0.263078
0.312890
0.391088
0.280705
0.154973
0.184943
0.136713
0.142631
0.169056
0.225450
0.421912
0.302035
0.324662
0.430520
0.301307
0.153264
0.155796
0.118959
0.117282
0.128928
0.111934
0.192506
0.274028
0.338397
0.300389
0.228393
0.254881
0.312130
0.170860
0.322542
0.257413
0.223868
0.303934
0.364505
0.249597
0.321719
0.586379
0.229121
0.282224
0.224058
0.158043
0.166493
0.141998
0.127377
0.125637
0.181841
0.307826
0.459761
0.338713
0.272540
0.180164
0.189879
0.221399
0.327510
0.340201
0.278680
0.281749
0.305073
0.395139
0.214374
0.472736
0.405361
0.187379
0.161303
0.138802
0.132979
0.129118
0.122789
0.128295
0.183835
0.236337
0.367258
0.234375
0.156872
0.151967
0.195133
0.193740
0.242223
0.289281
0.162758
0.204120
0.378936
0.325074
0.554353
0.413209
0.199057
0.186905
0.172854
0.133042
0.151935
0.126301
0.148138
0.115985
0.204468
0.308174
0.267477
0.164910
0.219342
0.141239
0.199373
0.162094
0.157948
0.316719
0.220893
0.205639
0.302858
0.190386
0.194753
0.313080
0.309788
0.288553
0.225102
0.203772
0.181683
0.136713
0.131871
0.117377
0.147157
0.126998
0.158043
0.170100
0.252793
0.189563
0.233742
0.304978
0.221178
0.293111
0.172664
0.219374
0.244850
0.276623
0.282351
0.338175
0.277509
0.277635
0.185354
0.160227
0.134593
0.164974
0.149815
0.154150
0.130637
0.161556
0.175164
0.320896
0.296212
0.420804
0.679199
0.465489
0.403589
0.424032
0.316719
0.171113
0.314345
0.517453
0.528181
0.265673
0.318808
0.184436
0.162600
0.126460
0.137125
0.123960
0.119023
0.108769
0.176461
0.267160
0.309598
0.208329
0.282541
0.290990
0.283996
0.228615
0.195892
0.214469
0.137631
0.158296
0.239216
0.201684
0.267350
0.400519
0.226653
0.207855
0.269122
0.116143
0.124941
0.098358
0.122915
0.115890
0.122599
0.155321
0.172790
0.175923
0.289250
0.261875
0.403430
0.265863
0.222887
0.179753
0.167442
0.256844
0.277825
0.274502
0.216019
0.331656
0.244153
0.210007
0.201146
0.184468
0.194975
0.139751
0.123770
0.119466
0.153612
0.264375
0.269028
0.192253
0.304377
0.197285
0.288174
0.219342
0.157758
0.160891
0.251622
0.254787
0.370581
0.317921
0.362417
0.518023
0.300832
0.352448
0.198361
0.166714
0.128042
0.141397
0.138675
0.115257
0.162790
0.253774
0.466914
0.316624
0.153106
0.157410
0.176240
0.150828
0.151397
0.266211
0.178740
0.246115
0.290737
0.216779
0.219279
0.227919
0.306972
0.262034
0.159530
0.145258
0.135479
0.132631
0.128295
0.135036
0.135827
0.196462
0.323839
0.204753
0.169246
0.169689
0.150226
0.188297
0.200133
0.178487
0.186430
0.262192
0.300769
0.159056
0.175987
0.181177
0.334916
0.417102
0.169309
0.173012
0.265388
0.139751
0.147030
0.133264
0.133833
0.184974
0.198551
0.180765
0.234406
0.349979
0.331340
0.365550
0.405393
0.333333
0.366404
0.333935
0.218994
0.170290
0.269154
0.240894
0.191019
0.197538
0.169626
0.159182
0.141207
0.122615
0.134965
0.127310
0.124084
0.142678
0.154015
0.214407
0.293903
0.232081
0.359529
0.394866
0.414406
0.317478
0.381848
0.271085
0.321656
0.232128
0.246115
0.253046
0.493465
0.370170
0.288743
0.132916
0.129561
0.163423
0.148644
0.111902
0.158391
0.170290
0.195829
0.266717
0.151714
0.154847
0.159815
0.145543
0.186968
0.171746
0.150258
0.284186
0.382575
0.329789
0.320770
0.326593
0.383240
0.288015
0.278395
0.210165
0.127029
0.128358
0.134814
0.122725
0.148865
0.159720
0.174721
0.242001
0.290547
0.240197
0.311972
0.274502
0.168866
0.141777
0.148549
0.192126
0.461217
0.227254
0.221210
0.375518
0.305927
0.255008
0.175797
0.164056
0.125669
0.125004
0.123801
0.155037
0.155416
0.193202
0.397513
0.246970
0.306782
0.215007
0.412260
0.332226
0.149024
0.186113
0.152631
0.188329
0.172031
0.185955
0.243425
0.406310
0.361499
0.163075
0.140321
0.167284
0.130890
0.127124
0.150258
0.136017
0.155828
0.190671
0.391341
0.485079
0.305864
0.182442
0.162284
0.186240
0.217317
0.126681
0.167284
0.157157
0.238267
0.190766
0.176145
0.191588
0.262698
0.347827
0.144530
0.160100
0.158613
0.142315
0.142726
0.149720
0.176271
0.203519
0.323998
0.185575
0.144656
0.286750
0.193234
0.170353
0.188202
0.146112
0.125700
0.206177
0.297509
0.228995
0.208013
0.167442
0.199405
0.331498
0.148834
0.148739
0.135099
0.134435
0.128042
0.147157
0.121713
0.148612
0.162948
0.241432
0.336909
0.207380
0.238014
0.206304
0.173233
0.127409
0.171303
0.247381
0.149878
0.179942
0.408636
0.226945
0.267097
0.275135
0.138517
0.133612
0.134799
0.114125
0.113267
0.129656
0.139466
0.128074
0.142568
0.247983
0.571284
0.585810
0.542865
0.522105
0.499035
0.348492
0.213583
0.264344
0.380328
0.272161
0.354821
0.216051
0.192474
0.176335
0.170322
0.127219
0.116491
0.125605
0.113833
0.118959
0.158549
0.143391
0.329346
0.246369
0.221526
0.129213
0.286085
0.270230
0.322858
0.223235
0.180259
0.258521
0.249217
0.296117
0.479667
0.355676
0.361341
0.324979
0.211589
0.183424
0.196525
0.182063
0.161144
0.126618
0.152790
0.161714
0.319820
0.168138
0.169942
0.215798
0.176240
0.141144
0.153106
0.142188
0.138454
0.217412
0.221463
0.326656
0.255198
0.326023
0.300168
0.249122
0.157853
0.112820
0.128802
0.136935
0.145922
0.115826
0.166619
0.189626
0.432450
0.200291
0.340359
0.252730
0.267762
0.251337
0.339473
0.160828
0.278015
0.595683
0.297193
0.222127
0.275072
0.230071
0.246369
0.226684
0.160923
0.268743
0.242603
0.115320
0.125669
0.126808
0.142283
0.273015
0.462198
0.210513
0.285325
0.317637
0.274376
0.238362
0.219089
0.253299
0.167347
0.158834
0.165163
0.165258
0.162284
0.163644
0.184563
0.151397
0.196842
0.214057
0.141017
0.136017
0.125953
0.136903
0.160037
0.158486
0.177031
0.270198
0.357986
0.348365
0.229248
0.167600
0.206114
0.197570
0.281496
0.226115
0.315833
0.365961
0.263046
0.252065
0.216178
0.183708
0.147600
0.116143
0.119466
0.129624
0.109402
0.124972
0.104719
0.124086
0.323491
0.437324
0.338745
0.160796
0.265831
0.203551
0.337922
0.271243
0.249976
0.394063
0.405298
0.263521
0.329378
0.382765
0.232412
0.312636
0.335960
0.186778
0.117282
0.117251
0.102598
0.147821
0.118453
0.120384
0.161746
0.294345
0.292035
0.489351
0.279471
0.209595
0.171683
0.137758
0.118959
0.157347
0.231874
0.230324
0.348872
0.249976
0.372670
0.234090
0.143422
0.138169
0.113136
0.107345
0.128928
0.125890
0.124719
0.177031
0.259312
0.158454
0.218646
0.275832
0.330010
0.286971
0.205481
0.218868
0.261685
0.274629
0.402070
0.240261
0.405741
0.286876
0.311592
0.174088
0.135922
0.108833
0.115288
0.132093
0.148549
0.113358
0.147948
0.133137
0.271623
0.216906
0.333112
0.258869
0.163423
0.201146
0.312985
0.225419
0.227507
0.198297
0.229279
0.230039
0.217190
0.264027
0.274123
0.177126
0.180069
0.137947
0.128042
0.128928
0.151619
0.147853
0.163075
0.169626
0.404601
0.185892
0.375708
0.251116
0.232982
0.267508
0.267793
0.273680
0.247413
0.255609
0.205323
0.263236
0.622172
0.405709
0.458432
0.355707
0.162853
0.143232
0.170164
0.125574
0.134814
0.164910
0.166746
0.199089
0.211874
0.194975
0.162284
0.228014
0.289345
0.297604
0.393240
0.182949
0.144118
0.234976
0.373619
0.272509
0.325263
0.273047
0.209215
0.161113
0.156239
0.148581
0.129624
0.127536
0.129909
0.163739
0.148327
0.168265
0.251495
0.168961
0.185702
0.236020
0.180354
0.129276
0.120732
0.136112
0.168012
0.173803
0.216526
0.172949
0.245989
0.248046
0.234280
0.187348
0.228615
0.143264
0.150416
0.113010
0.120130
0.131966
0.118168
0.146270
0.301054
0.369189
0.413273
0.353555
0.312162
0.294345
0.212981
0.214152
0.232950
0.249818
0.156556
0.180639
0.377069
0.246084
0.322542
0.192158
0.211842
0.162125
0.210956
0.123706
0.143612
0.156619
0.111079
0.151714
0.254692
0.156651
0.153106
0.342258
0.365265
0.479889
0.418937
0.231906
0.366182
0.480078
0.298016
0.241210
0.299535
0.333302
0.395424
0.296497
0.274882
0.211431
0.181841
0.174879
0.182569
0.172442
0.214975
0.218773
0.406753
0.295959
0.222254
0.218298
0.276876
0.196272
0.212855
0.303617
0.316434
0.380107
0.366436
0.465046
0.348176
0.450141
0.348872
0.232919
0.233615
0.238520
0.224596
0.208139
0.208013
0.235356
0.218963
0.312636
0.420646
0.435488
0.274819
0.268331
0.306117
0.294028
0.264755
0.248584
0.275737
0.335422
0.437830
0.413716
0.499921
0.327574
0.356214
0.363493
0.242381
0.221906
0.215387
0.242096
0.219342
0.215608
0.237824
0.299693
0.418431
0.315231
0.484667
0.329821
0.291686
0.245957
0.323934
0.268838
0.257920
0.321751
0.356119
0.400582
0.362606
0.293902
0.424159
0.324789
0.261432
0.242666
0.217792
0.231273
0.247445
0.248141
0.274502
0.327700
0.350296
0.608848
0.576632
0.374980
0.393557
0.392702
0.256749
0.324061
0.327415
0.344156
0.373176
0.302541
0.458306
0.598690
0.484825
0.323491
0.179373
0.185670
0.154435
0.151745
0.171556
0.186746
0.195513
0.184310
0.237602
0.375645
0.261749
0.251622
0.191493
0.215830
0.188139
0.183455
0.221937
0.205671
0.193962
0.251559
0.293712
0.389854
0.330707
0.217127
0.224627
0.169278
0.165512
0.164246
0.158708
0.153802
0.180923
0.181430
0.265768
0.356625
0.347922
0.313618
0.332036
0.344315
0.292794
0.258078
0.261591
0.277509
0.224659
0.234375
0.180322
0.379411
0.466122
0.304978
0.166777
0.154309
0.162822
0.148391
0.173866
0.139656
0.152030
0.169974
0.191493
0.275642
0.390898
0.253742
0.408272
0.226431
0.225482
0.317858
0.337479
0.225862
0.497737
0.388367
0.412608
0.571537
0.615178
0.392924
0.170828
0.154056
0.131397
0.145543
0.136682
0.129529
0.167537
0.229817
0.371373
0.202127
0.254059
0.234375
0.295263
0.194088
0.173930
0.159056
0.181588
0.306719
0.374727
0.297351
0.242476
0.267445
0.303206
0.281085
0.230798
0.145732
0.141175
0.159340
0.136144
0.133327
0.161777
0.160385
0.268774
0.213298
0.195607
0.320453
0.328333
0.258014
0.366277
0.289250
0.235672
0.196304
0.221621
0.265578
0.187538
0.260610
0.255198
0.245071
0.163676
0.136112
0.136207
0.124656
0.150954
0.124656
0.148043
0.185291
0.357416
0.361151
0.263426
0.171113
0.279218
0.164720
0.206051
0.171176
0.146334
0.234564
0.235545
0.234818
0.282477
0.441565
0.233140
0.256464
0.134909
0.144751
0.147378
0.129023
0.122979
0.115700
0.187189
0.171746
0.308396
0.211905
0.214975
0.247951
0.235102
0.213045
0.221779
0.180227
0.196778
0.248109
0.375423
0.143391
0.178265
0.172284
0.168233
0.187063
0.292731
0.177221
0.109877
0.134181
0.119782
0.122441
0.158043
0.256052
0.200956
0.341213
0.327226
0.187189
0.227919
0.135574
0.168708
0.148707
0.165765
0.179056
0.291718
0.195956
0.225070
0.248774
0.202538
0.156366
0.136713
0.141523
0.142410
0.126555
0.113896
0.113042
0.161936
0.271464
0.174847
0.220007
0.274597
0.322858
0.264217
0.237539
0.232761
0.270357
0.317732
0.321086
0.296497
0.174816
0.302858
0.187506
0.250071
0.186335
0.193740
0.160575
0.184753
0.160828
0.162094
0.120289
0.131365
0.146587
0.145258
0.231590
0.508972
0.649419
0.409032
0.334030
0.350074
0.218203
0.279028
0.166556
0.191525
0.331055
0.225988
0.217444
0.188645
0.201462
0.134055
0.109086
0.107377
0.121776
0.107155
0.109212
0.128960
0.132884
0.157916
0.124197
0.111902
0.115969
0.150614
0.162620
0.117118
0.153831
0.140372
0.223741
0.266749
0.269186
0.354347
0.363841
0.547707
0.354252
0.281686
0.200639
0.139815
0.160543
0.118928
0.138834
0.140985
0.174088
0.288427
0.138517
0.223488
0.255926
0.242729
0.142030
0.140796
0.154910
0.157410
0.257888
0.264091
0.274312
0.479920
0.317162
0.316972
0.371752
0.210608
0.186715
0.118675
0.128517
0.122630
0.132124
0.137758
0.239565
0.355106
0.290547
0.264692
0.178328
0.158644
0.168107
0.266781
0.329251
0.345232
0.191620
0.355676
0.449160
0.403842
0.362100
0.460711
0.266021
0.185132
0.155796
0.171429
0.143043
0.150290
0.146270
0.168233
0.217760
0.421184
0.266781
0.218330
0.302288
0.177822
0.157157
0.125162
0.190766
0.312731
0.284724
0.418463
0.336466
0.211874
0.297035
0.185132
0.258268
0.156492
0.116364
0.161619
0.114244
0.130067
0.138042
0.140226
0.160701
0.260831
0.240419
0.186715
0.102029
0.240609
0.186683
0.286560
0.157189
0.153992
0.151081
0.289218
0.206589
0.282794
0.259882
0.448622
0.312573
0.263553
0.259185
0.189025
0.158106
0.129878
0.144024
0.131523
0.157283
0.358081
0.221210
0.198202
0.285325
0.252033
0.309883
0.260704
0.356594
0.353112
0.337068
0.328681
0.321846
0.530017
0.587614
0.266053
0.221463
0.189595
0.214026
0.151397
0.136618
0.119972
0.132473
0.135732
0.120194
0.190955
0.139182
0.285800
0.304092
0.287224
0.271401
0.311972
0.331941
0.341372
0.322510
0.372797
0.416437
0.378904
0.463464
0.424539
0.274281
0.270388
0.178677
0.218235
0.190607
0.161303
0.161081
0.160068
0.261211
0.265926
0.166366
0.186208
0.148865
0.170986
0.159024
0.329504
0.345517
0.377354
0.361594
0.578563
0.512896
0.407703
0.407988
0.415804
0.318554
0.211209
0.147410
0.183962
0.127188
0.148422
0.166746
0.143675
0.266559
0.339409
0.241432
0.259344
0.257223
0.245894
0.226653
0.260546
0.318839
0.325010
0.451280
0.570398
0.443906
0.360929
0.337922
0.292889
0.351182
0.246242
0.199816
0.128548
0.119909
0.135669
0.136966
0.148359
0.192095
0.279439
0.264692
0.257318
0.253631
0.249945
0.231336
0.160670
0.212633
0.168676
0.239090
0.246432
0.332511
0.437134
0.204722
0.213393
0.260831
0.203899
0.151207
0.148865
0.122757
0.129118
0.126839
0.165670
0.314694
0.407038
0.281211
0.225767
0.142441
0.210291
0.222001
0.270198
0.166777
0.242729
0.168233
0.301370
0.344030
0.355676
0.236178
0.293807
0.251780
0.180512
0.131333
0.136587
0.131175
0.109687
0.120922
0.132504
0.188012
0.350359
0.457356
0.305453
0.221621
0.237191
0.344726
0.270958
0.215355
0.180639
0.178139
0.206684
0.184594
0.240134
0.203931
0.235229
0.269471
0.181050
0.144245
0.128485
0.131175
0.133485
0.140289
0.131333
0.128865
0.326751
0.316054
0.302541
0.284503
0.411152
0.386658
0.328840
0.312035
0.403336
0.332099
0.280294
0.301497
0.226210
0.178423
0.238678
0.221146
0.204405
0.212000
0.185132
0.174404
0.171683
0.167189
0.197348
0.181588
0.189626
0.313997
0.279059
0.349157
0.377639
0.272952
0.392323
0.245926
0.404950
0.450078
0.268996
0.220134
0.205829
0.226938
0.447767
0.283585
0.160227
0.172189
0.131650
0.139245
0.120700
0.132947
0.152093
0.174689
0.177031
0.263363
0.236463
0.252350
0.223267
0.291623
0.138359
0.170702
0.140068
0.273996
0.221779
0.286338
0.418020
0.517358
0.344726
0.170638
0.165543
0.130447
0.135384
0.134625
0.120225
0.141080
0.150195
0.176809
0.331878
0.242982
0.273774
0.144435
0.216937
0.194563
0.164499
0.152853
0.205798
0.179120
0.199089
0.210355
0.258996
0.308269
0.276180
0.267572
0.161239
0.139561
0.136365
0.141935
0.130384
0.160606
0.126713
0.132536
0.273078
0.317668
0.402355
0.217001
0.229976
0.213488
0.183360
0.119086
0.212538
0.216019
0.239090
0.399633
0.371309
0.402133
0.410298
0.446090
0.306402
0.198392
0.190702
0.162157
0.186968
0.166872
0.158138
0.281116
0.305168
0.210197
0.248710
0.224881
0.248900
0.202222
0.217001
0.415425
0.269376
0.236495
0.274281
0.281560
0.223330
0.145606
0.298744
0.224659
0.212950
0.160891
0.160416
0.145606
0.136745
0.155258
0.136049
0.232033
0.429887
0.365787
0.316181
0.227729
0.469762
0.201620
0.152790
0.147410
0.267857
0.267667
0.331973
0.249470
0.228172
0.302921
0.269787
0.215576
0.225482
0.166746
0.239470
0.127726
0.135163
0.142346
0.242508
0.196019
0.173455
0.241875
0.415994
0.391974
0.295104
0.273490
0.408684
0.235704
0.365423
0.217127
0.248362
0.329061
0.297952
0.160860
0.221368
0.212918
0.177252
0.161398
0.115700
0.124339
0.114782
0.125637
0.144118
0.144941
0.149847
0.276749
0.329694
0.118643
0.287003
0.394380
0.237697
0.200576
0.179341
0.178139
0.233330
0.243204
0.221273
0.169246
0.292541
0.176461
0.138454
0.108358
0.285515
0.110795
0.126301
0.122979
0.138454
0.126301
0.166999
0.150701
0.288142
0.156809
0.313301
0.242001
0.295737
0.336814
0.413273
0.627330
0.306655
0.400487
0.420172
0.436375
0.287509
0.365993
0.176082
0.147505
0.163644
0.156777
0.142568
0.143169
0.153834
0.191232
0.168332
0.321602
0.287617
0.306875
0.289637
0.448064
0.246920
0.209009
0.234595
0.213938
0.316193
0.239642
0.242649
0.259232
0.353603
0.285056
0.170084
0.154957
0.165714
0.210200
0.204162
0.174009
0.153657
0.174534
0.251587
0.268132
0.209260
0.322456
0.310045
0.206563
0.154844
0.221023
0.238906
0.258622
0.296668
0.308440
0.418330
0.408095
0.369578
0.274430
0.257059
0.158486
0.153644
0.140637
0.162347
0.148865
0.145859
0.160860
0.200006
0.158676
0.151366
0.167980
0.397212
0.284384
0.184883
0.282764
0.368525
0.372829
0.399586
0.417964
0.275203
0.267954
0.348968
0.253363
0.302921
0.214058
0.156714
0.179784
0.144245
0.195829
0.287098
0.214944
0.209121
0.200544
0.226526
0.266148
0.363936
0.368493
0.343365
0.357290
0.343397
0.322573
0.315516
0.315833
0.297668
0.326339
0.300389
0.295801
0.254343
0.278838
0.252793
0.250261
0.217095
0.230767
0.228868
0.256274
0.249027
0.350581
0.316877
0.264977
0.341625
0.450552
0.427387
0.372955
0.426722
0.418304
0.425615
0.461597
0.450837
0.396975
0.296528
0.290389
0.253552
0.270388
0.243647
0.266654
0.207158
0.221969
0.207981
0.229279
0.234343
0.267603
0.302225
0.265388
0.479161
0.477610
0.555302
0.444856
0.510094
0.504183
0.492192
0.486387
0.572775
0.661018
0.604250
0.557514
0.549451
0.308350
0.278752
0.222444
0.245546
0.198740
0.206272
0.246796
0.236867
0.311212
0.304092
0.391531
0.605051
0.411627
0.405804
0.433400
0.453812
0.400551
0.548752
0.509953
0.493275
0.386215
0.386405
0.305801
0.316244
0.233520
0.291876
0.226748
0.220323
0.184594
0.186810
0.219153
0.322194
0.308459
0.252286
0.540239
0.430773
0.444856
0.507295
0.536568
0.603279
0.599797
0.475237
0.580272
0.433210
0.541125
0.485933
0.500079
0.293427
0.261274
0.230893
0.202253
0.203456
0.183740
0.175702
0.217792
0.390772
0.519763
0.350802
0.428305
0.368303
0.654388
0.434856
0.469160
0.461629
0.505396
0.516314
0.385708
0.376373
0.476629
0.692965
0.463717
0.353461
0.273268
0.275294
0.228014
0.202760
0.221779
0.202063
0.268648
0.251590
0.363714
0.464192
0.340517
0.529795
0.565461
0.418684
0.521947
0.744675
0.540935
0.419285
0.377797
0.569986
0.425457
0.398747
0.420425
0.284693
0.249217
0.202285
0.187981
0.194057
0.186050
0.166556
0.191177
0.401279
0.274661
0.373208
0.387544
0.360613
0.371626
0.412830
0.418969
0.470933
0.484193
0.513750
0.445299
0.521314
0.487547
0.477863
0.441406
0.531188
0.415646
0.289218
0.264565
0.238299
0.231621
0.276275
0.260578
0.580366
0.386595
0.485965
0.510491
0.467198
0.566157
0.739232
0.607741
0.555714
0.558340
0.672173
0.657014
0.711067
0.596728
0.599481
0.501788
0.480933
0.470078
0.290167
0.280230
0.256875
0.321656
0.362701
0.392291
0.314788
0.353018
0.452831
0.506345
0.535618
0.742492
0.662426
0.818190
0.653755
0.598057
0.509795
0.564923
0.506567
0.578531
0.528972
0.689041
0.508592
0.342891
0.310041
0.288743
0.334536
0.233963
0.253932
0.267350
0.437672
0.476597
0.494921
0.404190
0.620684
0.446501
0.456344
0.536314
0.529732
0.297478
0.256685
0.324881
0.294456
0.484794
0.479873
0.540900
0.415684
0.282211
0.319260
0.282450
0.255533
0.240175
0.266706
0.277060
0.435470
0.457198
0.522232
0.648945
0.488876
0.531283
0.520586
0.783411
0.666129
0.620842
0.646191
0.555018
0.547074
0.445774
0.533023
0.621950
0.498782
0.326561
0.264027
0.304978
0.232412
0.336814
0.295864
0.306687
0.322510
0.425836
0.285294
0.375138
0.289155
0.295769
0.388430
0.547201
0.503497
0.633596
0.499636
0.581474
0.432799
0.538846
0.412323
0.529099
0.283743
0.235514
0.208013
0.201019
0.169151
0.192886
0.315928
0.233393
0.238742
0.271211
0.320548
0.521504
0.565081
0.648407
0.655369
0.581901
0.615399
0.498908
0.502832
0.570303
0.562075
0.546283
0.403842
0.348872
0.416817
0.378809
0.245672
0.238267
0.192063
0.179626
0.220798
0.207380
0.367195
0.291354
0.377077
0.436568
0.547707
0.529004
0.705181
0.502358
0.492326
0.368999
0.506820
0.535976
0.542273
0.364252
0.434865
0.275525
0.306120
0.271347
0.232729
0.257113
0.204649
0.187753
0.176094
0.193630
0.335226
0.386057
0.289769
0.298538
0.438121
0.346935
0.359287
0.392889
0.439511
0.436647
0.407753
0.327042
0.424789
0.437628
0.402703
0.411817
0.399791
0.270863
0.189721
0.233393
0.199563
0.199816
0.173803
0.202222
0.237128
0.271812
0.227665
0.375107
0.337447
0.287129
0.365391
0.369347
0.414728
0.280927
0.332890
0.356689
0.255198
0.202332
0.260095
0.320358
0.219342
0.171240
0.155859
0.159246
0.153138
0.154150
0.188614
0.172062
0.335454
0.296149
0.235229
0.333302
0.483275
0.481914
0.496756
0.528593
0.526409
0.703883
0.642489
0.493180
0.397449
0.355929
0.484161
0.315326
0.343080
0.183202
0.211510
0.181082
0.200307
0.179840
0.311920
0.234428
0.290685
0.403177
0.282699
0.382702
0.397829
0.339663
0.261496
0.278933
0.389822
0.410741
0.414301
0.439753
0.471882
0.421213
0.465654
0.315754
0.336289
0.348593
0.232128
0.219833
0.222167
0.226107
0.225668
0.266035
0.268228
0.378683
0.552834
0.572692
0.424483
0.451217
0.322542
0.313491
0.400756
0.456051
0.544384
0.528023
0.466692
0.463686
0.445679
0.507801
0.786512
0.456660
0.370581
0.313095
0.292406
0.260780
0.252381
0.321941
0.299566
0.291987
0.267540
0.427988
0.386151
0.327289
0.271504
0.301592
0.513023
0.606981
0.632710
0.549036
0.493528
0.543688
0.375645
0.341878
0.471471
0.217792
0.222887
0.195892
0.197095
0.197823
0.189911
0.204848
0.238837
0.189215
0.271623
0.239913
0.301782
0.297351
0.314061
0.376689
0.425836
0.425077
0.393937
0.302668
0.222317
0.199294
0.206185
0.252635
0.231605
0.233324
0.207152
0.186199
0.185962
0.176974
0.252840
0.277129
0.250505
0.343410
0.313472
0.317849
0.470480
0.458132
0.411725
0.257882
0.318890
0.389234
0.344846
0.358954
0.396775
0.309089
0.282180
0.247638
0.234215
0.232656
0.198807
0.184879
0.180803
0.179860
0.201968
0.190269
0.206307
0.276072
0.385142
0.445799
0.474357
0.432324
0.426412
0.407624
0.504573
0.352638
0.473328
0.412665
0.446391
0.390034
0.462860
0.397443
0.276414
0.214817
0.202870
0.183099
0.185382
0.179624
0.209279
0.222001
0.306070
0.207008
0.247128
0.197696
0.302842
0.430908
0.291057
0.247304
0.341349
0.291343
0.338019
0.328207
0.279059
0.314440
0.255293
0.398240
0.249185
0.316307
0.201082
0.165037
0.159246
0.150385
0.167410
0.192063
0.268806
0.300453
0.392038
0.335675
0.343713
0.286781
0.260958
0.230672
0.328491
0.295516
0.549701
0.325801
0.348872
0.305294
0.253711
0.240008
0.265831
0.336118
0.268711
0.185417
0.212443
0.159973
0.163486
0.225039
0.410171
0.330960
0.230767
0.378620
0.360961
0.257160
0.241622
0.356372
0.506978
0.563056
0.428178
0.563499
0.427450
0.456502
0.534954
0.530808
0.345644
0.314440
0.266021
0.263363
0.225513
0.202696
0.204785
0.238204
0.228362
0.235102
0.285863
0.502516
0.519668
0.510966
0.414697
0.409412
0.412608
0.420172
0.530523
0.463749
0.419475
0.374600
0.294155
0.477610
0.246748
0.227729
0.197886
0.156239
0.152948
0.158201
0.200165
0.241305
0.197506
0.313681
0.367005
0.273806
0.523149
0.407956
0.439286
0.343429
0.372354
0.411627
0.441818
0.326403
0.414823
0.314282
0.231621
0.229754
0.200228
0.179816
0.184911
0.173487
0.210228
0.166777
0.179404
0.187221
0.189405
0.166999
0.323017
0.365486
0.326118
0.253457
0.214532
0.287794
0.255578
0.363429
0.382797
0.368746
0.687142
0.660401
0.322194
0.270167
0.360613
0.208266
0.183392
0.189468
0.176430
0.176366
0.187000
0.192791
0.221589
0.280294
0.202981
0.229533
0.258109
0.252350
0.473085
0.531694
0.356467
0.323586
0.438368
0.507801
0.599418
0.649989
0.379727
0.340549
0.296655
0.233204
0.243141
0.235830
0.205703
0.235514
0.191209
0.237666
0.205133
0.269660
0.265641
0.385613
0.587487
0.422102
0.434033
0.513877
0.432482
0.591664
0.479825
0.527580
0.605209
0.502579
0.395107
0.533213
0.415773
0.446628
0.478401
0.354442
0.273490
0.326846
0.216114
0.247856
0.296117
0.308048
0.453432
0.288553
0.461629
0.437102
0.378303
0.444223
0.426881
0.610557
0.569164
0.616285
0.590968
0.598278
0.501630
0.496376
0.395424
0.296623
0.278110
0.269629
0.273521
0.227381
0.221589
0.272825
0.311750
0.351182
0.466059
0.402260
0.538941
0.558720
0.549321
0.536504
0.751195
0.636951
0.750941
0.816228
0.794424
0.848888
0.571759
0.564733
0.425172
0.417323
0.337732
0.325770
0.322732
0.294376
0.263299
0.303649
0.343397
0.379696
0.478591
0.578025
0.792620
0.657236
0.707681
0.808190
0.924206
1.000000
0.979271
0.976297
0.884648
0.784487
0.769771
0.500301
0.558024
0.522833
0.416406
0.398652
0.274407
0.309409
0.267572
0.279756
0.337511
0.338080
0.412513
0.464603
0.436280
0.414000
0.575746
0.524953
0.476882
0.442103
0.574480
0.656033
0.606412
0.590335
0.404950
0.396057
0.322605
0.405203
0.246115
0.274123
0.264344
0.263584
0.223330
0.217064
0.213868
0.417956
0.461629
0.495269
0.620051
0.571031
0.410583
0.459920
0.674104
0.684610
0.595905
0.669578
0.683249
0.514637
0.394918
0.397734
0.442324
0.338239
0.256495
0.229596
0.216114
0.195449
0.200829
0.204880
0.234216
0.277477
0.236780
0.330548
0.319694
0.450331
0.491250
0.627678
0.526029
0.718251
0.670433
0.645242
0.712301
0.772461
0.687712
0.670243
0.650622
0.538878
0.341055
0.351688
0.308554
0.339473
0.251432
0.313459
0.316181
0.379601
0.436723
0.432197
0.520681
0.582772
0.493718
0.412165
0.375613
0.409981
0.475047
0.539289
0.547422
0.566822
0.427387
0.428431
0.376563
0.329378
0.267762
0.242856
0.197380
0.214944
0.228773
0.245767
0.277794
0.326877
0.588879
0.430488
0.560524
0.603120
0.463875
0.449698
0.557676
0.530586
0.733093
0.754106
0.662078
0.651824
0.629767
0.561917
0.519700
0.349062
0.328998
0.336561
0.299472
0.260420
0.282636
0.297161
0.539479
0.428716
0.497326
0.723282
0.911485
0.757777
0.682585
0.706858
0.705750
0.740150
0.607076
0.609038
0.461850
0.523244
0.519067
0.535555
0.390867
0.330485
0.252223
0.285895
0.224153
0.215830
0.237919
0.244280
0.328745
0.329283
0.359916
0.374885
0.520554
0.547201
0.586379
0.697839
0.469730
0.652362
0.577803
0.626824
0.481281
0.498117
0.466344
0.380455
0.383999
0.243489
0.241020
0.232602
0.238868
0.207285
0.228963
0.256021
0.227919
0.230893
0.296592
0.267762
0.530586
0.427324
0.536757
0.338618
0.300769
0.390962
0.511883
0.514763
0.569132
0.450616
0.399823
0.334030
0.324377
0.302130
0.270768
0.245799
0.255863
0.198962
0.182980
0.238046
0.234628
0.321687
0.501788
0.463686
0.581348
0.601190
0.518371
0.478939
0.575176
0.501092
0.449824
0.510744
0.554638
0.436438
0.630431
0.608627
0.596791
0.521504
0.383873
0.251432
0.242539
0.280135
0.230957
0.263268
0.294345
0.482009
0.290769
0.411754
0.574100
0.513276
0.567550
0.498275
0.592772
0.570271
0.618469
0.615937
0.599924
0.660401
0.572202
0.544637
0.624830
0.506377
0.338555
0.253457
0.234691
0.257888
0.265388
0.282098
0.329599
0.389791
0.433558
0.434223
0.550967
0.456787
0.727428
0.580050
0.785500
0.710212
0.783664
0.800880
0.626760
0.619513
0.735973
0.732998
0.553783
0.455869
0.341055
0.353587
0.330105
0.345074
0.319124
0.308586
0.417830
0.475680
0.497990
0.460964
0.484066
0.509763
0.534859
0.612393
0.679800
0.676351
0.678756
0.712396
0.624260
0.703851
0.606665
0.674199
0.440457
0.405393
0.344251
0.319789
0.304630
0.344220
0.297003
0.316814
0.328143
0.496535
0.614070
0.596032
0.501472
0.623596
0.586759
0.725339
0.623184
0.724327
0.588278
0.627963
0.661825
0.708662
0.621539
0.496250
0.408715
0.375518
0.344600
0.333365
0.350359
0.341625
0.269724
0.275958
0.309598
0.365581
0.436311
0.464856
0.528877
0.472040
0.527422
0.671572
0.890281
0.928384
0.813697
0.922814
0.796386
0.833950
0.663470
0.572043
0.437957
0.408462
0.343239
0.315485
0.315168
0.314377
0.343872
0.284724
0.433336
0.354916
0.362037
0.375138
0.532264
0.420963
0.420931
0.475426
0.379632
0.458622
0.435552
0.526852
0.669673
0.716573
0.449002
0.359663
0.357416
0.357132
0.440172
0.247571
0.230735
0.239723
0.230134
0.257856
0.286971
0.441723
0.473338
0.400519
0.465046
0.424032
0.498687
0.556220
0.590652
0.472198
0.580208
0.560492
0.776195
0.566758
0.446375
0.395519
0.391025
0.308301
0.276021
0.253426
0.245324
0.234026
0.212886
0.232064
0.333618
0.347195
0.296971
0.430931
0.384696
0.447609
0.622646
0.618469
0.606032
0.699421
0.604513
0.616254
0.490838
0.463527
0.429096
0.364727
0.284946
0.230893
0.203772
0.241432
0.206747
0.187981
0.209500
0.259787
0.254533
0.320105
0.481439
0.551157
0.412893
0.545049
0.544068
0.645622
0.707617
0.838919
0.792652
0.904712
0.856483
0.612076
0.549195
0.682079
0.452736
0.345517
0.281370
0.271876
0.239438
0.255198
0.440077
0.439444
0.460837
0.332067
0.382544
0.377923
0.453052
0.454287
0.546346
0.653818
0.617646
0.660147
0.730466
0.650495
0.656318
0.542137
0.554543
0.471787
0.432988
0.433368
0.330390
0.325074
0.300959
0.340106
0.320390
0.372069
0.371119
0.438495
0.504889
0.453179
0.629324
0.480173
0.451786
0.411564
0.532454
0.616032
0.661445
0.649672
0.675369
0.509826
0.398430
0.466692
0.291402
0.261179
0.255673
0.235514
0.212570
0.225197
0.213203
0.257571
0.237223
0.368746
0.436944
0.516535
0.411310
0.365644
0.354347
0.443812
0.542169
0.569195
0.530333
0.605272
0.495111
0.498275
0.420425
0.394664
0.355929
0.355644
0.254280
0.240862
0.218804
0.189563
0.230514
0.257002
0.252286
0.412228
0.344821
0.292288
0.445014
0.448495
0.500142
0.604481
0.457673
0.492104
0.570904
0.727491
0.642837
0.419697
0.431976
0.362511
0.325042
0.257508
0.261717
0.175607
0.161999
0.166398
0.160891
0.188677
0.218615
0.294946
0.266179
0.323839
0.610178
0.498497
0.573214
0.593373
0.575430
0.508909
0.517611
0.507927
0.391721
0.343903
0.313554
0.292319
0.246907
0.228520
0.209121
0.191398
0.153423
0.150954
0.205956
0.239153
0.217475
0.239438
0.238457
0.270768
0.280041
0.383493
0.434950
0.440868
0.555081
0.491218
0.578215
0.556695
0.556410
0.694895
0.506440
0.451786
0.303301
0.379284
0.320263
0.266781
0.246558
0.193899
0.170733
0.205133
0.312510
0.385044
0.202728
0.245546
0.337194
0.370676
0.378651
0.490807
0.516694
0.514288
0.592804
0.581316
0.472104
0.489161
0.498117
0.473623
0.291117
0.338523
0.214089
0.204627
0.171335
0.177158
0.176430
0.225608
0.345581
0.260388
0.290421
0.337099
0.307921
0.350486
0.382164
0.373619
0.482800
0.593531
0.658913
0.603690
0.507263
0.499541
0.500427
0.389253
0.279629
0.231305
0.194785
0.241622
0.218931
0.187063
0.177316
0.241970
0.396120
0.393430
0.540334
0.368208
0.440172
0.378398
0.440742
0.609102
0.615304
0.466787
0.524289
0.599987
0.704263
0.478085
0.522991
0.346087
0.242792
0.256369
0.383936
0.251748
0.229026
0.217887
0.253964
0.387512
0.326909
0.320928
0.354220
0.279756
0.286655
0.346625
0.324187
0.376056
0.468844
0.483275
0.398620
0.315231
0.248331
0.221083
0.224912
0.233172
0.200038
0.183962
0.158644
0.170512
0.223267
0.213804
0.225387
0.197475
0.177885
0.210450
0.185955
0.236843
0.235039
0.214247
0.381183
0.510206
0.346498
0.339821
0.407386
0.459065
0.365803
0.261527
0.372955
0.189468
0.221399
0.186651
0.189816
0.169847
0.196209
0.179499
0.173328
0.182949
0.209785
0.236495
0.291243
0.297509
0.354568
0.335928
0.444223
0.328048
0.208456
0.220102
0.445331
0.200418
0.260546
0.215102
0.238932
0.223108
0.322415
0.411848
0.271085
0.221178
0.231400
0.204342
0.205133
0.226178
0.288617
0.235261
0.187316
0.288110
0.311624
0.254280
0.236621
0.311339
0.266591
0.238330
0.254438
0.333365
0.670559
0.442134
0.461027
0.358872
0.314061
0.252635
0.218741
0.204658
0.191842
0.211874
0.186082
0.247033
0.328903
0.280199
0.308206
0.423305
0.333049
0.361752
0.310073
0.289155
0.497326
0.602392
0.657584
0.577012
0.775278
0.748093
0.671762
0.619893
0.663439
0.406310
0.196683
0.169626
0.182284
0.283585
0.327605
0.379569
0.615273
0.308681
0.408051
0.388050
0.310136
0.329884
0.417355
0.368018
0.399854
0.578025
0.627931
0.554543
0.655179
0.652742
0.411564
0.625843
0.359030
0.264344
0.204722
0.188487
0.188835
0.305927
0.196399
0.197538
0.216874
0.404506
0.479477
0.399095
0.255926
0.243172
0.357100
0.323491
0.315390
0.337352
0.316434
0.353302
0.410013
0.482610
0.369505
0.475331
0.284123
0.249818
0.185575
0.191747
0.208931
0.267097
0.181272
0.201557
0.428273
0.272477
0.257983
0.353239
0.353397
0.324093
0.608279
0.553657
0.476882
0.416912
0.819330
0.577930
0.398209
0.519384
0.502896
0.298237
0.238046
0.254343
0.288015
0.170385
0.165132
0.209342
0.136650
0.261369
0.384537
0.235862
0.273806
0.246748
0.373398
0.341308
0.460299
0.392386
0.423684
0.392576
0.529146
0.451051
0.409159
0.382544
0.336530
0.263458
0.216146
0.217760
0.223678
0.153011
0.161872
0.158992
0.231463
0.203772
0.229153
0.336593
0.319219
0.392133
0.395171
0.585746
0.581253
0.437229
0.511662
0.513782
0.429792
0.449413
0.491440
0.569543
0.345707
0.276275
0.350834
0.383272
0.336593
0.428843
0.266749
0.237666
0.205639
0.186525
0.312288
0.530491
0.509636
0.448653
0.327289
0.365423
0.402956
0.372638
0.389190
0.310168
0.382354
0.420615
0.402006
0.334504
0.369853
0.313839
0.229184
0.243236
0.145416
0.166967
0.148834
0.152283
0.157727
0.273711
0.202601
0.298839
0.353239
0.239596
0.391690
0.343777
0.454160
0.701256
0.518181
0.487389
0.660780
0.462356
0.513244
0.428874
0.329947
0.460742
0.266939
0.206810
0.182316
0.175955
0.167062
0.175638
0.194658
0.168866
0.239944
0.389538
0.460616
0.219279
0.239501
0.300009
0.245989
0.253109
0.338745
0.539226
0.443906
0.358651
0.526314
0.390424
0.415013
0.388588
0.253268
0.225640
0.331403
0.231273
0.207728
0.190196
0.229533
0.264249
0.226843
0.288743
0.327953
0.365170
0.273490
0.257382
0.254059
0.388905
0.309567
0.537454
0.483813
0.557011
0.542580
0.444856
0.363334
0.491535
0.388082
0.242381
0.258774
0.193392
0.197886
0.183424
0.201399
0.199310
0.235925
0.271559
0.380107
0.492073
0.576347
0.540587
0.392291
0.416722
0.316434
0.304630
0.367353
0.353334
0.341846
0.379696
0.342004
0.299155
0.226495
0.249976
0.204595
0.194690
0.181240
0.182822
0.207158
0.230355
0.206969
0.314915
0.315959
0.247096
0.460584
0.512168
0.464034
0.495332
0.593468
0.396658
0.354220
0.309820
0.293332
0.230798
0.284914
0.278806
0.223520
0.252476
0.211209
0.202285
0.185670
0.168360
0.173265
0.210513
0.207570
0.192886
0.212697
0.238520
0.287699
0.338682
0.368113
0.472831
0.588341
0.691129
0.542454
0.484762
0.720782
0.556758
0.468527
0.339504
0.494509
0.296117
0.213773
0.251147
0.218615
0.189183
0.175480
0.216937
0.234786
0.265863
0.580272
0.468116
0.603342
0.561252
0.673661
0.772524
0.669325
0.650748
0.737460
0.781006
0.759929
0.476186
0.495997
0.527896
0.447356
0.322922
0.316719
0.299377
0.250229
0.223773
0.213393
0.235356
0.278743
0.422861
0.482768
0.408905
0.498212
0.439856
0.502548
0.486028
0.433938
0.457926
0.573879
0.615621
0.505554
0.344631
0.344251
0.443622
0.442989
0.282889
0.296338
0.280041
0.257413
0.269819
0.284693
0.338618
0.350612
0.312098
0.317732
0.447514
0.350264
0.318871
0.503370
0.353334
0.386626
0.385202
0.559448
0.444286
0.407481
0.380961
0.441153
0.450742
0.310073
0.293142
0.197190
0.176999
0.197190
0.170385
0.187189
0.218045
0.333618
0.324124
0.290864
0.321213
0.232286
0.206747
0.291338
0.388367
0.423843
0.607962
0.661192
0.464572
0.592107
0.532169
0.509162
0.391911
0.258109
0.196842
0.210924
0.221210
0.210988
0.199816
0.236526
0.298997
0.401025
0.371974
0.275483
0.210893
0.248489
0.254787
0.300421
0.293712
0.341435
0.557961
0.474604
0.493940
0.420266
0.462040
0.371088
0.427324
0.317067
0.234691
0.199563
0.215450
0.194880
0.185196
0.236178
0.252761
0.329472
0.212254
0.230292
0.237602
0.280737
0.214532
0.455299
0.305136
0.549416
0.661920
0.674547
0.481946
0.440963
0.286876
0.249597
0.291623
0.268679
0.271591
0.178487
0.174214
0.197538
0.174784
0.197886
0.190955
0.229026
0.250483
0.333998
0.474540
0.333903
0.468717
0.457736
0.505048
0.292509
0.268584
0.281813
0.324947
0.403494
0.427767
0.326371
0.293554
0.261496
0.230102
0.223583
0.237381
0.199595
0.214247
0.312763
0.242033
0.249217
0.242603
0.367702
0.420710
0.404032
0.258046
0.277097
0.423336
0.566094
0.608026
0.578088
0.342511
0.468749
0.419317
0.400044
0.364948
0.342701
0.263046
0.190101
0.200671
0.202918
0.181050
0.226843
0.252666
0.301750
0.210481
0.235166
0.181715
0.318523
0.222855
0.241748
0.247856
0.225988
0.261939
0.488560
0.430678
0.553087
0.459983
0.584101
0.330295
0.337574
0.213519
0.194658
0.171303
0.144467
0.155258
0.174436
0.254502
0.349979
0.181778
0.237666
0.207855
0.249723
0.363208
0.344251
0.427387
0.270610
0.317700
0.432577
0.396500
0.472578
0.412038
0.418716
0.351435
0.257477
0.197253
0.201715
0.190101
0.187981
0.188202
0.207000
0.264217
0.310168
0.168233
0.248426
0.233045
0.379253
0.265072
0.497959
0.292129
0.323491
0.371436
0.429033
0.398589
0.461850
0.488686
0.439381
0.387955
0.294060
0.226811
0.209215
0.193804
0.179658
0.172474
0.213646
0.303048
0.293617
0.382164
0.362480
0.360708
0.314630
0.296149
0.300358
0.353112
0.342448
0.395519
0.446755
0.333397
0.289028
0.574733
0.401405
0.320706
0.298997
0.215640
0.156999
0.129561
0.155575
0.134909
0.167632
0.329852
0.506757
0.293427
0.151239
0.159277
0.151872
0.134055
0.239058
0.253932
0.306149
0.311592
0.351847
0.351435
0.403937
0.242286
0.217285
0.179436
0.233520
0.247096
0.191968
0.150163
0.137156
0.139118
0.153264
0.152695
0.174183
0.198329
0.306244
0.251021
0.285136
0.295927
0.359094
0.343429
0.221716
0.228203
0.301655
0.206589
0.282256
0.219058
0.195671
0.165765
0.169784
0.144340
0.154024
0.147536
0.138074
0.135068
0.152821
0.155448
0.181999
0.139435
0.140068
0.171176
0.141903
0.226241
0.269059
0.180765
0.207348
0.233140
0.242539
0.284123
0.320232
0.236780
0.193202
0.174468
0.183044
0.193519
0.143169
0.142536
0.142093
0.178677
0.168233
0.175385
0.188582
0.170417
0.181999
0.173771
0.174816
0.261717
0.177442
0.161208
0.215450
0.326276
0.289534
0.234596
0.373999
0.307035
0.201241
0.196778
0.181430
0.185006
0.175923
0.145922
0.140542
0.131713
0.132852
0.167790
0.358113
0.210924
0.162727
0.159087
0.346340
0.297035
0.261337
0.165923
0.168581
0.208076
0.219469
0.197854
0.215513
0.245609
0.183360
0.262667
0.166809
0.163201
0.156492
0.145606
0.164246
0.239659
0.136302
0.384537
0.254787
0.226843
0.284534
0.232919
0.349979
0.355391
0.326593
0.314345
0.221463
0.210165
0.299313
0.331529
0.239723
0.199310
0.197506
0.148865
0.139277
0.139878
0.163360
0.142125
0.178550
0.185702
0.147188
0.255609
0.185924
0.148106
0.159847
0.127757
0.164720
0.148929
0.146745
0.158106
0.161492
0.339726
0.387955
0.502927
0.377512
0.238678
0.232476
0.222222
0.165670
0.143549
0.176904
0.134023
0.166967
0.156081
0.176366
0.300453
0.279281
0.202000
0.182031
0.157821
0.236210
0.213868
0.256527
0.367164
0.232381
0.415266
0.327669
0.247508
0.297161
0.361435
0.222254
0.242508
0.208361
0.172790
0.150511
0.154530
0.161777
0.157125
0.134435
0.146302
0.243267
0.254818
0.265230
0.294060
0.268205
0.379980
0.271781
0.231874
0.290832
0.302035
0.277097
0.279154
0.429919
0.352891
0.328871
0.261780
0.252730
0.232317
0.216273
0.168676
0.166303
0.162758
0.171588
0.190576
0.205133
0.214247
0.351277
0.285072
0.328713
0.321751
0.375645
0.411216
0.457704
0.447577
0.552549
0.575018
0.785974
0.644925
0.507548
0.386373
0.236083
0.203709
0.188044
0.174562
0.168233
0.180702
0.210608
0.205766
0.387291
0.178170
0.198361
0.235988
0.220861
0.230166
0.338650
0.258901
0.327922
0.414538
0.508560
0.524036
0.657616
0.475901
0.390582
0.371816
0.268584
0.208171
0.176271
0.214532
0.239311
0.172949
0.168391
0.209500
0.411342
0.248331
0.249343
0.228425
0.273363
0.264186
0.323175
0.292889
0.368398
0.471439
0.661097
0.526820
0.547201
0.584069
0.435299
0.292984
0.272699
0.225007
0.206937
0.167062
0.211336
0.188139
0.167474
0.280515
0.358239
0.343808
0.461375
0.318997
0.269059
0.331624
0.290326
0.347733
0.403968
0.413842
0.367512
0.387765
0.430552
0.570778
0.542201
0.624197
0.247508
0.236938
0.193012
0.225292
0.199500
0.184341
0.173803
0.323238
0.338460
0.315073
0.207253
0.245799
0.230166
0.226368
0.288047
0.308554
0.424570
0.452767
0.497896
0.434887
0.513212
0.521441
0.559828
0.450900
0.305706
0.253900
0.273711
0.201082
0.228108
0.241717
0.191557
0.313333
0.440141
0.236178
0.227096
0.244660
0.240008
0.265673
0.261939
0.311212
0.360423
0.512706
0.459034
0.485332
0.379253
0.312193
0.372480
0.349125
0.431248
0.336087
0.318713
0.241622
0.189152
0.211526
0.228710
0.237191
0.271401
0.412323
0.358840
0.374822
0.321023
0.483053
0.490364
0.411975
0.435488
0.570113
0.324251
0.356277
0.299630
0.442166
0.313080
0.260799
0.186905
0.186588
0.146302
0.147916
0.141302
0.123675
0.134371
0.134656
0.200703
0.252476
0.242065
0.316814
0.301339
0.216811
0.269059
0.351340
0.226336
0.254533
0.289851
0.350106
0.350960
0.248426
0.268110
0.251970
0.155796
0.148074
0.133105
0.143802
0.150353
0.147948
0.151745
0.189436
0.455806
0.339599
0.250767
0.277857
0.294756
0.189057
0.311244
0.196051
0.231621
0.229754
0.248331
0.293775
0.268584
0.328903
0.320675
0.209943
0.179056
0.165670
0.147979
0.139087
0.146334
0.177031
0.156144
0.260831
0.241811
0.264344
0.289440
0.249660
0.280104
0.509352
0.333681
0.386436
0.345992
0.354663
0.370708
0.422608
0.471471
0.383999
0.408905
0.463812
0.327289
0.221589
0.182664
0.225545
0.193550
0.245482
0.202886
0.212792
0.325960
0.309598
0.198930
0.159720
0.223931
0.168170
0.184943
0.405456
0.255071
0.330738
0.380518
0.348524
0.368651
0.317289
0.519099
0.357859
0.229090
0.231906
0.206114
0.163391
0.167126
0.141017
0.143865
0.203456
0.220387
0.185069
0.206715
0.236368
0.221336
0.212728
0.197316
0.214374
0.247666
0.299883
0.482357
0.519225
0.574733
0.399696
0.465616
0.395234
0.287003
0.243647
0.253900
0.228045
0.224437
0.172727
0.226115
0.223868
0.523149
0.259375
0.297320
0.324472
0.427197
0.604544
0.445679
0.491408
0.436216
0.547486
0.551442
0.506883
0.522010
0.546663
0.393810
0.419982
0.352511
0.359347
0.260420
0.291750
0.230545
0.233235
0.220798
0.261780
0.318808
0.351214
0.239311
0.311655
0.428083
0.373176
0.386025
0.350612
0.343270
0.555777
0.370486
0.339504
0.452641
0.415456
0.484256
0.411437
0.340454
0.212032
0.298269
0.208076
0.173392
0.197633
0.166493
0.182221
0.220292
0.291212
0.310674
0.433621
0.356530
0.668882
0.476945
0.530935
0.335612
0.439919
0.401437
0.598278
0.555745
0.407924
0.512042
0.385550
0.253584
0.301750
0.261211
0.216019
0.211747
0.226843
0.195259
0.208203
0.295263
0.211336
0.197190
0.224026
0.430045
0.335042
0.227064
0.246653
0.381404
0.361341
0.525365
0.429982
0.240134
0.420488
0.436881
0.325074
0.201146
0.187917
0.173487
0.158961
0.166461
0.165195
0.145226
0.196715
0.343112
0.250862
0.356309
0.288047
0.310136
0.267920
0.291307
0.146903
0.161587
0.170955
0.233014
0.250957
0.203393
0.267477
0.336530
0.379442
0.240387
0.277097
0.161018
0.157980
0.128390
0.134435
0.123422
0.191145
0.292857
0.287857
0.220323
0.196145
0.137916
0.119244
0.121428
0.192664
0.204310
0.292667
0.218393
0.260736
0.325643
0.332700
0.341213
0.274819
0.190354
0.154973
0.153866
0.146270
0.139688
0.140827
0.172822
0.336814
0.228552
0.234121
0.153138
0.207222
0.180259
0.171588
0.184848
0.181335
0.254597
0.219754
0.229533
0.259882
0.200070
0.233109
0.353840
0.243742
0.280262
0.155543
0.159467
0.154593
0.161872
0.138201
0.155606
0.278616
0.237064
0.201241
0.232033
0.172157
0.136333
0.164087
0.158581
0.172284
0.255261
0.254692
0.183360
0.209405
0.171018
0.295421
0.286465
0.237792
0.197949
0.184626
0.177917
0.157442
0.149973
0.156239
0.149119
0.157157
0.290136
0.303554
0.289345
0.438052
0.378177
0.309345
0.167062
0.179215
0.202949
0.144245
0.179816
0.253204
0.223963
0.175638
0.222792
0.217032
0.224216
0.167442
0.169847
0.145416
0.156619
0.149182
0.163360
0.156682
0.164847
0.198962
0.287984
0.282952
0.304124
0.443463
0.342353
0.333871
0.267825
0.426121
0.401152
0.397133
0.327858
0.358840
0.332574
0.289218
0.165638
0.140194
0.133675
0.144308
0.130447
0.144656
0.165005
0.344315
0.204279
0.279597
0.156556
0.145258
0.167537
0.170259
0.221146
0.232191
0.385075
0.445647
0.445489
0.380139
0.370012
0.240862
0.384664
0.350929
0.266401
0.214406
0.176208
0.181398
0.193867
0.206177
0.211146
0.237539
0.317194
0.348714
0.203899
0.219849
0.227476
0.302130
0.210323
0.220672
0.250388
0.335137
0.510871
0.341656
0.378620
0.323491
0.357195
0.244691
0.211114
0.170891
0.185417
0.169721
0.156271
0.153264
0.163328
0.250514
0.417735
0.267445
0.235387
0.200291
0.267208
0.297952
0.216368
0.347005
0.215925
0.382006
0.235419
0.229944
0.185132
0.204089
0.254059
0.252381
0.182221
0.157315
0.144941
0.168771
0.154499
0.160227
0.152726
0.198361
0.336150
0.176366
0.216051
0.238267
0.225007
0.243679
0.226526
0.151492
0.170733
0.272445
0.358556
0.365708
0.246685
0.225292
0.327447
0.186177
0.185164
0.163549
0.160132
0.167379
0.137251
0.146650
0.155005
0.218298
0.289883
0.347353
0.247824
0.327732
0.283015
0.212570
0.226938
0.223836
0.303427
0.237666
0.320865
0.315833
0.241843
0.294598
0.289978
0.372259
0.290009
0.218045
0.190196
0.146017
0.155037
0.187696
0.145353
0.172664
0.201557
0.421058
0.253995
0.391278
0.301370
0.448242
0.400709
0.262698
0.275705
0.397196
0.433811
0.250103
0.311814
0.264945
0.334979
0.360454
0.260515
0.179468
0.177917
0.182664
0.175037
0.195133
0.167695
0.200165
0.180227
0.237856
0.289250
0.393272
0.389506
0.473401
0.329852
0.219089
0.277192
0.251622
0.294535
0.322668
0.427767
0.377037
0.348745
0.269692
0.182980
0.196272
0.199437
0.167758
0.166524
0.174278
0.179468
0.198614
0.283933
0.206526
0.212475
0.209279
0.215798
0.306307
0.298744
0.219437
0.218077
0.203836
0.201873
0.502073
0.393810
0.305263
0.290167
0.319630
0.194785
0.186145
0.159309
0.142473
0.152600
0.139277
0.193993
0.243584
0.302510
0.404855
0.298079
0.313902
0.263078
0.250514
0.295895
0.235229
0.247128
0.245451
0.465078
0.376056
0.356435
0.486218
0.368967
0.321149
0.206367
0.187063
0.179499
0.157758
0.167252
0.161936
0.183487
0.244406
0.354695
0.396721
0.367638
0.274977
0.255103
0.288775
0.254122
0.399032
0.292035
0.411437
0.435710
0.361815
0.491186
0.396975
0.358176
0.217792
0.188202
0.168518
0.195607
0.183107
0.175638
0.180670
0.195924
0.260261
0.403114
0.194310
0.185386
0.175195
0.129150
0.141555
0.152916
0.213709
0.156587
0.189025
0.194721
0.154530
0.245008
0.236020
0.237128
0.260356
0.158201
0.158897
0.165828
0.146935
0.141682
0.151650
0.155923
0.213994
0.339220
0.199184
0.135700
0.197506
0.279281
0.155321
0.128010
0.235925
0.197158
0.161682
0.259090
0.236526
0.300579
0.361309
0.372892
0.240641
0.245482
0.175037
0.127536
0.123232
0.118042
0.125637
0.158961
0.143580
0.165480
0.341150
0.424887
0.385613
0.343492
0.291022
0.176271
0.184468
0.176968
0.342036
0.293902
0.337701
0.311814
0.214247
0.225229
0.179879
0.216811
0.175797
0.173043
0.152695
0.124434
0.163961
0.182917
0.251242
0.170891
0.258647
0.287952
0.243900
0.143391
0.286148
0.250799
0.244312
0.235862
0.406880
0.225957
0.482357
0.542201
0.381531
0.302573
0.265578
0.185038
0.167758
0.150543
0.156492
0.149309
0.127694
0.134023
0.201272
0.321498
0.160100
0.148802
0.129751
0.155416
0.161461
0.169088
0.134245
0.240261
0.276876
0.180512
0.257635
0.334188
0.447388
0.270072
0.211114
0.174974
0.152568
0.155575
0.151334
0.141745
0.136333
0.180227
0.161777
0.270926
0.308459
0.287034
0.173550
0.243267
0.149941
0.142599
0.168107
0.166018
0.153264
0.240166
0.259154
0.278300
0.293427
0.307953
0.314630
0.212064
0.174468
0.146397
0.169531
0.138517
0.151049
0.152188
0.291338
0.316782
0.228615
0.226400
0.161809
0.297794
0.213393
0.158518
0.182664
0.125510
0.195386
0.297161
0.423684
0.256369
0.224596
0.321434
0.213140
0.176999
0.147948
0.136397
0.117092
0.129561
0.128295
0.140289
0.411848
0.329536
0.249153
0.159878
0.179974
0.144182
0.183613
0.261844
0.257856
0.162284
0.170638
0.221653
0.268648
0.447957
0.364094
0.249628
0.239849
0.214216
0.173550
0.161113
0.152252
0.164436
0.130510
0.138011
0.244976
0.345454
0.192221
0.133738
0.148011
0.120953
0.101048
0.170005
0.142505
0.163993
0.193424
0.373335
0.305105
0.240451
0.261970
0.158359
0.200006
0.151176
0.150385
0.134530
0.126966
0.123168
0.185765
0.228203
0.146239
0.163170
0.300769
0.428146
0.320611
0.292541
0.206589
0.252635
0.308238
0.263553
0.304883
0.203867
0.205165
0.320516
0.214817
0.235830
0.244470
0.269059
0.176525
0.124751
0.132283
0.119529
0.132124
0.121428
0.191050
0.268331
0.255609
0.323934
0.227444
0.246020
0.299408
0.275388
0.156904
0.157157
0.131270
0.250356
0.330453
0.273047
0.213709
0.214754
0.233678
0.172157
0.174119
0.142188
0.140827
0.155669
0.148454
0.177632
0.188044
0.285357
0.193329
0.151682
0.151555
0.145922
0.194500
0.217285
0.300421
0.185196
0.195544
0.282066
0.369885
0.311909
0.348809
0.361910
0.279550
0.193606
0.176714
0.230609
0.191304
0.178107
0.180385
0.162284
0.187601
0.339504
0.292826
0.230577
0.224975
0.216399
0.151840
0.145669
0.151271
0.164341
0.183803
0.216763
0.205006
0.316576
0.275159
0.341593
0.270009
0.232033
0.191304
0.149024
0.179942
0.147410
0.166208
0.185734
0.265325
0.321972
0.248489
0.383177
0.218235
0.270325
0.242792
0.121618
0.128991
0.257698
0.125099
0.239659
0.252698
0.383683
0.248710
0.201715
0.249723
0.170607
0.148327
0.153866
0.146935
0.120985
0.128105
0.146302
0.193519
0.280990
0.163106
0.118168
0.116016
0.241305
0.273078
0.173550
0.227222
0.151998
0.245008
0.432102
0.394126
0.443906
0.231305
0.308776
0.296022
0.197126
0.178202
0.164784
0.150701
0.137726
0.131618
0.169942
0.193645
0.356562
0.239311
0.276401
0.395804
0.333365
0.204215
0.275926
0.185892
0.174784
0.188677
0.192126
0.333428
0.257350
0.286401
0.220798
0.222697
0.180385
0.182411
0.177885
0.151777
0.158992
0.153486
0.155448
0.213235
0.190481
0.233963
0.370391
0.297225
0.248932
0.225830
0.197285
0.169119
0.176746
0.303744
0.271971
0.199753
0.320706
0.180512
0.311624
0.400266
0.468021
0.279439
0.164499
0.135574
0.144245
0.140131
0.140289
0.174119
0.193962
0.286971
0.306719
0.467863
0.536694
0.605525
0.436849
0.199468
0.318365
0.299598
0.413304
0.329093
0.380677
0.277540
0.325612
0.406310
0.192791
0.164119
0.153834
0.133643
0.164214
0.137346
0.176809
0.178044
0.237254
0.239628
0.147441
0.124055
0.297161
0.240546
0.253236
0.178550
0.312478
0.254628
0.357353
0.481186
0.407671
0.199120
0.327732
0.265230
0.175480
0.196620
0.159182
0.177031
0.172347
0.173771
0.178044
0.220672
0.500965
0.271021
0.201177
0.206842
0.144562
0.193044
0.189088
0.204690
0.194880
0.358840
0.372828
0.243615
0.299693
0.238710
0.248742
0.333587
0.200038
0.160860
0.173455
0.163296
0.168708
0.126301
0.174657
0.204563
0.451692
0.286401
0.280199
0.205639
0.195829
0.312510
0.162727
0.231400
0.197316
0.226336
0.235514
0.253489
0.317510
0.311750
0.277002
0.294883
0.160733
0.160290
0.133422
0.127409
0.163391
0.182886
0.134245
0.256084
0.325105
0.248077
0.272667
0.350359
0.279408
0.318744
0.261844
0.240894
0.259154
0.252761
0.314883
0.199943
0.362543
0.527833
0.303079
0.360454
0.329947
0.141112
0.140669
0.145543
0.118580
0.117947
0.150068
0.245419
0.351688
0.305263
0.172569
0.146777
0.170765
0.142853
0.311181
0.195228
0.235988
0.346087
0.313997
0.218298
0.246590
0.303617
0.255419
0.233109
0.154309
0.162568
0.143739
0.159784
0.142631
0.135606
0.138327
0.167031
0.188360
0.249502
0.341656
0.529447
0.571885
0.507358
0.350074
0.316118
0.319535
0.215450
0.197538
0.335738
0.412988
0.261432
0.371309
0.248679
0.198266
0.198266
0.132473
0.143074
0.130352
0.130700
0.162347
0.143770
0.151460
0.200291
0.301085
0.308522
0.291971
0.236020
0.311782
0.269154
0.194057
0.343397
0.251116
0.470110
0.373936
0.362543
0.431185
0.210608
0.273142
0.193044
0.202127
0.217570
0.168834
0.158802
0.158233
0.150195
0.208931
0.231305
0.183613
0.192221
0.205418
0.160005
0.156049
0.175164
0.165179
0.162537
0.269217
0.334409
0.287351
0.254818
0.223551
0.340074
0.174816
0.199500
0.161239
0.136523
0.128833
0.148233
0.180829
0.178771
0.170670
0.282192
0.231874
0.184689
0.167948
0.200196
0.299566
0.152916
0.166967
0.132694
0.165290
0.315168
0.218804
0.285579
0.317890
0.192823
0.168613
0.201019
0.154688
0.139245
0.139909
0.125320
0.128390
0.152821
0.207348
0.302984
0.330169
0.330865
0.324820
0.290737
0.173930
0.285927
0.212950
0.174151
0.179942
0.226083
0.175765
0.175100
0.167980
0.167537
0.191272
0.173803
0.124181
0.129340
0.122409
0.128707
0.145796
0.171113
0.207570
0.257920
0.209469
0.145922
0.152821
0.205576
0.147220
0.130827
0.202696
0.171714
0.173581
0.263141
0.288490
0.267698
0.257097
0.290484
0.180955
0.157916
0.152252
0.147441
0.152853
0.187791
0.161556
0.155480
0.175702
0.297731
0.353144
0.426786
0.221779
0.289408
0.171809
0.164942
0.157030
0.227919
0.256179
0.315485
0.289978
0.284946
0.231020
0.212254
0.191715
0.194943
0.152378
0.164467
0.146144
0.146144
0.146239
0.135890
0.174373
0.177158
0.360233
0.385329
0.336213
0.375075
0.362448
0.376847
0.547264
0.357353
0.331403
0.287572
0.239185
0.312098
0.370581
0.394569
0.344346
0.206652
0.161619
0.158170
0.132473
0.122092
0.152378
0.258964
0.178771
0.219944
0.413051
0.237223
0.282287
0.244723
0.301275
0.175385
0.153518
0.260040
0.277161
0.188455
0.342416
0.233868
0.216842
0.289819
0.232919
0.160670
0.170638
0.158233
0.138549
0.126175
0.143992
0.163296
0.199405
0.218836
0.211336
0.136523
0.155448
0.125320
0.158423
0.147821
0.189215
0.228077
0.336909
0.382639
0.413114
0.357258
0.343587
0.205228
0.280547
0.150954
0.151429
0.152948
0.128453
0.122884
0.136333
0.187886
0.200418
0.330010
0.267793
0.252999
0.165646
0.231135
0.210333
0.193176
0.130212
0.169128
0.233857
0.247983
0.239216
0.265610
0.224659
0.263299
0.243742
0.176525
0.147062
0.161746
0.135257
0.131238
0.130985
0.208171
0.279186
0.290959
0.265989
0.251084
0.197475
0.227602
0.201082
0.197601
0.181999
0.343080
0.392671
0.413716
0.331435
0.421279
0.461470
0.276749
0.216621
0.159340
0.160670
0.145131
0.143897
0.194563
0.308333
0.199120
0.350644
0.351625
0.308934
0.279408
0.212823
0.163739
0.146872
0.150479
0.144846
0.194848
0.229184
0.316181
0.314725
0.310136
0.218393
0.299725
0.169467
0.167569
0.162663
0.127472
0.117314
0.155448
0.139783
0.198772
0.179816
0.198994
0.280610
0.143296
0.162284
0.169689
0.167315
0.130162
0.166050
0.169974
0.273680
0.177474
0.255071
0.201968
0.395297
0.260420
0.211178
0.254375
0.187664
0.177284
0.152726
0.156207
0.196462
0.165607
0.155385
0.344979
0.434191
0.470331
0.707934
0.493750
0.427957
0.413114
0.287161
0.275452
0.316877
0.323301
0.278110
0.339251
0.384474
0.351847
0.243805
0.204912
0.172157
0.154404
0.127029
0.129181
0.153707
0.148201
0.211431
0.216463
0.272730
0.357448
0.572930
0.382069
0.467103
0.462578
0.386215
0.349252
0.246653
0.209627
0.323998
0.408810
0.332321
0.404601
0.327226
0.201525
0.146207
0.150701
0.143011
0.165385
0.168170
0.196588
0.210007
0.221463
0.213076
0.231637
0.205386
0.362037
0.160986
0.263932
0.215260
0.210007
0.273110
0.293680
0.219058
0.352574
0.334662
0.308016
0.262065
0.147441
0.158834
0.152315
0.147220
0.211051
0.299978
0.180227
0.214089
0.286623
0.288490
0.180892
0.206462
0.263078
0.155068
0.195766
0.213203
0.443748
0.378873
0.529162
0.321529
0.270420
0.240356
0.224026
0.284661
0.167410
0.162822
0.172474
0.134181
0.158708
0.169341
0.186557
0.198994
0.172157
0.398272
0.523086
0.404095
0.318776
0.202253
0.211019
0.185038
0.291402
0.262160
0.400551
0.479477
0.278332
0.338049
0.315263
0.293838
0.334821
0.203519
0.190481
0.139846
0.142948
0.148771
0.177664
0.221811
0.244312
0.374062
0.511947
0.339251
0.200608
0.221494
0.243615
0.179215
0.135795
0.168993
0.155891
0.161303
0.173866
0.197443
0.167062
0.179531
0.138327
0.142473
0.141555
0.130859
0.117567
0.113231
0.171398
0.178170
0.186778
0.222349
0.341055
0.340327
0.178518
0.208203
0.231874
0.145131
0.248869
0.242318
0.224532
0.292984
0.370360
0.258616
0.323903
0.197791
0.199627
0.156207
0.177695
0.134466
0.144941
0.176461
0.191493
0.172474
0.254502
0.384917
0.350517
0.306655
0.276401
0.409507
0.209880
0.164404
0.238615
0.285927
0.235799
0.330422
0.287699
0.238710
0.196683
0.172505
0.175259
0.188772
0.148581
0.143992
0.149150
0.136460
0.189025
0.167664
0.175132
0.220766
0.287699
0.289566
0.193677
0.292446
0.231147
0.172316
0.153011
0.191304
0.238109
0.317858
0.317700
0.332289
0.232128
0.277952
0.191145
0.177474
0.139561
0.166999
0.177316
0.152790
0.200323
0.194342
0.270547
0.309725
0.212633
0.196652
0.190133
0.155100
0.257856
0.212918
0.353461
0.478243
0.436153
0.253616
0.287129
0.272540
0.226463
0.277097
0.176999
0.165069
0.133422
0.146998
0.125004
0.128643
0.158106
0.198392
0.267888
0.419285
0.192158
0.167758
0.162537
0.283838
0.308871
0.143232
0.247729
0.208393
0.364505
0.507801
0.465901
0.187727
0.268553
0.263553
0.187664
0.168866
0.146365
0.165670
0.135384
0.140606
0.183012
0.215418
0.405551
0.370771
0.228267
0.163993
0.119181
0.135795
0.175512
0.270610
0.229406
0.269692
0.317067
0.378303
0.504605
0.285231
0.288015
0.206431
0.195386
0.167758
0.151524
0.162632
0.143580
0.301623
0.199911
0.224279
0.413368
0.355549
0.232887
0.186462
0.231779
0.139783
0.288458
0.158518
0.175955
0.237064
0.464951
0.328017
0.302067
0.276559
0.288110
0.353555
0.186746
0.149309
0.146270
0.141523
0.142188
0.138928
0.219437
0.290294
0.438621
0.282129
0.158423
0.180955
0.144340
0.162189
0.185259
0.178455
0.188835
0.206810
0.245736
0.346498
0.289946
0.357606
0.253173
0.208804
0.158328
0.161208
0.146081
0.135827
0.138074
0.140637
0.147726
0.182917
0.240324
0.444286
0.495522
0.521156
0.321118
0.476851
0.257382
0.169974
0.189436
0.183613
0.209659
0.199310
0.317985
0.191936
0.245609
0.256147
0.199500
0.168834
0.176271
0.146460
0.113263
0.137631
0.158961
0.230545
0.282825
0.348144
0.371531
0.274566
0.351973
0.321213
0.235988
0.202253
0.219596
0.227349
0.257825
0.237381
0.310041
0.284123
0.332922
0.210038
0.160258
0.168170
0.123896
0.141112
0.135131
0.220640
0.168803
0.227001
0.342226
0.146524
0.188898
0.306877
0.203772
0.165005
0.174119
0.231495
0.222127
0.304503
0.433147
0.596854
0.507136
0.429887
0.474983
0.284471
0.170259
0.173676
0.171303
0.158581
0.148486
0.181746
0.285041
0.308269
0.381215
0.207317
0.177411
0.195924
0.199437
0.298744
0.205513
0.304567
0.324915
0.356878
0.423210
0.456502
0.268933
0.270167
0.271369
0.306719
0.176809
0.176936
0.133770
0.152442
0.151144
0.158201
0.244090
0.313997
0.314314
0.343492
0.356435
0.329156
0.276591
0.156587
0.141713
0.152631
0.223361
0.327320
0.480300
0.475806
0.370708
0.390266
0.428969
0.379221
0.206146
0.181082
0.170797
0.140226
0.160575
0.172189
0.205893
0.280642
0.455869
0.290990
0.232887
0.208741
0.180734
0.177980
0.172379
0.187031
0.202475
0.298427
0.338871
0.385234
0.346150
0.342353
0.464318
0.258331
0.283174
0.188297
0.160638
0.140226
0.164087
0.202633
0.191588
0.303332
0.356056
0.252318
0.251116
0.189215
0.165860
0.168581
0.139783
0.229469
0.165195
0.192601
0.229374
0.189310
0.217760
0.198835
0.182601
0.226083
0.171113
0.154309
0.147536
0.142093
0.131650
0.158644
0.160891
0.181968
0.231083
0.265673
0.461977
0.355296
0.309314
0.196272
0.324093
0.365296
0.266211
0.302003
0.350897
0.264344
0.522200
0.457514
0.274344
0.364980
0.275990
0.218583
0.185481
0.177284
0.169562
0.163170
0.188867
0.206367
0.201652
0.435488
0.368524
0.526915
0.491028
0.403968
0.375676
0.407386
0.196367
0.283680
0.289060
0.314788
0.435805
0.503750
0.576094
0.379379
0.192728
0.166682
0.156271
0.150195
0.151587
0.155226
0.190133
0.208646
0.216557
0.264186
0.325675
0.207602
0.301813
0.251464
0.266844
0.308364
0.392038
0.341561
0.324947
0.469414
0.406753
0.363208
0.384474
0.296275
0.208899
0.158328
0.185417
0.180132
0.154783
0.278521
0.224975
0.291243
0.320516
0.241020
0.209880
0.210355
0.186746
0.173613
0.178297
0.205006
0.300421
0.335897
0.380012
0.305105
0.377607
0.267382
0.209975
0.256084
0.256527
0.167442
0.156492
0.136935
0.158075
0.133454
0.180385
0.182063
0.339093
0.290167
0.291781
0.299440
0.234786
0.273521
0.223678
0.184151
0.242444
0.297193
0.247160
0.348714
0.444128
0.380708
0.300832
0.290959
0.220323
0.205450
0.149340
0.152252
0.159499
0.195449
0.214184
0.278965
0.301592
0.322763
0.243077
0.161334
0.203298
0.329821
0.389316
0.268015
0.247128
0.287762
0.342891
0.398589
0.441343
0.289693
0.309947
0.301972
0.177727
0.154688
0.167505
0.160986
0.151904
0.188455
0.193297
0.236970
0.320042
0.228931
0.174246
0.210070
0.178550
0.175480
0.156366
0.177695
0.169879
0.221020
0.264787
0.284218
0.324282
0.382860
0.273110
0.216019
0.246970
0.170638
0.138422
0.151555
0.122029
0.147726
0.135764
0.170860
0.259470
0.494731
0.400772
0.425773
0.307605
0.335833
0.453780
0.275357
0.381689
0.445331
0.425298
0.328080
0.272888
0.302446
0.241084
0.257635
0.186746
0.172917
0.147821
0.165195
0.139625
0.145068
0.149309
0.217602
0.304187
0.198108
0.196335
0.342258
0.597424
0.370929
0.403937
0.502358
0.422767
0.341815
0.311149
0.329916
0.567803
0.265926
0.297509
0.286623
0.155796
0.152695
0.137947
0.147631
0.136935
0.185639
0.169183
0.217064
0.305073
0.291686
0.188614
0.159815
0.214595
0.246115
0.275420
0.198582
0.276464
0.305832
0.351435
0.311276
0.320105
0.402449
0.274028
0.265863
0.164847
0.159878
0.142599
0.151714
0.153391
0.145543
0.162948
0.189341
0.312225
0.193614
0.335770
0.449761
0.439666
0.369410
0.329757
0.240641
0.307193
0.426469
0.505079
0.287098
0.291275
0.243552
0.365106
0.399127
0.194848
0.289408
0.308712
0.174151
0.144245
0.198867
0.173297
0.250040
0.443084
0.462167
0.432134
0.369853
0.267540
0.176430
0.302889
0.334789
0.364284
0.475110
0.412766
0.304218
0.292889
0.451818
0.277794
0.301085
0.152410
0.183613
0.142948
0.134783
0.137030
0.111744
0.161587
0.271686
0.284724
0.307541
0.192506
0.185038
0.219121
0.287984
0.289788
0.239881
0.447419
0.472135
0.222918
0.224184
0.235261
0.201335
0.286655
0.380139
0.212950
0.163898
0.148992
0.181240
0.174942
0.169974
0.167917
0.202791
0.374442
0.341625
0.351119
0.330295
0.512674
0.460521
0.757935
0.572423
0.275926
0.391753
0.262603
0.270863
0.262730
0.227539
0.233267
0.211019
0.165132
0.161999
0.143296
0.143865
0.149625
0.157094
0.158708
0.269565
0.215545
0.318143
0.273110
0.213076
0.251590
0.189057
0.182727
0.172189
0.168075
0.234121
0.268838
0.236590
0.451502
0.422387
0.308839
0.208139
0.176335
0.136112
0.144467
0.121206
0.168202
0.169626
0.179626
0.196557
0.228836
0.328776
0.286528
0.351404
0.150669
0.176999
0.194848
0.317257
0.223330
0.240356
0.273806
0.255198
0.298206
0.344156
0.324725
0.352954
0.252824
0.214184
0.204342
0.171714
0.174468
0.191398
0.188962
0.211241
0.240476
0.221494
0.258448
0.216988
0.294744
0.249337
0.199984
0.210921
0.255999
0.313580
0.342413
0.313915
0.262610
0.317877
0.268768
0.223520
0.215959
0.200592
0.192816
0.180215
0.178196
0.192364
0.219159
0.288601
0.276968
0.182715
0.208462
0.339251
0.476483
0.577727
0.465407
0.326593
0.343745
0.227792
0.287161
0.260515
0.258837
0.253173
0.310485
0.338343
0.313048
0.235773
0.254122
0.231817
0.260122
0.264951
0.259736
0.317520
0.289190
0.302449
0.440875
0.547422
0.460594
0.365322
0.357451
0.322301
0.448448
0.397595
0.519494
0.496626
0.421121
0.513937
0.481015
0.382094
0.271844
0.203551
0.221589
0.203646
0.207886
0.228267
0.227729
0.255799
0.268964
0.271528
0.264439
0.389190
0.646603
0.561537
0.442514
0.438495
0.395519
0.421279
0.416057
0.356435
0.454033
0.408431
0.348271
0.322479
0.266116
0.215355
0.353619
0.218108
0.186208
0.325865
0.290705
0.294693
0.254438
0.439919
0.360454
0.363967
0.312383
0.437071
0.404063
0.474888
0.361230
0.410638
0.460363
0.516124
0.416785
0.310611
0.415836
0.332700
0.259565
0.261211
0.210038
0.235672
0.218266
0.263806
0.218108
0.284693
0.332036
0.322415
0.477104
0.469920
0.436090
0.396310
0.431564
0.385424
0.578120
0.382164
0.491313
0.398177
0.446755
0.394158
0.373271
0.327922
0.189816
0.194943
0.203709
0.219880
0.191905
0.182980
0.239976
0.223235
0.218804
0.297763
0.477230
0.352321
0.512485
0.359473
0.353777
0.451027
0.339156
0.375835
0.378177
0.551093
0.531093
0.401563
0.362511
0.346245
0.284566
