0.141039
0.091609
0.155138
0.158501
0.183709
0.180874
0.208153
0.173418
0.179207
0.111796
0.080173
0.153697
0.106778
0.177321
0.539961
0.371882
0.284414
0.270008
0.144761
0.393236
0.231045
0.193921
0.362964
0.218618
0.181356
0.257183
0.334676
0.237214
0.176076
0.130919
0.326469
0.130069
0.129884
0.137496
0.166126
0.148888
0.141030
0.135295
0.121724
0.118651
0.115732
0.179404
0.195197
0.182753
0.173259
0.173012
0.163979
0.150895
0.186316
0.104510
0.115347
0.152901
0.118431
0.202078
0.218390
0.164428
0.294053
0.245483
0.283443
0.367914
0.157967
0.159175
0.148863
0.155710
0.188022
0.139966
0.262901
0.267820
0.222559
0.239148
0.256794
0.156230
0.191560
0.204101
0.203689
0.258450
0.299925
0.225368
0.346577
0.258324
0.245547
0.312758
0.187580
0.142458
0.188191
0.285579
0.199614
0.266572
0.174788
0.419405
0.454048
0.464449
0.549178
0.358029
0.217413
0.160413
0.134238
0.167832
0.186821
0.240647
0.204814
0.166195
0.201892
0.241755
0.349631
0.258890
0.314974
0.525511
0.260209
0.340865
0.411660
0.267442
0.508747
0.605544
0.496514
0.586611
0.454648
0.507179
0.247374
0.270189
0.280495
0.252897
0.282889
0.228163
0.204432
0.189486
0.243204
0.280820
0.274081
0.162845
0.157681
0.224921
0.185968
0.256203
0.311440
0.167844
0.264233
0.228903
0.201398
0.202708
0.274172
0.188522
0.159079
0.197253
0.177836
0.139882
0.265013
0.174187
0.159952
0.194061
0.232126
0.279998
0.229170
0.203257
0.273681
0.175722
0.217498
0.133742
0.424208
0.224146
0.272647
0.357879
0.184305
0.281105
0.341881
0.250209
0.313868
0.342941
0.373238
0.303850
0.230850
0.241460
0.260585
0.270369
0.314151
0.228157
0.213781
0.221020
0.299343
0.238550
0.283392
0.340856
0.378626
0.323597
0.618460
0.309407
0.237344
0.291780
0.368497
0.559566
0.217137
0.192612
0.150527
0.138840
0.151628
0.162502
0.124426
0.151774
0.197421
0.278083
0.169395
0.221528
0.239012
0.235856
0.189412
0.179790
0.195893
0.187137
0.311151
0.264853
0.253984
0.176827
0.277322
0.142469
0.262485
0.213911
0.212244
0.140206
0.142043
0.147683
0.128379
0.133648
0.176382
0.122111
0.185594
0.138489
0.153348
0.353017
0.244339
0.132121
0.154572
0.250434
0.226400
0.393515
0.296695
0.255384
0.222688
0.324985
0.324983
0.277069
0.324585
0.270794
0.132886
0.159015
0.163492
0.281667
0.231684
0.198300
0.183057
0.229538
0.227855
0.217557
0.218051
0.244175
0.277047
0.244441
0.217661
0.184431
0.355081
0.446910
0.190612
0.377201
0.243203
0.267683
0.253338
0.201791
0.265350
0.166977
0.198813
0.257687
0.170994
0.246734
0.162382
0.174346
0.161784
0.229691
0.172690
0.130512
0.165064
0.181651
0.213363
0.236168
0.303504
0.177025
0.213299
0.198280
0.273011
0.219417
0.317013
0.305719
0.317308
0.241713
0.184336
0.227657
0.175942
0.181420
0.210626
0.243988
0.182254
0.230397
0.275231
0.234755
0.246158
0.335864
0.276866
0.190505
0.400241
0.558375
0.300657
0.313927
0.214991
0.197937
0.154917
0.214767
0.153902
0.172532
0.245660
0.201086
0.199104
0.238817
0.199461
0.262725
0.166046
0.181346
0.199592
0.159917
0.254346
0.155386
0.191865
0.351410
0.326018
0.178763
0.317997
0.221494
0.252103
0.220335
0.241586
0.318549
0.210034
0.188072
0.137076
0.186359
0.224549
0.188674
0.170061
0.153728
0.201736
0.157450
0.145872
0.180617
0.158823
0.198196
0.332204
0.317195
0.396464
0.166961
0.168552
0.182054
0.191835
0.224055
0.176990
0.132034
0.167636
0.163792
0.091957
0.137543
0.146697
0.146097
0.113621
0.181827
0.164143
0.232334
0.168344
0.382375
0.417445
0.458515
0.380234
0.527583
0.358992
0.548886
0.383981
0.203304
0.207539
0.151071
0.116734
0.180316
0.127584
0.167938
0.167574
0.132773
0.162638
0.218021
0.104564
0.135901
0.139006
0.130116
0.139734
0.132115
0.188366
0.155613
0.168098
0.134861
0.224060
0.460405
0.303735
0.171172
0.168173
0.174650
0.218366
0.192438
0.104154
0.211302
0.137618
0.139879
0.160297
0.172174
0.101610
0.114578
0.113076
0.206226
0.154645
0.150073
0.123738
0.149552
0.139513
0.152476
0.230943
0.238506
0.235820
0.219069
0.140321
0.142260
0.215132
0.106137
0.096434
0.122354
0.171388
0.137459
0.109318
0.227981
0.171599
0.176757
0.144079
0.113353
0.251648
0.132412
0.220124
0.149551
0.171918
0.297377
0.280129
0.161050
0.315601
0.319133
0.205042
0.119001
0.184790
0.158902
0.153304
0.172867
0.127966
0.146676
0.108886
0.208602
0.162013
0.087932
0.161648
0.159982
0.148104
0.126507
0.095675
0.089086
0.096274
0.176070
0.189625
0.151297
0.275482
0.222986
0.160054
0.123247
0.155342
0.206788
0.290768
0.144346
0.142544
0.141418
0.206996
0.274607
0.215294
0.162155
0.212556
0.149882
0.206676
0.152872
0.170975
0.275254
0.206341
0.436235
0.206021
0.258099
0.230700
0.154000
0.101747
0.143777
0.099862
0.152353
0.139787
0.163567
0.145567
0.149188
0.146577
0.108788
0.159981
0.177124
0.160407
0.361231
0.107713
0.165031
0.178069
0.136110
0.119967
0.143390
0.406916
0.150749
0.117535
0.182892
0.251293
0.205998
0.106656
0.147029
0.222973
0.110794
0.130091
0.185284
0.187542
0.175985
0.313226
0.149681
0.134054
0.126802
0.181473
0.161769
0.342099
0.298386
0.117256
0.186553
0.440170
0.166132
0.159926
0.306355
0.249726
0.147192
0.101590
0.119015
0.126225
0.131259
0.106476
0.144923
0.361162
0.347045
0.143065
0.174383
0.160429
0.134037
0.159802
0.216002
0.237345
0.130030
0.353408
0.227576
0.235369
0.309041
0.211801
0.165094
0.122432
0.145711
0.137526
0.126408
0.141369
0.153016
0.151081
0.113747
0.124064
0.254545
0.274674
0.167126
0.166667
0.221814
0.157465
0.214819
0.141807
0.156034
0.159353
0.169875
0.175899
0.262602
0.171298
0.194044
0.125211
0.172749
0.122965
0.186804
0.219909
0.177984
0.125110
0.140753
0.240760
0.185865
0.179423
0.199404
0.185245
0.286522
0.268376
0.120044
0.149118
0.099290
0.148803
0.129240
0.159167
0.298694
0.146206
0.292380
0.268580
0.203430
0.177677
0.119991
0.191417
0.161118
0.195342
0.193776
0.197169
0.253632
0.163914
0.144641
0.156969
0.122703
0.128743
0.125959
0.149288
0.190927
0.204873
0.212074
0.141686
0.178427
0.215838
0.168634
0.152955
0.121573
0.099719
0.167804
0.171993
0.095263
0.224033
0.130403
0.175342
0.201819
0.153929
0.288113
0.127066
0.131996
0.219508
0.150929
0.121431
0.129282
0.100584
0.183998
0.219357
0.372779
0.257788
0.185104
0.161268
0.135399
0.091592
0.123093
0.123083
0.092823
0.143454
0.136262
0.141727
0.234222
0.202713
0.095708
0.095426
0.126762
0.090293
0.166744
0.135636
0.149308
0.150277
0.163402
0.115760
0.216942
0.181782
0.120988
0.103856
0.255205
0.216696
0.176157
0.179646
0.157020
0.153941
0.209063
0.321047
0.233107
0.102501
0.103992
0.103938
0.091275
0.132165
0.108066
0.133322
0.128053
0.104286
0.215233
0.162934
0.414071
0.339386
0.163648
0.124902
0.140473
0.117043
0.149178
0.090156
0.155967
0.124850
0.100036
0.116353
0.192625
0.152242
0.174811
0.336407
0.169257
0.171032
0.112909
0.230965
0.171087
0.158648
0.160948
0.142989
0.147675
0.227600
0.164669
0.125119
0.142445
0.089133
0.122787
0.080620
0.132497
0.125646
0.125401
0.231157
0.185733
0.181952
0.167351
0.156210
0.158469
0.159469
0.218153
0.103630
0.135570
0.268805
0.167250
0.213159
0.259080
0.204827
0.155498
0.171875
0.180523
0.139754
0.150442
0.193347
0.122523
0.145524
0.120640
0.213674
0.243107
0.237524
0.191718
0.160150
0.227812
0.130923
0.125741
0.100125
0.141398
0.207081
0.244856
0.286077
0.207713
0.158458
0.181943
0.190082
0.189505
0.114515
0.131032
0.195749
0.195658
0.180504
0.192028
0.231307
0.239568
0.356849
0.496728
0.279216
0.219878
0.166215
0.164505
0.124896
0.160676
0.136296
0.378081
0.631102
0.358856
0.328000
0.325439
0.277502
0.293950
0.216543
0.201512
0.182915
0.196996
0.300485
0.257992
0.372992
0.235502
0.293999
0.446937
0.211524
0.129237
0.122880
0.109317
0.330914
0.419878
0.281602
0.262439
0.244202
0.266412
0.185735
0.344360
0.258464
0.222444
0.227068
0.146656
0.269016
0.231518
0.275184
0.291823
0.220187
0.282050
0.340638
0.285847
0.213853
0.253851
0.225923
0.193563
0.467866
0.438152
0.385565
0.450128
0.424331
0.368354
0.223512
0.164022
0.173062
0.211394
0.210048
0.209298
0.242514
0.196950
0.198863
0.172620
0.199036
0.169571
0.188456
0.155220
0.181072
0.116372
0.169715
0.164893
0.122390
0.097009
0.130881
0.180049
0.137862
0.192580
0.128001
0.119117
0.112758
0.157467
0.123110
0.163785
0.152520
0.110204
0.146052
0.113265
0.184615
0.263816
0.319469
0.246570
0.311669
0.266971
0.324280
0.335202
0.243141
0.204703
0.269954
0.303315
0.387069
0.200348
0.190584
0.321288
0.315717
0.202209
0.320274
0.288295
0.243970
0.317055
0.245642
0.362788
0.364919
0.265555
0.297593
0.224441
0.245379
0.296401
0.232849
0.147473
0.262758
0.235630
0.225473
0.285008
0.284145
0.360478
0.533798
0.337319
0.270768
0.177373
0.173921
0.301252
0.281550
0.298238
0.194637
0.224693
0.237916
0.405690
0.366398
0.301411
0.217727
0.282905
0.146462
0.230333
0.137697
0.160571
0.150897
0.131373
0.300519
0.211603
0.375484
0.220381
0.125936
0.150334
0.228850
0.192693
0.184651
0.134416
0.131647
0.221194
0.223201
0.128972
0.189818
0.192660
0.183981
0.193099
0.189145
0.103729
0.099742
0.136816
0.115068
0.109412
0.141238
0.105345
0.108652
0.160915
0.168362
0.146116
0.135558
0.123733
0.133353
0.084359
0.094337
0.160893
0.168095
0.159341
0.110062
0.092224
0.071477
0.089206
0.080211
0.094308
0.113643
0.105467
0.165026
0.115327
0.143838
0.124646
0.123096
0.276424
0.153380
0.142582
0.124251
0.117358
0.112948
0.130347
0.127112
0.157070
0.191565
0.116267
0.176877
0.106522
0.087514
0.130316
0.149045
0.103381
0.082169
0.118580
0.098799
0.175275
0.108671
0.181033
0.128510
0.264506
0.220073
0.129461
0.217266
0.181239
0.201694
0.220791
0.255454
0.298295
0.326065
0.216740
0.219818
0.207056
0.256055
0.242291
0.221904
0.220323
0.230146
0.322226
0.175924
0.301381
0.308844
0.190202
0.196117
0.279398
0.472328
0.188240
0.290208
0.235002
0.218211
0.237992
0.230515
0.246003
0.278200
0.248628
0.118088
0.152676
0.129554
0.077214
0.092134
0.096879
0.192874
0.145781
0.128073
0.106523
0.150224
0.221831
0.267761
0.175308
0.285799
0.219299
0.118332
0.106371
0.127286
0.157903
0.169858
0.140710
0.198285
0.186488
0.240403
0.160135
0.107337
0.106695
0.139566
0.088815
0.088666
0.101028
0.126503
0.132912
0.140637
0.110174
0.221334
0.179321
0.186792
0.176036
0.114757
0.143275
0.108193
0.096805
0.170737
0.206642
0.114461
0.186016
0.210150
0.340790
0.160213
0.437966
0.125146
0.094362
0.114496
0.100189
0.074980
0.155425
0.189718
0.347792
0.126851
0.121452
0.272025
0.134387
0.090672
0.149318
0.137202
0.149924
0.134539
0.156491
0.120008
0.195546
0.088793
0.079724
0.053351
0.065786
0.079888
0.077506
0.065805
0.071906
0.056062
0.105500
0.121079
0.164080
0.123036
0.088942
0.095921
0.137291
0.146360
0.114199
0.126890
0.137801
0.085660
0.116020
0.128071
0.156799
0.252131
0.148828
0.125913
0.078137
0.090162
0.083994
0.086321
0.152120
0.401183
0.133489
0.165149
0.208575
0.157981
0.183356
0.169881
0.295013
0.284010
0.290900
0.188987
0.106257
0.126745
0.148007
0.159188
0.113743
0.095425
0.098535
0.152135
0.096405
0.146367
0.098064
0.069969
0.147239
0.087216
0.136763
0.142122
0.095958
0.088780
0.087665
0.088165
0.090066
0.110916
0.078363
0.127279
0.112312
0.091288
0.097973
0.108340
0.101201
0.096692
0.146102
0.101355
0.161018
0.119747
0.076579
0.132914
0.096851
0.134218
0.085777
0.222858
0.115023
0.138690
0.117385
0.148189
0.090653
0.108768
0.143068
0.137688
0.141814
0.168920
0.167097
0.210727
0.186563
0.094235
0.113109
0.404551
0.153014
0.102376
0.083586
0.114029
0.137689
0.125212
0.153304
0.156840
0.193920
0.140485
0.171539
0.163952
0.126140
0.105412
0.109210
0.116656
0.135548
0.150030
0.174751
0.158452
0.162136
0.139093
0.156282
0.116888
0.113093
0.083521
0.086860
0.112235
0.124944
0.117856
0.154307
0.115841
0.125917
0.152588
0.142071
0.139750
0.089399
0.131038
0.099987
0.148799
0.149644
0.120148
0.148769
0.173323
0.204741
0.196461
0.131339
0.147129
0.152790
0.170658
0.164805
0.152563
0.142412
0.225601
0.200711
0.216860
0.133810
0.153419
0.185344
0.215176
0.181392
0.157855
0.097914
0.136844
0.169734
0.171557
0.120344
0.165246
0.223298
0.224798
0.181144
0.150189
0.181345
0.252585
0.327897
0.142600
0.212676
0.232476
0.233171
0.263515
0.275899
0.158704
0.257367
0.266855
0.162059
0.201842
0.198966
0.143400
0.135661
0.179698
0.196918
0.220390
0.198501
0.164340
0.182836
0.120697
0.090051
0.103457
0.098401
0.110940
0.202645
0.204310
0.153669
0.186757
0.335138
0.327810
0.185117
0.151074
0.316522
0.122981
0.149851
0.100778
0.143391
0.169783
0.152687
0.243926
0.110485
0.129011
0.100008
0.162959
0.165899
0.063033
0.094317
0.092689
0.072490
0.063382
0.132172
0.125963
0.239595
0.153498
0.095803
0.140583
0.138430
0.139486
0.135539
0.138837
0.170977
0.181271
0.187807
0.175277
0.124272
0.409318
0.357973
0.277981
0.403598
0.154557
0.094360
0.093621
0.114391
0.146016
0.224517
0.191233
0.230698
0.132145
0.152826
0.131780
0.154289
0.095165
0.143129
0.126268
0.112851
0.086736
0.127518
0.112875
0.189634
0.110812
0.132844
0.113980
0.107587
0.129970
0.127799
0.124998
0.063474
0.105940
0.136878
0.137865
0.172321
0.139877
0.203257
0.146732
0.160192
0.115210
0.135465
0.124986
0.088486
0.122268
0.170519
0.149803
0.295520
0.235589
0.162129
0.199525
0.173826
0.145589
0.102102
0.115823
0.338442
0.179402
0.192746
0.198417
0.218467
0.129223
0.145336
0.097575
0.188965
0.116520
0.150830
0.118548
0.167225
0.152201
0.128051
0.148240
0.171511
0.230939
0.230087
0.224964
0.218690
0.122163
0.110359
0.146012
0.093026
0.210360
0.109147
0.137596
0.199668
0.172455
0.171436
0.156303
0.192855
0.155171
0.188114
0.116909
0.131958
0.176340
0.176189
0.216499
0.157766
0.155071
0.114900
0.250138
0.279851
0.111184
0.149153
0.141042
0.136246
0.289426
0.282384
0.211402
0.209204
0.210634
0.244901
0.150310
0.177591
0.123369
0.162912
0.141079
0.122689
0.102625
0.126007
0.218541
0.177469
0.129279
0.141699
0.115260
0.096469
0.119232
0.140713
0.154171
0.145527
0.126583
0.154519
0.206925
0.120767
0.118950
0.187982
0.175952
0.163065
0.126330
0.158268
0.155079
0.105724
0.161951
0.114940
0.195254
0.127428
0.135737
0.100060
0.140247
0.094203
0.107520
0.071383
0.112421
0.121931
0.114864
0.148175
0.122795
0.145726
0.144402
0.132337
0.129225
0.107681
0.124553
0.106440
0.343358
0.161873
0.100684
0.144674
0.219359
0.108784
0.146418
0.258429
0.135613
0.108787
0.074723
0.218515
0.090382
0.102989
0.162353
0.112077
0.517797
0.282336
0.272621
0.156253
0.266709
0.153195
0.129983
0.156716
0.137651
0.166860
0.171496
0.177852
0.131952
0.203360
0.112205
0.153656
0.184685
0.146185
0.067764
0.092814
0.095354
0.088482
0.199377
0.243510
0.398406
0.120966
0.313728
0.441117
0.143754
0.172620
0.170502
0.174006
0.094906
0.107161
0.160259
0.167207
0.156892
0.176371
0.143600
0.119312
0.108662
0.103998
0.174651
0.149632
0.113556
0.107278
0.159263
0.101046
0.211731
0.178134
0.202309
0.238572
0.306208
0.117237
0.161157
0.155721
0.166935
0.122236
0.130369
0.128430
0.135312
0.174739
0.139949
0.183330
0.179300
0.143101
0.135163
0.084899
0.109920
0.167072
0.138478
0.173146
0.189115
0.134291
0.198632
0.168638
0.159592
0.132314
0.184955
0.141368
0.185428
0.110344
0.135225
0.189738
0.242104
0.264364
0.143976
0.151652
0.192520
0.175203
0.094227
0.168984
0.162748
0.130810
0.183179
0.215918
0.150557
0.192472
0.212515
0.296569
0.167715
0.116925
0.201350
0.313270
0.176162
0.115648
0.201841
0.142228
0.251486
0.221880
0.144609
0.117000
0.143330
0.153131
0.147018
0.157776
0.155930
0.159889
0.177258
0.180271
0.267761
0.182131
0.208709
0.215513
0.229389
0.195818
0.193191
0.129759
0.224218
0.161184
0.156558
0.231950
0.186573
0.169305
0.100974
0.149661
0.159045
0.157765
0.203281
0.213049
0.191142
0.153050
0.226335
0.175348
0.146388
0.264025
0.212900
0.199988
0.137139
0.121958
0.151183
0.131251
0.128694
0.172632
0.219177
0.146139
0.139972
0.194633
0.152065
0.161918
0.203241
0.325829
0.198721
0.146017
0.157631
0.195018
0.126548
0.370117
0.189562
0.186290
0.122139
0.166801
0.153563
0.184040
0.159436
0.154790
0.126899
0.179054
0.190815
0.156828
0.219467
0.211162
0.190925
0.124215
0.107390
0.127989
0.146404
0.130569
0.101808
0.180642
0.125902
0.149327
0.185774
0.164437
0.184368
0.165587
0.260199
0.230041
0.247877
0.146054
0.229065
0.225696
0.234029
0.268359
0.178741
0.292945
0.165427
0.143023
0.187301
0.121467
0.110531
0.092990
0.222819
0.170869
0.221175
0.315772
0.216608
0.207015
0.114560
0.133495
0.168464
0.190630
0.191470
0.174046
0.179745
0.155042
0.151887
0.242140
0.163960
0.168834
0.154044
0.185804
0.186694
0.173217
0.195950
0.185511
0.122767
0.146224
0.175087
0.237773
0.270364
0.192395
0.258644
0.142772
0.123250
0.106907
0.151257
0.147533
0.148032
0.098360
0.154583
0.157567
0.205158
0.099874
0.155238
0.131133
0.123015
0.094403
0.100088
0.298700
0.185070
0.088267
0.092784
0.299003
0.419148
0.195438
0.129370
0.143261
0.151573
0.141676
0.169564
0.170817
0.151354
0.097360
0.147711
0.217756
0.134420
0.171541
0.154596
0.118905
0.128881
0.106676
0.067589
0.119144
0.080391
0.091988
0.119612
0.151936
0.103486
0.194778
0.178091
0.151021
0.168363
0.187241
0.106130
0.138081
0.296362
0.157384
0.195011
0.138783
0.124258
0.116454
0.063630
0.116044
0.127175
0.070191
0.066190
0.128366
0.110853
0.107379
0.126634
0.101974
0.207756
0.163335
0.128056
0.133672
0.160616
0.137353
0.131567
0.150115
0.104748
0.114557
0.122810
0.159259
0.144301
0.154336
0.081906
0.272973
0.307184
0.093184
0.201929
0.230458
0.334224
0.368669
0.352758
0.153020
0.170541
0.157157
0.139122
0.159441
0.128565
0.096390
0.125330
0.099373
0.113622
0.252621
0.157743
0.092392
0.316379
0.174621
0.114696
0.098913
0.114133
0.101020
0.102727
0.129768
0.118685
0.093796
0.078287
0.214750
0.250289
0.153625
0.116138
0.108849
0.118435
0.130850
0.155067
0.176026
0.154056
0.175326
0.136341
0.200138
0.126144
0.153278
0.108755
0.170283
0.134235
0.209647
0.175110
0.149757
0.156385
0.169975
0.132396
0.133180
0.135754
0.215420
0.280714
0.180260
0.151923
0.182425
0.153186
0.173731
0.104962
0.185649
0.201940
0.145627
0.160405
0.125273
0.154135
0.166433
0.180898
0.165815
0.139565
0.116255
0.160529
0.165394
0.121240
0.112646
0.118966
0.177299
0.173298
0.195333
0.156344
0.143871
0.141366
0.167642
0.124341
0.101320
0.128795
0.170556
0.142272
0.147858
0.133462
0.147845
0.121978
0.098544
0.105836
0.183255
0.204797
0.125263
0.117976
0.093584
0.101172
0.150596
0.152550
0.155799
0.147603
0.121908
0.095194
0.107403
0.132010
0.088782
0.091992
0.172037
0.159823
0.153499
0.126877
0.061462
0.117627
0.093839
0.105829
0.082793
0.175784
0.416942
0.481100
0.203202
0.200774
0.361719
0.183492
0.239723
0.139016
0.163706
0.170861
0.099059
0.145089
0.150262
0.173957
0.233998
0.100141
0.112822
0.137256
0.126260
0.143113
0.108561
0.125983
0.117743
0.117936
0.183949
0.289872
0.261915
0.412646
0.399736
0.233825
0.146641
0.178320
0.215948
0.142021
0.182708
0.137987
0.251324
0.174835
0.264439
0.138763
0.174335
0.115922
0.105040
0.119852
0.148945
0.108210
0.116441
0.069971
0.076086
0.121222
0.180667
0.206232
0.147790
0.146692
0.082421
0.096435
0.152202
0.091127
0.171037
0.159347
0.115935
0.164278
0.189383
0.190973
0.124669
0.127628
0.122267
0.090661
0.073658
0.061968
0.057284
0.049415
0.085751
0.157793
0.126835
0.106967
0.304761
0.100924
0.116433
0.111288
0.091983
0.155701
0.101551
0.127952
0.092644
0.146195
0.159131
0.166513
0.218427
0.099779
0.150543
0.148125
0.159280
0.115634
0.156205
0.280864
0.195478
0.102967
0.134838
0.124362
0.159164
0.169022
0.155247
0.151306
0.092524
0.133555
0.158226
0.115230
0.138031
0.159010
0.212703
0.210652
0.122272
0.105938
0.147280
0.150023
0.089281
0.079900
0.084258
0.134157
0.194020
0.300273
0.389304
0.190204
0.261684
0.360979
0.105227
0.145670
0.135963
0.128480
0.116503
0.087765
0.146119
0.222207
0.245341
0.171811
0.141141
0.121014
0.134310
0.116190
0.103500
0.085591
0.072447
0.066883
0.090419
0.136057
0.139814
0.277975
0.179794
0.127265
0.118628
0.141854
0.130753
0.144193
0.119672
0.166667
0.146264
0.147812
0.175048
0.278250
0.134350
0.102324
0.070893
0.082884
0.096117
0.111737
0.201520
0.059870
0.067482
0.089441
0.177544
0.420306
0.376247
0.111197
0.170874
0.138031
0.175347
0.081581
0.112984
0.106630
0.081448
0.103273
0.154116
0.123707
0.122569
0.099998
0.199581
0.163740
0.211661
0.183558
0.076714
0.093408
0.132832
0.145350
0.151914
0.111131
0.099327
0.115796
0.098890
0.092505
0.060804
0.068961
0.066248
0.098174
0.082050
0.149511
0.133955
0.178501
0.123487
0.150072
0.150197
0.156134
0.141675
0.140202
0.205088
0.112958
0.151327
0.091514
0.246843
0.222557
0.277159
0.148647
0.100177
0.109950
0.140622
0.127095
0.137248
0.083900
0.103155
0.090688
0.144876
0.174244
0.176424
0.271885
0.168727
0.092628
0.082615
0.096702
0.051117
0.188882
0.129310
0.141302
0.109403
0.126900
0.143458
0.164657
0.095837
0.064117
0.065378
0.089276
0.100973
0.077386
0.115251
0.177662
0.156076
0.110780
0.105333
0.084875
0.128444
0.072449
0.138156
0.078850
0.102286
0.122689
0.119567
0.090384
0.124528
0.121816
0.125817
0.145317
0.120863
0.133219
0.116502
0.144160
0.147424
0.144918
0.141523
0.190049
0.179870
0.141602
0.094907
0.177996
0.099379
0.310227
0.163675
0.124634
0.121844
0.074069
0.096600
0.180716
0.122504
0.143388
0.121653
0.219759
0.098083
0.078821
0.133028
0.146135
0.128609
0.109917
0.090280
0.116499
0.178616
0.145561
0.106411
0.119950
0.086220
0.106744
0.071525
0.105541
0.151989
0.077310
0.098019
0.179976
0.100969
0.249291
0.093368
0.105198
0.121577
0.102845
0.119149
0.099172
0.099999
0.070300
0.111682
0.114033
0.118500
0.110523
0.135693
0.194509
0.057971
0.246138
0.076262
0.085591
0.061551
0.086499
0.067527
0.245893
0.169105
0.105168
0.084050
0.092610
0.073089
0.090330
0.094996
0.055453
0.074323
0.057819
0.078037
0.112746
0.134640
0.111031
0.086963
0.083424
0.162817
0.168501
0.054598
0.073321
0.089814
0.428476
0.406035
0.275988
0.413126
0.308477
0.291702
0.111733
0.094741
0.102670
0.089448
0.104019
0.089165
0.075076
0.085111
0.119150
0.118943
0.087429
0.085356
0.088115
0.115589
0.183062
0.109729
0.121653
0.105929
0.113705
0.128597
0.113649
0.187064
0.163821
0.272067
0.171908
0.145072
0.106728
0.156189
0.087688
0.164894
0.092808
0.098259
0.188722
0.159203
0.145277
0.180842
0.190887
0.235542
0.163378
0.300826
0.130223
0.067916
0.059893
0.141124
0.219661
0.284611
0.185985
0.133302
0.174098
0.105524
0.116361
0.083894
0.084736
0.123459
0.111248
0.111318
0.110142
0.133774
0.094014
0.162598
0.168997
0.138581
0.080540
0.098545
0.119074
0.097462
0.077066
0.082444
0.110695
0.141174
0.422297
0.202159
0.293246
0.118497
0.106662
0.080602
0.063352
0.097498
0.099369
0.063202
0.110434
0.095942
0.148268
0.130513
0.116890
0.133514
0.221190
0.148475
0.086309
0.179022
0.131348
0.086003
0.087243
0.160577
0.100108
0.236664
0.175480
0.089134
0.075303
0.125832
0.091156
0.111658
0.097882
0.082574
0.097977
0.081425
0.138342
0.118652
0.125507
0.120677
0.162254
0.212473
0.090542
0.059605
0.126198
0.077660
0.248169
0.159104
0.163527
0.407871
0.190020
0.173238
0.094069
0.124679
0.073717
0.092358
0.079244
0.071379
0.087928
0.104279
0.104608
0.136430
0.261676
0.082901
0.159309
0.225073
0.156406
0.136892
0.093901
0.096718
0.113376
0.104726
0.163151
0.145034
0.148324
0.119732
0.237938
0.134998
0.101512
0.089280
0.079460
0.107958
0.096681
0.210317
0.196408
0.136409
0.099441
0.139275
0.151472
0.139745
0.174940
0.110642
0.125874
0.146786
0.594322
0.520230
0.203063
0.274429
0.198893
0.171130
0.201122
0.166674
0.098386
0.108292
0.130948
0.121311
0.134789
0.143523
0.101199
0.272161
0.260715
0.219086
0.300019
0.158385
0.149105
0.141032
0.091426
0.149230
0.187795
0.206679
0.199353
0.132662
0.156087
0.290788
0.105812
0.161275
0.097830
0.131113
0.118274
0.156000
0.116103
0.188340
0.146870
0.136773
0.136243
0.169587
0.144922
0.115959
0.140208
0.315506
0.211937
0.135330
0.208259
0.112317
0.213385
0.236373
0.203290
0.254677
0.168175
0.096283
0.153627
0.106872
0.091869
0.139677
0.106619
0.154530
0.140614
0.152185
0.183402
0.274039
0.280410
0.177148
0.170320
0.096505
0.167834
0.211600
0.241602
0.197342
0.159599
0.379537
0.134886
0.139331
0.138425
0.168311
0.099573
0.156688
0.117276
0.131307
0.116546
0.134223
0.129764
0.155749
0.134333
0.106934
0.182191
0.084891
0.194201
0.096011
0.101183
0.197510
0.117138
0.098892
0.187114
0.271465
0.336513
0.134538
0.194814
0.147860
0.105972
0.154164
0.162427
0.112899
0.107037
0.161045
0.151979
0.073229
0.112391
0.121547
0.205524
0.096421
0.127779
0.070788
0.084281
0.113393
0.112840
0.154726
0.148920
0.333634
0.286788
0.423620
0.338222
0.260082
0.086495
0.126857
0.132773
0.104393
0.130890
0.125688
0.208619
0.385405
0.199085
0.107072
0.105977
0.094402
0.127593
0.152534
0.089377
0.143046
0.121542
0.168430
0.129538
0.115410
0.146824
0.149951
0.108210
0.091500
0.118119
0.100577
0.108786
0.099521
0.102228
0.124263
0.115598
0.109157
0.101195
0.075771
0.123273
0.157983
0.091980
0.071345
0.076079
0.175197
0.236324
0.179540
0.415394
0.300688
0.349199
0.102253
0.122941
0.095229
0.093873
0.089127
0.090713
0.116409
0.122887
0.115344
0.121012
0.141647
0.143729
0.130352
0.087468
0.131703
0.127830
0.099960
0.149068
0.286736
0.222348
0.402011
0.260148
0.194835
0.157499
0.102957
0.158095
0.167925
0.132636
0.113683
0.115702
0.067976
0.120316
0.071280
0.098754
0.087292
0.095328
0.133501
0.154017
0.115756
0.151148
0.133395
0.072718
0.079499
0.132189
0.392016
0.306877
0.375617
0.245173
0.118223
0.161897
0.262777
0.095086
0.102972
0.077198
0.169516
0.120072
0.088545
0.086875
0.103029
0.099146
0.093452
0.119288
0.194024
0.110797
0.107004
0.128556
0.141664
0.235533
0.393459
0.251611
0.400428
0.146645
0.331741
0.343602
0.342472
0.231175
0.145372
0.186379
0.187971
0.194961
0.185715
0.145554
0.279094
0.181466
0.145703
0.419474
0.203722
0.194109
0.134247
0.264842
0.135686
0.231734
0.247339
0.175382
0.238359
0.163244
0.185209
0.142736
0.112751
0.155654
0.166755
0.182761
0.158099
0.165247
0.156460
0.234568
0.360028
0.158643
0.128702
0.166930
0.257161
0.147095
0.160122
0.197812
0.189801
0.407119
0.260774
0.205415
0.268294
0.312490
0.156523
0.121275
0.094582
0.125811
0.105254
0.178303
0.137683
0.135808
0.166477
0.182593
0.153854
0.239717
0.154467
0.251970
0.323068
0.219744
0.356356
0.259418
0.132540
0.108068
0.225155
0.356828
0.384242
0.133565
0.183655
0.195330
0.102042
0.131297
0.108505
0.128484
0.121077
0.154057
0.159939
0.091946
0.094016
0.134411
0.177764
0.302655
0.147022
0.165592
0.275680
0.533658
0.262830
0.172744
0.168258
0.165606
0.347062
0.158573
0.172023
0.159796
0.152639
0.137430
0.123262
0.129435
0.097979
0.189604
0.202124
0.182386
0.157621
0.202522
0.136016
0.240571
0.220237
0.191253
0.136324
0.331536
0.233700
0.234736
0.196054
0.179647
0.389548
0.315115
0.265458
0.238980
0.155337
0.160932
0.230507
0.198153
0.137417
0.225837
0.318272
0.239979
0.177820
0.188412
0.131595
0.188416
0.212326
0.140852
0.093098
0.143155
0.160436
0.135364
0.116651
0.154456
0.160463
0.154834
0.231504
0.215951
0.136045
0.111271
0.133931
0.153031
0.128691
0.149456
0.156777
0.206603
0.164746
0.146230
0.166449
0.088264
0.121329
0.160690
0.232337
0.154355
0.103974
0.172867
0.289142
0.208000
0.138514
0.217794
0.245469
0.195950
0.161801
0.228645
0.213812
0.177021
0.243941
0.185024
0.124544
0.161867
0.312902
0.193452
0.282037
0.453218
0.257237
0.192747
0.264728
0.225458
0.132575
0.113355
0.156645
0.226700
0.258276
0.181309
0.141775
0.148932
0.159921
0.195487
0.245164
0.260109
0.164288
0.147534
0.158407
0.242265
0.193219
0.176028
0.129234
0.172301
0.227048
0.137565
0.181268
0.121606
0.248027
0.226238
0.251369
0.287294
0.239477
0.241912
0.345307
0.196489
0.107527
0.238756
0.186879
0.318162
0.180946
0.134649
0.138286
0.122691
0.148795
0.177921
0.088324
0.130200
0.222972
0.131827
0.178077
0.167730
0.172278
0.260475
0.132650
0.152320
0.186560
0.155583
0.135690
0.126492
0.222126
0.141017
0.134110
0.083198
0.111157
0.098029
0.135091
0.202407
0.110889
0.119266
0.065005
0.119110
0.103229
0.125148
0.075109
0.067753
0.102702
0.117401
0.322017
0.236540
0.371305
0.292811
0.291519
0.089424
0.165827
0.233477
0.086800
0.105609
0.078910
0.141702
0.096529
0.070465
0.091043
0.105547
0.169486
0.130560
0.108336
0.065059
0.066913
0.097922
0.199583
0.109144
0.252530
0.215017
0.219341
0.268053
0.211365
0.203894
0.246047
0.114133
0.143279
0.175435
0.086384
0.069505
0.090111
0.172137
0.110946
0.096332
0.124957
0.091269
0.183310
0.219637
0.126196
0.280240
0.093440
0.165938
0.168179
0.138548
0.249117
0.269631
0.145996
0.070411
0.279923
0.191743
0.124053
0.075664
0.113432
0.138679
0.139050
0.133800
0.110257
0.103215
0.105791
0.150660
0.208582
0.257046
0.263892
0.128709
0.227552
0.140579
0.178368
0.208770
0.279502
0.243070
0.169150
0.201761
0.130731
0.286023
0.250898
0.229482
0.201919
0.142112
0.129164
0.142676
0.131415
0.177839
0.141810
0.147624
0.213126
0.117174
0.157284
0.153678
0.170332
0.111837
0.198006
0.266974
0.350635
0.289842
0.157678
0.199951
0.198088
0.139047
0.139860
0.099169
0.129594
0.144803
0.102206
0.139206
0.130884
0.142006
0.142815
0.100038
0.195643
0.159168
0.079078
0.094728
0.079639
0.253421
0.194052
0.124336
0.104777
0.110374
0.356986
0.137764
0.128444
0.290670
0.174055
0.115678
0.096214
0.156301
0.114700
0.111434
0.119026
0.169865
0.134061
0.108183
0.198325
0.208860
0.229544
0.184988
0.142721
0.296054
0.305790
0.646319
0.418343
0.596475
0.241535
0.214293
0.150042
0.238224
0.203067
0.175871
0.143483
0.136139
0.128652
0.154205
0.115303
0.106233
0.121169
0.217591
0.163974
0.146862
0.212246
0.176795
0.297196
0.194041
0.238502
0.134971
0.184574
0.207670
0.229157
0.223971
0.102313
0.123157
0.127810
0.105207
0.104726
0.105863
0.115066
0.126062
0.145977
0.180722
0.146498
0.170218
0.243659
0.083175
0.116878
0.115604
0.337402
0.263151
0.261301
0.143263
0.168921
0.292645
0.197084
0.154060
0.078188
0.117738
0.122747
0.081522
0.095756
0.106729
0.127679
0.138352
0.109951
0.083792
0.095629
0.098785
0.258928
0.328325
0.358623
0.203857
0.227374
0.149525
0.194043
0.196288
0.155156
0.264761
0.125870
0.177791
0.248127
0.267895
0.296352
0.137170
0.109514
0.120872
0.152878
0.170268
0.147856
0.172309
0.145751
0.134125
0.142743
0.127830
0.092126
0.151157
0.234277
0.088671
0.246254
0.397379
0.175499
0.132788
0.152757
0.162057
0.230469
0.249904
0.127074
0.108129
0.103461
0.084342
0.153041
0.150448
0.107551
0.092787
0.101413
0.123697
0.115165
0.198214
0.183443
0.097344
0.113692
0.136343
0.135006
0.230744
0.393015
0.272963
0.104346
0.127931
0.121213
0.233327
0.190887
0.192046
0.097303
0.105462
0.193833
0.436385
0.136503
0.088080
0.179374
0.122596
0.097256
0.225898
0.126861
0.288087
0.132169
0.187048
0.232581
0.172296
0.214243
0.244473
0.112806
0.137668
0.160893
0.185510
0.290648
0.111407
0.124428
0.176201
0.175304
0.118235
0.120519
0.127884
0.075656
0.143449
0.238020
0.176092
0.163873
0.130167
0.140640
0.361529
0.457742
0.392045
0.315829
0.214815
0.141004
0.348659
0.185197
0.270550
0.226398
0.212241
0.368447
0.161331
0.175683
0.099180
0.100786
0.081846
0.216517
0.213826
0.374790
0.477699
0.179484
0.389031
0.275453
0.330454
0.280513
0.236540
0.448971
0.327471
0.171580
0.159159
0.172895
0.160261
0.161959
0.083939
0.128695
0.171095
0.097222
0.148188
0.086461
0.120712
0.107724
0.081644
0.098950
0.097189
0.089682
0.098006
0.103113
0.143189
0.118425
0.133045
0.116254
0.155127
0.188524
0.156728
0.099966
0.132615
0.122199
0.147706
0.172293
0.153834
0.173423
0.151052
0.196677
0.122949
0.359925
0.250198
0.131598
0.070262
0.114653
0.091988
0.145985
0.086072
0.201466
0.192270
0.195385
0.181284
0.127234
0.105568
0.133579
0.097475
0.120439
0.119702
0.144514
0.133293
0.137987
0.188617
0.165499
0.116588
0.102290
0.446526
0.247097
0.214699
0.132002
0.073325
0.078560
0.142014
0.153157
0.191277
0.165121
0.117643
0.087766
0.122170
0.083915
0.111394
0.065858
0.087475
0.057674
0.106363
0.083502
0.141927
0.052803
0.048663
0.078088
0.068564
0.074838
0.080564
0.092730
0.070384
0.078651
0.063927
0.047369
0.066699
0.085970
0.115692
0.095791
0.058120
0.067276
0.055998
0.055016
0.065919
0.066537
0.099661
0.080580
0.137015
0.119404
0.129718
0.080716
0.083391
0.097758
0.085736
0.108686
0.102761
0.117236
0.131989
0.097013
0.110694
0.086741
0.056510
0.063401
0.059209
0.070222
0.067574
0.053964
0.052936
0.076316
0.080496
0.059947
0.054969
0.091582
0.064708
0.058835
0.056297
0.116195
0.132183
0.088115
0.061537
0.271174
0.124535
0.103885
0.189148
0.156243
0.085440
0.084348
0.062991
0.064247
0.051262
0.115542
0.129318
0.110657
0.134690
0.074288
0.156277
0.132216
0.144322
0.125047
0.165002
0.106910
0.084622
0.147281
0.107534
0.110749
0.082712
0.281576
0.168094
0.187113
0.123909
0.140307
0.146357
0.089640
0.110797
0.104544
0.126071
0.125069
0.108460
0.130964
0.098102
0.256823
0.187403
0.155026
0.065594
0.111326
0.105336
0.082719
0.050942
0.088953
0.074466
0.063986
0.078223
0.080280
0.087743
0.097674
0.066838
0.055741
0.082767
0.064604
0.081171
0.074245
0.088532
0.071029
0.117432
0.067158
0.070213
0.067247
0.052569
0.072964
0.051318
0.068719
0.063446
0.086977
0.080349
0.199222
0.107376
0.343945
0.370280
0.263315
0.078464
0.061025
0.066113
0.088371
0.051551
0.067111
0.077978
0.050557
0.049509
0.090122
0.082718
0.069747
0.079951
0.066105
0.045279
0.049145
0.059965
0.058453
0.077834
0.048411
0.064612
0.073370
0.077603
0.077117
0.080107
0.078116
0.106894
0.054963
0.067889
0.076193
0.094790
0.075926
0.088826
0.070781
0.079443
0.067689
0.107027
0.107790
0.107748
0.113826
0.061082
0.079651
0.120112
0.202018
0.171241
0.126230
0.124275
0.118844
0.082981
0.072367
0.077470
0.087811
0.080987
0.084286
0.069670
0.088938
0.114124
0.059679
0.102081
0.160913
0.164473
0.152877
0.196298
0.229961
0.215456
0.157050
0.208624
0.189206
0.277073
0.323472
0.272800
0.194809
0.188943
0.141832
0.120982
0.085315
0.127773
0.088574
0.114725
0.122593
0.104782
0.152914
0.204481
0.220519
0.121177
0.201887
0.195851
0.149869
0.264124
0.306401
0.263119
0.343218
0.321508
0.304321
0.183005
0.190374
0.170879
0.091845
0.091142
0.097887
0.126085
0.104646
0.147827
0.119555
0.115028
0.130755
0.164936
0.167655
0.417344
0.171535
0.179604
0.518241
0.270677
0.364218
0.291867
0.344141
0.468073
0.309338
0.238736
0.179629
0.175058
0.122464
0.123237
0.137751
0.122436
0.139956
0.115351
0.114383
0.138324
0.111463
0.269941
0.386559
0.341473
0.117128
0.128922
0.286040
0.347793
0.245260
0.541388
0.341224
0.298219
0.178309
0.534134
0.223432
0.123458
0.092041
0.107814
0.090100
0.066432
0.061498
0.076003
0.052697
0.104077
0.056165
0.149620
0.313216
0.323418
0.330562
0.223883
0.359412
0.334971
0.398925
0.266332
0.252202
0.215241
0.218853
0.204251
0.202046
0.219063
0.121853
0.141945
0.119848
0.134670
0.082824
0.124020
0.082876
0.103624
0.159822
0.108004
0.244355
0.325649
0.221182
0.272782
0.242055
0.420302
0.389564
0.341913
0.279464
0.233104
0.281477
0.338392
0.173636
0.184680
0.086354
0.120314
0.126199
0.200319
0.100381
0.129284
0.086670
0.170569
0.109195
0.167886
0.318848
0.252748
0.176054
0.384745
0.354649
0.398684
0.325785
0.285608
0.248337
0.163734
0.260400
0.183469
0.084645
0.152598
0.071643
0.058931
0.051948
0.068984
0.065581
0.069509
0.060006
0.107213
0.053408
0.166936
0.149713
0.316198
0.242514
0.399374
0.367243
0.308779
0.483990
0.385554
0.344536
0.596174
0.345372
0.261126
0.203105
0.248748
0.276102
0.132811
0.163237
0.096282
0.287534
0.087424
0.111796
0.181945
0.292120
0.312966
0.443894
0.279927
0.561050
0.732729
0.484686
0.647116
0.755250
0.743698
0.532218
0.527754
0.612303
0.404790
0.480752
0.303496
0.211229
0.314201
0.151589
0.281244
0.221741
0.288475
0.329651
0.241679
0.133615
0.222050
0.592143
0.284828
0.696952
0.625324
0.537130
0.809223
0.584568
0.897151
0.428679
0.532446
0.342250
0.481546
0.304316
0.289028
0.202794
0.287625
0.157290
0.196878
0.104411
0.236356
0.222027
0.207133
0.204889
0.305151
0.545985
0.760900
0.502768
0.224683
0.194240
0.210756
0.101740
0.189924
0.168732
0.147429
0.131322
0.174866
0.108179
0.127992
0.110502
0.099814
0.057665
0.058714
0.090427
0.062448
0.092838
0.095065
0.150063
0.202520
0.208162
0.335505
0.319509
0.351762
0.245563
0.378968
0.317474
0.417425
0.325720
0.319511
0.398054
0.322799
0.300681
0.270322
0.207507
0.160694
0.153391
0.118993
0.151693
0.128200
0.132574
0.179880
0.093338
0.205104
0.155125
0.137962
0.104217
0.138950
0.204091
0.180892
0.258060
0.302383
0.247556
0.299485
0.316190
0.252524
0.124956
0.098309
0.092830
0.074473
0.063133
0.063566
0.081806
0.072460
0.125230
0.112365
0.116644
0.483522
0.494775
0.362192
0.240084
0.317705
0.172763
0.312476
0.487863
0.531576
0.398489
0.350828
0.255744
0.306112
0.189875
0.161963
0.209147
0.181000
0.105979
0.140315
0.155662
0.116976
0.165044
0.102358
0.185393
0.196969
0.275311
0.507883
0.285894
0.337073
0.349224
0.369225
0.303519
0.272029
0.222693
0.178650
0.217255
0.218869
0.138937
0.143119
0.167756
0.160616
0.138289
0.070566
0.059747
0.069014
0.076837
0.115737
0.104976
0.081899
0.116554
0.136568
0.162854
0.151054
0.100983
0.185899
0.157603
0.153300
0.112226
0.124909
0.089853
0.135949
0.098812
0.090121
0.105604
0.092248
0.089334
0.131328
0.096332
0.095696
0.164885
0.096108
0.152586
0.107376
0.202509
0.153861
0.191020
0.197538
0.164702
0.165745
0.172390
0.308012
0.231362
0.184153
0.190836
0.163330
0.108775
0.081048
0.101290
0.124917
0.104115
0.140638
0.134275
0.153250
0.092255
0.134392
0.135956
0.129676
0.168410
0.149695
0.103314
0.135766
0.151539
0.152588
0.122833
0.187366
0.131029
0.149038
0.154154
0.159374
0.111724
0.101626
0.075183
0.055075
0.078632
0.067266
0.063285
0.053958
0.084329
0.064866
0.056953
0.103673
0.204151
0.242771
0.267084
0.218488
0.148428
0.254660
0.254743
0.252654
0.265060
0.221504
0.144633
0.136643
0.095884
0.117528
0.100268
0.136969
0.097682
0.087494
0.110448
0.140979
0.100541
0.072499
0.089773
0.095213
0.087265
0.123762
0.094265
0.126876
0.175742
0.218363
0.173334
0.145560
0.329552
0.307601
0.320644
0.369137
0.134133
0.081240
0.134603
0.104601
0.110275
0.078691
0.106913
0.113704
0.134697
0.099136
0.080610
0.159314
0.108050
0.117884
0.187463
0.205577
0.230774
0.498501
0.159085
0.135622
0.230451
0.149228
0.110875
0.341236
0.263403
0.209431
0.075523
0.072236
0.050064
0.065130
0.064572
0.079519
0.081006
0.222609
0.177607
0.339778
0.217404
0.167949
0.096016
0.098191
0.087782
0.136650
0.166084
0.075670
0.122468
0.087431
0.090517
0.127163
0.092832
0.093302
0.104590
0.084294
0.107400
0.086667
0.045393
0.059792
0.075308
0.253726
0.223476
0.040913
0.033216
0.038143
0.062449
0.063151
0.084437
0.129750
0.059913
0.096283
0.281849
0.169909
0.070388
0.063649
0.049857
0.052923
0.058651
0.068094
0.058652
0.043096
0.048502
0.073322
0.105882
0.061969
0.043548
0.061019
0.059648
0.063428
0.089999
0.092974
0.090977
0.120011
0.126768
0.095972
0.142756
0.102984
0.118115
0.098107
0.087612
0.061209
0.076037
0.082902
0.056434
0.086408
0.084537
0.066883
0.090088
0.071355
0.086960
0.118849
0.083290
0.083370
0.103832
0.090883
0.121290
0.054962
0.088986
0.077946
0.155811
0.098443
0.085183
0.079588
0.084316
0.088523
0.076232
0.076312
0.066848
0.069989
0.075742
0.055128
0.072849
0.063187
0.064880
0.081621
0.212792
0.201287
0.107606
0.072852
0.074990
0.064720
0.127481
0.123611
0.180999
0.165083
0.130517
0.127350
0.145837
0.069345
0.078932
0.079886
0.065169
0.096447
0.083731
0.090697
0.092275
0.073487
0.101234
0.109380
0.198163
0.227245
0.167125
0.241250
0.124193
0.173214
0.160802
0.158557
0.119113
0.171508
0.171786
0.145299
0.103908
0.144221
0.129199
0.098882
0.100767
0.073559
0.071526
0.071539
0.094965
0.081112
0.084596
0.096994
0.109684
0.338961
0.371583
0.380649
0.143827
0.177518
0.230794
0.230787
0.201226
0.117609
0.096649
0.105604
0.238773
0.088724
0.079921
0.091136
0.063865
0.059177
0.091976
0.063519
0.062273
0.085399
0.126234
0.113949
0.237419
0.205148
0.199007
0.145439
0.205634
0.159078
0.216180
0.181884
0.146241
0.144370
0.126799
0.213901
0.096745
0.125124
0.080685
0.115784
0.085212
0.073963
0.078641
0.127932
0.079635
0.119543
0.167009
0.173079
0.359948
0.338494
0.159397
0.140426
0.218357
0.188298
0.140032
0.207953
0.225682
0.245257
0.128116
0.127707
0.130409
0.131555
0.090348
0.130473
0.082787
0.083345
0.082167
0.098945
0.080221
0.076429
0.106119
0.137492
0.224896
0.264559
0.269499
0.290271
0.231700
0.204398
0.185616
0.217580
0.258912
0.165105
0.213292
0.216137
0.137514
0.138730
0.185330
0.102957
0.137108
0.136325
0.129299
0.147926
0.136257
0.155085
0.193924
0.352776
0.392830
0.372454
0.273659
0.309800
0.145324
0.254739
0.420519
0.461303
0.324899
0.414403
0.462269
0.283021
0.329862
0.253000
0.214967
0.304522
0.162916
0.186361
0.105022
0.130676
0.091418
0.140542
0.220181
0.340521
0.248761
0.238349
0.264341
0.286533
0.441435
0.290450
0.480869
0.398765
0.929409
0.551853
0.463079
0.385923
0.229146
0.187012
0.156281
0.121014
0.096786
0.110463
0.115102
0.072626
0.099862
0.108199
0.088524
0.202025
0.554878
0.563399
0.466753
0.429516
0.386411
0.393770
0.549386
0.590949
0.513018
0.307085
0.379319
0.282696
0.296617
0.371653
0.276277
0.209207
0.151229
0.187888
0.122401
0.136701
0.103032
0.120338
0.279746
0.269829
0.258049
0.406684
0.351578
0.564034
0.710855
0.640021
0.511791
0.672124
0.679770
0.616317
0.608449
0.507857
0.575994
0.399043
0.398145
0.372147
0.325963
0.216062
0.192003
0.193061
0.302289
0.333814
0.268219
0.268429
0.602392
0.808655
0.311796
0.310990
0.354476
0.278793
0.457035
0.374995
0.473967
0.502758
0.470140
0.550778
0.434098
0.329227
0.286779
0.223733
0.141998
0.150567
0.184901
0.135825
0.201695
0.205804
0.372202
0.387440
0.287529
0.261793
0.238191
0.397974
0.401688
0.328657
0.501904
0.324793
0.318453
0.377866
0.330049
0.357305
0.335006
0.202936
0.220786
0.173348
0.191887
0.198978
0.172483
0.194074
0.169424
0.222921
0.162057
0.319198
0.438089
0.389218
0.444713
0.657975
0.557212
0.579952
0.704181
0.508442
0.596622
0.881838
0.519719
0.400574
0.428094
0.476049
0.501119
0.386542
0.319298
0.208282
0.260723
0.298755
0.218194
0.164635
0.240833
0.436922
0.442677
0.374654
0.286527
0.256455
0.414447
0.304831
0.325027
0.751086
0.490969
0.479967
0.254316
0.304552
0.280263
0.255457
0.250667
0.187178
0.189562
0.187494
0.223760
0.243723
0.166879
0.170721
0.292469
0.348460
0.431401
0.372765
0.387465
0.350507
0.427322
0.369394
0.440798
0.390660
0.709700
0.698769
0.729049
0.384371
0.467740
0.419919
0.329546
0.259070
0.256961
0.305942
0.198878
0.281755
0.291121
0.281454
0.237264
0.264660
0.459694
0.453411
0.487633
0.609483
0.664048
0.602426
0.480836
0.455496
0.605122
0.560746
0.491757
0.314632
0.301513
0.230728
0.195360
0.274669
0.196320
0.150918
0.203050
0.187564
0.113875
0.169553
0.172988
0.210484
0.348351
0.342099
0.337630
0.366938
0.270568
0.270662
0.308577
0.332613
0.508204
0.629710
0.458338
0.371635
0.378692
0.194933
0.182385
0.181488
0.132414
0.174372
0.194396
0.128600
0.171220
0.153676
0.210534
0.343580
0.398050
0.334248
0.289836
0.250844
0.305594
0.378569
0.414327
0.512995
0.558641
0.493537
0.311680
0.327414
0.446653
0.489009
0.271513
0.251317
0.311129
0.291609
0.193494
0.205675
0.179437
0.200166
0.504926
0.566845
0.467975
0.465430
0.548524
0.374950
0.484860
0.953636
0.606847
0.674605
0.918553
0.582286
0.614124
0.623345
0.459906
0.430846
0.378688
0.389256
0.225561
0.346365
0.266654
0.321705
0.273715
0.247722
0.332554
0.518820
0.430963
0.381120
0.398622
0.567353
0.760306
0.432609
0.631215
0.519269
0.509991
0.604820
0.432268
0.495592
0.278379
0.259279
0.377755
0.428202
0.245223
0.355959
0.296455
0.190976
0.337714
0.259929
0.305637
0.475070
0.486033
0.415347
0.666271
0.639906
0.723998
0.591684
0.675574
0.520144
0.757358
0.719408
0.654596
0.596395
0.732663
0.563517
0.328217
0.326707
0.428525
0.353751
0.279318
0.267401
0.264185
0.384999
0.408702
0.452375
0.441082
0.605014
0.688693
0.516562
0.472234
0.699275
0.753403
0.746728
0.695654
0.825130
0.635987
0.567866
0.474934
0.325506
0.284336
0.163511
0.273986
0.216960
0.218746
0.292255
0.314156
0.248590
0.326324
0.293457
0.495614
0.580965
0.476141
0.720281
0.619905
0.583457
0.772616
0.532083
0.671491
0.683778
0.626333
0.709202
0.561913
0.633571
0.297134
0.412715
0.386647
0.391098
0.344927
0.221342
0.188349
0.364409
0.456629
0.560704
0.637227
0.703932
0.665973
0.598725
0.600881
0.755060
1.000000
0.985610
0.785978
0.560488
0.754143
0.568456
0.521919
0.566811
0.431516
0.294688
0.336013
0.322902
0.222861
0.355840
0.322030
0.309222
0.583253
0.344360
0.692838
0.615031
0.403100
0.353516
0.498692
0.614023
0.505459
0.414630
0.428026
0.343705
0.262733
0.590307
0.339887
0.408473
0.352316
0.213189
0.239329
0.174593
0.278035
0.148743
0.226286
0.268966
0.236866
0.434438
0.430355
0.345949
0.283799
0.497538
0.428844
0.636623
0.623394
0.500430
0.729749
0.594419
0.385328
0.495346
0.389966
0.491988
0.279909
0.300844
0.251702
0.207606
0.177620
0.244804
0.262651
0.275243
0.301139
0.275312
0.360714
0.391976
0.523107
0.277949
0.502880
0.462169
0.498364
0.358380
0.459276
0.454593
0.559844
0.715989
0.361526
0.380985
0.255212
0.232091
0.249553
0.152559
0.157857
0.157140
0.247985
0.209942
0.423480
0.277928
0.275858
0.387789
0.360465
0.705551
0.417656
0.415833
0.451120
0.550643
0.327584
0.388813
0.299381
0.475345
0.497049
0.370732
0.365285
0.221227
0.295789
0.257076
0.183124
0.242155
0.131569
0.207555
0.355058
0.330036
0.431322
0.402891
0.458851
0.400446
0.548761
0.708202
0.420678
0.602633
0.456773
0.410890
0.415190
0.605375
0.504875
0.340410
0.402263
0.274868
0.274243
0.352379
0.324952
0.281880
0.325334
0.405395
0.409621
0.361273
0.308338
0.473460
0.451611
0.245679
0.205647
0.320574
0.240620
0.349295
0.758673
0.566479
0.601758
0.534032
0.327640
0.256713
0.248971
0.237223
0.207497
0.131272
0.175754
0.140780
0.175331
0.263111
0.284376
0.328498
0.488682
0.744946
0.638138
0.388719
0.373013
0.695870
0.758700
0.910440
0.816188
0.461238
0.572055
0.513211
0.542023
0.669942
0.224567
0.348414
0.294166
0.206859
0.203234
0.134795
0.219767
0.139663
0.285817
0.291369
0.350516
0.480534
0.516909
0.549697
0.539680
0.380405
0.491382
0.487198
0.458844
0.459953
0.477234
0.357849
0.387250
0.232394
0.233594
0.161720
0.215071
0.209364
0.196237
0.162231
0.191128
0.256066
0.227502
0.305429
0.290417
0.456431
0.393865
0.328755
0.429185
0.430999
0.294806
0.324854
0.371811
0.503305
0.547717
0.365477
0.317139
0.293890
0.191634
0.179729
0.220865
0.179100
0.118235
0.179105
0.184365
0.184258
0.149206
0.427004
0.371230
0.546639
0.591545
0.452167
0.486265
0.393945
0.410870
0.528844
0.649525
0.647400
0.388984
0.468796
0.320198
0.477748
0.256572
0.242911
0.218776
0.233409
0.182537
0.222494
0.180149
0.248023
0.324609
0.226797
0.331418
0.483662
0.396517
0.412524
0.436462
0.399246
0.436909
0.560492
0.494105
0.516518
0.389663
0.426454
0.530284
0.351716
0.342463
0.242415
0.264865
0.174821
0.210667
0.155330
0.193703
0.203735
0.319699
0.417580
0.471995
0.420938
0.548431
0.428653
0.400860
0.547100
0.417494
0.426261
0.490966
0.588084
0.405013
0.383895
0.440923
0.251581
0.294169
0.276064
0.175889
0.178382
0.121524
0.155414
0.175520
0.246583
0.274541
0.344214
0.313444
0.409956
0.363319
0.284267
0.335172
0.609183
0.586955
0.595468
0.515133
0.375839
0.219428
0.446231
0.811852
0.259322
0.292047
0.234410
0.203944
0.245901
0.207312
0.146819
0.193479
0.267452
0.205836
0.196184
0.377279
0.390844
0.466765
0.322889
0.332266
0.260455
0.410817
0.759186
0.439138
0.422863
0.321842
0.182610
0.203999
0.244602
0.108619
0.108123
0.178268
0.150729
0.154477
0.165716
0.132831
0.122874
0.157249
0.107111
0.118634
0.123466
0.124126
0.133491
0.166573
0.221982
0.158621
0.262327
0.275059
0.191526
0.188636
0.152558
0.168052
0.145624
0.099595
0.156888
0.096757
0.114172
0.121947
0.122895
0.087748
0.084593
0.104983
0.128501
0.087762
0.087310
0.138498
0.127470
0.199912
0.365532
0.124448
0.278232
0.401268
0.183815
0.271141
0.264829
0.254044
0.436259
0.126705
0.131432
0.088694
0.135900
0.107925
0.141450
0.162811
0.105732
0.083627
0.138158
0.109688
0.192712
0.100361
0.106414
0.207800
0.206328
0.209255
0.242654
0.201321
0.149743
0.221929
0.174630
0.294319
0.147662
0.232655
0.182064
0.187957
0.143785
0.163659
0.140917
0.200974
0.239910
0.147048
0.230707
0.346923
0.311872
0.355378
0.289856
0.646680
0.285845
0.383481
0.484791
0.322559
0.456557
0.366041
0.351079
0.263174
0.158071
0.198202
0.095737
0.080253
0.127543
0.151228
0.150993
0.105977
0.137452
0.091272
0.157517
0.232951
0.333628
0.348941
0.284125
0.419906
0.406680
0.420679
0.451542
0.320689
0.297158
0.259230
0.343281
0.311267
0.290349
0.156258
0.135124
0.183669
0.098333
0.109309
0.102451
0.123583
0.126563
0.186348
0.173728
0.166279
0.165957
0.189374
0.148254
0.224522
0.200059
0.361855
0.461130
0.356169
0.318970
0.241432
0.289353
0.316461
0.203766
0.228570
0.227136
0.130321
0.160145
0.117963
0.141401
0.126000
0.181814
0.240694
0.212688
0.502083
0.462715
0.268201
0.432350
0.448781
0.394879
0.353363
0.424466
0.299612
0.535995
0.319814
0.419173
0.287510
0.251991
0.249582
0.154120
0.182898
0.116934
0.118739
0.134928
0.142912
0.237899
0.150846
0.327696
0.308230
0.225174
0.307524
0.167040
0.302673
0.353079
0.481734
0.301647
0.375407
0.398258
0.527904
0.384954
0.239073
0.187407
0.161983
0.112536
0.088966
0.084922
0.132854
0.083006
0.078104
0.112465
0.089943
0.123054
0.173424
0.171288
0.243589
0.250209
0.180820
0.193606
0.200758
0.271532
0.259651
0.311777
0.206835
0.244472
0.262253
0.198152
0.193543
0.095898
0.144207
0.090661
0.134385
0.093335
0.157165
0.110531
0.075701
0.178725
0.152058
0.106442
0.186830
0.347160
0.400449
0.545448
0.564757
0.516361
0.727734
0.543867
0.214476
0.301703
0.428732
0.263310
0.175109
0.221940
0.166150
0.181821
0.150259
0.117697
0.110193
0.143230
0.133927
0.226013
0.303937
0.271168
0.267593
0.264663
0.310034
0.296609
0.336207
0.388050
0.550151
0.343816
0.403335
0.367089
0.283891
0.187071
0.138984
0.129960
0.117686
0.125836
0.157591
0.137708
0.149904
0.151592
0.182558
0.273752
0.339073
0.210394
0.286465
0.384774
0.284642
0.246822
0.248441
0.439367
0.466512
0.328147
0.239989
0.158840
0.130581
0.158824
0.093687
0.116235
0.134291
0.106199
0.112224
0.119424
0.120886
0.145905
0.274893
0.269845
0.283713
0.270406
0.297887
0.297388
0.295157
0.431905
0.436878
0.275735
0.429262
0.597804
0.423112
0.362701
0.362298
0.221236
0.166372
0.200753
0.181947
0.208081
0.189710
0.202449
0.183177
0.190212
0.158973
0.215000
0.256181
0.202947
0.227493
0.175924
0.216993
0.235523
0.374868
0.310025
0.231631
0.397922
0.577422
0.498921
0.368135
0.260950
0.233171
0.162485
0.136198
0.172143
0.116646
0.169821
0.166634
0.225591
0.208446
0.193260
0.216062
0.349428
0.268059
0.221448
0.265968
0.402929
0.334597
0.359931
0.414101
0.399435
0.426546
0.472739
0.349021
0.338904
0.375348
0.277361
0.192483
0.198562
0.112217
0.169611
0.180890
0.188462
0.135723
0.270048
0.193753
0.257054
0.430289
0.308097
0.315447
0.395859
0.320835
0.380458
0.286382
0.458712
0.539987
0.443196
0.296680
0.353310
0.216130
0.287845
0.242475
0.246050
0.149315
0.170918
0.101395
0.152318
0.164385
0.196854
0.251611
0.460484
0.627938
0.726443
0.637583
0.442322
0.497781
0.728117
0.421196
0.434379
0.354835
0.281966
0.263166
0.273560
0.238299
0.199185
0.213483
0.161300
0.185513
0.204237
0.163116
0.210802
0.212782
0.407497
0.478509
0.384445
0.307551
0.380949
0.559314
0.430721
0.233035
0.212462
0.296144
0.213178
0.293601
0.260813
0.333317
0.257068
0.130533
0.153625
0.092775
0.153677
0.121605
0.090851
0.169279
0.171609
0.163733
0.171274
0.198601
0.228142
0.238459
0.247536
0.249611
0.179112
0.147099
0.176288
0.241029
0.176260
0.155092
0.098263
0.156379
0.082533
0.071025
0.120370
0.101127
0.116986
0.069563
0.124204
0.180430
0.111217
0.133731
0.165261
0.122757
0.201041
0.164909
0.186461
0.643583
0.326873
0.307004
0.282538
0.321697
0.358142
0.270356
0.205005
0.257544
0.188374
0.213201
0.100086
0.114635
0.131115
0.116823
0.091134
0.174356
0.130823
0.148523
0.150063
0.112316
0.176912
0.161754
0.161288
0.220767
0.126588
0.153041
0.162383
0.159161
0.217892
0.122692
0.115051
0.181019
0.106953
0.072545
0.060073
0.095899
0.063412
0.072284
0.082621
0.139542
0.316034
0.123503
0.160787
0.175206
0.199495
0.161311
0.106018
0.115818
0.175236
0.313789
0.332339
0.394593
0.555266
0.430463
0.289692
0.339732
0.197449
0.167119
0.194633
0.097749
0.081821
0.084801
0.079857
0.093183
0.077369
0.104120
0.062930
0.124933
0.166512
0.186491
0.259998
0.393301
0.139264
0.310199
0.427321
0.525788
0.327616
0.225736
0.225620
0.235904
0.212053
0.204045
0.159200
0.100276
0.102296
0.075384
0.121398
0.126473
0.124885
0.124167
0.112423
0.119314
0.154997
0.217324
0.226176
0.511523
0.343497
0.286785
0.526809
0.399983
0.568253
0.349723
0.369427
0.225599
0.246028
0.107627
0.109819
0.104562
0.155808
0.107211
0.122060
0.098715
0.118443
0.122213
0.155263
0.109849
0.077773
0.127783
0.070930
0.100877
0.145707
0.345238
0.392849
0.318915
0.354501
0.282956
0.268257
0.211228
0.195236
0.145864
0.142441
0.096247
0.135556
0.091231
0.136144
0.109766
0.136130
0.118807
0.106421
0.116700
0.101373
0.141341
0.150795
0.156660
0.137001
0.181672
0.327077
0.212050
0.479686
0.417572
0.289591
0.325406
0.303402
0.141652
0.101308
0.112949
0.137490
0.118270
0.170422
0.138131
0.173078
0.074478
0.122374
0.179188
0.205481
0.240278
0.189584
0.344246
0.625728
0.426059
0.361886
0.439487
0.260250
0.386319
0.318144
0.319052
0.237504
0.183825
0.158190
0.108530
0.113298
0.151827
0.130874
0.131394
0.183145
0.191223
0.191583
0.172222
0.287947
0.360289
0.179970
0.161107
0.093377
0.108451
0.321170
0.573232
0.604990
0.476474
0.426465
0.395291
0.139256
0.143204
0.159627
0.136091
0.117710
0.108596
0.151454
0.160957
0.290805
0.129743
0.193690
0.176031
0.127338
0.211415
0.149464
0.240838
0.319907
0.208883
0.227849
0.321485
0.231684
0.261961
0.402885
0.354079
0.241225
0.324230
0.188146
0.158500
0.107570
0.134394
0.105007
0.140396
0.138906
0.179128
0.114675
0.176231
0.151487
0.192577
0.244731
0.217457
0.241103
0.253952
0.389801
0.463654
0.316876
0.333736
0.333356
0.221827
0.084354
0.104332
0.135671
0.135194
0.075631
0.136597
0.134583
0.116625
0.143430
0.132300
0.176901
0.135017
0.124577
0.363078
0.344836
0.365560
0.267170
0.538361
0.253261
0.409300
0.166007
0.193357
0.203074
0.181987
0.173986
0.181857
0.118623
0.169197
0.168907
0.153999
0.129922
0.132479
0.134976
0.103576
0.099304
0.106464
0.113148
0.131300
0.137611
0.351979
0.438920
0.370742
0.368907
0.671961
0.252389
0.258097
0.340891
0.261683
0.135200
0.119445
0.143502
0.148366
0.138046
0.078434
0.088414
0.079214
0.093209
0.080116
0.095145
0.162351
0.288757
0.207679
0.084924
0.079986
0.097446
0.180147
0.231619
0.139078
0.150145
0.248174
0.273337
0.158304
0.147463
0.114837
0.152478
0.095858
0.082561
0.100130
0.147258
0.123468
0.100935
0.148776
0.102367
0.078473
0.090662
0.095915
0.138523
0.084179
0.206944
0.137132
0.185384
0.296841
0.245497
0.182318
0.165462
0.186020
0.074719
0.141966
0.088649
0.094088
0.145120
0.125897
0.139239
0.105125
0.103503
0.091562
0.089370
0.187871
0.440011
0.300099
0.090952
0.101110
0.091959
0.171143
0.220943
0.193137
0.133972
0.188925
0.262579
0.213508
0.189880
0.128180
0.148667
0.122800
0.110482
0.129066
0.088877
0.090519
0.124813
0.147474
0.226926
0.177521
0.243713
0.431826
0.184210
0.135320
0.182093
0.108182
0.215504
0.526091
0.454612
0.312925
0.282434
0.191773
0.176783
0.119694
0.136820
0.142953
0.091821
0.112415
0.136337
0.121405
0.171492
0.096712
0.106158
0.160333
0.199805
0.122541
0.329467
0.200808
0.310446
0.129762
0.223175
0.290046
0.352791
0.221314
0.194389
0.251714
0.159774
0.137766
0.131919
0.112265
0.116783
0.129298
0.088630
0.152488
0.109872
0.119247
0.120495
0.190932
0.144348
0.230530
0.214067
0.280064
0.224495
0.203016
0.340193
0.398355
0.563016
0.703103
0.419341
0.452140
0.233886
0.134514
0.110230
0.078947
0.075387
0.101895
0.108838
0.155966
0.171975
0.147637
0.172206
0.102082
0.134509
0.136135
0.184719
0.318459
0.173013
0.258143
0.261627
0.539503
0.526323
0.786391
0.357669
0.316522
0.213831
0.195325
0.085315
0.106083
0.098596
0.106799
0.187034
0.126746
0.131431
0.126783
0.224221
0.192421
0.153385
0.285312
0.216637
0.329348
0.312873
0.385320
0.602565
0.333730
0.506035
0.437416
0.253486
0.310205
0.218247
0.177369
0.178096
0.148685
0.104865
0.126267
0.110317
0.092505
0.236831
0.154948
0.193626
0.247557
0.393906
0.443211
0.373697
0.529745
0.630785
0.684551
0.419262
0.506055
0.385027
0.326771
0.235423
0.262467
0.196464
0.169526
0.167647
0.113404
0.114929
0.141722
0.142110
0.118729
0.128681
0.183087
0.168717
0.185741
0.280554
0.395140
0.285878
0.350055
0.452698
0.307713
0.451710
0.265055
0.413266
0.366897
0.314243
0.246114
0.189148
0.176806
0.130086
0.158614
0.092331
0.138020
0.170046
0.186373
0.143631
0.145997
0.195691
0.200416
0.363424
0.232567
0.279108
0.540335
0.547063
0.551998
0.506855
0.476068
0.226565
0.171679
0.287245
0.147075
0.214357
0.198694
0.220373
0.128842
0.155322
0.188601
0.116126
0.140951
0.108488
0.135136
0.208719
0.143469
0.353344
0.359235
0.298440
0.252392
0.555154
0.338399
0.226128
0.210714
0.227024
0.176946
0.136044
0.140015
0.133890
0.100858
0.092123
0.111507
0.147809
0.100686
0.132210
0.124788
0.123037
0.099350
0.139433
0.126818
0.081148
0.108744
0.195422
0.149531
0.197716
0.200468
0.242218
0.474751
0.209274
0.504424
0.371960
0.356471
0.133341
0.131026
0.092277
0.080538
0.070655
0.109617
0.134260
0.091472
0.159701
0.183102
0.154124
0.162657
0.229897
0.115125
0.157348
0.134341
0.145586
0.211433
0.163662
0.306910
0.243198
0.166445
0.195892
0.193337
0.117193
0.108107
0.075698
0.136581
0.093292
0.095637
0.091112
0.176044
0.183038
0.118616
0.160531
0.398438
0.240390
0.161783
0.133901
0.102762
0.292792
0.372737
0.472621
0.254523
0.243612
0.411524
0.425252
0.423583
0.254371
0.240699
0.160041
0.127415
0.105961
0.159958
0.140824
0.142294
0.150759
0.278392
0.332874
0.559970
0.511954
0.448520
0.442689
0.347306
0.310398
0.290335
0.303054
0.389331
0.344173
0.214924
0.310178
0.294242
0.128543
0.094984
0.098622
0.127897
0.126702
0.126323
0.154395
0.144525
0.173787
0.298894
0.462751
0.263201
0.267309
0.253325
0.231447
0.195477
0.328393
0.304538
0.296181
0.426309
0.410219
0.553071
0.423790
0.534681
0.449302
0.416007
0.350460
0.288595
0.319655
0.272352
0.158792
0.257860
0.256196
0.207588
0.231208
0.551156
0.495494
0.433849
0.448440
0.350913
0.591337
0.621817
0.461304
0.494148
0.444469
0.553535
0.535041
0.475909
0.395730
0.347954
0.197686
0.162433
0.128655
0.164318
0.216829
0.140090
0.115889
0.143420
0.207553
0.377441
0.310476
0.530563
0.417167
0.382113
0.565657
0.416994
0.323874
0.517325
0.382625
0.303571
0.420388
0.306378
0.251417
0.187662
0.216729
0.127806
0.234012
0.144811
0.153165
0.253069
0.224250
0.286238
0.322304
0.413804
0.295508
0.450013
0.360381
0.516718
0.541823
0.431733
0.263009
0.344356
0.362765
0.395655
0.615512
0.529867
0.383980
0.397217
0.226781
0.135347
0.138264
0.135441
0.217488
0.175259
0.229262
0.144570
0.249252
0.205839
0.136874
0.248957
0.131497
0.199394
0.186377
0.154515
0.316201
0.177517
0.139714
0.240903
0.271042
0.180722
0.183017
0.108783
0.098355
0.105948
0.157293
0.131585
0.105950
0.149397
0.143119
0.387421
0.140284
0.165362
0.159906
0.391075
0.376103
0.488261
0.279993
0.225316
0.314170
0.370019
0.377469
0.208348
0.141840
0.212624
0.165274
0.123794
0.183418
0.165422
0.110725
0.139364
0.107437
0.134564
0.259017
0.136157
0.170073
0.320880
0.366969
0.166411
0.094891
0.144761
0.194959
0.228996
0.293436
0.149945
0.257379
0.189928
0.155670
0.190687
0.113442
0.162714
0.156930
0.170589
0.158459
0.202074
0.115085
0.130383
0.242581
0.169822
0.263828
0.432206
0.177523
0.142357
0.097934
0.081058
0.113637
0.194740
0.247915
0.198790
0.204054
0.363697
0.192425
0.217999
0.120794
0.183634
0.159643
0.101024
0.187351
0.168697
0.137419
0.185820
0.261207
0.323890
0.201622
0.270308
0.204073
0.187378
0.258319
0.233041
0.243651
0.185689
0.174325
0.142160
0.256093
0.210264
0.245178
0.143137
0.149590
0.116879
0.105632
0.172393
0.137376
0.185849
0.182255
0.196319
0.191789
0.177178
0.192752
0.108396
0.115092
0.138131
0.148280
0.154060
0.211514
0.169433
0.242050
0.316307
0.291551
0.143292
0.159878
0.131943
0.119292
0.085452
0.119312
0.101957
0.081197
0.102856
0.142979
0.117484
0.134924
0.179678
0.193319
0.195303
0.248694
0.339584
0.277240
0.190855
0.495773
0.266976
0.469403
0.352841
0.228875
0.240921
0.324825
0.351642
0.135855
0.092891
0.091274
0.127721
0.095502
0.090312
0.133314
0.108838
0.174464
0.383040
0.110286
0.159262
0.225566
0.175014
0.158863
0.192154
0.154317
0.211337
0.273169
0.325875
0.308415
0.378450
0.328900
0.317677
0.189771
0.197999
0.189666
0.182455
0.136194
0.103276
0.132850
0.173445
0.214179
0.208018
0.223390
0.210325
0.241687
0.195223
0.175997
0.283497
0.226461
0.233854
0.222453
0.177913
0.295229
0.191340
0.177621
0.125942
0.128863
0.108354
0.085188
0.117163
0.099494
0.110757
0.131444
0.076973
0.104773
0.169707
0.166916
0.204070
0.193693
0.120319
0.124314
0.155754
0.140502
0.216783
0.149765
0.169621
0.240154
0.178853
0.233004
0.192757
0.150704
0.183211
0.108502
0.124703
0.094819
0.086242
0.099222
0.154744
0.129072
0.118632
0.086981
0.146957
0.134246
0.142015
0.198243
0.125781
0.197462
0.209268
0.211344
0.272631
0.361113
0.117612
0.226429
0.130770
0.094191
0.090949
0.084599
0.093237
0.078485
0.076245
0.118513
0.132714
0.110828
0.209478
0.271419
0.258525
0.342509
0.397060
0.081970
0.109202
0.117258
0.178194
0.222829
0.146277
0.212177
0.161461
0.272976
0.159512
0.116332
0.083134
0.098707
0.065057
0.100968
0.072940
0.089936
0.133066
0.146065
0.231066
0.180693
0.151695
0.167649
0.361247
0.140081
0.179966
0.226864
0.179935
0.275134
0.462632
0.359061
0.256558
0.229164
0.141587
0.127642
0.126092
0.171402
0.128617
0.188300
0.170527
0.107203
0.126811
0.108415
0.097661
0.158984
0.161717
0.165166
0.445373
0.137143
0.127922
0.153403
0.264816
0.158079
0.170056
0.406990
0.495813
0.338915
0.265534
0.133668
0.158712
0.164304
0.167647
0.102832
0.166469
0.161649
0.154212
0.172543
0.146959
0.141422
0.120464
0.115563
0.099416
0.098395
0.133546
0.088058
0.122826
0.217504
0.175459
0.315230
0.171580
0.423324
0.247902
0.173367
0.148543
0.101815
0.094233
0.173858
0.183232
0.186846
0.179495
0.284354
0.272220
0.382509
0.564803
0.484337
0.245975
0.155509
0.211272
0.224617
0.265467
0.230126
0.274080
0.198287
0.252955
0.287627
0.266753
0.190139
0.134710
0.245224
0.152614
0.110113
0.173397
0.153586
0.192027
0.373161
0.356533
0.318406
0.317100
0.304169
0.229615
0.167816
0.251398
0.255112
0.292046
0.189295
0.220481
0.187249
0.143366
0.152268
0.187626
0.177678
0.116876
0.158208
0.146861
0.112192
0.109461
0.145825
0.166747
0.157114
0.206862
0.229898
0.212672
0.135798
0.160733
0.094130
0.098390
0.166196
0.102483
0.206636
0.228653
0.217697
0.420273
0.395819
0.307399
0.092830
0.088504
0.062952
0.079004
0.083166
0.098638
0.130737
0.159766
0.165449
0.238662
0.379149
0.240468
0.213922
0.245707
0.127452
0.122010
0.143332
0.265045
0.241457
0.162471
0.345695
0.260049
0.158420
0.155153
0.172265
0.101112
0.092382
0.127648
0.100943
0.092154
0.089996
0.134996
0.108968
0.235328
0.233466
0.141524
0.126703
0.167568
0.140732
0.199240
0.157164
0.159248
0.275147
0.275639
0.203480
0.155142
0.220677
0.344113
0.201928
0.090859
0.103043
0.130909
0.111093
0.124972
0.198482
0.181133
0.139101
0.141699
0.214474
0.273221
0.225389
0.221495
0.143208
0.250915
0.155124
0.128168
0.517503
0.332064
0.229471
0.248559
0.253736
0.326802
0.154974
0.108690
0.157539
0.129232
0.122729
0.127922
0.167882
0.144106
0.146108
0.193718
0.233676
0.214247
0.225655
0.175968
0.121095
0.137075
0.136165
0.219494
0.198830
0.249247
0.251049
0.234964
0.176433
0.111391
0.108274
0.123277
0.085523
0.069551
0.093534
0.076195
0.123850
0.118989
0.148666
0.126373
0.166198
0.210966
0.131061
0.142316
0.164649
0.150390
0.121480
0.110564
0.167380
0.239635
0.236873
0.163998
0.200230
0.159647
0.136344
0.077079
0.071133
0.072479
0.080151
0.098751
0.128225
0.124136
0.129321
0.142719
0.123953
0.160157
0.189085
0.123803
0.159825
0.112786
0.163845
0.319122
0.387377
0.200334
0.206505
0.171813
0.127023
0.188984
0.114818
0.093283
0.112579
0.087562
0.106128
0.081231
0.099447
0.103940
0.263785
0.165922
0.118279
0.124117
0.142612
0.158663
0.102373
0.160202
0.123256
0.133104
0.265265
0.247650
0.293504
0.228674
0.208777
0.133011
0.096281
0.097566
0.079340
0.094426
0.137228
0.081360
0.081181
0.098712
0.212138
0.219503
0.369577
0.550230
0.236106
0.299398
0.089225
0.123868
0.098268
0.132793
0.231702
0.174772
0.177452
0.194358
0.212655
0.159738
0.157611
0.080333
0.119683
0.103312
0.120090
0.179938
0.109545
0.087584
0.217620
0.195423
0.139653
0.178023
0.183723
0.379460
0.175393
0.155845
0.085822
0.247863
0.293252
0.186893
0.192149
0.152500
0.130137
0.165473
0.101969
0.144219
0.097352
0.123993
0.141950
0.123137
0.156506
0.165317
0.188514
0.163044
0.163960
0.090961
0.099018
0.157589
0.133606
0.105092
0.121694
0.114439
0.139471
0.188628
0.230717
0.123874
0.177492
0.398366
0.315050
0.151756
0.142730
0.105163
0.117937
0.084283
0.123253
0.117409
0.166487
0.111374
0.187641
0.164270
0.195829
0.162601
0.181503
0.132748
0.162011
0.210438
0.321277
0.269463
0.214915
0.160635
0.186764
0.177944
0.123315
0.094787
0.135888
0.081814
0.076327
0.131591
0.125079
0.141045
0.117773
0.119035
0.192087
0.327408
0.248788
0.177578
0.198758
0.163499
0.132697
0.209791
0.237821
0.213415
0.300727
0.264633
0.181760
0.184225
0.107991
0.126468
0.084201
0.122728
0.120018
0.124458
0.166897
0.101118
0.164350
0.151345
0.167296
0.125085
0.256667
0.153439
0.116558
0.075661
0.162840
0.156599
0.161098
0.234924
0.276956
0.326171
0.323342
0.162797
0.096726
0.114329
0.077312
0.124744
0.113331
0.114847
0.122832
0.175333
0.139824
0.235086
0.127659
0.314066
0.155903
0.119540
0.162905
0.155013
0.229430
0.260758
0.385109
0.305647
0.241255
0.245738
0.261786
0.177120
0.146414
0.129805
0.130274
0.140197
0.156475
0.130836
0.147722
0.198974
0.214341
0.200333
0.196852
0.126915
0.246974
0.152809
0.169505
0.158036
0.240953
0.149066
0.220401
0.183181
0.238165
0.274369
0.214250
0.254189
0.182054
0.145169
0.137787
0.141079
0.114109
0.118771
0.182887
0.178472
0.133261
0.336471
0.170422
0.144204
0.210322
0.133248
0.166227
0.228656
0.220563
0.202667
0.306134
0.213517
0.252220
0.316031
0.187985
0.258069
0.238811
0.162786
0.129128
0.170053
0.152415
0.213319
0.272261
0.172737
0.187246
0.204042
0.233196
0.207351
0.219067
0.121258
0.173196
0.247332
0.151641
0.150498
0.150782
0.298943
0.210351
0.193192
0.380948
0.187893
0.181365
0.168287
0.170162
0.158973
0.185619
0.170320
0.218925
0.249638
0.208886
0.263208
0.246494
0.316112
0.311067
0.220089
0.119865
0.155652
0.256557
0.162566
0.235415
0.237894
0.298595
0.211742
0.194442
0.249788
0.131124
0.167478
0.168686
0.147136
0.175167
0.175812
0.165324
0.261940
0.203778
0.201603
0.141225
0.139925
0.135623
0.219975
0.102906
0.142498
0.151735
0.195293
0.258195
0.387750
0.240171
0.295378
0.234804
0.156777
0.208662
0.170179
0.136762
0.176004
0.203518
0.152468
0.262790
0.261752
0.259331
0.206181
0.175746
0.408394
0.303740
0.210749
0.167522
0.151561
0.188279
0.267049
0.410126
0.277820
0.407499
0.417804
0.191694
0.219666
0.490273
0.247853
0.202544
0.128161
0.202522
0.201847
0.163545
0.302682
0.200058
0.191436
0.187978
0.180090
0.214992
0.206986
0.199381
0.109162
0.122927
0.122073
0.189638
0.203432
0.253443
0.249586
0.175302
0.192094
0.140305
0.102058
0.131645
0.143735
0.087298
0.111668
0.191425
0.174582
0.238623
0.291267
0.339644
0.257512
0.196166
0.362196
0.527658
0.195418
0.156271
0.106322
0.187338
0.172836
0.345901
0.218938
0.175972
0.122152
0.137721
0.102485
0.084743
0.146886
0.109904
0.152587
0.157685
0.195383
0.172639
0.217175
0.376252
0.333891
0.252505
0.292423
0.298359
0.582935
0.368151
0.208028
0.179866
0.176509
0.229848
0.176113
0.127424
0.208908
0.217085
0.215394
0.206688
0.151771
0.107572
0.136590
0.148700
0.171633
0.132175
0.139216
0.181693
0.258262
0.226006
0.151109
0.316271
0.266697
0.222558
0.124266
0.125912
0.250483
0.256268
0.242054
0.160976
0.348908
0.316260
0.123663
0.206459
0.238445
0.197214
0.110790
0.191602
0.163916
0.180362
0.205766
0.189110
0.205560
0.181616
0.212830
0.197862
0.130807
0.129979
0.128483
0.294941
0.177542
0.182978
0.243710
0.195686
0.167895
0.245220
0.182413
0.192242
0.113281
0.207049
0.212554
0.203171
0.199912
0.229188
0.238425
0.287043
0.249650
0.186062
0.185693
0.138534
0.198944
0.175381
0.164885
0.120542
0.240629
0.310287
0.202900
0.173370
0.203091
0.253909
0.171555
0.208812
0.128342
0.147584
0.150475
0.213823
0.153755
0.147061
0.399716
0.273757
0.324252
0.354764
0.145125
0.168184
0.132468
0.330733
0.330058
0.231308
0.373858
0.155429
0.190094
0.152526
0.162712
0.143014
0.184279
0.143106
0.120894
0.208263
0.112921
0.142017
0.246173
0.174155
0.171957
0.187666
0.307815
0.218385
0.580125
0.234303
0.194405
0.199455
0.209560
0.177959
0.344841
0.250395
0.279692
0.336230
0.150018
0.276026
0.203465
0.143721
0.133712
0.126710
0.185768
0.209677
0.250116
0.205964
0.260807
0.464020
0.201611
0.443633
0.426383
0.477176
0.345293
0.286567
0.192022
0.217082
0.351315
0.273373
0.293592
0.299971
0.273978
0.222560
0.203499
0.185775
0.204904
0.170478
0.210184
0.211725
0.245821
0.240885
0.138950
0.226259
0.229344
0.127834
0.227478
0.268479
0.186553
0.145064
0.196664
0.580884
0.319595
0.292884
0.229091
0.182261
0.221982
0.446189
0.336625
0.202816
0.190856
0.220237
0.138002
0.154024
0.203291
0.289292
0.233564
0.351522
0.199362
0.208432
0.175865
0.195349
0.277117
0.241530
0.185599
0.174382
0.329885
0.320088
0.293707
0.276749
0.256731
0.188125
0.519735
0.253140
0.189415
0.127937
0.196416
0.127802
0.204854
0.161341
0.343486
0.233181
0.226345
0.181561
0.303682
0.174296
0.178239
0.208572
0.153765
0.304377
0.230788
0.219870
0.287622
0.260286
0.219406
0.181215
0.107515
0.130971
0.126018
0.159046
0.148694
0.126493
0.198355
0.183347
0.169622
0.152720
0.205490
0.171334
0.159286
0.153050
0.144552
0.128605
0.177599
0.161254
0.299151
0.317327
0.214148
0.147740
0.180415
0.219708
0.161532
0.184018
0.149882
0.118038
0.127648
0.127439
0.164491
0.141309
0.194864
0.187080
0.152355
0.176737
0.217127
0.231061
0.210139
0.222867
0.256147
0.274831
0.242580
0.225319
0.196941
0.162547
0.242662
0.249150
0.237902
0.200633
0.146376
0.215061
0.174461
0.145126
0.266126
0.235066
0.440913
0.267485
0.235755
0.255964
0.379027
0.237907
0.198068
0.200987
0.254113
0.323555
0.379032
0.302720
0.219873
0.287817
0.426994
0.280566
0.130117
0.147989
0.177191
0.195351
0.171167
0.212766
0.251162
0.213317
0.278735
0.225305
0.202933
0.347528
0.599565
0.394788
0.162270
0.234118
0.252368
0.253270
0.178835
0.286981
0.266984
0.160123
0.181191
0.169328
0.127797
0.130322
0.100311
0.121862
0.127178
0.130226
0.177646
0.138345
0.202869
0.225036
0.145822
0.174949
0.209867
0.328805
0.262086
0.193752
0.335515
0.155641
0.137984
0.210280
0.187703
0.183836
0.156092
0.140213
0.132556
0.150558
0.096003
0.143705
0.135265
0.108066
0.204194
0.181994
0.192912
0.154803
0.147659
0.224146
0.207458
0.174796
0.149167
0.147620
0.164750
0.200349
0.219577
0.199149
0.272364
0.258224
0.211848
0.191004
0.154685
0.187003
0.161811
0.140834
0.117807
0.114059
0.128382
0.147834
0.161607
0.109969
0.166590
0.138392
0.175877
0.118556
0.140604
0.095301
0.120035
0.216030
0.334958
0.186599
0.306925
0.350514
0.155012
0.206343
0.197488
0.127731
0.141701
0.143102
0.084191
0.103172
0.157841
0.125738
0.301151
0.198685
0.386005
0.330377
0.157964
0.266507
0.333198
0.370406
0.321995
0.296951
0.266001
0.499966
0.303170
0.368073
0.354781
0.171493
0.227015
0.104474
0.152715
0.143009
0.120205
0.115046
0.163415
0.146670
0.166526
0.277341
0.420620
0.456859
0.571116
0.395774
0.243396
0.258570
0.350430
0.202785
0.275628
0.331019
0.240142
0.275026
0.288778
0.314574
0.134879
0.161945
0.111592
0.154397
0.165640
0.189054
0.198122
0.112030
0.163314
0.198368
0.276327
0.312539
0.080160
0.107853
0.155526
0.256069
0.239561
0.211122
0.466521
0.385247
0.257037
0.173738
0.187644
0.267402
0.167095
0.191459
0.128511
0.179138
0.105121
0.107928
0.181579
0.215555
0.213824
0.189815
0.117508
0.101763
0.172667
0.092983
0.085605
0.109582
0.124688
0.154690
0.147250
0.242371
0.154626
0.164522
0.160322
0.123475
0.128728
0.092179
0.114060
0.117818
0.102422
0.085973
0.107708
0.215606
0.170887
0.159438
0.178189
0.096907
0.108031
0.074814
0.092562
0.161981
0.099769
0.154160
0.329140
0.159155
0.190055
0.358064
0.112214
0.171157
0.177119
0.215681
0.184311
0.203236
0.160507
0.157041
0.229651
0.176819
0.194942
0.163839
0.166040
0.178490
0.256459
0.194595
0.110814
0.158808
0.148470
0.111699
0.233933
0.187897
0.274517
0.171560
0.164465
0.205603
0.104177
0.096541
0.157256
0.156865
0.129094
0.107660
0.157189
0.127390
0.242510
0.159149
0.130353
0.307747
0.208932
0.132838
0.231601
0.229505
0.218097
0.206206
0.289445
0.281511
0.208032
0.285585
0.158404
0.191045
0.158093
0.159536
0.121525
0.096500
0.085657
0.137661
0.128311
0.144839
0.136034
0.197427
0.210369
0.283416
0.164350
0.109390
0.123902
0.122014
0.142027
0.203505
0.190427
0.289321
0.321621
0.328569
0.203302
0.202386
0.136375
0.168586
0.158861
0.119094
0.132056
0.133209
0.211938
0.144976
0.191668
0.201466
0.159968
0.186606
0.280519
0.251733
0.116416
0.148726
0.134250
0.181336
0.333721
0.294950
0.519886
0.236122
0.231862
0.158157
0.143785
0.142854
0.153833
0.109907
0.112419
0.141998
0.115121
0.201864
0.234352
0.233658
0.340028
0.385414
0.532328
0.245396
0.173151
0.123703
0.206387
0.226636
0.185108
0.232810
0.184561
0.160018
0.246081
0.260022
0.126483
0.099852
0.126528
0.100606
0.161064
0.171215
0.159409
0.191710
0.210471
0.260604
0.141948
0.169480
0.191800
0.106291
0.123801
0.099922
0.169188
0.182369
0.203014
0.330612
0.130227
0.236712
0.235155
0.245032
0.113809
0.127641
0.159039
0.151385
0.160864
0.108427
0.131632
0.170966
0.220255
0.233130
0.212043
0.252454
0.189693
0.237921
0.207178
0.408143
0.245731
0.317010
0.233204
0.202777
0.203083
0.336381
0.272408
0.182176
0.182863
0.217865
0.168952
0.170792
0.145810
0.147414
0.249132
0.227132
0.253001
0.275721
0.281342
0.593560
0.277547
0.209549
0.276249
0.211327
0.246513
0.288828
0.380174
0.806719
0.291283
0.320294
0.211077
0.310058
0.142723
0.215869
0.144446
0.217042
0.124728
0.166344
0.190474
0.175273
0.270952
0.131752
0.217794
0.350378
0.370505
0.189418
0.156868
0.133718
0.184346
0.390577
0.352791
0.334274
0.323153
0.382981
0.225010
0.257261
0.214752
0.192587
0.215708
0.151626
0.232520
0.171587
0.264485
0.201902
0.341994
0.239459
0.672041
0.308287
0.455033
0.220014
0.220365
0.181855
0.374597
0.293557
0.409705
0.511640
0.426087
0.438843
0.515566
0.465473
0.176087
0.218655
0.156485
0.208755
0.205248
0.188104
0.184759
0.555945
0.354009
0.304127
0.295871
0.317448
0.211720
0.247517
0.271268
0.187657
0.299253
0.388074
0.405603
0.445481
0.375103
0.265253
0.348180
0.358571
0.216447
0.169769
0.149604
0.180025
0.218050
0.185343
0.266741
0.341117
0.472515
0.308264
0.241870
0.266817
0.301063
0.305260
0.377533
0.256944
0.251487
0.335785
0.374424
0.436952
0.433915
0.429361
0.387643
0.230225
0.249884
0.137807
0.232007
0.138472
0.222136
0.151176
0.300183
0.205328
0.497613
0.251644
0.286992
0.226363
0.419267
0.202017
0.176854
0.221165
0.295297
0.200822
0.312416
0.434364
0.392965
0.353238
0.390568
0.304205
0.179308
0.183478
0.248272
0.209323
0.168734
0.210382
0.248134
0.201972
0.325219
0.256676
0.426207
0.491257
0.489270
0.233280
0.248719
0.487220
0.437610
0.274078
0.194767
0.430793
0.442517
0.458112
0.500803
0.366025
0.217792
0.241710
0.269867
0.268375
0.310694
0.256113
0.244951
0.399818
0.249508
0.441308
0.414965
0.566046
0.413328
0.264592
0.120883
0.233081
0.205031
0.242706
0.196339
0.222987
0.268207
0.400165
0.361073
0.314494
0.151277
0.180541
0.172605
0.198009
0.145862
0.108723
0.233205
0.165090
0.337563
0.297218
0.393006
0.686769
0.460061
0.403657
0.321778
0.243443
0.238827
0.327741
0.421525
0.424545
0.392549
0.436106
0.349378
0.311639
0.165300
0.187086
0.195137
0.185968
0.194399
0.128262
0.228043
0.163151
0.291788
0.247578
0.340365
0.251731
0.273675
0.275686
0.377820
0.236058
0.350131
0.208898
0.429145
0.271465
0.435001
0.507146
0.407827
0.200928
0.193966
0.220472
0.187211
0.134065
0.218813
0.207416
0.124725
0.230098
0.178322
0.238313
0.227251
0.174615
0.225486
0.306437
0.241312
0.247857
0.323316
0.329519
0.407495
0.267737
0.584061
0.361255
0.289280
0.188388
0.192814
0.252620
0.234945
0.153014
0.217586
0.187394
0.252402
0.266180
0.265509
0.208968
0.475341
0.234779
0.249918
0.230778
0.252617
0.440912
0.247573
0.286230
0.313950
0.461157
0.459779
0.438166
0.292477
0.392911
0.531173
0.216480
0.149815
0.130744
0.182248
0.202554
0.231747
0.246139
0.350840
0.315939
0.294465
0.450330
0.196479
0.353021
0.146925
0.214202
0.184727
0.206289
0.268217
0.208127
0.243055
0.191515
0.260217
0.264724
0.157186
0.179488
0.188931
0.124995
0.125875
0.169330
0.138120
0.214184
0.253244
0.165574
0.423503
0.309406
0.247373
0.277152
0.235874
0.160915
0.312954
0.322292
0.342111
0.466255
0.306517
0.333163
0.300990
0.270699
0.176509
0.166493
0.126737
0.123745
0.120145
0.125697
0.156842
0.281904
0.323906
0.239035
0.254412
0.235613
0.192633
0.223670
0.210149
0.159349
0.172536
0.170741
0.682805
0.451849
0.329203
0.304948
0.329986
0.227705
0.212424
0.221099
0.206034
0.194550
0.137519
0.231361
0.246064
0.232543
0.405481
0.383704
0.319160
0.321422
0.315664
0.193892
0.321518
0.204711
0.226868
0.291256
0.289589
0.444787
0.308400
0.291645
0.254733
0.247198
0.155465
0.180313
0.152963
0.183163
0.119854
0.223275
0.185690
0.176527
0.184459
0.429047
0.647172
0.506678
0.544852
0.269450
0.225779
0.251832
0.282545
0.312648
0.216433
0.195872
0.362517
0.430746
0.248718
0.288242
0.240530
0.252776
0.143738
0.186387
0.217412
0.202864
0.112733
0.206063
0.256291
0.639274
0.182195
0.266152
0.248689
0.233102
0.238144
0.228220
0.208974
0.299277
0.289399
0.218202
0.307621
0.301548
0.287789
0.177630
0.130362
0.158310
0.143343
0.137248
0.122496
0.147824
0.115740
0.222522
0.325844
0.266084
0.248702
0.464139
0.377880
0.366500
0.467121
0.336427
0.402185
0.283922
0.323265
0.230446
0.408544
0.423470
0.353523
0.401239
0.269990
0.194686
0.158899
0.234378
0.163755
0.157539
0.178444
0.290002
0.289045
0.320295
0.262697
0.360273
0.364001
0.534542
0.525992
0.568785
0.412817
0.710741
0.513978
0.399279
0.423699
0.465869
0.733858
0.561069
0.300438
0.209919
0.173232
0.254994
0.184742
0.261879
0.410998
0.606821
0.215480
0.255457
0.299801
0.334059
0.486883
0.248447
0.164861
0.111206
0.191813
0.241469
0.154221
0.152463
0.226433
0.355966
0.228440
0.245227
0.179892
0.118274
0.138604
0.159566
0.142392
0.162502
0.140865
0.224831
0.233265
0.136799
0.301756
0.313729
0.234932
0.265545
0.370047
0.284078
0.196023
0.492485
0.607190
0.295805
0.291341
0.395735
0.372510
0.365126
0.170464
0.225065
0.122514
0.219904
0.128794
0.193283
0.243722
0.252225
0.317862
0.263184
0.453820
0.331204
0.198359
0.322246
0.377819
0.402763
0.370907
0.563827
0.372181
0.389895
0.571101
0.453559
0.392920
0.233899
0.151120
0.219267
0.192686
0.197514
0.151631
0.226237
0.240911
0.206040
0.347160
0.352112
0.387078
0.233872
0.287694
0.245236
0.214196
0.237263
0.187370
0.241794
0.354636
0.293250
0.450190
0.483561
0.258974
0.339637
0.270211
0.237974
0.241190
0.259211
0.163621
0.303138
0.272063
0.291815
0.320078
0.446705
0.457919
0.217620
0.318594
0.293456
0.220038
0.133494
0.346977
0.361122
0.192216
0.389581
0.254345
0.376949
0.294209
0.286302
0.319861
0.196130
0.174234
0.274096
0.325791
0.213291
0.220673
0.365775
0.392989
0.364871
0.394748
0.262686
0.358056
0.350530
0.483643
0.481728
0.413956
0.384638
0.371252
0.476008
0.458581
0.437780
0.365705
0.435377
0.214735
0.246526
0.273770
0.177545
0.185544
0.183938
0.317647
0.312905
0.252224
0.392540
0.265488
0.337865
0.312060
0.351557
0.320714
0.335362
0.441753
0.382674
0.256886
0.332307
0.481870
0.465925
0.255311
0.356403
0.200655
0.160461
0.258296
0.275256
0.289591
0.219490
0.298771
0.269242
0.378511
0.301304
0.310337
0.362979
0.404632
0.396638
0.384570
0.341561
0.649650
0.340827
0.311431
0.559254
0.456932
0.399981
0.349130
0.376834
0.228808
0.252583
0.256836
0.341226
0.226294
0.264518
0.264563
0.280181
0.423319
0.274847
0.273036
0.255266
0.463432
0.314234
0.252736
0.266759
0.309034
0.246588
0.417910
0.530405
0.282397
0.500003
0.357570
0.451648
0.292923
