0.084362
0.061890
0.060048
0.077731
0.074415
0.064469
0.076441
0.152514
0.089335
0.088414
0.144962
0.182538
0.109597
0.204273
0.282741
0.584085
0.804015
0.608215
0.482041
0.173881
0.230245
0.326211
0.153067
0.093940
0.084546
0.076810
0.061706
0.060416
0.076257
0.065942
0.064653
0.128937
0.113096
0.123596
0.203905
0.472094
0.581691
0.626082
0.673605
0.725180
0.602137
0.554983
0.241481
0.192853
0.300424
0.119359
0.092282
0.075520
0.062995
0.050101
0.061706
0.060416
0.049917
0.054706
0.074784
0.172592
0.123227
0.138700
0.393995
0.099650
0.177749
0.184380
0.184012
0.095045
0.100018
0.136673
0.143304
0.121201
0.104808
0.137779
0.129674
0.110702
0.096887
0.068705
0.117701
0.082520
0.086941
0.092282
0.129674
0.113649
0.102045
0.083993
0.092835
0.084730
0.252533
0.324738
0.094861
0.130779
0.131884
0.256953
0.762940
0.162645
0.116043
0.108860
0.134831
0.115122
0.087125
0.094124
0.088230
0.092835
0.091177
0.082888
0.134463
0.130779
0.115675
0.089796
0.140827
0.216136
0.279849
0.303942
0.196777
0.235845
0.220722
0.173421
0.185854
0.191803
0.166845
0.166200
0.198840
0.150534
0.127671
0.127199
0.113609
0.108195
0.116816
0.114127
0.182133
0.165574
0.116495
0.120506
0.118438
0.142199
0.238718
0.273715
0.465463
0.107386
0.119727
0.160435
0.155093
0.223061
0.168908
0.129121
0.122675
0.385154
0.325659
0.072205
0.082704
0.085099
0.072757
0.065390
0.081599
0.140910
0.084914
0.086020
0.236692
0.264690
0.215325
0.203721
0.075520
0.153067
0.197642
0.248480
0.270952
0.240928
0.151409
0.144410
0.277399
0.381101
0.307055
0.093203
0.105176
0.101308
0.109965
0.098545
0.090809
0.129674
0.133542
0.104071
0.254927
0.738073
0.783938
0.649659
0.540431
0.445938
0.855959
0.539510
0.429913
0.434518
0.164671
0.140357
0.078283
0.074599
0.065942
0.067232
0.082704
0.069994
0.070547
0.083901
0.135154
0.117149
0.096703
0.102045
0.123411
0.281820
0.309818
0.520906
0.340578
0.243691
0.139989
0.158040
0.144225
0.157856
0.133726
0.172223
0.152330
0.085467
0.091177
0.079757
0.063179
0.062442
0.073863
0.053417
0.065758
0.167066
0.113649
0.102966
0.093203
0.158224
0.174618
0.245902
0.072757
0.095598
0.131700
0.164487
0.164303
0.147725
0.138884
0.138700
0.139805
0.121754
0.109781
0.079757
0.073310
0.070731
0.066863
0.068889
0.140726
0.107386
0.081599
0.103150
0.076994
0.291582
0.358998
0.109597
0.125806
0.093203
0.135752
0.945294
0.239823
0.196169
0.460858
0.089335
0.104992
0.108676
0.103887
0.085835
0.076073
0.086572
0.075336
0.073678
0.155093
0.143673
0.088414
0.078652
0.086572
0.192485
0.121938
0.166882
0.355130
0.072757
0.104808
0.144041
0.164671
0.149751
0.129490
0.138884
0.143489
0.107202
0.106097
0.098913
0.087861
0.091545
0.094308
0.106649
0.132437
0.127464
0.085651
0.164303
0.108860
0.106097
0.148830
0.182907
0.109781
0.092098
0.154172
0.165961
0.258427
0.531774
0.538405
0.523117
0.105544
0.104623
0.129858
0.085835
0.074047
0.080309
0.074231
0.072205
0.085099
0.169460
0.101492
0.092282
0.360472
0.084546
0.120464
0.212378
0.331369
0.138884
0.135200
0.243323
0.188432
0.215693
0.119727
0.123596
0.088046
0.108307
0.093203
0.078099
0.066863
0.081230
0.078099
0.071652
0.068705
0.132069
0.086941
0.065390
0.104808
0.510223
0.531774
0.279978
0.234850
0.377970
0.259532
0.637318
0.396390
0.176276
0.118254
0.137042
0.109781
0.142752
0.090993
0.071468
0.068889
0.073310
0.065666
0.061153
0.058759
0.186591
0.096519
0.074231
0.111991
0.350341
0.530300
0.494198
0.479462
0.140542
0.209062
0.172776
0.150488
0.118254
0.124148
0.107755
0.107570
0.087309
0.057838
0.063363
0.052680
0.071100
0.063363
0.061337
0.061153
0.124516
0.103702
0.123964
0.094861
0.111623
0.100018
0.135752
0.096519
0.075520
0.106097
0.160619
0.163934
0.140357
0.116228
0.095229
0.076073
0.105544
0.074415
0.079204
0.080678
0.064284
0.059495
0.068521
0.150120
0.132990
0.067047
0.069442
0.075889
0.253454
0.076810
0.158224
0.059679
0.398784
0.168355
0.680420
0.522748
0.151409
0.093203
0.086388
0.085467
0.074047
0.083993
0.099282
0.076257
0.082520
0.068153
0.077915
0.133542
0.117701
0.071284
0.088230
0.086204
0.159145
0.256401
0.168171
0.074599
0.062074
0.109044
0.134463
0.132805
0.162277
0.111254
0.085283
0.097071
0.098176
0.094308
0.082336
0.090440
0.073494
0.065205
0.079757
0.140910
0.110333
0.057838
0.126911
0.100755
0.166513
0.355498
0.423098
0.117885
0.080125
0.104255
0.094861
0.100018
0.099650
0.107018
0.054338
0.051022
0.064100
0.067416
0.080125
0.069073
0.070915
0.056180
0.055443
0.065758
0.129306
0.102229
0.082336
0.065205
0.094124
0.175907
0.149015
0.247744
0.155461
0.412783
0.322343
0.156382
0.121754
0.116228
0.073126
0.099650
0.084178
0.096334
0.091361
0.071836
0.073126
0.089151
0.057838
0.055259
0.147541
0.120648
0.107939
0.098176
0.364340
0.490146
0.216062
0.435439
0.607294
0.522564
0.120096
0.483514
0.138884
0.106281
0.095782
0.092466
0.081230
0.056917
0.064284
0.055811
0.058206
0.067047
0.064100
0.125437
0.115675
0.074231
0.085467
0.071652
0.270768
0.161724
0.146620
0.110518
0.160619
0.123964
0.125253
0.129121
0.148462
0.126727
0.110149
0.097808
0.099650
0.079388
0.103702
0.065758
0.054338
0.070179
0.059679
0.091545
0.099282
0.078099
0.142752
0.068521
0.144594
0.380181
0.329711
0.102413
0.105544
0.111254
0.221404
0.159330
0.156198
0.305397
0.117149
0.087677
0.089703
0.072942
0.072021
0.061521
0.056732
0.061153
0.062442
0.077178
0.128200
0.146988
0.074784
0.083625
0.102781
0.315159
0.466568
0.486646
0.269295
0.182722
0.223430
0.682078
0.701787
0.119359
0.407810
0.180696
0.093756
0.050654
0.058390
0.062811
0.056548
0.065942
0.087125
0.051575
0.076626
0.139068
0.089335
0.070363
0.265979
0.139068
0.108491
0.083993
0.104255
0.209431
0.132805
0.153435
0.133726
0.099834
0.154356
0.090072
0.135568
0.106281
0.109965
0.068889
0.063363
0.063363
0.064653
0.139252
0.128385
0.080862
0.079020
0.064469
0.263953
0.097808
0.111439
0.092098
0.094493
0.085835
0.096887
0.139621
0.124885
0.144410
0.157119
0.155830
0.125437
0.086388
0.088967
0.063916
0.076441
0.058943
0.064284
0.067784
0.137594
0.085651
0.182354
0.379260
0.164855
0.070363
0.069073
0.086388
0.080494
0.090256
0.149383
0.224719
0.161540
0.114754
0.114386
0.097808
0.129674
0.125806
0.093940
0.147725
0.099097
0.159882
0.113465
0.084178
0.159514
0.297661
0.170565
0.338736
0.758519
0.673973
0.766255
0.794806
0.314607
0.567508
0.360103
0.579665
0.249586
0.155830
0.122859
0.093940
0.101124
0.108491
0.090624
0.086388
0.072021
0.077547
0.064469
0.133542
0.102045
0.097255
0.157119
0.132069
0.168171
0.146804
0.161171
0.530484
0.447596
0.086572
0.403573
0.125622
0.109228
0.096703
0.282004
0.091177
0.067600
0.072205
0.067047
0.058390
0.055811
0.058022
0.053233
0.136489
0.119727
0.065021
0.078283
0.065574
0.088967
0.077731
0.149936
0.086204
0.086388
0.115122
0.132805
0.124885
0.126358
0.139621
0.100939
0.122122
0.084730
0.095229
0.087309
0.060416
0.055627
0.074784
0.063732
0.127464
0.105913
0.066495
0.090993
0.081415
0.085651
0.147173
0.254375
0.275926
0.088782
0.145331
0.148278
0.138700
0.136121
0.130227
0.122306
0.098545
0.088230
0.094124
0.097255
0.074968
0.056180
0.071468
0.069994
0.134095
0.116964
0.111807
0.140542
0.076994
0.073126
0.074415
0.129490
0.073863
0.051391
0.104439
0.118622
0.126174
0.126543
0.134647
0.120833
0.101308
0.102966
0.083257
0.092098
0.084914
0.085651
0.070363
0.067600
0.134647
0.094861
0.067600
0.079388
0.065758
0.232087
0.114386
0.154909
0.084178
0.085835
0.092835
0.167803
0.219562
0.683920
0.290109
0.137410
0.129121
0.128385
0.128937
0.140910
0.075705
0.084730
0.076073
0.063916
0.067232
0.158040
0.114202
0.306871
0.239823
0.147541
0.550009
0.790385
0.646252
0.502118
0.672315
0.301160
0.380365
0.139621
0.244796
0.091177
0.100939
0.074599
0.093572
0.092835
0.068153
0.064653
0.054706
0.053233
0.059495
0.116780
0.072942
0.064284
0.076441
0.317922
0.592743
0.479646
0.330632
0.123596
0.198195
0.154909
0.171118
0.149936
0.117885
0.096334
0.080862
0.059679
0.059679
0.065205
0.062258
0.060600
0.066495
0.074415
0.145146
0.118991
0.067232
0.064837
0.067968
0.143489
0.361945
0.083625
0.309818
0.105360
0.134279
0.117333
0.135568
0.131884
0.102597
0.095414
0.062995
0.064100
0.075889
0.081783
0.066126
0.055259
0.047523
0.054706
0.122122
0.098729
0.078467
0.141278
0.060048
0.135752
0.187880
0.142568
0.082704
0.073863
0.099650
0.134463
0.196353
0.135937
0.117885
0.098176
0.098361
0.091361
0.095782
0.066863
0.065942
0.061521
0.065021
0.090072
0.138147
0.105360
0.083441
0.082151
0.093387
0.083072
0.095414
0.144962
0.145331
0.175170
0.105360
0.473568
0.455701
0.586296
0.111623
0.093572
0.103887
0.111439
0.081783
0.072021
0.074599
0.073863
0.072757
0.090440
0.124701
0.085099
0.076441
0.108491
0.084178
0.075152
0.085283
0.309633
0.074599
0.071100
0.077915
0.406889
0.139436
0.128385
0.115122
0.114202
0.092098
0.078283
0.082888
0.100387
0.083441
0.089335
0.065574
0.073494
0.123043
0.086020
0.073310
0.064837
0.142383
0.232640
0.136121
0.089335
0.071100
0.065390
0.117885
0.107755
0.105728
0.153988
0.160251
0.120648
0.098361
0.089888
0.055443
0.055075
0.052680
0.044575
0.064469
0.043470
0.084178
0.130595
0.134831
0.147725
0.083257
0.127279
0.086204
0.383680
0.252533
0.209247
0.242034
0.165408
0.126911
0.132990
0.165592
0.312581
0.327500
0.131148
0.059127
0.047154
0.053233
0.050654
0.055075
0.063179
0.054154
0.110333
0.065758
0.061521
0.099097
0.376865
0.140542
0.538773
0.373365
0.491435
0.410757
0.357709
0.221404
0.265058
0.132805
0.104992
0.075152
0.109228
0.089888
0.066126
0.053417
0.058390
0.057101
0.051206
0.056364
0.109228
0.101492
0.090624
0.247375
0.098545
0.062811
0.108491
0.083993
0.101676
0.526248
0.323080
0.167618
0.152330
0.134831
0.132437
0.099650
0.074231
0.076626
0.094677
0.067784
0.053785
0.055996
0.059127
0.123411
0.084362
0.074784
0.079020
0.128753
0.061521
0.169460
0.317922
0.065021
0.071468
0.064837
0.120464
0.141831
0.147173
0.172039
0.121754
0.081783
0.082704
0.103702
0.086756
0.060416
0.064469
0.057469
0.077731
0.095782
0.105544
0.064653
0.066495
0.067232
0.125253
0.119359
0.299134
0.137594
0.178670
0.163198
0.143120
0.156198
0.148462
0.130227
0.091361
0.098545
0.085651
0.086020
0.097992
0.081415
0.072757
0.058022
0.051943
0.122490
0.117701
0.079204
0.099097
0.059864
0.052127
0.065574
0.105913
0.081230
0.059127
0.089151
0.153804
0.153067
0.127648
0.085283
0.077178
0.072021
0.102781
0.088046
0.084362
0.065758
0.058574
0.061337
0.065390
0.098545
0.090072
0.072389
0.108491
0.070731
0.057101
0.062995
0.100018
0.053601
0.063916
0.095229
0.106097
0.490146
0.299871
0.166145
0.056364
0.080678
0.093019
0.053969
0.060969
0.046970
0.054522
0.061337
0.043654
0.056917
0.108307
0.074599
0.109044
0.209062
0.426230
0.112175
0.236692
0.291951
0.256032
0.350341
0.296003
0.161356
0.181801
0.122490
0.082151
0.099097
0.085467
0.076257
0.051206
0.048075
0.056548
0.040892
0.042549
0.085099
0.083072
0.070731
0.048075
0.348867
0.381470
0.076626
0.470989
0.461411
0.357709
0.271321
0.172223
0.179038
0.124332
0.119727
0.093572
0.093756
0.076257
0.067232
0.050101
0.052312
0.051575
0.038129
0.038497
0.038681
0.139621
0.090256
0.081599
0.107939
0.234666
0.263032
0.578744
0.218456
0.170934
0.121938
0.106834
0.122859
0.111254
0.117333
0.247007
0.079388
0.081415
0.059679
0.062995
0.056180
0.045128
0.047338
0.049180
0.135568
0.086204
0.054154
0.071652
0.049549
0.233376
0.128937
0.102781
0.061890
0.084546
0.102781
0.300424
0.375023
0.138515
0.105544
0.085467
0.107755
0.097071
0.076441
0.065205
0.050654
0.053233
0.058759
0.041260
0.125253
0.088598
0.065390
0.079757
0.070915
0.074784
0.058943
0.119727
0.100203
0.168171
0.123596
0.155461
0.678025
0.117333
0.343157
0.300608
0.097071
0.093203
0.077731
0.069073
0.044207
0.047154
0.056917
0.053601
0.121201
0.074599
0.054522
0.095782
0.069994
0.117885
0.149015
0.501934
0.080862
0.088782
0.097071
0.345736
0.208141
0.157856
0.130779
0.145699
0.135200
0.119175
0.102781
0.060785
0.054338
0.059311
0.072573
0.068889
0.067784
0.153251
0.081046
0.071652
0.243139
0.258243
0.485172
0.472094
0.396942
0.538773
0.491987
0.474673
0.523301
0.514459
0.370418
0.567324
0.320869
0.077547
0.058022
0.058943
0.068521
0.074599
0.058574
0.080862
0.063548
0.137779
0.102229
0.232640
0.123043
0.253822
0.185854
0.102229
0.079020
0.048259
0.100018
0.094124
0.096334
0.097255
0.077731
0.057285
0.061706
0.062258
0.059311
0.066863
0.056732
0.069626
0.060232
0.063548
0.069258
0.116228
0.081599
0.062258
0.114938
0.086756
0.065574
0.055996
0.062627
0.042918
0.078283
0.080862
0.108307
0.383680
0.338184
0.427335
0.377602
0.106097
0.078467
0.075336
0.068521
0.073678
0.068705
0.065021
0.125806
0.091177
0.052312
0.067600
0.158593
0.101308
0.261006
0.220114
0.085835
0.103150
0.152146
0.646160
0.289556
0.284951
0.327685
0.118254
0.107570
0.047338
0.068705
0.061521
0.049733
0.042918
0.050838
0.063916
0.098913
0.110886
0.069994
0.100571
0.090440
0.055996
0.093387
0.122306
0.078467
0.075152
0.109412
0.125069
0.183275
0.147173
0.119727
0.104439
0.096150
0.104071
0.115122
0.075889
0.064469
0.061706
0.076257
0.062258
0.130411
0.080862
0.062258
0.092282
0.098729
0.137963
0.281083
0.474673
0.101860
0.107939
0.488488
0.153619
0.379444
0.287162
0.349420
0.097992
0.063732
0.076073
0.095782
0.069626
0.058759
0.066679
0.058206
0.074968
0.105176
0.111070
0.081046
0.101860
0.061890
0.277583
0.095045
0.089888
0.065205
0.072942
0.069442
0.100755
0.146804
0.165592
0.183091
0.137963
0.124701
0.096703
0.086204
0.090440
0.071284
0.058390
0.060232
0.078099
0.122490
0.123780
0.085099
0.072573
0.074599
0.110702
0.111623
0.111807
0.085651
0.058390
0.160251
0.137042
0.129306
0.141278
0.122859
0.113649
0.122306
0.136489
0.084178
0.071284
0.065574
0.063916
0.083257
0.078467
0.089335
0.079204
0.065942
0.344078
0.474489
0.467121
0.272610
0.090809
0.427150
0.218088
0.326579
0.614109
0.344631
0.166697
0.106281
0.099097
0.111070
0.138331
0.100755
0.089151
0.068337
0.058943
0.077915
0.055627
0.060232
0.158224
0.090440
0.074415
0.178854
0.088230
0.067047
0.075152
0.082151
0.093756
0.588506
0.222693
0.500092
0.265242
0.116596
0.079573
0.066311
0.074968
0.050654
0.052864
0.046786
0.041812
0.051575
0.042549
0.080494
0.073310
0.035550
0.055443
0.050654
0.223246
0.132621
0.113649
0.086941
0.114017
0.138884
0.112544
0.153067
0.113096
0.087861
0.075152
0.074599
0.104439
0.095598
0.056364
0.047154
0.042365
0.051575
0.061706
0.113281
0.063732
0.045312
0.153067
0.148094
0.096519
0.208694
0.314238
0.106097
0.169276
0.128569
0.162092
0.146252
0.167618
0.147725
0.116043
0.109044
0.069994
0.072573
0.091730
0.053969
0.053969
0.049917
0.062442
0.095414
0.087861
0.082336
0.077731
0.073310
0.067047
0.237981
0.124332
0.104992
0.102229
0.101676
0.454964
0.333026
0.109412
0.137779
0.083441
0.079941
0.093756
0.087861
0.088598
0.044023
0.043470
0.059495
0.050101
0.330448
0.142015
0.066126
0.113096
0.091177
0.075889
0.096887
0.105728
0.074968
0.074968
0.098729
0.123411
0.201142
0.135016
0.125437
0.089335
0.077731
0.097992
0.075152
0.073310
0.073678
0.087493
0.083809
0.051943
0.083441
0.099097
0.170013
0.101124
0.335052
0.339657
0.135016
0.271505
0.407626
0.270031
0.112544
0.122306
0.131332
0.126174
0.113465
0.212194
0.110333
0.115122
0.070547
0.063916
0.065574
0.064284
0.083441
0.073863
0.083625
0.105176
0.120096
0.195064
0.453306
0.290661
0.122675
0.097624
0.088967
0.120280
0.156382
0.180880
0.177197
0.281451
0.347946
0.167434
0.136858
0.097440
0.062442
0.052312
0.051575
0.048996
0.055259
0.100203
0.098361
0.108860
0.121201
0.269110
0.532142
0.557561
0.516670
0.663658
0.627372
0.598637
0.677289
0.545957
0.559403
0.708234
0.766808
0.502487
0.304108
0.107386
0.077915
0.078836
0.080309
0.071836
0.058574
0.058574
0.107202
0.412783
0.234666
0.364340
0.204826
0.142015
0.352183
0.185117
0.103702
0.084546
0.236139
0.516117
0.138515
0.153619
0.309449
0.137594
0.099097
0.084730
0.081046
0.058574
0.062627
0.092282
0.076810
0.104071
0.099466
0.063916
0.104808
0.095598
0.072389
0.091545
0.122122
0.098913
0.119543
0.097255
0.097624
0.132990
0.124885
0.107202
0.109781
0.094124
0.122859
0.107202
0.104439
0.064837
0.066679
0.066679
0.069810
0.094493
0.110702
0.104255
0.081967
0.086020
0.190643
0.114570
0.241481
0.173881
0.371523
0.108860
0.101124
0.095414
0.113833
0.170381
0.127279
0.108676
0.091177
0.102781
0.105913
0.076441
0.052127
0.071100
0.057101
0.058759
0.074231
0.100571
0.128569
0.128200
0.249586
0.107386
0.110333
0.072021
0.062995
0.080125
0.138700
0.114938
0.115675
0.092098
0.063363
0.081230
0.062627
0.052312
0.073494
0.067968
0.065942
0.066863
0.062995
0.052312
0.074415
0.107939
0.109228
0.110886
0.276110
0.331737
0.350709
0.063179
0.081783
0.082336
0.172960
0.169645
0.159698
0.196353
0.102413
0.096887
0.131884
0.092466
0.074231
0.071100
0.054430
0.054660
0.051368
0.051103
0.053048
0.096519
0.205931
0.296003
0.427519
0.265979
0.161448
0.108676
0.131516
0.450543
0.478173
0.126911
0.159422
0.288036
0.170082
0.080989
0.089951
0.096887
0.107939
0.070547
0.056180
0.055996
0.057285
0.061890
0.095414
0.089335
0.069626
0.382022
0.495671
0.306871
0.235402
0.098913
0.111070
0.159330
0.400810
0.161171
0.411862
0.179591
0.320685
0.089888
0.072205
0.068705
0.075520
0.067600
0.061521
0.055259
0.058022
0.065205
0.073494
0.059679
0.063916
0.186406
0.441886
0.433229
0.360472
0.490330
0.469516
0.309449
0.099466
0.109412
0.130042
0.076441
0.071284
0.100018
0.083625
0.059864
0.080125
0.057469
0.046233
0.047154
0.051759
0.079757
0.103334
0.075705
0.087861
0.086572
0.068705
0.071468
0.114386
0.089151
0.079573
0.071652
0.113833
0.085099
0.095598
0.074968
0.074784
0.109412
0.105913
0.091545
0.086572
0.069442
0.058022
0.054890
0.064100
0.103334
0.094861
0.071468
0.057285
0.060232
0.240007
0.173144
0.170565
0.129490
0.144594
0.118806
0.100203
0.113096
0.107202
0.127095
0.117517
0.086941
0.069442
0.069073
0.082151
0.054890
0.044391
0.057838
0.067784
0.089335
0.078467
0.052864
0.116412
0.071284
0.074415
0.353840
0.322711
0.214773
0.126543
0.104808
0.459385
0.738810
0.142383
0.128753
0.308897
0.123596
0.105360
0.094124
0.237797
0.072389
0.060232
0.067232
0.064284
0.101308
0.081599
0.050101
0.050654
0.079757
0.373734
0.155830
0.200774
0.107018
0.106649
0.112728
0.157856
0.135016
0.142752
0.122122
0.095782
0.083257
0.099834
0.110149
0.092835
0.101860
0.069073
0.071468
0.068889
0.064837
0.133174
0.244428
0.508381
0.112175
0.136489
0.147909
0.111254
0.324369
0.372260
0.342789
0.229140
0.389390
0.238902
0.210352
0.312396
0.103150
0.118438
0.340026
0.108123
0.084178
0.070363
0.068337
0.065205
0.104439
0.099282
0.138700
0.102966
0.073863
0.447044
0.548904
0.444649
0.288819
0.379812
0.230429
0.430466
0.213483
0.171671
0.278320
0.166145
0.087677
0.098729
0.074415
0.070547
0.079204
0.081783
0.070731
0.060232
0.110333
0.093756
0.054338
0.082888
0.085467
0.210536
0.070363
0.117885
0.126358
0.140542
0.154540
0.157856
0.148278
0.130779
0.138515
0.105176
0.093019
0.112360
0.104439
0.088046
0.084362
0.087309
0.077547
0.067047
0.100387
0.105544
0.075889
0.096150
0.076810
0.060969
0.259532
0.307055
0.070915
0.071652
0.081415
0.264874
0.143304
0.202431
0.240744
0.666237
0.218825
0.275005
0.096519
0.080678
0.056180
0.056548
0.068153
0.066126
0.103334
0.103702
0.089519
0.086020
0.083625
0.112360
0.256953
0.359551
0.549088
0.165961
0.143857
0.152146
0.145146
0.156567
0.124701
0.112544
0.093203
0.094124
0.084914
0.075889
0.077547
0.088598
0.076626
0.072021
0.105728
0.096703
0.095045
0.125990
0.091914
0.170381
0.143673
0.152146
0.094308
0.132253
0.163934
0.563456
0.141463
0.120096
0.160251
0.098729
0.100203
0.133726
0.109965
0.091545
0.078283
0.071284
0.081230
0.060416
0.101492
0.107570
0.095229
0.089888
0.078099
0.092466
0.150672
0.182354
0.174249
0.253454
0.566955
0.333763
0.255848
0.159698
0.143673
0.113281
0.092466
0.104992
0.109597
0.095045
0.081415
0.092282
0.087861
0.068337
0.063916
0.126727
0.092098
0.142568
0.389390
0.354946
0.085467
0.062995
0.064837
0.079020
0.117149
0.149015
0.149936
0.572481
0.155646
0.104992
0.117149
0.088782
0.101308
0.109965
0.113465
0.335605
0.449714
0.507138
0.535849
0.632817
0.587821
0.576099
0.564804
0.561459
0.563931
0.570416
0.598453
0.149015
0.313870
0.576533
0.174802
0.595321
0.411678
0.156014
0.133542
0.106649
0.088414
0.065942
0.060600
0.072942
0.059679
0.073494
0.121385
0.086572
0.056364
0.071468
0.069073
0.262848
0.122859
0.188432
0.238718
0.169092
0.139068
0.138515
0.291766
0.415546
0.132990
0.087677
0.104071
0.105544
0.073126
0.067600
0.077362
0.073863
0.084362
0.071284
0.130411
0.081967
0.065942
0.102966
0.320501
0.085651
0.126911
0.106465
0.076257
0.095598
0.119727
0.183459
0.326027
0.100939
0.125990
0.095598
0.087125
0.101124
0.085651
0.075520
0.059311
0.058390
0.061337
0.058206
0.122490
0.111623
0.094308
0.121017
0.077362
0.153435
0.110702
0.146988
0.145699
0.138515
0.161540
0.122859
0.109228
0.121385
0.139436
0.095045
0.081415
0.092098
0.100939
0.076441
0.067600
0.061890
0.065574
0.065205
0.107202
0.101492
0.073126
0.124148
0.083072
0.066863
0.096703
0.111991
0.082888
0.077731
0.097071
0.261742
0.519801
0.117333
0.268742
0.081783
0.075705
0.331184
0.098545
0.115859
0.103702
0.079388
0.078099
0.073678
0.138331
0.142199
0.452938
0.092282
0.093572
0.406889
0.436360
0.453675
0.428624
0.130411
0.408362
0.527906
0.102966
0.416099
0.370418
0.178854
0.110886
0.067784
0.073310
0.074047
0.076257
0.083257
0.075152
0.059679
0.141094
0.112912
0.139989
0.105728
0.086020
0.057285
0.058390
0.057101
0.071836
0.071100
0.179407
0.086572
0.095045
0.187880
0.634003
0.119727
0.095414
0.081967
0.084178
0.123227
0.096334
0.058390
0.058022
0.057469
0.069258
0.137963
0.079020
0.101676
0.376312
0.445386
0.627740
0.531774
0.444649
0.273347
0.378154
0.248480
0.456806
0.249033
0.468226
0.140542
0.118438
0.108307
0.080309
0.067416
0.073494
0.074968
0.078099
0.075520
0.089335
0.093756
0.059679
0.080494
0.095966
0.088414
0.291582
0.469700
0.212194
0.194143
0.233192
0.526248
0.132805
0.126358
0.109044
0.101492
0.090809
0.130595
0.072573
0.067047
0.076626
0.065758
0.065758
0.075520
0.104623
0.111991
0.076994
0.209431
0.127832
0.093572
0.253454
0.094493
0.128385
0.083625
0.081599
0.138515
0.275557
0.090993
0.091730
0.087861
0.105176
0.092282
0.108123
0.079573
0.069810
0.064653
0.083441
0.060785
0.092835
0.081967
0.077362
0.071468
0.096703
0.069442
0.108123
0.179407
0.208510
0.192853
0.150672
0.112728
0.148462
0.128937
0.192301
0.180696
0.157303
0.108491
0.082151
0.088414
0.078283
0.086388
0.063548
0.057838
0.091914
0.097992
0.059311
0.151409
0.093940
0.060969
0.111439
0.271321
0.160803
0.093572
0.104071
0.104255
0.114386
0.172776
0.616504
0.351446
0.613925
0.626082
0.068889
0.056548
0.065942
0.068705
0.063916
0.052864
0.043102
0.056732
0.097440
0.071100
0.340763
0.045312
0.040523
0.035366
0.062258
0.204273
0.442991
0.082151
0.088598
0.080494
0.085467
0.067784
0.066679
0.050470
0.041076
0.041260
0.051943
0.058759
0.058574
0.051575
0.046049
0.136121
0.078283
0.069258
0.063179
0.097624
0.068889
0.062995
0.050838
0.055075
0.042733
0.082520
0.104255
0.058022
0.103334
0.097992
0.053785
0.049733
0.050470
0.044207
0.069810
0.056548
0.042918
0.051759
0.074599
0.066126
0.057653
0.039602
0.039602
0.031866
0.031129
0.100939
0.055259
0.048628
0.063548
0.338368
0.514644
0.741020
0.536563
0.419967
0.192301
0.098913
0.092651
0.080678
0.063363
0.074231
0.064100
0.068889
0.100387
0.102045
0.061337
0.079020
0.288635
0.123964
0.142383
0.160619
0.110702
0.106834
0.101676
0.125069
0.128937
0.165224
0.130227
0.089335
0.106834
0.124701
0.089519
0.055443
0.055627
0.054522
0.068705
0.068153
0.142015
0.115122
0.048628
0.199300
0.116228
0.070915
0.071468
0.190827
0.067416
0.075889
0.342789
0.458095
0.115307
0.098361
0.363603
0.200589
0.114386
0.095229
0.092835
0.090256
0.067784
0.058390
0.054338
0.068889
0.140726
0.096334
0.056917
0.072389
0.076810
0.200405
0.523117
0.382391
0.193037
0.162092
0.123780
0.128753
0.125806
0.116228
0.116780
0.121754
0.097071
0.079204
0.074047
0.056180
0.062074
0.064100
0.068521
0.060048
0.139252
0.102229
0.070179
0.162461
0.113281
0.095045
0.104808
0.133910
0.077731
0.104992
0.101308
0.139621
0.488304
0.296924
0.116043
0.086020
0.086941
0.110886
0.091914
0.062995
0.087493
0.079573
0.076441
0.070915
0.114386
0.074968
0.061337
0.049917
0.079757
0.074231
0.062074
0.318106
0.237981
0.071836
0.087861
0.092282
0.086020
0.085835
0.106281
0.090809
0.071836
0.068153
0.283662
0.092651
0.078652
0.060232
0.063732
0.069442
0.092651
0.136673
0.225824
0.309265
0.423835
0.238534
0.102597
0.063548
0.057469
0.111070
0.091730
0.085099
0.219193
0.111991
0.115122
0.078283
0.082520
0.067784
0.069258
0.060048
0.070731
0.052496
0.050286
0.058390
0.085467
0.056180
0.066126
0.061890
0.320317
0.203537
0.430834
0.347394
0.219009
0.360287
0.287162
0.532511
0.674710
0.159514
0.107939
0.125990
0.076810
0.085835
0.069994
0.072021
0.061706
0.065390
0.059679
0.062811
0.086388
0.105913
0.061153
0.060048
0.050101
0.226745
0.092466
0.130963
0.105176
0.093019
0.119912
0.099466
0.083993
0.087861
0.106281
0.075152
0.075705
0.102966
0.082888
0.066679
0.057469
0.070179
0.068337
0.056180
0.113833
0.089519
0.067047
0.152698
0.115675
0.064100
0.156014
0.476147
0.117701
0.065021
0.091730
0.140910
0.156014
0.123964
0.105176
0.104808
0.104071
0.070179
0.168724
0.064837
0.067047
0.061706
0.067784
0.082704
0.128569
0.108676
0.059864
0.089888
0.115859
0.313502
0.212746
0.110333
0.101124
0.122490
0.167987
0.361945
0.479278
0.135200
0.392890
0.145146
0.083993
0.092651
0.097992
0.069258
0.060785
0.071468
0.066495
0.055443
0.106097
0.096887
0.075705
0.140910
0.092282
0.082336
0.141647
0.427150
0.155461
0.100203
0.111623
0.115122
0.135752
0.173881
0.095782
0.079204
0.087677
0.083993
0.235955
0.086204
0.063179
0.059127
0.068153
0.055996
0.137963
0.093940
0.076626
0.099466
0.109044
0.215325
0.271321
0.525695
0.076994
0.198195
0.133174
0.123411
0.134647
0.127464
0.115307
0.080309
0.069442
0.081783
0.086941
0.065390
0.062627
0.067968
0.060232
0.065574
0.117517
0.111439
0.077915
0.088414
0.149567
0.360656
0.134095
0.467305
0.447965
0.101124
0.081599
0.255664
0.136673
0.502302
0.185670
0.124701
0.096887
0.094677
0.103702
0.083993
0.050286
0.061521
0.058943
0.048628
0.063548
0.155277
0.107018
0.096150
0.598269
0.512986
0.562719
0.293608
0.387364
0.467766
0.548167
0.268005
0.372813
0.175723
0.201695
0.338736
0.372444
0.084914
0.079941
0.094493
0.068337
0.053233
0.057653
0.068153
0.137226
0.098729
0.096519
0.120833
0.062627
0.074231
0.410204
0.411494
0.320869
0.125990
0.120833
0.117517
0.127279
0.122490
0.101124
0.088230
0.114938
0.101860
0.104992
0.058943
0.059127
0.056917
0.071100
0.055443
0.131148
0.079573
0.061521
0.153988
0.178670
0.075520
0.088598
0.100939
0.056180
0.074047
0.081230
0.085651
0.199853
0.323080
0.118806
0.092282
0.116228
0.077731
0.100939
0.078283
0.061890
0.047707
0.047891
0.073126
0.140173
0.067968
0.055259
0.063732
0.073678
0.164487
0.180328
0.161724
0.083809
0.105913
0.105913
0.227298
0.475226
0.111991
0.100755
0.076810
0.127095
0.057653
0.081967
0.058390
0.087677
0.060416
0.043286
0.051575
0.114754
0.068889
0.042181
0.081783
0.080862
0.064100
0.066679
0.081230
0.090440
0.050654
0.050838
0.081783
0.082888
0.116780
0.132990
0.122122
0.094308
0.087309
0.109228
0.070179
0.059311
0.055259
0.058759
0.052864
0.081783
0.069810
0.057838
0.055627
0.073678
0.175170
0.120648
0.246086
0.290661
0.115859
0.048075
0.054522
0.318475
0.079020
0.077362
0.075336
0.060969
0.065574
0.084546
0.066311
0.079573
0.062258
0.075889
0.060416
0.056364
0.051943
0.051022
0.043194
0.043102
0.147541
0.177012
0.220667
0.270031
0.199116
0.152238
0.133772
0.140196
0.117149
0.107939
0.179775
0.128477
0.089749
0.061890
0.074231
0.047523
0.044207
0.045681
0.063548
0.038313
0.038313
0.047707
0.304292
0.330263
0.530669
0.229692
0.035550
0.121477
0.170151
0.199185
0.202005
0.258059
0.240836
0.756539
0.129121
0.103334
0.094124
0.084546
0.060600
0.065297
0.052174
0.044575
0.043010
0.059541
0.352114
0.107536
0.069073
0.085835
0.138700
0.065758
0.143857
0.079941
0.047338
0.067784
0.074415
0.187696
0.123596
0.118622
0.093572
0.109228
0.112360
0.103150
0.072021
0.056548
0.071836
0.058390
0.058574
0.103887
0.068521
0.041260
0.357340
0.152146
0.067784
0.055627
0.273899
0.079020
0.056180
0.059127
0.088598
0.106649
0.117517
0.112360
0.121754
0.132805
0.273163
0.383680
0.067047
0.060232
0.059495
0.090072
0.053601
0.089519
0.089888
0.082151
0.074784
0.285688
0.098361
0.154909
0.355682
0.198011
0.143673
0.128569
0.425861
0.366182
0.159145
0.167987
0.115491
0.094124
0.089888
0.103887
0.092835
0.071468
0.062995
0.044023
0.050101
0.091361
0.064469
0.044207
0.083809
0.088230
0.067968
0.067968
0.122306
0.095045
0.053233
0.116412
0.083257
0.076441
0.084914
0.117701
0.164303
0.139436
0.099097
0.133726
0.080309
0.061890
0.069258
0.080309
0.057101
0.069810
0.065574
0.312949
0.283846
0.442991
0.210168
0.079020
0.099466
0.072205
0.093756
0.072942
0.249217
0.190090
0.127464
0.498250
0.103334
0.118438
0.123596
0.100571
0.072573
0.053233
0.051206
0.071284
0.061706
0.052680
0.065758
0.069258
0.062442
0.301345
0.123964
0.060785
0.419046
0.085651
0.187143
0.354577
0.491619
0.124701
0.102413
0.110886
0.099650
0.098545
0.092835
0.075152
0.117517
0.076073
0.075152
0.074968
0.065942
0.082520
0.119359
0.087861
0.082520
0.408362
0.350341
0.460490
0.166145
0.336894
0.345183
0.245717
0.106281
0.553325
0.105360
0.396390
0.321975
0.174986
0.108307
0.123411
0.076810
0.060048
0.056180
0.070547
0.209799
0.058574
0.057469
0.061706
0.096334
0.195064
0.142568
0.336158
0.152330
0.070915
0.171118
0.319580
0.193590
0.291766
0.213667
0.184380
0.205194
0.173328
0.098729
0.169276
0.141647
0.146436
0.124701
0.107018
0.075705
0.176091
0.141831
0.096703
0.202063
0.212194
0.146067
0.159145
0.282372
0.134279
0.123964
0.140910
0.187880
0.498619
0.300608
0.157303
0.139805
0.102045
0.073863
0.152698
0.088782
0.076073
0.080125
0.082888
0.071100
0.111070
0.132069
0.110149
0.144225
0.091914
0.135568
0.142752
0.248112
0.234113
0.152883
0.114938
0.112360
0.649291
0.140726
0.094493
0.067416
0.069810
0.311844
0.095966
0.072757
0.064469
0.069073
0.065390
0.051391
0.064653
0.111439
0.088967
0.132805
0.151409
0.072573
0.387917
0.422546
0.067047
0.062442
0.123043
0.122122
0.108676
0.130411
0.141647
0.134831
0.085835
0.054154
0.059495
0.075520
0.052312
0.046602
0.072021
0.069073
0.104071
0.091730
0.045865
0.075336
0.046049
0.262848
0.158961
0.262479
0.141278
0.106465
0.116043
0.135752
0.148462
0.132805
0.088782
0.121754
0.094308
0.086756
0.112175
0.095045
0.079573
0.053601
0.062627
0.065758
0.064284
0.134647
0.128385
0.125990
0.148646
0.097624
0.192853
0.536010
0.445017
0.255848
0.317738
0.261742
0.518880
0.441886
0.089519
0.092651
0.090072
0.071100
0.069810
0.093756
0.083441
0.059127
0.053969
0.071100
0.067784
0.110702
0.098545
0.110333
0.117149
0.543562
0.350525
0.058759
0.433045
0.589611
0.536379
0.428808
0.321238
0.241849
0.118438
0.092466
0.096703
0.095782
0.066126
0.061706
0.050101
0.048628
0.057838
0.054154
0.078467
0.102781
0.060600
0.080125
0.059864
0.097071
0.201879
0.131148
0.049733
0.054890
0.183643
0.396390
0.359182
0.133910
0.338552
0.131516
0.109412
0.082151
0.070547
0.075889
0.062074
0.050286
0.047707
0.057285
0.091730
0.092466
0.057653
0.170197
0.090809
0.070179
0.082336
0.205379
0.052312
0.067784
0.072205
0.127648
0.131148
0.120280
0.145331
0.092282
0.095045
0.091914
0.060416
0.040339
0.053233
0.037392
0.054522
0.050286
0.126543
0.072205
0.043654
0.080125
0.051943
0.156198
0.145699
0.184564
0.419598
0.171671
0.077731
0.069626
0.073863
0.088230
0.076257
0.062074
0.063363
0.280899
0.073494
0.058574
0.054154
0.045128
0.041628
0.073126
0.068337
0.057653
0.053969
0.053969
0.055443
0.222877
0.138515
0.202063
0.207405
0.098729
0.083257
0.090809
0.097440
0.128385
0.103150
0.105728
0.091545
0.082888
0.131516
0.069994
0.064100
0.055627
0.065574
0.055259
0.073863
0.163382
0.098729
0.058206
0.118254
0.228035
0.102781
0.321606
0.439492
0.323817
0.130595
0.137042
0.171671
0.335973
0.245902
0.271505
0.297108
0.200405
0.127648
0.094124
0.089888
0.093387
0.099834
0.110333
0.061890
0.054890
0.049917
0.110149
0.447596
0.428992
0.157856
0.034629
0.051391
0.101308
0.334684
0.192116
0.306134
0.161908
0.108860
0.104808
0.055259
0.048812
0.061890
0.073494
0.049917
0.049180
0.075520
0.058574
0.050286
0.049917
0.101860
0.054522
0.052496
0.050654
0.066495
0.045865
0.040892
0.058390
0.083072
0.078652
0.092466
0.216799
0.423282
0.051575
0.058390
0.066863
0.051759
0.072021
0.068337
0.063548
0.050101
0.045496
0.090809
0.108491
0.073494
0.042733
0.068889
0.046417
0.040892
0.046049
0.169092
0.152146
0.216983
0.440044
0.299503
0.543562
0.463805
0.406889
0.107018
0.082888
0.176644
0.099282
0.055259
0.055627
0.062811
0.046417
0.051759
0.142936
0.095414
0.214773
0.324185
0.123043
0.398416
0.428071
0.112912
0.069073
0.170381
0.095966
0.114570
0.091914
0.078467
0.093387
0.083072
0.080309
0.074968
0.059864
0.064100
0.062258
0.048075
0.053601
0.081783
0.060416
0.061521
0.123227
0.084730
0.070179
0.131884
0.216062
0.110702
0.113096
0.071468
0.061706
0.100755
0.069626
0.069994
0.079388
0.106834
0.110886
0.069810
0.074968
0.086204
0.061337
0.060785
0.055259
0.091914
0.075336
0.066495
0.256585
0.412783
0.600479
0.279610
0.110149
0.054706
0.066311
0.120648
0.101860
0.076994
0.071652
0.090256
0.083809
0.108123
0.088598
0.174434
0.067047
0.065942
0.091361
0.061521
0.056548
0.065390
0.424756
0.183459
0.044760
0.052864
0.198379
0.277768
0.670473
0.285872
0.181433
0.170381
0.238165
0.193037
0.138331
0.150120
0.156382
0.144410
0.131332
0.114017
0.139252
0.094861
0.101124
0.067047
0.082151
0.061337
0.091177
0.136673
0.118254
0.208878
0.334500
0.199668
0.453859
0.647817
0.593848
0.479094
0.670473
0.640081
0.317922
0.292319
0.216614
0.407442
0.199853
0.122859
0.077731
0.066311
0.073126
0.056180
0.053601
0.080125
0.137226
0.124148
0.161356
0.162277
0.249770
0.481672
0.489409
0.554246
0.503408
0.708049
0.502671
0.607110
0.479831
0.359735
0.212562
0.165408
0.147541
0.158224
0.173697
0.124148
0.128016
0.087125
0.091177
0.114938
0.082336
0.102597
0.138515
0.135568
0.118622
0.205931
0.224351
0.090624
0.088782
0.106834
0.165040
0.371892
0.185117
0.281267
0.161171
0.198379
0.118622
0.192669
0.242586
0.084546
0.065574
0.083625
0.061153
0.057285
0.074415
0.107386
0.104071
0.141647
0.435255
0.367839
0.462885
0.135016
0.058759
0.285688
0.104439
0.200774
0.268005
0.440413
0.197090
0.099097
0.088598
0.161356
0.158040
0.116596
0.101676
0.100387
0.098913
0.086388
0.099650
0.113281
0.129306
0.164855
0.157856
0.155830
0.240928
0.247559
0.178670
0.105176
0.091730
0.089519
0.152330
0.131148
0.273347
0.193222
0.152514
0.163382
0.110333
0.073678
0.062995
0.071652
0.068153
0.113096
0.075336
0.061890
0.383496
0.219930
0.079941
0.104623
0.155646
0.216799
0.247007
0.148646
0.265242
0.103518
0.170565
0.354946
0.099466
0.096519
0.201326
0.096703
0.101676
0.128569
0.117885
0.112544
0.113096
0.089151
0.095229
0.121017
0.107018
0.136489
0.207957
0.231903
0.173513
0.201695
0.195616
0.194695
0.256401
0.213852
0.494935
0.486277
0.162277
0.155830
0.158593
0.146067
0.179223
0.200405
0.132437
0.118070
0.149383
0.159698
0.132621
0.123227
0.120833
0.173328
0.162645
0.561982
0.622398
0.591269
0.405415
0.591638
0.173144
0.417756
0.276478
0.369866
0.271136
0.213299
0.240007
0.155830
0.173513
0.093572
0.157488
0.062811
0.081967
0.174802
0.093572
0.086941
0.168908
0.228035
0.436360
0.675078
0.197826
0.748204
0.539510
0.636029
0.322159
0.395100
0.373918
0.333395
0.428071
0.307976
0.309449
0.274820
0.236323
0.199668
0.197090
0.192116
0.157488
0.171671
0.175539
0.185854
0.189353
0.220483
0.587585
0.566587
0.306871
0.359366
0.212562
0.230061
0.690551
0.222140
0.172592
0.303739
0.187880
0.142752
0.143304
0.135937
0.136489
0.142568
0.114017
0.108307
0.129306
0.155277
0.161540
0.164855
0.195985
0.238165
0.197090
0.358261
0.313870
0.298213
0.299134
0.289188
0.334132
0.276294
0.252164
0.251612
0.233008
0.222140
0.265058
0.170934
0.139621
0.129674
0.128569
0.155093
0.112728
0.120648
0.137594
0.144225
0.261190
0.116043
0.122675
0.187512
0.174434
0.185301
0.349420
0.769387
0.376497
0.186775
0.665316
0.114386
0.091730
0.220851
0.275373
0.209615
0.127648
0.149567
0.142752
0.113833
0.088046
0.130963
0.127279
0.136489
0.214773
0.298213
0.295450
0.293608
0.559403
0.442255
0.293608
0.328606
0.538773
0.305397
0.309265
0.302266
0.289556
0.190643
0.211273
0.219746
0.267637
0.213115
0.205747
0.186959
0.192853
0.256401
0.234113
0.225456
0.223430
0.250691
0.539878
0.283293
0.366182
0.278504
0.298213
0.306134
0.258611
0.290109
0.332842
0.785227
0.226377
0.246823
0.190459
0.199668
0.210536
0.186222
0.178670
0.146988
0.127095
0.160435
0.218088
0.249954
0.185117
0.233008
0.183275
0.213115
0.223614
0.575981
0.604347
0.580770
0.514644
0.136489
0.104071
0.096703
0.333395
0.186775
0.083625
0.112728
0.082888
0.060048
0.057101
0.065758
0.074047
0.065942
0.168724
0.145883
0.171671
0.192301
0.407810
0.360287
0.247191
0.224167
0.239455
0.201695
0.556272
0.396574
0.555903
0.350341
0.119359
0.104992
0.104439
0.093387
0.099466
0.078836
0.084730
0.089335
0.076994
0.100203
0.088046
0.123411
0.137779
0.311660
0.454411
0.389759
0.344631
0.172039
0.146988
0.151962
0.164855
0.472463
0.375391
0.168171
0.153435
0.123780
0.107939
0.080862
0.091361
0.094308
0.067784
0.063916
0.079204
0.150672
0.099466
0.134279
0.299871
0.158409
0.147909
0.158593
0.226929
0.173144
0.160987
0.166513
0.207957
0.137963
0.114386
0.121201
0.119359
0.116964
0.100387
0.107755
0.197274
0.289924
0.143120
0.114570
0.136489
0.171486
0.156751
0.124885
0.182907
0.220851
0.200037
0.456069
0.690182
0.603979
0.267453
0.188801
0.208510
0.220851
0.166329
0.515012
0.262663
0.175539
0.167066
0.160066
0.481857
0.181617
0.156014
0.141463
0.187880
0.358630
0.255664
0.219562
0.469700
0.334316
0.279425
0.272978
0.620004
0.187696
0.210536
0.246270
0.221219
0.733100
0.220298
0.171486
0.174618
0.172776
0.331921
0.343710
0.155646
0.115859
0.109412
0.109228
0.102229
0.111991
0.090072
0.100387
0.137963
0.269110
0.170565
0.152698
0.163382
0.092835
0.084178
0.071284
0.064284
0.117885
0.072021
0.078652
0.067047
0.092282
0.094861
0.073494
0.097440
0.091545
0.070547
0.056732
0.044944
0.071284
0.093019
0.080678
0.344999
0.312396
0.368024
0.424203
0.350157
0.400810
0.271136
0.094861
0.106097
0.164671
0.186591
0.134463
0.091545
0.089888
0.091545
0.075852
0.079112
0.062958
0.054909
0.048075
0.050746
0.063474
0.091638
0.077197
0.099005
0.197919
0.260472
0.295248
0.176423
0.280125
0.294032
0.280604
0.312728
0.346583
0.284196
0.312010
0.179352
0.135458
0.099208
0.062811
0.065574
0.059311
0.047338
0.057653
0.045128
0.079388
0.146436
0.075889
0.062627
0.062811
0.181986
0.190459
0.229324
0.121385
0.313133
0.146988
0.083993
0.142199
0.076257
0.146804
0.313133
0.396390
0.149936
0.065021
0.062442
0.078283
0.082336
0.067600
0.063179
0.185670
0.276110
0.240192
0.113281
0.061337
0.083809
0.069442
0.086204
0.111807
0.141094
0.065390
0.079020
0.090993
0.128016
0.143857
0.139621
0.112912
0.066495
0.068337
0.074047
0.077178
0.080494
0.065205
0.071836
0.151593
0.089703
0.077731
0.156382
0.454227
0.335421
0.340578
0.407810
0.350893
0.426414
0.296003
0.183275
0.235402
0.227666
0.255848
0.668447
0.276110
0.345552
0.272242
0.196537
0.169460
0.152330
0.156014
0.121754
0.132805
0.254927
0.179407
0.205379
0.294898
0.248849
0.295082
0.363787
0.214588
0.263032
0.291398
0.215325
0.211641
0.234113
0.164487
0.113833
0.157303
0.235955
0.097992
0.081967
0.071100
0.067784
0.121569
0.095045
0.148830
0.174618
0.208694
0.217720
0.238902
0.289924
0.282925
0.339105
0.299503
0.307791
0.296924
0.279241
0.248480
0.218456
0.206115
0.260269
0.259716
0.140173
0.095966
0.085283
0.078467
0.093019
0.084914
0.067968
0.108123
0.162645
0.207405
0.712838
0.300976
0.340394
0.892798
0.196537
0.295266
0.225087
0.618530
0.455885
0.782649
0.403942
0.490698
0.143120
0.165040
0.119175
0.094308
0.102045
0.105176
0.086941
0.092282
0.102597
0.082336
0.110518
0.075520
0.215693
0.568797
0.383864
0.289188
0.286056
0.223430
0.276110
0.244428
0.206484
0.188985
0.279241
0.333026
0.326764
0.214957
0.097992
0.151225
0.109228
0.092466
0.096703
0.146620
0.137963
0.095598
0.165961
0.351630
0.589796
0.567324
0.481304
0.374102
0.262111
0.363971
0.293240
0.366366
0.986001
0.494750
0.917480
0.477068
0.403205
0.373918
0.358261
0.349788
0.371892
0.265426
0.210168
0.208141
0.228956
0.189538
0.275741
0.236508
0.236139
0.342973
0.744152
0.752256
0.794253
0.744704
0.838460
0.778781
0.749125
0.736047
0.753177
0.493645
0.443360
0.669184
0.321606
0.329895
0.302266
0.234297
0.180512
0.159882
0.166513
0.172592
0.279241
0.438202
0.365997
0.296371
0.218641
0.223246
0.228771
0.156014
0.169276
0.204642
0.179775
0.177381
0.161908
0.170934
0.153804
0.161908
0.160066
0.148278
0.157856
0.152514
0.154909
0.146436
0.144225
0.144410
0.145515
0.171118
0.180144
0.159330
0.164855
0.180880
0.158593
0.186038
0.197642
0.172776
0.181249
0.169092
0.187512
0.158777
0.164487
0.167066
0.151409
0.166513
0.151777
0.154356
0.155646
0.118991
0.097440
0.120096
0.144594
0.160619
0.153435
0.171118
0.158224
0.187880
0.175539
0.148278
0.161356
0.163566
0.182538
0.170934
0.422177
0.467858
0.147357
0.151593
0.163013
0.152514
0.082151
0.089703
0.080125
0.062811
0.093387
0.071100
0.132069
0.135200
0.128385
0.143673
0.139252
0.142015
0.141831
0.139068
0.146620
0.162645
0.171671
0.175170
0.151225
0.156014
0.155461
0.149936
0.144041
0.092835
0.089519
0.092651
0.086020
0.075152
0.088414
0.084914
0.148278
0.153435
0.137226
0.160435
0.147541
0.142936
0.313686
0.383864
0.764598
0.770492
0.647817
0.666237
0.602689
0.605821
0.560693
0.368576
0.366182
0.359919
0.346841
0.318843
0.320317
0.321606
0.309818
0.288267
0.254190
0.287898
0.505434
0.250507
0.418125
0.341499
0.517407
0.235034
0.442991
0.279425
0.342420
0.566955
0.734389
0.389022
0.372813
0.342420
0.248849
0.226929
0.234113
0.240376
0.187696
0.188801
0.178302
0.196537
0.271136
0.289924
0.339657
0.281636
0.225272
0.262663
0.282004
0.267084
0.342605
0.263953
0.437281
0.390127
0.373365
0.398784
0.256769
0.375944
0.266716
0.260085
0.370602
0.249401
0.201142
0.281267
0.170565
0.237060
0.319948
0.182538
0.332105
0.284583
0.407626
0.414994
0.449991
0.440597
0.401179
0.401547
0.394916
0.349604
0.315528
0.362866
0.343157
0.302634
0.260453
0.242402
0.239086
0.170381
0.148462
0.164303
0.133910
0.156382
0.221772
0.199116
0.318475
0.574507
0.289740
0.242402
0.376128
0.334132
0.262111
0.221956
0.372628
0.289372
0.520538
0.319027
0.240192
0.154540
0.133358
0.115307
0.082704
0.074047
0.088414
0.079757
0.074231
0.105728
0.151409
0.208510
0.433229
0.325290
0.257690
0.261006
0.288819
0.215325
0.283293
0.357709
0.216799
0.428256
0.390864
0.199668
0.280899
0.332290
0.199853
0.282557
0.213667
0.191195
0.179591
0.122490
0.131700
0.163382
0.208510
0.566771
0.838276
0.824093
0.724995
0.714865
0.519064
0.421440
0.700866
0.574139
0.737521
0.607663
0.392337
0.403389
0.368392
0.354761
0.349604
0.345920
0.349788
0.272057
0.230613
0.206115
0.207405
0.234481
0.238165
0.217351
0.286056
0.523669
0.707313
0.570639
0.356603
0.336894
0.354209
0.369129
0.418125
0.494382
0.431940
0.489593
0.630134
0.596611
0.350893
0.346288
0.295082
0.254006
0.228035
0.254559
0.232271
0.215141
0.233745
0.510039
0.353288
0.412231
0.513170
0.382391
0.388469
0.403573
0.426966
0.482225
0.498066
0.420704
0.409283
0.583901
0.408915
0.381101
0.391785
0.350893
0.344815
0.356051
0.339657
0.340210
0.361024
0.346657
0.340947
0.755572
0.515380
0.349420
0.286056
0.309265
0.307055
0.326027
0.360103
0.355314
0.364340
0.227114
0.182907
0.354209
0.375944
0.367655
0.312212
0.305950
0.274268
0.234297
0.236876
0.225087
0.223614
0.239639
0.262848
0.233929
0.234666
0.323264
0.420704
0.418309
0.399889
0.472279
0.461411
0.388469
0.340947
0.386075
0.361761
0.396021
0.346841
0.338368
0.356603
0.351262
0.363787
0.350341
0.327316
0.320501
0.328790
0.339842
0.319580
0.335605
0.504329
0.439492
0.324185
0.364524
0.437097
0.355867
0.345920
0.615583
0.449991
0.398600
0.388469
0.357156
0.364892
0.352367
0.365813
0.377786
0.328237
0.292872
0.276478
0.259532
0.242402
0.289740
0.294714
0.299134
0.287714
0.389943
0.382759
0.174618
0.239823
0.383128
0.360472
0.374286
0.337631
0.356788
0.324738
0.299687
0.157856
0.151409
0.166882
0.356235
0.275557
0.194327
0.195432
0.190090
0.183275
0.237797
0.247928
0.221956
0.221772
0.259348
0.638239
0.790201
0.606557
0.457359
0.489409
0.413888
0.383312
0.428440
0.386075
0.378891
0.382759
0.339657
0.311291
0.244244
0.218641
0.221772
0.195616
0.239455
0.239086
0.239823
0.242586
0.249954
0.276662
0.392337
0.612452
0.349051
0.437650
0.276478
0.309265
0.781544
0.717443
0.639344
0.404863
0.458095
0.467121
0.236139
0.443176
0.283293
0.144410
0.129674
0.088046
0.099282
0.072942
0.092651
0.175539
0.183828
0.194327
0.245533
0.504697
0.355130
0.279794
0.331737
0.368208
0.261006
0.416099
0.333395
0.300608
0.235034
0.227298
0.207405
0.217904
0.203537
0.229140
0.226193
0.201326
0.191380
0.182538
0.284767
0.336894
0.250875
0.386627
0.833671
0.571560
0.236876
0.290109
0.297845
0.646344
0.501197
0.539694
0.440781
0.419046
0.328974
0.255480
0.214220
0.292872
0.364892
0.294161
0.261927
0.273715
0.254743
0.259716
0.263953
0.297292
0.251428
0.279425
0.290845
0.330448
0.359182
0.395837
0.333026
0.282188
0.189906
0.197826
0.245533
0.293240
0.366918
0.295819
0.233192
0.221404
0.230798
0.221035
0.187880
0.120464
0.125806
0.113833
0.131148
0.249217
0.209431
0.313317
0.294714
0.345920
0.273899
0.306502
0.293608
0.258243
0.293793
0.323448
0.313870
0.265058
0.289556
0.288635
0.240376
0.236692
0.249586
0.229324
0.221035
0.176276
0.113096
0.104439
0.132990
0.213115
0.215325
0.244612
0.284030
0.286793
0.299503
0.657764
0.703076
0.394548
0.480383
0.412967
0.311660
0.545957
0.638423
0.374655
0.263216
0.248112
0.209983
0.244244
0.161908
0.121201
0.120648
0.128569
0.130411
0.186406
0.352183
1.000000
0.743968
0.278873
0.317370
0.490146
0.197642
0.204826
0.377418
0.182907
0.669921
0.386627
0.385706
0.371155
0.386259
0.392153
0.351814
0.325290
0.270216
0.200405
0.139989
0.143120
0.126358
0.237981
0.329158
0.292319
0.276110
0.378523
0.341131
0.769018
0.650764
0.334684
0.712286
0.736968
0.624240
0.738073
0.543931
0.408915
0.280162
0.249217
0.228956
0.161724
0.151409
0.123780
0.135937
0.136121
0.113281
0.186959
0.248480
0.263584
0.264137
0.233745
0.345920
0.424572
0.378707
0.331184
0.186959
0.290293
0.208694
0.171671
0.282372
0.253269
0.276847
0.249033
0.223614
0.214957
0.199300
0.177933
0.191932
0.138884
0.144041
0.212194
0.249770
0.315344
0.321975
0.300792
0.248665
0.251796
0.324001
0.282741
0.297292
0.342052
0.326579
0.308344
0.303739
0.254927
0.233929
0.270216
0.247191
0.235955
0.207589
0.203168
0.151593
0.127279
0.140173
0.189538
0.203905
0.227850
0.245533
0.327132
0.627924
0.573770
0.319948
0.307055
0.332105
0.271505
0.272794
0.286056
0.259164
0.268005
0.247007
0.252533
0.252164
0.228219
0.213299
0.205379
0.187143
0.191380
0.140173
0.211825
0.199853
0.415362
0.305581
0.155830
0.428992
0.645607
0.197642
0.202247
0.177565
0.302450
0.112175
0.133542
0.655001
0.274084
0.082336
0.095598
0.081599
0.055627
0.065942
0.059679
0.054522
0.070915
0.098729
0.100387
0.080862
0.055075
0.052496
0.182354
0.221219
0.220667
0.098176
0.062074
0.149199
0.095598
0.096703
0.102597
0.115491
0.102045
0.065021
0.115675
0.145515
0.087677
0.078836
0.062627
0.068705
0.080125
0.054890
0.115307
0.060969
0.063732
0.223061
0.497513
0.306502
0.423282
0.276847
0.496592
0.166145
0.146804
0.366182
0.376681
0.205379
0.091361
0.085835
0.091361
0.085283
0.092835
0.090624
0.073863
0.067416
0.073310
0.120280
0.111807
0.056364
0.065390
0.107570
0.141278
0.179223
0.181801
0.163750
0.154172
0.244612
0.202063
0.198747
0.300608
0.276478
0.154356
0.073494
0.079941
0.094861
0.089335
0.078836
0.092098
0.113096
0.092466
0.091545
0.128937
0.143489
0.112544
0.120096
0.374470
0.580033
0.635108
0.336158
0.165592
0.337263
0.243507
0.271689
0.805489
0.455885
0.189906
0.137779
0.143120
0.153435
0.102597
0.090624
0.095414
0.082151
0.078652
0.290109
0.330079
0.126727
0.135016
0.280346
0.172039
0.151593
0.257138
0.170197
0.152514
0.179407
0.259532
0.246823
0.297292
0.219746
0.153251
0.143489
0.142752
0.147357
0.150672
0.124332
0.138147
0.109781
0.112544
0.155461
0.126174
0.126358
0.156751
0.169645
0.282372
0.375576
0.392890
0.482225
0.109044
0.181433
0.162829
0.169645
0.178670
0.502855
0.352735
0.243691
0.217720
0.238718
0.206668
0.183828
0.182354
0.074968
0.086388
0.151962
0.111070
0.135937
0.299318
0.156382
0.184196
0.175539
0.283846
0.209431
0.119543
0.631055
0.462516
0.137963
0.076073
0.109965
0.102229
0.171486
0.139805
0.166329
0.131148
0.100755
0.103334
0.101860
0.087125
0.110149
0.141831
0.124332
0.128569
0.120464
0.103150
0.239271
0.495671
0.266900
0.324001
0.204458
0.333395
0.165040
0.156567
0.261190
0.552035
0.070363
0.080309
0.106097
0.083625
0.075520
0.073678
0.055996
0.061337
0.314975
0.056548
0.059679
0.167618
0.295819
0.042365
0.053785
0.212010
0.075152
0.226745
0.283846
0.148462
0.144041
0.133174
0.105544
0.100018
0.087677
0.102781
0.106281
0.065021
0.062074
0.075336
0.055996
0.080678
0.086572
0.098729
0.060232
0.059311
0.084546
0.175907
0.327869
0.324922
0.099282
0.140726
0.466384
0.104439
0.084546
0.099650
0.087493
0.078099
0.111254
0.101676
0.410757
0.165224
0.123964
0.106649
0.107570
0.095045
0.162829
0.151777
0.140726
0.143673
0.109412
0.595137
0.482962
0.298582
0.268558
0.190827
0.234481
0.239455
0.287530
0.150120
0.046970
0.050838
0.060048
0.063179
0.061337
0.055075
0.046970
0.065390
0.067600
0.046786
0.101860
0.092098
0.101860
0.108123
0.052496
0.069626
0.048075
0.065574
0.058390
0.045128
0.033155
0.042181
0.095782
0.103150
0.060785
0.053601
0.047891
0.065758
0.061337
0.042918
0.058022
0.045128
0.055627
0.069073
0.042733
0.075336
0.156935
0.079757
0.055259
0.091914
0.069626
0.053417
0.519248
0.634555
0.783570
0.279794
0.605084
0.222140
0.398969
0.353656
0.152698
0.129490
0.130042
0.118438
0.117701
0.135384
0.100939
0.109965
0.162092
0.166145
0.130042
0.189353
0.151041
0.145515
0.111439
0.229692
0.092466
0.084178
0.100203
0.078283
0.090440
0.100571
0.120280
0.118991
0.113649
0.176276
0.110886
0.160987
0.122122
0.096887
0.118622
0.112728
0.144225
0.164855
0.185485
0.183091
0.498987
0.355682
0.555903
0.465832
0.241113
0.169092
0.211825
0.194695
0.163566
0.179038
0.410757
0.152883
0.103887
0.102413
0.077547
0.092835
0.076810
0.102229
0.107386
0.111254
0.090993
0.158409
0.122490
0.120096
0.122122
0.164303
0.187327
0.122490
0.229324
0.366366
0.342973
0.656659
0.456253
0.378339
0.413336
0.356051
0.261374
0.265242
0.161724
0.157303
0.153988
0.149567
0.286425
0.198932
0.198747
0.272794
0.246270
0.228956
0.430650
0.275005
0.421993
0.342605
0.322343
0.445754
0.731626
0.451096
0.505065
0.419598
0.368208
0.425677
0.414809
0.320869
0.291582
0.255111
0.267821
0.221219
0.210168
0.212010
0.200405
0.233745
0.251243
0.238165
0.309265
0.307055
0.367287
0.414441
0.274452
0.181249
0.265426
0.226193
0.237060
0.270768
0.200958
0.110518
0.126911
0.148646
0.122306
0.139989
0.106097
0.091361
0.089335
0.082888
0.133910
0.139436
0.184749
0.184933
0.191011
0.348130
0.171671
0.557377
0.155093
0.128753
0.129674
0.148830
0.188801
0.146436
0.098176
0.086756
0.088782
0.109044
0.081967
0.313502
0.076810
0.051206
0.042365
0.053417
0.103518
0.103518
0.075705
0.047707
0.097255
0.305029
0.267821
0.488119
0.180328
0.117333
0.083625
0.089888
0.075889
0.498250
0.291582
0.056732
0.052680
0.077178
0.066495
0.116596
0.189906
0.138331
0.101308
0.110518
0.111991
0.187696
0.151225
0.199668
0.191748
0.281636
0.289924
0.359366
0.293056
0.275189
0.268558
0.150857
0.141463
0.184933
0.271689
0.201695
0.202063
0.138515
0.151041
0.144594
0.115859
0.127648
0.117885
0.090072
0.104623
0.143304
0.333947
0.253638
0.126543
0.188985
0.346657
0.623503
0.141278
0.160066
0.152146
0.194695
0.175355
0.162092
0.174434
0.095229
0.151777
0.124332
0.125069
0.232824
0.131700
0.107202
0.105176
0.103334
0.123780
0.161908
0.205563
0.479462
0.607478
0.689630
0.612267
0.210352
0.276662
0.506723
0.340947
0.272978
0.232455
0.199116
0.243507
0.644870
0.498250
0.162645
0.169829
0.125806
0.114386
0.096887
0.092282
0.081046
0.144225
0.126174
0.101492
0.094124
0.130227
0.115675
0.483146
0.417572
0.571192
0.425861
0.268189
0.460858
0.127095
0.172960
0.513538
0.190459
0.156014
0.179407
0.120280
0.125990
0.098913
0.090256
0.114386
0.087861
0.095782
0.160435
0.143489
0.165592
0.157856
0.108307
0.289740
0.283478
0.199668
0.146988
0.216614
0.124885
0.135752
0.116596
0.123780
0.124332
0.112360
0.113281
0.084730
0.097440
0.107570
0.095414
0.081046
0.078283
0.104992
0.112360
0.109597
0.138884
0.369681
0.144041
0.247007
0.538036
0.203721
0.124701
0.090809
0.187143
0.205563
0.189538
0.247375
0.196537
0.156935
0.129858
0.160803
0.135752
0.137779
0.111070
0.088598
0.099650
0.074968
0.130595
0.167066
0.130227
0.151041
0.389206
0.298582
0.470805
0.638055
0.504329
0.277215
0.223798
0.561245
0.331184
0.457359
0.167250
0.161540
0.195248
0.160619
0.138147
0.137963
0.123227
0.106834
0.095229
0.108307
0.146988
0.166329
0.354577
0.261742
0.550930
0.198379
0.258980
0.175355
0.130963
0.410020
0.219562
0.176828
0.165408
0.281636
0.328974
0.335421
0.232271
0.101676
0.141831
0.118622
0.120833
0.091730
0.096703
0.093387
0.133726
0.125069
0.141278
0.288083
0.074415
0.076441
0.144778
0.065758
0.063179
0.058206
0.075152
0.075520
0.145146
0.104255
0.113096
0.105913
0.068889
0.111991
0.111070
0.085467
0.086020
0.070731
0.065021
0.067232
0.064653
0.065390
0.063179
0.268558
0.404863
0.097440
0.036471
0.031682
0.039602
0.065942
0.074415
0.075336
0.401363
0.362682
0.063916
0.065390
0.044391
0.051575
0.062811
0.051943
0.052680
0.042549
0.067600
0.045496
0.054522
0.049549
0.064469
0.065205
0.062258
0.047707
0.066311
0.049180
0.042918
0.045496
0.062258
0.064653
0.073310
0.076441
0.060785
0.050654
0.053048
0.046049
0.073310
0.045128
0.046049
0.057838
0.058759
0.067968
0.082336
0.039602
0.067047
0.035734
0.043470
0.046786
0.058943
0.078467
0.433413
0.571744
0.199116
0.076810
0.245902
0.102413
0.098913
0.115122
0.110518
0.106834
0.083072
0.089151
0.106281
0.080678
0.089888
0.082704
0.279241
0.183275
0.138884
0.251428
0.333026
0.153619
0.300055
0.095966
0.048996
0.051206
0.066863
0.324922
0.133174
0.291398
0.186222
0.128569
0.136305
0.109597
0.080678
0.094124
0.062627
0.059864
0.046049
0.090993
0.095414
0.066679
0.073494
0.072942
0.238718
0.149015
0.231903
0.115859
0.115491
0.059679
0.056732
0.060048
0.091545
0.118622
0.073126
0.065758
0.064653
0.088598
0.070547
0.060416
0.050654
0.042181
0.049180
0.076441
0.074784
0.079388
0.128937
0.200405
0.145883
0.110702
0.230061
0.123780
0.061153
0.266532
0.439676
0.061337
0.614294
0.099282
0.082704
0.053969
0.060048
0.131516
0.086572
0.091545
0.072021
0.069810
0.074599
0.083625
0.462885
0.271321
0.297845
0.617793
0.276110
0.263400
0.221956
0.069073
0.056180
0.068889
0.121938
0.120833
0.242586
0.527353
0.297477
0.118806
0.093019
0.087861
0.112175
0.091914
0.144410
0.118438
0.090072
0.097992
0.073126
0.120648
0.083257
0.099097
0.093756
0.103518
0.121569
0.139068
0.168724
0.079573
0.065942
0.211273
0.133910
0.286793
0.140726
0.104439
0.392153
0.549641
0.095966
0.088782
0.118438
0.100203
0.113649
0.092466
0.154172
0.107018
0.110333
0.143489
0.145699
0.383496
0.331000
0.257322
0.654817
0.539142
0.300055
0.289556
0.325474
0.180144
0.163750
0.168171
0.137779
0.124332
0.112175
0.106465
0.114754
0.105360
0.102229
0.100018
0.159514
0.098729
0.156751
0.155830
0.166329
0.149567
0.137042
0.182722
0.136673
0.198563
0.157303
0.145515
0.160619
0.119912
0.103334
0.196537
0.198563
0.144410
0.117885
0.096519
0.133542
0.116964
0.086020
0.119727
0.136121
0.119543
0.317001
0.617609
0.414994
0.460858
0.372628
0.242218
0.189722
0.166882
0.355867
0.083257
0.132437
0.116228
0.102781
0.317922
0.254375
0.161171
0.191195
0.146067
0.125806
0.109597
0.092466
0.101860
0.278136
0.206852
0.564745
0.300239
0.396021
0.738994
0.705102
0.499724
0.402284
0.355498
0.285688
0.291398
0.339657
0.314791
0.302266
0.274268
0.219193
0.244612
0.227482
0.221772
0.194879
0.180328
0.121017
0.131332
0.192853
0.209799
0.320133
0.281820
0.281636
0.269110
0.312765
0.358077
0.281083
0.407810
0.289372
0.300055
0.367287
0.319027
0.261006
0.231166
0.253085
0.268005
0.261374
0.266716
0.263216
0.207589
0.201695
0.244981
0.279978
0.303002
0.250138
0.290661
0.329895
0.239455
0.331184
0.604531
0.567508
0.180880
0.206300
0.167434
0.205563
0.181433
0.154540
0.177933
0.153804
0.157303
0.167618
0.152698
0.156567
0.158224
0.152146
0.125253
0.207405
0.198563
0.158961
0.149015
0.222877
0.162645
0.145515
0.152330
0.147173
0.193590
0.193590
0.203352
0.176644
0.142199
0.091730
0.079204
0.059127
0.081415
0.064284
0.053601
0.065390
0.057653
0.060232
0.081230
0.150857
0.048996
0.045128
0.071100
0.054890
0.038865
0.050286
0.055259
0.147541
0.258059
0.421440
0.295266
0.177933
0.130227
0.125253
0.117149
0.101124
0.074047
0.063916
0.051391
0.072757
0.072021
0.056364
0.122122
0.117149
0.121754
0.535642
0.682999
0.286793
0.320501
0.381101
0.084178
0.068521
0.137779
0.100755
0.104439
0.087861
0.095414
0.091914
0.065758
0.086941
0.061521
0.092282
0.076810
0.066126
0.061890
0.051391
0.130227
0.107386
0.108307
0.357709
0.135937
0.250507
0.074968
0.326211
0.067600
0.096887
0.096519
0.084914
0.339657
0.172776
0.242770
0.553509
0.374286
0.357156
0.284583
0.289188
0.258980
0.264690
0.231534
0.129674
0.194143
0.194879
0.167618
0.223246
0.252901
0.250875
0.412599
0.311107
0.290661
0.502118
0.581875
0.461779
0.365261
0.457727
0.334316
0.280715
0.212562
0.161724
0.134831
0.109965
0.113281
0.109597
0.085099
0.118991
0.169645
0.174986
0.343157
0.889667
0.292872
0.244428
0.287346
0.323817
0.350893
0.338368
0.364340
0.476883
0.403205
0.362866
0.318106
0.306318
0.303371
0.297477
0.260822
0.254006
0.223614
0.239271
0.226193
0.242770
0.350525
0.273899
0.329342
0.275926
0.577823
0.801437
0.666237
0.731258
0.786517
0.803647
0.705655
0.408915
0.475410
0.490330
0.394916
0.359182
0.373365
0.368760
0.285688
0.260637
0.254927
0.259164
0.233376
0.226745
0.296924
0.319027
0.322159
0.274084
0.324001
0.783201
0.402468
0.307976
0.314054
0.338000
0.886904
0.374470
0.445386
0.724443
0.499171
0.296556
0.338552
0.340026
0.302450
0.260822
0.244981
0.342052
0.231719
0.290293
0.319396
0.258059
0.212931
0.266163
0.303739
0.275189
0.520538
0.399521
0.503408
0.596427
0.499908
0.419598
0.504881
0.418677
0.323448
0.304660
0.277399
0.251059
0.215141
0.237797
0.212010
0.186406
0.179591
0.108123
0.142383
0.149936
0.139621
0.115307
0.128569
0.284767
0.151409
0.080309
0.050654
0.102045
0.257138
0.121385
0.111254
0.104255
0.074047
0.063548
0.091361
0.076441
0.065390
0.052127
0.058022
0.053233
0.043470
0.058574
0.078467
0.134831
0.124148
0.187512
0.089151
0.078099
0.048628
0.098729
0.224167
0.434334
0.126543
0.090256
0.186406
0.584638
0.134095
0.084730
0.063548
0.120280
0.081599
0.081783
0.062442
0.042918
0.048996
0.043470
0.116228
0.123227
0.093756
0.058943
0.054706
0.108307
0.081046
0.101124
0.104623
0.307976
0.256585
0.119175
0.119359
0.403758
0.153619
0.104623
0.097624
0.082704
0.075520
0.080309
0.055075
0.050654
0.052864
0.058943
0.079204
0.157119
0.513723
0.386259
0.365813
0.084546
0.307976
0.263769
0.211273
0.070731
0.062627
0.160066
0.080862
0.132990
0.319396
0.178118
0.119543
0.097992
0.095229
0.078099
0.075520
0.076810
0.061153
0.065942
0.078099
0.146620
0.080494
0.064284
0.071652
0.256585
0.389759
0.193037
0.085651
0.055259
0.062811
0.050838
0.119175
0.104255
0.064653
0.048259
0.038497
0.045865
0.031313
0.036839
0.033524
0.035181
0.035181
0.031866
0.042918
0.122490
0.081230
0.043102
0.049917
0.029103
0.039234
0.028919
0.039050
0.028919
0.038681
0.125990
0.094677
0.074415
0.065942
0.049365
0.040339
0.051206
0.032603
0.043654
0.030761
0.036102
0.035734
0.045128
0.044575
0.129306
0.091914
0.044944
0.069073
0.091177
0.037944
0.067600
0.086756
0.088967
0.334132
0.401363
0.395837
0.104623
0.084178
0.076073
0.074784
0.057838
0.065390
0.045312
0.065574
0.048444
0.051206
0.072942
0.107202
0.094124
0.089888
0.261558
0.051575
0.060785
0.049365
0.094308
0.053233
0.039234
0.096519
0.193958
0.084730
0.113096
0.489777
0.226929
0.065021
0.088967
0.091361
0.091730
0.067784
0.073863
0.056364
0.059679
0.248296
0.398048
0.122306
0.087493
0.109044
0.098729
0.084546
0.191748
0.102597
0.194143
0.066495
0.148094
0.156382
0.126174
0.330816
0.144594
0.329158
0.121017
0.109597
0.089519
0.073678
0.058943
0.067600
0.053048
0.125437
0.101124
0.091361
0.084362
0.083993
0.160435
0.278873
0.227114
0.193406
0.107202
0.122675
0.095414
0.149199
0.234113
0.098361
0.080125
0.073310
0.093203
0.094124
0.079204
0.101860
0.072389
0.073678
0.061337
0.131148
0.125806
0.107202
0.141463
0.136673
0.114938
0.046970
0.070363
0.063363
0.076257
0.128569
0.128200
0.124885
0.091177
0.098361
0.078099
0.073678
0.080309
0.113833
0.104808
0.090993
0.057653
0.066311
0.053785
0.071284
0.165592
0.095045
0.458280
0.412599
0.532142
0.461411
0.303371
0.144962
0.146067
0.299503
0.481672
0.316633
0.433782
0.160435
0.219009
0.163013
0.101308
0.077362
0.091730
0.070915
0.079941
0.065390
0.056364
0.065390
0.116596
0.146988
0.176091
0.113833
0.337447
0.087677
0.099466
0.074231
0.052496
0.095414
0.072389
0.124516
0.133174
0.130963
0.074415
0.078283
0.061706
0.049733
0.062995
0.080678
0.050286
0.059864
0.048628
0.057101
0.151962
0.094493
0.055075
0.064837
0.054154
0.114202
0.420888
0.158409
0.524590
0.280715
0.300792
0.679315
0.674157
0.130963
0.131700
0.119727
0.098545
0.103518
0.082520
0.075889
0.081967
0.064284
0.046970
0.053417
0.332290
0.169829
0.147725
0.355867
0.339473
0.258243
0.084914
0.058574
0.043102
0.098361
0.086756
0.090256
0.104623
0.290109
0.301897
0.115122
0.050654
0.062442
0.077915
0.058574
0.060048
0.045496
0.051943
0.137779
0.124701
0.110702
0.210168
0.123411
0.121017
0.062074
0.162277
0.129858
0.067232
0.093387
0.125437
0.103887
0.114570
0.091361
0.069442
0.086756
0.096334
0.102045
0.093756
0.072205
0.062258
0.066863
0.053785
0.124885
0.091361
0.080862
0.059311
0.117333
0.062074
0.099097
0.196353
0.254190
0.069442
0.114570
0.394732
0.290293
0.121938
0.106281
0.082888
0.190459
0.075520
0.049365
0.068337
0.050654
0.040523
0.080678
0.048628
0.046049
0.190090
0.589611
0.072205
0.083809
0.076994
0.050654
0.079204
0.074231
0.053417
0.106097
0.108491
0.110886
0.090072
0.088967
0.094493
0.071652
0.095966
0.187327
0.105913
0.081967
0.050654
0.048628
0.045681
0.139252
0.086388
0.081415
0.065942
0.176828
0.436176
0.420335
0.473936
0.552404
0.285504
0.201879
0.383312
0.225087
0.119912
0.090624
0.109965
0.075889
0.058206
0.065021
0.062258
0.070915
0.054890
0.054706
0.071836
0.047707
0.113096
0.092282
0.085283
0.104992
0.142752
0.276847
0.184196
0.287714
0.371523
0.374655
0.138700
0.196537
0.135384
0.136305
0.104255
0.080862
0.138515
0.233008
0.052312
0.056732
0.037944
0.039971
0.060232
0.064284
0.096703
0.126911
0.329158
0.542457
0.228219
0.060969
0.121385
0.202800
0.379075
0.257874
0.130595
0.119543
0.147357
0.124701
0.105176
0.069073
0.053969
0.064837
0.060969
0.051575
0.062258
0.045496
0.058574
0.046602
0.114754
0.089703
0.146804
0.069258
0.093203
0.059864
0.053048
0.064100
0.052864
0.092282
0.055443
0.085651
0.116780
0.102966
0.086572
0.079757
0.068705
0.053417
0.044760
0.049365
0.053233
0.051943
0.048259
0.033339
0.073310
0.108307
0.120648
0.117333
0.184564
0.053785
0.124885
0.108860
0.316449
0.262479
0.071652
0.081967
0.111439
0.130227
0.079388
0.085467
0.084362
0.054890
0.063363
0.063548
0.070179
0.055996
0.044391
0.107386
0.072021
0.068337
0.276110
0.125069
0.069994
0.047338
0.087493
0.057101
0.044207
0.074415
0.193037
0.438755
0.688340
0.384785
0.156382
0.210720
0.064653
0.079573
0.049549
0.052312
0.050101
0.051943
0.059311
0.068705
0.077178
0.049733
0.194879
0.054890
0.032603
0.031498
0.106281
0.045681
0.035734
0.102229
0.140542
0.095045
0.096519
0.139068
0.133358
0.087125
0.084914
0.073494
0.068337
0.065758
0.047523
0.044207
0.051391
0.058206
0.136489
0.080125
0.053048
0.121938
0.105544
0.146988
0.353288
0.262848
0.369313
0.383496
0.275557
0.105544
0.089151
0.086388
0.046417
0.052127
0.054338
0.047707
0.060416
0.064100
0.069442
0.060048
0.045128
0.056917
0.098176
0.313870
0.485172
0.451280
0.248849
0.125437
0.086941
0.086388
0.143673
0.491435
0.155830
0.333579
0.207036
0.109228
0.061890
0.062074
0.072757
0.049733
0.051759
0.064100
0.042365
0.051022
0.045128
0.044391
0.113096
0.055443
0.054890
0.072573
0.111254
0.054890
0.161908
0.079388
0.099834
0.093756
0.081046
0.126911
0.439860
0.408362
0.239455
0.069258
0.084730
0.103518
0.069442
0.069442
0.094861
0.080125
0.073494
0.098729
0.144962
0.097440
0.131148
0.119912
0.207773
0.044575
0.263400
0.157488
0.052680
0.285688
0.101860
0.107202
0.099097
0.068889
0.085467
0.079020
0.070915
0.061521
0.063548
0.062258
0.050654
0.039050
0.055075
0.078099
0.078836
0.063732
0.197274
0.088782
0.086020
0.098913
0.107570
0.069994
0.058206
0.049180
0.124885
0.128937
0.151041
0.085835
0.088230
0.079941
0.091361
0.089335
0.093940
0.082704
0.070363
0.072389
0.053048
0.087861
0.088967
0.094308
0.063548
0.080494
0.179407
0.277215
0.172039
0.283293
0.106834
0.088782
0.067968
0.107939
0.106465
0.128753
0.061706
0.123411
0.063548
0.042365
0.067968
0.072389
0.041628
0.047338
0.038497
0.062995
0.123043
0.093387
0.215325
0.099834
0.082704
0.067600
0.176828
0.057469
0.067968
0.116228
0.110333
0.139068
0.133174
0.106281
0.089335
0.111991
0.096150
0.106097
0.093572
0.065390
0.063732
0.060232
0.051391
0.117701
0.500645
0.157119
0.094308
0.086204
0.148646
0.275373
0.469147
0.143304
0.126174
0.119543
0.137410
0.153435
0.149751
0.474489
0.339105
0.514644
0.386075
0.158593
0.110702
0.059127
0.054706
0.052496
0.053785
0.058574
0.124885
0.115122
0.087309
0.294898
0.165040
0.037944
0.078099
0.067784
0.041997
0.073863
0.043102
0.072205
0.109044
0.052496
0.068705
0.053417
0.044760
0.042918
0.047523
0.058206
0.048075
0.053417
0.041444
0.055811
0.079388
0.153619
0.060048
0.050470
0.063916
0.095414
0.084362
0.045865
0.252901
0.475041
0.256217
0.544115
0.274636
0.137779
0.223614
0.272610
0.090993
0.056917
0.047523
0.053969
0.051759
0.055443
0.070731
0.057101
0.128385
0.133726
0.452938
0.087125
0.079204
0.066311
0.104439
0.093756
0.078283
0.124701
0.113281
0.122859
0.142936
0.142383
0.064100
0.062442
0.077547
0.086388
0.079204
0.071836
0.062442
0.062995
0.057838
0.063732
0.094677
0.117885
0.079020
0.097624
0.067968
0.053785
0.120280
0.051575
0.102413
0.107570
0.093572
0.094124
0.102229
0.162092
0.098913
0.088782
0.083441
0.087125
0.103702
0.066126
0.069258
0.053969
0.064284
0.073126
0.149199
0.115675
0.059495
0.085283
0.141647
0.293424
0.280715
0.094493
0.123227
0.359919
0.152698
0.151041
0.144410
0.137594
0.106649
0.067784
0.064284
0.095414
0.059495
0.054338
0.065758
0.044207
0.069994
0.065205
0.133726
0.080862
0.217904
0.153619
0.096887
0.060785
0.119543
0.058022
0.058943
0.092651
0.081783
0.115675
0.153251
0.121385
0.088967
0.091361
0.122490
0.095045
0.109044
0.063179
0.063179
0.070915
0.056732
0.076994
0.135752
0.084914
0.602505
0.344078
0.236139
0.111439
0.352735
0.432861
0.100939
0.101492
0.130042
0.138884
0.132069
0.122122
0.091177
0.083625
0.071836
0.081046
0.103150
0.062995
0.069810
0.056180
0.054706
0.061706
0.074784
0.168539
0.387364
0.491619
0.532695
0.448701
0.213299
0.389575
0.352551
0.394179
0.365261
0.377049
0.161171
0.146620
0.113281
0.092466
0.182170
0.182170
0.208694
0.064284
0.056917
0.051391
0.045865
0.061890
0.053048
0.164855
0.142752
0.091545
0.310923
0.391601
0.221219
0.064837
0.128016
0.187880
0.209247
0.188248
0.179407
0.157672
0.155093
0.123227
0.096703
0.111623
0.067232
0.052864
0.052127
0.050286
0.067416
0.053969
0.109044
0.131332
0.073678
0.136858
0.103334
0.083809
0.060969
0.072573
0.058022
0.088598
0.164119
0.113281
0.159330
0.506907
0.088598
0.091545
0.067968
0.072573
0.059495
0.063363
0.070731
0.099650
0.067784
0.056732
0.086388
0.101124
0.087493
0.117885
0.081599
0.088782
0.078099
0.052127
0.073494
0.103702
0.372076
0.116228
0.460858
0.422177
0.316817
0.316817
0.190274
0.093203
0.081967
0.063548
0.065205
0.071836
0.074415
0.058390
0.068705
0.099097
0.050654
0.056548
0.155830
0.107202
0.082336
0.235218
0.222509
0.085099
0.085835
0.178854
0.317922
0.384233
0.466200
0.566218
0.116964
0.066126
0.072942
0.099282
0.079020
0.066495
0.061153
0.071284
0.086572
0.108676
0.057653
0.309081
0.091361
0.070179
0.063548
0.105728
0.074599
0.058943
0.128569
0.138884
0.161171
0.147541
0.132621
0.136858
0.109044
0.107202
0.114202
0.096334
0.108307
0.091730
0.079941
0.087493
0.090993
0.098729
0.084546
0.474857
0.300055
0.093387
0.186959
0.307423
0.061153
0.092651
0.105544
0.205747
0.322343
0.139805
0.100571
0.129490
0.088598
0.084546
0.090072
0.085283
0.078283
0.083625
0.064653
0.058206
0.065390
0.148830
0.115491
0.112175
0.233376
0.381838
0.580402
0.446307
0.346288
0.142752
0.290293
0.211457
0.426230
0.403758
0.377418
0.356235
0.338184
0.254375
0.098913
0.089519
0.089151
0.087309
0.083993
0.079757
0.072205
0.401916
0.419230
0.090440
0.281267
0.147725
0.061890
0.118070
0.179407
0.249770
0.446675
0.139068
0.344446
0.372813
0.531774
0.142383
0.127279
0.144041
0.114017
0.105360
0.120648
0.098545
0.085099
0.094861
0.096887
0.161724
0.199484
0.186775
0.109781
0.090624
0.081415
0.179223
0.052127
0.095598
0.143304
0.138884
0.121569
0.141831
0.150672
0.103334
0.098176
0.102413
0.105176
0.070363
0.070915
0.060232
0.056917
0.060600
0.087309
0.087677
0.190274
0.487014
0.129858
0.087309
0.053417
0.105176
0.068337
0.061706
0.101676
0.120280
0.101860
0.121201
0.092466
0.099097
0.080494
0.072757
0.108860
0.087125
0.072021
0.066863
0.061153
0.078652
0.114386
0.103887
0.077915
0.055259
0.069073
0.135200
0.235587
0.252901
0.314238
0.106649
0.081783
0.098176
0.146067
0.114017
0.137779
0.116964
0.076994
0.072205
0.094308
0.084362
0.070363
0.056180
0.087493
0.057101
0.108676
0.102229
0.068705
0.241665
0.614846
0.400258
0.072573
0.117149
0.056364
0.076441
0.132069
0.122306
0.087861
0.103334
0.094124
0.070915
0.065390
0.111070
0.160619
0.108491
0.076810
0.083809
0.064284
0.069073
0.083625
0.322896
0.427150
0.120833
0.133174
0.182354
0.132990
0.156751
0.133542
0.516301
0.230429
0.153804
0.205010
0.276110
0.131516
0.227298
0.076257
0.069258
0.072021
0.081599
0.066126
0.063179
0.064100
0.070179
0.073126
0.087493
0.144778
0.111070
0.070915
0.080125
0.074968
0.118806
0.160251
0.167434
0.213299
0.390311
0.435992
0.141463
0.119543
0.109965
0.115122
0.087493
0.087861
0.079757
0.089888
0.072205
0.065574
0.060969
0.082888
0.099834
0.118622
0.092098
0.078467
0.312949
0.192485
0.114754
0.265242
0.438018
0.541352
0.554338
0.554338
0.567324
0.510407
0.301345
0.085283
0.080862
0.080494
0.080678
0.057653
0.050470
0.052312
0.048075
0.068705
0.163566
0.060600
0.191195
0.072942
0.053601
0.069442
0.087861
0.080862
0.063916
0.138331
0.211641
0.338184
0.156014
0.092651
0.069994
0.059864
0.074047
0.064837
0.081415
0.072021
0.049180
0.049733
0.045496
0.072757
0.116412
0.070547
0.112544
0.076626
0.103150
0.055996
0.125622
0.111439
0.056917
0.066863
0.504881
0.130779
0.112360
0.113833
0.089519
0.316817
0.110518
0.313870
0.086941
0.062995
0.068705
0.080678
0.058943
0.082888
0.120833
0.075889
0.071100
0.109228
0.209062
0.182538
0.178670
0.278689
0.119727
0.185301
0.159514
0.289556
0.255296
0.196169
0.188617
0.107939
0.076810
0.069810
0.062258
0.061890
0.096703
0.082704
0.069258
0.076810
0.156935
0.144594
0.142752
0.301529
0.407810
0.307791
0.050286
0.058206
0.045312
0.093940
0.108491
0.090809
0.253454
0.444465
0.226745
0.064284
0.043286
0.046786
0.058390
0.053601
0.048075
0.044944
0.077915
0.048444
0.070915
0.471910
0.491251
0.472279
0.447780
0.412231
0.209983
0.221404
0.596058
0.298766
0.518328
0.132253
0.145883
0.082151
0.060785
0.055811
0.061890
0.064284
0.061337
0.049180
0.042733
0.063179
0.038865
0.045681
0.107939
0.074599
0.091730
0.080678
0.068153
0.079020
0.074599
0.033524
0.073678
0.055996
0.080494
0.312581
0.346288
0.213483
0.134647
0.085651
0.075705
0.091177
0.080309
0.064837
0.061521
0.063916
0.061890
0.053969
0.092651
0.070179
0.206668
0.211825
0.483699
0.286977
0.232087
0.175723
0.131148
0.172223
0.132990
0.149015
0.114754
0.096334
0.089151
0.084546
0.065758
0.075336
0.043286
0.058022
0.053233
0.058943
0.062074
0.057101
0.482225
0.586112
0.384233
0.151225
0.044575
0.047523
0.373181
0.126911
0.040155
0.084914
0.145146
0.116228
0.096703
0.117701
0.357156
0.130227
0.060416
0.067047
0.060785
0.072757
0.050286
0.044023
0.041997
0.063363
0.126911
0.142936
0.242770
0.092466
0.095045
0.054890
0.278320
0.078283
0.043470
0.101676
0.148830
0.117149
0.108307
0.112728
0.087861
0.061706
0.061706
0.095598
0.080678
0.063179
0.058022
0.053601
0.050286
0.074415
0.129490
0.069810
0.191380
0.158409
0.085283
0.121385
0.287346
0.086756
0.203537
0.099834
0.109781
0.099282
0.142936
0.098913
0.074231
0.107939
0.091177
0.095045
0.066679
0.059495
0.049365
0.058574
0.049733
0.099282
0.104992
0.046786
0.138147
0.091177
0.068153
0.053969
0.337079
0.057653
0.046233
0.084362
0.148830
0.120464
0.126543
0.267821
0.081599
0.093019
0.076073
0.112175
0.106097
0.072389
0.058943
0.069626
0.092282
0.069442
0.151777
0.611346
0.403205
0.131700
0.206115
0.482041
0.139989
0.084178
0.153804
0.200958
0.333763
0.132990
0.343894
0.135384
0.091177
0.096334
0.143857
0.072573
0.050101
0.052496
0.074047
0.053601
0.058390
0.054706
0.093572
0.086204
0.289740
0.137779
0.043286
0.041444
0.095782
0.040339
0.037392
0.104623
0.282557
0.229140
0.079020
0.064653
0.069442
0.049549
0.040523
0.054338
0.043470
0.056364
0.048996
0.049180
0.047891
0.067416
0.081599
0.050838
0.077547
0.307055
0.189906
0.048812
0.042549
0.053233
0.155461
0.141831
0.374102
0.597163
0.414625
0.559772
0.432861
0.318659
0.071652
0.070363
0.044207
0.039786
0.052312
0.055259
0.040707
0.044760
0.114570
0.132069
0.161908
0.162092
0.104992
0.092098
0.143673
0.078652
0.092098
0.153067
0.178118
0.129306
0.144594
0.102229
0.105360
0.081230
0.088046
0.085835
0.094861
0.058206
0.067416
0.075152
0.075336
0.066863
0.127279
0.078283
0.191932
0.485172
0.468042
0.102781
0.246270
0.068521
0.066863
0.088414
0.356788
0.112912
0.113649
0.127279
0.112175
0.103518
0.095045
0.112544
0.099097
0.077915
0.058022
0.065574
0.074599
0.061521
0.142015
0.114386
0.508013
0.120096
0.259716
0.296371
0.313870
0.071652
0.082704
0.117333
0.103334
0.133542
0.112544
0.075520
0.067416
0.088598
0.109781
0.092098
0.065574
0.084914
0.063179
0.064653
0.071836
0.109597
0.100755
0.065021
0.269295
0.069442
0.074599
0.060785
0.116964
0.055996
0.074415
0.149936
0.105728
0.100755
0.106834
0.067416
0.072205
0.079020
0.099282
0.107386
0.081230
0.077178
0.085467
0.067416
0.065574
0.177197
0.118991
0.062442
0.070363
0.099282
0.106834
0.062627
0.143120
0.265426
0.150672
0.382943
0.177012
0.191011
0.095229
0.100939
0.095045
0.093203
0.067784
0.346288
0.057469
0.074047
0.069994
0.067232
0.060785
0.130227
0.107939
0.091914
0.082336
0.355867
0.406152
0.104992
0.452385
0.240007
0.457911
0.410389
0.403758
0.533432
0.590717
0.343526
0.525511
0.316449
0.125622
0.085467
0.076441
0.078283
0.082704
0.087309
0.072205
0.074784
0.128200
0.084178
0.252533
0.166882
0.139436
0.212746
0.128753
0.131700
0.132621
0.300055
0.352183
0.384601
0.537576
0.690551
0.335421
0.354577
0.349051
0.147725
0.087861
0.075889
0.070363
0.074047
0.079204
0.083809
0.168355
0.109965
0.129858
0.163566
0.108676
0.166145
0.273899
0.110149
0.084178
0.089151
0.092466
0.310370
0.151962
0.174249
0.107386
0.100387
0.113281
0.102597
0.108491
0.090256
0.081967
0.086020
0.088414
0.137963
0.151593
0.127464
0.120464
0.088046
0.071468
0.070547
0.138515
0.070547
0.057838
0.094124
0.165040
0.143857
0.131884
0.126911
0.088414
0.106834
0.134279
0.128200
0.105728
0.072757
0.071468
0.063363
0.074047
0.095966
0.105913
0.102045
0.080494
0.143489
0.069626
0.097992
0.115859
0.223246
0.087125
0.116412
0.401916
0.179959
0.140542
0.125069
0.263953
0.145146
0.087493
0.097255
0.095045
0.067784
0.070363
0.076626
0.065205
0.085467
0.154172
0.099097
0.253085
0.161908
0.095966
0.066863
0.101676
0.069626
0.087861
0.113649
0.122859
0.135568
0.145883
0.111807
0.076257
0.102413
0.130779
0.359919
0.071652
0.065205
0.064284
0.062442
0.064837
0.067968
0.115122
0.121201
0.593295
0.518512
0.323632
0.418677
0.549457
0.316449
0.228956
0.377418
0.286609
0.521090
0.491066
0.107202
0.196169
0.105360
0.088782
0.075889
0.084546
0.094861
0.080494
0.089888
0.067416
0.065758
0.119175
0.158224
0.484067
0.401547
0.341315
0.274268
0.075152
0.085283
0.187327
0.223798
0.363234
0.362498
0.367103
0.248480
0.095414
0.112728
0.076441
0.116412
0.110149
0.100939
0.076994
0.061890
0.069258
0.083809
0.093203
0.091914
0.092835
0.072573
0.133174
0.417204
0.581875
0.294714
0.145331
0.257506
0.403021
0.150857
0.809173
0.431019
0.330816
0.333763
0.316449
0.172407
0.078099
0.056180
0.078283
0.062811
0.071836
0.065758
0.395469
0.078836
0.070731
0.258427
0.244612
0.164487
0.178118
0.058022
0.070363
0.099650
0.095414
0.088598
0.093387
0.127648
0.102229
0.091545
0.097071
0.068889
0.084178
0.068153
0.073126
0.061337
0.056364
0.065942
0.087861
0.071468
0.110518
0.268926
0.196721
0.049365
0.107018
0.049733
0.265979
0.374102
0.094493
0.550930
0.473384
0.098545
0.099097
0.101492
0.132253
0.083625
0.128569
0.091177
0.068705
0.067416
0.078836
0.082704
0.140910
0.099097
0.074968
0.123411
0.064653
0.275005
0.296003
0.300239
0.364708
0.125806
0.099097
0.107570
0.115122
0.091545
0.087861
0.091177
0.109228
0.124332
0.086572
0.091914
0.072389
0.105360
0.077547
0.089335
0.128753
0.265242
0.140357
0.095045
0.065390
0.075889
0.091361
0.074599
0.118991
0.109044
0.195248
0.102781
0.120464
0.106834
0.481120
0.313133
0.249217
0.250507
0.093940
0.081783
0.073494
0.086756
0.085835
0.129306
0.113833
0.103150
0.088414
0.097808
0.111439
0.145883
0.047707
0.052680
0.060048
0.083441
0.080494
0.108676
0.081783
0.088046
0.077915
0.050101
0.065574
0.070363
0.057838
0.064100
0.061706
0.071468
0.067784
0.135568
0.100387
0.107755
0.066495
0.056548
0.058574
0.061890
0.047707
0.062258
0.079757
0.081415
0.092835
0.084178
0.088967
0.073126
0.060600
0.067047
0.085099
0.063179
0.067600
0.072942
0.064837
0.070179
0.060785
0.104255
0.093756
0.074231
0.069626
0.065758
0.052312
0.074415
0.058574
0.052312
0.064100
0.087677
0.087309
0.098729
0.096150
0.084730
0.057653
0.060969
0.065390
0.054338
0.059495
0.074968
0.060969
0.062258
0.079573
0.122675
0.108123
0.131884
0.096519
0.491435
0.248849
0.063363
0.074968
0.058390
0.069626
0.123964
0.186591
0.338368
0.740284
0.528090
0.489961
0.502487
0.080125
0.090256
0.094124
0.086941
0.081967
0.083257
0.093756
0.104808
0.127095
0.166697
0.451096
0.300239
0.085099
0.076257
0.103150
0.071836
0.082704
0.065574
0.377049
0.225456
0.138884
0.136305
0.117517
0.116596
0.089703
0.098361
0.112360
0.079388
0.077915
0.095045
0.088782
0.093940
0.137779
0.100387
0.208878
0.092835
0.088782
0.097624
0.117333
0.074047
0.084730
0.140726
0.133910
0.133726
0.130411
0.113833
0.099466
0.109044
0.090993
0.110149
0.110333
0.088967
0.084546
0.099282
0.094677
0.093019
0.172592
0.120648
0.165592
0.124148
0.102966
0.249217
0.420888
0.080309
0.106097
0.358077
0.147357
0.331000
0.363971
0.335973
0.112175
0.115675
0.123596
0.100018
0.066679
0.079020
0.088414
0.081599
0.074047
0.085835
0.146988
0.103334
0.267268
0.519433
0.308528
0.423651
0.360287
0.361208
0.351814
0.344815
0.384417
0.198563
0.324369
0.399889
0.366550
0.240928
0.085835
0.082520
0.094124
0.080309
0.080862
0.084178
0.090624
0.084730
0.118622
0.153251
0.168355
0.082888
0.361577
0.101676
0.132805
0.240192
0.288083
0.153251
0.159882
0.165224
0.168908
0.104439
0.082888
0.102781
0.090993
0.096519
0.174249
0.153619
0.113649
0.102229
0.094124
0.161171
0.138700
0.158224
0.256769
0.379812
0.082704
0.167618
0.503776
0.338000
0.508934
0.664027
0.579665
0.358630
0.218825
0.117885
0.116228
0.123227
0.108123
