0.150259
0.132573
0.141831
0.135130
0.122349
0.181831
0.176097
0.281451
0.261969
0.310397
0.195924
0.388808
0.290501
0.201934
0.214301
0.195371
0.321313
0.366010
0.204767
0.299758
0.248428
0.217824
0.174093
0.216235
0.167047
0.152055
0.124421
0.140242
0.131675
0.178100
0.169672
0.324629
0.394059
0.459827
0.670190
0.683109
0.741623
0.294162
0.294715
0.353644
0.542867
0.724905
0.488981
0.432055
0.376097
0.322487
0.225492
0.188117
0.128221
0.114266
0.106667
0.103212
0.171399
0.142245
0.217064
0.436477
0.312746
0.539136
0.264870
0.281382
0.246356
0.215268
0.219275
0.475509
0.300035
0.384870
0.594473
0.460035
0.404214
0.360000
0.300794
0.284905
0.241451
0.238411
0.232815
0.268117
0.255130
0.288290
0.338584
0.399724
0.361520
0.285320
0.267150
0.467496
0.433230
0.247945
0.221416
0.257824
0.454922
0.732297
0.511295
0.596477
0.356200
0.248014
0.259206
0.241174
0.234335
0.285665
0.179275
0.247461
0.274059
0.279378
0.418100
0.550743
0.370984
0.297478
0.346073
0.358922
0.320836
0.323212
0.276670
0.311627
0.450812
0.598556
0.626356
0.552781
0.480705
0.384318
0.345589
0.350584
0.294566
0.255746
0.251880
0.252019
0.250466
0.263678
0.293808
0.410876
0.448409
0.491562
0.259482
0.491537
0.329603
0.513644
0.410294
0.254784
0.321244
0.598964
0.668394
0.662729
0.432539
0.299551
0.268946
0.269845
0.165734
0.160967
0.209672
0.172090
0.180173
0.228739
0.237651
0.313092
0.370639
0.408843
0.269223
0.324974
0.585354
0.496511
0.381900
0.400207
0.401589
0.542245
0.426045
0.442142
0.406770
0.401313
0.253402
0.196339
0.170017
0.182107
0.166010
0.175475
0.160967
0.163454
0.189775
0.335268
0.335544
0.300794
0.288774
0.496511
0.415268
0.672124
0.564560
0.456995
0.755302
0.582729
0.523731
0.459482
0.337202
0.286287
0.162556
0.175959
0.167323
0.180933
0.202418
0.184111
0.188394
0.201036
0.426252
0.487599
0.318273
0.288636
0.312815
0.302660
0.289948
0.423558
0.393022
0.393437
0.314611
0.475648
0.282487
0.615544
0.515648
0.345009
0.323247
0.254024
0.235371
0.215613
0.225769
0.227979
0.208497
0.328152
0.281313
0.365596
0.315924
0.405250
0.446770
0.601589
0.585769
0.391641
0.449672
0.346528
0.266598
0.308877
0.345907
0.326425
0.316477
0.222107
0.250225
0.228601
0.209672
0.198066
0.199793
0.213264
0.260380
0.234404
0.304594
0.299136
0.221554
0.266943
0.383074
0.383351
0.238480
0.217271
0.203869
0.238342
0.416235
0.558549
0.638618
0.468117
0.370708
0.312332
0.368636
0.324076
0.209603
0.214577
0.226874
0.415199
0.227910
0.255199
0.424249
0.600069
0.307012
0.334439
0.339551
0.292435
0.258446
0.208843
0.246010
0.528014
0.424801
0.618307
0.439862
0.642625
0.672539
0.335751
0.345147
0.284421
0.249257
0.241105
0.218998
0.331054
0.332366
0.219620
0.427288
0.409534
0.300864
0.300380
0.335682
0.352815
0.337686
0.343696
0.530017
0.478066
0.298100
0.283454
0.323040
0.360069
0.352263
0.357997
0.251192
0.244145
0.225699
0.233161
0.210017
0.220173
0.256097
0.218515
0.230466
0.267012
0.314888
0.335130
0.481658
0.546667
0.512746
0.457824
0.284974
0.328359
0.435095
0.653057
0.601036
0.457686
0.309914
0.430743
0.361036
0.217202
0.259620
0.213748
0.225630
0.219344
0.220242
0.247737
0.220725
0.305630
0.421140
0.448014
0.524767
0.307565
0.285941
0.238204
0.286287
0.607254
0.429706
0.339275
0.763178
0.654646
0.429706
0.408566
0.373126
0.227081
0.223005
0.251952
0.228739
0.224249
0.231295
0.220104
0.336442
0.437444
0.510535
0.497202
0.390259
0.366563
0.391503
0.288359
0.304732
0.341071
0.397306
0.591364
0.571399
0.372504
0.341347
0.494577
0.263834
0.246010
0.250432
0.203040
0.188463
0.197997
0.200622
0.213333
0.299136
0.399655
0.345354
0.294853
0.243247
0.261485
0.334439
0.545423
0.423558
0.389499
0.555371
0.477927
0.707910
0.369396
0.306321
0.330294
0.252573
0.219620
0.193506
0.216857
0.198756
0.186736
0.273644
0.269914
0.263765
0.358618
0.275717
0.297271
0.227565
0.235924
0.208221
0.193506
0.173610
0.189637
0.261969
0.365043
0.334093
0.304456
0.305354
0.243385
0.205596
0.210432
0.241174
0.203731
0.191917
0.231364
0.338791
0.207945
0.239655
0.359033
0.226114
0.396408
0.474059
0.254715
0.225009
0.175475
0.174577
0.187427
0.226667
0.294093
0.363040
0.472332
0.319240
0.247599
0.227496
0.197651
0.204352
0.236684
0.188532
0.195993
0.362349
0.291744
0.425838
0.472815
0.507910
0.198342
0.228048
0.286908
0.452366
0.271503
0.506805
0.229361
0.222245
0.317513
0.305561
0.306252
0.247876
0.222729
0.144801
0.181416
0.141831
0.133955
0.133264
0.133748
0.158411
0.145976
0.256166
0.221693
0.172988
0.134922
0.132781
0.218722
0.166287
0.180449
0.193782
0.201174
0.220104
0.262798
0.382936
0.451192
0.436546
0.212297
0.207945
0.188325
0.182383
0.190121
0.182176
0.177271
0.217202
0.207461
0.228532
0.221278
0.215959
0.271917
0.198618
0.284145
0.463903
0.265216
0.261554
0.310328
0.224663
0.482625
0.617133
0.487323
0.262936
0.221278
0.180794
0.188739
0.140587
0.166010
0.149914
0.144870
0.191364
0.206079
0.366770
0.349983
0.235648
0.201727
0.260518
0.440138
0.633230
0.393230
0.293817
0.233022
0.318204
0.442487
0.393921
0.319655
0.261900
0.242418
0.214093
0.155579
0.191019
0.150743
0.151641
0.153990
0.156062
0.202142
0.299965
0.457686
0.268877
0.213264
0.224663
0.389775
0.453195
0.402487
0.493126
0.452021
0.307358
0.576788
0.431503
0.348739
0.299275
0.414231
0.265630
0.205112
0.203800
0.199033
0.208359
0.208843
0.203178
0.220035
0.365320
0.582798
0.518618
0.420656
0.485527
0.814093
0.557029
0.278964
0.331399
0.341485
0.252919
0.311088
0.436200
0.347496
0.276477
0.241727
0.226321
0.200345
0.231917
0.194197
0.204974
0.198756
0.196062
0.205320
0.264180
0.353368
0.452297
0.387496
0.377617
0.437375
0.229361
0.216580
0.297340
0.242694
0.230812
0.393782
0.295130
0.290155
0.279793
0.288566
0.465216
0.211192
0.191364
0.187288
0.213472
0.217547
0.248221
0.278549
0.300242
0.425561
0.372090
0.267150
0.182660
0.271088
0.323869
0.355095
0.397789
0.179551
0.202832
0.254231
0.655060
0.604560
0.405112
0.265354
0.269568
0.283247
0.172573
0.185285
0.176442
0.169948
0.205734
0.196891
0.232608
0.350535
0.328497
0.232677
0.258791
0.275164
0.194957
0.385078
0.355440
0.287392
0.459620
0.257409
0.286356
0.413817
0.274059
0.217824
0.161796
0.153644
0.169326
0.132781
0.139551
0.147703
0.141900
0.133057
0.140035
0.307288
0.298653
0.587012
0.669775
0.283731
0.431641
0.414370
0.326908
0.353921
0.451952
0.693679
0.568152
0.312263
0.380518
0.293402
0.186252
0.214231
0.300311
0.273230
0.269983
0.274750
0.211813
0.239655
0.321658
0.478342
0.259758
0.214577
0.223489
0.203523
0.246425
0.199033
0.197168
0.286839
0.314819
0.394611
0.428601
0.387703
0.340864
0.257271
0.225699
0.193506
0.180656
0.260380
0.178929
0.228117
0.423627
0.184525
0.316131
0.500035
0.444836
0.279931
0.222176
0.401036
0.159516
0.156131
0.207254
0.153230
0.221002
0.262936
0.301623
0.449810
0.490708
0.198549
0.180173
0.200345
0.172435
0.137478
0.157720
0.153299
0.212573
0.244421
0.293955
0.338169
0.188532
0.167116
0.165872
0.171952
0.230950
0.201520
0.200760
0.223765
0.232263
0.455406
0.427288
0.339689
0.328705
0.432332
0.238204
0.289188
0.258791
0.264663
0.271088
0.265976
0.272539
0.279793
0.335751
0.386874
0.259689
0.213886
0.287737
0.307979
0.461693
0.225009
0.190535
0.195164
0.206079
0.497064
0.574991
0.453264
0.400691
0.233851
0.306045
0.204421
0.213333
0.200138
0.212366
0.303558
0.383212
0.235440
0.441658
0.393851
0.284421
0.301071
0.193713
0.229016
0.193990
0.184870
0.194128
0.206701
0.262383
0.680207
0.469223
0.413817
0.364283
0.372159
0.315026
0.213817
0.202971
0.214370
0.241105
0.211192
0.198273
0.196960
0.222798
0.301416
0.338515
0.202349
0.556753
0.288705
0.263074
0.244629
0.144456
0.153368
0.226598
0.296718
0.236546
0.328774
0.274819
0.202073
0.146736
0.131606
0.136580
0.121244
0.177133
0.139620
0.135751
0.183558
0.176097
0.177271
0.454301
0.275717
0.236753
0.282211
0.265147
0.493541
0.211468
0.408636
0.191434
0.354750
0.360000
0.217547
0.200138
0.194680
0.146045
0.142660
0.177064
0.154611
0.145078
0.151641
0.150397
0.170639
0.326494
0.206079
0.330915
0.175544
0.139413
0.202694
0.182245
0.155164
0.349914
0.219136
0.195440
0.455959
0.485112
0.416788
0.189637
0.187288
0.152332
0.111226
0.114957
0.104870
0.117029
0.126287
0.152539
0.155164
0.264663
0.342314
0.221002
0.246978
0.427772
0.340449
0.431710
0.180242
0.173955
0.355509
0.310397
0.670397
0.449810
0.278895
0.558687
0.289326
0.190190
0.124767
0.128566
0.172781
0.192746
0.250639
0.188117
0.285803
0.232539
0.310950
0.241313
0.187841
0.183696
0.195233
0.141762
0.170846
0.173679
0.163454
0.155509
0.227979
0.348739
0.350121
0.308601
0.220380
0.236408
0.148048
0.145907
0.160622
0.196131
0.161934
0.169119
0.220173
0.460449
0.553092
0.443178
0.204076
0.200345
0.247668
0.493955
0.350812
0.179275
0.181140
0.207737
0.451744
0.382798
0.263834
0.253126
0.211468
0.175751
0.130708
0.176788
0.123523
0.175268
0.142107
0.137271
0.142038
0.243661
0.335268
0.213955
0.159931
0.134162
0.130363
0.154335
0.119585
0.129188
0.121382
0.113506
0.504387
0.256097
0.207323
0.162418
0.161520
0.127185
0.129810
0.121382
0.105976
0.152884
0.109914
0.120415
0.168290
0.243040
0.230397
0.188739
0.157720
0.099965
0.142038
0.103627
0.111917
0.179344
0.421140
0.389499
0.218860
0.114957
0.130570
0.137824
0.135268
0.156062
0.137686
0.114404
0.101762
0.109223
0.116131
0.121313
0.143489
0.109568
0.205527
0.162418
0.131192
0.111226
0.443109
0.187910
0.340656
0.339689
0.428325
0.134301
0.240760
0.464456
0.452988
0.291399
0.249326
0.177064
0.184801
0.181347
0.214577
0.164767
0.176926
0.185354
0.200484
0.188117
0.253817
0.233022
0.177202
0.182453
0.200691
0.157789
0.157651
0.146736
0.179413
0.174301
0.159033
0.267634
0.260725
0.280276
0.208083
0.149154
0.195440
0.121934
0.115026
0.396960
0.161174
0.134991
0.154957
0.194059
0.234888
0.427772
0.186321
0.121658
0.155855
0.385630
0.301209
0.211952
0.132781
0.236546
0.461347
0.193368
0.184180
0.145492
0.190397
0.134301
0.132366
0.120691
0.128359
0.109637
0.129050
0.186528
0.175613
0.217755
0.288981
0.222038
0.262867
0.199309
0.203178
0.143489
0.170155
0.144111
0.158135
0.175889
0.393161
0.708946
0.360760
0.347703
0.203109
0.177133
0.189430
0.167945
0.170639
0.206770
0.200484
0.299758
0.236546
0.261278
0.622729
0.361796
0.239585
0.203661
0.223282
0.171399
0.172642
0.226874
0.544663
0.389637
0.352193
0.277927
0.292919
0.428187
0.233022
0.198895
0.157444
0.152470
0.146114
0.150604
0.196339
0.299689
0.172988
0.281934
0.471157
0.209810
0.229706
0.134024
0.206632
0.225561
0.109223
0.098515
0.222245
0.290501
0.204974
0.143351
0.256857
0.393161
0.475717
0.312539
0.118895
0.137617
0.107565
0.111986
0.106943
0.107910
0.117098
0.155164
0.379965
0.292366
0.334231
0.171813
0.262245
0.389775
0.339482
0.546736
0.189568
0.170294
0.403247
0.347772
0.181071
0.161520
0.206494
0.162625
0.176442
0.119585
0.103903
0.119516
0.113437
0.106045
0.157720
0.182176
0.235302
0.373748
0.275509
0.175199
0.305147
0.360967
0.265216
0.353230
0.172366
0.194059
0.216166
0.505078
0.428117
0.422591
0.334853
0.115233
0.110259
0.096718
0.109775
0.093610
0.094231
0.099758
0.175406
0.283385
0.246287
0.177340
0.129188
0.156200
0.134370
0.119171
0.117375
0.174784
0.211399
0.177686
0.296580
0.317582
0.232953
0.227358
0.220933
0.176926
0.219896
0.103489
0.100725
0.117237
0.174370
0.280829
0.166218
0.230466
0.313230
0.182176
0.238066
0.176649
0.294024
0.412228
0.373541
0.172228
0.178100
0.180242
0.531883
0.532919
0.430466
0.258653
0.173817
0.113437
0.106114
0.108463
0.126010
0.115993
0.103143
0.152263
0.196339
0.224249
0.504180
0.211123
0.135060
0.149845
0.150466
0.109845
0.105630
0.147979
0.097824
0.148256
0.297962
0.366701
0.573610
0.391572
0.373610
0.230466
0.146667
0.152677
0.135959
0.124491
0.105009
0.107150
0.135406
0.357997
0.236200
0.168636
0.425769
0.334439
0.223005
0.216857
0.177064
0.441105
0.222107
0.259896
0.614024
0.556062
0.445941
0.304594
0.274542
0.180380
0.182038
0.197858
0.120069
0.168912
0.137340
0.144525
0.216857
0.213333
0.253541
0.231295
0.255959
0.224940
0.281934
0.241174
0.254231
0.343351
0.308325
0.384801
0.372850
0.426528
0.323661
0.290363
0.254784
0.242211
0.326701
0.221347
0.208290
0.206632
0.200345
0.228670
0.243661
0.334922
0.362625
0.487254
0.329948
0.551848
0.510052
0.355993
0.487047
0.313022
0.223765
0.212504
0.228877
0.296580
0.315509
0.301416
0.286287
0.317858
0.267219
0.246149
0.238066
0.246356
0.222038
0.245112
0.263005
0.222176
0.348532
0.335682
0.321796
0.590950
0.334370
0.376511
0.527461
0.265561
0.216718
0.223696
0.253610
0.686632
0.384525
0.318618
0.387565
0.234957
0.218515
0.234128
0.205665
0.202487
0.301416
0.314819
0.269361
0.329257
0.391917
0.343972
0.225285
0.265285
0.274611
0.483731
0.397098
0.277306
0.198273
0.311710
0.328083
0.474197
0.396546
0.342591
0.289741
0.238756
0.218238
0.218307
0.202487
0.225492
0.200760
0.360967
0.218238
0.300380
0.550259
0.252642
0.216926
0.189983
0.229983
0.202832
0.370155
0.359724
0.351157
0.586805
0.398273
0.418446
0.323869
0.294715
0.223489
0.193921
0.193022
0.230259
0.201520
0.218653
0.276062
0.351917
0.216304
0.301278
0.403454
0.237168
0.267772
0.239171
0.300242
0.426736
0.192677
0.189292
0.211054
0.231848
0.377478
0.426114
0.276269
0.241727
0.250915
0.190190
0.176166
0.202349
0.223074
0.180656
0.183143
0.365458
0.224456
0.257202
0.356615
0.230190
0.203592
0.218446
0.438066
0.478618
0.269706
0.178100
0.178653
0.231710
0.340035
0.519931
0.344594
0.266252
0.201658
0.269637
0.154266
0.145285
0.193161
0.162073
0.159516
0.332781
0.195371
0.524836
0.365941
0.202694
0.157306
0.141140
0.192124
0.399033
0.144318
0.154197
0.144318
0.171537
0.224870
0.319309
0.363592
0.344318
0.174439
0.135268
0.170363
0.113022
0.124629
0.123109
0.131192
0.133748
0.179965
0.172021
0.216995
0.219067
0.499067
0.455199
0.334577
0.648981
0.211330
0.173402
0.149845
0.248359
0.854301
0.350812
0.146805
0.169257
0.135820
0.143489
0.125734
0.154957
0.103558
0.109292
0.113092
0.113644
0.143074
0.210225
0.262660
0.210086
0.157168
0.176097
0.193092
0.446356
0.214508
0.295268
0.176718
0.162418
0.180587
0.181002
0.166218
0.151503
0.244836
0.141554
0.111779
0.100933
0.096580
0.094646
0.111917
0.237029
0.146390
0.211952
0.235924
0.124560
0.146943
0.257064
0.188946
0.149775
0.131054
0.121313
0.192677
0.342660
0.296442
0.423765
0.170708
0.249396
0.119033
0.152677
0.155509
0.106528
0.120553
0.109983
0.120622
0.273575
0.141278
0.223005
0.257755
0.128774
0.204836
0.216442
0.351226
0.166287
0.229637
0.259620
0.262522
0.196822
0.287116
0.203661
0.199516
0.285389
0.181693
0.206563
0.143765
0.224249
0.140933
0.143074
0.134646
0.336166
0.156269
0.190812
0.276062
0.139206
0.129879
0.104041
0.141002
0.140104
0.414024
0.121727
0.091330
0.133817
0.296926
0.262867
0.355371
0.507634
0.359447
0.135751
0.123938
0.127254
0.163938
0.150328
0.149775
0.183696
0.201589
0.234750
0.300518
0.135475
0.115648
0.123385
0.112124
0.164214
0.196200
0.172573
0.426045
0.204352
0.366701
0.400829
0.432055
0.249534
0.144801
0.151710
0.125734
0.122003
0.139689
0.176442
0.146252
0.148739
0.157168
0.220794
0.412090
0.206908
0.254024
0.192884
0.249465
0.208636
0.190535
0.243040
0.435026
0.258860
0.379758
0.281036
0.247876
0.288912
0.219344
0.202349
0.184594
0.189706
0.217478
0.195302
0.195233
0.219275
0.209879
0.245043
0.360276
0.285320
0.378929
0.317029
0.408014
0.207392
0.311710
0.675026
0.390328
0.378169
0.309706
0.216926
0.297962
0.264801
0.234404
0.205872
0.240069
0.131330
0.122832
0.127323
0.148601
0.177686
0.150604
0.253333
0.230052
0.372366
0.333817
0.520415
0.256788
0.618860
0.403661
0.761451
0.358342
0.374646
0.578722
0.595164
0.573195
0.462522
0.165458
0.126563
0.142107
0.132297
0.137686
0.167876
0.137617
0.217617
0.419827
0.398273
0.273782
0.272193
0.256580
0.481658
0.232332
0.261416
0.403316
0.162832
0.362280
0.200069
0.236408
0.296511
0.298722
0.244974
0.184663
0.170777
0.162625
0.175406
0.234819
0.248221
0.274059
0.180587
0.291123
0.323247
0.199171
0.215268
0.226736
0.254508
0.253886
0.232539
0.316131
0.476131
0.638687
0.364491
0.433851
0.413541
0.299965
0.267081
0.250432
0.248083
0.306598
0.337686
0.310674
0.281658
0.274611
0.255475
0.299206
0.436753
0.246287
0.222038
0.213679
0.287392
0.267427
0.365320
0.268117
0.217686
0.215613
0.391572
0.392193
0.605043
0.560345
0.567254
0.262936
0.213057
0.217409
0.242763
0.231848
0.218791
0.243869
0.320138
0.349637
0.271503
0.256926
0.246079
0.306598
0.287047
0.279655
0.212988
0.213610
0.455130
0.362832
0.411744
0.304249
0.411123
0.275233
0.205458
0.177478
0.158066
0.196408
0.146667
0.163800
0.151088
0.162211
0.189499
0.271226
0.336995
0.263903
0.206425
0.286079
0.483316
0.527737
0.197237
0.184041
0.134715
0.167185
0.166839
0.208221
0.218929
0.176511
0.168290
0.165527
0.159724
0.136580
0.175268
0.146528
0.153506
0.160829
0.152124
0.175199
0.275579
0.216511
0.141347
0.134162
0.369741
0.138584
0.135889
0.155924
0.199724
0.132850
0.365734
0.249465
0.187288
0.523247
0.265285
0.228532
0.204698
0.183074
0.150259
0.347979
0.220104
0.222314
0.186667
0.182660
0.293955
0.184870
0.210432
0.265976
0.294784
0.107081
0.125043
0.171675
0.098653
0.111088
0.178791
0.285250
0.349085
0.165112
0.152884
0.125112
0.093679
0.133955
0.095544
0.097340
0.118135
0.110397
0.136649
0.256028
0.426874
0.185009
0.149706
0.177202
0.173195
0.118342
0.096995
0.112401
0.143558
0.179482
0.432401
0.570155
0.223903
0.193437
0.177617
0.149568
0.115579
0.140656
0.122142
0.136788
0.298377
0.123247
0.155717
0.260449
0.248843
0.147288
0.185630
0.201382
0.270397
0.192124
0.128428
0.114819
0.141485
0.128981
0.589706
0.683938
0.358411
0.250294
0.130294
0.130086
0.119516
0.116960
0.153299
0.130294
0.315164
0.188532
0.231503
0.261209
0.293333
0.178515
0.155095
0.154819
0.287185
0.279240
0.180656
0.185285
0.328981
0.359378
0.374784
0.360345
0.266598
0.270881
0.233713
0.166079
0.173679
0.116477
0.112263
0.099206
0.123592
0.164214
0.160345
0.236062
0.285320
0.155164
0.131054
0.127392
0.117375
0.167668
0.127116
0.118342
0.119171
0.195026
0.319793
0.194680
0.197927
0.494646
0.130639
0.113506
0.115440
0.103005
0.143212
0.096995
0.292090
0.097962
0.130984
0.285872
0.421969
0.211399
0.128566
0.149983
0.172988
0.361244
0.199378
0.143351
0.231572
0.294162
0.418860
0.312815
0.451192
0.216857
0.155993
0.127116
0.103489
0.130363
0.096718
0.091952
0.109223
0.110328
0.160000
0.496718
0.300656
0.282073
0.327599
0.294922
0.246632
0.305561
0.300656
0.411952
0.322003
0.597651
0.327392
0.251054
0.581900
0.637651
0.560207
0.140035
0.276408
0.344249
0.165043
0.108877
0.129050
0.111295
0.380380
0.211468
0.265009
0.278342
0.281382
0.305285
0.234266
0.338169
0.152608
0.383972
0.384318
0.666528
0.734093
0.236200
0.404214
0.346805
0.178446
0.105769
0.166356
0.091744
0.132159
0.092850
0.087392
0.097271
0.124974
0.148601
0.311572
0.172228
0.117858
0.142798
0.125043
0.328912
0.284421
0.382314
0.115164
0.136097
0.366010
0.364905
0.293955
0.175337
0.198549
0.134715
0.130915
0.105699
0.107772
0.126218
0.302453
0.119447
0.147703
0.266598
0.264801
0.142245
0.101002
0.104594
0.168636
0.311641
0.142522
0.098169
0.097409
0.091537
0.287392
0.228463
0.191364
0.160967
0.157582
0.404076
0.417133
0.446908
0.445458
0.301278
0.117789
0.117858
0.184940
0.166839
0.344870
0.256926
0.165250
0.178377
0.117098
0.364491
0.143627
0.328705
0.241658
0.459344
0.254162
0.329396
0.270328
0.204352
0.169948
0.181831
0.145285
0.094162
0.129948
0.091537
0.245803
0.146736
0.192124
0.235302
0.342798
0.134922
0.129257
0.142591
0.129810
0.150743
0.107772
0.121658
0.122349
0.193230
0.398756
0.367116
0.274611
0.469361
0.257478
0.157375
0.101209
0.122142
0.114957
0.157582
0.128981
0.162349
0.174093
0.199585
0.402073
0.168705
0.209603
0.133748
0.244629
0.287254
0.296235
0.225561
0.199447
0.205458
0.293955
0.254577
0.511848
0.358135
0.423972
0.158549
0.288636
0.222245
0.152263
0.110121
0.104180
0.110950
0.123109
0.178653
0.244767
0.184594
0.246563
0.126356
0.325181
0.126079
0.140725
0.373195
0.128912
0.309983
0.214439
0.196062
0.293264
0.271226
0.174162
0.148394
0.127047
0.133126
0.174162
0.114819
0.099758
0.102867
0.137686
0.124905
0.189637
0.141485
0.515509
0.337997
0.280225
0.325604
0.178307
0.181900
0.172712
0.392401
0.548256
0.264801
0.198687
0.163523
0.138584
0.099827
0.097893
0.125941
0.142245
0.088428
0.098169
0.239447
0.164836
0.201796
0.290363
0.196891
0.166908
0.180173
0.132366
0.259620
0.265216
0.145492
0.132642
0.148187
0.494646
0.620242
0.417686
0.402142
0.202211
0.137962
0.157789
0.098998
0.111572
0.111019
0.287392
0.119516
0.133057
0.203454
0.258653
0.121934
0.192401
0.130570
0.121865
0.317651
0.153782
0.283869
0.094439
0.122487
0.249119
0.263420
0.518618
0.253057
0.189983
0.180587
0.152193
0.138307
0.095544
0.111019
0.236200
0.209257
0.255682
0.223282
0.298446
0.173679
0.131952
0.103351
0.149085
0.157375
0.328912
0.258515
0.169465
0.291192
0.233782
0.292988
0.130225
0.334922
0.225838
0.169050
0.125320
0.117237
0.113437
0.119516
0.154957
0.294024
0.186874
0.172366
0.351641
0.245596
0.134301
0.110121
0.110397
0.101209
0.165458
0.157720
0.152263
0.201313
0.312124
0.316062
0.272815
0.258653
0.157651
0.118756
0.161658
0.111572
0.099136
0.095682
0.135060
0.325941
0.152332
0.250432
0.339413
0.192953
0.108877
0.096718
0.110743
0.111986
0.091813
0.118273
0.086079
0.242694
0.293955
0.338515
0.358687
0.185630
0.162902
0.120276
0.100380
0.095544
0.084905
0.078964
0.083247
0.101762
0.104249
0.108394
0.197098
0.200345
0.140173
0.107910
0.160207
0.178446
0.431226
0.081796
0.075440
0.118204
0.080138
0.089326
0.136304
0.137340
0.116131
0.112798
0.084620
0.082107
0.100501
0.112340
0.131611
0.122375
0.133402
0.094024
0.161589
0.249326
0.289050
0.118756
0.082832
0.091883
0.307081
0.218653
0.480345
0.356822
0.291330
0.387288
0.177686
0.193022
0.274128
0.126839
0.092573
0.106943
0.128014
0.126701
0.149568
0.295199
0.327737
0.132228
0.148739
0.111710
0.094577
0.095544
0.089810
0.138238
0.386667
0.196477
0.107081
0.176580
0.220449
0.231503
0.298031
0.491399
0.352677
0.148325
0.193092
0.106667
0.102383
0.098653
0.100518
0.290639
0.162625
0.200138
0.287876
0.233437
0.127185
0.109223
0.114473
0.136097
0.124560
0.102660
0.086079
0.110052
0.120484
0.330155
0.315440
0.138929
0.121658
0.109914
0.085803
0.130363
0.091675
0.085458
0.128152
0.084283
0.119240
0.245596
0.402625
0.304940
0.189775
0.341831
0.094231
0.133955
0.307427
0.104594
0.107150
0.168152
0.303351
0.371261
0.179206
0.309914
0.225216
0.122142
0.099620
0.169050
0.083731
0.079862
0.100173
0.103558
0.117375
0.209257
0.239240
0.103074
0.096097
0.150121
0.124283
0.131744
0.098653
0.181831
0.273368
0.384111
0.252988
0.248359
0.181762
0.237237
0.191710
0.143005
0.102038
0.095337
0.097686
0.091952
0.083247
0.139206
0.170708
0.221278
0.145285
0.231434
0.327876
0.138929
0.131261
0.479931
0.447116
0.311917
0.313299
0.273368
0.183972
0.215060
0.281934
0.181969
0.192608
0.142936
0.152884
0.112055
0.108670
0.113990
0.146598
0.102176
0.110397
0.127116
0.288705
0.233230
0.147288
0.322763
0.414024
0.382522
0.379689
0.157444
0.129534
0.145078
0.147703
0.159655
0.174162
0.197927
0.196753
0.252850
0.132366
0.119724
0.150950
0.118549
0.124352
0.104940
0.149983
0.229154
0.245941
0.203385
0.170017
0.115579
0.176718
0.283800
0.192055
0.354266
0.080829
0.158273
0.175130
0.189706
0.176857
0.361865
0.246218
0.118964
0.121520
0.089810
0.101693
0.096511
0.103765
0.141347
0.105630
0.128912
0.207323
0.320691
0.108532
0.369257
0.198273
0.148601
0.187358
0.267565
0.119793
0.155302
0.210639
0.487323
0.533955
0.155924
0.311434
0.146805
0.143005
0.099551
0.091123
0.108117
0.102245
0.092573
0.151917
0.160967
0.249050
0.149154
0.177824
0.136649
0.118342
0.142522
0.090570
0.095751
0.087668
0.193022
0.194542
0.256926
0.347427
0.189154
0.182591
0.139136
0.109223
0.096995
0.108187
0.135268
0.114197
0.116062
0.127254
0.132366
0.214439
0.237375
0.244560
0.162487
0.195855
0.251744
0.193506
0.194059
0.212712
0.511019
0.509223
0.423143
0.234473
0.497893
0.188256
0.135337
0.121865
0.120069
0.150743
0.101762
0.098031
0.113092
0.143282
0.271917
0.296166
0.189914
0.126494
0.312539
0.415268
0.161796
0.117306
0.121105
0.160691
0.268048
0.219965
0.387288
0.411606
0.145009
0.123523
0.121865
0.150052
0.264732
0.222729
0.102591
0.144180
0.246356
0.135889
0.188946
0.384732
0.130846
0.097547
0.107219
0.094922
0.154335
0.113851
0.112332
0.109223
0.189845
0.101209
0.268325
0.143834
0.116339
0.112539
0.108601
0.111019
0.090086
0.094784
0.082280
0.134646
0.100104
0.152055
0.161105
0.189016
0.142314
0.161865
0.149292
0.130017
0.129603
0.343627
0.204560
0.287461
0.109845
0.098169
0.102314
0.140173
0.099758
0.146667
0.139551
0.126770
0.089396
0.126978
0.095337
0.088290
0.098100
0.094922
0.154819
0.150052
0.155786
0.139620
0.117168
0.279447
0.528497
0.401174
0.126908
0.107565
0.248912
0.121313
0.120760
0.525458
0.185216
0.256511
0.353644
0.168497
0.096649
0.096718
0.105838
0.088636
0.131330
0.123661
0.138446
0.182453
0.110950
0.228048
0.310397
0.137547
0.106321
0.093886
0.270190
0.234266
0.144456
0.125872
0.153022
0.171744
0.136373
0.171192
0.113437
0.090294
0.091537
0.086494
0.123040
0.113368
0.085596
0.146736
0.145769
0.153230
0.103903
0.105147
0.145423
0.131813
0.112539
0.106321
0.130501
0.133817
0.167737
0.315648
0.270190
0.207392
0.204560
0.147496
0.130432
0.116822
0.103903
0.112815
0.137547
0.103074
0.157237
0.150466
0.180035
0.241520
0.148256
0.193644
0.348187
0.385838
0.158480
0.126839
0.106667
0.114128
0.179965
0.576580
0.636546
0.214093
0.194957
0.183351
0.121520
0.076200
0.100380
0.102383
0.146667
0.146321
0.244767
0.184594
0.191986
0.282971
0.127116
0.125181
0.185285
0.206425
0.172781
0.192055
0.157029
0.163247
0.369810
0.270881
0.215060
0.274888
0.137617
0.122349
0.157927
0.131883
0.092712
0.107772
0.112055
0.136857
0.101278
0.140864
0.252159
0.161036
0.177755
0.173264
0.214853
0.254577
0.452159
0.626874
0.429292
0.266459
0.197306
0.200138
0.397582
0.234680
0.399516
0.190121
0.135889
0.171952
0.094508
0.097962
0.132988
0.098307
0.084974
0.120622
0.193437
0.364283
0.232746
0.294093
0.372781
0.313022
0.373195
0.164076
0.175475
0.162487
0.198411
0.203731
0.200967
0.187358
0.153990
0.159378
0.139275
0.132573
0.118826
0.113161
0.082003
0.093195
0.091261
0.138446
0.121727
0.259344
0.262867
0.341278
0.246356
0.360138
0.294301
0.250086
0.368359
0.216373
0.304456
0.615406
0.607876
0.398273
0.257202
0.361796
0.126010
0.096580
0.127737
0.094370
0.098653
0.093402
0.111986
0.221900
0.228325
0.238135
0.114404
0.158273
0.316131
0.169465
0.415751
0.240760
0.355579
0.285734
0.249119
0.411054
0.276200
0.191295
0.191986
0.225354
0.415959
0.098653
0.107565
0.091261
0.104940
0.166770
0.227081
0.123523
0.272746
0.232746
0.168843
0.334646
0.113299
0.133057
0.158204
0.155855
0.090225
0.102314
0.117237
0.276684
0.422314
0.248843
0.365250
0.285043
0.244421
0.108670
0.093195
0.117858
0.099275
0.110328
0.119447
0.146321
0.220794
0.223627
0.113990
0.102383
0.099275
0.411952
0.202003
0.269223
0.209188
0.145630
0.153022
0.271848
0.291192
0.264249
0.199862
0.130294
0.111917
0.194266
0.098446
0.102798
0.101623
0.183765
0.227219
0.153575
0.275993
0.273713
0.159171
0.119309
0.146183
0.147496
0.130708
0.096511
0.084905
0.095820
0.180933
0.291744
0.273782
0.358687
0.159378
0.102729
0.106805
0.096995
0.103420
0.138722
0.098860
0.106390
0.127807
0.150950
0.193851
0.503489
0.160967
0.099689
0.262314
0.240622
0.090501
0.139413
0.109223
0.386943
0.102107
0.117651
0.194957
0.304456
0.163040
0.174024
0.367323
0.130363
0.130155
0.092781
0.082142
0.093679
0.091468
0.092366
0.154819
0.149637
0.194473
0.154266
0.139689
0.132988
0.185769
0.372159
0.117927
0.123040
0.163040
0.141347
0.149154
0.206149
0.156131
0.181831
0.207876
0.125527
0.118273
0.126079
0.112332
0.115717
0.088705
0.159309
0.145492
0.201174
0.207599
0.257755
0.207599
0.114611
0.113921
0.208636
0.209534
0.382591
0.595026
0.614922
0.269568
0.311917
0.429568
0.256926
0.145838
0.147634
0.134715
0.111572
0.115993
0.107012
0.107496
0.167392
0.209119
0.248152
0.117306
0.128912
0.357444
0.133333
0.134301
0.109568
0.135544
0.173092
0.165043
0.152263
0.215751
0.642073
0.290915
0.420518
0.385699
0.175820
0.180035
0.381002
0.182383
0.123938
0.109430
0.142798
0.158135
0.273921
0.134784
0.144249
0.133679
0.137893
0.125250
0.313851
0.263212
0.136926
0.147496
0.200000
0.201520
0.158480
0.232884
0.296580
0.187772
0.137409
0.128221
0.131468
0.132642
0.164974
0.266598
0.142038
0.133195
0.261347
0.156546
0.339689
0.255544
0.144732
0.144940
0.196408
0.254231
0.220035
0.201865
0.201520
0.218446
0.281105
0.252090
0.197513
0.155717
0.141831
0.133195
0.120207
0.136028
0.179206
0.273713
0.151088
0.348187
0.292159
0.190812
0.338791
0.346943
0.284421
0.174646
0.127323
0.153161
0.160345
0.265423
0.164491
0.208774
0.195579
0.147910
0.138238
0.148117
0.136926
0.136580
0.109361
0.139689
0.179620
0.249257
0.146943
0.217755
0.404560
0.229361
0.147150
0.125596
0.138307
0.149637
0.124352
0.128912
0.146598
0.333610
0.256649
0.324905
0.203247
0.160898
0.166149
0.454439
0.195095
0.170363
0.115164
0.116822
0.110397
0.091399
0.084283
0.160138
0.240829
0.235855
0.158204
0.337893
0.477720
0.525112
0.249119
0.441036
0.308463
0.414991
0.308670
0.236891
0.486218
0.238687
0.246356
0.277651
0.142176
0.136373
0.104387
0.104318
0.145976
0.108117
0.111848
0.130155
0.283109
0.301554
0.127461
0.180035
0.325458
0.129050
0.236200
0.302176
0.318066
0.182453
0.666667
0.387841
0.313230
0.301762
0.591364
0.471157
0.346390
0.297617
0.117582
0.165596
0.203938
0.354059
0.550881
0.451192
0.202902
0.371813
0.173126
0.181554
0.217824
0.151779
0.086287
0.135820
0.147634
0.270950
0.305769
0.236200
0.200138
0.233161
0.202625
0.248636
0.130501
0.100864
0.147012
0.146390
0.167185
0.104111
0.126563
0.163178
0.152608
0.126978
0.181831
0.222660
0.300794
0.468187
0.368497
0.143143
0.204007
0.286908
0.382176
0.599862
0.488290
0.353644
0.313230
0.324007
0.320484
0.306114
0.097202
0.112677
0.085803
0.171261
0.260242
0.150328
0.221762
0.244560
0.174024
0.373402
0.343282
0.225078
0.322211
0.464180
0.260725
0.208912
0.256718
0.215475
0.187634
0.231710
0.198135
0.111710
0.102522
0.106736
0.164145
0.098722
0.164629
0.214508
0.138307
0.135682
0.213817
0.138929
0.144870
0.109223
0.149914
0.187150
0.358342
0.091606
0.103696
0.507703
0.305492
0.223627
0.271572
0.241451
0.123869
0.135337
0.152884
0.103282
0.110881
0.089188
0.093886
0.082418
0.181831
0.155717
0.197720
0.285112
0.375544
0.201244
0.246079
0.299136
0.212228
0.202971
0.174922
0.293610
0.314819
0.457893
0.417686
0.258169
0.186943
0.162556
0.160276
0.105147
0.111848
0.091537
0.099965
0.087807
0.141693
0.160691
0.249257
0.235786
0.432401
0.180311
0.378100
0.518411
0.254991
0.408152
0.555579
0.401313
0.388256
0.650363
0.514197
0.295820
0.258307
0.209396
0.237858
0.121796
0.135959
0.117168
0.102453
0.097133
0.100104
0.131883
0.324421
0.282556
0.524283
0.219620
0.277098
0.333817
0.410501
0.190328
0.207737
0.243800
0.396200
0.326839
0.213264
0.197375
0.251744
0.131537
0.124767
0.122902
0.115233
0.141900
0.090570
0.097755
0.103005
0.149361
0.268463
0.360967
0.223696
0.136442
0.131261
0.098100
0.262245
0.176373
0.175199
0.216097
0.354680
0.498307
0.210570
0.675233
0.171675
0.124767
0.134922
0.103834
0.141071
0.097409
0.102245
0.097064
0.166632
0.185216
0.239102
0.179965
0.205803
0.294093
0.221623
0.287876
0.605389
0.213402
0.374162
0.236408
0.322832
0.247737
0.222245
0.150950
0.132988
0.130225
0.165941
0.104801
0.148946
0.106252
0.092642
0.103558
0.184111
0.172021
0.243938
0.202763
0.158480
0.201244
0.217202
0.137893
0.146045
0.129257
0.120967
0.556200
0.176442
0.462867
0.240691
0.224249
0.173679
0.145354
0.115717
0.124145
0.160000
0.111779
0.194128
0.222660
0.135060
0.201174
0.369465
0.150674
0.315924
0.189637
0.140656
0.372297
0.184801
0.244145
0.107081
0.271779
0.201313
0.188394
0.507496
0.195993
0.333886
0.154404
0.118066
0.096995
0.142660
0.090570
0.217064
0.133126
0.107634
0.151572
0.265216
0.174439
0.157444
0.143765
0.134784
0.165665
0.099965
0.382867
0.473368
0.557720
0.291675
0.221485
0.171054
0.272815
0.210915
0.160484
0.206908
0.130570
0.130155
0.133679
0.110259
0.108877
0.140656
0.270881
0.201865
0.155026
0.165320
0.149154
0.151917
0.286218
0.107910
0.171606
0.492090
0.318618
0.216442
0.357444
0.162625
0.204974
0.186805
0.221554
0.229016
0.111641
0.111157
0.101831
0.092021
0.129603
0.132366
0.133126
0.197029
0.150190
0.135544
0.136995
0.253264
0.227427
0.150674
0.282211
0.155786
0.114404
0.149499
0.124076
0.588394
0.436339
0.178377
0.207668
0.458238
0.492228
0.373610
0.102453
0.090155
0.097824
0.139689
0.152055
0.191364
0.231572
0.303558
0.180518
0.303005
0.525458
0.233575
0.480760
0.304111
0.812504
0.279171
0.492850
0.316062
0.228187
0.146943
0.160967
0.123523
0.123523
0.154680
0.110604
0.094715
0.102729
0.151572
0.262107
0.257133
0.212712
0.134715
0.115648
0.364283
0.125458
0.434473
0.105078
0.105423
0.159724
0.141140
0.368221
0.210363
0.217271
0.143765
0.117582
0.153161
0.133610
0.104801
0.089050
0.095268
0.121796
0.161244
0.136373
0.188808
0.132021
0.109154
0.116960
0.122487
0.117513
0.226114
0.222936
0.143489
0.265907
0.367392
0.250639
0.272608
0.205320
0.162694
0.147703
0.139275
0.120415
0.136857
0.101693
0.097617
0.115855
0.112193
0.151986
0.217893
0.125043
0.131054
0.135959
0.147288
0.106459
0.109983
0.311295
0.150604
0.287807
0.475440
0.514404
0.533610
0.280691
0.477098
0.135959
0.133264
0.135406
0.104732
0.137962
0.130639
0.099620
0.242694
0.150190
0.106528
0.114404
0.187703
0.442694
0.261831
0.160138
0.188117
0.388877
0.379758
0.495199
0.694231
0.841934
0.541278
0.478895
0.409603
0.391019
0.297617
0.333264
0.226943
0.176649
0.182453
0.171399
0.157444
0.118411
0.353713
0.219551
0.423143
0.293057
0.326701
0.400069
0.416857
0.516269
0.690915
0.998895
0.454162
0.447047
0.504870
0.316408
0.378307
0.313022
0.209050
0.227358
0.198342
0.113161
0.134162
0.100933
0.096926
0.109292
0.343696
0.437789
0.617133
0.588877
0.677444
0.385838
0.465423
0.471710
0.570639
0.483454
0.563592
0.850915
0.618100
0.375199
0.493886
0.291952
0.269430
0.233161
0.315302
0.122211
0.103005
0.113506
0.245112
0.151572
0.324283
0.360553
0.362902
0.244974
0.150466
0.138100
0.264870
0.407116
0.221831
0.365112
0.411330
0.552884
0.362280
0.343765
0.408359
0.256373
0.243731
0.180173
0.174370
0.156891
0.124905
0.172021
0.103834
0.193990
0.263351
0.364214
0.230950
0.448359
0.372573
0.124145
0.356269
0.337340
0.247116
0.316408
0.718964
0.527323
0.391364
0.481520
0.647737
0.640691
0.300725
0.248221
0.130017
0.155579
0.153713
0.262176
0.171675
0.222383
0.292781
0.303005
0.204145
0.155371
0.113368
0.191088
0.317513
0.233368
0.319240
0.549706
0.614162
0.413748
0.492919
0.431641
0.322349
0.208774
0.204214
0.208843
0.148117
0.189016
0.150466
0.259482
0.114611
0.090501
0.291606
0.178169
0.103143
0.166356
0.193161
0.320760
0.315855
0.281520
0.709568
0.575268
0.674266
0.451883
0.246149
0.204905
0.285527
0.178377
0.149983
0.178584
0.096097
0.103351
0.147772
0.139413
0.098791
0.104041
0.093610
0.322003
0.234473
0.141762
0.174024
0.363109
0.296857
0.225216
0.343351
0.370501
0.416235
0.421969
0.354819
0.320691
0.301347
0.321520
0.290501
0.203316
0.135406
0.148739
0.140242
0.158549
0.125389
0.197168
0.161451
0.324352
0.492988
0.382867
0.373610
0.258515
0.860587
0.529188
0.526356
0.518618
0.585838
0.762418
0.576718
0.524214
0.509223
0.626459
0.437237
0.432263
0.327599
0.300933
0.291606
0.250915
0.221347
0.293886
0.216373
0.261485
0.227150
0.244836
0.424180
0.799655
0.747703
0.997513
0.789154
0.543765
0.513851
0.511641
0.702314
0.478687
0.361036
0.425216
0.383558
0.305492
0.239447
0.197997
0.202694
0.262867
0.185285
0.178307
0.199447
0.221969
0.339067
0.538722
0.372781
0.337824
0.170017
0.193299
0.175475
0.253955
0.234819
0.189085
0.151848
0.221140
0.230052
0.247530
0.173886
0.148739
0.166908
0.125043
0.102038
0.108256
0.120898
0.165665
0.186598
0.166149
0.253886
0.368152
0.362971
0.305838
0.656028
0.674819
0.632539
0.742453
0.668670
0.656995
0.540587
0.366079
0.369396
0.440000
0.352470
0.245941
0.215406
0.152124
0.199102
0.143420
0.133748
0.155440
0.157720
0.134162
0.196062
0.298584
0.126770
0.256788
0.333195
0.437098
0.403385
0.289257
0.491399
0.366978
0.350466
0.223558
0.157582
0.192815
0.172021
0.186114
0.157997
0.109223
0.153851
0.110881
0.113022
0.132297
0.123316
0.326010
0.369810
0.327323
0.172021
0.193437
0.218860
0.270950
0.220173
0.351226
0.561934
0.557720
0.303489
0.184456
0.283731
0.358204
0.258169
0.183765
0.189361
0.138307
0.220794
0.144111
0.140104
0.127876
0.121174
0.189706
0.281174
0.240138
0.222798
0.263282
0.288290
0.240553
0.280415
0.355371
0.378929
0.735751
0.313230
0.571675
0.512263
0.185147
0.161865
0.190604
0.140864
0.152124
0.125665
0.115855
0.134301
0.114750
0.251606
0.118480
0.133610
0.199447
0.151641
0.367323
0.160138
0.155233
0.123869
0.204283
0.158826
0.166701
0.205043
0.161382
0.170225
0.199793
0.180656
0.114197
0.102176
0.124974
0.103420
0.116546
0.104318
0.158756
0.144801
0.260933
0.130639
0.158964
0.221900
0.433506
0.292228
0.322142
0.211813
0.217340
0.329188
0.346736
0.179620
0.211813
0.205527
0.167807
0.178031
0.147634
0.126839
0.126494
0.117651
0.116546
0.130777
0.174577
0.126218
0.123800
0.279102
0.281589
0.198273
0.160484
0.175682
0.145561
0.166425
0.201105
0.271364
0.467150
0.227841
0.174991
0.214024
0.183351
0.182591
0.132159
0.101416
0.110466
0.133472
0.113161
0.100380
0.119033
0.096788
0.098515
0.114957
0.099620
0.301209
0.109568
0.336097
0.521589
0.329326
0.268187
0.343489
0.296995
0.234750
0.208359
0.209188
0.279516
0.163454
0.130570
0.158687
0.155786
0.125285
0.140052
0.113307
0.105492
0.111192
0.121226
0.184732
0.184041
0.172021
0.162003
0.130501
0.121244
0.172850
0.189292
0.254439
0.446494
0.418860
0.450777
0.309361
0.337755
0.256995
0.187427
0.201589
0.218238
0.176857
0.160138
0.148532
0.153437
0.180794
0.379551
0.138860
0.177893
0.275371
0.267772
0.214266
0.241157
0.340104
0.380104
0.155095
0.279585
0.167392
0.172781
0.274404
0.129879
0.191917
0.149637
0.156408
0.116822
0.099827
0.111917
0.124560
0.122971
0.148463
0.120069
0.211468
0.093057
0.124629
0.180449
0.147427
0.176235
0.351226
0.128014
0.180311
0.342314
0.180864
0.602211
0.463282
0.437168
0.213748
0.235302
0.135682
0.158618
0.156477
0.161934
0.153230
0.254922
0.159931
0.182729
0.198618
0.545285
0.325941
0.281451
0.204629
0.111295
0.110743
0.113713
0.110812
0.126908
0.157098
0.106598
0.137686
0.148601
0.128843
0.096781
0.096311
0.077520
0.079040
0.071965
0.080629
0.090625
0.106971
0.128967
0.147447
0.105036
0.166038
0.189623
0.190342
0.209264
0.201112
0.216463
0.267247
0.227102
0.223903
0.187192
0.204124
0.152753
0.139972
0.127185
0.157582
0.123523
0.103765
0.096442
0.106736
0.110259
0.104456
0.107565
0.144870
0.154335
0.246287
0.477098
0.215751
0.187703
0.281727
0.294024
0.242625
0.192884
0.229154
0.189292
0.180587
0.149361
0.121105
0.118411
0.154473
0.115302
0.096235
0.091261
0.103212
0.095406
0.096718
0.228601
0.114404
0.093126
0.102314
0.148048
0.086839
0.085596
0.078549
0.134024
0.129534
0.292159
0.131606
0.154266
0.136373
0.190397
0.173886
0.184249
0.164491
0.143212
0.123592
0.119516
0.177893
0.132919
0.174715
0.130155
0.096028
0.213126
0.284007
0.490915
0.334922
0.268601
0.302176
0.584870
0.293541
0.370777
0.503282
0.345216
0.245181
0.211883
0.180173
0.215406
0.126079
0.143489
0.353782
0.151364
0.115924
0.116753
0.178998
0.115993
0.125872
0.129396
0.421485
0.362625
0.272332
0.426321
0.205665
0.227496
0.320207
0.415060
0.173541
0.215613
0.262453
0.424318
0.345838
0.174853
0.138584
0.107219
0.102383
0.105285
0.098515
0.148808
0.122487
0.163454
0.387841
0.384870
0.473022
0.197858
0.431986
0.292642
0.213886
0.504525
0.429292
0.481796
0.171744
0.211813
0.266667
0.146805
0.196339
0.148048
0.128497
0.116891
0.143972
0.097409
0.123661
0.137617
0.106045
0.116546
0.134439
0.107634
0.169396
0.151986
0.162832
0.289603
0.146459
0.185285
0.274128
0.233437
0.201727
0.181693
0.183420
0.156753
0.147703
0.172919
0.120829
0.117858
0.106736
0.109154
0.103420
0.104525
0.131330
0.145630
0.245596
0.208912
0.712055
0.608912
0.423420
0.587012
0.581278
0.448566
0.342867
0.480138
0.754335
0.400622
0.329396
0.398549
0.255889
0.183903
0.165250
0.150535
0.160484
0.154197
0.100864
0.124352
0.109361
0.117029
0.277513
0.227358
0.221347
0.287668
0.292021
0.215889
0.274059
0.289879
0.269775
0.618998
0.521796
0.422107
0.277306
0.272677
0.298377
0.286149
0.236615
0.233851
0.160622
0.228670
0.249050
0.176097
0.174093
0.183903
0.230328
0.350604
0.305354
0.683523
0.267150
0.296166
0.341071
0.558687
0.706114
0.913299
0.773748
0.345285
0.328152
0.508601
0.284836
0.253886
0.191226
0.214508
0.193506
0.200345
0.167876
0.145216
0.143627
0.190466
0.194128
0.416304
0.239378
0.263212
0.686287
0.547219
0.569050
0.489119
0.674266
0.525596
0.614922
0.828325
0.392263
0.504801
0.312539
0.291537
0.307565
0.234957
0.199447
0.235302
0.207876
0.215544
0.236546
0.251054
0.220587
0.383351
0.500933
0.312124
0.491675
0.512608
0.552193
0.679516
0.620449
0.768636
0.684145
0.435233
0.497755
0.373126
0.396200
0.296166
0.279240
0.206149
0.283731
0.171883
0.178584
0.198066
0.210501
0.185492
0.260380
0.242556
0.190397
0.478549
0.255544
0.774853
0.327945
0.351848
0.379620
0.717789
0.453057
0.369465
0.402211
0.366425
0.310881
0.272055
0.267841
0.202418
0.234335
0.165181
0.181623
0.196477
0.224940
0.193368
0.178653
0.393092
0.233299
0.266805
0.371399
0.306321
0.343212
0.349499
0.604836
0.408359
0.584111
0.655889
0.327945
0.273022
0.349430
0.302798
0.183834
0.208912
0.213126
0.167945
0.190743
0.175475
0.172573
0.170432
0.240415
0.524421
0.284283
0.483454
0.346321
0.627496
0.526218
0.526770
0.630950
0.771330
0.910743
0.623834
0.503212
0.492919
0.516684
0.386874
0.392470
0.268048
0.248083
0.308117
0.249741
0.224456
0.221900
0.276062
0.269085
0.568359
0.413679
0.305699
0.276408
0.274473
0.356891
0.417686
0.391295
0.430950
0.418860
0.335544
0.203869
0.181485
0.335820
0.299620
0.248705
0.220587
0.195924
0.150950
0.169257
0.193575
0.168843
0.193022
0.211952
0.212021
0.195855
0.225769
0.219620
0.260311
0.270397
0.302729
0.570915
0.632815
0.672746
0.611675
0.585907
0.357513
0.370017
0.325458
0.346183
0.252504
0.292435
0.379965
0.263143
0.203247
0.275440
0.317720
0.339067
0.328014
0.454162
0.441658
0.790259
0.743627
0.558618
0.491744
0.396753
0.544318
0.473782
0.410570
0.404145
0.364836
0.262383
0.189983
0.263351
0.163800
0.202003
0.128290
0.124214
0.311917
0.312124
0.211192
0.229775
0.142314
0.169948
0.135544
0.184525
0.188117
0.221762
0.200345
0.190052
0.205596
0.278066
0.213541
0.207461
0.166079
0.144870
0.128981
0.137064
0.126010
0.123454
0.125250
0.146045
0.131883
0.132504
0.130155
0.148670
0.182936
0.277306
0.169050
0.162142
0.221693
0.324214
0.351572
0.329188
0.280622
0.226528
0.549016
0.574024
0.339482
0.255682
0.239862
0.237444
0.149845
0.120276
0.178169
0.158687
0.123385
0.134508
0.179758
0.196408
0.213886
0.334922
0.360415
0.284007
0.722694
0.616373
0.472055
0.648981
0.629085
0.432953
0.492021
0.362625
0.393782
0.459551
0.336166
0.221900
0.183420
0.197513
0.146252
0.175889
0.143074
0.190052
0.204421
0.227703
0.310328
0.497893
0.418031
0.568843
0.526839
0.458929
0.592953
0.600898
0.556408
0.423420
0.418791
0.476062
0.375751
0.347703
0.271503
0.221416
0.174508
0.152539
0.184111
0.177133
0.209810
0.151641
0.184801
0.198618
0.262867
0.475855
0.380311
0.395855
0.444007
0.480553
0.568912
0.678826
0.588256
0.562832
0.475648
0.502245
0.461209
0.418031
0.351848
0.269983
0.250363
0.228256
0.226874
0.207323
0.230052
0.198204
0.244007
0.278342
0.263558
0.705492
0.461485
0.742867
0.557582
0.539206
0.676891
0.623282
0.740587
0.690086
0.483800
0.382936
0.305561
0.341623
0.266736
0.194128
0.210432
0.210155
0.275164
0.262798
0.130570
0.178722
0.143212
0.234266
0.216995
0.495959
0.612919
0.521865
0.572504
0.446079
0.372021
0.400691
0.441934
0.438826
0.304180
0.329257
0.391572
0.319447
0.272055
0.240967
0.282763
0.214301
0.196200
0.183420
0.200276
0.189016
0.367599
0.505769
0.476408
0.561451
0.525320
0.496857
0.398895
0.543351
0.515924
0.720345
0.609948
0.589983
0.421347
0.380380
0.423143
0.347427
0.291537
0.209741
0.277927
0.203592
0.195371
0.202073
0.216511
0.212573
0.415268
0.337409
0.272332
0.320415
0.393990
0.612573
0.456511
0.234128
0.226667
0.506045
0.599171
0.298653
0.332988
0.302591
0.308325
0.265699
0.226459
0.187634
0.231088
0.148670
0.180933
0.182522
0.220311
0.173333
0.214922
0.162418
0.429637
0.371123
0.322694
0.418791
0.342522
0.426045
0.645872
0.659620
0.477168
0.488083
0.451123
0.384663
0.328843
0.296580
0.233161
0.222107
0.199516
0.185009
0.226598
0.183351
0.169396
0.160622
0.261900
0.278549
0.265769
0.242003
0.303005
0.283938
0.259136
0.284076
0.262245
0.285527
0.387703
0.458307
0.396269
0.464041
0.601934
0.407807
0.143696
0.107565
0.127599
0.113921
0.118273
0.122971
0.147012
0.127047
0.167392
0.136926
0.406494
0.239171
0.145976
0.170225
0.133541
0.182798
0.213472
0.223972
0.570501
0.380864
0.303143
0.519585
0.332297
0.316200
0.220864
0.200553
0.190604
0.193782
0.292366
0.154819
0.158756
0.180380
0.217824
0.220518
0.374646
0.307081
0.442211
0.413264
0.593299
0.490915
0.598204
0.663489
1.000000
0.792193
0.757789
0.784111
0.656511
0.468670
0.296926
0.292712
0.300518
0.236615
0.338929
0.214922
0.159862
0.272815
0.463696
0.155371
0.206494
0.520967
0.398549
0.291744
0.341278
0.343212
0.385078
0.363661
0.488359
0.341900
0.205803
0.253333
0.310604
0.201934
0.190674
0.161174
0.146321
0.221831
0.124629
0.119793
0.133748
0.138100
0.269430
0.457409
0.329326
0.248083
0.312608
0.295959
0.276408
0.355717
0.380587
0.390950
0.545147
0.544801
0.629845
0.417409
0.272677
0.294439
0.216097
0.192193
0.140587
0.142453
0.162625
0.189154
0.151019
0.141002
0.133817
0.326632
0.321727
0.213057
0.294784
0.389983
0.284698
0.356131
0.385147
0.366287
0.598273
0.330501
0.207737
0.312746
0.296373
0.215406
0.158687
0.180725
0.130294
0.127185
0.134439
0.137409
0.140864
0.131123
0.331952
0.371952
0.414370
0.277789
0.383420
0.291744
0.298860
0.385630
0.517306
0.380173
0.380518
0.284076
0.544870
0.504041
0.534577
0.246908
0.485803
0.195648
0.159240
0.131468
0.167461
0.139689
0.140449
0.311710
0.283731
0.292712
0.391364
0.246839
0.485043
0.237237
0.566839
0.304180
0.273437
0.388048
0.328843
0.351848
0.218307
0.257064
0.298998
0.307219
0.187219
0.165389
0.164491
0.181416
0.131744
0.143143
0.123523
0.129534
0.237997
0.356822
0.362694
0.240967
0.324629
0.274266
0.269775
0.367668
0.352401
0.426805
0.427910
0.554128
0.721589
0.493472
0.267288
0.172850
0.172366
0.176995
0.149016
0.137962
0.171468
0.127047
0.189637
0.313022
0.300656
0.370570
0.432677
0.483247
0.426321
0.392263
0.301485
0.366218
0.420725
0.553299
0.579551
0.789983
0.448705
0.522971
0.343212
0.340449
0.193022
0.200207
0.158826
0.163178
0.157720
0.160000
0.155440
0.136649
0.217893
0.184387
0.203661
0.273644
0.337271
0.207392
0.412573
0.337478
0.501623
0.379275
0.294577
0.215544
0.271088
0.320345
0.273437
0.188670
0.159447
0.198895
0.144594
0.197927
0.175406
0.151917
0.177893
0.149914
0.272746
0.257893
0.353851
0.372366
0.210501
0.212781
0.136304
0.190812
0.133541
0.206425
0.249396
0.202073
0.285181
0.169050
0.166079
0.157098
0.145699
0.163178
0.140380
0.119240
0.123800
0.126770
0.125665
0.133264
0.139896
0.147012
0.153506
0.118826
0.367116
0.128636
0.135751
0.190743
0.200000
0.329672
0.160967
0.118411
0.173195
0.145907
0.199378
0.220104
0.146667
0.130777
0.128083
0.126356
0.124145
0.162418
0.148117
0.133126
0.141693
0.126770
0.268117
0.308256
0.277029
0.246287
0.145838
0.172642
0.160345
0.171399
0.310535
0.165872
0.215475
0.299413
0.191364
0.145423
0.150121
0.140035
0.126425
0.132090
0.123731
0.123731
0.154197
0.138307
0.209326
0.168428
0.142591
0.178169
0.520898
0.550466
0.334439
0.220864
0.271434
0.239724
0.261900
0.252988
0.321174
0.225492
0.201520
0.200829
0.143143
0.136511
0.134439
0.125389
0.122694
0.114819
0.127392
0.127599
0.116269
0.293886
0.383972
0.563869
0.260587
0.246425
0.274680
0.381140
0.270328
0.673713
0.482625
0.209672
0.373126
0.232263
0.281727
0.182107
0.121174
0.122142
0.122763
0.129741
0.165043
0.150466
0.149085
0.133886
0.132988
0.229845
0.367668
0.264594
0.263005
0.315026
0.326218
0.469361
0.508394
0.425078
0.578998
0.377340
0.272608
0.293333
0.183903
0.171675
0.193299
0.146874
0.136304
0.221623
0.121727
0.126563
0.135268
0.126149
0.122694
0.157513
0.237098
0.193506
0.243661
0.125320
0.125389
0.122971
0.271364
0.563592
0.339206
0.208636
0.215889
0.237098
0.168774
0.153230
0.152539
0.122349
0.115095
0.117029
0.111848
0.128014
0.125043
0.136028
0.126978
0.145354
0.245941
0.229845
0.264940
0.173541
0.210846
0.206356
0.223074
0.405389
0.465907
0.442832
0.435924
0.269085
0.145009
0.165112
0.109637
0.113782
0.121313
0.116960
0.281174
0.318480
0.143074
0.124560
0.133333
0.141416
0.195026
0.131330
0.134508
0.185976
0.154750
0.183972
0.282349
0.301900
0.454922
0.193921
0.170225
0.311572
0.425630
0.193092
0.174301
0.111572
0.107703
0.106252
0.100518
0.124767
0.181831
0.115440
0.120553
0.123661
0.213610
0.192884
0.220794
0.180035
0.251123
0.204076
0.320691
0.258307
0.228463
0.237375
0.218653
0.305285
0.271088
0.201036
0.146736
0.117858
0.115302
0.109361
0.124352
0.125112
0.119585
0.244629
0.119516
0.146321
0.145976
0.117098
0.134439
0.152608
0.235579
0.442349
0.330501
0.472953
0.402418
0.781278
0.661831
0.599378
0.303074
0.198826
0.130639
0.125389
0.144801
0.158204
0.136511
0.123109
0.141900
0.134853
0.136857
0.137409
0.131468
0.157997
0.331261
0.262522
0.247737
0.233368
0.313299
0.405527
0.426459
0.373541
0.315648
0.534853
0.193506
0.231986
0.166563
0.148463
0.128428
0.125181
0.133955
0.111295
0.124352
0.126701
0.176373
0.326494
0.144663
0.118895
0.120691
0.139689
0.130363
0.137547
0.159862
0.218653
0.381209
0.412850
0.337409
0.175475
0.154542
0.133195
0.135613
0.152884
0.163800
0.130432
0.124491
0.125527
0.136097
0.131330
0.126079
0.144801
0.140933
0.328843
0.362625
0.273299
0.532988
0.307772
0.254439
0.372021
0.292712
0.295820
0.538100
0.218515
0.270743
0.198618
0.191986
0.135406
0.204629
0.166287
0.160760
0.159931
0.158411
0.159724
0.158964
0.172021
0.161244
0.212573
0.275717
0.355786
0.295820
0.350052
0.203040
0.272124
0.167185
0.193161
0.208566
0.220035
0.283247
0.206287
0.121451
0.122349
0.124145
0.122694
0.136097
0.131537
0.119931
0.125112
0.133402
0.156615
0.279309
0.233437
0.200276
0.370777
0.121934
0.169948
0.235993
0.274680
0.152193
0.302107
0.294370
0.265354
0.337478
0.407599
0.165665
0.140864
0.150604
0.132159
0.126494
0.129119
0.127185
0.153230
0.144180
0.200000
0.221831
0.181762
0.192953
0.280069
0.446356
0.276477
0.372228
0.442625
0.435786
0.370225
0.397513
0.295751
0.326218
0.178929
0.203454
0.137824
0.179551
0.130155
0.137340
0.150881
0.200898
0.144111
0.119862
0.171192
0.534301
0.437513
0.458860
0.619827
0.476339
0.659136
0.461209
0.558549
0.785492
0.589706
0.507358
0.484698
0.487807
0.428670
0.280276
0.282349
0.199378
0.190328
0.173195
0.172712
0.155026
0.189637
0.174508
0.341831
0.418307
0.368497
0.132297
0.130017
0.188187
0.207116
0.224663
0.210432
0.270397
0.407461
0.243800
0.350121
0.200553
0.206149
0.115993
0.110950
0.115786
0.115509
0.183351
0.323316
0.127254
0.128152
0.145354
0.141209
0.368221
0.172573
0.166010
0.130846
0.137064
0.150328
0.212504
0.228256
0.203731
0.403869
0.445250
0.508601
0.318135
0.199240
0.119862
0.122418
0.115233
0.117858
0.133472
0.132988
0.128912
0.114680
0.110812
0.111295
0.105285
0.110743
0.295199
0.190397
0.169119
0.201658
0.359862
0.249396
0.214439
0.365389
0.246494
0.187150
0.176235
0.197444
0.175959
0.130017
0.135475
0.149361
0.168981
0.154197
0.155579
0.147634
0.146598
0.161244
0.147703
0.197444
0.185354
0.153851
0.333541
0.213610
0.171606
0.182245
0.468394
0.591295
0.293610
0.237029
0.189085
0.204076
0.179482
0.173126
0.168774
0.162556
0.169396
0.163385
0.200898
0.185285
0.180173
0.171883
0.218446
0.270881
0.193230
0.149568
0.200898
0.243316
0.231779
0.377962
0.257893
0.197098
0.206356
0.309223
0.171537
0.264456
0.196891
0.184525
0.174162
0.200760
0.168843
0.167392
0.176580
0.213126
0.224456
0.194197
0.276684
0.232263
0.280069
0.414577
0.399447
0.429983
0.510881
0.344594
0.226183
0.209050
0.191986
0.196753
0.210294
0.183834
0.208497
0.186736
0.178031
0.194542
0.194128
0.193022
0.206149
0.167737
0.171744
0.215268
0.195717
0.377755
0.295130
0.439102
0.497478
0.570432
0.415889
0.878204
0.480415
0.660725
0.436131
0.433437
0.307427
0.194335
0.210915
0.243385
0.161796
0.167530
0.158411
0.150190
0.197582
0.182314
0.178169
0.438549
0.489465
0.538100
0.546805
0.280553
0.170432
0.216511
0.198895
0.197375
0.276062
0.235579
0.272953
0.419689
0.210984
0.193022
0.218238
0.209810
0.180518
0.171192
0.289326
0.201244
0.200967
0.258169
0.195440
0.189568
0.258584
0.286770
0.211952
0.214162
0.267150
0.397513
0.383212
0.523869
0.434957
0.317513
0.367945
0.287392
0.213057
0.234059
0.202073
0.182867
0.193299
0.178791
0.165941
0.165389
0.188946
0.175613
0.174715
0.244145
0.274404
0.307496
0.261071
0.300864
0.210639
0.278480
0.335130
0.466045
0.449672
0.322832
0.329534
0.305285
0.268048
0.316891
0.247116
0.181831
0.243869
0.178584
0.231434
0.206701
0.183765
0.184318
0.171468
0.174024
0.252435
0.519516
0.205527
0.186598
0.172021
0.185769
0.187081
0.299206
0.256304
0.239931
0.482556
0.334439
0.232539
0.177409
0.183005
0.164214
0.184594
0.253817
0.186390
0.164352
0.177409
0.184111
0.184801
0.209465
0.194266
0.176926
0.158342
0.186736
0.146874
0.225354
0.202487
0.186598
0.204491
0.147634
0.153299
0.290432
0.175060
0.214853
0.205941
0.141347
0.132435
0.136166
0.136304
0.129119
0.145630
0.208636
0.347910
0.180449
0.344180
0.197651
0.190466
0.203109
0.210777
0.293195
0.258100
0.292781
0.268946
0.217547
0.232263
0.246701
0.153575
0.192470
0.154542
0.136028
0.131192
0.133679
0.126079
0.152677
0.147288
0.153161
0.146045
0.148463
0.180794
0.180035
0.181762
0.207668
0.229775
0.400691
0.271088
0.446701
0.597582
0.377202
0.521727
0.392608
0.372988
0.375268
0.275717
0.236684
0.259689
0.234266
0.202971
0.242280
0.182591
0.189845
0.271157
0.241382
0.263143
0.318618
0.590812
0.523800
0.409257
0.433575
0.259344
0.244698
0.293610
0.221900
0.282280
0.281727
0.216788
0.199724
0.205181
0.198342
0.188670
0.180173
0.192884
0.215130
0.202073
0.187012
0.188463
0.197927
0.373126
0.287530
0.230743
0.174715
0.172504
0.268808
0.184456
0.195026
0.291813
0.213264
0.242073
0.209603
0.190328
0.193575
0.182176
0.178722
0.177271
0.179965
0.177064
0.170017
0.185561
0.180104
0.174922
0.297962
0.292366
0.178031
0.380794
0.204698
0.439378
0.188256
0.166632
0.228877
0.250915
0.242142
0.228256
0.227979
0.173886
0.176995
0.159516
0.160691
0.162418
0.158549
0.175475
0.168359
0.201865
0.181831
0.174577
0.180035
0.162073
0.206770
0.235993
0.331537
0.181969
0.205389
0.167737
0.366149
0.489396
0.250984
0.284698
0.587288
0.192124
0.178100
0.178860
0.167530
0.153782
0.172159
0.159447
0.153506
0.167323
0.162971
0.174922
0.170363
0.274957
0.284629
0.213472
0.338860
0.219206
0.330086
0.394957
0.456788
0.303696
0.265147
0.261900
0.251537
0.182383
0.189223
0.169603
0.191088
0.172435
0.152401
0.154957
0.196891
0.178238
0.162763
0.189637
0.156615
0.191157
0.164421
0.170155
0.301416
0.389361
0.312539
0.261831
0.240207
0.190052
0.190190
0.159585
0.207047
0.213264
0.194128
0.144387
0.121244
0.142591
0.131883
0.138446
0.128290
0.143627
0.131054
0.143074
0.195648
0.341140
0.379827
0.441589
0.443800
0.438135
0.484698
0.569465
0.412850
0.398756
0.271710
0.276753
0.732988
0.581900
0.261623
0.225699
0.167668
0.162349
0.144594
0.129050
0.348808
0.170570
0.143903
0.136649
0.145769
0.208497
0.296166
0.183005
0.223696
0.217755
0.349085
0.287392
0.386459
0.303143
0.223489
0.284076
0.263558
0.191848
0.193851
0.162694
0.139827
0.126770
0.136511
0.151917
0.127737
0.168428
0.157858
0.159793
0.239931
0.265285
0.186874
0.412781
0.388601
0.295889
0.272332
0.381900
0.506045
0.446287
0.457617
0.408014
0.354680
0.248497
0.183074
0.154335
0.120553
0.142314
0.181693
0.316960
0.313990
0.223212
0.174508
0.168912
0.306943
0.314059
0.333541
0.311226
0.282142
0.324560
0.322487
0.360069
0.505838
0.675371
0.605181
0.600138
0.410155
0.316269
0.244767
0.220311
0.180035
0.182936
0.152401
0.176926
0.136097
0.161520
0.152608
0.153022
0.260242
0.247461
0.386252
0.279724
0.379551
0.516546
0.531952
0.417755
0.398342
0.403592
0.309845
0.382383
0.324974
0.328497
0.224732
0.260933
0.166770
0.180725
0.172919
0.146114
0.225907
0.175268
0.182936
0.215820
0.189223
0.288566
0.206563
0.339344
0.396477
0.755717
0.626736
0.655130
0.586943
0.654577
0.636200
0.403454
0.391641
0.425285
0.507427
0.372366
0.376580
0.272470
0.299689
0.271917
0.265630
0.307288
0.240000
0.418100
0.335268
0.362763
0.298722
0.319862
0.423696
0.518687
0.416788
0.338169
0.361105
0.459965
0.365043
0.314197
0.306252
0.234059
0.366218
0.447254
0.195579
0.134162
0.155855
0.155164
0.169879
0.168221
0.325665
0.159447
0.373057
0.154819
0.180380
0.140518
0.136235
0.121658
0.153782
0.175751
0.335889
0.462660
0.220173
0.213610
0.345423
0.211952
0.214715
0.168912
0.124629
0.116753
0.111779
0.117444
0.133057
0.147358
0.145769
0.127530
0.132712
0.127737
0.218515
0.143489
0.120622
0.134093
0.164491
0.138238
0.246770
0.216373
0.524560
0.511779
0.164560
0.151157
0.149568
0.170777
0.136373
0.247323
0.279862
0.121382
0.150674
0.218169
0.217755
0.211468
0.233990
0.305838
0.474266
0.170915
0.128636
0.133402
0.132435
0.308256
0.282003
0.218446
0.312401
0.439516
0.224180
0.313161
0.285527
0.245872
0.282487
0.294370
0.218446
0.188877
0.228325
0.233575
0.234750
0.388877
0.487116
0.343212
0.335406
0.218100
0.253541
0.261485
0.255682
0.282487
0.310674
0.417962
0.272539
0.363247
0.333333
0.325250
0.251675
0.203385
0.166218
0.178238
0.167737
0.182522
0.163523
0.183420
0.172021
0.176788
0.160000
0.187703
0.295682
0.345078
0.458722
0.281105
0.306805
0.360345
0.383558
0.440829
0.354266
0.390950
0.380725
0.309016
0.377478
0.321382
0.316891
0.289188
0.243385
0.260933
0.214646
0.300449
0.274680
0.254922
0.356615
0.331261
0.445734
0.526149
0.487116
0.673022
0.769326
0.830328
0.779344
0.759516
0.595993
0.524214
0.517168
0.381485
0.436546
0.383074
0.328083
0.322902
0.272055
0.266183
0.255544
0.249810
0.214784
0.308463
0.368774
0.725112
0.662107
0.541002
0.438895
0.484007
0.742176
0.671641
0.579827
0.531952
0.538584
0.522763
0.390674
0.543143
0.302591
0.312884
0.251261
0.232332
0.224801
0.206632
0.247323
0.215613
0.235233
0.255406
0.346874
0.400138
0.335544
0.659206
0.590397
0.625976
0.517444
0.715440
0.786252
0.631779
0.574093
0.285803
0.342107
0.323316
0.238895
0.152884
0.179206
0.155164
0.193022
0.243385
0.137271
0.175268
0.161796
0.156200
0.194266
0.378031
0.231572
0.445665
0.176235
0.183212
0.172781
0.185907
0.302591
0.339275
0.351917
0.208359
0.179206
0.176718
0.159033
0.144180
0.150535
0.170363
0.145078
0.164214
0.136649
0.173610
0.161727
0.152677
0.178722
0.176511
0.175613
0.171123
0.234680
0.149568
0.162280
0.155233
0.157997
0.315648
0.178860
0.199724
0.176788
0.190121
0.163800
0.168290
0.142936
0.134922
0.132021
0.159378
0.148877
0.156200
0.156131
0.144870
0.136028
0.132850
0.133195
0.211744
0.152953
0.129257
0.097340
0.091157
0.156667
0.284758
0.376991
0.122796
0.068514
0.066381
0.058717
0.062692
0.061985
0.058903
0.051697
0.050512
0.056655
0.048016
0.051124
0.046218
0.053057
0.053817
0.124214
0.255820
0.071434
0.045181
0.041934
0.052021
0.233022
0.050017
0.052228
0.052781
0.060518
0.054577
0.050501
0.048428
0.047323
0.050777
0.040069
0.037444
0.038549
0.041520
0.046770
0.039378
0.117997
0.047323
0.101485
0.050777
0.034197
0.035717
0.034957
0.037444
0.035233
0.039655
0.053817
0.062936
0.055475
0.045181
0.036546
0.038066
0.042073
0.042211
0.031710
0.045181
0.039931
0.047807
0.062729
0.047047
0.080898
0.091813
0.034819
0.035717
0.035164
0.034819
0.028256
0.036269
0.051744
0.092228
0.075786
0.070881
0.083247
0.066321
0.062867
0.060518
0.064111
0.104525
0.118618
0.137478
0.139965
0.136891
0.151278
0.183342
0.175678
0.349255
0.288134
0.366312
0.352241
0.368210
0.228181
0.144591
0.150810
0.179688
0.160552
0.152746
0.148186
0.147012
0.140173
0.141416
0.141554
0.139620
0.141969
0.130984
0.129326
0.127461
0.184732
0.140587
0.143696
0.150881
0.328221
0.162003
0.131226
0.130864
0.139896
0.128698
0.137468
0.160195
0.178543
0.205713
0.241313
0.225969
0.156836
0.175869
0.149133
0.171461
0.134183
0.140311
0.150777
0.145775
0.141292
0.167800
0.173513
0.170508
0.158211
0.152739
0.159081
0.195185
0.204874
0.215703
0.224774
0.275199
0.254176
0.228670
0.210066
0.178383
0.154826
0.123869
0.117478
0.122159
0.113860
0.130350
0.131883
0.151641
0.117237
0.115648
0.128152
0.158031
0.150035
0.202211
0.324421
0.126183
0.118273
0.139551
0.154853
0.251174
0.408454
0.189698
0.136032
0.296649
0.183005
0.125803
0.112470
0.101002
0.094922
0.091813
0.096857
0.168221
0.135682
0.136995
0.145078
0.120898
0.201036
0.227288
0.150535
0.163109
0.163869
0.187565
0.194404
0.215820
0.214508
0.250363
0.274680
0.324214
0.153230
0.148601
0.137202
0.100587
0.126356
0.185078
0.102867
0.202418
0.208636
0.164007
0.178791
0.155855
0.236891
0.194888
0.436822
0.262314
0.358756
0.374231
0.425838
0.499344
0.490915
0.151779
0.132573
0.116408
0.104387
0.142038
0.092712
0.115233
0.095889
0.130708
0.111641
0.128566
0.130501
0.160829
0.195648
0.248705
0.160000
0.167323
0.225147
0.180035
0.149983
0.136718
0.197375
0.210017
0.186736
0.156753
0.155924
0.142383
0.132021
0.111364
0.094784
0.096442
0.098169
0.093057
0.128636
0.098100
0.168428
0.162073
0.235579
0.228117
0.315233
0.131330
0.117237
0.162073
0.163178
0.134715
0.366563
0.452712
0.291606
0.313161
0.165941
0.123523
0.134439
0.125250
0.105285
0.103834
0.099827
0.094715
0.123523
0.149085
0.207392
0.168705
0.171123
0.167807
0.200207
0.171054
0.167876
0.164767
0.205527
0.271779
0.515509
0.409396
0.457478
0.305285
0.225976
0.150121
0.110881
0.106874
0.091468
0.101693
0.097893
0.101278
0.102867
0.130432
0.195026
0.204698
0.191364
0.156477
0.215613
0.200000
0.178515
0.167945
0.297686
0.227081
0.324905
0.408912
0.253541
0.208497
0.141623
0.132228
0.128497
0.123938
0.117306
0.116753
0.114611
0.159447
0.135889
0.153851
0.172642
0.175406
0.182245
0.312746
0.453886
0.390881
0.279655
0.182867
0.175199
0.176995
0.196131
0.349361
0.217340
0.222522
0.145976
0.155302
0.181623
0.149637
0.156891
0.148187
0.114611
0.101140
0.115095
0.157375
0.134231
0.127945
0.137893
0.136718
0.352953
0.180311
0.162142
0.100173
0.141762
0.109845
0.113990
0.158687
0.227288
0.191295
0.173817
0.164491
0.154128
0.150190
0.154819
0.136166
0.131399
0.141140
0.171744
0.146874
0.190052
0.195302
0.201658
0.426736
0.224940
0.191364
0.359309
0.276891
0.200622
0.439033
0.411123
0.381831
0.259896
0.267288
0.279724
0.169879
0.159655
0.132021
0.131054
0.108670
0.117513
0.111710
0.154266
0.163247
0.130017
0.184870
0.127323
0.112193
0.246287
0.278964
0.306736
0.208843
0.416718
0.302936
0.219827
0.396062
0.290846
0.429983
0.399378
0.188394
0.228256
0.313022
0.166287
0.312539
0.115579
0.120415
0.193575
0.155717
0.146943
0.184041
0.288636
0.555648
0.348187
0.479102
0.385009
0.388325
0.385976
0.522349
0.217755
0.323938
0.234542
0.185078
0.252573
0.138238
0.124352
0.162418
0.147012
0.120829
0.110466
0.104594
0.105561
0.155164
0.153921
0.163247
0.112193
0.132090
0.138791
0.170777
0.122280
0.153990
0.217340
0.169326
0.204214
0.205941
0.181278
0.200484
0.215820
0.144249
0.138100
0.136580
0.149914
0.152815
0.091744
0.097271
0.099620
0.154819
0.139275
0.169879
0.158895
0.198549
0.391710
0.210570
0.134922
0.116062
0.349568
0.208981
0.229499
0.235164
0.307012
0.252573
0.217478
0.158895
0.143627
0.138998
0.106390
0.095959
0.084560
0.124214
0.109085
0.141554
0.163178
0.140104
0.115164
0.353092
0.351572
0.138998
0.090846
0.084283
0.104456
0.114750
0.261485
0.524214
0.402211
0.200829
0.151779
0.117858
0.105630
0.134991
0.145699
0.198756
0.112401
0.269845
0.125458
0.147565
0.150190
0.114473
0.093126
0.081451
0.096718
0.119171
0.079585
0.100518
0.096028
0.097686
0.161313
0.235302
0.183489
0.199585
0.221002
0.099896
0.109361
0.101140
0.094370
0.082280
0.081174
0.105216
0.075786
0.120345
0.126770
0.109775
0.106736
0.115233
0.094370
0.104801
0.280069
0.100173
0.196684
0.282556
0.088497
0.163592
0.126978
0.106321
0.118549
0.098446
0.102453
0.097064
0.093402
0.082280
0.079793
0.097962
0.131468
0.153230
0.194197
0.149016
0.155371
0.136511
0.130708
0.114750
0.176166
0.152263
0.156408
0.109706
0.127668
0.219067
0.169810
0.156891
0.138031
0.128359
0.134508
0.112608
0.098377
0.096926
0.131261
0.099758
0.104732
0.109914
0.146390
0.131192
0.118411
0.163247
0.199931
0.136649
0.136166
0.149983
0.177409
0.168705
0.182591
0.327116
0.362556
0.262936
0.208497
0.183489
0.126287
0.118618
0.141002
0.115648
0.115855
0.219067
0.110950
0.191917
0.228808
0.177962
0.167807
0.419689
0.347358
0.366839
0.189154
0.177340
0.178169
0.196269
0.384801
0.347081
0.241313
0.243938
0.202556
0.174715
0.170363
0.159033
0.159655
0.160000
0.154473
0.134715
0.162971
0.248497
0.215060
0.200415
0.240000
0.171675
0.234404
0.185699
0.172021
0.323454
0.198273
0.397997
0.529672
0.365941
0.314991
0.245786
0.168428
0.148325
0.146528
0.109706
0.117582
0.185009
0.160207
0.270052
0.170225
0.160760
0.176649
0.143282
0.138031
0.208221
0.437029
0.295130
0.082073
0.113368
0.102729
0.146528
0.177409
0.197789
0.178446
0.235579
0.207668
0.193990
0.166356
0.146874
0.132988
0.138722
0.103143
0.252435
0.122418
0.156684
0.175959
0.167254
0.184318
0.198342
0.205389
0.208981
0.161313
0.428670
0.250501
0.428325
0.330432
0.258446
0.251192
0.188463
0.277789
0.216166
0.156546
0.192953
0.167737
0.141900
0.127116
0.228601
0.125043
0.224801
0.232884
0.216857
0.225976
0.682902
0.498377
0.434888
0.249879
0.292712
0.328083
0.419620
0.285596
0.256718
0.292159
0.244698
0.268739
0.247047
0.298929
0.239724
0.220518
0.221140
0.180864
0.224387
0.214784
0.231503
0.206839
0.285941
0.330708
0.269016
0.209948
0.183420
0.259206
0.267910
0.253402
0.221416
0.211813
0.236615
0.208774
0.208843
0.150674
0.165872
0.145216
0.107703
0.113161
0.114473
0.125389
0.122211
0.172850
0.180656
0.139620
0.173333
0.182522
0.201451
0.418998
0.290915
0.426736
0.273092
0.440000
0.310535
0.382245
0.479516
0.439585
0.376649
0.422453
0.228877
0.132919
0.104111
0.099344
0.097547
0.104801
0.101693
0.148325
0.205458
0.266459
0.470674
0.366287
0.238480
0.302453
0.366425
0.235509
0.223696
0.209534
0.226114
0.247876
0.383143
0.341140
0.267288
0.203523
0.345216
0.278342
0.175889
0.183005
0.238066
0.188532
0.144525
0.196822
0.212366
0.217271
0.208359
0.233299
0.232677
0.209396
0.245458
0.210570
0.395026
0.248981
0.287047
0.306390
0.256373
0.223420
0.241589
0.254439
0.232608
0.260173
0.246079
0.241520
0.210501
0.162349
0.257478
0.164905
0.184249
0.257547
0.233161
0.212435
0.180173
0.314059
0.196822
0.166978
0.178584
0.203040
0.189845
0.294231
0.457271
0.377340
0.335268
0.199655
0.200553
0.175060
0.155440
0.145285
0.144663
0.126563
0.138653
0.135889
0.158204
0.205596
0.178791
0.178307
0.156062
0.270121
0.217686
0.156960
0.165181
0.303972
0.188048
0.473921
0.418377
0.244905
0.261485
0.346252
0.440276
0.254162
0.248912
0.392677
0.253057
0.159585
0.173126
0.206839
0.175130
0.227910
0.243454
0.197168
0.187427
0.191641
0.460173
0.393921
0.166632
0.238964
0.319447
0.389499
0.321244
0.232470
0.263420
0.274680
0.210777
0.147012
0.144732
0.142038
0.137686
0.149637
0.145907
0.187565
0.188463
0.172297
0.167254
0.205941
0.283109
0.286287
0.202280
0.202763
0.230121
0.495959
0.259482
0.199585
0.225769
0.237375
0.206079
0.173333
0.149154
0.163178
0.163178
0.123592
0.128152
0.116684
0.124974
0.118549
0.127185
0.176166
0.173817
0.346390
0.340794
0.416511
0.319655
0.403247
0.435509
0.566978
0.349292
0.361244
0.282556
0.431572
0.269637
0.296926
0.224111
0.195993
0.177893
0.229914
0.266183
0.238342
0.169810
0.178377
0.189292
0.197720
0.168290
0.212159
0.236684
0.291330
0.249603
0.206425
0.197029
0.229568
0.417893
0.410846
0.528497
0.492573
0.372642
0.268048
0.261693
0.251261
0.216995
0.148670
0.189361
0.136028
0.139206
0.132159
0.193644
0.183972
0.187012
0.201382
0.245941
0.235233
0.242349
0.262176
0.180173
0.377409
0.374784
0.296304
0.226598
0.251123
0.267150
0.224041
0.227081
0.143972
0.142107
0.131261
0.116269
0.171261
0.148394
0.168083
0.137962
0.177133
0.174991
0.151848
0.129603
0.158687
0.319862
0.403731
0.305423
0.179965
0.232055
0.221140
0.240276
0.261762
0.242763
0.195164
0.194128
0.145561
0.148325
0.147150
0.121382
0.131261
0.124905
0.163869
0.194473
0.154128
0.154128
0.165112
0.164145
0.444283
0.466114
0.327737
0.167807
0.176166
0.239516
0.328774
0.423972
0.268187
0.251330
0.246218
0.204491
0.239585
0.164214
0.172090
0.174370
0.223074
0.188256
0.155717
0.165250
0.238411
0.251468
0.228670
0.170639
0.186183
0.252850
0.298446
0.363592
0.379482
0.346874
0.325803
0.407599
0.352332
0.310190
0.314335
0.382245
0.356546
0.320553
0.440138
0.182038
0.165389
0.131399
0.125250
0.192539
0.227358
0.238066
0.212781
0.219136
0.300587
0.351157
0.300242
0.329396
0.468946
0.406632
0.269085
0.308808
0.308325
0.226874
0.212021
0.191364
0.183972
0.170017
0.150674
0.146943
0.152953
0.184525
0.143765
0.153230
0.165734
0.198618
0.176235
0.163523
0.326908
0.530777
0.255406
0.181209
0.209050
0.401244
0.304525
0.287047
0.299275
0.248152
0.311157
0.368912
0.179689
0.149085
0.132573
0.151434
0.182660
0.170432
0.155164
0.139689
0.171813
0.194128
0.184180
0.394266
0.517651
0.269430
0.297271
0.203592
0.191226
0.254577
0.219620
0.340587
0.436960
0.283040
0.235095
0.311434
0.306321
0.485803
0.165527
0.123040
0.112055
0.113506
0.111848
0.139827
0.251744
0.403316
0.350259
0.368774
0.232539
0.152332
0.131399
0.128636
0.161865
0.159171
0.144456
0.425009
0.519516
0.350881
0.204698
0.285665
0.256028
0.120898
0.145907
0.144111
0.139758
0.108532
0.151088
0.129326
0.209810
0.212159
0.191503
0.261693
0.203800
0.465838
0.216373
0.166494
0.178929
0.246632
0.209810
0.285320
0.280829
0.227150
0.251744
0.206425
0.281244
0.393437
0.176995
0.210017
0.206079
0.137271
0.165941
0.131744
0.154197
0.135337
0.456580
0.214508
0.176442
0.255475
0.433921
0.295060
0.437168
0.275509
0.278411
0.292366
0.319862
0.278342
0.239585
0.216442
0.173126
0.177271
0.203523
0.180242
0.145699
0.138584
0.188117
0.155717
0.170155
0.286287
0.220656
0.209534
0.210017
0.345630
0.189154
0.177893
0.208290
0.214024
0.189223
0.176580
0.182314
0.199309
0.200967
0.203938
0.129465
0.135751
0.147427
0.163592
0.154611
0.130225
0.157306
0.131883
0.133748
0.184387
0.183696
0.177547
0.167876
0.191503
0.177478
0.193230
0.328428
0.237168
0.256166
0.357029
0.263558
0.224180
0.255751
0.231226
0.180518
0.217409
0.266943
0.256718
0.258307
0.243178
0.222660
0.143074
0.165872
0.186252
0.200000
0.187910
0.218031
0.205250
0.482694
0.442694
0.433368
0.369119
0.208152
0.226183
0.529119
0.274680
0.225769
0.196753
0.166010
0.169879
0.184456
0.396684
0.148877
0.185216
0.134508
0.137340
0.144594
0.230052
0.187634
0.311157
0.287392
0.312193
0.208014
0.261762
0.355648
0.455820
0.313368
0.294715
0.380104
0.229706
0.241244
0.266114
0.181485
0.135337
0.124767
0.122832
0.123592
0.134646
0.191364
0.139067
0.196684
0.223074
0.219482
0.148877
0.406701
0.473161
0.343696
0.312055
0.281382
0.295475
0.410086
0.270743
0.494231
0.477098
0.243316
0.352815
0.375751
0.214370
0.204214
0.176097
0.182245
0.190812
0.189430
0.191019
0.265354
0.304801
0.293955
0.273782
0.291744
0.412090
0.238756
0.365250
0.520622
0.320138
0.292228
0.292366
0.291813
0.436753
0.373679
0.285803
0.238204
0.163938
0.174301
0.147910
0.153851
0.233713
0.253472
0.253817
0.336028
0.421002
0.464318
0.713022
0.545285
0.514888
0.263351
0.314819
0.462867
0.472815
0.335613
0.300104
0.251813
0.222383
0.208014
0.198549
0.205112
0.141209
0.109983
0.176511
0.108117
0.106874
0.135682
0.115648
0.219413
0.189914
0.129534
0.143627
0.057340
0.155371
0.132781
0.332573
0.281520
0.134231
0.134784
0.166218
0.277651
0.326010
0.193230
0.213333
0.220794
0.163731
0.131606
0.126632
0.148463
0.127945
0.131330
0.135613
0.129188
0.195371
0.243938
0.206978
0.223212
0.193506
0.155786
0.150328
0.124629
0.134784
0.131744
0.173955
0.449741
0.254853
0.225630
0.198480
0.216926
0.182176
0.170294
0.160000
0.166563
0.153092
0.155855
0.179965
0.170639
0.206356
0.253126
0.218860
0.453472
0.374231
0.410846
0.421278
0.298860
0.189706
0.510190
0.471088
0.275579
0.272193
0.207461
0.175959
0.197444
0.214301
0.192815
0.200138
0.220656
0.160207
0.108325
0.127737
0.217340
0.183420
0.132435
0.129741
0.116684
0.222453
0.408981
0.265423
0.139136
0.168912
0.197237
0.238756
0.265769
0.400967
0.163592
0.184111
0.131330
0.419136
0.123454
0.123592
0.117513
0.114611
0.196822
0.292435
0.145769
0.224732
0.185009
0.138169
0.191503
0.217962
0.123247
0.165389
0.203938
0.289326
0.229775
0.510190
0.315786
0.331123
0.219413
0.218377
0.250501
0.162418
0.167461
0.177755
0.142522
0.150328
0.194750
0.161589
0.174301
0.256442
0.221278
0.167599
0.381071
0.485112
0.266183
0.174508
0.188117
0.199378
0.234335
0.332850
0.327807
0.255751
0.279447
0.269706
0.161727
0.142176
0.155302
0.124905
0.126632
0.129188
0.163385
0.136511
0.259896
0.279240
0.198964
0.206010
0.221071
0.468877
0.315302
0.163938
0.160760
0.179965
0.256373
0.256097
0.323592
0.549361
0.375820
0.165458
0.139758
0.321865
0.193437
0.165389
0.126287
0.133748
0.139067
0.149637
0.256028
0.456442
0.225423
0.184041
0.190881
0.410086
0.214024
0.163178
0.149361
0.148670
0.290017
0.475026
0.331606
0.225147
0.250225
0.235924
0.185630
0.173610
0.113506
0.112055
0.121796
0.116131
0.135682
0.156062
0.204145
0.233092
0.192746
0.244007
0.373748
0.292504
0.262245
0.318411
0.178722
0.160898
0.267150
0.360691
0.318687
0.275786
0.262660
0.281451
0.204352
0.164698
0.143143
0.141416
0.127737
0.124974
0.126908
0.123316
0.148187
0.223074
0.165734
0.151917
0.191503
0.292297
0.323869
0.203592
0.223420
0.290155
0.343005
0.446770
0.344525
0.254715
0.265699
0.281036
0.218031
0.132435
0.119378
0.122556
0.119447
0.115509
0.115993
0.115509
0.208636
0.170155
0.136373
0.171675
0.443247
0.208290
0.146874
0.112401
0.183351
0.282902
0.319585
0.548048
0.497755
0.356684
0.448221
0.312124
0.315579
0.238826
0.254646
0.231917
0.143627
0.146459
0.152539
0.164421
0.223420
0.204974
0.159862
0.154404
0.368083
0.231088
0.291261
0.271641
0.443938
0.222936
0.264594
0.342660
0.458238
0.282003
0.279793
0.314680
0.315855
0.226874
0.237098
0.245596
0.217824
0.139827
0.192263
0.160138
0.175475
0.227219
0.171192
0.212850
0.230466
0.248566
0.255199
0.264594
0.372090
0.238756
0.280276
0.307288
0.298860
0.287392
0.318964
0.319378
0.233644
0.168014
0.178584
0.178100
0.173264
0.169465
0.210432
0.193575
0.226528
0.302245
0.300380
0.238756
0.238826
0.379896
0.404214
0.351848
0.319240
0.203385
0.274266
0.414231
0.366770
0.659896
0.375406
0.211606
0.201865
0.201589
0.169603
0.162418
0.193644
0.152401
0.165941
0.172090
0.232193
0.272608
0.334231
0.281036
0.224318
0.254439
0.420449
0.266736
0.314888
0.385838
0.450363
0.339896
0.276546
0.282556
0.299551
0.302245
0.325250
0.262867
0.238687
0.222245
0.232055
0.215889
0.221900
0.227081
0.340242
0.330155
0.306459
0.289396
0.380242
0.310190
0.311295
0.303765
0.288014
0.249050
0.345078
0.341140
0.311295
0.298722
0.325043
0.287323
0.282694
0.249948
0.225078
0.215337
0.203800
0.204767
0.230812
0.325527
0.302245
0.227219
0.223834
0.262867
0.248497
0.231434
0.377340
0.589085
0.462729
0.393437
0.309914
0.360069
0.464801
0.564352
0.523316
0.470950
0.315095
0.154888
0.139275
0.136718
0.143765
0.176580
0.129257
0.137617
0.208843
0.251330
0.155786
0.141762
0.258998
0.331330
0.646356
0.260587
0.248497
0.292573
0.265630
0.318549
0.346459
0.307427
0.310121
0.293057
0.289534
0.199862
0.211744
0.197168
0.367185
0.186874
0.164352
0.242487
0.364560
0.279240
0.222798
0.178998
0.267772
0.435993
0.467565
0.365250
0.221140
0.209672
0.279447
0.331813
0.322349
0.394197
0.490017
0.315648
0.211192
0.155302
0.155509
0.135751
0.221623
0.258722
0.231917
0.332712
0.207876
0.154404
0.118895
0.128428
0.241589
0.244836
0.420864
0.219896
0.215751
0.281658
0.598273
0.372435
0.384940
0.270881
0.432263
0.345769
0.261347
0.138169
0.136649
0.144870
0.183351
0.164767
0.195717
0.197029
0.290501
0.276408
0.246356
0.233713
0.268946
0.295820
0.305561
0.322487
0.511641
0.474266
0.371675
0.451468
0.424801
0.383834
0.383558
0.341554
0.320415
0.278826
0.199516
0.223627
0.193990
0.205250
0.217340
0.215130
0.286356
0.307910
0.220380
0.201036
0.204629
0.307910
0.207461
0.195509
0.210777
0.297478
0.288152
0.310259
0.402487
0.338169
0.328290
0.614991
0.326010
0.345216
0.209879
0.143972
0.150812
0.139689
0.150674
0.181071
0.243523
0.336580
0.255544
0.289119
0.462729
0.371606
0.242280
0.333472
0.409948
0.313506
0.297271
0.366701
0.358135
0.339275
0.499067
0.238618
0.203869
0.168912
0.267496
0.207323
0.149637
0.175406
0.140725
0.146874
0.252297
0.218653
0.255337
0.276753
0.341416
0.264249
0.250846
0.264180
0.246563
0.229568
0.450086
0.608636
0.542798
0.337824
0.512815
0.285112
0.241796
0.458584
0.201727
0.196822
0.149430
0.145423
0.145699
0.186045
0.243661
0.200898
0.175060
0.153990
0.167461
0.402487
0.411468
0.427012
0.232055
0.233299
0.219136
0.326701
0.467634
0.452988
0.330432
0.284629
0.221209
0.176028
0.152746
0.160829
0.163385
0.132988
0.125458
0.168566
0.218515
0.214853
0.153851
0.177824
0.160415
0.266736
0.184249
0.261900
0.333541
0.192884
0.276822
0.293402
0.292228
0.469845
0.549361
0.294577
0.280000
0.251261
0.276408
0.250155
0.249534
0.221900
0.235855
0.224249
0.293472
0.233575
0.252021
0.210639
0.229361
0.452297
0.203178
0.198066
0.478342
0.482280
0.354957
0.381140
0.325872
0.326425
0.381969
0.311088
0.218100
0.178584
0.148256
0.147358
0.147772
0.152263
0.183074
0.154473
0.257617
0.230397
0.389499
0.246079
0.289257
0.434680
0.407323
0.290017
0.311986
0.417893
0.408843
0.714542
0.475440
0.452642
0.441589
0.741762
0.389361
0.303558
0.274819
0.327392
0.332988
0.234680
0.211675
0.234335
0.297755
0.309361
0.310950
0.254853
0.474611
0.681520
0.421002
0.395371
0.224801
0.418377
0.416442
0.492297
0.416580
0.327876
0.352332
0.369603
0.297617
0.272677
0.260380
0.236684
0.240138
0.242280
0.250017
0.281520
0.322625
0.278066
0.268463
0.276615
0.351226
0.274542
0.272815
0.328497
0.273022
0.300104
0.450017
0.415406
0.584456
0.705423
0.464525
0.358411
0.292504
0.268946
0.211675
0.266045
0.204283
0.215268
0.201244
0.208428
0.327461
0.400553
0.316408
0.274611
0.631019
0.624870
0.343005
0.529050
0.648083
0.388463
0.371675
0.407945
0.339896
0.300933
0.328497
0.302107
0.288221
0.343696
0.247323
0.220864
0.225423
0.216857
0.215820
0.217133
0.303074
0.323592
0.259620
0.296788
0.254370
0.537962
0.346805
0.491123
0.538100
0.597375
0.367530
0.428946
0.374231
0.413264
0.358135
0.518342
0.588256
0.327461
0.257340
0.333195
0.311088
0.311641
0.240760
0.230259
0.348601
0.331261
0.300725
0.348117
0.317858
0.291537
0.264249
0.254301
0.346528
0.388048
0.303143
0.409396
0.353437
0.330501
0.321589
0.306528
0.305561
0.440967
0.180380
0.237858
0.191088
0.174853
0.213679
0.194680
0.356062
0.461693
0.368083
0.355855
0.224870
0.384180
0.312608
0.230052
0.266321
0.235371
0.292159
0.534715
0.512124
0.383834
0.255199
0.249810
0.311710
0.216718
0.176511
0.175199
0.168912
0.160069
0.163523
0.181071
0.243040
0.251192
0.214024
0.313921
0.344801
0.328497
0.278964
0.233851
0.222798
0.242073
0.350397
0.320829
0.399033
0.762142
0.625285
0.572159
0.324076
0.228946
0.218722
0.211883
0.185561
0.167876
0.196891
0.176995
0.228117
0.244283
0.432401
0.263972
0.218307
0.375337
0.454991
0.380864
0.331399
0.225009
0.234197
0.296718
0.325734
0.392815
0.522694
0.313921
0.307565
0.285734
0.242971
0.264318
0.246356
0.224870
0.224041
0.254646
0.280622
0.304249
0.258515
0.233713
0.239724
0.278826
0.232608
0.224940
0.568428
0.230950
0.297478
0.240138
0.247323
0.313299
0.305147
0.593506
0.480760
0.382314
0.262245
0.240276
0.233921
0.228601
0.216373
0.216788
0.226943
0.351917
0.330777
0.267565
0.587358
0.382660
0.271364
0.437375
0.788946
0.294301
0.282073
0.443523
0.507358
0.396269
0.370639
0.271848
0.270743
0.345976
