0.310763
0.269005
0.260821
0.228522
0.243644
0.223232
0.225099
0.330087
0.449793
0.584467
0.458568
0.422846
0.357190
0.533746
0.403927
0.721847
0.648474
0.516881
0.528114
0.471481
0.479230
0.411893
0.327660
0.284065
0.257834
0.261817
0.242649
0.232816
0.236332
0.242929
0.254255
0.281078
0.297508
0.458661
0.554345
0.575660
0.424059
0.416840
0.345085
0.340044
0.365591
0.538165
0.545477
0.437035
0.456794
0.379376
0.306967
0.254815
0.224228
0.194044
0.186109
0.186732
0.200703
0.230171
0.370725
0.353549
0.309830
0.373899
0.401344
0.273454
0.240315
0.245294
0.224694
0.314248
0.487382
0.486106
0.718798
0.452687
0.402838
0.344089
0.295796
0.227837
0.229517
0.236923
0.257989
0.228522
0.219436
0.246632
0.289355
0.380029
0.318262
0.300495
0.310981
0.381710
0.319196
0.327940
0.272116
0.329153
0.484395
0.471544
0.518592
0.455985
0.338208
0.504092
0.422659
0.219933
0.173383
0.191804
0.185736
0.173663
0.194418
0.244080
0.275944
0.363257
0.312817
0.246523
0.255281
0.270837
0.277123
0.290954
0.351511
0.456903
0.304649
0.429393
0.436323
0.410483
0.429925
0.485605
0.386470
0.250475
0.237818
0.231365
0.212736
0.207373
0.209157
0.356407
0.336774
0.324500
0.311035
0.267880
0.311603
0.275975
0.279102
0.249378
0.257616
0.247378
0.269191
0.298643
0.479424
0.295921
0.285808
0.263341
0.240439
0.203504
0.202259
0.186078
0.187167
0.187354
0.221334
0.209354
0.268880
0.330865
0.299219
0.441983
0.468401
0.419392
0.539254
0.396895
0.354513
0.467592
0.533466
0.517348
0.499642
0.403180
0.315026
0.273236
0.319818
0.232536
0.225628
0.207362
0.228086
0.201699
0.201979
0.222080
0.248530
0.271650
0.325015
0.376762
0.320067
0.323832
0.379034
0.341818
0.341756
0.290693
0.384728
0.419019
0.406323
0.659271
0.357096
0.436786
0.445406
0.341444
0.217911
0.195662
0.178144
0.184585
0.193360
0.350811
0.301677
0.315151
0.253446
0.369512
0.426891
0.339204
0.269347
0.294303
0.225130
0.263901
0.406198
0.525811
0.459097
0.405669
0.446121
0.470579
0.480785
0.223512
0.179762
0.206771
0.173787
0.175499
0.171329
0.205184
0.234901
0.299810
0.342938
0.393503
0.359274
0.299126
0.372188
0.387342
0.362137
0.292498
0.543704
0.395805
0.419703
0.538445
0.560973
0.354731
0.241466
0.208887
0.176681
0.165697
0.175343
0.184865
0.162679
0.237203
0.267231
0.303389
0.386346
0.274699
0.257242
0.219529
0.297134
0.218004
0.265737
0.292498
0.318231
0.422970
0.589974
0.400380
0.404829
0.385195
0.289262
0.223979
0.215982
0.223792
0.190186
0.190186
0.206740
0.210847
0.256807
0.338239
0.190092
0.193920
0.217849
0.206398
0.226126
0.189719
0.216199
0.212870
0.250801
0.340262
0.420668
0.487071
0.300246
0.354171
0.376357
0.200952
0.190404
0.174752
0.176277
0.175530
0.195818
0.184398
0.216697
0.272552
0.240688
0.187914
0.177895
0.216946
0.267635
0.345583
0.389987
0.219249
0.235834
0.264710
0.448051
0.431154
0.370850
0.307620
0.269316
0.281980
0.217662
0.201170
0.175499
0.186296
0.192084
0.199179
0.193951
0.205682
0.214986
0.197498
0.208202
0.271432
0.160438
0.205744
0.193017
0.174472
0.222112
0.452656
0.449606
0.334941
0.242400
0.456732
0.275166
0.171547
0.177335
0.168497
0.163737
0.185176
0.160563
0.164203
0.164514
0.247721
0.414569
0.323272
0.437471
0.290008
0.314840
0.346952
0.199334
0.242649
0.371285
0.396334
0.640943
0.447055
0.269347
0.244049
0.363133
0.203877
0.162741
0.149765
0.147929
0.167533
0.169929
0.160469
0.196938
0.210474
0.195942
0.250335
0.203877
0.311479
0.248654
0.191524
0.330554
0.238074
0.243209
0.293680
0.258083
0.269378
0.245418
0.300308
0.268818
0.172325
0.158820
0.139963
0.139559
0.139248
0.164234
0.160189
0.173632
0.198618
0.201886
0.177801
0.229580
0.229237
0.229424
0.240470
0.248934
0.281638
0.298379
0.258394
0.301335
0.294832
0.272116
0.350126
0.277282
0.171298
0.188692
0.159785
0.153188
0.162150
0.250646
0.153997
0.184491
0.203224
0.168124
0.178735
0.135171
0.150667
0.130037
0.114385
0.123876
0.121293
0.238168
0.250023
0.272427
0.264462
0.292249
0.355571
0.423313
0.221956
0.248405
0.158509
0.135234
0.135234
0.243364
0.171609
0.148085
0.201139
0.208794
0.152068
0.158353
0.153188
0.136074
0.147898
0.200765
0.285621
0.285652
0.288390
0.252482
0.237017
0.220307
0.277717
0.183900
0.148769
0.161216
0.136167
0.121075
0.121916
0.165075
0.188599
0.268911
0.357656
0.310328
0.316675
0.232193
0.203877
0.224508
0.263217
0.217600
0.264493
0.298037
0.345676
0.292467
0.374366
0.332545
0.298130
0.170520
0.158198
0.140368
0.148023
0.127081
0.149485
0.138719
0.141332
0.180073
0.304229
0.309985
0.257709
0.282167
0.353300
0.289962
0.298970
0.274652
0.348796
0.389415
0.340614
0.313066
0.387186
0.336092
0.271992
0.205682
0.173227
0.162352
0.144499
0.132682
0.138734
0.149384
0.144051
0.183922
0.211480
0.371913
0.472682
0.458257
0.479883
0.269409
0.260634
0.334848
0.289386
0.421508
0.572518
0.456701
0.344774
0.249308
0.520210
0.308678
0.209136
0.192146
0.129601
0.127050
0.136043
0.150356
0.134020
0.245045
0.261132
0.261412
0.356007
0.262657
0.364222
0.224570
0.330616
0.219902
0.311790
0.244827
0.380807
0.411208
0.306034
0.257087
0.395214
0.339017
0.254909
0.139030
0.145627
0.133709
0.126521
0.141488
0.158167
0.197156
0.252108
0.309830
0.310826
0.211687
0.315182
0.365280
0.276208
0.272988
0.313190
0.456203
0.493481
0.442527
0.376046
0.296291
0.344295
0.250895
0.194797
0.167274
0.161169
0.163295
0.158720
0.187818
0.244133
0.296621
0.326278
0.286408
0.424685
0.390892
0.432685
0.277755
0.247836
0.250851
0.259810
0.335566
0.352005
0.449806
0.417397
0.513975
0.478044
0.327277
0.182002
0.225659
0.153717
0.143448
0.152472
0.165541
0.220898
0.284719
0.376389
0.340511
0.368329
0.241280
0.386470
0.372655
0.230062
0.177669
0.192453
0.218173
0.303707
0.237191
0.282270
0.228615
0.312288
0.221100
0.171587
0.171923
0.160143
0.155487
0.173890
0.187373
0.206586
0.239080
0.237994
0.199524
0.204605
0.224228
0.218502
0.172210
0.174621
0.180767
0.183278
0.217528
0.320596
0.433572
0.325021
0.383219
0.307051
0.265246
0.198824
0.172679
0.166786
0.169807
0.156206
0.161913
0.167713
0.178489
0.241560
0.240225
0.269173
0.328855
0.265924
0.165401
0.268843
0.244948
0.230354
0.345440
0.432870
0.449510
0.294205
0.266188
0.371778
0.231141
0.205717
0.174472
0.220588
0.186143
0.173774
0.162005
0.166264
0.206823
0.240131
0.331988
0.405172
0.507764
0.299147
0.223347
0.371721
0.304727
0.277646
0.395217
0.304391
0.393733
0.364953
0.398752
0.466005
0.302844
0.223173
0.155543
0.158422
0.131375
0.143097
0.148131
0.205529
0.239540
0.347310
0.228867
0.313455
0.362489
0.258179
0.203021
0.311308
0.195491
0.247095
0.324663
0.345539
0.375097
0.302872
0.273526
0.227223
0.224810
0.209142
0.249311
0.167022
0.147441
0.150036
0.160304
0.166341
0.222905
0.405072
0.355565
0.327485
0.219034
0.191851
0.220991
0.206021
0.188521
0.238420
0.285434
0.500280
0.643845
0.555683
0.659277
0.721592
0.463702
0.223201
0.137785
0.136961
0.150255
0.166132
0.230031
0.280012
0.442243
0.476528
0.434658
0.396561
0.433492
0.377791
0.358155
0.342550
0.478942
0.363876
0.420294
0.406416
0.457323
0.462286
0.375167
0.321530
0.211252
0.189675
0.181289
0.180045
0.167486
0.173535
0.180101
0.185879
0.217335
0.294530
0.234773
0.208268
0.227025
0.174917
0.183474
0.178856
0.196614
0.217936
0.233696
0.252886
0.332119
0.356903
0.390699
0.283773
0.239338
0.186834
0.191203
0.189703
0.173342
0.189551
0.183104
0.201939
0.236618
0.274145
0.312360
0.188023
0.191673
0.192635
0.187575
0.189377
0.179628
0.193469
0.203557
0.222662
0.232075
0.333298
0.420932
0.347164
0.323008
0.172160
0.171376
0.161617
0.157426
0.168809
0.169829
0.173909
0.173317
0.219457
0.281072
0.352961
0.301176
0.318073
0.241868
0.221066
0.268149
0.305206
0.238501
0.256430
0.387205
0.226017
0.219825
0.363061
0.235430
0.194317
0.164841
0.154734
0.158017
0.151184
0.167822
0.162899
0.173426
0.206410
0.237132
0.277951
0.279973
0.342810
0.301186
0.356801
0.278813
0.328718
0.358789
0.325401
0.352945
0.452086
0.445219
0.458991
0.358973
0.348466
0.239205
0.231841
0.215276
0.218741
0.212118
0.233000
0.263371
0.325372
0.367932
0.446343
0.357829
0.246111
0.383052
0.212374
0.203131
0.226188
0.247254
0.367707
0.277966
0.292467
0.257958
0.367738
0.259545
0.199337
0.222675
0.144930
0.142941
0.133152
0.147033
0.169306
0.187619
0.253888
0.229726
0.180574
0.201310
0.194660
0.234197
0.219993
0.243623
0.283629
0.391483
0.299580
0.367038
0.389346
0.474665
0.341040
0.463267
0.333852
0.261023
0.192053
0.187447
0.189408
0.198478
0.239358
0.292719
0.297790
0.283973
0.305411
0.285030
0.245639
0.239437
0.242157
0.245094
0.242866
0.355242
0.442944
0.542334
0.340290
0.393798
0.561645
0.343433
0.276969
0.219388
0.200555
0.177540
0.174979
0.172874
0.214887
0.354028
0.277584
0.238988
0.189942
0.197625
0.293261
0.182633
0.183247
0.185114
0.213990
0.241964
0.293742
0.311230
0.300868
0.288484
0.367925
0.379189
0.308865
0.194231
0.207487
0.204126
0.161309
0.168840
0.178828
0.253415
0.351308
0.312288
0.323926
0.269720
0.267698
0.281856
0.263279
0.188288
0.235461
0.264648
0.208358
0.270747
0.334879
0.340511
0.198743
0.272832
0.245200
0.265860
0.200374
0.154624
0.152675
0.156633
0.149401
0.169683
0.214270
0.255141
0.360524
0.293510
0.199963
0.316646
0.332544
0.344865
0.294393
0.385347
0.504649
0.330675
0.329990
0.258173
0.262125
0.295451
0.166721
0.145219
0.160933
0.146837
0.152500
0.158008
0.155083
0.161088
0.240187
0.389735
0.332324
0.347851
0.477235
0.341566
0.196624
0.184239
0.244295
0.366304
0.288978
0.287236
0.255061
0.341535
0.217628
0.170890
0.169334
0.159004
0.143881
0.144846
0.161088
0.147802
0.152562
0.232439
0.265516
0.254906
0.225282
0.201634
0.238009
0.231444
0.208106
0.286209
0.339388
0.299900
0.336214
0.470794
0.294828
0.246504
0.224224
0.217534
0.154492
0.137844
0.165258
0.146215
0.145717
0.151038
0.267663
0.271740
0.221051
0.199020
0.156608
0.157915
0.146775
0.141360
0.152594
0.147957
0.153185
0.176554
0.352208
0.327096
0.305284
0.265516
0.325447
0.228083
0.226838
0.213894
0.150447
0.149233
0.156359
0.143881
0.156203
0.190214
0.224660
0.178140
0.167810
0.149700
0.153496
0.147335
0.148424
0.135759
0.138187
0.139836
0.222326
0.266854
0.253505
0.318819
0.408187
0.224038
0.309422
0.256648
0.143881
0.161649
0.160030
0.145219
0.167094
0.173380
0.241588
0.247967
0.352239
0.262187
0.194383
0.142263
0.140676
0.137284
0.142169
0.154367
0.231848
0.241681
0.233964
0.211000
0.245773
0.200825
0.159738
0.142207
0.151243
0.135955
0.133345
0.144740
0.151912
0.187118
0.310013
0.232234
0.180611
0.221632
0.262479
0.203871
0.187301
0.144478
0.149364
0.213866
0.341883
0.236715
0.238834
0.271401
0.237916
0.165182
0.150768
0.145599
0.143932
0.131150
0.129971
0.147865
0.178298
0.172947
0.304151
0.280494
0.367617
0.385974
0.189813
0.260510
0.233998
0.197841
0.196254
0.298192
0.383141
0.263061
0.312568
0.275228
0.237421
0.189190
0.194013
0.139061
0.136914
0.117217
0.132091
0.123191
0.158447
0.170613
0.180975
0.194044
0.364066
0.314466
0.377758
0.332887
0.348446
0.286772
0.361795
0.469272
0.443912
0.388088
0.362728
0.334941
0.191306
0.353175
0.188381
0.130722
0.130099
0.129228
0.138096
0.164421
0.166973
0.181193
0.274450
0.194013
0.185923
0.158353
0.243551
0.226126
0.167844
0.271089
0.202508
0.254815
0.259234
0.297508
0.306500
0.325482
0.429038
0.322463
0.234745
0.264897
0.183433
0.138159
0.143635
0.146965
0.179046
0.196347
0.357438
0.208202
0.243053
0.173009
0.150201
0.149609
0.141955
0.153032
0.156331
0.199676
0.237763
0.341382
0.424993
0.342502
0.338239
0.351402
0.185083
0.211625
0.114261
0.119737
0.117341
0.143168
0.143604
0.206055
0.289013
0.255438
0.265488
0.225285
0.179668
0.225690
0.171236
0.213710
0.156113
0.381803
0.301366
0.327006
0.335252
0.410897
0.331767
0.265768
0.221956
0.169773
0.157109
0.135265
0.132744
0.147182
0.166288
0.186794
0.343187
0.283163
0.191399
0.197094
0.214146
0.241840
0.273952
0.307901
0.362511
0.258829
0.309830
0.434639
0.327753
0.382021
0.390982
0.362635
0.209945
0.176339
0.182873
0.155304
0.150979
0.157793
0.182033
0.201326
0.248530
0.309052
0.405514
0.502941
0.382021
0.282323
0.331394
0.267106
0.405918
0.330211
0.376264
0.340324
0.527212
0.375019
0.300744
0.246476
0.223076
0.180540
0.173445
0.196347
0.193297
0.190933
0.213959
0.255624
0.296885
0.272023
0.242555
0.331674
0.347263
0.258923
0.248032
0.363506
0.370445
0.321810
0.406976
0.320627
0.324330
0.291907
0.244640
0.362137
0.219031
0.202166
0.209416
0.201170
0.187105
0.198681
0.226748
0.233936
0.255811
0.480692
0.429598
0.337710
0.231260
0.269596
0.283754
0.357034
0.398139
0.395121
0.463827
0.377011
0.573327
0.415316
0.420512
0.440863
0.195787
0.169431
0.185114
0.165012
0.171173
0.178393
0.210505
0.244982
0.387684
0.373775
0.253384
0.326851
0.292809
0.238386
0.184274
0.298068
0.299561
0.336123
0.335875
0.383141
0.249463
0.243427
0.283692
0.422846
0.214146
0.149796
0.169555
0.151414
0.140399
0.149392
0.171173
0.171236
0.366493
0.296792
0.258861
0.235741
0.233345
0.205060
0.183869
0.204499
0.242960
0.276193
0.359679
0.428540
0.321841
0.414662
0.296387
0.266889
0.216915
0.151476
0.154464
0.151725
0.165355
0.221271
0.170987
0.206086
0.340293
0.262128
0.338737
0.184087
0.195102
0.236456
0.241186
0.242649
0.285434
0.331269
0.422037
0.303482
0.383203
0.459221
0.260230
0.276939
0.244111
0.173974
0.180882
0.147120
0.153748
0.167813
0.230638
0.210847
0.243862
0.386937
0.348850
0.402496
0.339515
0.298099
0.233158
0.187167
0.182375
0.220338
0.251019
0.320067
0.376420
0.322090
0.391294
0.225379
0.254566
0.168497
0.160002
0.174036
0.161714
0.159754
0.179544
0.185767
0.298597
0.328469
0.170022
0.159785
0.234994
0.226592
0.186078
0.168809
0.214550
0.309332
0.267853
0.407350
0.344681
0.327317
0.305660
0.256589
0.207611
0.158696
0.150636
0.141799
0.158291
0.179388
0.177148
0.208949
0.234869
0.347045
0.310514
0.213648
0.223543
0.199676
0.162803
0.151943
0.153001
0.193049
0.367551
0.231291
0.206989
0.223512
0.217475
0.183558
0.182344
0.183371
0.163768
0.150419
0.148552
0.150854
0.166070
0.186234
0.294956
0.399633
0.361172
0.461306
0.209820
0.292062
0.285714
0.256091
0.352709
0.420450
0.307309
0.293618
0.547375
0.483275
0.362666
0.320378
0.247129
0.190497
0.119271
0.122756
0.117715
0.140648
0.129850
0.160905
0.202103
0.173383
0.166070
0.135700
0.134051
0.166942
0.169151
0.134269
0.182624
0.313813
0.269596
0.364564
0.244547
0.274948
0.257709
0.265986
0.216386
0.102374
0.144506
0.116252
0.122507
0.140461
0.145751
0.155802
0.295765
0.289075
0.162959
0.138687
0.116128
0.114977
0.112612
0.135794
0.128294
0.157295
0.269160
0.295858
0.257709
0.363568
0.355883
0.312412
0.168311
0.138656
0.160687
0.130846
0.134642
0.134860
0.154121
0.175063
0.199490
0.130068
0.144164
0.125774
0.121884
0.133304
0.112736
0.126552
0.191430
0.154806
0.225379
0.295485
0.221116
0.271183
0.346485
0.250210
0.249121
0.151134
0.149765
0.150387
0.144320
0.133460
0.151694
0.149485
0.185176
0.138594
0.154682
0.256993
0.174347
0.131500
0.130068
0.198618
0.202757
0.260945
0.524224
0.438093
0.250490
0.227401
0.315306
0.283847
0.210785
0.256122
0.161714
0.149112
0.161932
0.280891
0.210412
0.215639
0.282136
0.255904
0.199365
0.189470
0.204188
0.192800
0.195973
0.237048
0.424806
0.359959
0.310919
0.272459
0.248187
0.253259
0.219155
0.229486
0.167439
0.169089
0.180104
0.154713
0.164234
0.162025
0.181784
0.201357
0.187043
0.210754
0.180913
0.185892
0.197374
0.224010
0.252450
0.219000
0.274294
0.429847
0.278371
0.342098
0.327255
0.169586
0.235056
0.255624
0.200361
0.192924
0.159318
0.156455
0.164234
0.158571
0.154090
0.184554
0.231260
0.219249
0.268133
0.447957
0.323397
0.285652
0.400753
0.345956
0.310701
0.287799
0.377820
0.323521
0.307589
0.232878
0.191710
0.269160
0.161029
0.129975
0.136696
0.137785
0.148956
0.167968
0.188381
0.206895
0.212310
0.307465
0.194822
0.186825
0.199863
0.193422
0.300744
0.232225
0.228055
0.293182
0.231042
0.233749
0.235865
0.235056
0.318294
0.310545
0.190964
0.148645
0.178921
0.156953
0.162056
0.172231
0.224757
0.241155
0.209198
0.231696
0.177179
0.175374
0.154526
0.153343
0.149890
0.228615
0.181784
0.238635
0.275477
0.213554
0.271681
0.374273
0.280798
0.370010
0.174441
0.147245
0.172667
0.155584
0.157109
0.166537
0.219155
0.234029
0.173009
0.165448
0.192333
0.202850
0.250895
0.225005
0.286399
0.148738
0.192022
0.194884
0.245169
0.244018
0.331892
0.278931
0.334568
0.306158
0.190466
0.187852
0.143168
0.147151
0.166257
0.154526
0.187012
0.225783
0.317080
0.265862
0.200517
0.257522
0.147742
0.152410
0.128886
0.164701
0.186421
0.219747
0.283225
0.318854
0.432710
0.333043
0.286337
0.220836
0.172076
0.188692
0.167719
0.160469
0.243800
0.233189
0.158945
0.205371
0.151103
0.142422
0.280456
0.129010
0.136572
0.123596
0.113141
0.154588
0.170893
0.265551
0.271432
0.247752
0.223854
0.178953
0.247907
0.208607
0.142204
0.150574
0.149049
0.142141
0.131904
0.153997
0.143697
0.221925
0.284158
0.469490
0.303762
0.277313
0.177583
0.179108
0.166257
0.311355
0.267418
0.262781
0.246943
0.235087
0.302237
0.309799
0.176308
0.158493
0.157451
0.228833
0.221209
0.167066
0.155646
0.149578
0.165510
0.181131
0.288608
0.246352
0.200081
0.187105
0.213554
0.253602
0.368547
0.250086
0.254380
0.396210
0.428976
0.391262
0.366120
0.408781
0.220462
0.141146
0.125961
0.143604
0.127579
0.122942
0.134051
0.241871
0.252606
0.249370
0.420979
0.234714
0.270187
0.318667
0.243924
0.178641
0.154215
0.205153
0.233718
0.227215
0.253415
0.308118
0.340822
0.351526
0.346703
0.395868
0.143822
0.145782
0.239848
0.252917
0.177086
0.233749
0.239288
0.294085
0.471948
0.288017
0.208638
0.317516
0.271121
0.190933
0.168311
0.220245
0.231820
0.286710
0.353082
0.370881
0.214644
0.243987
0.329433
0.158198
0.143791
0.145378
0.137101
0.137878
0.220151
0.202041
0.276970
0.408999
0.262563
0.166973
0.143355
0.144226
0.239350
0.243582
0.170240
0.156953
0.204531
0.307123
0.310888
0.377727
0.431621
0.288235
0.290226
0.143137
0.138843
0.152348
0.138345
0.147089
0.149392
0.128761
0.155926
0.307620
0.280642
0.236332
0.297321
0.219342
0.344463
0.257647
0.201792
0.217662
0.209478
0.238355
0.287892
0.270063
0.221365
0.275788
0.223107
0.142919
0.152317
0.130659
0.132402
0.133118
0.136665
0.140648
0.252233
0.201512
0.151539
0.137505
0.139310
0.150138
0.157326
0.157358
0.151694
0.172916
0.218004
0.295889
0.361266
0.279647
0.344369
0.202632
0.208887
0.156175
0.146747
0.146031
0.137443
0.128512
0.142577
0.157793
0.170862
0.275601
0.190466
0.196005
0.188039
0.211003
0.219031
0.192302
0.232598
0.199583
0.224694
0.235990
0.253415
0.220991
0.261941
0.239724
0.221614
0.173663
0.202446
0.189408
0.138563
0.142639
0.170551
0.132340
0.154339
0.189999
0.206927
0.280020
0.203908
0.198774
0.250583
0.306843
0.263186
0.314497
0.277344
0.448268
0.470237
0.481439
0.550985
0.382487
0.258394
0.220680
0.153063
0.125930
0.138563
0.128357
0.130317
0.127672
0.192768
0.275228
0.235772
0.241497
0.107011
0.142857
0.259701
0.309643
0.224694
0.136011
0.147151
0.170053
0.217320
0.364097
0.184118
0.309954
0.330367
0.139434
0.126396
0.136478
0.125525
0.127268
0.157731
0.133802
0.161621
0.200828
0.219933
0.176588
0.122289
0.127268
0.106357
0.095373
0.098049
0.147742
0.190777
0.181193
0.159038
0.199085
0.209976
0.287457
0.180975
0.131251
0.131406
0.113452
0.108598
0.107477
0.211501
0.153779
0.172325
0.185612
0.123814
0.143946
0.114790
0.117404
0.133958
0.176183
0.157918
0.282571
0.285279
0.513863
0.374179
0.264057
0.371130
0.421570
0.313968
0.296916
0.219342
0.133864
0.141177
0.121324
0.128108
0.167688
0.202508
0.226343
0.270094
0.387902
0.296854
0.206491
0.229237
0.170831
0.292902
0.286523
0.360986
0.307029
0.368578
0.416000
0.317236
0.242182
0.187883
0.159971
0.152037
0.120640
0.131997
0.133989
0.159536
0.133460
0.182438
0.267635
0.191026
0.309239
0.381772
0.218471
0.231976
0.136665
0.165168
0.178361
0.184211
0.200952
0.238479
0.167190
0.177428
0.199210
0.179637
0.156300
0.140243
0.125463
0.142577
0.126708
0.120920
0.137692
0.153997
0.212932
0.324361
0.382021
0.426051
0.374646
0.552261
0.224010
0.236207
0.272645
0.222018
0.256029
0.256402
0.294271
0.209852
0.310234
0.244267
0.167066
0.149034
0.152044
0.116034
0.098422
0.112954
0.113358
0.204748
0.251346
0.211197
0.275088
0.349294
0.403666
0.307226
0.307496
0.325793
0.348477
0.627874
0.328095
0.287986
0.377820
0.274948
0.391823
0.254380
0.120297
0.106855
0.131500
0.099480
0.109687
0.110122
0.135234
0.138656
0.168497
0.121480
0.130317
0.145502
0.137723
0.131344
0.116563
0.119893
0.132340
0.171329
0.152130
0.177490
0.170178
0.202570
0.384292
0.227557
0.219933
0.134518
0.117030
0.099760
0.108878
0.121262
0.171485
0.154744
0.267324
0.134798
0.131531
0.113141
0.110433
0.110122
0.094968
0.085976
0.130846
0.146871
0.254317
0.287301
0.191773
0.290911
0.303731
0.295205
0.219747
0.121209
0.113344
0.129888
0.123474
0.120537
0.122494
0.166360
0.182707
0.162298
0.163856
0.206490
0.196228
0.148878
0.131960
0.207350
0.149289
0.139282
0.230382
0.239070
0.329041
0.364580
0.484130
0.294996
0.193497
0.139621
0.144615
0.126964
0.119675
0.149485
0.279055
0.301179
0.265208
0.141519
0.129601
0.107228
0.106482
0.123378
0.137505
0.125401
0.134518
0.288795
0.330803
0.158353
0.131313
0.198307
0.163145
0.142546
0.143075
0.196689
0.256962
0.196409
0.114199
0.142266
0.195476
0.316582
0.245885
0.404612
0.406510
0.413013
0.283567
0.151383
0.152317
0.141457
0.137069
0.235865
0.164359
0.152970
0.187323
0.183153
0.168311
0.153779
0.141021
0.111771
0.110745
0.102748
0.107384
0.144818
0.138874
0.166630
0.345054
0.246756
0.181255
0.230700
0.122040
0.117559
0.151259
0.385817
0.319289
0.190995
0.141146
0.214675
0.201248
0.222944
0.247577
0.166341
0.115267
0.120147
0.118184
0.088964
0.092418
0.095600
0.105071
0.137567
0.183496
0.326415
0.344432
0.262875
0.318107
0.461898
0.340138
0.363973
0.538974
0.392040
0.263466
0.288857
0.446837
0.404269
0.556710
0.423686
0.176463
0.156486
0.094564
0.090643
0.092168
0.126241
0.205433
0.241746
0.233376
0.333945
0.193577
0.220027
0.145938
0.123378
0.115163
0.120702
0.107353
0.148458
0.244142
0.194355
0.176619
0.294583
0.311977
0.289728
0.218346
0.109064
0.115319
0.148240
0.113825
0.125245
0.120982
0.167097
0.154713
0.135887
0.127983
0.132993
0.172636
0.113109
0.109531
0.110620
0.160563
0.168933
0.218502
0.205557
0.200765
0.281296
0.337710
0.281265
0.125152
0.121418
0.137785
0.106513
0.100445
0.158478
0.135638
0.180602
0.247098
0.151321
0.103277
0.151819
0.180913
0.158540
0.124560
0.185923
0.152690
0.130410
0.370476
0.323148
0.310577
0.329869
0.389115
0.136976
0.152783
0.102032
0.094782
0.098765
0.119022
0.099325
0.121698
0.168466
0.222205
0.161465
0.235336
0.188926
0.175849
0.180964
0.185637
0.163376
0.153474
0.216884
0.238230
0.350562
0.166195
0.181349
0.197249
0.161418
0.169586
0.118648
0.132309
0.113919
0.110216
0.098236
0.220587
0.272583
0.388742
0.275477
0.199925
0.298939
0.199054
0.176868
0.190497
0.303451
0.190590
0.326633
0.330025
0.252450
0.206989
0.271525
0.261412
0.245200
0.224259
0.142453
0.111118
0.107913
0.096058
0.140212
0.132153
0.148334
0.200828
0.217600
0.209167
0.175312
0.146218
0.134051
0.177397
0.171858
0.155677
0.159660
0.297072
0.272739
0.315431
0.547344
0.448953
0.247316
0.260603
0.162585
0.135202
0.109656
0.102779
0.113545
0.116252
0.134144
0.228397
0.556897
0.454056
0.272676
0.285185
0.248156
0.207829
0.123191
0.156797
0.217257
0.170178
0.261039
0.333759
0.319663
0.410555
0.178921
0.135078
0.108442
0.111305
0.115101
0.140430
0.109344
0.115505
0.118586
0.173974
0.152877
0.165417
0.172574
0.170707
0.156331
0.153250
0.124031
0.132744
0.157918
0.131064
0.141955
0.275103
0.275415
0.410679
0.314031
0.122693
0.107166
0.123534
0.106326
0.106824
0.115257
0.124218
0.132713
0.169275
0.146031
0.130939
0.160905
0.236643
0.249774
0.179948
0.121449
0.147182
0.165790
0.253757
0.209447
0.252482
0.268258
0.254629
0.200330
0.133024
0.131717
0.161341
0.119768
0.121387
0.128761
0.121635
0.142390
0.166164
0.122320
0.103463
0.127423
0.254442
0.202819
0.207176
0.149080
0.168809
0.203846
0.270996
0.203410
0.299468
0.306500
0.302797
0.254598
0.141239
0.138812
0.148863
0.122787
0.125276
0.125836
0.214799
0.180851
0.311697
0.244173
0.218564
0.191213
0.208887
0.159474
0.191742
0.235710
0.149112
0.181940
0.212870
0.250086
0.285248
0.278869
0.318947
0.224259
0.147960
0.144786
0.132277
0.127237
0.119022
0.142515
0.124436
0.154370
0.173725
0.125712
0.122818
0.130006
0.101721
0.144911
0.341693
0.200983
0.205060
0.172263
0.184398
0.233936
0.188381
0.257896
0.374833
0.411831
0.206460
0.118679
0.122756
0.122787
0.126521
0.127019
0.134860
0.148863
0.200921
0.212154
0.180975
0.297414
0.232287
0.379718
0.246320
0.237701
0.154868
0.119488
0.145035
0.273174
0.260821
0.272801
0.334630
0.224445
0.174783
0.122351
0.108224
0.123471
0.114385
0.130846
0.142608
0.222641
0.262066
0.282509
0.393627
0.412795
0.293462
0.156051
0.220276
0.214488
0.257087
0.334039
0.231976
0.497371
0.305442
0.349348
0.376109
0.377633
0.175685
0.160718
0.128668
0.128543
0.126708
0.131655
0.134673
0.159909
0.274637
0.224041
0.117901
0.176401
0.202072
0.174347
0.169804
0.096275
0.114074
0.150232
0.151881
0.171609
0.227650
0.297165
0.233438
0.171609
0.152908
0.131873
0.108629
0.092604
0.099729
0.102468
0.096462
0.144724
0.123565
0.121169
0.119333
0.120017
0.138999
0.126801
0.134953
0.190092
0.152472
0.202041
0.350468
0.402433
0.188505
0.263092
0.246787
0.250054
0.110402
0.114479
0.138999
0.109158
0.118399
0.124560
0.135669
0.196378
0.342876
0.282914
0.297632
0.180944
0.221894
0.256496
0.188537
0.285994
0.281700
0.241840
0.302019
0.330305
0.195009
0.211594
0.380994
0.455301
0.237172
0.128823
0.157326
0.134051
0.136852
0.135358
0.167439
0.201917
0.472197
0.201543
0.172480
0.155055
0.176463
0.324392
0.188474
0.148707
0.160749
0.148365
0.154121
0.210972
0.230109
0.166724
0.257087
0.300681
0.138843
0.120266
0.141644
0.124872
0.116688
0.133740
0.133709
0.154713
0.144351
0.119146
0.134798
0.156486
0.177926
0.117217
0.121791
0.114448
0.124218
0.130722
0.151663
0.167657
0.206055
0.168031
0.154713
0.160438
0.134642
0.119955
0.115630
0.113607
0.119737
0.122289
0.116128
0.129508
0.137349
0.135389
0.154370
0.130130
0.131095
0.182593
0.163021
0.173694
0.179762
0.165884
0.199303
0.247596
0.212994
0.155802
0.207891
0.158229
0.158167
0.143262
0.127454
0.123098
0.128512
0.151259
0.131748
0.199552
0.219933
0.336248
0.435759
0.579706
0.468774
0.385973
0.349753
0.379874
0.379189
0.335781
0.344649
0.381990
0.262999
0.230606
0.193391
0.187790
0.296792
0.207362
0.117061
0.114167
0.109562
0.128543
0.114292
0.118711
0.157731
0.150419
0.148552
0.165012
0.282603
0.228677
0.170893
0.282478
0.275912
0.242680
0.234340
0.253851
0.205028
0.249121
0.283100
0.172854
0.123969
0.128232
0.116626
0.125930
0.112674
0.132402
0.178393
0.278215
0.245729
0.186078
0.179077
0.150605
0.192146
0.185020
0.158353
0.263092
0.256651
0.203193
0.226063
0.284438
0.295641
0.267044
0.305722
0.209976
0.188568
0.166599
0.106202
0.113670
0.108722
0.120826
0.147431
0.150325
0.228397
0.182375
0.158727
0.120578
0.257958
0.183589
0.111242
0.147089
0.126521
0.128699
0.243022
0.202726
0.170115
0.602919
0.423095
0.321779
0.187230
0.146187
0.107913
0.115505
0.108473
0.122725
0.154277
0.153281
0.236861
0.217911
0.147898
0.106264
0.150761
0.220245
0.131655
0.128450
0.138345
0.206460
0.342969
0.333790
0.365498
0.272863
0.371285
0.398388
0.165168
0.109687
0.128357
0.115599
0.106388
0.174005
0.124903
0.177957
0.178984
0.146280
0.155304
0.163145
0.171080
0.199085
0.243582
0.132309
0.139497
0.167719
0.199925
0.162212
0.163643
0.303731
0.268258
0.239568
0.306127
0.179855
0.129104
0.106544
0.116346
0.123409
0.120951
0.136260
0.295578
0.510813
0.325295
0.129975
0.152348
0.163394
0.156393
0.170520
0.196907
0.198525
0.185985
0.147960
0.155926
0.158353
0.174845
0.164265
0.142577
0.156642
0.128326
0.120982
0.134269
0.123751
0.132557
0.144880
0.188630
0.333198
0.326695
0.219280
0.213990
0.399539
0.466689
0.216417
0.163208
0.257585
0.171267
0.256496
0.197592
0.240595
0.402651
0.238043
0.153966
0.152628
0.130442
0.120578
0.122989
0.143021
0.129201
0.161996
0.162975
0.242529
0.308463
0.356537
0.320752
0.286726
0.241054
0.218794
0.230015
0.277811
0.360612
0.341724
0.242182
0.332576
0.458599
0.504994
0.394934
0.205122
0.175436
0.136478
0.143168
0.129415
0.165386
0.147649
0.208514
0.141550
0.133335
0.173756
0.201886
0.217102
0.201917
0.157887
0.203193
0.268756
0.189875
0.238199
0.316209
0.354451
0.537449
0.399446
0.220960
0.150885
0.146467
0.132060
0.139154
0.131375
0.149112
0.167439
0.187790
0.145844
0.154993
0.191991
0.237608
0.272521
0.223667
0.271214
0.172791
0.181971
0.183216
0.191493
0.312008
0.432492
0.427016
0.416747
0.266640
0.154059
0.166413
0.139092
0.142670
0.123440
0.136883
0.130130
0.203130
0.123938
0.141052
0.167782
0.120204
0.139061
0.119706
0.128512
0.136354
0.155864
0.198992
0.194916
0.236705
0.179077
0.241902
0.339142
0.171547
0.222080
0.148956
0.135358
0.128419
0.151165
0.194853
0.158976
0.284283
0.242369
0.241031
0.217071
0.137381
0.217506
0.133211
0.152410
0.169835
0.211283
0.235927
0.258394
0.260043
0.309394
0.256402
0.234901
0.174254
0.134487
0.123565
0.145938
0.146404
0.136105
0.127174
0.135016
0.207176
0.199241
0.283661
0.231696
0.184989
0.169244
0.151321
0.174223
0.193266
0.191524
0.183620
0.230420
0.322743
0.281078
0.398295
0.300308
0.218751
0.179357
0.145284
0.138439
0.137349
0.148769
0.153375
0.263528
0.167719
0.182904
0.326011
0.237328
0.252077
0.315649
0.424775
0.396739
0.289728
0.285154
0.549429
0.462302
0.389084
0.378505
0.486480
0.592806
0.361390
0.231135
0.189595
0.165479
0.176806
0.160812
0.260790
0.211968
0.216853
0.203815
0.224570
0.226935
0.198774
0.177801
0.166288
0.185300
0.204811
0.256869
0.283692
0.270623
0.218222
0.360955
0.493419
0.449637
0.403896
0.180073
0.172263
0.200734
0.182562
0.161403
0.268009
0.260105
0.233127
0.379345
0.294738
0.224010
0.229020
0.270374
0.279615
0.429287
0.374615
0.525189
0.509537
0.632075
0.516259
0.505897
0.357501
0.263404
0.256807
0.204468
0.192488
0.169493
0.181971
0.164390
0.198369
0.256184
0.468432
0.238292
0.182220
0.166630
0.155335
0.158478
0.150045
0.177490
0.260167
0.331892
0.305660
0.364440
0.502567
0.457479
0.424059
0.268102
0.284719
0.176214
0.168062
0.145938
0.137038
0.139808
0.155459
0.165386
0.166444
0.223418
0.208669
0.219093
0.332514
0.238884
0.185332
0.191306
0.188070
0.192768
0.221800
0.303886
0.307745
0.277904
0.231353
0.244391
0.241155
0.158384
0.137163
0.143573
0.152815
0.143293
0.152254
0.200859
0.326042
0.220929
0.271276
0.256807
0.218378
0.231042
0.243427
0.319818
0.231633
0.304509
0.232816
0.345987
0.306625
0.364813
0.400815
0.415814
0.370943
0.173632
0.136198
0.153966
0.133584
0.147213
0.176183
0.250148
0.264897
0.270125
0.339577
0.289199
0.338831
0.413947
0.345614
0.279491
0.268631
0.208047
0.178984
0.275384
0.225877
0.172356
0.265582
0.300495
0.299375
0.173227
0.143013
0.242742
0.164390
0.129726
0.173569
0.148707
0.183278
0.277873
0.229766
0.239070
0.214675
0.248436
0.271214
0.338644
0.330398
0.545539
0.347637
0.294489
0.321872
0.248125
0.251144
0.269067
0.223263
0.144444
0.136945
0.141581
0.136323
0.135700
0.138003
0.204655
0.274948
0.178361
0.183931
0.165417
0.150574
0.137878
0.203442
0.203348
0.136540
0.155211
0.170271
0.202944
0.215453
0.213150
0.266764
0.277655
0.156175
0.134331
0.151290
0.154308
0.133678
0.139497
0.164265
0.182593
0.225503
0.159380
0.155988
0.124094
0.326291
0.250801
0.191648
0.167097
0.174970
0.178486
0.182656
0.202477
0.190528
0.350997
0.276130
0.282634
0.297819
0.198867
0.122756
0.141986
0.126739
0.241155
0.179450
0.172667
0.334288
0.329153
0.219404
0.130877
0.130815
0.317702
0.122787
0.110278
0.113078
0.117746
0.162710
0.204437
0.168435
0.183589
0.207705
0.200392
0.392507
0.201886
0.153499
0.137101
0.135731
0.129321
0.136292
0.233469
0.181349
0.189563
0.284967
0.218844
0.184305
0.173165
0.156331
0.144849
0.190030
0.329589
0.300370
0.229082
0.174005
0.161123
0.229362
0.343809
0.319258
0.195289
0.172418
0.142577
0.133615
0.148645
0.167315
0.152721
0.188194
0.180757
0.155895
0.159847
0.175592
0.210629
0.203006
0.209416
0.208234
0.249743
0.231104
0.262283
0.332607
0.366400
0.413884
0.293556
0.188910
0.166942
0.150419
0.147058
0.137816
0.150885
0.142484
0.156611
0.185892
0.235212
0.212279
0.316831
0.240284
0.256433
0.288453
0.203597
0.292653
0.246694
0.295205
0.172729
0.265582
0.302797
0.376264
0.278869
0.198183
0.178268
0.172200
0.167533
0.153499
0.146000
0.151072
0.164763
0.246538
0.309954
0.534929
0.484551
0.402589
0.373961
0.280238
0.424402
0.319227
0.214861
0.358123
0.322339
0.384292
0.245387
0.286243
0.252730
0.275695
0.173352
0.176090
0.199676
0.157887
0.146000
0.123222
0.151072
0.211532
0.268973
0.305069
0.391729
0.218035
0.311137
0.351402
0.272863
0.172263
0.199521
0.296263
0.401811
0.237608
0.219311
0.260354
0.248374
0.223823
0.193142
0.142079
0.152441
0.152037
0.147027
0.201979
0.205122
0.227339
0.243613
0.288453
0.299468
0.288888
0.399586
0.161473
0.116163
0.138985
0.167542
0.216624
0.205832
0.199923
0.209772
0.249066
0.223609
0.148958
0.129291
0.126117
0.127703
0.121760
0.113732
0.178019
0.196036
0.219716
0.305691
0.231820
0.321001
0.285745
0.220369
0.178144
0.197747
0.186638
0.253291
0.249806
0.263061
0.306034
0.362822
0.321779
0.286461
0.205122
0.160905
0.163083
0.147400
0.160703
0.164522
0.158497
0.262324
0.181898
0.368573
0.295669
0.381148
0.418598
0.243792
0.216538
0.202288
0.200484
0.281015
0.358309
0.300215
0.369014
0.287675
0.316800
0.356038
0.266702
0.219373
0.196222
0.186265
0.182967
0.167906
0.229268
0.237577
0.210007
0.186794
0.408003
0.402682
0.409621
0.513022
0.516165
0.350002
0.382954
0.465756
0.417712
0.464107
0.443072
0.457479
0.376606
0.420201
0.323770
0.264275
0.256029
0.199179
0.197623
0.187883
0.214612
0.239630
0.236519
0.394841
0.387840
0.457946
0.522264
0.489716
0.468494
0.486915
0.562560
0.492983
0.480661
0.437346
0.393036
0.370290
0.359772
0.350282
0.299748
0.277593
0.237514
0.195849
0.191586
0.240284
0.237390
0.227184
0.267978
0.324890
0.332016
0.361204
0.459377
0.513520
0.422286
0.502909
0.554937
0.473442
0.535271
0.578399
0.664810
0.541432
0.529639
0.477238
0.349286
0.344463
0.245294
0.215733
0.236425
0.218844
0.223014
0.239973
0.287892
0.371908
0.316271
0.355291
0.332763
0.383825
0.401438
0.383888
0.511809
0.505212
0.572082
0.580701
0.532408
0.456328
0.490276
0.472104
0.438062
0.313315
0.265457
0.243364
0.223916
0.206335
0.215577
0.229860
0.337368
0.519152
0.577496
0.450082
0.500818
0.516389
0.484784
0.438971
0.546236
0.562570
0.587740
0.685805
0.643778
0.703662
0.685269
0.649021
0.411659
0.340449
0.272427
0.255158
0.217817
0.215266
0.217786
0.231789
0.228273
0.260012
0.260914
0.384728
0.404456
0.427047
0.386315
0.389987
0.516445
0.516041
0.554252
0.589227
0.576967
0.444285
0.458226
0.322805
0.301335
0.253633
0.230762
0.222485
0.215546
0.210692
0.219622
0.240999
0.232909
0.279615
0.261132
0.322245
0.335626
0.433270
0.438031
0.397050
0.402962
0.566139
0.623643
0.460528
0.362791
0.394934
0.478514
0.546037
0.336155
0.274730
0.236674
0.216137
0.272085
0.248779
0.225379
0.238977
0.265737
0.370383
0.412515
0.531879
0.550456
0.603572
0.737468
0.573669
0.642468
0.644397
0.670255
0.601518
0.531070
0.473162
0.479105
0.489498
0.437129
0.390640
0.350842
0.296730
0.260945
0.257429
0.229860
0.291129
0.452438
0.539316
0.576034
0.591281
0.875284
0.802751
0.919750
0.831036
0.857485
0.930921
0.995270
0.974329
0.944176
0.709556
0.707316
0.721785
0.713632
0.602234
0.514423
0.461213
0.480288
0.364689
0.423095
0.448424
0.527803
0.674674
0.647354
0.599403
0.806454
0.637925
0.659365
0.618166
0.624358
0.739459
0.665495
0.679155
0.768553
0.768927
0.758036
0.705075
0.549118
0.457386
0.436164
0.364844
0.344058
0.288701
0.319569
0.345085
0.493108
0.416747
0.476678
0.563867
0.585182
0.621464
0.432150
0.340480
0.381087
0.312568
0.357687
0.371690
0.461929
0.461462
0.366867
0.477082
0.358465
0.241342
0.244671
0.237359
0.221645
0.238168
0.249277
0.247098
0.272334
0.459377
0.357407
0.413884
0.638921
0.727759
0.669851
0.677008
0.766873
0.814295
0.800075
0.864829
0.815726
0.735165
0.753275
0.677226
0.650901
0.491147
0.382954
0.342129
0.292218
0.278620
0.265488
0.285901
0.260199
0.346299
0.384541
0.549989
0.622927
0.552510
0.396459
0.512027
0.512213
0.598033
0.688210
0.725363
0.637241
0.601550
0.593055
0.455519
0.363351
0.312973
0.284003
0.254100
0.230793
0.222765
0.216386
0.222329
0.274699
0.319725
0.366213
0.404923
0.436382
0.551140
0.469957
0.536702
0.644646
0.705729
0.719327
0.726919
0.627252
0.551016
0.532470
0.548091
0.416249
0.419330
0.304322
0.232567
0.237110
0.237639
0.332047
0.317547
0.257118
0.278340
0.378442
0.543984
0.404083
0.419734
0.444223
0.479572
0.469521
0.425553
0.429412
0.450695
0.431528
0.481345
0.562840
0.455332
0.373868
0.381741
0.262470
0.291284
0.247627
0.253695
0.244329
0.214177
0.217164
0.388929
0.432088
0.349286
0.349846
0.424526
0.350717
0.339826
0.337586
0.346330
0.280113
0.245356
0.273205
0.285248
0.364751
0.349690
0.276970
0.330771
0.293245
0.255811
0.206678
0.196876
0.210069
0.211843
0.291813
0.353331
0.357936
0.486822
0.372997
0.326353
0.301055
0.292249
0.506488
0.351682
0.367427
0.408906
0.461400
0.394001
0.341196
0.431714
0.386533
0.187665
0.197000
0.180260
0.177366
0.160438
0.173601
0.308118
0.197996
0.213990
0.517099
0.388306
0.311821
0.315431
0.333727
0.324766
0.303886
0.294116
0.334008
0.290911
0.383079
0.334132
0.335408
0.408812
0.235834
0.325637
0.184958
0.219716
0.219404
0.161216
0.166444
0.218004
0.272707
0.278495
0.210816
0.352117
0.299935
0.316551
0.409061
0.355291
0.290382
0.341507
0.459813
0.434328
0.452843
0.334754
0.392445
0.450322
0.391885
0.337057
0.291564
0.246912
0.218642
0.217125
0.231209
0.246702
0.242820
0.259545
0.246383
0.274481
0.251766
0.294427
0.261537
0.217506
0.201855
0.339173
0.465196
0.438591
0.357345
0.298285
0.487475
0.466316
0.454336
0.406846
0.320014
0.304979
0.275412
0.242795
0.261157
0.260541
0.267673
0.255932
0.356284
0.290052
0.250540
0.299459
0.296205
0.354134
0.331515
0.332050
0.364209
0.355939
0.318527
0.392663
0.431213
0.420805
0.308828
0.244236
0.254349
0.227744
0.194604
0.187323
0.188412
0.307683
0.298254
0.276068
0.341849
0.279989
0.384728
0.428976
0.272241
0.285216
0.356349
0.280767
0.256807
0.289728
0.241653
0.291284
0.316738
0.245511
0.193080
0.170489
0.147431
0.159256
0.129633
0.133927
0.137505
0.149018
0.152472
0.178175
0.241062
0.335003
0.348695
0.335470
0.246881
0.340324
0.401126
0.186670
0.200174
0.204499
0.241124
0.209789
0.187354
0.187833
0.175564
0.140047
0.123842
0.118536
0.111628
0.108430
0.111666
0.130803
0.162657
0.222734
0.244531
0.241653
0.247357
0.240990
0.230501
0.224427
0.248847
0.248785
0.225612
0.253126
0.269919
0.237854
0.261633
0.235364
0.171734
0.206833
0.185954
0.152161
0.151228
0.145627
0.147805
0.176774
0.161932
0.150512
0.157109
0.162803
0.209198
0.210629
0.291844
0.315182
0.213119
0.183465
0.253882
0.303544
0.270872
0.317298
0.242711
0.260821
0.223854
0.212372
0.152970
0.136603
0.141301
0.132433
0.230482
0.171734
0.141519
0.185176
0.162492
0.181753
0.166506
0.216666
0.204624
0.161838
0.190310
0.214799
0.278682
0.279429
0.329651
0.314497
0.405265
0.341413
0.334381
0.255002
0.245107
0.211470
0.208420
0.295734
0.245605
0.188754
0.197312
0.197716
0.201637
0.247658
0.330336
0.417338
0.267760
0.260292
0.300246
0.393472
0.387902
0.433021
0.517068
0.436693
0.414071
0.501789
0.302797
0.245325
0.206802
0.205526
0.207860
0.221022
0.251299
0.214332
0.307216
0.393005
0.432368
0.551265
0.451847
0.399353
0.365809
0.376420
0.609609
0.455301
0.397766
0.409964
0.402464
0.394436
0.469863
0.445748
0.234807
0.214208
0.227650
0.197934
0.186514
0.182313
0.196596
0.210101
0.330958
0.306998
0.272023
0.274823
0.276379
0.239568
0.270903
0.290008
0.382363
0.539503
0.533964
0.518655
0.452843
0.472851
0.368174
0.316395
0.270996
0.251735
0.212465
0.182375
0.198152
0.185083
0.173694
0.163550
0.262657
0.375424
0.493014
0.345490
0.383016
0.364471
0.418427
0.493481
0.696082
0.478887
0.453434
0.464169
0.445406
0.398482
0.340511
0.373028
0.351402
0.347108
0.325886
0.328749
0.283100
0.242898
0.269036
0.208420
0.218533
0.273019
0.307185
0.413666
0.430687
0.509226
0.581977
0.613281
0.695553
0.602701
0.651461
0.686778
0.520335
0.433519
0.430376
0.488440
0.349286
0.298223
0.210816
0.182189
0.182656
0.229020
0.201357
0.174285
0.256838
0.341538
0.343654
0.381616
0.449420
0.510782
0.518841
0.510222
0.482777
0.668140
0.634627
0.637054
0.624358
0.591219
0.703644
0.499736
0.452749
0.423033
0.318045
0.329247
0.283847
0.326073
0.274699
0.307807
0.464200
0.450104
0.434110
0.473348
0.559355
0.455270
0.593024
0.470641
0.498180
0.704888
0.665961
0.742820
0.764539
0.650994
0.568224
0.472010
0.615459
0.440583
0.378224
0.426269
0.367178
0.383950
0.342409
0.326726
0.321063
0.272956
0.274606
0.449544
0.470081
0.507484
0.594486
0.625012
0.631328
0.793478
0.885521
0.896941
0.821172
0.726017
0.893798
0.590099
0.485080
0.471637
0.432274
0.370321
0.397579
0.396988
0.375206
0.405638
0.259203
0.384946
0.432554
0.607182
0.604848
0.590005
0.543112
0.582008
0.677412
0.735352
0.834210
0.912033
0.843265
0.739024
0.708716
0.628435
0.636680
0.526652
0.476771
0.436413
0.355323
0.354109
0.277406
0.211034
0.270405
0.318356
0.349286
0.345583
0.374055
0.408252
0.452905
0.441703
0.575972
0.555652
0.587578
0.683511
0.659396
0.524131
0.626287
0.551607
0.427420
0.369418
0.283381
0.216231
0.199739
0.205464
0.192800
0.181286
0.312941
0.330274
0.317267
0.420543
0.424931
0.482217
0.685689
0.735943
0.734294
0.675328
0.685845
0.753711
0.774839
0.649438
0.631982
0.424588
0.417836
0.368298
0.308616
0.277593
0.221987
0.208296
0.221209
0.216199
0.367520
0.428074
0.414911
0.478825
0.495939
0.643837
0.750070
0.617201
0.668637
0.842798
0.827395
0.824750
0.831627
0.829698
0.674270
0.714223
0.721940
0.413978
0.440614
0.362728
0.399322
0.409497
0.377882
0.330149
0.362822
0.429163
0.498615
0.442792
0.496655
0.570464
0.551949
0.448548
0.487133
0.541152
0.570620
0.600990
0.620126
0.604848
0.629368
0.678221
0.401935
0.373370
0.334723
0.266733
0.292436
0.273859
0.260105
0.291533
0.353020
0.492734
0.436475
0.418645
0.463733
0.626661
0.451069
0.447117
0.498180
0.690201
0.798114
0.908112
0.720571
0.690481
0.709400
0.560289
0.448455
0.506394
0.416872
0.430096
0.398264
0.410866
0.293151
0.320876
0.443321
0.356723
0.487102
0.589912
0.596727
0.671002
0.649998
0.646700
0.883094
0.675203
0.672745
0.814980
0.757227
0.664125
0.659365
0.655631
0.430158
0.390329
0.362044
0.319756
0.276006
0.233345
0.218346
0.226343
0.260914
0.308181
0.451224
0.557115
0.426580
0.523353
0.507981
0.494570
0.567539
0.639045
0.623923
0.493886
0.600709
0.593273
0.645362
0.504496
0.348695
0.263279
0.204002
0.171236
0.190248
0.184554
0.174907
0.212496
0.209198
0.268538
0.235865
0.323646
0.389831
0.451660
0.362293
0.304291
0.336497
0.505648
0.411582
0.491116
0.517223
0.595824
0.528052
0.618104
0.436973
0.380620
0.346797
0.271463
0.239786
0.214426
0.203006
0.249308
0.308367
0.368921
0.390765
0.541121
0.585991
0.604941
0.706133
0.852506
0.912437
0.814980
0.956250
0.903849
0.778822
0.872017
0.942901
0.779818
0.725519
0.567415
0.457883
0.380091
0.381554
0.326042
0.326446
0.293462
0.298317
0.497028
0.539752
0.488907
0.586240
0.583097
0.674736
0.661232
0.693251
0.683293
0.629275
0.908486
0.812179
0.816535
0.737841
0.493357
0.431683
0.458941
0.322370
0.311479
0.261225
0.280020
0.302829
0.286990
0.385008
0.427513
0.578710
0.550798
0.703333
0.787379
0.830880
0.768896
0.833961
0.849146
0.944301
0.955565
0.913029
0.820830
0.769954
0.726795
0.632542
0.529857
0.511155
0.440551
0.458132
0.440116
0.371846
0.497869
0.602670
0.768709
0.893487
0.692037
0.700563
0.780751
0.649221
0.780284
0.746429
0.778791
0.902293
0.976476
0.856489
0.780564
0.668793
0.679964
0.497651
0.468494
0.436693
0.363537
0.341320
0.286430
0.279895
0.289262
0.445001
0.510844
0.536764
0.674425
0.682982
0.936148
0.832218
0.935682
0.815011
0.732240
0.769518
0.770420
0.618788
0.575567
0.663379
0.508479
0.487756
0.427078
0.432150
0.377851
0.374428
0.312817
0.316987
0.411053
0.435853
0.450353
0.489031
0.471730
0.525780
0.568410
0.577808
0.648100
0.704733
0.723123
0.805489
0.798270
0.806703
0.677163
0.672932
0.645051
0.599932
0.484457
0.392258
0.359492
0.314995
0.298503
0.291129
0.371534
0.545944
0.555341
0.699910
0.600212
0.663908
0.502007
0.422006
0.511280
0.434701
0.579208
0.660516
0.574447
0.524287
0.415658
0.527865
0.488876
0.380091
0.367489
0.313035
0.211345
0.217786
0.258612
0.252513
0.283847
0.406416
0.435791
0.476398
0.440738
0.590348
0.536142
0.603728
0.595420
0.649252
0.733236
0.725892
0.754582
0.777982
0.652177
0.601425
0.479914
0.383483
0.378162
0.389427
0.314808
0.336030
0.262595
0.236332
0.274543
0.271494
0.298161
0.323646
0.326820
0.495161
0.702337
0.850764
0.818122
0.705573
0.861001
0.556150
0.619940
0.514578
0.644429
0.550736
0.375548
0.426736
0.323117
0.325699
0.260696
0.204562
0.165915
0.180757
0.239755
0.208016
0.335159
0.377042
0.390329
0.320098
0.397517
0.444130
0.502660
0.501105
0.566979
0.598562
0.798114
0.650527
0.520086
0.567072
0.597691
0.605657
0.417618
0.243458
0.237639
0.212030
0.237794
0.286461
0.318574
0.305007
0.322525
0.355945
0.395152
0.452220
0.538974
0.498273
0.629804
0.554937
0.778106
0.779849
0.804369
0.709214
0.714472
0.653452
0.610947
0.548340
0.464916
0.518966
0.379936
0.409559
0.350779
0.368547
0.364533
0.353269
0.472508
0.574509
0.489218
0.598002
0.727417
0.436631
0.391480
0.540747
0.562623
0.584902
0.702492
0.582102
0.790211
0.685534
0.532906
0.425646
0.286990
0.261443
0.230109
0.223450
0.244111
0.221116
0.240595
0.348508
0.354358
0.385475
0.409559
0.519899
0.660983
0.599247
0.684756
0.662756
0.747892
0.736472
0.814855
0.594237
0.573700
0.513614
0.459470
0.331300
0.301210
0.219311
0.234963
0.229113
0.202135
0.183745
0.239413
0.265426
0.421352
0.390920
0.499393
0.508417
0.406105
0.406665
0.523664
0.674456
0.673834
0.970097
0.797368
0.653110
0.637116
0.537138
0.524131
0.457697
0.290537
0.290040
0.212745
0.212808
0.192239
0.208389
0.205682
0.336964
0.364066
0.391667
0.440116
0.465663
0.476367
0.506519
0.661387
0.507421
0.512587
0.624763
0.624638
0.496873
0.489685
0.617264
0.561253
0.400971
0.322681
0.273268
0.310514
0.233594
0.224725
0.226219
0.264493
0.270809
0.315057
0.538351
0.492454
0.550425
0.563120
0.571055
0.632635
0.542521
0.550394
0.744905
0.671438
0.760836
0.600741
0.650714
0.648225
0.476958
0.350282
0.307372
0.238635
0.214270
0.215359
0.191586
0.216666
0.224165
0.246289
0.439525
0.469241
0.386626
0.473722
0.419423
0.451069
0.572487
0.518872
0.583128
0.917198
0.736036
0.612098
0.575816
0.755640
0.385350
0.259016
0.225721
0.227899
0.223076
0.203784
0.192302
0.228055
0.279149
0.303295
0.362884
0.345459
0.456545
0.464262
0.440147
0.645611
0.606124
0.661107
0.636898
0.656564
0.763108
0.661543
0.577621
0.508230
0.392974
0.287426
0.259701
0.222423
0.236021
0.230326
0.206429
0.260696
0.342222
0.300215
0.443507
0.427607
0.474655
0.553910
0.667486
0.571429
0.858356
0.667735
0.951053
0.681302
0.745371
0.589321
0.641846
0.478265
0.521206
0.366245
0.294676
0.292031
0.314248
0.281918
0.237763
0.259234
0.339173
0.309114
0.361048
0.426020
0.374366
0.341164
0.237950
0.224196
0.244578
0.247596
0.363693
0.281638
0.237794
0.192862
0.282011
0.272334
0.183153
0.191804
0.171080
0.176837
0.157015
0.135514
0.125276
0.209914
0.145284
0.239693
0.207922
0.221116
0.271618
0.220742
0.232691
0.299219
0.231198
0.252730
0.287301
0.330709
0.268787
0.263870
0.284190
0.258051
0.257242
0.191586
0.162523
0.160625
0.161434
0.144942
0.173818
0.172169
0.353362
0.291222
0.395090
0.225970
0.327971
0.293960
0.249681
0.263839
0.297850
0.287115
0.295952
0.318200
0.174378
0.161994
0.172854
0.171671
0.190186
0.143106
0.146373
0.148738
0.137069
0.144724
0.136074
0.152534
0.167471
0.168871
0.216728
0.298348
0.255500
0.190839
0.193204
0.172760
0.384417
0.177428
0.361266
0.269347
0.291191
0.438342
0.440302
0.319663
0.311790
0.212341
0.166257
0.148303
0.139216
0.140119
0.139745
0.206242
0.240564
0.285777
0.453060
0.193577
0.220556
0.185083
0.245014
0.213866
0.282229
0.365653
0.375735
0.442481
0.319569
0.374833
0.405576
0.377758
0.258207
0.161994
0.169338
0.154930
0.156517
0.219653
0.160625
0.220525
0.185145
0.173601
0.199116
0.229517
0.241560
0.262812
0.215204
0.257678
0.343125
0.304384
0.448984
0.403242
0.515449
0.421664
0.393409
0.309021
0.252948
0.172294
0.161154
0.164701
0.177988
0.161807
0.172138
0.245418
0.230980
0.429443
0.236301
0.255344
0.284283
0.316520
0.249152
0.248903
0.246476
0.287830
0.332047
0.327037
0.421259
0.447988
0.536858
0.452282
0.258705
0.172107
0.177864
0.167128
0.163737
0.166817
0.183651
0.317422
0.299810
0.338302
0.238106
0.333385
0.317796
0.339764
0.339328
0.349815
0.214270
0.328095
0.418956
0.399446
0.284750
0.501354
0.432866
0.370227
0.295329
0.270716
0.194511
0.163456
0.155708
0.222796
0.233843
0.160096
0.168840
0.222143
0.203286
0.213057
0.405701
0.333261
0.252762
0.283567
0.283661
0.289448
0.350157
0.307278
0.268102
0.289013
0.288141
0.270716
0.224165
0.161403
0.146933
0.160625
0.157420
0.178797
0.149547
0.146560
0.175094
0.160749
0.203286
0.344276
0.235803
0.273579
0.264617
0.274917
0.239630
0.281887
0.363475
0.428696
0.354358
0.350655
0.289355
0.222329
0.171080
0.155117
0.261785
0.161776
0.166226
0.146311
0.150667
0.154775
0.184118
0.188817
0.219591
0.249028
0.268569
0.306874
0.471948
0.285061
0.296294
0.376233
0.270778
0.271650
0.494010
0.343094
0.460497
0.393658
0.259172
0.208638
0.181006
0.169804
0.177086
0.165510
0.176930
0.175312
0.187167
0.202788
0.206647
0.245823
0.305629
0.315524
0.206460
0.264524
0.250521
0.364409
0.467250
0.563836
0.465071
0.516850
0.536298
0.483461
0.294832
0.262812
0.202010
0.189439
0.172854
0.237514
0.188910
0.222080
0.245387
0.240004
0.288982
0.291813
0.294894
0.312693
0.289791
0.336030
0.231135
0.287146
0.421072
0.378878
0.387528
0.391916
0.569779
0.348601
0.305505
0.213554
0.170956
0.194542
0.159162
0.252855
0.235585
0.208358
0.238106
0.223979
0.450976
0.427109
0.445966
0.315244
0.487382
0.392818
0.539036
0.566917
0.716433
0.807885
0.601425
0.585929
0.456110
0.316893
0.266142
0.236207
0.217351
0.214208
0.207113
0.190901
0.210629
0.217226
0.306905
0.330771
0.251610
0.289728
0.281482
0.232162
0.333043
0.348321
0.317547
0.329713
0.449389
0.494726
0.426984
0.347699
0.485546
0.419890
0.252264
0.190684
0.179015
0.161216
0.159816
0.168124
0.188319
0.223512
0.226250
0.262128
0.354389
0.307807
0.260852
0.294987
0.343374
0.350188
0.439618
0.458350
0.473691
0.434826
0.309519
0.368827
0.395899
0.400535
0.276877
0.236176
0.167626
0.159660
0.164483
0.164079
0.247223
0.215079
0.305442
0.363195
0.256620
0.386035
0.282385
0.330927
0.367022
0.285279
0.231416
0.264430
0.327940
0.361204
0.396552
0.370601
0.597193
0.603572
0.448237
0.327442
0.270063
0.232754
0.240999
0.212932
0.207456
0.262066
0.339080
0.308647
0.463329
0.543206
0.468245
0.572300
0.588885
0.688334
0.947257
0.931543
0.873012
0.740082
1.000000
0.767744
0.714752
0.612814
0.511435
0.435075
0.397828
0.363288
0.300152
0.394436
0.261008
0.237919
0.277531
0.351060
0.318231
0.398482
0.517192
0.409279
0.340667
0.321187
0.285216
0.392756
0.412422
0.491832
0.334039
0.293431
0.293556
0.300277
0.318885
0.229237
0.229051
0.228459
0.216511
0.211812
0.207549
0.298628
0.233407
0.300526
0.387435
0.268569
0.401624
0.506301
0.410275
0.343405
0.311417
0.305785
0.361079
0.451380
0.466503
0.586178
0.499829
0.372779
0.276597
0.227962
0.219716
0.211532
0.211376
0.238759
0.194511
0.294583
0.368392
0.513800
0.217662
0.243333
0.259234
0.251953
0.320285
0.272272
0.285403
0.371752
0.387031
0.478140
0.416062
0.461057
0.549740
0.305349
0.240937
0.239350
0.331487
0.272490
0.241684
0.243115
0.264244
0.322121
0.298410
0.291720
0.336092
0.385288
0.301024
0.301895
0.291253
0.243209
0.245325
0.341351
0.348944
0.377820
0.363444
0.451878
0.508106
0.381118
0.408626
0.220556
0.210349
0.176183
0.184803
0.205900
0.181380
0.235741
0.388431
0.400535
0.337461
0.334101
0.327131
0.302984
0.314715
0.320067
0.407785
0.370259
0.327722
0.419952
0.360426
0.492267
0.397361
0.327411
0.211158
0.225970
0.217475
0.252139
0.231540
0.211874
0.191182
0.209167
0.389022
0.288110
0.368049
0.359648
0.528643
0.506394
0.574634
0.552416
0.430127
0.393752
0.321841
0.424526
0.462582
0.450976
0.368547
0.291129
0.250926
0.205371
0.206398
0.188505
0.187603
0.145004
0.189377
0.305038
0.348726
0.375797
0.281016
0.474189
0.300806
0.358248
0.346112
0.367894
0.357438
0.276068
0.516414
0.419423
0.396210
0.584342
0.414320
0.276441
0.288826
0.217569
0.215266
0.177801
0.162990
0.147307
0.178517
0.188723
0.229175
0.152690
0.189563
0.222516
0.213212
0.270063
0.233531
0.206149
0.240128
0.250179
0.335812
0.381149
0.386595
0.445623
0.460093
0.330709
0.192520
0.199427
0.189377
0.161714
0.146342
0.169929
0.158167
0.256620
0.238106
0.176681
0.246320
0.299312
0.264773
0.216386
0.224290
0.207487
0.297103
0.252979
0.322899
0.337493
0.367209
0.484893
0.488378
0.317920
0.236799
0.197436
0.228522
0.180851
0.170956
0.170271
0.179015
0.207238
0.210007
0.252886
0.297819
0.235834
0.227215
0.260728
0.270996
0.296387
0.346797
0.328904
0.458039
0.479914
0.548215
0.542677
0.671313
0.445188
0.305411
0.247658
0.213710
0.194511
0.184616
0.196098
0.160998
0.238666
0.316333
0.248903
0.322245
0.332358
0.383328
0.267013
0.306656
0.213430
0.214706
0.246103
0.267013
0.426393
0.566917
0.515481
0.442356
0.341444
0.245262
0.188101
0.167439
0.144257
0.166444
0.164888
0.167128
0.237048
0.334381
0.235212
0.329340
0.234092
0.256496
0.248281
0.207331
0.218969
0.232100
0.220307
0.338768
0.453714
0.326291
0.309861
0.325450
0.261039
0.264555
0.205340
0.175001
0.190839
0.163145
0.164483
0.173320
0.223418
0.217506
0.242120
0.361764
0.308274
0.344836
0.346174
0.421570
0.490867
0.402900
0.407225
0.359243
0.371472
0.394125
0.351495
0.314466
0.252762
0.193173
0.208607
0.171609
0.152068
0.155459
0.141955
0.142235
0.144662
0.162243
0.173694
0.200517
0.333945
0.283412
0.352927
0.332327
0.457137
0.449544
0.449202
0.517285
0.518966
0.545135
0.589010
0.458941
0.440240
0.271276
0.200734
0.211283
0.183838
0.171765
0.205246
0.177770
0.170551
0.208482
0.199863
0.287052
0.316458
0.261785
0.254442
0.204437
0.268600
0.260790
0.394623
0.303171
0.329807
0.366649
0.307652
0.371192
0.425522
0.342316
0.151072
0.141519
0.156455
0.139061
0.139559
0.126925
0.166226
0.202446
0.156984
0.147276
0.163830
0.176121
0.264524
0.200983
0.206273
0.187883
0.174005
0.262190
0.266577
0.263341
0.435199
0.487756
0.261910
0.243115
0.161807
0.138874
0.134798
0.136976
0.113545
0.129166
0.181815
0.267947
0.221520
0.169120
0.152317
0.165417
0.169524
0.159007
0.151010
0.236083
0.247721
0.232411
0.349753
0.334101
0.276722
0.214675
0.213710
0.179326
0.206149
0.245916
0.216324
0.131531
0.139590
0.146685
0.187261
0.300308
0.266266
0.259794
0.164421
0.182904
0.187696
0.175561
0.242182
0.194511
0.241777
0.264493
0.253788
0.251859
0.279647
0.385817
0.401189
0.211283
0.170364
0.181380
0.140803
0.127081
0.140897
0.148365
0.130815
0.201139
0.224165
0.327411
0.370663
0.253540
0.258954
0.299904
0.204997
0.264306
0.320441
0.385008
0.329620
0.335003
0.313408
0.300837
0.291409
0.216044
0.183153
0.183184
0.155086
0.151632
0.144506
0.140617
0.149080
0.228210
0.348197
0.368143
0.245449
0.252606
0.297227
0.301086
0.299935
0.300557
0.417743
0.323646
0.297881
0.322805
0.332701
0.315089
0.401126
0.255220
0.186919
0.188972
0.165137
0.142110
0.157575
0.138874
0.178019
0.234838
0.281825
0.329060
0.344214
0.254566
0.406821
0.278308
0.244453
0.315089
0.470828
0.496313
0.354451
0.379282
0.342253
0.482590
0.365778
0.247441
0.191493
0.169213
0.151196
0.152192
0.162927
0.152970
0.169213
0.202632
0.232536
0.211470
0.163737
0.236176
0.216853
0.210505
0.301739
0.266609
0.302517
0.434359
0.488565
0.493419
0.495224
0.444814
0.367769
0.270218
0.207549
0.203597
0.177739
0.191213
0.230295
0.206522
0.285870
0.321467
0.334412
0.243364
0.278526
0.274045
0.274886
0.316178
0.331767
0.391169
0.436662
0.585524
0.547282
0.520459
0.468961
0.524598
0.510813
0.286306
0.228771
0.236083
0.208576
0.195445
0.205091
0.189906
0.223481
0.256900
0.251299
0.220774
0.306065
0.265208
0.362728
0.388400
0.522669
0.505741
0.536111
0.700003
0.743224
0.797679
0.788126
0.565921
0.449482
0.386128
0.284625
0.238635
0.211812
0.212279
0.199085
0.187385
0.188599
0.237234
0.251486
0.224974
0.270560
0.300090
0.441018
0.392196
0.461804
0.384728
0.592744
0.791704
0.740579
0.752248
0.777173
0.694527
0.689579
0.462395
0.314528
0.388649
0.275477
0.226530
0.202788
0.220245
0.230544
0.412795
0.418054
0.293929
0.417525
0.296232
0.298099
0.355416
0.401873
0.472757
0.662756
0.661543
0.719544
0.634533
0.621278
0.515481
0.450664
0.407785
0.321841
0.294676
0.272427
0.263092
0.312941
0.289791
0.289573
0.469583
0.500202
0.515449
0.573078
0.532999
0.661263
0.792762
0.632417
0.633320
0.649003
0.721411
0.837010
0.586427
0.525687
0.509475
0.319196
0.248250
0.215297
0.179326
0.188070
0.163052
0.168062
0.173352
0.163674
0.268102
0.371597
0.402091
0.205495
0.281078
0.461088
0.361017
0.374397
0.290973
0.240968
0.299592
0.348601
0.341507
0.301273
0.279553
0.334817
0.239693
0.158384
0.175001
0.160905
0.169742
0.151196
0.168777
0.204251
0.370881
0.292653
0.282789
0.261070
0.194200
0.253042
0.303171
0.214301
0.284594
0.300557
0.255967
0.306967
0.331954
0.331331
0.521299
0.254442
0.173849
0.171765
0.136385
0.147680
0.144257
0.167190
0.180166
0.194760
0.367271
0.334412
0.179762
0.192053
0.258612
0.227868
0.260416
0.357065
0.374366
0.379998
0.449606
0.445312
0.596758
0.448175
0.371285
0.275944
0.316675
0.251330
0.259794
0.217786
0.180073
0.197000
0.261568
0.218782
0.295641
0.273423
0.273361
0.254784
0.210785
0.194169
0.259172
0.256402
0.261723
0.435791
0.377291
0.367302
0.406012
0.355229
0.409932
0.254971
0.286025
0.224414
0.158913
0.145533
0.179668
0.159660
0.164732
0.185767
0.189688
0.172387
0.232318
0.205340
0.247596
0.273423
0.298939
0.312257
0.396677
0.651741
0.598282
0.738059
0.666117
0.801848
0.559698
0.621122
0.421695
0.348539
0.338426
0.259950
0.241871
0.348757
0.342782
0.370788
0.498211
0.495224
0.666366
0.728102
0.647602
0.736410
0.691228
0.742073
0.799546
0.740704
0.866385
0.822697
0.777391
0.720105
0.849924
0.788468
0.534929
0.408003
0.422473
0.376513
0.336777
0.314404
0.301895
0.265146
0.382985
0.534711
0.576034
0.699754
0.481314
0.668295
0.571678
0.457386
0.448051
0.599340
0.602670
0.632106
0.690917
0.675639
0.519557
0.501851
0.433395
0.420730
0.407288
0.368298
0.368952
0.337119
0.239755
0.236176
0.305629
0.437658
0.410617
0.583284
0.678813
0.553443
0.516570
0.525905
0.630177
0.680648
0.741980
0.848150
0.667206
0.777826
0.735072
0.463578
0.370476
0.310234
0.292436
0.267138
0.222890
0.227464
0.234216
0.217351
0.271587
0.213617
0.242586
0.303109
0.220089
0.197716
0.228459
0.274388
0.240128
0.282665
0.272521
0.338208
0.371597
0.343000
0.467747
0.352895
0.220027
0.195320
0.186265
0.191804
0.157638
0.186390
0.182718
0.221054
0.412702
0.250303
0.242898
0.221396
0.299312
0.319383
0.301242
0.277282
0.202881
0.281327
0.313159
0.318169
0.433208
0.482528
0.376855
0.324237
0.307092
0.163799
0.168435
0.172823
0.154308
0.155522
0.147556
0.224694
0.398233
0.292404
0.265146
0.203815
0.206040
0.207977
0.192107
0.176650
0.200688
0.139971
0.108150
0.099817
0.115938
0.269937
0.265021
0.170286
0.053949
0.049301
0.063484
0.042820
0.038306
0.039472
0.051942
0.053276
0.181288
0.072036
0.044840
0.061176
0.043190
0.047920
0.041541
0.058966
0.049320
0.039861
0.038305
0.058780
0.162274
0.125618
0.161372
0.063727
0.053085
0.053490
0.037371
0.043532
0.035784
0.053054
0.144164
0.057722
0.052183
0.033139
0.048231
0.032424
0.024676
0.033139
0.031552
0.063198
0.051934
0.058406
0.075645
0.092790
0.058966
0.056664
0.051903
0.048698
0.050347
0.040358
0.056913
0.037682
0.039581
0.045244
0.033544
0.040327
0.041696
0.067026
0.172076
0.046426
0.040576
0.194822
0.124747
0.158135
0.162336
0.166973
0.146965
0.199396
0.096898
0.074369
0.054952
0.037776
0.056290
0.039892
0.030588
0.135996
0.189400
0.209801
0.220375
0.260575
0.237314
0.297360
0.242591
0.289715
0.309481
0.346575
0.272192
0.368834
0.291646
0.255712
0.264303
0.481842
0.361732
0.455518
0.437471
0.401282
0.247129
0.246134
0.264524
0.239661
0.237701
0.245511
0.258083
0.247005
0.280611
0.286243
0.245014
0.300308
0.304633
0.255204
0.255010
0.239541
0.256871
0.260822
0.341694
0.306749
0.453060
0.335618
0.362539
0.593814
0.405520
0.256457
0.207629
0.162297
0.154332
0.148288
0.150352
0.184146
0.230516
0.203130
0.276963
0.248845
0.264032
0.251333
0.220795
0.241494
0.235430
0.265000
0.359735
0.416887
0.368009
0.434144
0.367548
0.265078
0.261485
0.175978
0.153480
0.151617
0.161179
0.161834
0.154165
0.204587
0.267872
0.232735
0.226325
0.234593
0.280703
0.210017
0.182578
0.180429
0.209897
0.209562
0.259603
0.265626
0.260782
0.274215
0.247490
0.187528
0.165852
0.155063
0.168097
0.152272
0.149494
0.170637
0.153686
0.283536
0.369138
0.286554
0.232505
0.187385
0.230669
0.244049
0.222609
0.265457
0.196440
0.252668
0.390733
0.277811
0.302829
0.321779
0.342316
0.367645
0.335563
0.169835
0.172294
0.137536
0.140959
0.151757
0.158696
0.310421
0.360643
0.238759
0.236581
0.243613
0.245729
0.234434
0.240968
0.232536
0.224881
0.271276
0.299623
0.283194
0.473566
0.452687
0.356661
0.219591
0.186483
0.183153
0.164483
0.189128
0.167408
0.171640
0.198183
0.274792
0.389427
0.550954
0.331580
0.336559
0.317111
0.430283
0.334972
0.306002
0.380558
0.352771
0.401718
0.376669
0.310608
0.508604
0.359803
0.341444
0.338986
0.243520
0.215421
0.185892
0.195569
0.171142
0.188754
0.219840
0.255002
0.315929
0.330398
0.530292
0.379469
0.333572
0.345085
0.321156
0.284065
0.322308
0.539845
0.374179
0.350624
0.405265
0.492641
0.332327
0.253135
0.223979
0.177210
0.177366
0.174161
0.181286
0.195507
0.235087
0.335128
0.291035
0.315120
0.187292
0.190559
0.194511
0.196751
0.287861
0.378473
0.300277
0.380216
0.336933
0.292778
0.272739
0.306345
0.248219
0.188972
0.171827
0.170333
0.160096
0.164981
0.171298
0.218378
0.233531
0.361079
0.428354
0.317267
0.264337
0.288764
0.330616
0.309363
0.218938
0.262812
0.307558
0.395805
0.381554
0.396770
0.297725
0.355509
0.267791
0.208420
0.172014
0.144008
0.152783
0.146467
0.212154
0.308336
0.219529
0.209914
0.154526
0.215110
0.184989
0.180135
0.211314
0.227433
0.164670
0.200610
0.182811
0.203068
0.357283
0.411488
0.318605
0.373401
0.437253
0.230482
0.165012
0.187759
0.159318
0.161621
0.191213
0.222827
0.326104
0.406074
0.282105
0.154370
0.178766
0.164234
0.194231
0.216199
0.219218
0.200921
0.230358
0.244547
0.259234
0.346299
0.402496
0.307216
0.357034
0.237888
0.180633
0.169369
0.159909
0.165168
0.154744
0.144693
0.223418
0.282167
0.271432
0.412577
0.385288
0.201512
0.188568
0.164048
0.173352
0.194169
0.184771
0.197156
0.245854
0.281918
0.326415
0.229548
0.235492
0.230669
0.185985
0.164546
0.159505
0.163612
0.163581
0.156580
0.181784
0.208762
0.213710
0.304913
0.232629
0.262595
0.229331
0.207082
0.235710
0.394872
0.410742
0.384448
0.303669
0.312288
0.271898
0.242337
0.216293
0.219747
0.185549
0.165355
0.169960
0.165635
0.177210
0.182531
0.173507
0.250552
0.277499
0.306220
0.315898
0.336715
0.444659
0.453247
0.258051
0.504901
0.350002
0.334505
0.354451
0.300277
0.363693
0.247347
0.219404
0.237950
0.177864
0.175063
0.182033
0.186919
0.158571
0.169462
0.214083
0.326446
0.228708
0.189346
0.186109
0.161932
0.170800
0.150232
0.156766
0.191710
0.242306
0.290226
0.254037
0.266173
0.232567
0.300059
0.354949
0.244485
0.153966
0.169835
0.151196
0.149423
0.150854
0.163208
0.192146
0.310826
0.208887
0.185767
0.284438
0.350686
0.224725
0.273268
0.310919
0.280829
0.366991
0.390702
0.523073
0.395992
0.354078
0.344432
0.339391
0.214924
0.171609
0.156549
0.160283
0.151228
0.159536
0.179233
0.187883
0.236799
0.258861
0.182158
0.168342
0.194418
0.273890
0.181722
0.173352
0.189003
0.321934
0.429380
0.360052
0.313439
0.282447
0.266360
0.396303
0.211719
0.195693
0.158945
0.152690
0.164172
0.155677
0.155117
0.198961
0.341040
0.204873
0.213897
0.218595
0.217226
0.202632
0.201046
0.205340
0.201419
0.180975
0.181909
0.249712
0.368734
0.241342
0.363942
0.378193
0.345739
0.175468
0.158789
0.173072
0.147680
0.287363
0.158447
0.181784
0.308803
0.290040
0.200859
0.287488
0.208140
0.180820
0.181598
0.184211
0.194542
0.203597
0.237110
0.276286
0.232287
0.288110
0.337493
0.418334
0.278308
0.215328
0.191430
0.177864
0.166475
0.179979
0.173507
0.193111
0.207891
0.295205
0.376980
0.409559
0.347139
0.363444
0.293213
0.301988
0.321592
0.321125
0.344463
0.454710
0.448704
0.443974
0.472477
0.301117
0.271743
0.212248
0.200983
0.172543
0.192551
0.162150
0.163643
0.172231
0.267138
0.338737
0.357190
0.277095
0.299561
0.334785
0.184087
0.162523
0.192644
0.229331
0.244951
0.271307
0.299468
0.399944
0.386004
0.294832
0.270343
0.170084
0.171920
0.159754
0.163488
0.160594
0.219560
0.237608
0.315866
0.325046
0.308492
0.250241
0.230140
0.280207
0.215204
0.188879
0.196845
0.274201
0.317018
0.327473
0.310826
0.311697
0.216511
0.249245
0.187634
0.171173
0.166195
0.163799
0.168715
0.160625
0.161216
0.223823
0.331238
0.281825
0.259950
0.310950
0.257025
0.201201
0.174876
0.168000
0.185487
0.219498
0.273096
0.336334
0.381861
0.455719
0.501790
0.322308
0.235274
0.206927
0.204406
0.207518
0.186141
0.179513
0.210785
0.396521
0.325699
0.316364
0.177335
0.213835
0.151352
0.174254
0.239257
0.214208
0.212808
0.201077
0.265768
0.355260
0.423406
0.317080
0.342502
0.244391
0.165137
0.144755
0.137381
0.139528
0.143604
0.129913
0.170302
0.219809
0.287799
0.223605
0.298908
0.218066
0.160158
0.171796
0.193017
0.171920
0.202321
0.231540
0.190870
0.276659
0.253446
0.269720
0.191057
0.183900
0.168777
0.126365
0.130597
0.122196
0.133802
0.139123
0.121169
0.150512
0.233127
0.149547
0.135980
0.140430
0.165199
0.157793
0.182002
0.152721
0.166132
0.187665
0.284999
0.368485
0.309145
0.334972
0.315555
0.184803
0.182656
0.154339
0.151819
0.156580
0.143511
0.147494
0.205091
0.170147
0.135545
0.141706
0.153997
0.178953
0.224725
0.168093
0.143137
0.163301
0.225597
0.175997
0.189812
0.286741
0.211532
0.268725
0.218658
0.161714
0.193609
0.191275
0.171142
0.146529
0.147431
0.145907
0.190933
0.193173
0.198401
0.208545
0.242898
0.225659
0.221707
0.418427
0.394436
0.358403
0.206118
0.253353
0.451131
0.392165
0.321405
0.300681
0.285777
0.177023
0.285621
0.241404
0.145409
0.123067
0.134269
0.144693
0.137069
0.163488
0.406479
0.316987
0.189937
0.199956
0.233905
0.206740
0.201823
0.422939
0.202944
0.439244
0.389769
0.391667
0.342347
0.353362
0.355945
0.294489
0.166101
0.159411
0.153468
0.157949
0.153032
0.156082
0.173289
0.223512
0.469863
0.235896
0.168062
0.167937
0.175001
0.264835
0.206553
0.234714
0.265426
0.363351
0.308710
0.347450
0.298285
0.249339
0.215017
0.189719
0.177459
0.148178
0.142826
0.141861
0.136603
0.135078
0.218938
0.313657
0.482590
0.347326
0.224414
0.259607
0.229517
0.205340
0.184025
0.164763
0.173912
0.175530
0.261256
0.285279
0.189750
0.174098
0.262595
0.184927
0.137132
0.124529
0.126676
0.118399
0.118555
0.118244
0.144102
0.164483
0.327380
0.216386
0.214924
0.182158
0.190901
0.192022
0.163861
0.158509
0.205495
0.270125
0.431185
0.348601
0.326042
0.225566
0.191399
0.191679
0.227899
0.129197
0.127672
0.132962
0.126925
0.122445
0.152970
0.223605
0.252606
0.144724
0.129975
0.124374
0.110402
0.092728
0.094782
0.094844
0.104832
0.137038
0.167813
0.179482
0.174534
0.202757
0.168902
0.237110
0.173632
0.113887
0.114790
0.108224
0.107415
0.108131
0.124716
0.146996
0.153655
0.146373
0.144662
0.125027
0.140026
0.158135
0.139341
0.139061
0.187728
0.204064
0.188692
0.214924
0.298037
0.151508
0.129664
0.132277
0.132060
0.132060
0.112394
0.099138
0.102872
0.102188
0.097582
0.113172
0.129197
0.172045
0.231944
0.187665
0.138003
0.175281
0.346330
0.281887
0.244578
0.283100
0.334256
0.264679
0.431185
0.388213
0.233967
0.256527
0.160998
0.148303
0.123005
0.123845
0.118959
0.136167
0.113670
0.116595
0.345210
0.227401
0.136011
0.137505
0.159287
0.139123
0.133429
0.130659
0.137785
0.165759
0.169275
0.239008
0.274574
0.228428
0.248436
0.302237
0.317453
0.252762
0.140306
0.113296
0.118679
0.120858
0.110838
0.116252
0.133429
0.234092
0.113109
0.112487
0.129290
0.110309
0.111149
0.096649
0.155646
0.107913
0.136385
0.165790
0.197685
0.220929
0.247565
0.334256
0.252544
0.164639
0.129352
0.159349
0.210972
0.119053
0.115568
0.131562
0.148769
0.314497
0.158353
0.167533
0.117341
0.110869
0.108473
0.102405
0.105766
0.105455
0.123471
0.209354
0.254317
0.257025
0.190217
0.173725
0.135887
0.126085
0.111336
0.105268
0.108878
0.108131
0.109967
0.213492
0.154993
0.230358
0.201357
0.124841
0.138096
0.190933
0.156953
0.173912
0.161683
0.151072
0.143573
0.209914
0.210661
0.164577
0.281078
0.232287
0.185114
0.178517
0.185394
0.217102
0.118244
0.121200
0.124467
0.116501
0.138905
0.244080
0.145938
0.195756
0.135669
0.139994
0.177583
0.164763
0.169244
0.170333
0.190310
0.190248
0.408190
0.163176
0.180975
0.191430
0.161060
0.137630
0.124560
0.117933
0.112332
0.120017
0.123285
0.107633
0.170147
0.197436
0.215453
0.207798
0.228926
0.413511
0.290382
0.302922
0.292840
0.281296
0.192115
0.292933
0.425024
0.240190
0.152037
0.283941
0.157513
0.133647
0.135358
0.122071
0.115630
0.102561
0.102250
0.206927
0.200921
0.296979
0.305785
0.345707
0.373993
0.210878
0.266048
0.206273
0.143231
0.147836
0.248716
0.307123
0.306500
0.208140
0.211283
0.226624
0.190217
0.169089
0.108255
0.106170
0.121387
0.106482
0.106917
0.122693
0.220462
0.267604
0.214270
0.358994
0.183807
0.255064
0.194106
0.228522
0.167813
0.145502
0.203006
0.329745
0.359928
0.436631
0.239444
0.269751
0.253820
0.144008
0.119613
0.129228
0.123938
0.101907
0.107073
0.225566
0.166910
0.268973
0.243707
0.218658
0.175063
0.172387
0.165448
0.160594
0.180011
0.212216
0.221458
0.454336
0.332732
0.266702
0.215453
0.317142
0.282291
0.241093
0.099294
0.105081
0.105610
0.093662
0.108318
0.126583
0.191462
0.358465
0.166942
0.168217
0.186856
0.211905
0.284781
0.258705
0.148489
0.126521
0.145969
0.232131
0.335377
0.271245
0.378318
0.342347
0.307216
0.166070
0.131873
0.134176
0.132495
0.126521
0.123783
0.155833
0.214644
0.433301
0.171173
0.171422
0.174907
0.168031
0.164079
0.189688
0.174130
0.167875
0.195538
0.351464
0.357034
0.262906
0.242835
0.213928
0.250863
0.152752
0.115661
0.126054
0.111149
0.114012
0.112518
0.172823
0.201979
0.255033
0.210536
0.275601
0.205340
0.239101
0.202695
0.166661
0.257834
0.231416
0.196005
0.214706
0.233469
0.237172
0.311323
0.354607
0.238106
0.302206
0.164390
0.136883
0.125338
0.104646
0.111896
0.138190
0.139839
0.156175
0.190559
0.195787
0.378224
0.231789
0.241591
0.210754
0.163799
0.194729
0.204313
0.297725
0.256153
0.226748
0.214177
0.187914
0.157949
0.161278
0.137069
0.125121
0.132246
0.132869
0.120546
0.156175
0.211625
0.181224
0.273765
0.474593
0.421695
0.292311
0.322463
0.219000
0.240159
0.133989
0.333572
0.306002
0.236985
0.188163
0.290911
0.311355
0.187790
0.143604
0.107291
0.110247
0.116128
0.115599
0.120889
0.137661
0.181162
0.186670
0.232193
0.321654
0.375984
0.184087
0.185207
0.163830
0.163954
0.260416
0.165168
0.258114
0.227962
0.174005
0.159754
0.150605
0.270934
0.246507
0.163581
0.110900
0.104895
0.128979
0.114416
0.134331
0.198712
0.336559
0.197560
0.146529
0.151010
0.199552
0.191617
0.127890
0.124529
0.222516
0.182438
0.201823
0.268631
0.252077
0.203068
0.326602
0.188257
0.155771
0.142670
0.128357
0.137536
0.124872
0.123347
0.224725
0.251206
0.251517
0.279709
0.255095
0.273112
0.288141
0.361204
0.250335
0.300090
0.221271
0.291253
0.317329
0.213741
0.217288
0.201294
0.185518
0.182687
0.162274
0.125152
0.109158
0.110682
0.109127
0.135265
0.145098
0.195071
0.325046
0.402371
0.333479
0.393596
0.279335
0.158073
0.172076
0.162990
0.189501
0.217600
0.203628
0.317640
0.243924
0.180073
0.239195
0.236021
0.251921
0.152970
0.131873
0.117279
0.111274
0.098889
0.092728
0.125370
0.141395
0.206273
0.251953
0.140119
0.218098
0.201761
0.188910
0.139434
0.121324
0.134860
0.128263
0.197405
0.167377
0.179886
0.173103
0.149890
0.149796
0.106513
0.103588
0.104926
0.117746
0.137381
0.117746
0.156766
0.181971
0.332467
0.363887
0.288733
0.267169
0.245916
0.163425
0.170520
0.228117
0.185923
0.176277
0.220431
0.266609
0.212279
0.162274
0.174939
0.205806
0.195569
0.182998
0.162056
0.131033
0.125556
0.120484
0.133740
0.249121
0.208202
0.178424
0.142328
0.208607
0.137847
0.208576
0.242337
0.155584
0.224850
0.270280
0.326011
0.294271
0.287768
0.305256
0.323646
0.124498
0.128886
0.119582
0.114821
0.106419
0.106139
0.168000
0.186047
0.242306
0.225099
0.193204
0.135202
0.108193
0.159318
0.122974
0.125245
0.187665
0.179886
0.405389
0.277375
0.332358
0.300339
0.174627
0.160936
0.160936
0.108691
0.119831
0.112332
0.108162
0.111398
0.139839
0.274886
0.293462
0.188008
0.218440
0.269814
0.146373
0.150885
0.122009
0.144351
0.170209
0.146373
0.259234
0.259670
0.222080
0.197063
0.371503
0.253259
0.149454
0.110994
0.120204
0.123845
0.124156
0.116563
0.177832
0.186856
0.258549
0.222329
0.193858
0.212030
0.208607
0.145782
0.262221
0.173725
0.154682
0.214239
0.311323
0.316395
0.267698
0.172418
0.166319
0.280067
0.159754
0.121760
0.113545
0.112176
0.116937
0.105330
0.159007
0.221271
0.299219
0.202695
0.213274
0.224539
0.216884
0.135389
0.127423
0.123471
0.187012
0.155522
0.235990
0.233563
0.218689
0.323552
0.172511
0.251081
0.198463
0.163332
0.114448
0.114323
0.112985
0.105548
0.128543
0.150699
0.238884
0.352491
0.368329
0.245045
0.195133
0.231882
0.163861
0.237546
0.142826
0.144724
0.184616
0.265955
0.260603
0.185549
0.179979
0.214861
0.197778
0.154464
0.253384
0.120235
0.117435
0.114852
0.121418
0.135171
0.151041
0.150605
0.141644
0.261350
0.236643
0.170240
0.118182
0.242182
0.252264
0.264866
0.312786
0.253104
0.349628
0.224445
0.388275
0.260572
0.268351
0.172729
0.175872
0.153281
0.120546
0.114696
0.123503
0.125525
0.125743
0.168093
0.146280
0.162585
0.251704
0.169867
0.178330
0.204344
0.171236
0.179513
0.200983
0.231664
0.289822
0.244516
0.199863
0.280829
0.199116
0.133927
0.133927
0.111989
0.115350
0.182624
0.190528
0.152472
0.340480
0.259483
0.206180
0.213835
0.217662
0.275975
0.240564
0.149423
0.126832
0.201419
0.242089
0.302642
0.242213
0.199801
0.300308
0.296170
0.159909
0.129570
0.153717
0.183340
0.123098
0.119893
0.148085
0.150512
0.217506
0.151134
0.143946
0.128419
0.126552
0.138501
0.141612
0.164857
0.150076
0.182998
0.366618
0.258051
0.289946
0.245449
0.263684
0.363849
0.170738
0.134891
0.137318
0.208109
0.144289
0.139683
0.153126
0.148396
0.371254
0.171267
0.196098
0.187976
0.195009
0.127330
0.140492
0.224321
0.163021
0.204157
0.330709
0.399166
0.341973
0.222516
0.256371
0.250801
0.225410
0.144382
0.145502
0.135731
0.135638
0.138345
0.195631
0.188972
0.430314
0.324424
0.340947
0.150543
0.137474
0.156829
0.204157
0.137381
0.160998
0.197405
0.354451
0.345085
0.285123
0.227401
0.235212
0.342720
0.251237
0.149609
0.137910
0.141706
0.132371
0.129384
0.146653
0.182220
0.222298
0.135234
0.143324
0.130286
0.114479
0.104086
0.100258
0.136043
0.174192
0.156300
0.194262
0.169244
0.179699
0.177086
0.166319
0.142266
0.138407
0.121853
0.142484
0.123565
0.122507
0.122662
0.150574
0.126023
0.130628
0.179264
0.172169
0.189501
0.282167
0.238759
0.167128
0.441423
0.266640
0.413106
0.390951
0.242462
0.398886
0.288608
0.289511
0.198556
0.245138
0.149765
0.131033
0.131811
0.132309
0.136323
0.140866
0.146653
0.146124
0.198183
0.310359
0.302704
0.283692
0.402247
0.351931
0.166319
0.189999
0.234776
0.254784
0.307029
0.251486
0.390951
0.343000
0.207922
0.260603
0.183994
0.133055
0.130037
0.119457
0.125525
0.213586
0.230482
0.352242
0.270125
0.169991
0.176059
0.162056
0.175685
0.173849
0.221800
0.208358
0.255189
0.307340
0.444317
0.302829
0.237639
0.226406
0.331145
0.185580
0.143013
0.146031
0.165635
0.147307
0.176090
0.204282
0.270809
0.583595
0.392009
0.266017
0.235336
0.195818
0.234185
0.189906
0.202259
0.221987
0.279771
0.406945
0.384666
0.373495
0.332763
0.248654
0.371192
0.216604
0.142888
0.135109
0.132433
0.122133
0.136167
0.182842
0.286679
0.437346
0.279180
0.305473
0.221987
0.321219
0.220058
0.199179
0.209260
0.233376
0.320192
0.315431
0.296294
0.275290
0.234092
0.306563
0.280456
0.208669
0.144631
0.151508
0.142982
0.141177
0.143884
0.161807
0.221271
0.450851
0.200454
0.155833
0.157669
0.163581
0.200672
0.187012
0.200517
0.237141
0.291813
0.309052
0.305691
0.265986
0.246507
0.187541
0.163145
0.148458
0.218284
0.158384
0.148271
0.136292
0.133211
0.138905
0.249681
0.188848
0.227277
0.174721
0.202103
0.161216
0.203846
0.162741
0.275166
0.196596
0.298877
0.248965
0.270436
0.219155
0.191617
0.236332
0.202788
0.230264
0.143075
0.117186
0.122382
0.126459
0.124063
0.151010
0.163270
0.300837
0.235616
0.345863
0.312319
0.384137
0.253664
0.186794
0.199241
0.211158
0.285777
0.356816
0.323895
0.321748
0.221925
0.218471
0.225597
0.172823
0.164017
0.160034
0.168777
0.162803
0.158789
0.157731
0.181069
0.238199
0.234994
0.227308
0.320907
0.264026
0.293462
0.256153
0.321219
0.339391
0.527990
0.471481
0.299001
0.191648
0.235150
0.294738
0.244204
0.161652
0.154775
0.141332
0.131966
0.141612
0.137847
0.213586
0.199521
0.379251
0.456390
0.175810
0.337088
0.239039
0.204188
0.282385
0.156953
0.255313
0.275290
0.294894
0.386688
0.362666
0.447926
0.393098
0.344836
0.237265
0.147898
0.124996
0.128357
0.127641
0.114852
0.170053
0.206553
0.307372
0.202228
0.228802
0.147027
0.157575
0.134549
0.125121
0.165075
0.204033
0.183589
0.257087
0.278028
0.245605
0.221334
0.211221
0.247752
0.181940
0.139403
0.141737
0.132277
0.165355
0.169742
0.179419
0.192893
0.287052
0.260790
0.207829
0.186607
0.175903
0.209260
0.201886
0.188910
0.232442
0.234340
0.256682
0.298379
0.271618
0.284003
0.196907
0.240906
0.168933
0.158478
0.135482
0.139559
0.131033
0.130161
0.163923
0.181878
0.347543
0.279833
0.315400
0.306843
0.422939
0.294676
0.235398
0.302331
0.461462
0.418241
0.521797
0.496593
0.505088
0.508666
0.351713
0.345085
0.383483
0.259763
0.163052
0.171080
0.155242
0.167782
0.246912
0.361608
0.231447
0.194542
0.269440
0.294956
0.208047
0.218004
0.198027
0.214986
0.210536
0.228459
0.331829
0.342347
0.298317
0.268631
0.265488
0.232629
0.217662
0.219404
0.197840
0.171516
0.175468
0.168840
0.182842
0.198432
0.236519
0.259141
0.343716
0.251455
0.255998
0.217351
0.262221
0.224757
0.210598
0.270218
0.233345
0.307652
0.336777
0.292591
0.330118
0.245138
0.234527
0.219996
0.187790
0.178641
0.184242
0.186047
0.195569
0.314715
0.242649
0.382643
0.485391
0.462831
0.467592
0.442356
0.257989
0.287239
0.212030
0.272925
0.254691
0.262750
0.336155
0.325419
0.285590
0.241466
0.236581
0.229642
0.181691
0.183029
0.188879
0.180820
0.186141
0.225659
0.231913
0.299530
0.348321
0.547718
0.325917
0.255904
0.251050
0.268382
0.249588
0.234589
0.264773
0.278371
0.294240
0.351651
0.345676
0.266017
0.241311
0.215359
0.207798
0.208078
0.208731
0.203877
0.201855
0.245449
0.309954
0.285185
0.363973
0.287426
0.344214
0.335563
0.256247
0.224041
0.308554
0.302922
0.341600
0.538351
0.277593
0.266391
0.262532
0.353020
0.299375
0.229829
0.194106
0.193080
0.197405
0.191959
0.209665
0.251797
0.268476
0.287581
0.316613
0.380745
0.245854
0.273797
0.290817
0.321499
0.299872
0.332421
0.419454
0.385537
0.341476
0.334972
0.310514
0.230793
0.219249
0.198556
0.195164
0.190808
0.221085
0.316022
0.268507
0.239381
0.259887
0.318169
0.345396
0.266266
0.443725
0.284283
0.235585
0.258985
0.241124
0.295392
0.574198
0.504216
0.454958
0.467001
0.497153
0.539036
0.367987
0.264928
0.251828
0.256029
0.235305
0.242804
0.244982
0.226779
0.235959
0.394965
0.423188
0.511498
0.436786
0.460186
0.358092
0.281700
0.308461
0.334163
0.376264
0.475900
0.445499
0.344961
0.352771
0.321250
0.314653
0.246632
0.215359
0.213679
0.206553
0.219591
0.225939
0.214332
0.280860
0.314653
0.432025
0.468059
0.459750
0.439058
0.389395
0.474780
0.450447
0.557426
0.498429
0.550269
0.510938
0.418707
0.482372
0.359523
0.344930
0.318356
0.306376
0.292964
0.269627
0.257896
0.254753
0.275103
0.329278
0.325450
0.428665
0.579021
0.644709
0.418334
0.362355
0.450260
0.487818
0.370570
0.543143
0.525065
0.449513
0.355758
0.371472
0.341724
0.305971
