0.194054
0.111804
0.107583
0.099120
0.073664
0.182398
0.257664
0.346104
0.172553
0.190559
0.287189
0.246317
0.315008
0.226553
0.214301
0.243436
0.371303
0.185586
0.222244
0.298610
0.131635
0.113419
0.157680
0.128670
0.128199
0.068213
0.068067
0.101146
0.117014
0.209910
0.250387
0.344223
0.153696
0.358087
0.253841
0.341858
0.238892
0.194726
0.409838
0.374155
0.166536
0.263229
0.270780
0.334070
0.275558
0.191045
0.110815
0.137676
0.159434
0.113908
0.086933
0.116701
0.086846
0.216794
0.350189
0.448528
0.086511
0.123379
0.167926
0.151339
0.449990
0.210368
0.139546
0.126263
0.283756
0.254638
0.361242
0.406531
0.266959
0.224048
0.158354
0.130597
0.165513
0.121415
0.149840
0.114401
0.199800
0.198916
0.381574
0.303582
0.153535
0.201458
0.152996
0.267825
0.274917
0.329715
0.353157
0.272823
0.343601
0.218498
0.389417
0.262598
0.268640
0.175920
0.197129
0.167462
0.214844
0.123319
0.105109
0.146433
0.203009
0.196285
0.312726
0.222246
0.211250
0.166108
0.187763
0.221065
0.271482
0.240673
0.341859
0.286611
0.216620
0.301146
0.331589
0.442413
0.327568
0.207785
0.201236
0.217879
0.209058
0.150231
0.178942
0.147360
0.211542
0.149696
0.506839
0.272091
0.202652
0.451236
0.478604
0.158348
0.166818
0.148546
0.250484
0.496082
0.366595
0.323562
0.380773
0.244934
0.486872
0.277666
0.110489
0.181963
0.139719
0.129207
0.143877
0.126351
0.105140
0.250094
0.539586
0.391727
0.389301
0.238910
0.281224
0.293755
0.353591
0.185793
0.291223
0.229153
0.327345
0.329634
0.606162
0.347999
0.318618
0.308493
0.328212
0.241893
0.214989
0.138022
0.193003
0.179545
0.167064
0.238586
0.338189
0.494699
0.383000
0.163495
0.287078
0.459311
0.576158
0.256759
0.223254
0.387621
0.223520
0.194750
0.183239
0.491852
0.351216
0.235985
0.209985
0.220916
0.306506
0.139414
0.193251
0.202872
0.229999
0.257747
0.343947
0.345800
0.249169
0.264052
0.250910
0.150316
0.244186
0.179704
0.119818
0.125967
0.342175
0.378896
0.316876
0.247075
0.438835
0.188152
0.124269
0.163961
0.156511
0.098300
0.122522
0.123590
0.083682
0.166420
0.331236
0.256086
0.110879
0.218005
0.300031
0.176660
0.364175
0.213750
0.121726
0.133477
0.232017
0.205311
0.296046
0.259680
0.289192
0.338423
0.280810
0.134316
0.146509
0.142321
0.123210
0.096815
0.104536
0.138974
0.458031
0.327155
0.472262
0.105096
0.189923
0.275322
0.424759
0.181692
0.201840
0.137879
0.292219
0.359547
0.406819
0.226749
0.313150
0.165858
0.206576
0.214347
0.126621
0.225037
0.187155
0.193486
0.202789
0.165291
0.288669
0.251429
0.150643
0.107764
0.175198
0.239146
0.210925
0.097327
0.171937
0.168459
0.135551
0.287832
0.414129
0.286017
0.332126
0.217905
0.146661
0.183028
0.151598
0.149280
0.132526
0.110278
0.177598
0.231129
0.374968
0.416130
0.135405
0.145714
0.124640
0.146069
0.337437
0.167791
0.123014
0.133228
0.171851
0.241402
0.223482
0.569970
0.224641
0.167709
0.175732
0.101715
0.159050
0.147231
0.152218
0.145966
0.158626
0.303506
0.268024
0.326637
0.276865
0.150927
0.193031
0.201593
0.256509
0.242621
0.178756
0.283138
0.278197
0.215037
0.147026
0.178073
0.250642
0.193642
0.158141
0.181485
0.202487
0.125392
0.158906
0.106069
0.203411
0.223278
0.338894
0.352552
0.281838
0.271776
0.171682
0.191318
0.167812
0.192253
0.106718
0.131744
0.295984
0.363401
0.423144
0.208643
0.228230
0.149004
0.133109
0.158111
0.250331
0.116930
0.167222
0.084215
0.199510
0.163568
0.416740
0.175784
0.095854
0.124431
0.094144
0.288905
0.315412
0.170944
0.118347
0.117485
0.199903
0.201600
0.279716
0.301259
0.230570
0.136309
0.118612
0.160158
0.153884
0.099914
0.118637
0.113421
0.113128
0.125903
0.428755
0.262797
0.112730
0.114221
0.498281
0.340778
0.304549
0.272521
0.130888
0.158522
0.234447
0.399773
0.439162
0.431672
0.220395
0.259164
0.178562
0.177874
0.140133
0.156872
0.084640
0.101846
0.082896
0.222228
0.495194
0.367396
0.181121
0.147452
0.078059
0.112746
0.063449
0.127883
0.104092
0.160800
0.161289
0.331297
0.282321
0.163676
0.257284
0.134182
0.187484
0.219750
0.131456
0.126046
0.079451
0.060528
0.120885
0.172477
0.380045
0.447710
0.136266
0.077146
0.197320
0.146251
0.157536
0.082508
0.257633
0.113263
0.126711
0.350589
0.252670
0.116902
0.131836
0.127182
0.258168
0.117841
0.137801
0.067152
0.112744
0.115096
0.105625
0.225980
0.402864
0.382148
0.092037
0.185728
0.432259
0.115948
0.087007
0.084452
0.127154
0.192050
0.281308
0.256042
0.090487
0.252833
0.163701
0.173772
0.116590
0.173013
0.108831
0.168697
0.164057
0.115280
0.119206
0.155257
0.377362
0.357015
0.354434
0.177726
0.096746
0.343350
0.218520
0.268820
0.295322
0.238923
0.526399
0.199555
0.240529
0.250735
0.170615
0.200221
0.173405
0.166604
0.169495
0.075809
0.080324
0.082515
0.098316
0.193767
0.435891
0.220221
0.127998
0.117851
0.333127
0.399212
0.268914
0.247760
0.222724
0.153678
0.209659
0.339457
0.321446
0.276478
0.212859
0.187732
0.261147
0.198008
0.092112
0.131648
0.065219
0.107252
0.140657
0.148238
0.487108
0.255801
0.109637
0.102343
0.175151
0.179171
0.181344
0.196335
0.229449
0.119277
0.184256
0.225402
0.284681
0.222203
0.188112
0.150424
0.110455
0.150837
0.137038
0.083318
0.102815
0.084748
0.145698
0.135995
0.398679
0.264208
0.216020
0.102028
0.124114
0.139011
0.149786
0.110661
0.155282
0.137834
0.219510
0.159427
0.181645
0.161481
0.253124
0.244847
0.196817
0.187837
0.193300
0.105741
0.099366
0.083198
0.107329
0.151226
0.295690
0.144066
0.126430
0.088096
0.199534
0.375645
0.273499
0.240959
0.125546
0.165388
0.533427
0.281624
0.397256
0.423475
0.516593
0.400458
0.284997
0.247102
0.110249
0.082437
0.088717
0.182512
0.154331
0.188916
0.421280
0.286509
0.256504
0.104102
0.099838
0.089595
0.118251
0.155678
0.361838
0.154270
0.213766
0.209902
0.171487
0.224756
0.132580
0.121075
0.122226
0.184236
0.192294
0.122543
0.077991
0.128945
0.090543
0.205049
0.386926
0.297116
0.125960
0.176854
0.094118
0.416587
0.090070
0.111055
0.131961
0.166863
0.202504
0.565865
0.209442
0.255977
0.147628
0.158894
0.105531
0.162009
0.137343
0.112927
0.095738
0.092841
0.123491
0.192143
0.290146
0.256218
0.095384
0.101124
0.152782
0.164326
0.213378
0.291597
0.146979
0.102326
0.256918
0.259102
0.317763
0.266854
0.179000
0.129418
0.105812
0.094052
0.136706
0.063304
0.124525
0.082047
0.115920
0.207688
0.321239
0.398454
0.150538
0.097894
0.120533
0.174480
0.188565
0.079875
0.234472
0.074966
0.264055
0.264767
0.244363
0.367326
0.166691
0.189144
0.144244
0.158479
0.180433
0.102919
0.140233
0.134316
0.105580
0.279333
0.388107
0.402792
0.119112
0.127693
0.079701
0.119109
0.119628
0.106782
0.121217
0.199397
0.186875
0.230351
0.240825
0.221745
0.165956
0.169644
0.095926
0.142306
0.145342
0.070780
0.120341
0.072902
0.150351
0.219175
0.347276
0.290056
0.221749
0.218716
0.194589
0.083671
0.112162
0.120437
0.086461
0.195573
0.176339
0.296129
0.187549
0.226263
0.211590
0.299870
0.122718
0.215561
0.240866
0.095355
0.171486
0.123516
0.087589
0.230329
0.381311
0.315078
0.092660
0.096368
0.127992
0.227397
0.139610
0.141364
0.160905
0.215063
0.385613
0.200884
0.320444
0.256616
0.221402
0.130069
0.156634
0.136271
0.168410
0.130402
0.180282
0.131582
0.176716
0.225220
0.461770
0.291453
0.192950
0.168516
0.146914
0.147301
0.143142
0.137658
0.155415
0.199587
0.174153
0.283582
0.237171
0.227800
0.442798
0.312620
0.192544
0.183716
0.186283
0.196037
0.114716
0.146803
0.213435
0.252726
0.495509
0.356364
0.190159
0.159648
0.205631
0.165685
0.089655
0.116195
0.117235
0.092090
0.170173
0.167411
0.107432
0.168315
0.155087
0.182381
0.146614
0.122550
0.122892
0.159924
0.161053
0.106137
0.187010
0.181151
0.485946
0.166345
0.139099
0.141191
0.090916
0.111093
0.071467
0.087746
0.099792
0.096694
0.216857
0.129932
0.188837
0.168193
0.140146
0.158236
0.120749
0.193706
0.104937
0.097675
0.139352
0.146191
0.077842
0.205849
0.473203
0.329906
0.280478
0.088787
0.090555
0.121294
0.115640
0.085452
0.093154
0.108400
0.156004
0.137801
0.249136
0.228484
0.176135
0.207265
0.126754
0.152001
0.159497
0.106968
0.083108
0.154875
0.310904
0.241841
0.294635
0.165651
0.110870
0.192575
0.170754
0.128322
0.126642
0.084533
0.116901
0.240976
0.204654
0.341973
0.230949
0.233356
0.232544
0.696338
0.486805
0.374918
0.298691
0.164331
0.156710
0.137171
0.176875
0.170490
0.388060
0.345473
0.195476
0.316246
0.272446
0.108418
0.149591
0.258701
0.257671
0.201585
0.467388
0.289114
0.745180
0.346711
0.418532
0.201929
0.133563
0.146777
0.130139
0.106932
0.099607
0.094912
0.124096
0.166718
0.213708
0.477740
0.260455
0.156598
0.161743
0.147103
0.175554
0.220160
0.264438
0.234234
0.320014
0.401485
0.231877
0.220056
0.154194
0.159236
0.226442
0.098664
0.115687
0.116432
0.136785
0.119983
0.105331
0.202465
0.352691
0.387412
0.271459
0.094521
0.108099
0.110834
0.387769
0.230667
0.154921
0.124289
0.205080
0.249964
0.235954
0.181207
0.141907
0.225854
0.138476
0.103417
0.117518
0.090921
0.127606
0.159431
0.097488
0.193022
0.242294
0.315835
0.206036
0.174023
0.130767
0.119488
0.157860
0.148384
0.121053
0.172155
0.254962
0.198428
0.160915
0.108989
0.207032
0.126423
0.099476
0.149440
0.085996
0.060393
0.102488
0.073314
0.108323
0.157773
0.260675
0.347530
0.168359
0.095084
0.177319
0.207655
0.400239
0.277785
0.146756
0.359746
0.280027
0.218337
0.244488
0.177386
0.196969
0.107146
0.110274
0.127617
0.133534
0.098667
0.111586
0.115263
0.099689
0.190520
0.324147
0.384660
0.105092
0.202490
0.223182
0.152007
0.382974
0.324222
0.273883
0.284743
0.363285
0.165191
0.187523
0.250547
0.252185
0.135757
0.220708
0.115770
0.101534
0.068309
0.101185
0.156638
0.102875
0.251674
0.373103
0.183073
0.144314
0.087158
0.111161
0.064588
0.134038
0.131624
0.099099
0.092355
0.166345
0.123218
0.188983
0.189441
0.206714
0.136805
0.156607
0.095840
0.144393
0.126505
0.119590
0.101636
0.116491
0.196362
0.318770
0.180583
0.084439
0.109729
0.176448
0.069520
0.127102
0.185632
0.118194
0.151443
0.153546
0.222052
0.160397
0.177410
0.154698
0.179430
0.202436
0.126232
0.268775
0.140840
0.155723
0.155820
0.147102
0.111956
0.429496
0.392978
0.309448
0.189366
0.163811
0.191870
0.151168
0.223589
0.129674
0.092664
0.243816
0.470807
0.350852
0.378010
0.384600
0.174899
0.271530
0.112949
0.151354
0.090736
0.089605
0.100384
0.111019
0.151929
0.379840
0.302312
0.115408
0.092704
0.224356
0.236868
0.188336
0.111688
0.072791
0.115400
0.199125
0.228308
0.203147
0.178507
0.161793
0.223945
0.096122
0.165291
0.142741
0.096433
0.121997
0.084017
0.083018
0.238118
0.470708
0.445179
0.104680
0.156545
0.111171
0.164261
0.157417
0.084067
0.112268
0.204704
0.162717
0.127229
0.155399
0.139551
0.093321
0.150744
0.127424
0.136136
0.138708
0.091359
0.073002
0.106152
0.113986
0.150339
0.243757
0.241355
0.105584
0.212003
0.289400
0.297823
0.186651
0.189059
0.245620
0.252595
0.261876
0.191943
0.270710
0.133269
0.196546
0.142270
0.131180
0.071605
0.121694
0.073065
0.102698
0.093923
0.110192
0.189972
0.409213
0.277977
0.163965
0.130535
0.121322
0.186856
0.151136
0.218481
0.142214
0.168472
0.119445
0.271700
0.169435
0.169493
0.185489
0.199769
0.132358
0.192619
0.129821
0.195570
0.166384
0.130872
0.058432
0.126999
0.301706
0.194045
0.122532
0.063602
0.077193
0.064228
0.311749
0.115676
0.093079
0.098735
0.094121
0.114472
0.124863
0.183327
0.115035
0.108452
0.238696
0.190010
0.161790
0.204652
0.102134
0.119066
0.160543
0.185856
0.320767
0.332483
0.056244
0.099397
0.201613
0.170434
0.156806
0.212225
0.082413
0.085056
0.100162
0.090346
0.130970
0.087758
0.142229
0.212979
0.143423
0.179988
0.149473
0.110557
0.097844
0.079983
0.124500
0.258232
0.325666
0.177989
0.153162
0.088918
0.071133
0.106632
0.152707
0.148122
0.169769
0.233499
0.079418
0.175134
0.251384
0.235980
0.158872
0.178773
0.159746
0.169274
0.183893
0.126184
0.101505
0.091057
0.122181
0.214243
0.338329
0.319610
0.151479
0.133282
0.145916
0.101914
0.124729
0.103227
0.093876
0.141553
0.160630
0.307510
0.344716
0.243667
0.192871
0.178898
0.118775
0.126394
0.107279
0.140069
0.085091
0.108564
0.098012
0.150009
0.388435
0.148623
0.320604
0.139370
0.229537
0.119289
0.171852
0.206619
0.156549
0.143995
0.159817
0.257333
0.170238
0.234788
0.107024
0.150444
0.171702
0.130621
0.196171
0.151773
0.118613
0.121544
0.159150
0.209652
0.316245
0.363528
0.184893
0.140541
0.107119
0.089966
0.117424
0.136787
0.087468
0.157760
0.112450
0.210673
0.249139
0.232854
0.232862
0.128612
0.099772
0.143313
0.135244
0.119500
0.124307
0.170316
0.130302
0.259001
0.379096
0.333059
0.143492
0.100458
0.099060
0.190769
0.190683
0.194437
0.176010
0.220647
0.461774
0.444039
0.184523
0.259600
0.127708
0.194472
0.144136
0.137823
0.188859
0.117251
0.134145
0.139179
0.179643
0.211950
0.426798
0.327857
0.144066
0.098383
0.146232
0.220232
0.339232
0.187673
0.096219
0.106617
0.137929
0.316461
0.274605
0.222291
0.211818
0.169719
0.139950
0.097441
0.121387
0.134625
0.068305
0.075384
0.157776
0.216668
0.276729
0.304339
0.114613
0.181666
0.255032
0.128905
0.134240
0.122644
0.139915
0.127395
0.200009
0.287080
0.266346
0.229535
0.442003
0.290445
0.128713
0.077077
0.158048
0.118104
0.090356
0.086629
0.109483
0.225368
0.291141
0.429249
0.383863
0.267065
0.208750
0.158753
0.440235
0.278185
0.261699
0.256320
0.246420
0.358009
0.128612
0.151382
0.233654
0.142651
0.115228
0.126732
0.113417
0.089652
0.098322
0.104042
0.110834
0.305356
0.238960
0.252551
0.144103
0.186516
0.151439
0.263228
0.096707
0.170630
0.197526
0.104992
0.272387
0.129748
0.376050
0.439847
0.194594
0.194788
0.197729
0.085904
0.182062
0.080466
0.082377
0.150536
0.106746
0.375845
0.470136
0.321104
0.152588
0.178920
0.114758
0.120029
0.089626
0.108173
0.076479
0.133157
0.191886
0.107638
0.229805
0.133632
0.127288
0.148337
0.109926
0.121226
0.115794
0.130025
0.110417
0.076742
0.127093
0.135518
0.294558
0.291025
0.158183
0.162787
0.159206
0.120374
0.294546
0.404110
0.131137
0.246545
0.373439
0.337579
0.281869
0.336329
0.174138
0.155297
0.180775
0.138877
0.094854
0.095214
0.071685
0.084850
0.073352
0.222315
0.312827
0.277834
0.099399
0.092111
0.132169
0.209436
0.186463
0.181438
0.188596
0.127788
0.213759
0.265082
0.227635
0.195520
0.175778
0.114128
0.090209
0.103671
0.094753
0.073875
0.108202
0.086170
0.099156
0.256065
0.320161
0.212983
0.105231
0.079407
0.112811
0.085014
0.177202
0.084833
0.134521
0.160450
0.244261
0.299222
0.271197
0.146229
0.115370
0.154210
0.131684
0.099446
0.103946
0.100926
0.065978
0.108556
0.090451
0.209236
0.311588
0.298672
0.102397
0.140440
0.171793
0.134130
0.156114
0.100840
0.082246
0.097961
0.236251
0.223195
0.490805
0.386320
0.313215
0.162649
0.182112
0.221133
0.301610
0.158242
0.156968
0.079295
0.145419
0.201620
0.439088
0.239853
0.124441
0.073670
0.058090
0.103658
0.134372
0.106897
0.098499
0.255844
0.123173
0.174090
0.367472
0.182486
0.140285
0.208056
0.128717
0.180253
0.147730
0.099860
0.117784
0.149663
0.143983
0.189655
0.407829
0.325622
0.163281
0.081817
0.167542
0.102851
0.131525
0.190389
0.167213
0.129493
0.111497
0.244757
0.487643
0.420756
0.357816
0.201207
0.152975
0.220180
0.125002
0.116937
0.091784
0.124050
0.088272
0.251591
0.346542
0.210556
0.123345
0.087045
0.131782
0.125736
0.092338
0.117944
0.105713
0.134403
0.510347
0.327475
0.283867
0.418838
0.153949
0.230443
0.259223
0.165063
0.166137
0.140472
0.119113
0.096629
0.135174
0.240478
0.330376
0.407479
0.195656
0.312218
0.315159
0.296248
0.179356
0.259004
0.114454
0.348419
0.202202
0.182128
0.154003
0.131944
0.170775
0.104637
0.334684
0.157352
0.141123
0.115465
0.131037
0.165231
0.272145
0.353763
0.357319
0.098532
0.139221
0.318921
0.446444
0.575400
0.371865
0.222017
0.337172
0.392549
0.245088
0.158666
0.156416
0.109179
0.152624
0.116756
0.098322
0.124554
0.135176
0.267569
0.162657
0.194220
0.175065
0.435167
0.116310
0.210849
0.143326
0.174642
0.275848
0.344076
0.303013
0.216802
0.087394
0.226043
0.202662
0.107215
0.333300
0.347469
0.230264
0.135504
0.142034
0.175308
0.112080
0.139503
0.105499
0.179895
0.148875
0.347607
0.422279
0.148711
0.127580
0.171612
0.204852
0.108277
0.102974
0.099911
0.259563
0.159002
0.125729
0.155225
0.121424
0.180105
0.111801
0.165421
0.132162
0.183675
0.319135
0.171426
0.093528
0.123511
0.142126
0.340059
0.266044
0.141779
0.176313
0.335769
0.262915
0.081825
0.062637
0.141080
0.097567
0.076917
0.174277
0.308903
0.264161
0.288523
0.092809
0.095649
0.094931
0.152194
0.111497
0.124263
0.113696
0.141665
0.201707
0.371315
0.307791
0.123271
0.145157
0.196156
0.265630
0.240367
0.273929
0.360871
0.342999
0.241109
0.246965
0.248123
0.252278
0.186571
0.238764
0.140034
0.099950
0.145308
0.100002
0.079021
0.110462
0.142999
0.188792
0.374056
0.153176
0.224919
0.108293
0.237983
0.304779
0.264963
0.172622
0.107444
0.133549
0.448936
0.231825
0.236668
0.357666
0.216197
0.227106
0.179911
0.135754
0.130960
0.065065
0.088495
0.086383
0.109049
0.123778
0.306092
0.255601
0.397330
0.110230
0.233986
0.313302
0.299468
0.178261
0.277988
0.173527
0.272221
0.220675
0.305034
0.172531
0.263277
0.158952
0.148096
0.216823
0.169855
0.188538
0.163140
0.111865
0.183107
0.277925
0.399809
0.397537
0.164832
0.127834
0.293229
0.301210
0.241196
0.202153
0.165107
0.212117
0.148727
0.225493
0.127575
0.142824
0.205522
0.120422
0.230359
0.148277
0.117528
0.200637
0.112333
0.144140
0.119608
0.154259
0.285791
0.201869
0.156855
0.134349
0.157297
0.178198
0.107409
0.067628
0.125795
0.079615
0.097646
0.219186
0.157379
0.110328
0.142955
0.164964
0.105066
0.122962
0.111778
0.098880
0.100401
0.103873
0.100178
0.193151
0.399749
0.228327
0.157942
0.254279
0.308506
0.094940
0.173399
0.091494
0.143693
0.185026
0.178632
0.210049
0.436372
0.198710
0.116048
0.133159
0.173038
0.119204
0.101642
0.132602
0.111793
0.084154
0.117920
0.253919
0.470683
0.182918
0.229732
0.134941
0.136593
0.166897
0.100325
0.148168
0.256921
0.326007
0.206346
0.193636
0.227461
0.250600
0.318079
0.189068
0.138744
0.128871
0.097551
0.094782
0.095160
0.137294
0.098361
0.220793
0.284435
0.257469
0.127421
0.311023
0.371228
0.363971
0.343699
0.129461
0.516019
0.268131
0.142829
0.247920
0.271794
0.290498
0.199496
0.153716
0.348759
0.302903
0.191665
0.111006
0.116260
0.126362
0.168679
0.278378
0.519397
0.234748
0.175431
0.296546
0.079201
0.102532
0.154295
0.193410
0.141170
0.109336
0.205962
0.192489
0.152330
0.373373
0.334647
0.192373
0.088998
0.136711
0.134373
0.086213
0.095423
0.088495
0.081973
0.211989
0.262119
0.235861
0.099377
0.235568
0.256444
0.394548
0.523965
0.452069
0.651553
0.398366
0.178517
0.194138
0.255652
0.166371
0.163988
0.109410
0.145707
0.173796
0.135351
0.111307
0.113591
0.078661
0.122864
0.150162
0.429332
0.227709
0.172244
0.241134
0.186806
0.128900
0.252893
0.368037
0.310969
0.118997
0.145993
0.228228
0.409217
0.233728
0.161237
0.118852
0.131225
0.122462
0.117153
0.073406
0.134799
0.138443
0.078263
0.193530
0.404903
0.268532
0.151609
0.100183
0.071974
0.134765
0.103784
0.103680
0.143171
0.113114
0.164259
0.145601
0.231296
0.383639
0.252448
0.192685
0.113192
0.171514
0.104662
0.109165
0.086418
0.109444
0.131221
0.146379
0.341872
0.280075
0.072663
0.099516
0.187101
0.087456
0.076310
0.145817
0.184805
0.285082
0.251790
0.136396
0.101909
0.078052
0.232512
0.170566
0.091755
0.108025
0.124704
0.128223
0.096822
0.113976
0.091167
0.225913
0.390207
0.231068
0.106440
0.096837
0.239800
0.070104
0.193566
0.286886
0.252267
0.111875
0.111666
0.165277
0.343175
0.114889
0.106030
0.158602
0.169069
0.142093
0.124133
0.147769
0.077799
0.158866
0.138703
0.292657
0.397632
0.330872
0.128807
0.259580
0.104170
0.158373
0.109367
0.111938
0.125991
0.175956
0.106668
0.118118
0.171760
0.163958
0.158931
0.161354
0.207567
0.232082
0.131278
0.114914
0.106694
0.093946
0.114109
0.209853
0.336411
0.306760
0.134386
0.115400
0.200010
0.164459
0.133468
0.096611
0.157090
0.170511
0.120829
0.376104
0.255609
0.173373
0.229591
0.132195
0.141620
0.144246
0.132828
0.094638
0.130780
0.072224
0.166278
0.201188
0.411110
0.337578
0.175804
0.116984
0.101479
0.320455
0.349883
0.082615
0.132355
0.070312
0.071734
0.125173
0.205109
0.096482
0.101567
0.088004
0.138520
0.094295
0.134460
0.077818
0.113030
0.123681
0.115572
0.244990
0.306701
0.237283
0.088761
0.144560
0.171865
0.219824
0.158885
0.114746
0.217341
0.166175
0.082681
0.157389
0.171136
0.168434
0.154147
0.220662
0.086611
0.155047
0.132237
0.124411
0.087022
0.168633
0.202298
0.291389
0.406463
0.215995
0.176225
0.124761
0.111961
0.290143
0.143523
0.087467
0.164413
0.183245
0.206093
0.495403
0.217336
0.192535
0.176614
0.152486
0.192251
0.124589
0.136114
0.174961
0.080153
0.086873
0.104796
0.120260
0.293652
0.310147
0.138841
0.125220
0.164286
0.139671
0.127325
0.195569
0.192206
0.112366
0.143291
0.185943
0.135552
0.188783
0.201359
0.155974
0.091605
0.086802
0.156325
0.103328
0.082530
0.098066
0.148559
0.164898
0.285104
0.284546
0.187044
0.118600
0.258562
0.187790
0.213751
0.208324
0.208183
0.431940
0.391995
0.356664
0.300733
0.314252
0.390015
0.144825
0.135250
0.094978
0.082159
0.098547
0.091807
0.095192
0.099802
0.192491
0.407244
0.204028
0.150736
0.228193
0.240877
0.215418
0.098556
0.094581
0.071655
0.155854
0.116083
0.116893
0.201534
0.136918
0.244422
0.174615
0.123516
0.150061
0.133599
0.134140
0.108155
0.114445
0.109159
0.203690
0.461665
0.262779
0.201632
0.111013
0.145977
0.130349
0.151694
0.066291
0.085287
0.136768
0.115963
0.250091
0.162752
0.157076
0.166548
0.139641
0.131631
0.121953
0.147926
0.108282
0.128821
0.101294
0.114860
0.219014
0.372976
0.196982
0.206417
0.230050
0.163618
0.376731
0.226807
0.126193
0.248859
0.161554
0.286097
0.202331
0.210487
0.114032
0.135894
0.119710
0.110998
0.118915
0.159588
0.098320
0.113441
0.106161
0.059286
0.167730
0.287409
0.464415
0.487101
0.321335
0.238137
0.385832
0.407828
0.204508
0.152443
0.175851
0.202908
0.200944
0.256239
0.176253
0.204006
0.178613
0.132527
0.138778
0.156329
0.113113
0.085670
0.103788
0.109017
0.141809
0.395467
0.351736
0.119999
0.093820
0.105960
0.115048
0.203055
0.150224
0.120125
0.131990
0.283528
0.324571
0.328569
0.245878
0.165830
0.244183
0.155691
0.105965
0.132422
0.126274
0.137495
0.137541
0.137219
0.219928
0.377715
0.226896
0.113266
0.256505
0.174042
0.163950
0.113526
0.143053
0.379466
0.241655
0.230429
0.219518
0.227247
0.216271
0.274452
0.247380
0.134573
0.119508
0.127744
0.063509
0.128705
0.083362
0.112019
0.176119
0.433079
0.282440
0.164672
0.189825
0.268414
0.419348
0.137219
0.231081
0.236143
0.180213
0.168600
0.208505
0.151214
0.118131
0.188387
0.195835
0.120474
0.145046
0.198004
0.068730
0.058388
0.055783
0.084391
0.206760
0.341523
0.154545
0.159759
0.132438
0.158112
0.096223
0.206595
0.149355
0.349188
0.229715
0.230636
0.362678
0.191805
0.090065
0.118422
0.097063
0.165441
0.121754
0.137853
0.072103
0.102581
0.081716
0.065193
0.140324
0.365850
0.390888
0.242524
0.251149
0.187889
0.123705
0.208719
0.581743
0.349311
0.237190
0.344315
0.578670
0.405681
0.190829
0.338238
0.263925
0.212804
0.135021
0.110889
0.067122
0.131340
0.129468
0.151287
0.215466
0.334070
0.399915
0.467624
0.379161
0.366646
0.338970
0.424122
0.383038
0.316235
0.333406
0.401644
0.369827
0.359065
0.247135
0.290579
0.344229
0.196269
0.173036
0.205225
0.085923
0.151884
0.099344
0.120369
0.246842
0.372739
0.435082
0.241593
0.253985
0.280207
0.568521
0.420596
0.310896
0.198203
0.156379
0.246707
0.261236
0.322195
0.272815
0.303144
0.186733
0.130825
0.113200
0.156587
0.112504
0.092257
0.075257
0.175323
0.239835
0.449352
0.286719
0.204939
0.107910
0.263284
0.165271
0.131834
0.192735
0.218690
0.364480
0.388341
0.479879
0.533041
0.226157
0.278184
0.302763
0.188089
0.094817
0.161894
0.113867
0.091950
0.102363
0.173806
0.213108
0.435662
0.266595
0.097482
0.116235
0.245752
0.092775
0.201961
0.224760
0.195282
0.168617
0.233531
0.270313
0.241806
0.264245
0.256295
0.109316
0.092388
0.122969
0.131911
0.091218
0.102891
0.109399
0.084151
0.220108
0.261426
0.127546
0.113218
0.102642
0.146905
0.155433
0.109472
0.215141
0.121652
0.225503
0.135275
0.145620
0.177202
0.148779
0.157383
0.105729
0.130680
0.132752
0.158243
0.096266
0.117872
0.092334
0.077625
0.200825
0.248225
0.257963
0.199973
0.125855
0.210872
0.182750
0.104383
0.116761
0.179447
0.186758
0.230648
0.159106
0.142073
0.301552
0.234734
0.230987
0.155079
0.147534
0.169675
0.087322
0.101583
0.115394
0.067203
0.151015
0.327757
0.154788
0.096701
0.117069
0.232827
0.158539
0.173968
0.154433
0.083953
0.167549
0.164818
0.251128
0.303700
0.242321
0.279033
0.199877
0.201240
0.147570
0.194484
0.150188
0.142305
0.167857
0.147958
0.254869
0.339576
0.386873
0.289924
0.292954
0.188063
0.239290
0.207629
0.273352
0.271355
0.106247
0.147707
0.276771
0.226841
0.211856
0.131318
0.182785
0.147561
0.115382
0.088829
0.062330
0.131802
0.084762
0.067179
0.154553
0.305140
0.364468
0.125852
0.110336
0.230391
0.376594
0.381561
0.200360
0.179854
0.190299
0.132154
0.117263
0.186297
0.231582
0.150890
0.124980
0.102435
0.120310
0.119092
0.089765
0.131620
0.219085
0.123245
0.251883
0.369317
0.169790
0.146488
0.093471
0.079785
0.068969
0.122874
0.083170
0.098097
0.064368
0.127510
0.186721
0.109168
0.227402
0.170411
0.121104
0.114545
0.088829
0.110579
0.079218
0.107770
0.060931
0.095211
0.113755
0.429922
0.234123
0.086544
0.095676
0.251691
0.212004
0.195514
0.431446
0.264717
0.153331
0.418204
0.250847
0.277790
0.164986
0.173039
0.159573
0.123066
0.114724
0.121556
0.109804
0.108424
0.102793
0.076741
0.189146
0.391655
0.355939
0.178337
0.210961
0.114134
0.142686
0.101336
0.169547
0.159349
0.160234
0.135022
0.272153
0.317521
0.264084
0.141663
0.115951
0.121754
0.102494
0.093767
0.144815
0.089404
0.113605
0.070838
0.266594
0.260180
0.259955
0.179393
0.082222
0.057660
0.116975
0.289234
0.209029
0.111398
0.083241
0.136177
0.250328
0.070795
0.090061
0.049410
0.109040
0.116453
0.254463
0.100798
0.083110
0.094906
0.066762
0.084069
0.153569
0.439367
0.400070
0.088867
0.173522
0.102816
0.083086
0.064499
0.230153
0.134605
0.121032
0.155422
0.080067
0.089128
0.083314
0.147385
0.160230
0.107324
0.152027
0.098850
0.150763
0.082018
0.131726
0.140901
0.144810
0.395598
0.264604
0.150230
0.122531
0.104419
0.323869
0.126673
0.069425
0.109966
0.081701
0.176204
0.235623
0.187352
0.146025
0.114058
0.122239
0.101381
0.094220
0.110891
0.074481
0.128208
0.128810
0.086436
0.213522
0.322488
0.192833
0.102034
0.097654
0.239378
0.196518
0.167793
0.283252
0.149136
0.120122
0.354672
0.254261
0.384852
0.364634
0.306358
0.146638
0.138481
0.149747
0.096990
0.092480
0.118175
0.106014
0.097242
0.210497
0.305917
0.227749
0.178032
0.145952
0.184833
0.122326
0.155103
0.145383
0.249237
0.142235
0.139463
0.231843
0.301922
0.218850
0.230302
0.130327
0.120915
0.090075
0.124552
0.106729
0.097406
0.129022
0.096605
0.110778
0.328774
0.415700
0.181159
0.111338
0.111622
0.143937
0.346768
0.250083
0.112122
0.088558
0.166096
0.175921
0.209540
0.139619
0.204106
0.126007
0.114504
0.150023
0.119160
0.095185
0.061451
0.100194
0.060468
0.127123
0.351819
0.331359
0.119464
0.144738
0.144241
0.165277
0.085253
0.110023
0.082518
0.111455
0.181948
0.104600
0.298700
0.219975
0.171461
0.155272
0.137383
0.163380
0.143262
0.117478
0.090782
0.139964
0.166172
0.138556
0.409644
0.370693
0.139343
0.101532
0.147859
0.114889
0.237824
0.199112
0.082877
0.110096
0.120167
0.189527
0.180595
0.265743
0.342531
0.218564
0.151798
0.124349
0.087622
0.110540
0.087982
0.060819
0.123739
0.147583
0.219115
0.306766
0.077589
0.212284
0.112626
0.196213
0.154659
0.159564
0.104346
0.163226
0.272149
0.141498
0.227962
0.168861
0.086657
0.160840
0.080950
0.099341
0.099679
0.085753
0.073146
0.080512
0.065143
0.139187
0.243037
0.436944
0.281659
0.427320
0.151181
0.166635
0.264631
0.348089
0.228990
0.176867
0.134128
0.371320
0.134216
0.259186
0.171880
0.130335
0.123065
0.118516
0.112907
0.094595
0.079671
0.071990
0.080066
0.134519
0.391569
0.421626
0.208766
0.109432
0.108173
0.169104
0.173580
0.448834
0.340544
0.144768
0.156564
0.657053
0.221772
0.309352
0.247530
0.101282
0.109866
0.122336
0.153104
0.094682
0.100643
0.123217
0.060456
0.313559
0.261545
0.227319
0.143947
0.179908
0.174486
0.197140
0.108907
0.197710
0.261357
0.345835
0.162368
0.204719
0.218621
0.167042
0.223160
0.196280
0.117723
0.130741
0.102456
0.088856
0.073156
0.094883
0.140794
0.170124
0.321882
0.172753
0.069996
0.094121
0.124683
0.076026
0.079165
0.136964
0.089412
0.062779
0.068248
0.284953
0.148080
0.086080
0.110768
0.115928
0.058563
0.110161
0.091095
0.081326
0.052845
0.077533
0.076473
0.158560
0.200997
0.337882
0.101304
0.078648
0.173724
0.292703
0.098615
0.156563
0.170374
0.112116
0.120681
0.120976
0.317840
0.231459
0.249761
0.142518
0.091161
0.135393
0.111516
0.094665
0.119562
0.112592
0.087452
0.215880
0.217143
0.490759
0.186036
0.072119
0.115158
0.163219
0.122323
0.245890
0.317124
0.234254
0.107288
0.122923
0.268085
0.162793
0.217629
0.177876
0.160076
0.086115
0.138847
0.056459
0.071618
0.087201
0.103470
0.218382
0.287576
0.319902
0.144711
0.122155
0.070565
0.118123
0.129078
0.283999
0.117870
0.325456
0.224803
0.298260
0.359008
0.365195
0.191848
0.183295
0.112213
0.092421
0.135395
0.142053
0.161258
0.244062
0.120130
0.132892
0.297608
0.301437
0.156399
0.133411
0.102888
0.107542
0.165998
0.357374
0.161347
0.121415
0.212386
0.126574
0.196058
0.180426
0.193884
0.097872
0.106015
0.110001
0.154873
0.133592
0.100880
0.097526
0.096435
0.182040
0.260174
0.162244
0.201058
0.255427
0.321969
0.207061
0.230875
0.154101
0.123044
0.248454
0.176731
0.279751
0.287956
0.183490
0.172712
0.261164
0.119583
0.134693
0.137791
0.106745
0.128392
0.065154
0.088231
0.190888
0.293859
0.166520
0.145789
0.082753
0.140345
0.193207
0.208173
0.119276
0.110996
0.119812
0.156778
0.191127
0.145683
0.302137
0.162070
0.167089
0.135780
0.149182
0.162978
0.099274
0.082370
0.086852
0.092164
0.236297
0.346567
0.287538
0.100492
0.118252
0.166582
0.191080
0.163362
0.143266
0.128389
0.130977
0.152374
0.145960
0.218493
0.329998
0.278119
0.141542
0.146018
0.181821
0.119540
0.110176
0.107395
0.106571
0.073529
0.218267
0.244647
0.415643
0.232022
0.117200
0.214219
0.300324
0.315696
0.189024
0.155072
0.191750
0.165921
0.153028
0.269156
0.137009
0.119749
0.148357
0.121631
0.157079
0.144752
0.087287
0.099343
0.109024
0.112323
0.145564
0.215170
0.387588
0.121781
0.098517
0.137154
0.110928
0.100442
0.114887
0.119897
0.103223
0.149278
0.203031
0.177514
0.296868
0.132990
0.116345
0.128601
0.115150
0.133753
0.122144
0.109915
0.145227
0.301728
0.289886
0.496267
0.278282
0.108903
0.188622
0.175725
0.119814
0.067073
0.230731
0.098027
0.106435
0.087820
0.235170
0.228834
0.149916
0.400428
0.143919
0.105742
0.079831
0.120684
0.130082
0.105958
0.080465
0.071447
0.177902
0.251848
0.209364
0.218079
0.186816
0.252871
0.090551
0.105887
0.152430
0.073633
0.189289
0.095981
0.219856
0.150722
0.099530
0.070880
0.110551
0.052952
0.107541
0.088346
0.062376
0.059031
0.088715
0.074311
0.168503
0.279248
0.295617
0.143501
0.133554
0.183457
0.095961
0.235973
0.309592
0.100765
0.173267
0.235486
0.211614
0.173032
0.083795
0.234801
0.138256
0.096584
0.134873
0.134809
0.063394
0.089608
0.072212
0.063921
0.104438
0.409302
0.531888
0.394442
0.178418
0.253423
0.138270
0.124390
0.079066
0.063792
0.116712
0.163431
0.189628
0.219105
0.109150
0.153960
0.090703
0.118941
0.102361
0.097402
0.077493
0.086060
0.084640
0.079860
0.162068
0.393368
0.257155
0.223905
0.104681
0.116096
0.187546
0.102465
0.090044
0.226039
0.087601
0.304263
0.471416
0.416682
0.285714
0.126340
0.164717
0.110126
0.167424
0.123622
0.082545
0.086435
0.101394
0.081685
0.115522
0.312215
0.233449
0.132063
0.141433
0.210440
0.052103
0.186697
0.352100
0.186643
0.165923
0.114064
0.170630
0.180835
0.166958
0.182132
0.185988
0.171924
0.082818
0.203115
0.097779
0.082627
0.082793
0.130309
0.193952
0.397323
0.135108
0.075954
0.092012
0.128668
0.061586
0.163423
0.452110
0.235535
0.091053
0.191718
0.137564
0.114060
0.112781
0.117140
0.203781
0.126320
0.142125
0.112624
0.089676
0.109764
0.168118
0.126861
0.188919
0.379852
0.151193
0.131732
0.200076
0.237888
0.175638
0.128706
0.139218
0.124974
0.149452
0.170529
0.345730
0.179955
0.171376
0.176979
0.233141
0.171701
0.072261
0.143236
0.098429
0.066203
0.099429
0.084904
0.240753
0.293068
0.358324
0.490577
0.290806
0.209083
0.160461
0.177961
0.157189
0.284742
0.359910
0.234131
0.260068
0.261322
0.294891
0.243499
0.392454
0.451174
0.294402
0.294066
0.123257
0.129704
0.118979
0.073074
0.159240
0.284697
0.421979
0.461821
0.209455
0.117355
0.450787
0.361324
0.368803
0.100191
0.122254
0.378527
0.517328
0.567131
0.411441
0.207213
0.615375
0.434800
0.224742
0.135399
0.106707
0.138632
0.082787
0.076771
0.209821
0.238780
0.231801
0.361508
0.442852
0.244988
0.224987
0.265357
0.283103
0.224049
0.410800
0.357934
0.286729
0.170604
0.101680
0.199013
0.131968
0.106337
0.116608
0.129375
0.092260
0.113826
0.080789
0.064515
0.101638
0.103853
0.113300
0.242790
0.056480
0.228183
0.166972
0.078943
0.206410
0.181237
0.369251
0.155651
0.176402
0.218613
0.047029
0.069094
0.103911
0.110977
0.088033
0.072888
0.063561
0.059757
0.108710
0.095140
0.108691
0.088171
0.169878
0.070798
0.070511
0.043670
0.079613
0.115900
0.120643
0.223544
0.070046
0.099249
0.117837
0.113732
0.268464
0.118347
0.108952
0.120593
0.081506
0.108254
0.076178
0.100631
0.135721
0.120313
0.096768
0.205482
0.199530
0.139594
0.144321
0.163618
0.353084
0.183204
0.134014
0.143477
0.228366
0.201885
0.098930
0.148440
0.166723
0.153566
0.194236
0.180357
0.185898
0.172777
0.128540
0.160393
0.265844
0.117402
0.142479
0.231511
0.213217
0.214207
0.143929
0.125046
0.104777
0.157973
0.182379
0.144695
0.113206
0.093852
0.158818
0.210884
0.109641
0.222594
0.191273
0.105772
0.112930
0.109304
0.119884
0.155156
0.104049
0.103144
0.119124
0.229478
0.268950
0.156376
0.121030
0.213913
0.154718
0.217254
0.336453
0.287969
0.346269
0.264902
0.227079
0.323175
0.241321
0.185809
0.133494
0.129587
0.092549
0.147808
0.071261
0.077480
0.123291
0.089250
0.207640
0.224505
0.319036
0.202343
0.437114
0.180268
0.178696
0.316644
0.330651
0.365885
0.303474
0.369689
0.278270
0.330004
0.308838
0.152139
0.113401
0.124105
0.224091
0.141571
0.093126
0.118148
0.094667
0.097692
0.164417
0.390520
0.344655
0.122965
0.088697
0.109070
0.203759
0.316066
0.186807
0.246053
0.305810
0.676592
0.355478
0.186067
0.220502
0.184800
0.168615
0.262062
0.114505
0.103736
0.126355
0.094785
0.234051
0.302506
0.366409
0.362288
0.446892
0.165633
0.183056
0.190997
0.226551
0.112676
0.311126
0.286314
0.242623
0.192464
0.255887
0.334429
0.335129
0.246144
0.154958
0.173431
0.158943
0.087012
0.128343
0.145153
0.121181
0.146533
0.220490
0.345462
0.351245
0.154869
0.205679
0.069788
0.161223
0.108095
0.133645
0.183979
0.337081
0.389804
0.352835
0.466230
0.385048
0.243187
0.243146
0.158617
0.158291
0.126573
0.094864
0.087966
0.125972
0.088018
0.158763
0.330313
0.155661
0.146361
0.080217
0.227867
0.233707
0.158814
0.271456
0.244021
0.219124
0.173590
0.104587
0.214043
0.215183
0.129921
0.118227
0.165381
0.178243
0.172943
0.103833
0.114026
0.115224
0.077450
0.227954
0.351933
0.447382
0.128007
0.132512
0.241254
0.099418
0.140389
0.258092
0.308981
0.207585
0.513718
0.563754
0.246776
0.162562
0.227830
0.198552
0.097346
0.151931
0.139901
0.089969
0.106003
0.101959
0.068149
0.221714
0.329031
0.436137
0.442833
0.400379
0.256689
0.359571
0.226287
0.344794
0.325766
0.347019
0.378551
0.316206
0.269598
0.501186
0.346688
0.206419
0.224582
0.215048
0.281569
0.137288
0.192521
0.203234
0.161107
0.214477
0.442745
0.457756
0.147659
0.151535
0.279442
0.365226
0.242742
0.338406
0.458578
0.244422
0.440417
0.310216
0.316646
0.335414
0.378983
0.328988
0.189819
0.278559
0.264406
0.232682
0.145116
0.139684
0.129897
0.391381
0.282254
0.287429
0.262523
0.294295
0.320168
0.303887
0.217891
0.228372
0.258391
0.151288
0.119573
0.157782
0.240616
0.350743
0.163571
0.179581
0.154734
0.132249
0.155627
0.148566
0.090065
0.083066
0.100412
0.150218
0.383311
0.273556
0.266933
0.132993
0.325825
0.430817
0.290330
0.360795
0.290882
0.393424
0.384908
0.477149
0.283880
0.399908
0.317678
0.262376
0.215722
0.186264
0.178220
0.081385
0.091706
0.101904
0.134960
0.198629
0.337983
0.289416
0.284907
0.106647
0.239369
0.140294
0.150116
0.149267
0.303591
0.340924
0.324060
0.320153
0.456069
0.582370
0.409898
0.211602
0.113005
0.178414
0.285078
0.145564
0.142523
0.081546
0.104423
0.263714
0.422045
0.211771
0.199062
0.116293
0.108382
0.197544
0.198119
0.295870
0.311835
0.549913
0.346840
0.336631
0.329214
0.254721
0.312052
0.213465
0.129557
0.151807
0.167222
0.113496
0.137861
0.136578
0.090861
0.216154
0.315923
0.295729
0.155758
0.129304
0.251134
0.162521
0.208679
0.255918
0.253149
0.252597
0.295305
0.240879
0.491859
0.305671
0.234412
0.141809
0.163536
0.139600
0.110426
0.096618
0.067979
0.118759
0.073628
0.188121
0.345367
0.227077
0.120694
0.140849
0.141243
0.154425
0.200066
0.158720
0.255247
0.526884
0.182182
0.415098
0.151408
0.125278
0.142233
0.082074
0.104938
0.112467
0.105761
0.062958
0.138876
0.055237
0.104548
0.179591
0.201736
0.206500
0.135665
0.205697
0.145244
0.237027
0.138811
0.243347
0.348952
0.198336
0.413165
0.279411
0.154356
0.122039
0.161896
0.138309
0.131034
0.101205
0.153369
0.109337
0.184279
0.144876
0.127195
0.180865
0.231590
0.214760
0.122608
0.153539
0.110719
0.179108
0.103689
0.111173
0.172348
0.268081
0.182159
0.198601
0.228121
0.231729
0.236621
0.103594
0.144485
0.087375
0.103797
0.115874
0.108385
0.119150
0.136689
0.250420
0.278657
0.251246
0.100186
0.133812
0.184656
0.150148
0.338495
0.368406
0.222745
0.228308
0.257928
0.248842
0.272487
0.185343
0.184143
0.160676
0.107032
0.080690
0.105610
0.137185
0.128388
0.079918
0.119063
0.221933
0.336492
0.210941
0.256038
0.102156
0.168264
0.153696
0.252859
0.127151
0.185403
0.122111
0.206918
0.478862
0.261951
0.238809
0.289542
0.194458
0.301356
0.317628
0.144025
0.151204
0.098180
0.122432
0.123803
0.180739
0.358242
0.245101
0.143370
0.098017
0.144304
0.107146
0.248267
0.179178
0.176338
0.168160
0.229216
0.478440
0.225839
0.327476
0.132906
0.216262
0.191344
0.180347
0.220779
0.123164
0.101974
0.185353
0.122000
0.181748
0.316027
0.337401
0.211227
0.124477
0.078013
0.150948
0.145378
0.099412
0.135680
0.109179
0.162047
0.237567
0.094223
0.106008
0.120368
0.122415
0.156145
0.126339
0.139556
0.109052
0.101314
0.122414
0.081422
0.132244
0.241063
0.330045
0.105328
0.147982
0.080412
0.127762
0.339541
0.161543
0.133476
0.099311
0.293964
0.111875
0.150339
0.190349
0.188612
0.333797
0.074956
0.123591
0.125507
0.078174
0.086124
0.088847
0.057688
0.184258
0.235449
0.205868
0.170656
0.132199
0.148312
0.164296
0.108685
0.121583
0.166491
0.116474
0.139573
0.248744
0.169371
0.118828
0.138392
0.130889
0.086540
0.108990
0.071597
0.095480
0.109739
0.058745
0.076147
0.172902
0.396695
0.399199
0.122231
0.089997
0.063313
0.100533
0.078143
0.127671
0.080907
0.078417
0.150572
0.292427
0.163410
0.239036
0.169157
0.094169
0.147461
0.158055
0.079726
0.069272
0.073386
0.096067
0.054649
0.122710
0.351059
0.312265
0.230925
0.094373
0.138730
0.092094
0.111491
0.247904
0.235182
0.213287
0.308012
0.377170
0.176666
0.157327
0.164942
0.135425
0.153488
0.136330
0.140811
0.091991
0.113388
0.138923
0.114776
0.126511
0.317709
0.328496
0.104406
0.110777
0.104934
0.290179
0.420949
0.219166
0.195253
0.188219
0.162342
0.224549
0.233442
0.228215
0.265983
0.346340
0.177038
0.236651
0.115665
0.127796
0.123908
0.136657
0.120641
0.302747
0.507176
0.342944
0.103093
0.194054
0.140097
0.105659
0.246619
0.229709
0.124487
0.183058
0.183101
0.263730
0.236587
0.178550
0.166243
0.177865
0.106435
0.102802
0.129239
0.102424
0.112125
0.113416
0.075597
0.169649
0.279493
0.221948
0.154681
0.080101
0.087540
0.132919
0.133283
0.175231
0.263325
0.253283
0.227859
0.234263
0.263277
0.170138
0.085757
0.177178
0.124063
0.077548
0.112096
0.074526
0.101819
0.077377
0.085910
0.164193
0.288329
0.337353
0.120927
0.124565
0.169905
0.173379
0.111341
0.155272
0.268527
0.553106
0.203857
0.266502
0.458907
0.261051
0.132185
0.138083
0.160657
0.107707
0.109318
0.090331
0.063183
0.073078
0.073688
0.229592
0.275920
0.196942
0.087769
0.089259
0.337565
0.412918
0.214801
0.408795
0.335127
0.299024
0.355099
0.240252
0.308397
0.243976
0.307318
0.399667
0.154394
0.172146
0.189232
0.094318
0.084802
0.153118
0.080047
0.225051
0.303142
0.273757
0.105258
0.163780
0.398247
0.224223
0.326585
0.271653
0.428733
0.406539
0.435354
0.589207
0.492322
0.472856
0.319313
0.216368
0.367741
0.145246
0.144747
0.150009
0.170160
0.124103
0.118111
0.166019
0.359890
0.309110
0.325583
0.253846
0.264111
0.364515
0.465571
0.497451
0.398125
0.437283
0.339359
0.503746
0.400139
0.226379
0.517693
0.360023
0.173065
0.158301
0.144763
0.129290
0.139096
0.126672
0.109770
0.200639
0.333106
0.343343
0.131060
0.139987
0.179009
0.180225
0.247781
0.802573
0.270177
0.501872
0.437903
0.562050
0.409601
0.429382
0.455386
0.241721
0.152864
0.182092
0.191395
0.098207
0.107894
0.079337
0.125209
0.124001
0.384242
0.327384
0.123301
0.205289
0.280123
0.380080
0.404808
0.287847
0.309867
0.475587
0.334306
0.339937
0.398357
0.430900
0.447007
0.272199
0.172443
0.239457
0.177625
0.132074
0.072615
0.127380
0.137197
0.160322
0.389899
0.156879
0.222100
0.146678
0.206908
0.344100
0.192591
0.217855
0.352295
0.370583
0.320066
0.321054
0.277547
0.305010
0.323226
0.167124
0.133156
0.156095
0.106447
0.072539
0.101937
0.095559
0.049812
0.201638
0.187647
0.293009
0.182360
0.173266
0.184388
0.318004
0.234428
0.340938
0.428149
0.353179
0.726007
0.576592
0.358531
0.493438
0.230767
0.225474
0.121693
0.105100
0.178836
0.105170
0.137769
0.073947
0.140188
0.147768
0.355100
0.367580
0.132142
0.172944
0.131392
0.145510
0.312285
0.609391
0.569647
0.521329
0.454699
0.606488
0.491576
0.434736
0.425317
0.363390
0.330182
0.237876
0.246943
0.196101
0.158925
0.155180
0.149685
0.195438
0.198674
0.268250
0.204181
0.466899
0.231527
0.235828
0.310050
0.260220
0.249688
0.442621
0.285826
0.434894
0.390633
0.427827
0.219727
0.252640
0.199484
0.179472
0.186708
0.090890
0.124125
0.083864
0.099059
0.230938
0.283101
0.278372
0.133625
0.307781
0.303421
0.186092
0.231096
0.311441
0.319162
0.247770
0.436027
0.450647
0.324398
0.270268
0.356819
0.381627
0.224768
0.211362
0.212520
0.208987
0.150599
0.126528
0.154019
0.294504
0.363895
0.222418
0.199176
0.217349
0.399112
0.271314
0.479337
0.500325
0.331947
0.619417
0.374041
0.401625
0.547249
0.404526
0.387082
0.474826
0.268618
0.240431
0.174703
0.140756
0.131338
0.182471
0.134379
0.225111
0.362502
0.444418
0.477263
0.255835
0.230820
0.431034
0.504086
0.302907
0.353482
0.541289
0.372373
0.274652
0.284031
0.252856
0.348589
0.321608
0.197733
0.172921
0.116467
0.122158
0.087764
0.120563
0.096405
0.183198
0.319743
0.225905
0.112086
0.162341
0.200124
0.282405
0.225458
0.197109
0.230348
0.397588
0.402855
0.465916
0.375124
0.367681
0.249938
0.169690
0.200210
0.159334
0.153600
0.111448
0.069496
0.076273
0.081920
0.134573
0.243974
0.288799
0.135179
0.092709
0.159411
0.208145
0.300632
0.238696
0.268136
0.417021
0.303035
0.373542
0.356912
0.355473
0.197047
0.139582
0.203050
0.165748
0.141269
0.161146
0.131911
0.101748
0.108073
0.241577
0.274625
0.263894
0.123491
0.106462
0.274132
0.419562
0.606343
0.495606
0.273531
0.371111
0.446340
0.330315
0.307821
0.422085
0.456629
0.205494
0.235176
0.192430
0.143284
0.129805
0.123195
0.147125
0.129519
0.219494
0.364743
0.182418
0.156137
0.207591
0.323497
0.203062
0.259503
0.384737
0.516069
0.419994
0.697925
0.533017
0.339992
0.367387
0.270287
0.347346
0.182875
0.359588
0.226477
0.242556
0.128037
0.111186
0.171350
0.159132
0.318095
0.230653
0.169886
0.245222
0.361975
0.435287
0.858903
0.369912
0.428292
0.626844
0.868383
0.474518
0.384760
0.323643
0.476404
0.347597
0.373167
0.120206
0.170177
0.199012
0.100157
0.118145
0.096206
0.178260
0.320698
0.224574
0.147873
0.223005
0.186101
0.291390
0.262378
0.383116
0.455817
0.572668
0.651610
0.758350
0.444776
0.805570
0.683957
0.249017
0.348305
0.202391
0.146835
0.157421
0.107401
0.132332
0.136060
0.231853
0.341008
0.249863
0.264131
0.258877
0.256546
0.340746
0.539813
0.423185
0.371714
0.339388
0.521910
0.499579
0.373750
0.438046
0.394969
0.318002
0.209387
0.191353
0.206470
0.194644
0.103024
0.176857
0.141893
0.228173
0.335853
0.223780
0.155838
0.204790
0.196916
0.283063
0.226570
0.234055
0.196894
0.266047
0.156544
0.423385
0.269242
0.201364
0.203601
0.154395
0.133353
0.093116
0.156372
0.111902
0.094088
0.072441
0.077296
0.247919
0.280947
0.255463
0.290480
0.306974
0.317224
0.282988
0.322480
0.436451
0.319490
0.279076
0.385531
0.274594
0.412010
0.354996
0.206864
0.176493
0.205218
0.194623
0.152337
0.155317
0.094963
0.098755
0.098615
0.169036
0.207057
0.197455
0.198706
0.268390
0.187811
0.393384
0.429349
0.494204
0.337137
0.367228
0.331346
0.451239
0.471757
0.575364
0.405063
0.276813
0.130690
0.128423
0.131398
0.092980
0.149357
0.097604
0.105636
0.284949
0.370119
0.228280
0.193296
0.259917
0.251928
0.246466
0.207418
0.324444
0.491459
0.359950
0.397642
0.418779
0.312127
0.478517
0.354895
0.278236
0.173158
0.163394
0.151389
0.097985
0.112238
0.133561
0.150710
0.232108
0.375089
0.176602
0.192251
0.200323
0.313650
0.431328
0.347820
0.522734
0.464073
0.412721
0.304391
0.332128
0.346637
0.321589
0.297686
0.274749
0.309540
0.148514
0.150132
0.170265
0.182408
0.099087
0.152957
0.206178
0.287270
0.361676
0.196062
0.450019
0.385180
0.446415
0.292854
0.307678
0.266872
0.250157
0.376450
0.487115
0.457001
0.297653
0.329353
0.306406
0.273513
0.191122
0.219552
0.132722
0.169168
0.260165
0.223166
0.331738
0.319735
0.270140
0.226888
0.259533
0.258604
0.347222
0.269245
0.240459
0.347842
0.198514
0.319172
0.240560
0.407344
0.280222
0.198427
0.223442
0.274818
0.191427
0.188500
0.114355
0.129544
0.193040
0.209425
0.198618
0.403357
0.649693
0.297610
0.251674
0.281205
0.537342
0.452837
0.481751
0.436772
0.385867
0.552128
0.768187
0.505671
0.535904
0.489120
0.325148
0.140115
0.143706
0.183796
0.205031
0.211094
0.273188
0.343433
0.353481
0.388092
0.494972
0.278597
0.252556
0.233463
0.254753
0.490910
0.389607
0.557954
0.844393
0.541135
1.000000
0.516124
0.556519
0.402102
0.326881
0.383094
0.431084
0.213963
0.192740
0.161758
0.150963
0.093802
0.140385
0.269676
0.332439
0.085312
0.426923
0.462847
0.517309
0.793755
0.607909
0.402765
0.346766
0.360116
0.404482
0.492837
0.341091
0.346909
0.220702
0.405046
0.181401
0.108747
0.116616
0.100730
0.103376
0.138389
0.132622
0.290607
0.305526
0.117140
0.129287
0.099415
0.166656
0.385798
0.156857
0.345274
0.193911
0.397277
0.674008
0.595772
0.506116
0.350888
0.184025
0.235844
0.134475
0.159166
0.182226
0.103341
0.140721
0.117819
0.172041
0.409685
0.209991
0.171528
0.099311
0.205526
0.171362
0.401820
0.243613
0.399361
0.267759
0.268626
0.320992
0.248372
0.212705
0.145790
0.201992
0.187784
0.113456
0.238697
0.155590
0.120849
0.098442
0.146808
0.187500
0.366664
0.223713
0.077427
0.104128
0.104791
0.236841
0.266601
0.186600
0.410468
0.269369
0.199677
0.292168
0.185689
0.192124
0.135360
0.150844
0.143056
0.153296
0.146003
0.101657
0.090636
0.127073
0.111903
0.221372
0.355124
0.102421
0.149158
0.084768
0.110976
0.188192
0.168529
0.153207
0.142548
0.094014
0.175103
0.184960
0.174944
0.133084
0.181898
0.127854
0.119847
0.099349
0.175931
0.080049
0.101900
0.064580
0.113551
0.190079
0.447957
0.310065
0.160303
0.093866
0.128402
0.185299
0.131125
0.144354
0.173469
0.214562
0.208381
0.366518
0.219834
0.325907
0.188177
0.165535
0.107132
0.153380
0.078388
0.076384
0.083547
0.095848
0.093144
0.131131
0.274342
0.347851
0.244957
0.230140
0.193122
0.071204
0.131511
0.104441
0.180187
0.168611
0.151515
0.168421
0.152936
0.122770
0.167149
0.153784
0.128372
0.145078
0.093528
0.133668
0.065226
0.083476
0.087371
0.198028
0.246557
0.180931
0.109666
0.115778
0.123884
0.271860
0.287522
0.122143
0.088510
0.192303
0.130167
0.174005
0.568882
0.182481
0.141397
0.154227
0.124701
0.162733
0.168388
0.117731
0.108977
0.081680
0.105675
0.153674
0.290093
0.285449
0.196081
0.085077
0.115491
0.135288
0.135122
0.161829
0.219528
0.250885
0.356993
0.341884
0.331558
0.291526
0.234001
0.160299
0.170124
0.073136
0.106107
0.100173
0.075525
0.113818
0.117896
0.176919
0.441587
0.252548
0.151246
0.173943
0.150649
0.211031
0.163088
0.203418
0.182681
0.183621
0.267521
0.221651
0.369601
0.391245
0.534013
0.291002
0.143859
0.212910
0.149414
0.181396
0.126217
0.115740
0.096252
0.189143
0.416883
0.162115
0.098516
0.093600
0.156654
0.184996
0.373993
0.154352
0.212032
0.204525
0.123773
0.292937
0.257780
0.272154
0.187756
0.174656
0.131079
0.135733
0.116410
0.117554
0.116560
0.103698
0.094394
0.260959
0.315389
0.374008
0.169283
0.124662
0.111829
0.206060
0.478600
0.290577
0.242469
0.411858
0.293690
0.298218
0.490591
0.291742
0.173548
0.147995
0.129416
0.157396
0.113418
0.109729
0.084330
0.086722
0.134344
0.222511
0.338794
0.361989
0.233461
0.113692
0.150192
0.115439
0.135088
0.258244
0.191831
0.209861
0.277052
0.328840
0.211379
0.107831
0.165499
0.271261
0.205369
0.107718
0.105498
0.078669
0.130682
0.067278
0.133379
0.133254
0.295577
0.240589
0.131787
0.186141
0.151206
0.197766
0.221813
0.233426
0.182023
0.265881
0.337066
0.478130
0.362230
0.273717
0.110714
0.170444
0.163088
0.162057
0.097295
0.078341
0.095777
0.132514
0.105792
0.176982
0.323634
0.247078
0.099606
0.212936
0.151978
0.345988
0.432754
0.267887
0.222993
0.657671
0.556027
0.348188
0.370954
0.336777
0.373608
0.306092
0.179625
0.141482
0.142615
0.107784
0.126614
0.072181
0.143481
0.200977
0.248693
0.232316
0.158284
0.166427
0.111066
0.159653
0.147440
0.204368
0.283613
0.189328
0.276756
0.348379
0.284871
0.240099
0.273221
0.144845
0.141239
0.123219
0.159984
0.071849
0.086455
0.084079
0.064069
0.224679
0.273608
0.255336
0.265987
0.098643
0.214315
0.173470
0.325322
0.122188
0.138442
0.087773
0.124319
0.136510
0.437786
0.220812
0.160644
0.152881
0.130068
0.113723
0.100841
0.118466
0.104862
0.078625
0.095386
0.178211
0.286148
0.216010
0.094934
0.206521
0.131856
0.302222
0.296890
0.279710
0.351001
0.437949
0.229260
0.653114
0.392570
0.345346
0.177899
0.136706
0.098753
0.108095
0.114678
0.080336
0.106990
0.076110
0.111488
0.231366
0.328008
0.286318
0.118834
0.121397
0.078412
0.104110
0.385428
0.136091
0.285403
0.219614
0.167714
0.160506
0.192924
0.199352
0.143022
0.125697
0.181194
0.194435
0.114492
0.219533
0.295875
0.280269
0.085961
0.185451
0.293665
0.256773
0.143681
0.220317
0.315417
0.323176
0.205236
0.410499
0.437411
0.226251
0.185905
0.253337
0.271277
0.195400
0.363609
0.194486
0.145806
0.100598
0.159259
0.109311
0.096206
0.079751
0.115423
0.178791
0.211150
0.257440
0.173728
0.160866
0.171865
0.160720
0.226364
0.685270
0.695207
0.271608
0.364351
0.583181
0.539414
0.356524
0.179713
0.187713
0.181917
0.165836
0.181268
0.100642
0.116704
0.132918
0.090875
0.251886
0.270582
0.301811
0.195972
0.211406
0.183463
0.484211
0.463163
0.574400
0.479392
0.243391
0.289869
0.352793
0.407208
0.319502
0.212458
0.286480
0.177237
0.189479
0.171527
0.188845
0.119105
0.155736
0.149396
0.140854
0.325552
0.338935
0.109405
0.103943
0.105858
0.167413
0.110907
0.172553
0.107097
0.139365
0.147195
0.441082
0.177003
0.232570
0.349219
0.175591
0.186017
0.098706
0.154666
0.105885
0.133340
0.090012
0.071228
0.205618
0.400381
0.280195
0.172187
0.109595
0.185622
0.129143
0.179794
0.169656
0.214808
0.121191
0.173400
0.364449
0.249932
0.178068
0.270232
0.156887
0.118759
0.129140
0.129995
0.095059
0.102784
0.121020
0.108162
0.210138
0.310557
0.257413
0.240826
0.151441
0.178317
0.244186
0.109922
0.429156
0.203716
0.275075
0.173998
0.182736
0.226172
0.244340
0.352255
0.302394
0.131979
0.174847
0.131764
0.160305
0.143339
0.117801
0.093312
0.217187
0.240121
0.368318
0.141603
0.107823
0.237979
0.103646
0.152945
0.098143
0.108095
0.283812
0.129734
0.189906
0.183144
0.166425
0.133397
0.148711
0.135151
0.171280
0.179744
0.100973
0.094859
0.070972
0.130094
0.169877
0.304254
0.273875
0.096881
0.144897
0.206747
0.143786
0.155797
0.439436
0.175533
0.094202
0.126078
0.176887
0.130939
0.126793
0.131454
0.103699
0.080147
0.073173
0.124810
0.094312
0.093980
0.100657
0.064683
0.139103
0.316895
0.224445
0.180823
0.128987
0.119697
0.065350
0.122745
0.425396
0.125691
0.138274
0.136416
0.124018
0.121868
0.097527
0.151585
0.131229
0.082362
0.079717
0.127882
0.083154
0.124520
0.098013
0.057973
0.187349
0.392876
0.249434
0.102095
0.247973
0.227951
0.136383
0.163837
0.144516
0.200156
0.203626
0.175109
0.241393
0.181787
0.141428
0.184997
0.183611
0.135389
0.122204
0.155552
0.125194
0.117682
0.107640
0.096838
0.133856
0.312767
0.338523
0.197902
0.101425
0.097287
0.230833
0.104823
0.111993
0.064129
0.134461
0.100298
0.200107
0.278279
0.228690
0.193682
0.121704
0.114238
0.159895
0.144932
0.125821
0.111505
0.092268
0.141689
0.196949
0.362859
0.172693
0.133590
0.194487
0.193658
0.357180
0.220011
0.178169
0.143394
0.265713
0.380988
0.304043
0.300075
0.162324
0.366096
0.112488
0.127327
0.166237
0.080443
0.081995
0.114717
0.108348
0.216609
0.174344
0.415261
0.201367
0.085587
0.090174
0.218659
0.180689
0.192965
0.303510
0.317545
0.396781
0.308071
0.306326
0.410682
0.350946
0.148278
0.197040
0.166114
0.158701
0.153226
0.156075
0.124154
0.095847
0.076168
0.156753
0.432016
0.451955
0.245353
0.141927
0.144752
0.085431
0.176842
0.168022
0.134361
0.182097
0.130211
0.184588
0.285574
0.244123
0.189567
0.150042
0.154557
0.198536
0.148128
0.152843
0.099254
0.065030
0.091244
0.168140
0.352366
0.326314
0.210916
0.131312
0.172384
0.111336
0.166608
0.357884
0.154047
0.198500
0.287886
0.346367
0.151653
0.222213
0.143285
0.195565
0.132405
0.113292
0.114409
0.115060
0.071740
0.084699
0.092450
0.169526
0.282231
0.236574
0.218685
0.286050
0.447315
0.546225
0.240811
0.468125
0.377898
0.380540
0.336190
0.430933
0.373659
0.285505
0.168006
0.195375
0.108760
0.088683
0.151730
0.065697
0.081495
0.126441
0.080330
0.186301
0.228112
0.227627
0.102894
0.104828
0.141655
0.181469
0.099291
0.210665
0.306564
0.179516
0.206214
0.280462
0.190013
0.157969
0.155091
0.176210
0.132113
0.103886
0.095722
0.107180
0.058623
0.085148
0.074734
0.119780
0.303506
0.177515
0.079567
0.093376
0.096943
0.179078
0.166359
0.166956
0.160773
0.339329
0.361830
0.390415
0.431620
0.221273
0.156731
0.163313
0.089554
0.134297
0.077450
0.061319
0.066297
0.088930
0.104924
0.133504
0.401436
0.225752
0.135020
0.080394
0.122784
0.160518
0.233759
0.316044
0.169731
0.110675
0.196865
0.306450
0.124422
0.149603
0.133749
0.327817
0.150215
0.112405
0.103407
0.113352
0.113049
0.088879
0.222798
0.244051
0.341801
0.213012
0.259260
0.078495
0.228316
0.181032
0.215498
0.115586
0.134649
0.104570
0.147395
0.181373
0.264457
0.135925
0.114688
0.124919
0.091258
0.176860
0.307928
0.109646
0.073198
0.110640
0.101148
0.186521
0.489621
0.174363
0.120354
0.082292
0.115143
0.113086
0.205083
0.067039
0.124057
0.229286
0.160939
0.321408
0.134686
0.183321
0.206742
0.101101
0.140337
0.140798
0.110636
0.083268
0.082476
0.155076
0.078218
0.122081
0.364681
0.275145
0.147005
0.133975
0.209284
0.221228
0.279683
0.294705
0.269053
0.300615
0.285815
0.166374
0.188393
0.138232
0.162719
0.120647
0.137214
0.104170
0.097534
0.118627
0.067195
0.058941
0.056349
0.109230
0.300879
0.226804
0.082872
0.217894
0.137309
0.143071
0.194733
0.152202
0.211493
0.296299
0.160117
0.378556
0.202272
0.195638
0.122391
0.126790
0.120143
0.124297
0.066875
0.129862
0.081622
0.103942
0.072518
0.129695
0.303665
0.243295
0.118328
0.124881
0.262513
0.359419
0.180979
0.323479
0.226940
0.291997
0.250486
0.306981
0.241482
0.237597
0.260694
0.163082
0.175048
0.138509
0.123429
0.162082
0.118027
0.086108
0.096598
0.147250
0.319044
0.317555
0.135768
0.136844
0.256088
0.150702
0.281209
0.303497
0.412510
0.340605
0.433684
0.214264
0.283302
0.260912
0.168052
0.193077
0.116306
0.167768
0.139891
0.124749
0.100966
0.093221
0.101962
0.185343
0.222080
0.366513
0.105468
0.155572
0.215023
0.110522
0.263807
0.303613
0.477938
0.234148
0.438948
0.326187
0.279033
0.251646
0.284391
0.246540
0.145258
0.166151
0.167426
0.118336
0.083753
0.125307
0.118483
0.238234
0.420771
0.218268
0.151860
0.137815
0.148777
0.201033
0.471212
0.205686
0.260432
0.269490
0.409298
0.487026
0.461635
0.458151
0.277052
0.244866
0.158508
0.153670
0.131451
0.112432
0.117123
0.103914
0.130582
0.164537
0.268803
0.197576
0.159552
0.184155
0.085696
0.179208
0.385026
0.395047
0.303662
0.318689
0.193858
0.297891
0.282731
0.207823
0.191825
0.119558
0.149314
0.146297
0.108999
0.103850
0.098391
0.145167
0.126882
0.208989
0.305200
0.263373
0.216853
0.377771
0.188038
0.167891
0.217836
0.373413
0.322949
0.375569
0.204805
0.400264
0.292353
0.191558
0.225126
0.178288
0.177359
0.239583
0.150052
0.173035
0.074158
0.084178
0.116225
0.244547
0.315211
0.153888
0.220313
0.269414
0.412416
0.384557
0.458285
0.421332
0.431791
0.364997
0.243626
0.266565
0.393316
0.293701
0.134521
0.102182
0.063509
0.080818
0.101452
0.071037
0.068025
0.054295
0.075197
0.236567
0.201830
0.220555
0.114631
0.323269
0.183155
0.286997
0.160558
0.369013
0.188926
0.232494
0.137337
0.373300
0.592158
0.255600
0.172378
0.162646
0.084919
0.149144
0.107032
0.096662
0.136705
0.125271
0.161509
0.215370
0.369356
0.247129
0.087617
0.131208
0.094448
0.169402
0.138983
0.149977
0.120509
0.098562
0.171196
0.222069
0.235670
0.140064
0.196842
0.128486
0.144895
0.149725
0.106478
0.091120
0.112764
0.111007
0.104234
0.192370
0.194560
0.248384
0.084778
0.121239
0.251722
0.172986
0.199168
0.167911
0.124854
0.170136
0.152903
0.338583
0.216708
0.211185
0.158551
0.129484
0.119387
0.094711
0.132482
0.108066
0.108692
0.134155
0.127547
0.153717
0.376088
0.310297
0.130320
0.114282
0.141784
0.314865
0.218139
0.187822
0.223301
0.300411
0.407900
0.573707
0.460682
0.337591
0.189373
0.098026
0.145274
0.132454
0.126278
0.073041
0.095620
0.058272
0.058215
0.173213
0.309590
0.254243
0.111773
0.128544
0.139912
0.135792
0.246045
0.110718
0.222485
0.233756
0.324974
0.481600
0.270460
0.418274
0.459749
0.193139
0.149005
0.127821
0.134028
0.090136
0.084164
0.122590
0.074586
0.269842
0.248258
0.216333
0.132800
0.186355
0.171564
0.307456
0.269020
0.341288
0.308136
0.365976
0.501934
0.296552
0.254188
0.302696
0.240491
0.198175
0.141347
0.159108
0.079959
0.147703
0.101391
0.091052
0.085198
0.163635
0.274669
0.230155
0.159156
0.250266
0.313268
0.252100
0.421180
0.299580
0.197335
0.377606
0.439550
0.413145
0.285607
0.295406
0.233229
0.158590
0.158932
0.143647
0.127573
0.082570
0.073036
0.088253
0.076349
0.179710
0.373115
0.187767
0.073729
0.318012
0.317261
0.335724
0.413830
0.721446
0.417158
0.475270
0.494748
0.403899
0.346456
0.271502
0.222835
0.141634
0.110006
0.109863
0.118798
0.170668
0.117019
0.096927
0.101853
0.288320
0.364474
0.300779
0.126738
0.396903
0.123953
0.154623
0.080975
0.126689
0.085067
0.136677
0.166486
0.276308
0.360687
0.245979
0.272291
0.223381
0.123794
0.160045
0.127734
0.092536
0.133536
0.090488
0.102919
0.139824
0.350579
0.224873
0.124637
0.080564
0.253244
0.171676
0.107283
0.101376
0.192483
0.219741
0.239999
0.193203
0.136287
0.348795
0.258264
0.124649
0.153205
0.079817
0.138183
0.118536
0.057075
0.079905
0.064402
0.121790
0.384480
0.246679
0.160578
0.127154
0.192526
0.105019
0.260937
0.217139
0.093555
0.219095
0.125634
0.241921
0.322104
0.306679
0.248184
0.231403
0.082637
0.132919
0.067279
0.058381
0.116112
0.096598
0.064591
0.151336
0.420158
0.279112
0.126802
0.123121
0.074797
0.149504
0.126501
0.120109
0.131779
0.200641
0.261452
0.242921
0.208605
0.173774
0.142220
0.104086
0.153290
0.175011
0.090689
0.093385
0.082893
0.128515
0.121187
0.169128
0.298360
0.224247
0.150438
0.103664
0.210413
0.074424
0.180554
0.110050
0.143097
0.132115
0.107329
0.107592
0.129097
0.181584
0.150641
0.130255
0.098283
0.088750
0.086263
0.093548
0.074293
0.071112
0.080959
0.182705
0.229146
0.219599
0.126206
0.169221
0.179621
0.096774
0.139592
0.096825
0.109390
0.112952
0.262304
0.348121
0.459675
0.356982
0.322164
0.188066
0.126371
0.142228
0.113668
0.110371
0.094573
0.083483
0.108950
0.132982
0.373969
0.355106
0.193377
0.282444
0.270347
0.423471
0.236228
0.474519
0.297491
0.379169
0.286252
0.304533
0.276920
0.132770
0.228505
0.141273
0.142979
0.109168
0.160292
0.137411
0.112459
0.158376
0.101525
0.287696
0.307045
0.372516
0.149949
0.133179
0.148926
0.155906
0.116967
0.132169
0.133924
0.123883
0.150946
0.180276
0.328904
0.225606
0.237286
0.120144
0.204921
0.095451
0.162062
0.090588
0.159431
0.134959
0.096224
0.188519
0.242005
0.310432
0.095098
0.165455
0.341532
0.161451
0.201564
0.161605
0.146641
0.199885
0.356971
0.261219
0.121655
0.146870
0.143818
0.150893
0.114247
0.097362
0.204497
0.138063
0.078852
0.128460
0.091036
0.135927
0.253525
0.359406
0.155707
0.108479
0.427509
0.092701
0.292083
0.143222
0.199689
0.142602
0.171555
0.163562
0.229613
0.133454
0.129242
0.144693
0.121307
0.067628
0.107798
0.113131
0.104792
0.081965
0.068928
0.167319
0.268762
0.336179
0.147182
0.118117
0.140500
0.103356
0.151794
0.108171
0.238979
0.236676
0.247322
0.242482
0.265077
0.292729
0.230416
0.188534
0.127288
0.120190
0.140977
0.129593
0.073243
0.094826
0.086697
0.151346
0.442537
0.302026
0.173462
0.120843
0.129294
0.243784
0.170297
0.260481
0.330055
0.186840
0.250811
0.257279
0.200443
0.167463
0.149245
0.106303
0.174244
0.067869
0.106460
0.064205
0.082040
0.066604
0.082132
0.178609
0.338303
0.209600
0.237958
0.171355
0.259373
0.315556
0.189557
0.141774
0.281889
0.483983
0.477827
0.198352
0.124518
0.119296
0.169564
0.080754
0.077911
0.105644
0.135544
0.095855
0.066777
0.085108
0.095456
0.179259
0.158466
0.411189
0.400978
0.156863
0.167486
0.099688
0.179872
0.277736
0.102276
0.179433
0.200397
0.165552
0.266402
0.439391
0.205339
0.127377
0.121335
0.102346
0.112709
0.092014
0.083980
0.085769
0.106456
0.199675
0.345322
0.288406
0.196353
0.085935
0.099482
0.113694
0.175066
0.111661
0.118357
0.074660
0.201609
0.235659
0.324257
0.188778
0.134224
0.174891
0.126415
0.119250
0.137932
0.182913
0.130163
0.074886
0.141375
0.184811
0.227298
0.239453
0.140312
0.123898
0.144684
0.194718
0.094379
0.136869
0.090776
0.117204
0.262963
0.536306
0.286714
0.446213
0.252953
0.118099
0.132276
0.121135
0.092340
0.140833
0.077700
0.086090
0.112098
0.157797
0.375208
0.455510
0.224370
0.094480
0.127012
0.103335
0.262834
0.198690
0.198584
0.265790
0.340634
0.373141
0.155312
0.105578
0.126754
0.181946
0.101325
0.157569
0.087058
0.067659
0.106183
0.086268
0.079744
0.217228
0.474624
0.291541
0.185487
0.151459
0.123742
0.402786
0.196666
0.153310
0.161188
0.117866
0.114603
0.226209
0.159107
0.235547
0.227027
0.159532
0.160686
0.162621
0.147498
0.098804
0.102975
0.080211
0.099966
0.157011
0.256170
0.330148
0.112355
0.144452
0.166849
0.189653
0.252585
0.231275
0.090980
0.163482
0.377939
0.227185
0.196896
0.219865
0.156562
0.157626
0.144961
0.137303
0.172388
0.070035
0.099762
0.116381
0.103441
0.159069
0.346852
0.176745
0.245414
0.114994
0.109462
0.222432
0.198080
0.237986
0.211609
0.175353
0.342813
0.363057
0.384179
0.246479
0.134810
0.081675
0.146231
0.109239
0.111003
0.102641
0.085277
0.126560
0.075070
0.115890
0.417814
0.286974
0.327303
0.273204
0.101676
0.173746
0.282322
0.142363
0.092426
0.099873
0.170219
0.148438
0.409048
0.231131
0.279800
0.154347
0.102198
0.099035
0.175682
0.079362
0.103401
0.098935
0.064292
0.138269
0.289230
0.237735
0.136658
0.127932
0.261930
0.146267
0.134855
0.119769
0.172762
0.192230
0.191061
0.194124
0.181192
0.161957
0.148380
0.127498
0.092548
0.096347
0.144812
0.093671
0.104394
0.091792
0.075934
0.197705
0.222200
0.281591
0.348652
0.246108
0.104619
0.076474
0.154521
0.098825
0.072640
0.159382
0.149942
0.165658
0.135144
0.083104
0.181838
0.135755
0.111961
0.143152
0.125213
0.122411
0.113713
0.111843
0.131328
0.120292
0.437986
0.394905
0.145978
0.178040
0.241399
0.095456
0.148240
0.085318
0.394323
0.284838
0.125457
0.176617
0.251784
0.250621
0.104004
0.138046
0.136876
0.121788
0.162091
0.126728
0.073722
0.105691
0.112479
0.133475
0.411687
0.253416
0.198830
0.155284
0.122568
0.107897
0.192170
0.215993
0.150232
0.140468
0.237995
0.127126
0.162221
0.265300
0.143893
0.136548
0.103798
0.150920
0.163623
0.092634
0.131630
0.091349
0.111811
0.225069
0.425991
0.216843
0.130829
0.129743
0.258108
0.124389
0.210538
0.095081
0.168400
0.194814
0.146210
0.165984
0.163327
0.142513
0.094808
0.073324
0.093832
0.075157
0.091592
0.090442
0.082527
0.076621
0.148684
0.109488
0.469765
0.260200
0.124081
0.109743
0.298542
0.452190
0.319343
0.228153
0.150187
0.142776
0.290355
0.234100
0.093778
0.103372
0.151320
0.090271
0.078487
0.115554
0.081901
0.082155
0.088610
0.078421
0.121821
0.178229
0.268223
0.238289
0.210050
0.200915
0.161704
0.086805
0.103060
0.085129
0.201224
0.308448
0.185240
0.409554
0.262798
0.198588
0.187712
0.094401
0.144236
0.112343
0.121214
0.086117
0.125651
0.092306
0.120054
0.139065
0.351100
0.165236
0.085372
0.171381
0.204999
0.099181
0.113174
0.201390
0.162970
0.118009
0.156042
0.260154
0.139406
0.107756
0.279467
0.150829
0.077319
0.071026
0.117149
0.069571
0.118393
0.101488
0.089489
0.167610
0.295266
0.401951
0.250213
0.134376
0.304413
0.138384
0.234229
0.109628
0.155948
0.099816
0.167966
0.194881
0.149587
0.160635
0.196191
0.098913
0.106869
0.115512
0.098499
0.132501
0.069856
0.075142
0.090498
0.140139
0.361885
0.269731
0.228246
0.157243
0.283545
0.067988
0.308687
0.094829
0.177710
0.107178
0.087881
0.150196
0.143505
0.096356
0.142651
0.111978
0.130824
0.109413
0.090560
0.089080
0.091392
0.070006
0.106034
0.151510
0.293185
0.216585
0.163860
0.164856
0.083912
0.128338
0.121537
0.137587
0.143725
0.199725
0.270488
0.344032
0.376484
0.155892
0.158105
0.123182
0.114286
0.095268
0.097626
0.099672
0.106062
0.063331
0.087608
0.243241
0.354196
0.233875
0.095371
0.151993
0.158846
0.100120
0.188695
0.165749
0.184551
0.172386
0.120782
0.412945
0.416233
0.355055
0.196892
0.148493
0.082585
0.127295
0.074762
0.096369
0.121659
0.101978
0.127716
0.234879
0.315849
0.218462
0.219683
0.219497
0.264488
0.257150
0.353756
0.074494
0.076419
0.161322
0.108328
0.118396
0.156487
0.159963
0.143191
0.159144
0.124195
0.145663
0.150968
0.091073
0.061729
0.079250
0.079713
0.145534
0.406860
0.288067
0.087496
0.148074
0.376029
0.184386
0.304447
0.266485
0.216435
0.212476
0.157190
0.146589
0.420918
0.561371
0.128698
0.094345
0.108117
0.088171
0.101388
0.103532
0.091213
0.060766
0.084566
0.148418
0.373031
0.165208
0.088546
0.160011
0.136901
0.088774
0.131380
0.161935
0.151420
0.170095
0.245720
0.193368
0.182718
0.138430
0.150558
0.163559
0.092506
0.086156
0.158000
0.062198
0.069837
0.091087
0.097841
0.167414
0.367777
0.223082
0.172415
0.098903
0.200214
0.102230
0.115103
0.102177
0.112329
0.158641
0.199862
0.370842
0.311326
0.214975
0.147560
0.080197
0.099514
0.108728
0.095771
0.073182
0.096602
0.083563
0.113983
0.193223
0.300599
0.468136
0.192196
0.114902
0.129619
0.234971
0.215833
0.595478
0.249436
0.221713
0.314839
0.330812
0.467086
0.315381
0.411617
0.397437
0.112319
0.092135
0.120773
0.113713
0.074583
0.065711
0.128389
0.151302
0.339490
0.358523
0.145462
0.104662
0.301885
0.169028
0.128487
0.201480
0.348883
0.204059
0.351719
0.298580
0.262122
0.175708
0.272136
0.187046
0.114543
0.158941
0.127272
0.087111
0.085907
0.070433
0.150878
0.185350
0.458452
0.190663
0.154671
0.274496
0.148689
0.085492
0.488133
0.200018
0.309047
0.252057
0.187088
0.153161
0.136184
0.094097
0.092575
0.092004
0.096229
0.103994
0.110701
0.131380
0.085196
0.102859
0.056589
0.111819
0.253703
0.203073
0.099475
0.083276
0.135429
0.103865
0.123154
0.092064
0.092620
0.062748
0.110593
0.103254
0.116184
0.085124
0.150581
0.093901
0.103140
0.067260
0.057214
0.136136
0.055973
0.065106
0.071798
0.084477
0.136339
0.330433
0.164186
0.090856
0.100388
0.083383
0.146657
0.109982
0.143210
0.115933
0.148724
0.262410
0.149323
0.184049
0.144117
0.226678
0.217766
0.096245
0.124780
0.138639
0.072358
0.107374
0.093000
0.077212
0.159060
0.271633
0.347455
0.143411
0.259305
0.282724
0.096277
0.068772
0.114798
0.306840
0.378694
0.404540
0.285128
0.398003
0.534497
0.172868
0.117365
0.106110
0.158266
0.129344
0.059349
0.113401
0.130691
0.132489
0.189317
0.371662
0.168312
0.121828
0.070111
0.150010
0.134108
0.098372
0.097655
0.129221
0.079128
0.160552
0.228305
0.392272
0.234363
0.140355
0.111483
0.129709
0.095783
0.098242
0.110982
0.115786
0.109152
0.108160
0.171838
0.286152
0.367866
0.118794
0.126361
0.132257
0.142659
0.072101
0.127879
0.093832
0.095697
0.179636
0.238314
0.344697
0.184984
0.142150
0.079686
0.104064
0.132131
0.125835
0.090102
0.099713
0.113198
0.111367
0.151257
0.333139
0.206228
0.095862
0.166499
0.291580
0.251696
0.325526
0.261122
0.307423
0.207940
0.202027
0.271567
0.224940
0.207983
0.182279
0.096168
0.130829
0.151477
0.102311
0.087560
0.084417
0.077511
0.107709
0.147296
0.316991
0.312868
0.161058
0.114658
0.618419
0.225861
0.284614
0.134212
0.191390
0.214134
0.223060
0.186533
0.211962
0.193535
0.125591
0.144707
0.097032
0.123396
0.115744
0.104495
0.104146
0.088724
0.182322
0.210033
0.305797
0.196410
0.117302
0.112456
0.366162
0.300427
0.218273
0.166817
0.101565
0.111776
0.204924
0.160989
0.189634
0.106736
0.156904
0.082429
0.106258
0.128159
0.140904
0.055678
0.076422
0.125518
0.083457
0.187104
0.312161
0.237920
0.084168
0.063734
0.281135
0.166518
0.094460
0.108838
0.112864
0.137696
0.209625
0.323699
0.368639
0.297472
0.319455
0.118187
0.108892
0.086753
0.100837
0.122936
0.066155
0.103393
0.079721
0.143038
0.380108
0.205793
0.349946
0.145395
0.144503
0.109649
0.169625
0.585809
0.169524
0.128360
0.126067
0.221710
0.154860
0.303887
0.104308
0.191863
0.189055
0.089606
0.101460
0.084349
0.083777
0.085788
0.058387
0.275124
0.242507
0.261615
0.203006
0.113892
0.120646
0.207188
0.357759
0.306530
0.210247
0.205864
0.120248
0.349174
0.122370
0.184113
0.219270
0.163309
0.078195
0.105347
0.116576
0.084168
0.087681
0.075014
0.076220
0.191144
0.321187
0.303631
0.274700
0.077433
0.290141
0.132200
0.163670
0.127836
0.150812
0.156686
0.230079
0.171275
0.316200
0.208250
0.111883
0.173260
0.112143
0.093360
0.124723
0.089877
0.088189
0.059367
0.109080
0.116207
0.407420
0.202531
0.231995
0.075574
0.284269
0.390497
0.304184
0.357599
0.450703
0.444988
0.418850
0.372094
0.271161
0.293177
0.141478
0.157172
0.133201
0.116231
0.145839
0.076447
0.081381
0.094480
0.079796
0.301503
0.322361
0.231049
0.230738
0.154543
0.164759
0.144434
0.131285
0.276455
0.134012
0.231201
0.462301
0.511404
0.175139
0.157804
0.271865
0.179423
0.180273
0.088390
0.080831
0.102734
0.132593
0.076785
0.108029
0.101058
0.447467
0.405536
0.182642
0.388330
0.330902
0.261885
0.105907
0.228997
0.263741
0.237772
0.201959
0.321887
0.190546
0.199120
0.227314
0.302267
0.118443
0.156743
0.156428
0.119286
0.099928
0.084332
0.128827
0.240165
0.312266
0.579138
0.287859
0.228142
0.340134
0.337464
0.487240
0.508334
0.251208
0.225563
0.274745
0.163569
0.326462
0.158214
0.107229
0.156842
0.121334
0.095858
0.093439
0.090247
0.065919
0.103678
0.088641
0.120606
0.272564
0.235193
0.127702
0.290185
0.267084
0.083653
0.089517
0.139678
0.409982
0.339157
0.229345
0.187730
0.224556
0.221341
0.140727
0.100969
0.099805
0.107018
0.101206
0.071350
0.094156
0.092242
0.083140
0.135304
0.375895
0.222882
0.160760
0.269683
0.297303
0.181945
0.270704
0.183912
0.199205
0.188818
0.423959
0.258357
0.225369
0.696176
0.304745
0.328904
0.171183
0.176881
0.081790
0.075498
0.131356
0.092308
0.111626
0.176672
0.535807
0.353277
0.195213
0.278042
0.160683
0.221258
0.191140
0.229938
0.205192
0.168984
0.232208
0.275659
0.201724
0.160110
0.245291
0.118521
0.154702
0.100475
0.076467
0.115116
0.088745
0.102445
0.085836
0.228799
0.255017
0.293214
0.455112
0.522223
0.574643
0.332940
0.176262
0.189516
0.138811
0.223000
0.098112
0.256039
0.169123
0.232946
0.127538
0.181035
0.110066
0.101750
0.116748
0.079812
0.063170
0.092972
0.135805
0.131063
0.265356
0.148820
0.168796
0.202874
0.233306
0.560378
0.288756
0.122261
0.137774
0.125336
0.178472
0.207782
0.219091
0.167205
0.162760
0.173900
0.154166
0.249103
0.073901
0.074922
0.060829
0.083807
0.162854
0.168936
0.480349
0.265523
0.148412
0.228634
0.301414
0.460021
0.207030
0.396224
0.485903
0.241129
0.294796
0.211992
0.189133
0.286989
0.122469
0.151643
0.105065
0.128837
0.106200
0.072184
0.070858
0.146537
0.144567
0.199697
0.302658
0.230783
0.187684
0.195343
0.662978
0.487445
0.519525
0.632541
0.290957
0.236546
0.579198
0.349427
0.163018
0.147154
0.186085
0.130187
0.166632
0.102504
0.102480
0.102511
0.108100
0.060317
0.067457
0.199198
0.374715
0.198655
0.108795
0.113585
0.270318
0.188601
0.081132
0.110052
0.102183
0.104947
0.318538
0.396317
0.475723
0.199501
0.199786
0.097786
0.127708
0.098002
0.099484
0.088309
0.102267
0.070226
0.086114
0.120509
0.407301
0.415788
0.175516
0.128476
0.347192
0.572251
0.236788
0.320457
0.183487
0.186024
0.181625
0.378520
0.127074
0.445523
0.464291
0.122320
0.111488
0.098330
0.090266
0.084737
0.086719
0.087978
0.072483
0.124323
0.476233
0.220052
0.153217
0.153072
0.102756
0.134409
0.133767
0.237934
0.107012
0.239071
0.206412
0.395792
0.261480
0.148395
0.103679
0.122300
0.199340
0.109917
0.130918
0.075584
0.074068
0.081153
0.118873
0.152617
0.463912
0.147496
0.077279
0.067760
0.172841
0.102582
0.083421
0.073974
0.215899
0.157609
0.152892
0.127555
0.199550
0.122281
0.136905
0.129231
0.119086
0.092150
0.078932
0.073148
0.103862
0.084347
0.073279
0.180657
0.197834
0.216836
0.154485
0.089270
0.124520
0.158201
0.074847
0.068800
0.072368
0.098897
0.093226
0.128925
0.295944
0.141901
0.095106
0.093732
0.068611
0.091491
0.079759
0.079947
0.055678
0.070257
0.065134
0.136540
0.314084
0.237281
0.169153
0.146637
0.198789
0.144829
0.127970
0.100570
0.224668
0.415445
0.435535
0.094410
0.157103
0.163951
0.225257
0.134892
0.083723
0.093046
0.085058
0.082125
0.098671
0.109519
0.110884
0.128376
0.310045
0.443522
0.165379
0.183081
0.185857
0.107188
0.119678
0.126508
0.084183
0.068324
0.214321
0.224602
0.234765
0.214432
0.175166
0.169040
0.071132
0.075811
0.088032
0.073237
0.078070
0.043807
0.069719
0.174669
0.307691
0.176497
0.108156
0.100381
0.121883
0.101453
0.132583
0.131016
0.102808
0.142716
0.252544
0.397364
0.256402
0.298055
0.188932
0.179469
0.080591
0.103273
0.124014
0.071923
0.081826
0.051675
0.054102
0.134275
0.255968
0.165541
0.088402
0.065285
0.134686
0.210722
0.174558
0.083962
0.107454
0.140873
0.262721
0.237451
0.211217
0.162868
0.389116
0.169427
0.082797
0.063963
0.073699
0.084000
0.077473
0.095800
0.139353
0.176397
0.427183
0.202245
0.083926
0.071456
0.171285
0.178237
0.185032
0.110438
0.085951
0.139718
0.154065
0.543538
0.531870
0.393459
0.361965
0.221812
0.110271
0.136223
0.099521
0.085156
0.119347
0.092979
0.105741
0.150082
0.349535
0.334307
0.080300
0.079239
0.156836
0.138780
0.075441
0.081841
0.142441
0.118252
0.244945
0.266636
0.229470
0.143432
0.188686
0.115583
0.140894
0.128246
0.067817
0.089752
0.064909
0.053893
0.117679
0.126127
0.451641
0.145444
0.144936
0.088122
0.163177
0.167016
0.082651
0.114851
0.115361
0.153665
0.268685
0.360726
0.257712
0.194051
0.191318
0.141163
0.121262
0.101514
0.107658
0.108655
0.070334
0.086501
0.058036
0.145946
0.185790
0.227753
0.141201
0.256133
0.307567
0.162476
0.331339
0.340258
0.294660
0.281899
0.262264
0.268895
0.330191
0.132342
0.320693
0.249947
0.145916
0.087895
0.148010
0.096099
0.071526
0.104150
0.124495
0.105500
0.285111
0.211021
0.117528
0.318220
0.336090
0.443559
0.406111
0.148860
0.213336
0.144678
0.220974
0.205166
0.173324
0.278480
0.276525
0.121919
0.056740
0.090217
0.119075
0.093222
0.068458
0.061856
0.117068
0.137779
0.385761
0.140303
0.191951
0.108088
0.135068
0.101229
0.097227
0.098988
0.166245
0.118262
0.202731
0.262157
0.192281
0.176290
0.151330
0.133141
0.128951
0.106615
0.088823
0.110313
0.089815
0.057473
0.102691
0.204018
0.415844
0.361542
0.258298
0.375054
0.308714
0.262004
0.104581
0.066448
0.233194
0.383225
0.261359
0.264456
0.189349
0.242334
0.220073
0.162837
0.122474
0.064300
0.078830
0.099110
0.085767
0.052836
0.108762
0.191784
0.340228
0.264418
0.161535
0.112844
0.248533
0.127288
0.144405
0.167676
0.260022
0.156921
0.242023
0.164166
0.193142
0.206030
0.169666
0.102624
0.084629
0.082185
0.085311
0.076855
0.131101
0.069277
0.121285
0.159830
0.272874
0.192481
0.218560
0.102371
0.224935
0.132420
0.119419
0.095048
0.079771
0.065675
0.212844
0.299431
0.203008
0.193910
0.240234
0.252255
0.086761
0.105101
0.141479
0.097853
0.164856
0.068026
0.086343
0.183312
0.329279
0.205327
0.091525
0.179874
0.177405
0.100540
0.136864
0.100084
0.113240
0.233555
0.249173
0.243937
0.405162
0.157393
0.149551
0.150278
0.085582
0.114676
0.084818
0.065087
0.060578
0.105261
0.127704
0.219588
0.241770
0.183539
0.187072
0.142803
0.104816
0.185612
0.167294
0.177317
0.391583
0.540592
0.370772
0.119590
0.138787
0.126434
0.225289
0.147531
0.079521
0.065726
0.131784
0.077258
0.055407
0.058446
0.080338
0.189524
0.298990
0.148475
0.183160
0.188782
0.251425
0.279858
0.201387
0.162837
0.198093
0.118865
0.275082
0.333330
0.380474
0.229844
0.180276
0.089211
0.152326
0.122112
0.131939
0.075527
0.077839
0.092955
0.141625
0.193479
0.436997
0.191096
0.151539
0.206672
0.262397
0.122571
0.074175
0.083373
0.084401
0.082517
0.248019
0.181094
0.324803
0.267786
0.162933
0.188364
0.092926
0.091831
0.060964
0.119271
0.089610
0.087818
0.088033
0.155499
0.258685
0.263831
0.142478
0.103742
0.181931
0.153992
0.073112
0.122433
0.108490
0.091194
0.267162
0.202151
0.259465
0.219306
0.251353
0.214485
0.125736
0.093247
0.115441
0.075738
0.085548
0.093566
0.143821
0.149481
0.308063
0.276821
0.141613
0.325425
0.140579
0.294301
0.323964
0.306030
0.333231
0.251713
0.380885
0.221317
0.355893
0.299810
0.253260
0.299881
0.140649
0.094002
0.127272
0.094859
0.086934
0.111017
0.142774
0.138964
0.444202
0.307960
0.176582
0.364358
0.138373
0.162884
0.220470
0.268437
0.242799
0.194113
0.277254
0.331534
0.352781
0.400905
0.320519
0.213048
0.153789
0.178016
0.103751
0.073933
0.097124
0.089949
0.110027
0.188461
0.451849
0.241377
0.123628
0.158567
0.263536
0.125248
0.168859
0.146343
0.149732
0.261639
0.286340
0.347477
0.410144
0.379932
0.231734
0.285533
0.205249
0.155479
0.104810
0.107603
0.109400
0.127357
0.121028
0.179707
0.231293
0.256400
0.227053
0.355990
0.425793
0.416205
0.223276
0.312186
0.227932
0.370341
0.838753
0.454003
0.318777
0.363300
0.579424
0.396071
0.206086
0.223132
0.162619
0.139570
0.138784
0.096896
0.080290
0.232507
0.462031
0.446431
0.493971
0.816915
0.656210
0.480223
0.387869
0.627953
0.297740
0.323357
0.615151
0.421391
0.407496
0.399502
0.348079
0.201386
0.248331
0.242880
0.376139
0.437090
0.171850
0.125480
0.148702
0.213612
0.443000
0.306499
0.689559
0.408558
0.520682
0.968436
0.413901
0.884204
0.692999
0.517504
0.196899
0.390041
0.279761
0.390641
0.201620
0.235088
0.124225
0.131093
0.190097
0.095630
0.094275
0.095098
0.141690
0.220037
0.345447
0.319305
0.389444
0.386357
0.551020
0.322882
0.352671
0.387453
0.388863
0.491201
0.359474
0.312970
0.488437
0.415524
0.466182
0.159393
0.158487
0.115779
0.162032
0.147969
0.125870
0.136095
0.163029
0.201858
0.446927
0.409220
0.464387
0.281975
0.182224
0.235802
0.442252
0.225663
0.194456
0.219782
0.394977
0.400772
0.483638
0.362178
0.185856
0.181235
0.137121
0.195412
0.167956
0.117358
0.111911
0.141872
0.109911
0.238800
0.433723
0.190889
0.212740
0.156552
0.163923
0.175960
0.494166
0.331765
0.270944
0.190111
0.280842
0.255674
0.359803
0.319937
0.251594
0.450914
0.128317
0.108284
0.100818
0.110675
0.103273
0.137222
0.084084
0.265307
0.337347
0.254586
0.226723
0.205023
0.297422
0.335718
0.201617
0.100987
0.170102
0.291132
0.228111
0.326834
0.272362
0.224494
0.188553
0.234929
0.114328
0.117627
0.096693
0.084195
0.103958
0.074816
0.116558
0.215561
0.281393
0.378953
0.314050
0.458261
0.222804
0.177593
0.147698
0.110407
0.097179
0.109648
0.157356
0.246298
0.346817
0.160869
0.287340
0.177699
0.142441
0.122806
0.135524
0.091926
0.087074
0.127741
0.168130
0.221139
0.358810
0.286125
0.395926
0.211031
0.189976
0.407144
0.343550
0.287970
0.176685
0.240272
0.347303
0.352262
0.381195
0.359958
0.291330
0.219750
0.216351
0.193201
