0.167395
0.173670
0.174322
0.204033
0.226665
0.148763
0.195070
0.202056
0.206855
0.203726
0.158092
0.229316
0.364942
0.253405
0.250381
0.199389
0.183747
0.286413
0.280372
0.325082
0.443690
0.292043
0.288967
0.186219
0.207041
0.207654
0.103381
0.184692
0.124857
0.160176
0.194537
0.138184
0.239988
0.317869
0.286758
0.368119
0.513749
0.455327
0.489653
0.403557
0.460697
0.378052
0.531921
0.238698
0.330712
0.333302
0.289296
0.178065
0.208251
0.213719
0.116228
0.132770
0.148069
0.191442
0.123934
0.228428
0.180197
0.173635
0.224976
0.334170
0.293325
0.278493
0.213130
0.231622
0.259250
0.435393
0.575589
0.401833
0.453830
0.448456
0.304124
0.349872
0.169034
0.235766
0.183869
0.195318
0.222159
0.300467
0.347907
0.236586
0.188105
0.281420
0.149870
0.151801
0.235432
0.268427
0.300536
0.378066
0.410158
0.355758
0.400814
0.338768
0.437843
0.257965
0.264892
0.208778
0.228939
0.151553
0.186463
0.146370
0.194471
0.182907
0.155632
0.319815
0.257778
0.295369
0.370314
0.294406
0.368077
0.286453
0.305626
0.256924
0.417557
0.704541
0.688592
0.672698
0.405250
0.619894
0.507899
0.300804
0.231370
0.215542
0.239045
0.232017
0.313918
0.229547
0.182646
0.272103
0.377361
0.202526
0.276208
0.228717
0.270957
0.239388
0.195239
0.253269
0.261396
0.326921
0.193934
0.214558
0.299197
0.265759
0.215949
0.260698
0.244078
0.177091
0.125102
0.177643
0.132875
0.229022
0.227100
0.213308
0.162183
0.171840
0.337172
0.257487
0.289072
0.303264
0.304587
0.254141
0.222997
0.270616
0.415708
0.313316
0.437718
0.329030
0.371821
0.278244
0.365870
0.188268
0.168220
0.169386
0.203814
0.251907
0.291658
0.250828
0.291734
0.416881
0.338353
0.361881
0.407831
0.392045
0.363877
0.286551
0.583264
0.355761
0.371352
0.309807
0.452689
0.292552
0.224665
0.122430
0.156819
0.207276
0.153787
0.229712
0.156215
0.125826
0.205765
0.289221
0.176228
0.246545
0.195562
0.144334
0.156786
0.212307
0.296806
0.267814
0.308207
0.363152
0.529454
0.583714
0.579503
0.639809
0.311950
0.476849
0.256226
0.103262
0.156826
0.186214
0.185776
0.157939
0.207261
0.132885
0.210437
0.184734
0.263079
0.258242
0.390927
0.263997
0.264300
0.354596
0.245400
0.330067
0.368520
0.225458
0.365046
0.304487
0.144537
0.113585
0.130398
0.206242
0.158775
0.171532
0.214198
0.158261
0.248904
0.230527
0.204859
0.212554
0.188911
0.353333
0.296163
0.182742
0.378089
0.200757
0.177888
0.430796
0.344272
0.455359
0.301205
0.273603
0.245236
0.250191
0.218729
0.137732
0.144895
0.157184
0.121554
0.163124
0.239440
0.238698
0.251458
0.261461
0.190946
0.194509
0.279604
0.160045
0.123268
0.218807
0.227784
0.280741
0.237016
0.313341
0.505429
0.451209
0.312311
0.313279
0.183613
0.172353
0.135119
0.175622
0.154617
0.198736
0.152851
0.217284
0.179221
0.239152
0.290610
0.348230
0.230989
0.158548
0.143325
0.297474
0.227712
0.300233
0.331777
0.276896
0.205780
0.276107
0.250992
0.257887
0.193516
0.209172
0.173286
0.249028
0.124159
0.193739
0.269346
0.117035
0.188582
0.184407
0.308678
0.321030
0.323595
0.284449
0.207536
0.280188
0.346460
0.351627
0.338493
0.205952
0.195967
0.264550
0.422186
0.125699
0.172853
0.203808
0.174452
0.215850
0.156559
0.175022
0.199294
0.175475
0.288307
0.183894
0.247560
0.329108
0.234899
0.343666
0.272397
0.178424
0.289683
0.254273
0.238607
0.313076
0.328505
0.248922
0.262470
0.139789
0.170598
0.305906
0.202370
0.180591
0.205575
0.167570
0.215897
0.282040
0.153046
0.230346
0.256863
0.230761
0.248730
0.226363
0.418275
0.271391
0.186391
0.452645
0.339093
0.268003
0.258057
0.274967
0.214068
0.192501
0.130058
0.105546
0.217210
0.126857
0.155208
0.168617
0.330452
0.295101
0.220226
0.231808
0.171377
0.247225
0.224212
0.207565
0.198466
0.196812
0.300047
0.280873
0.277935
0.243008
0.274956
0.297810
0.262506
0.130912
0.131000
0.143769
0.190070
0.213572
0.102473
0.219947
0.214445
0.270416
0.208162
0.163011
0.210308
0.122281
0.111968
0.111319
0.218606
0.156601
0.176740
0.318841
0.422477
0.316474
0.330682
0.194709
0.216307
0.134392
0.148848
0.098090
0.118304
0.146787
0.124445
0.142326
0.162886
0.276904
0.171286
0.174071
0.163751
0.162021
0.157463
0.112726
0.168898
0.286846
0.520419
0.489855
0.403966
0.466031
0.270814
0.203958
0.294952
0.320383
0.262789
0.211918
0.217154
0.264247
0.178321
0.227243
0.218193
0.268028
0.108602
0.202061
0.140657
0.267712
0.095567
0.192576
0.133297
0.164586
0.243478
0.196389
0.298840
0.341613
0.295453
0.174855
0.178690
0.157181
0.091477
0.103901
0.148063
0.082527
0.141249
0.122727
0.181166
0.218450
0.163739
0.307164
0.295907
0.349959
0.234772
0.134107
0.154545
0.171959
0.296708
0.195998
0.266755
0.211499
0.271027
0.230197
0.158275
0.165263
0.164164
0.234546
0.110151
0.137717
0.127774
0.156325
0.179967
0.146804
0.143197
0.365643
0.263582
0.243107
0.225128
0.214595
0.262099
0.373039
0.434090
0.374702
0.385772
0.275191
0.327477
0.251697
0.140483
0.149217
0.156093
0.132644
0.151680
0.088456
0.148948
0.177891
0.153492
0.394039
0.209298
0.156792
0.223923
0.155544
0.236751
0.251378
0.143063
0.104996
0.117118
0.271377
0.305382
0.303811
0.208498
0.144558
0.208865
0.160480
0.110859
0.142491
0.173927
0.109482
0.117967
0.187763
0.213980
0.233002
0.121657
0.220287
0.309861
0.186456
0.292575
0.398260
0.389225
0.541471
0.508370
0.420704
0.460963
0.330046
0.603013
0.495785
0.351496
0.249259
0.375003
0.228850
0.166748
0.141569
0.242844
0.285236
0.161642
0.331808
0.280303
0.325309
0.260577
0.292248
0.294135
0.259927
0.262066
0.280352
0.321459
0.420292
0.408426
0.234568
0.326137
0.353131
0.160042
0.167084
0.199318
0.162412
0.136687
0.140608
0.157188
0.128572
0.133632
0.262272
0.210170
0.255461
0.174742
0.148432
0.114586
0.151667
0.155228
0.199835
0.233495
0.341803
0.430183
0.247621
0.313734
0.323218
0.325890
0.167408
0.208457
0.121446
0.125552
0.166880
0.118152
0.115350
0.180682
0.244563
0.154772
0.208004
0.166396
0.226642
0.152439
0.158306
0.144283
0.190075
0.148998
0.224494
0.177215
0.142743
0.218914
0.212474
0.226060
0.152329
0.214784
0.117516
0.143580
0.117018
0.117892
0.176400
0.146632
0.189150
0.150171
0.170329
0.254320
0.212092
0.264861
0.128708
0.171897
0.150020
0.263553
0.124622
0.306808
0.262434
0.149102
0.152608
0.206703
0.127043
0.115208
0.165724
0.112462
0.138863
0.103864
0.128170
0.146731
0.147014
0.210625
0.264504
0.297393
0.182797
0.393832
0.290232
0.211632
0.263360
0.292512
0.346018
0.404321
0.202423
0.395486
0.217698
0.214935
0.170137
0.162182
0.141843
0.097094
0.086074
0.176244
0.156937
0.184369
0.256327
0.248384
0.156662
0.195326
0.185023
0.248438
0.098845
0.136078
0.145159
0.116552
0.188818
0.285121
0.382867
0.249004
0.190837
0.145928
0.136054
0.089766
0.101034
0.112880
0.159068
0.115541
0.109202
0.203153
0.219921
0.162471
0.106781
0.116363
0.139091
0.168454
0.145315
0.131973
0.189592
0.340608
0.317001
0.219530
0.355100
0.329631
0.352130
0.132885
0.107329
0.130210
0.140959
0.199703
0.102176
0.167230
0.094445
0.160655
0.305830
0.177596
0.180337
0.147480
0.134825
0.117726
0.181916
0.160277
0.133575
0.223778
0.345324
0.491758
0.378766
0.278777
0.410282
0.215193
0.189818
0.161322
0.169285
0.162624
0.091575
0.156438
0.117070
0.182912
0.201713
0.186416
0.109933
0.140381
0.149072
0.265222
0.114542
0.125214
0.163305
0.218126
0.243864
0.249987
0.207399
0.397428
0.224615
0.162338
0.223962
0.145485
0.134543
0.117117
0.160303
0.168173
0.115610
0.140714
0.286317
0.176290
0.134985
0.116774
0.175499
0.118036
0.078660
0.076911
0.146363
0.198747
0.165548
0.192912
0.178476
0.242801
0.172517
0.193791
0.222419
0.156455
0.117545
0.082423
0.092254
0.103922
0.097679
0.149699
0.161581
0.147400
0.137539
0.287751
0.336470
0.194003
0.100876
0.133823
0.168363
0.186196
0.188279
0.303576
0.449139
0.325129
0.228227
0.274150
0.224336
0.107982
0.171419
0.091111
0.101002
0.124842
0.137050
0.175571
0.168965
0.168347
0.322910
0.218699
0.199993
0.128415
0.225920
0.290224
0.229886
0.259177
0.292394
0.315514
0.201009
0.229219
0.163968
0.278354
0.162687
0.184863
0.118580
0.177519
0.158309
0.125382
0.158505
0.118964
0.194559
0.237763
0.300052
0.173293
0.180455
0.255725
0.184356
0.225627
0.217271
0.157503
0.230469
0.408087
0.215202
0.304043
0.259469
0.169565
0.149767
0.130404
0.176598
0.119336
0.095227
0.123688
0.116035
0.198405
0.323443
0.196143
0.146090
0.212092
0.231634
0.157402
0.216908
0.161713
0.140313
0.227905
0.431339
0.461755
0.387740
0.526355
0.305861
0.308587
0.217263
0.149523
0.125611
0.144764
0.095817
0.206524
0.107486
0.152276
0.270400
0.257857
0.286344
0.351013
0.223784
0.180992
0.201145
0.150971
0.226379
0.398402
0.295711
0.414109
0.480541
0.477764
0.204943
0.166306
0.216859
0.128175
0.185787
0.234884
0.124082
0.171040
0.156824
0.242456
0.330998
0.159792
0.216925
0.205983
0.225103
0.217427
0.299538
0.199450
0.157283
0.184552
0.263147
0.273977
0.284669
0.441716
0.290449
0.145771
0.131304
0.169678
0.124391
0.131350
0.119340
0.198825
0.141823
0.168869
0.253975
0.335694
0.225137
0.214995
0.210051
0.176006
0.175749
0.110479
0.120745
0.196875
0.126013
0.222302
0.186506
0.302008
0.318270
0.128710
0.147581
0.187444
0.139687
0.132131
0.177708
0.123321
0.105499
0.171556
0.190356
0.177639
0.311274
0.287480
0.339255
0.377356
0.252379
0.401225
0.216870
0.522568
0.370551
0.273463
0.297617
0.279203
0.351568
0.367159
0.269065
0.242464
0.313585
0.162388
0.130395
0.175910
0.140784
0.131182
0.169551
0.228497
0.175230
0.205706
0.238821
0.239681
0.242096
0.412733
0.246184
0.364809
0.268771
0.210471
0.264665
0.250791
0.217005
0.219563
0.158840
0.127907
0.154845
0.145625
0.158654
0.114642
0.118191
0.142843
0.166779
0.164129
0.134081
0.116481
0.105806
0.132151
0.092295
0.102536
0.093129
0.198637
0.260358
0.226279
0.256867
0.222688
0.298278
0.172029
0.117160
0.125816
0.131683
0.134727
0.104074
0.155217
0.118499
0.130576
0.265118
0.140497
0.154913
0.151493
0.106567
0.102611
0.181871
0.140743
0.128603
0.191592
0.248424
0.278249
0.230949
0.322765
0.186031
0.125490
0.122729
0.103910
0.190762
0.126572
0.121419
0.108628
0.158778
0.135471
0.280239
0.242251
0.173786
0.200230
0.178518
0.319027
0.146427
0.118544
0.096897
0.257590
0.303824
0.361521
0.372647
0.218693
0.169852
0.135389
0.154217
0.142090
0.143963
0.125626
0.119876
0.133883
0.159332
0.160701
0.207981
0.259873
0.099629
0.159005
0.178353
0.108466
0.209064
0.097859
0.174085
0.137481
0.247781
0.261226
0.254943
0.380376
0.350475
0.301913
0.222098
0.225882
0.158514
0.133662
0.121172
0.174114
0.119759
0.120398
0.200325
0.164101
0.119964
0.247127
0.283669
0.124423
0.145847
0.202735
0.121481
0.191994
0.172342
0.149947
0.122273
0.202646
0.236534
0.170627
0.140517
0.103737
0.189367
0.109738
0.162734
0.131344
0.136448
0.122044
0.102026
0.249800
0.112270
0.137846
0.293041
0.203323
0.123728
0.124563
0.123876
0.263141
0.235464
0.254636
0.258609
0.174169
0.123465
0.081976
0.145057
0.136901
0.114857
0.098178
0.118108
0.126097
0.099079
0.116925
0.182682
0.193652
0.203313
0.080888
0.129881
0.192278
0.238881
0.205434
0.396003
0.169696
0.208401
0.274233
0.199214
0.324850
0.241808
0.218512
0.077668
0.144293
0.104098
0.122297
0.086844
0.149997
0.086384
0.097032
0.217565
0.259187
0.155459
0.161829
0.257891
0.171060
0.212389
0.198056
0.301085
0.244921
0.229676
0.231875
0.511798
0.232525
0.211061
0.119951
0.172755
0.116682
0.098903
0.129657
0.120507
0.111720
0.083848
0.116403
0.196700
0.201120
0.212502
0.175033
0.095848
0.237846
0.106401
0.078116
0.081188
0.125614
0.244277
0.210203
0.267358
0.391736
0.236345
0.190352
0.095399
0.102064
0.089269
0.089798
0.092063
0.071931
0.120182
0.082544
0.178018
0.149703
0.162323
0.178798
0.066741
0.110752
0.079580
0.065399
0.076640
0.103765
0.252388
0.277666
0.346815
0.307289
0.207642
0.240437
0.111145
0.175448
0.104186
0.105253
0.092133
0.200985
0.076606
0.161117
0.242797
0.132119
0.080014
0.098590
0.083347
0.114550
0.136216
0.083414
0.101096
0.220641
0.354867
0.369059
0.210294
0.181799
0.262230
0.191605
0.248297
0.208782
0.115167
0.131314
0.137487
0.134318
0.134594
0.190787
0.150543
0.138320
0.234412
0.152063
0.349896
0.292244
0.184902
0.253698
0.249132
0.229245
0.248445
0.327026
0.345808
0.317261
0.443453
0.241187
0.223636
0.240152
0.177230
0.117669
0.161410
0.196155
0.139091
0.145753
0.209596
0.210937
0.140797
0.168938
0.299129
0.254839
0.340443
0.189932
0.350889
0.290403
0.272793
0.282550
0.230076
0.208016
0.214512
0.163387
0.121975
0.217909
0.150896
0.125784
0.143797
0.174011
0.130200
0.151261
0.121721
0.265608
0.386997
0.249341
0.214544
0.229955
0.195235
0.268366
0.394064
0.273420
0.267089
0.307202
0.495062
0.278291
0.258918
0.268804
0.182317
0.166832
0.227867
0.143035
0.168779
0.189586
0.210568
0.226295
0.205648
0.185737
0.198159
0.137320
0.283146
0.188818
0.092001
0.110847
0.129629
0.183052
0.168229
0.331634
0.258382
0.450582
0.255855
0.228772
0.157181
0.110886
0.099299
0.109621
0.108692
0.086320
0.129666
0.131492
0.355951
0.139457
0.099111
0.108719
0.119563
0.123181
0.075333
0.100447
0.103629
0.255052
0.237743
0.183084
0.247127
0.161628
0.345900
0.339562
0.157847
0.119581
0.133271
0.131574
0.126591
0.156342
0.110990
0.112573
0.277828
0.154415
0.150719
0.189609
0.093586
0.117623
0.147226
0.111972
0.136738
0.200727
0.288698
0.282279
0.219072
0.300236
0.264849
0.190093
0.158814
0.125553
0.102708
0.159114
0.114941
0.173539
0.107754
0.110361
0.251109
0.185198
0.172372
0.125286
0.126991
0.165307
0.147071
0.075089
0.086604
0.111573
0.136051
0.269127
0.338491
0.238207
0.140823
0.126025
0.198452
0.130068
0.101368
0.138478
0.105182
0.130051
0.108672
0.174629
0.279891
0.186418
0.148279
0.206423
0.172275
0.180393
0.171736
0.138102
0.197468
0.214237
0.236836
0.298673
0.364441
0.268080
0.201285
0.125558
0.101680
0.103912
0.150677
0.150566
0.095936
0.108393
0.133993
0.090643
0.165713
0.197425
0.241101
0.181487
0.173926
0.150152
0.231341
0.090470
0.060923
0.210560
0.108250
0.135812
0.136708
0.121803
0.183104
0.095346
0.134087
0.159931
0.121020
0.146057
0.081907
0.142358
0.100475
0.108530
0.180364
0.125146
0.182727
0.144581
0.387213
0.160197
0.169766
0.190006
0.150871
0.152071
0.149469
0.128528
0.361763
0.272330
0.201245
0.160833
0.164479
0.126311
0.120424
0.077817
0.068041
0.113535
0.150077
0.069040
0.207365
0.246183
0.169547
0.101338
0.092139
0.210681
0.233374
0.104533
0.117845
0.249523
0.346738
0.289802
0.315065
0.159718
0.383899
0.173308
0.077865
0.122335
0.117231
0.133319
0.108918
0.105736
0.123307
0.094373
0.333453
0.142975
0.094276
0.069354
0.102124
0.098699
0.108402
0.096427
0.116046
0.144924
0.422514
0.285490
0.184211
0.184588
0.292789
0.248184
0.120055
0.183957
0.096814
0.108330
0.104752
0.157897
0.119803
0.099133
0.297802
0.166230
0.091234
0.136555
0.172143
0.147238
0.155961
0.111002
0.132580
0.141413
0.217372
0.366306
0.332303
0.331343
0.196842
0.185502
0.124750
0.165982
0.172599
0.081109
0.105196
0.168247
0.116063
0.153714
0.254558
0.160999
0.161058
0.086467
0.186173
0.138654
0.191846
0.255890
0.184684
0.183064
0.198043
0.345712
0.455944
0.405664
0.275998
0.175659
0.118480
0.204839
0.163322
0.160298
0.193783
0.176859
0.160470
0.164411
0.416326
0.302039
0.205369
0.127575
0.180576
0.163330
0.248575
0.224981
0.113232
0.267589
0.317165
0.399909
0.208811
0.293325
0.338075
0.326549
0.205954
0.187661
0.133629
0.118126
0.112705
0.135365
0.151268
0.164644
0.215099
0.199732
0.143287
0.253228
0.192512
0.219632
0.189019
0.153428
0.319345
0.223991
0.186488
0.302535
0.218778
0.289187
0.193210
0.159927
0.232784
0.153102
0.216685
0.177962
0.177457
0.181860
0.172457
0.148041
0.194676
0.206038
0.246805
0.167132
0.257195
0.273259
0.392702
0.207252
0.210572
0.281972
0.293535
0.316837
0.331104
0.239312
0.238029
0.127943
0.164447
0.184585
0.110231
0.121797
0.153720
0.151908
0.161041
0.272325
0.227073
0.142067
0.155037
0.248062
0.195935
0.252698
0.195369
0.166614
0.174425
0.344145
0.329087
0.402749
0.464055
0.410126
0.232932
0.189480
0.155129
0.145121
0.125223
0.118701
0.157083
0.153581
0.209345
0.334578
0.207141
0.175932
0.130880
0.137022
0.146503
0.138507
0.097917
0.126971
0.174656
0.262228
0.267626
0.301872
0.274950
0.470521
0.200305
0.196124
0.165497
0.164825
0.122458
0.137980
0.178919
0.171285
0.243568
0.301759
0.237812
0.286966
0.143530
0.157063
0.109338
0.100007
0.210280
0.132147
0.148933
0.246952
0.214893
0.191986
0.168676
0.221040
0.201663
0.299415
0.196624
0.112891
0.132419
0.152175
0.108391
0.155496
0.196674
0.347117
0.234117
0.294418
0.132692
0.125625
0.214661
0.217451
0.128410
0.090411
0.147165
0.298806
0.456751
0.346244
0.215537
0.254334
0.306323
0.256527
0.178505
0.219745
0.175459
0.144921
0.176544
0.228107
0.148279
0.285730
0.303503
0.142442
0.117125
0.170321
0.084623
0.110653
0.140053
0.095981
0.156789
0.221796
0.261094
0.172226
0.162305
0.273535
0.223907
0.125763
0.230871
0.135276
0.112547
0.112169
0.152128
0.127551
0.103174
0.163246
0.199697
0.184427
0.169115
0.130879
0.246372
0.299413
0.295302
0.232810
0.161440
0.134401
0.260162
0.238657
0.159857
0.123700
0.143118
0.123144
0.150408
0.157643
0.117972
0.107070
0.110735
0.135006
0.123100
0.161295
0.259105
0.163546
0.154017
0.289106
0.330155
0.308580
0.270935
0.235748
0.241775
0.182758
0.273286
0.267656
0.150722
0.152953
0.152081
0.111318
0.083770
0.131970
0.174473
0.117632
0.109145
0.119504
0.103880
0.103372
0.173141
0.132839
0.083910
0.079329
0.222148
0.100088
0.076395
0.103140
0.092266
0.157828
0.194545
0.179654
0.211563
0.298446
0.295327
0.094932
0.153849
0.154480
0.141291
0.140990
0.139864
0.119590
0.114528
0.377064
0.208371
0.201639
0.167140
0.216955
0.241259
0.185234
0.126539
0.124088
0.171412
0.146690
0.388634
0.180425
0.347276
0.279389
0.276721
0.173876
0.095088
0.128123
0.109473
0.087867
0.145992
0.164373
0.126501
0.252637
0.150993
0.128945
0.095423
0.123500
0.129124
0.164466
0.130848
0.157985
0.163149
0.280233
0.244857
0.270356
0.398187
0.203424
0.246120
0.199706
0.128652
0.132685
0.128379
0.122765
0.097248
0.081682
0.170064
0.218375
0.159212
0.203092
0.118760
0.162248
0.189528
0.142862
0.134347
0.144933
0.149453
0.220298
0.211004
0.490060
0.274671
0.343577
0.203400
0.141083
0.148583
0.146288
0.108997
0.126977
0.103655
0.137821
0.126370
0.337207
0.197040
0.157315
0.211911
0.136626
0.105158
0.203784
0.141117
0.112071
0.157938
0.147471
0.301071
0.338985
0.316971
0.194676
0.306801
0.244765
0.267449
0.108086
0.141143
0.109733
0.094828
0.221203
0.142057
0.093698
0.152572
0.178813
0.284120
0.336686
0.363605
0.202755
0.151075
0.187910
0.171143
0.232642
0.263302
0.233525
0.290386
0.343823
0.152060
0.218435
0.175981
0.135480
0.160744
0.107618
0.115987
0.170281
0.112957
0.197801
0.212785
0.441589
0.218568
0.294898
0.230697
0.222254
0.486799
0.219591
0.249386
0.432552
0.309991
0.346089
0.349420
0.221243
0.185717
0.113189
0.115446
0.129786
0.167843
0.141261
0.138047
0.162858
0.104157
0.315320
0.207722
0.219746
0.120658
0.114881
0.212285
0.130234
0.152114
0.149845
0.231582
0.144289
0.303379
0.229799
0.210354
0.180639
0.253395
0.222913
0.125688
0.091057
0.107165
0.182543
0.063888
0.111957
0.083755
0.377485
0.242174
0.106804
0.124852
0.083488
0.132755
0.098694
0.145801
0.144104
0.185633
0.223018
0.290163
0.312722
0.429738
0.377332
0.080658
0.072569
0.076828
0.074376
0.107717
0.098811
0.088211
0.119485
0.107297
0.182381
0.130732
0.143270
0.164804
0.164414
0.159717
0.142245
0.179282
0.154062
0.228992
0.258694
0.343026
0.196962
0.276388
0.169740
0.089744
0.100444
0.100273
0.147623
0.126054
0.120473
0.141243
0.107311
0.112686
0.187422
0.137543
0.122650
0.130696
0.156507
0.122862
0.120374
0.132119
0.135262
0.143407
0.181201
0.144107
0.136529
0.209089
0.198328
0.179672
0.172818
0.164948
0.140981
0.123090
0.172555
0.150843
0.106817
0.194680
0.270155
0.169206
0.169596
0.108509
0.061019
0.066421
0.086194
0.135349
0.109291
0.083254
0.103960
0.151980
0.131436
0.170961
0.120570
0.083851
0.133895
0.110200
0.120077
0.071882
0.114799
0.112617
0.088571
0.107758
0.115662
0.212104
0.283932
0.298297
0.236232
0.262942
0.301460
0.132520
0.237172
0.126574
0.213929
0.110016
0.262527
0.137564
0.224034
0.182221
0.118586
0.115582
0.099735
0.158270
0.069220
0.090916
0.128073
0.103987
0.122211
0.134262
0.217401
0.082603
0.158783
0.230747
0.236745
0.302652
0.182060
0.367347
0.498849
0.420867
0.232319
0.356040
0.194741
0.139747
0.086785
0.105480
0.090702
0.083442
0.081018
0.057133
0.080260
0.065846
0.217691
0.149862
0.170749
0.267069
0.204996
0.256873
0.205817
0.246457
0.153355
0.089187
0.175314
0.205890
0.171870
0.203269
0.261681
0.265920
0.181382
0.080685
0.069894
0.124345
0.083339
0.062124
0.082622
0.119766
0.090439
0.113468
0.088577
0.076872
0.089559
0.148245
0.154147
0.084376
0.101748
0.136551
0.170829
0.226156
0.295194
0.276337
0.281703
0.191256
0.225273
0.105224
0.086487
0.118575
0.067042
0.077167
0.143882
0.155466
0.252119
0.142493
0.097770
0.102105
0.123392
0.186132
0.127815
0.214151
0.077022
0.159128
0.267443
0.132689
0.222413
0.177434
0.268575
0.142975
0.091121
0.115811
0.091877
0.119857
0.100021
0.097333
0.101236
0.147409
0.197506
0.204002
0.118982
0.134003
0.126769
0.185672
0.123775
0.132742
0.119181
0.118367
0.161760
0.215505
0.272502
0.310666
0.245457
0.149672
0.179292
0.108853
0.112239
0.076147
0.102847
0.111403
0.092425
0.123664
0.200569
0.150112
0.097671
0.192717
0.143130
0.252101
0.139431
0.126260
0.069201
0.080113
0.205562
0.167640
0.202949
0.154509
0.188588
0.130890
0.105014
0.114137
0.134767
0.111721
0.078024
0.103298
0.077586
0.111631
0.062752
0.164684
0.268140
0.167605
0.149997
0.148587
0.098608
0.163902
0.176744
0.233622
0.204487
0.159116
0.183330
0.186593
0.161236
0.145657
0.121213
0.063142
0.055591
0.068682
0.070854
0.070323
0.083496
0.045876
0.097382
0.095142
0.175222
0.190315
0.394498
0.251057
0.222859
0.282453
0.174911
0.288845
0.189495
0.321038
0.399691
0.437500
0.209393
0.223677
0.201234
0.111779
0.086040
0.105994
0.074484
0.091491
0.112609
0.126904
0.216814
0.172129
0.096531
0.146837
0.101417
0.181139
0.085250
0.116892
0.117050
0.199548
0.340658
0.283059
0.271092
0.177744
0.237458
0.144056
0.153683
0.159909
0.138498
0.109613
0.110563
0.105815
0.120345
0.151673
0.267805
0.149788
0.161695
0.154703
0.193153
0.134109
0.121253
0.121722
0.137779
0.112037
0.227498
0.335623
0.128604
0.296631
0.181167
0.210800
0.128184
0.095555
0.112339
0.109504
0.070380
0.102479
0.158481
0.165718
0.164244
0.275431
0.104042
0.093548
0.136023
0.128041
0.114220
0.152822
0.066784
0.084867
0.191256
0.270385
0.303050
0.237039
0.241121
0.099714
0.063988
0.089283
0.095949
0.090028
0.112306
0.097328
0.081542
0.115675
0.225183
0.156137
0.215951
0.064507
0.096431
0.144528
0.068391
0.134860
0.069341
0.120059
0.112540
0.140223
0.117617
0.150501
0.277647
0.140294
0.088072
0.120477
0.108824
0.092138
0.089410
0.055014
0.098071
0.112087
0.128392
0.085884
0.160798
0.087294
0.129731
0.128050
0.110990
0.061146
0.186524
0.129658
0.236142
0.125216
0.138261
0.128983
0.323344
0.148242
0.064285
0.053027
0.086120
0.088722
0.048647
0.063947
0.072562
0.055721
0.076411
0.290481
0.217320
0.164944
0.261685
0.232239
0.137303
0.205871
0.216421
0.164772
0.254808
0.240214
0.283449
0.254673
0.343799
0.177979
0.119410
0.061625
0.106355
0.084076
0.086404
0.067631
0.122683
0.142994
0.103789
0.113527
0.171204
0.165979
0.136581
0.090792
0.092978
0.086098
0.109045
0.081510
0.087363
0.100864
0.081449
0.145219
0.193748
0.147618
0.178118
0.093464
0.062494
0.070666
0.068732
0.053213
0.105983
0.097384
0.184256
0.158250
0.178419
0.090688
0.137172
0.122523
0.098980
0.119740
0.175928
0.189598
0.219794
0.139144
0.283138
0.301192
0.144311
0.268560
0.138556
0.109599
0.113122
0.109269
0.087803
0.064091
0.097899
0.146548
0.176094
0.235556
0.187688
0.157171
0.139015
0.139141
0.114922
0.161722
0.132662
0.153129
0.132470
0.245012
0.230511
0.258499
0.258531
0.323041
0.165002
0.201297
0.140510
0.100362
0.136183
0.089784
0.144647
0.154533
0.297851
0.220094
0.147815
0.164535
0.182486
0.233784
0.112420
0.118843
0.122576
0.105257
0.279241
0.223333
0.299486
0.160101
0.162496
0.122744
0.163789
0.137040
0.125379
0.125814
0.092820
0.107433
0.122146
0.111924
0.153557
0.177025
0.127824
0.155359
0.131360
0.264830
0.183491
0.138146
0.162889
0.152859
0.175234
0.184619
0.343147
0.240364
0.278840
0.231302
0.164657
0.221703
0.234250
0.210183
0.159928
0.089536
0.209883
0.159170
0.267211
0.205490
0.100721
0.155198
0.151900
0.105501
0.113406
0.146815
0.107447
0.078868
0.128771
0.168354
0.258208
0.245213
0.322134
0.146577
0.101825
0.129051
0.133349
0.132794
0.121731
0.110488
0.132925
0.141588
0.112922
0.170212
0.286985
0.186769
0.196068
0.338400
0.336041
0.177206
0.290281
0.186630
0.164848
0.180267
0.186619
0.195108
0.246973
0.130981
0.204219
0.115519
0.092149
0.195228
0.089490
0.078846
0.058262
0.096713
0.115432
0.087909
0.191939
0.221545
0.290302
0.156007
0.425938
0.242299
0.145516
0.260314
0.368740
0.270196
0.290775
0.197402
0.280721
0.185582
0.076730
0.098249
0.078841
0.087652
0.074624
0.088538
0.092316
0.157940
0.237493
0.137221
0.090173
0.096601
0.073314
0.080324
0.096919
0.161990
0.118792
0.172445
0.223323
0.171386
0.203160
0.294672
0.280669
0.233345
0.117570
0.068537
0.083738
0.118503
0.124396
0.094944
0.144192
0.110612
0.125518
0.147952
0.092690
0.152274
0.182389
0.169957
0.170466
0.210770
0.159561
0.254294
0.303162
0.339560
0.251388
0.333438
0.208549
0.180904
0.151851
0.140514
0.146385
0.088999
0.080544
0.124686
0.096673
0.165669
0.350185
0.170628
0.141815
0.158890
0.159829
0.142740
0.084051
0.205126
0.163768
0.131815
0.162920
0.173268
0.252588
0.292449
0.192644
0.165765
0.107175
0.101756
0.163022
0.101620
0.101236
0.124769
0.136677
0.107291
0.248683
0.181228
0.138165
0.222511
0.270380
0.230979
0.228951
0.168458
0.224322
0.138250
0.205109
0.186503
0.306100
0.247381
0.352056
0.198694
0.187359
0.157814
0.251352
0.134785
0.071661
0.128479
0.107178
0.169431
0.157776
0.243326
0.141603
0.153226
0.127468
0.132814
0.118418
0.158571
0.126805
0.145524
0.177899
0.121329
0.131993
0.160966
0.283620
0.097474
0.114149
0.112981
0.131577
0.118918
0.147473
0.092621
0.121165
0.080264
0.103143
0.211694
0.176107
0.176371
0.238684
0.209659
0.291987
0.249186
0.188429
0.199742
0.315228
0.159657
0.133833
0.121404
0.133497
0.127178
0.107452
0.121585
0.124556
0.227836
0.106212
0.119087
0.117219
0.151077
0.159792
0.265050
0.144611
0.234425
0.258006
0.290604
0.338082
0.377984
0.279827
0.223602
0.250732
0.229700
0.352024
0.248607
0.143912
0.218934
0.209840
0.107221
0.115886
0.142214
0.130635
0.098297
0.133403
0.136282
0.213100
0.265922
0.136152
0.207036
0.175261
0.149285
0.132152
0.092519
0.138221
0.198756
0.259619
0.224814
0.311718
0.326532
0.225370
0.214882
0.172766
0.166566
0.160730
0.120535
0.096882
0.143646
0.132255
0.123191
0.147298
0.137133
0.196117
0.075361
0.111568
0.098041
0.083064
0.088098
0.097734
0.124918
0.257976
0.265591
0.238818
0.244587
0.252384
0.210802
0.108170
0.144105
0.095151
0.087365
0.089698
0.097123
0.104145
0.108563
0.173244
0.196302
0.105468
0.092008
0.105593
0.170226
0.081854
0.112513
0.088914
0.120616
0.197592
0.239939
0.160594
0.274447
0.196806
0.177149
0.065851
0.098706
0.074079
0.095491
0.093772
0.101651
0.114191
0.142471
0.194275
0.117692
0.114572
0.065735
0.063509
0.084147
0.117917
0.082750
0.079095
0.121658
0.109370
0.198989
0.278759
0.228158
0.281142
0.166996
0.098743
0.067624
0.095940
0.128595
0.092453
0.102996
0.084684
0.072574
0.143607
0.087054
0.096379
0.079392
0.110352
0.169355
0.090918
0.213838
0.265765
0.149306
0.167995
0.294325
0.292983
0.278431
0.276599
0.214488
0.141757
0.096656
0.072527
0.096421
0.097521
0.089263
0.083537
0.195142
0.231411
0.261023
0.305742
0.178919
0.261784
0.168092
0.175011
0.225322
0.158799
0.130532
0.151133
0.103813
0.204436
0.123610
0.221357
0.148938
0.144162
0.070229
0.093778
0.117522
0.083140
0.079000
0.107814
0.195540
0.142272
0.141835
0.211126
0.204610
0.266142
0.276124
0.307503
0.231687
0.184078
0.147593
0.214527
0.324037
0.208145
0.383843
0.238316
0.136702
0.112037
0.106356
0.069904
0.137619
0.097282
0.083911
0.089709
0.175177
0.217569
0.193323
0.141147
0.055107
0.094292
0.120295
0.124906
0.131343
0.150978
0.119706
0.176527
0.303176
0.349535
0.348486
0.268387
0.388561
0.197495
0.087601
0.124440
0.118884
0.103008
0.091459
0.143954
0.371009
0.242501
0.138122
0.179337
0.260239
0.130345
0.266845
0.139822
0.152540
0.084170
0.096360
0.125872
0.186377
0.292963
0.240825
0.289778
0.224748
0.247383
0.150807
0.127024
0.210667
0.111415
0.116790
0.164457
0.139950
0.170223
0.142815
0.123174
0.165233
0.192970
0.153201
0.119476
0.088383
0.071595
0.088995
0.133435
0.167906
0.141140
0.221488
0.268798
0.124460
0.137319
0.135337
0.116596
0.131875
0.085647
0.070106
0.115830
0.283096
0.209029
0.151249
0.167463
0.203810
0.130930
0.144770
0.135856
0.120667
0.135654
0.156298
0.188950
0.228688
0.273799
0.217004
0.231211
0.289178
0.083894
0.094677
0.110636
0.156802
0.099148
0.112423
0.107987
0.092437
0.302309
0.168452
0.121533
0.135836
0.094406
0.143001
0.150882
0.113102
0.130204
0.221302
0.129453
0.130000
0.228996
0.174926
0.181806
0.168171
0.137306
0.101343
0.131433
0.137316
0.099482
0.084881
0.123051
0.125133
0.215669
0.172314
0.232763
0.177637
0.154260
0.224710
0.240860
0.214375
0.192652
0.196891
0.182979
0.359718
0.164319
0.199962
0.182991
0.179639
0.167441
0.142575
0.127714
0.108408
0.097070
0.092159
0.089227
0.147373
0.190649
0.148579
0.198090
0.143350
0.112673
0.139641
0.158681
0.244570
0.250658
0.252214
0.342783
0.306435
0.287683
0.455792
0.351185
0.234141
0.292588
0.231946
0.162994
0.211839
0.131651
0.157493
0.194152
0.155910
0.249509
0.156616
0.166800
0.145022
0.133053
0.101126
0.104414
0.187393
0.174113
0.201481
0.216863
0.371114
0.398357
0.191901
0.315049
0.208498
0.165294
0.085253
0.076017
0.099700
0.102024
0.095681
0.064907
0.090943
0.332729
0.241031
0.122803
0.100186
0.095318
0.099851
0.125556
0.242257
0.317230
0.292346
0.179881
0.282947
0.378873
0.353563
0.365194
0.140255
0.106276
0.114432
0.084817
0.117733
0.113768
0.095225
0.118167
0.115848
0.192225
0.184291
0.175755
0.196930
0.160899
0.130135
0.079608
0.097222
0.103205
0.076598
0.116985
0.185674
0.195847
0.213321
0.185677
0.198357
0.127016
0.088832
0.088594
0.052267
0.081412
0.101932
0.092049
0.114984
0.172093
0.224568
0.162933
0.110428
0.247748
0.221380
0.132896
0.130424
0.139166
0.114664
0.169186
0.204558
0.153966
0.175773
0.315446
0.231166
0.265314
0.153509
0.076855
0.073371
0.095437
0.053968
0.086478
0.082139
0.212447
0.201739
0.191111
0.176733
0.206510
0.185528
0.130750
0.304653
0.209036
0.289109
0.170156
0.153812
0.118844
0.127981
0.113336
0.146753
0.112544
0.115119
0.057896
0.092727
0.052199
0.113806
0.093663
0.068928
0.109761
0.176312
0.167284
0.234953
0.129527
0.270173
0.228152
0.125458
0.280580
0.136508
0.230057
0.176239
0.214804
0.297285
0.215011
0.200319
0.124146
0.151136
0.114111
0.068811
0.112005
0.076004
0.072162
0.123823
0.092651
0.150467
0.306688
0.264302
0.192052
0.152334
0.191792
0.140566
0.214058
0.089737
0.152527
0.270010
0.161816
0.183581
0.218318
0.189425
0.154009
0.149187
0.111156
0.143687
0.089726
0.147810
0.123874
0.199859
0.245273
0.166531
0.284251
0.242581
0.103664
0.238308
0.105383
0.146870
0.116809
0.122603
0.140336
0.180268
0.197693
0.172511
0.286898
0.199366
0.092979
0.096711
0.092100
0.075117
0.084491
0.109622
0.093832
0.114667
0.125854
0.197752
0.183562
0.199541
0.142237
0.173759
0.105457
0.089428
0.111219
0.191617
0.190472
0.175277
0.221852
0.249013
0.259088
0.119976
0.100841
0.078444
0.072641
0.101208
0.082722
0.099010
0.120008
0.136494
0.200502
0.109968
0.095237
0.224487
0.159474
0.167106
0.121310
0.181202
0.101716
0.176081
0.111930
0.307532
0.110885
0.163359
0.272364
0.163711
0.159272
0.115349
0.099593
0.087999
0.124598
0.066152
0.127542
0.153669
0.161659
0.128324
0.142139
0.149076
0.142066
0.246426
0.171356
0.159540
0.178493
0.155618
0.281622
0.295043
0.207906
0.201183
0.232735
0.144195
0.141590
0.163491
0.156308
0.099404
0.064148
0.066696
0.096535
0.151617
0.226346
0.121749
0.227603
0.216527
0.162482
0.122105
0.136314
0.154794
0.134298
0.087547
0.121361
0.152682
0.163943
0.232073
0.167563
0.222718
0.108414
0.081845
0.091151
0.164594
0.115710
0.059036
0.058655
0.080409
0.103179
0.139275
0.116349
0.143676
0.136720
0.195028
0.206970
0.241400
0.292307
0.230733
0.090769
0.098423
0.157376
0.178103
0.145442
0.178316
0.103812
0.131481
0.070756
0.057275
0.114907
0.102040
0.067429
0.082233
0.100296
0.178826
0.194262
0.278903
0.232240
0.279183
0.194209
0.158207
0.269891
0.203647
0.107927
0.103981
0.115907
0.180060
0.105562
0.180864
0.107811
0.059015
0.120268
0.085814
0.107837
0.068962
0.066045
0.080021
0.136660
0.103471
0.214798
0.297685
0.230991
0.519271
0.314741
0.401268
0.250766
0.137428
0.142262
0.115125
0.270153
0.230119
0.385565
0.256734
0.086599
0.066424
0.159215
0.122708
0.074697
0.088332
0.129190
0.142730
0.115462
0.104032
0.100209
0.215064
0.093973
0.124383
0.101644
0.084971
0.155458
0.174757
0.200928
0.229662
0.165751
0.210638
0.275149
0.244662
0.126552
0.105928
0.065103
0.086804
0.086520
0.088160
0.100294
0.106524
0.099421
0.115051
0.107778
0.116921
0.164791
0.141287
0.134551
0.183746
0.124364
0.231377
0.196413
0.245913
0.280649
0.312733
0.200659
0.091105
0.109571
0.105563
0.092739
0.121293
0.127748
0.094267
0.097420
0.159136
0.216486
0.126181
0.108151
0.087397
0.116114
0.160707
0.152715
0.170245
0.080193
0.167371
0.241775
0.226485
0.283012
0.264841
0.358520
0.359813
0.143030
0.088173
0.098147
0.117040
0.060470
0.071788
0.090880
0.078878
0.143332
0.133517
0.086504
0.148068
0.162702
0.130173
0.131658
0.127933
0.159068
0.113069
0.330823
0.329918
0.319777
0.302243
0.381723
0.377855
0.243511
0.218453
0.149179
0.148898
0.138246
0.182507
0.133591
0.202153
0.107550
0.437520
0.359242
0.401949
0.466500
0.539438
0.382008
0.394605
0.420218
0.412978
0.372517
0.290759
0.257940
0.198989
0.339553
0.318124
0.348463
0.107062
0.125952
0.117802
0.156085
0.066757
0.098679
0.072492
0.206634
0.203749
0.254243
0.258589
0.498695
0.472176
0.498634
0.532659
0.448183
0.423263
0.550532
0.523315
0.399281
0.720734
0.385636
0.302448
0.237818
0.251962
0.167617
0.089865
0.111451
0.119051
0.119136
0.083518
0.164033
0.279915
0.267248
0.262995
0.200921
0.126496
0.272359
0.309457
0.326508
0.277978
0.415017
0.489217
0.564566
0.351236
0.350573
0.270225
0.141693
0.133455
0.113945
0.106336
0.119394
0.084595
0.126178
0.145938
0.188040
0.157782
0.093758
0.178827
0.328524
0.173256
0.185433
0.260753
0.230797
0.337411
0.371065
0.352058
0.359876
0.359776
0.271433
0.288187
0.143203
0.102120
0.095496
0.118839
0.107160
0.100357
0.109951
0.128098
0.299731
0.268768
0.203554
0.215415
0.193542
0.117442
0.211452
0.179523
0.253102
0.219892
0.303989
0.468838
0.555253
0.501201
0.233324
0.299906
0.159300
0.103228
0.097963
0.108062
0.069593
0.065562
0.126755
0.170585
0.201352
0.194610
0.219704
0.184768
0.194732
0.139155
0.270478
0.268135
0.443582
0.270790
0.322943
0.337846
0.467831
0.370642
0.430942
0.400651
0.412396
0.192078
0.218570
0.137336
0.125089
0.133367
0.128496
0.147368
0.323165
0.156591
0.238683
0.196515
0.275385
0.281962
0.224756
0.455736
0.216132
0.247733
0.318609
0.348163
0.335512
0.456272
0.319054
0.273916
0.164140
0.166179
0.212430
0.131724
0.131755
0.124742
0.118000
0.150965
0.195712
0.251629
0.193023
0.224770
0.346177
0.293762
0.422980
0.434936
0.538709
0.660629
0.329950
0.581245
0.654646
0.500535
0.492243
0.533065
0.258031
0.309489
0.178504
0.170360
0.208478
0.178568
0.197240
0.337618
0.345113
0.265418
0.331373
0.372316
0.478377
0.516577
0.657222
0.598600
0.404349
0.675704
0.737702
0.736181
0.790600
0.522589
0.626719
0.421197
0.510920
0.370926
0.213163
0.264292
0.185832
0.225099
0.160243
0.278089
0.201869
0.316201
0.242771
0.370438
0.264694
0.352394
0.382872
0.271999
0.180542
0.385925
0.272574
0.473970
0.584406
0.452210
0.300336
0.308545
0.160998
0.120364
0.098310
0.141622
0.112430
0.193329
0.094915
0.125090
0.165674
0.193772
0.147122
0.162878
0.220483
0.373001
0.428328
0.724104
0.559500
0.456856
0.475074
0.533329
0.489626
0.378621
0.496906
0.403146
0.340263
0.296358
0.255325
0.195918
0.210365
0.137442
0.203572
0.103936
0.236762
0.162900
0.197679
0.116343
0.247672
0.124434
0.177951
0.153682
0.193512
0.291893
0.391818
0.512715
0.418976
0.510006
0.380405
0.192924
0.248236
0.100214
0.114857
0.123640
0.141868
0.180168
0.171275
0.227385
0.241400
0.262941
0.224225
0.179439
0.230587
0.183340
0.316022
0.327770
0.303494
0.350442
0.368117
0.388935
0.421559
0.428846
0.414483
0.389804
0.197964
0.293763
0.179569
0.130796
0.218303
0.206933
0.176189
0.205477
0.269238
0.255226
0.234770
0.206309
0.242685
0.239390
0.269456
0.336554
0.337481
0.270110
0.264179
0.282279
0.218051
0.437348
0.556700
0.373442
0.375897
0.339359
0.159847
0.159809
0.177040
0.126218
0.140637
0.168872
0.171134
0.282882
0.339280
0.236571
0.357769
0.250562
0.242939
0.188326
0.385083
0.278942
0.290022
0.229622
0.466510
0.410386
0.283582
0.229102
0.202768
0.186792
0.141215
0.116535
0.162701
0.098002
0.120713
0.131077
0.193675
0.175801
0.243271
0.238344
0.281838
0.345484
0.243697
0.291630
0.336930
0.339706
0.261224
0.258957
0.274897
0.437875
0.459358
0.288964
0.253809
0.143176
0.206956
0.182635
0.159527
0.213302
0.185353
0.204634
0.353828
0.217721
0.249675
0.212337
0.191882
0.265053
0.175713
0.204607
0.323298
0.388276
0.534809
0.528950
0.416215
0.241451
0.417084
0.327996
0.217914
0.133919
0.077637
0.126530
0.138434
0.109064
0.086045
0.112971
0.300833
0.248490
0.259174
0.153194
0.123594
0.234284
0.194572
0.148274
0.179726
0.257482
0.231350
0.289178
0.238283
0.278040
0.415305
0.277454
0.141768
0.099685
0.111502
0.095597
0.103602
0.137093
0.149088
0.168338
0.134301
0.108795
0.141789
0.139109
0.186423
0.164307
0.113220
0.224313
0.145680
0.315565
0.251551
0.293478
0.289405
0.431723
0.496949
0.540741
0.215687
0.177448
0.180078
0.214491
0.136819
0.157035
0.127069
0.167000
0.132133
0.180184
0.161613
0.195391
0.213803
0.205138
0.161020
0.286306
0.187158
0.344078
0.298057
0.481452
0.291049
0.361995
0.319231
0.182305
0.144500
0.134376
0.092260
0.095757
0.084205
0.099154
0.115553
0.103851
0.152720
0.197889
0.076492
0.127905
0.093792
0.113650
0.095706
0.122698
0.122173
0.158456
0.228239
0.353441
0.382143
0.242187
0.332134
0.248052
0.150004
0.168517
0.091665
0.097788
0.094162
0.081031
0.089976
0.100572
0.089055
0.079207
0.168666
0.377265
0.221418
0.318296
0.260657
0.295903
0.236285
0.219581
0.139852
0.146184
0.109505
0.130777
0.109324
0.133159
0.227867
0.147352
0.091653
0.099913
0.117332
0.070603
0.115096
0.074201
0.123371
0.156527
0.144522
0.164315
0.372778
0.238641
0.242845
0.321585
0.206294
0.236390
0.358311
0.314373
0.210702
0.278406
0.189110
0.197824
0.190456
0.101694
0.113302
0.083326
0.121095
0.087806
0.130448
0.157658
0.242973
0.159735
0.153543
0.071753
0.103638
0.149661
0.086195
0.098904
0.221354
0.165679
0.155108
0.272903
0.322420
0.248438
0.204530
0.159540
0.135325
0.139190
0.129274
0.143249
0.141445
0.097618
0.105206
0.123791
0.234698
0.149153
0.099693
0.083668
0.103498
0.320049
0.124375
0.118342
0.154850
0.145723
0.176990
0.282210
0.274713
0.327914
0.470525
0.397387
0.143093
0.113528
0.094541
0.103596
0.132770
0.147497
0.128878
0.161996
0.200231
0.175431
0.274047
0.214815
0.236233
0.125645
0.135070
0.129705
0.321575
0.171405
0.452722
0.307277
0.454886
0.577534
0.354207
0.390486
0.251610
0.200775
0.105579
0.075645
0.085198
0.086747
0.121953
0.157854
0.183865
0.189123
0.263366
0.263826
0.233381
0.131501
0.146310
0.223978
0.229093
0.199638
0.287427
0.260655
0.281564
0.276585
0.358608
0.217502
0.163519
0.158088
0.078959
0.085923
0.089052
0.116155
0.187815
0.166156
0.157829
0.164785
0.172978
0.196964
0.290475
0.182993
0.200746
0.291017
0.247955
0.236126
0.402351
0.222527
0.345584
0.154025
0.163178
0.204115
0.183540
0.129911
0.168703
0.144901
0.121805
0.191770
0.172763
0.090790
0.080730
0.154667
0.211929
0.217441
0.187986
0.286793
0.175473
0.200841
0.151952
0.218889
0.378408
0.320635
0.355385
0.297906
0.211113
0.266781
0.275428
0.195743
0.118796
0.155613
0.180394
0.086879
0.120956
0.153779
0.234553
0.160319
0.240399
0.246758
0.347440
0.198663
0.384101
0.426036
0.496040
0.431186
0.341176
0.251628
0.305886
0.342899
0.315576
0.334653
0.221526
0.137476
0.122724
0.108665
0.129155
0.126060
0.146385
0.128086
0.123549
0.115087
0.225374
0.204883
0.229929
0.361810
0.639952
0.394471
0.478044
0.459211
0.324553
0.479749
0.430979
0.339391
0.449052
0.349406
0.417038
0.173947
0.149782
0.167935
0.202555
0.125408
0.139009
0.103427
0.112334
0.147318
0.169473
0.231536
0.401599
0.331048
0.332393
0.424575
0.520626
0.432868
0.390111
0.844973
0.592793
0.504958
0.292933
0.340840
0.162835
0.240070
0.133439
0.109271
0.113446
0.115196
0.105757
0.132860
0.248285
0.174203
0.176131
0.283732
0.313202
0.405199
0.393392
0.515988
0.404880
0.625539
0.409627
0.566143
0.514359
0.590167
0.376358
0.492081
0.193099
0.194417
0.134826
0.103289
0.157397
0.122914
0.138490
0.099007
0.139121
0.238969
0.166940
0.229582
0.372657
0.409738
0.591088
0.657933
0.346707
0.373412
0.542849
0.392696
0.642834
0.529042
0.436855
0.399518
0.412411
0.270427
0.157056
0.153224
0.142468
0.141131
0.115960
0.171730
0.171717
0.128560
0.265236
0.180772
0.208257
0.275436
0.320261
0.196858
0.258040
0.258744
0.309058
0.412569
0.722021
0.313942
0.437746
0.263972
0.285305
0.176559
0.159715
0.134308
0.156781
0.119009
0.095582
0.114979
0.219454
0.247295
0.214389
0.179748
0.132214
0.236642
0.371197
0.307249
0.381741
0.415067
0.504774
0.258342
0.288913
0.221097
0.243216
0.271804
0.303519
0.171946
0.105709
0.093012
0.100117
0.113551
0.112469
0.133800
0.134559
0.153886
0.190184
0.171089
0.205916
0.287212
0.573782
0.488147
0.453480
0.601693
0.774791
0.517389
0.625709
0.668198
0.642253
0.487679
0.329941
0.359914
0.279882
0.328057
0.197021
0.281692
0.155327
0.108451
0.276534
0.166648
0.227977
0.200412
0.163512
0.172416
0.214012
0.228010
0.253602
0.270794
0.472948
0.462895
0.406299
0.580958
0.496828
0.283300
0.215582
0.140208
0.121907
0.135290
0.179827
0.113878
0.122816
0.083811
0.197938
0.102754
0.105313
0.119889
0.120170
0.140894
0.219462
0.306464
0.346463
0.265056
0.494305
0.548755
0.584863
1.000000
0.372813
0.553556
0.293182
0.249662
0.163890
0.277244
0.179475
0.161457
0.245396
0.142611
0.143936
0.171780
0.193638
0.261837
0.331407
0.423907
0.362058
0.319631
0.299267
0.286514
0.607511
0.690292
0.493646
0.681699
0.490896
0.376670
0.333880
0.329881
0.139309
0.187912
0.175996
0.133567
0.166983
0.127239
0.115074
0.196389
0.236959
0.275380
0.277208
0.242208
0.301335
0.301371
0.187186
0.419422
0.411871
0.437729
0.322393
0.530463
0.416140
0.438944
0.225475
0.204100
0.227923
0.225087
0.238228
0.214730
0.167659
0.150314
0.327857
0.156985
0.259063
0.279203
0.185620
0.246345
0.458352
0.422362
0.291579
0.253363
0.505671
0.341047
0.309631
0.440702
0.524246
0.334951
0.317292
0.245983
0.235548
0.201641
0.141635
0.179333
0.248711
0.182275
0.160694
0.194239
0.163474
0.376077
0.365526
0.392991
0.396827
0.557707
0.596998
0.684447
0.831237
0.561855
0.646423
0.527529
0.671787
0.542138
0.277882
0.417301
0.243444
0.293521
0.324623
0.231466
0.189398
0.208020
0.188310
0.337132
0.372238
0.431215
0.377799
0.573431
0.654848
0.408332
0.392064
0.438143
0.584471
0.407164
0.695687
0.435020
0.340538
0.346901
0.278003
0.203333
0.163074
0.237352
0.182043
0.104545
0.117971
0.141520
0.294840
0.169842
0.168875
0.228457
0.364452
0.336232
0.500513
0.394592
0.440568
0.438024
0.870290
0.648468
0.640867
0.618562
0.590563
0.333846
0.389894
0.278499
0.329678
0.252484
0.199252
0.263604
0.249430
0.131352
0.206987
0.258961
0.144255
0.244723
0.377749
0.414340
0.381070
0.334303
0.347125
0.482279
0.613678
0.675905
0.843058
0.485549
0.443250
0.310746
0.344672
0.257157
0.228515
0.269671
0.172166
0.139292
0.172983
0.186075
0.297149
0.241074
0.270578
0.240903
0.245460
0.276979
0.327911
0.452754
0.342062
0.655875
0.695152
0.690033
0.700861
0.625761
0.391966
0.339104
0.335701
0.267784
0.179410
0.224893
0.227352
0.224110
0.157642
0.240884
0.285804
0.327439
0.268440
0.241020
0.321541
0.460486
0.350403
0.567775
0.621146
0.681706
0.527189
0.608238
0.584033
0.766615
0.503864
0.329496
0.275989
0.294445
0.251745
0.245844
0.216021
0.183301
0.198182
0.173994
0.260393
0.154350
0.147853
0.194210
0.350060
0.382276
0.292179
0.520947
0.283216
0.269010
0.434031
0.431845
0.342355
0.563596
0.556343
0.424777
0.619231
0.461033
0.435733
0.222307
0.259559
0.141471
0.210519
0.149975
0.243215
0.452730
0.249131
0.422017
0.546427
0.433558
0.552640
0.445629
0.629257
0.612164
0.646447
0.609779
0.538472
0.613780
0.484693
0.344869
0.537443
0.389142
0.333851
0.270538
0.284918
0.300093
0.237602
0.177948
0.191297
0.391911
0.342652
0.433909
0.528886
0.561074
0.702819
0.683338
0.574978
0.623930
0.493306
0.586035
0.537750
0.581505
0.389373
0.177124
0.198333
0.158025
0.115407
0.178012
0.134095
0.112780
0.144545
0.141620
0.181898
0.260176
0.222582
0.318245
0.305323
0.167102
0.260179
0.250200
0.278822
0.433195
0.339136
0.537118
0.311891
0.256913
0.317077
0.166478
0.218441
0.192565
0.254791
0.153782
0.127251
0.178412
0.141366
0.118497
0.244995
0.286219
0.254813
0.285418
0.372939
0.390821
0.477468
0.633871
0.636526
0.560191
0.772232
0.563988
0.628782
0.501376
0.659253
0.655077
0.250730
0.342971
0.228289
0.298117
0.247261
0.245846
0.234359
0.290275
0.238219
0.190108
0.203126
0.256843
0.180972
0.227433
0.239193
0.299235
0.210552
0.389434
0.415455
0.451503
0.290687
0.391651
0.534172
0.322255
0.466866
0.171589
0.097343
0.104352
0.169232
0.129863
0.141697
0.222894
0.152771
0.142906
0.122995
0.192028
0.285682
0.221514
0.515429
0.369926
0.242582
0.395009
0.529143
0.638372
0.592883
0.647676
0.617404
0.458993
0.465480
0.312180
0.259837
0.173890
0.188806
0.133906
0.135090
0.142373
0.266053
0.225836
0.249372
0.313881
0.225358
0.333516
0.269268
0.383921
0.578631
0.571720
0.603353
0.736155
0.399041
0.499081
0.291407
0.322264
0.228598
0.224406
0.245389
0.144242
0.136329
0.141990
0.115374
0.175241
0.116417
0.219167
0.291783
0.381052
0.485248
0.494422
0.544386
0.628171
0.340182
0.302265
0.489736
0.467860
0.330490
0.423693
0.306406
0.236076
0.156159
0.181186
0.145471
0.089420
0.113267
0.143674
0.132646
0.072198
0.089268
0.170403
0.314773
0.332618
0.486325
0.455611
0.650829
0.570344
0.611805
0.495599
0.363086
0.507685
0.387565
0.506635
0.417534
0.343495
0.332987
0.191001
0.110126
0.124705
0.095553
0.208312
0.125074
0.116621
0.217145
0.155840
0.184639
0.268458
0.396647
0.292933
0.434281
0.389555
0.357829
0.412437
0.532375
0.584317
0.399352
0.391681
0.390026
0.445981
0.256232
0.162052
0.111295
0.112586
0.093427
0.127008
0.119761
0.108650
0.239856
0.263915
0.095158
0.093644
0.160876
0.210337
0.214081
0.223567
0.358322
0.377442
0.307956
0.336159
0.417519
0.333017
0.411084
0.344293
0.297986
0.124738
0.092166
0.105201
0.103868
0.144306
0.106383
0.210541
0.160611
0.107931
0.106467
0.175337
0.127148
0.188958
0.264589
0.519495
0.353189
0.233944
0.250806
0.317868
0.288609
0.287705
0.318757
0.391040
0.216538
0.250548
0.205191
0.156707
0.103055
0.086538
0.108941
0.137209
0.185565
0.121173
0.157436
0.195417
0.192380
0.124710
0.338003
0.241579
0.211293
0.157550
0.208707
0.119782
0.160036
0.155104
0.141731
0.156063
0.151514
0.146672
0.081724
0.119798
0.119761
0.087905
0.101404
0.157795
0.142470
0.140810
0.097108
0.136654
0.147331
0.222876
0.261106
0.189417
0.189681
0.215201
0.112254
0.301356
0.210330
0.353734
0.259596
0.224717
0.144256
0.079728
0.109383
0.103871
0.106282
0.104598
0.081560
0.106535
0.080219
0.110514
0.160988
0.089657
0.283735
0.144523
0.140820
0.125103
0.277492
0.121018
0.149434
0.129756
0.108030
0.207174
0.127645
0.224430
0.111738
0.188721
0.155828
0.142937
0.087573
0.121121
0.068889
0.136869
0.208762
0.086619
0.172747
0.151690
0.147653
0.133915
0.144065
0.154928
0.342348
0.234896
0.148708
0.170233
0.268423
0.280744
0.255573
0.244706
0.163766
0.127874
0.124004
0.125482
0.140966
0.132089
0.110313
0.158617
0.151822
0.141463
0.068557
0.124267
0.119218
0.157137
0.174740
0.208064
0.183614
0.156270
0.162388
0.212763
0.275748
0.185257
0.284391
0.179088
0.109422
0.125504
0.103317
0.113210
0.095443
0.124270
0.106678
0.139909
0.213901
0.158758
0.107079
0.226998
0.138774
0.263802
0.189048
0.435379
0.239242
0.252671
0.272648
0.381818
0.253963
0.414268
0.238936
0.332781
0.224258
0.169149
0.149913
0.151580
0.103764
0.101538
0.092583
0.191871
0.108789
0.101887
0.105777
0.125066
0.117197
0.134419
0.124811
0.138311
0.150140
0.170325
0.238036
0.149326
0.302765
0.159670
0.172938
0.220776
0.105755
0.100256
0.113076
0.136559
0.114836
0.093208
0.072768
0.111313
0.139974
0.089719
0.202190
0.214673
0.236556
0.253297
0.282401
0.269482
0.293140
0.307453
0.394444
0.480914
0.205767
0.398054
0.196237
0.116371
0.134332
0.107835
0.096815
0.120569
0.111794
0.091826
0.140801
0.128929
0.100911
0.091674
0.143581
0.137219
0.149701
0.187216
0.250137
0.277649
0.217298
0.253483
0.279814
0.312947
0.201735
0.246991
0.137714
0.209651
0.172616
0.161764
0.111263
0.111903
0.066946
0.141028
0.068039
0.128357
0.110476
0.107769
0.124964
0.265344
0.194635
0.122411
0.163635
0.339672
0.166624
0.264735
0.290841
0.372567
0.243034
0.155664
0.251205
0.172404
0.087727
0.142825
0.076198
0.073200
0.080441
0.082738
0.081269
0.109586
0.096900
0.145704
0.218708
0.184729
0.152880
0.183856
0.152708
0.116181
0.310435
0.288404
0.262290
0.299139
0.158638
0.173008
0.110192
0.203920
0.118716
0.079712
0.088295
0.084012
0.116946
0.088668
0.133119
0.105269
0.151900
0.147520
0.118996
0.129509
0.140496
0.162769
0.255749
0.214365
0.175416
0.296137
0.250040
0.333054
0.343187
0.415244
0.321964
0.309839
0.241689
0.166960
0.130058
0.080250
0.125409
0.138353
0.173873
0.123964
0.174348
0.131153
0.105992
0.139558
0.203879
0.109642
0.075317
0.208695
0.214621
0.146516
0.168359
0.199618
0.242879
0.211883
0.173416
0.221367
0.201431
0.151847
0.125527
0.161401
0.110716
0.153986
0.132756
0.086863
0.147190
0.167949
0.154126
0.176579
0.134143
0.222917
0.254865
0.174642
0.178842
0.226083
0.356355
0.351849
0.273397
0.219723
0.206533
0.196074
0.142008
0.173898
0.137474
0.178851
0.142229
0.155501
0.114347
0.105123
0.238192
0.148819
0.151068
0.107506
0.189592
0.216756
0.242715
0.175133
0.184474
0.297193
0.225066
0.447950
0.348245
0.382086
0.252793
0.331609
0.164371
0.111356
0.142479
0.086400
0.123341
0.073387
0.150948
0.138513
0.178185
0.100027
0.110815
0.111225
0.123369
0.124314
0.251301
0.151221
0.187270
0.252655
0.252091
0.322865
0.327859
0.289429
0.297193
0.166537
0.167566
0.157520
0.110009
0.081204
0.135653
0.150661
0.096085
0.100012
0.147774
0.205162
0.200804
0.158196
0.159403
0.156026
0.258629
0.201321
0.188269
0.351973
0.316923
0.320683
0.272284
0.252159
0.292352
0.291721
0.148286
0.106093
0.162960
0.181286
0.106998
0.094347
0.145443
0.130290
0.122576
0.164616
0.303393
0.137053
0.263783
0.337678
0.337478
0.408929
0.271503
0.428566
0.408962
0.380957
0.340507
0.414695
0.241873
0.312563
0.260618
0.161685
0.151428
0.207947
0.104068
0.149924
0.097241
0.137190
0.183337
0.124074
0.199463
0.221746
0.216327
0.291871
0.246149
0.213921
0.177700
0.159453
0.216166
0.248155
0.152632
0.258617
0.226146
0.132946
0.144343
0.075780
0.090149
0.104578
0.133177
0.096173
0.125294
0.128893
0.160727
0.181470
0.107295
0.094785
0.147584
0.226390
0.191959
0.128994
0.182670
0.234583
0.249039
0.282970
0.221465
0.327232
0.306748
0.205509
0.139330
0.171849
0.091337
0.074951
0.114751
0.100372
0.104928
0.139024
0.176458
0.107641
0.138391
0.130796
0.160243
0.189838
0.109105
0.157697
0.182112
0.220570
0.149704
0.322697
0.217082
0.317851
0.331889
0.160349
0.127003
0.164779
0.122509
0.126625
0.107526
0.105406
0.136937
0.159660
0.170888
0.109021
0.094969
0.169336
0.144211
0.144532
0.110639
0.102813
0.258151
0.285042
0.269660
0.163945
0.316995
0.235447
0.194921
0.119667
0.090950
0.103534
0.132978
0.111574
0.121629
0.111792
0.103628
0.145692
0.190004
0.132636
0.063956
0.088451
0.160262
0.073730
0.118876
0.093371
0.175030
0.111018
0.133611
0.232435
0.261786
0.284333
0.289555
0.254553
0.188999
0.165165
0.093835
0.086387
0.150603
0.156291
0.127831
0.129424
0.189992
0.219195
0.141021
0.335384
0.193328
0.236108
0.164765
0.194166
0.257422
0.158801
0.149453
0.193699
0.201968
0.161222
0.205194
0.178054
0.148202
0.156409
0.119806
0.079086
0.155889
0.124103
0.140950
0.131725
0.141319
0.153359
0.145673
0.154760
0.307952
0.275765
0.265318
0.235410
0.196162
0.252852
0.372046
0.256773
0.246063
0.135546
0.226822
0.206392
0.123633
0.093151
0.112149
0.082309
0.091770
0.106169
0.112687
0.099476
0.140141
0.103711
0.152759
0.110877
0.113702
0.109295
0.102389
0.109011
0.122308
0.149377
0.283464
0.123375
0.122769
0.260891
0.280445
0.186491
0.114995
0.111782
0.085914
0.086824
0.118343
0.088354
0.143378
0.127101
0.096147
0.098627
0.108927
0.125414
0.121357
0.113277
0.140422
0.169492
0.204879
0.223808
0.170972
0.254904
0.268024
0.342402
0.118212
0.148961
0.183797
0.095760
0.077326
0.096675
0.091195
0.080854
0.108638
0.104867
0.122999
0.235954
0.087982
0.080566
0.128157
0.131109
0.103408
0.213946
0.154627
0.243896
0.302723
0.245517
0.315186
0.205007
0.215910
0.133929
0.089872
0.078441
0.064595
0.083731
0.065439
0.096620
0.109803
0.165753
0.162485
0.226004
0.218322
0.232319
0.102929
0.152087
0.168433
0.096634
0.151538
0.176574
0.234884
0.146158
0.283610
0.228198
0.202491
0.112879
0.117425
0.082514
0.062686
0.082885
0.113538
0.108807
0.124362
0.103052
0.158474
0.125146
0.212700
0.099535
0.139472
0.157438
0.162540
0.186872
0.335071
0.120273
0.140338
0.135836
0.227803
0.208361
0.158787
0.172931
0.184161
0.232577
0.123279
0.062846
0.083969
0.088498
0.123300
0.069480
0.087995
0.132547
0.213356
0.113491
0.120617
0.182174
0.239130
0.307666
0.195572
0.193604
0.188422
0.132427
0.167603
0.114642
0.173014
0.114679
0.151575
0.083568
0.075524
0.063828
0.113816
0.077396
0.083750
0.075460
0.089888
0.115659
0.177464
0.290543
0.171510
0.199918
0.253775
0.361421
0.288919
0.343672
0.230634
0.281913
0.205655
0.196117
0.272166
0.179078
0.130302
0.167025
0.106672
0.089380
0.114766
0.109555
0.054538
0.106261
0.059919
0.198129
0.215351
0.232217
0.234696
0.195993
0.273935
0.248707
0.247267
0.185425
0.213916
0.196975
0.210989
0.191437
0.169907
0.144696
0.095447
0.105383
0.071564
0.059352
0.083871
0.077341
0.077777
0.119181
0.095831
0.129093
0.207931
0.132383
0.164989
0.228954
0.086621
0.193335
0.151883
0.187478
0.164510
0.228540
0.157251
0.142367
0.149989
0.140988
0.074084
0.082323
0.070531
0.097646
0.116501
0.060880
0.089373
0.105245
0.184617
0.096739
0.090411
0.095176
0.101048
0.090910
0.088660
0.141647
0.115154
0.133893
0.182847
0.145470
0.127614
0.168464
0.136882
0.075084
0.096508
0.065942
0.097430
0.085098
0.065354
0.090697
0.126056
0.161674
0.167047
0.176363
0.119162
0.115091
0.091801
0.092963
0.107683
0.097290
0.136713
0.119458
0.126263
0.126608
0.096661
0.115864
0.192882
0.087337
0.124095
0.118462
0.078504
0.090007
0.096197
0.122578
0.135178
0.134774
0.160993
0.114404
0.098951
0.109310
0.222584
0.102422
0.129517
0.067634
0.125572
0.186931
0.210234
0.205920
0.193957
0.160515
0.206389
0.160609
0.228642
0.098886
0.104531
0.114974
0.067690
0.112943
0.092694
0.089627
0.124123
0.141720
0.161267
0.161644
0.209910
0.136553
0.067601
0.092243
0.119233
0.132680
0.161472
0.223578
0.212281
0.135338
0.193761
0.111564
0.147294
0.111245
0.088031
0.119417
0.100017
0.098753
0.113993
0.123529
0.142800
0.170373
0.108307
0.171386
0.178345
0.140407
0.225611
0.185125
0.178412
0.264104
0.137913
0.178790
0.267271
0.214203
0.228617
0.207590
0.173508
0.154589
0.097261
0.120488
0.098302
0.107371
0.124925
0.137355
0.229249
0.182136
0.135138
0.171635
0.131559
0.240681
0.214401
0.209072
0.196388
0.245206
0.345463
0.330739
0.212791
0.265157
0.254584
0.230829
0.166228
0.122161
0.096671
0.091982
0.096937
0.127430
0.105566
0.155393
0.151216
0.111396
0.170456
0.138631
0.167660
0.209757
0.206285
0.243015
0.164873
0.201331
0.253601
0.299991
0.222789
0.304918
0.155248
0.129722
0.147000
0.106881
0.092479
0.061085
0.092250
0.125884
0.119908
0.154911
0.149068
0.091104
0.170885
0.098694
0.119306
0.152763
0.188511
0.208340
0.325569
0.221354
0.335675
0.349534
0.415466
0.300267
0.309946
0.259970
0.216458
0.182951
0.135668
0.142565
0.102409
0.139603
0.142449
0.217313
0.194998
0.124689
0.145854
0.186268
0.254904
0.230409
0.259493
0.212288
0.309277
0.388558
0.242794
0.313779
0.208666
0.429561
0.240554
0.264243
0.235588
0.243933
0.136964
0.117305
0.114414
0.137106
0.149943
0.121075
0.185575
0.148952
0.174334
0.082835
0.122722
0.110699
0.112475
0.202721
0.217892
0.268122
0.341807
0.287864
0.298962
0.235736
0.205434
0.176510
0.154470
0.251027
0.165763
0.093265
0.153117
0.107203
0.155822
0.097267
0.204693
0.128879
0.159974
0.167834
0.140320
0.135926
0.319147
0.191237
0.212959
0.211447
0.221405
0.182814
0.287240
0.403687
0.243459
0.144677
0.118519
0.092671
0.100414
0.066671
0.110541
0.066238
0.096957
0.115832
0.249955
0.121654
0.200416
0.256492
0.120279
0.131498
0.231438
0.308094
0.255403
0.224526
0.233654
0.125033
0.211533
0.223112
0.167327
0.095172
0.087340
0.099286
0.096438
0.095149
0.121477
0.086714
0.105823
0.169977
0.160990
0.100023
0.088257
0.133521
0.073758
0.106312
0.115695
0.085717
0.200284
0.149042
0.192447
0.165787
0.197526
0.244319
0.202309
0.120491
0.095473
0.126293
0.086227
0.099370
0.114793
0.058060
0.105026
0.143371
0.156094
0.214209
0.117860
0.110789
0.087578
0.137255
0.123193
0.142127
0.128217
0.243971
0.253656
0.206679
0.244155
0.254100
0.332204
0.248232
0.170614
0.154371
0.096438
0.094398
0.093964
0.098448
0.104626
0.165306
0.174052
0.098378
0.106913
0.198911
0.172482
0.205644
0.259259
0.322423
0.255184
0.278517
0.357045
0.220219
0.275744
0.325211
0.312192
0.205315
0.137243
0.127776
0.124106
0.076027
0.084669
0.065380
0.097558
0.196282
0.135932
0.122009
0.217693
0.143177
0.199226
0.162045
0.169538
0.178308
0.241495
0.259736
0.231709
0.367668
0.273345
0.266277
0.431606
0.225218
0.198125
0.140798
0.143551
0.079795
0.103784
0.166060
0.165699
0.132145
0.302462
0.170541
0.230519
0.301960
0.338547
0.402294
0.349156
0.390927
0.520825
0.537653
0.457181
0.419090
0.280092
0.473235
0.351727
0.323825
0.199910
0.218867
0.146887
0.157666
0.144881
0.122117
0.118290
0.090160
0.117360
0.139955
0.192198
0.210723
0.164394
0.367871
0.299017
0.467778
0.290080
0.303203
0.315348
0.326541
0.313356
0.294400
0.235533
0.257296
0.128826
0.146136
0.111658
0.072393
0.066304
0.094693
0.075927
0.089286
0.102357
0.110771
0.143953
0.268464
0.195314
0.322766
0.309945
0.391178
0.414423
0.369523
0.402696
0.391060
0.438505
0.229701
0.341449
0.174987
0.182347
0.122146
0.102518
0.116828
0.100485
0.139028
0.158759
0.181301
0.281879
0.206934
0.173045
0.163982
0.208200
0.196412
0.171679
0.153407
0.149962
0.120383
0.192983
0.251318
0.294149
0.251173
0.173613
0.198561
0.134615
0.111482
0.136894
0.117786
0.111510
0.097880
0.131613
0.155078
0.189134
0.141329
0.127407
0.101761
0.128493
0.119868
0.110873
0.106375
0.086512
0.066250
0.110838
0.223887
0.184225
0.132081
0.109177
0.122297
0.106196
0.082111
0.080608
0.089869
0.067983
0.128373
0.127514
0.156126
0.167756
0.136317
0.126184
0.078428
0.120551
0.078810
0.121330
0.054875
0.084226
0.076110
0.144506
0.136219
0.092472
0.169574
0.189369
0.139910
0.112204
0.070765
0.098862
0.071651
0.064368
0.116932
0.070774
0.112989
0.136947
0.102164
0.090608
0.102195
0.098474
0.113926
0.066605
0.176262
0.212412
0.114165
0.182099
0.234398
0.253308
0.143542
0.153939
0.116330
0.079204
0.071138
0.091798
0.075649
0.102321
0.084830
0.062992
0.114851
0.131895
0.107687
0.074128
0.078975
0.095867
0.063434
0.066582
0.168870
0.145809
0.193826
0.149880
0.320657
0.202447
0.178006
0.133076
0.151887
0.208752
0.145854
0.108776
0.126640
0.082059
0.058023
0.078645
0.107345
0.069706
0.145430
0.283581
0.171577
0.378490
0.139239
0.182573
0.082437
0.186903
0.093923
0.095465
0.111080
0.223169
0.214139
0.182487
0.182848
0.124658
0.090742
0.129945
0.134098
0.120678
0.090717
0.083593
0.152438
0.109453
0.138387
0.209990
0.093709
0.423859
0.321040
0.396759
0.243642
0.227777
0.179144
0.165018
0.280030
0.198597
0.151519
0.165181
0.188064
0.088861
0.120001
0.108761
0.071083
0.094254
0.122388
0.144766
0.144033
0.172790
0.252327
0.082469
0.175994
0.148841
0.132547
0.143615
0.083041
0.119434
0.161273
0.254513
0.233718
0.200809
0.189799
0.207389
0.154151
0.134631
0.124874
0.111330
0.125897
0.090229
0.136262
0.122549
0.153377
0.219397
0.212001
0.104118
0.091654
0.102046
0.119285
0.093006
0.085852
0.122384
0.179068
0.248153
0.181429
0.190421
0.208926
0.155407
0.097082
0.082503
0.065576
0.086870
0.090856
0.111859
0.087575
0.110914
0.116366
0.137061
0.109425
0.089130
0.160580
0.141884
0.123782
0.128605
0.066298
0.101171
0.141365
0.167072
0.181846
0.155751
0.194683
0.133761
0.116014
0.104941
0.128455
0.104711
0.127872
0.118757
0.092427
0.127595
0.096961
0.198732
0.107879
0.077437
0.084210
0.073522
0.187968
0.076158
0.141498
0.179700
0.138997
0.217240
0.262594
0.204115
0.275991
0.236674
0.183729
0.206244
0.121693
0.113105
0.116665
0.138638
0.136636
0.088245
0.099169
0.168070
0.262084
0.153378
0.100556
0.138709
0.298427
0.152989
0.196096
0.224442
0.252046
0.319126
0.208967
0.215295
0.372351
0.249944
0.301292
0.254706
0.220627
0.216276
0.168280
0.105816
0.164245
0.121125
0.156612
0.119651
0.214276
0.202390
0.379307
0.272518
0.390541
0.375038
0.279070
0.269378
0.322073
0.327707
0.199593
0.208194
0.222613
0.167490
0.265252
0.119512
0.158414
0.102117
0.134485
0.116733
0.073650
0.097089
0.097408
0.236948
0.136258
0.180939
0.241378
0.115530
0.218249
0.202936
0.158787
0.237827
0.138250
0.196443
0.193414
0.163542
0.188378
0.169883
0.168566
0.107480
0.139492
0.108248
0.114724
0.124993
0.119866
0.118551
0.112932
0.161175
0.091213
0.104334
0.101690
0.118068
0.165222
0.083305
0.126962
0.168659
0.147486
0.221936
0.302103
0.130483
0.135539
0.207469
0.173937
0.181628
0.189624
0.173526
0.096344
0.124949
0.131821
0.138416
0.105962
0.330604
0.179891
0.163206
0.199893
0.148910
0.188647
0.179825
0.167707
0.176116
0.237210
0.273543
0.268341
0.207990
0.196948
0.246696
0.157507
0.119217
0.104004
0.076919
0.119577
0.117726
0.160594
0.110268
0.167851
0.153036
0.080244
0.087287
0.155903
0.199408
0.123587
0.095611
0.104864
0.153382
0.130996
0.194393
0.127254
0.201955
0.196311
0.155549
0.132964
0.144542
0.127932
0.107594
0.151980
0.130970
0.164940
0.123665
0.194399
0.148740
0.231960
0.201713
0.125729
0.202954
0.148949
0.188173
0.191935
0.181381
0.125286
0.121252
0.118541
0.218830
0.201885
0.180945
0.120357
0.125879
0.120766
0.076338
0.087027
0.076272
0.154056
0.089352
0.117009
0.162829
0.118622
0.160680
0.175212
0.150509
0.156975
0.186303
0.208991
0.202635
0.230057
0.178586
0.207333
0.155394
0.254840
0.180089
0.164419
0.126618
0.114358
0.125428
0.120017
0.125119
0.146803
0.090131
0.090731
0.256236
0.145232
0.277622
0.348798
0.189268
0.165191
0.199749
0.187777
0.209936
0.269701
0.262432
0.323949
0.137577
0.185309
0.198600
0.180135
0.146647
0.144451
0.142548
0.128117
0.110759
0.138308
0.071384
0.089836
0.098484
0.206526
0.268463
0.287695
0.163487
0.181284
0.260364
0.309949
0.256575
0.232135
0.115986
0.201071
0.173249
0.247703
0.317481
0.127936
0.149518
0.175489
0.126936
0.109923
0.096387
0.169830
0.099742
0.251927
0.304818
0.197958
0.113906
0.127389
0.119502
0.095439
0.131141
0.107136
0.075931
0.100653
0.257204
0.182306
0.223493
0.202284
0.182755
0.150669
0.141581
0.110853
0.100850
0.118918
0.111281
0.105205
0.086520
0.195129
0.339027
0.094129
0.087388
0.076801
0.109515
0.126077
0.109633
0.090142
0.111157
0.182028
0.176141
0.164063
0.198795
0.168164
0.218204
0.151787
0.112340
0.084950
0.073149
0.110863
0.083941
0.105491
0.158802
0.138500
0.237459
0.083573
0.094666
0.080920
0.070629
0.076446
0.072602
0.073803
0.080354
0.118467
0.125656
0.202026
0.357234
0.231907
0.366789
0.276425
0.148537
0.148851
0.125288
0.112603
0.115469
0.136588
0.147149
0.255941
0.226381
0.124405
0.128371
0.136169
0.251662
0.321123
0.204396
0.228763
0.245030
0.215480
0.229193
0.182912
0.288420
0.243548
0.301816
0.221927
0.147428
0.136886
0.111474
0.091634
0.113163
0.118383
0.165683
0.148290
0.272736
0.233511
0.206889
0.210693
0.148340
0.106983
0.148235
0.227361
0.298469
0.169031
0.220293
0.288840
0.332525
0.329049
0.192217
0.258173
0.178541
0.117316
0.090982
0.127629
0.094267
0.094606
0.136170
0.115490
0.146183
0.272656
0.314081
0.332349
0.322627
0.129078
0.148756
0.188393
0.249692
0.245176
0.217664
0.347385
0.275168
0.271405
0.192734
0.207468
0.192660
0.125539
0.085111
0.100733
0.114161
0.077771
0.069075
0.083236
0.115504
0.221673
0.298225
0.180675
0.211577
0.283968
0.177200
0.160925
0.210884
0.244061
0.419600
0.318650
0.193930
0.253934
0.239509
0.129304
0.077190
0.152219
0.103650
0.093397
0.096153
0.115804
0.079343
0.210632
0.263430
0.192976
0.146590
0.088909
0.128336
0.084013
0.069865
0.100982
0.127692
0.127057
0.263415
0.258470
0.306306
0.296063
0.209251
0.162256
0.077980
0.088790
0.122869
0.083342
0.155454
0.080201
0.108817
0.231162
0.183695
0.140429
0.111038
0.112525
0.137072
0.127954
0.129091
0.144419
0.120291
0.142719
0.241825
0.277477
0.159387
0.273802
0.173407
0.171492
0.150206
0.130099
0.149659
0.130374
0.132653
0.083179
0.171179
0.174732
0.278732
0.172858
0.116404
0.064508
0.110363
0.109735
0.102993
0.091899
0.169646
0.133944
0.157356
0.191662
0.189907
0.255992
0.248958
0.157171
0.077418
0.116941
0.141980
0.119473
0.077872
0.103619
0.145206
0.198243
0.193826
0.115093
0.093171
0.102012
0.094884
0.135420
0.125060
0.111717
0.183416
0.214517
0.370766
0.441602
0.396942
0.331537
0.250869
0.140775
0.128287
0.136971
0.168825
0.125120
0.096107
0.112107
0.149191
0.131535
0.249300
0.158410
0.224308
0.333903
0.306015
0.248880
0.273648
0.257174
0.217182
0.170073
0.134708
0.256373
0.353995
0.236144
0.198828
0.116392
0.168771
0.189813
0.125203
0.182110
0.110438
0.182111
0.098595
0.120482
0.171789
0.184832
0.192194
0.249874
0.134477
0.253308
0.272082
0.182389
0.153188
0.155855
0.172764
0.231986
0.261658
0.261446
0.302948
0.217340
0.165455
0.100763
0.129157
0.156140
0.125387
0.139777
0.087406
0.095233
0.119158
0.139420
0.314260
0.210477
0.223036
0.288442
0.224802
0.262100
0.355769
0.228827
0.236556
0.304510
0.288830
0.270674
0.165372
0.171070
0.099427
0.140248
0.119216
0.099966
0.142088
0.121342
0.133845
0.216299
0.315886
0.178242
0.171375
0.142693
0.128804
0.131824
0.128993
0.117133
0.136640
0.193069
0.201824
0.206924
0.200906
0.376740
0.260731
0.208105
0.148767
0.126940
0.119884
0.130165
0.143578
0.146738
0.154750
0.293213
0.278020
0.123279
0.166645
0.090925
0.128351
0.113499
0.106283
0.176117
0.126646
0.131527
0.180796
0.346598
0.235753
0.221098
0.334274
0.228299
0.141213
0.144754
0.120490
0.123989
0.123941
0.172663
0.123754
0.192332
0.200742
0.089222
0.122476
0.126353
0.118794
0.092209
0.151600
0.187527
0.140815
0.154078
0.251411
0.400406
0.253503
0.453310
0.256296
0.255226
0.166394
0.118780
0.102994
0.157619
0.110820
0.124273
0.117056
0.196640
0.257157
0.096225
0.135458
0.191573
0.112940
0.175859
0.185683
0.273130
0.164345
0.209952
0.344504
0.458292
0.286839
0.274235
0.328304
0.172333
0.128479
0.109755
0.089031
0.114421
0.094281
0.141246
0.175846
0.181353
0.200444
0.178300
0.104180
0.096552
0.245203
0.165267
0.141295
0.123039
0.158689
0.134804
0.121489
0.260628
0.228425
0.143743
0.280585
0.192428
0.169302
0.091040
0.104897
0.109461
0.148395
0.112969
0.124354
0.130163
0.127418
0.113716
0.181891
0.130631
0.250687
0.133666
0.201742
0.237036
0.112652
0.170767
0.207461
0.197831
0.177579
0.122407
0.162732
0.185976
0.149885
0.156704
0.115403
0.107760
0.145148
0.102951
0.145360
0.102970
0.164208
0.190750
0.281824
0.303434
0.139305
0.246007
0.295100
0.309697
0.254451
0.226564
0.202177
0.263283
0.344922
0.223359
0.180001
0.175575
0.134780
0.129055
0.110307
0.158772
0.114770
0.116682
0.118418
0.154861
0.218598
0.260740
0.197101
0.102088
0.151692
0.125484
0.111124
0.124046
0.276645
0.142285
0.198246
0.339205
0.281629
0.347361
0.271295
0.283641
0.291709
0.151379
0.164201
0.241501
0.232000
0.120968
0.107587
0.139986
0.289986
0.292626
0.108960
0.132048
0.143530
0.100219
0.121491
0.125978
0.144526
0.153475
0.208529
0.167416
0.279087
0.212562
0.350062
0.218521
0.174221
0.091072
0.104081
0.112394
0.110709
0.085047
0.095496
0.191010
0.188791
0.336828
0.121706
0.111512
0.101708
0.109374
0.206610
0.161317
0.115585
0.132577
0.191597
0.241749
0.228626
0.312254
0.377151
0.169543
0.293661
0.097680
0.088947
0.127409
0.147534
0.170361
0.077001
0.145743
0.235912
0.275948
0.104138
0.142186
0.176374
0.233580
0.160829
0.186893
0.190779
0.169176
0.184759
0.190400
0.322918
0.232363
0.204958
0.294950
0.199729
0.152429
0.147279
0.161248
0.151715
0.115744
0.172413
0.179337
0.246374
0.174348
0.207472
0.131563
0.134241
0.154559
0.096686
0.213095
0.178633
0.152830
0.274490
0.296317
0.166085
0.201799
0.273608
0.169690
0.146270
0.200569
0.158290
0.197546
0.134418
0.134224
0.164346
0.110920
0.154478
0.137858
0.193085
0.231103
0.211093
0.156198
0.128882
0.176196
0.239265
0.228630
0.213153
0.158955
0.262369
0.416251
0.221447
0.195500
0.223528
0.147892
0.120102
0.139028
0.133179
0.125266
0.124372
0.138887
0.163585
0.121771
0.253048
0.273042
0.203082
0.198499
0.179247
0.237730
0.204493
0.146945
0.157556
0.267389
0.171119
0.423798
0.266821
0.182914
0.239136
0.131201
0.110355
0.123659
0.149586
0.136942
0.154717
0.108055
0.144683
0.334975
0.162992
0.150225
0.087700
0.094715
0.068342
0.123560
0.144074
0.175291
0.197037
0.215604
0.284792
0.342339
0.212898
0.171648
0.313006
0.172344
0.144046
0.136963
0.143270
0.148415
0.123259
0.197687
0.269677
0.206855
0.142378
0.120065
0.141451
0.209070
0.219317
0.124437
0.114138
0.154113
0.139630
0.244740
0.219276
0.230089
0.275447
0.123320
0.112343
0.084573
0.096518
0.101370
0.111970
0.117076
0.078215
0.134176
0.247443
0.402007
0.122232
0.124999
0.124514
0.121527
0.150149
0.297475
0.166603
0.195954
0.155932
0.222406
0.320161
0.175501
0.320881
0.319692
0.203935
0.120375
0.206111
0.149299
0.143228
0.094887
0.191643
0.173962
0.194561
0.210587
0.184957
0.176256
0.185719
0.287589
0.197300
0.170976
0.129435
0.120200
0.150383
0.215919
0.150682
0.224029
0.277288
0.186134
0.227042
0.207843
0.201857
0.134449
0.168583
0.156637
0.114140
0.148121
0.234702
0.319784
0.097814
0.157806
0.103233
0.116946
0.156087
0.107741
0.130854
0.126028
0.105828
0.280379
0.204335
0.177710
0.326898
0.242186
0.183498
0.150098
0.127633
0.143422
0.104006
0.117653
0.151558
0.151789
0.165659
0.178468
0.223115
0.303209
0.344610
0.228703
0.225213
0.201316
0.240111
0.156960
0.247446
0.379233
0.207987
0.184408
0.181294
0.221906
0.146779
0.131481
0.186980
0.109991
0.119691
0.144610
0.158553
0.155216
0.156709
0.196946
0.259707
0.287176
0.223644
0.360408
0.192752
0.244539
0.280107
0.195125
0.189624
0.169100
0.187225
0.237793
0.165969
0.209241
0.132383
0.114162
0.109481
0.174677
0.137488
0.130275
0.151806
0.170795
0.248655
0.249853
0.159406
0.159174
0.080618
0.074855
0.130482
0.125198
0.097607
0.146353
0.134461
0.191888
0.193331
0.189455
0.313359
0.286742
0.251178
0.314849
0.172642
0.279405
0.143490
0.162562
0.152586
0.122578
0.196617
0.431250
0.244393
0.159460
0.176341
0.174604
0.136763
0.162238
0.171768
0.219727
0.137493
0.181213
0.293009
0.240149
0.151101
0.341809
0.209000
0.167274
0.101817
0.176727
0.103319
0.104006
0.167391
0.178510
0.317705
0.206023
0.122204
0.127806
0.218507
0.136589
0.130501
0.255621
0.165253
0.146152
0.379316
0.250768
0.221245
0.224325
0.361036
0.312623
0.194955
0.133832
0.141989
0.091658
0.146515
0.131118
0.128087
0.149454
0.132589
0.179252
0.288694
0.227788
0.374536
0.268712
0.161469
0.118880
0.093675
0.146713
0.167748
0.169658
0.228161
0.214069
0.121488
0.220060
0.155350
0.124316
0.074636
0.118116
0.145914
0.075195
0.062205
0.107849
0.184506
0.169708
0.170531
0.239474
0.143655
0.293258
0.141972
0.161347
0.312482
0.180838
0.129470
0.176516
0.250145
0.144794
0.180151
0.239471
0.164595
0.116686
0.106448
0.155909
0.145863
0.083164
0.129915
0.103232
0.099250
0.276263
0.210237
0.201728
0.227380
0.292261
0.155149
0.149381
0.145270
0.133127
0.107123
0.101528
0.190259
0.109043
0.155486
0.116198
0.123163
0.153212
0.103722
0.096627
0.166026
0.122076
0.137787
0.098490
0.129147
0.170604
0.232316
0.134087
0.353236
0.165641
0.196141
0.175693
0.188228
0.213699
0.200681
0.121421
0.229658
0.398683
0.328278
0.263339
0.217393
0.090991
0.141980
0.109360
0.135904
0.126141
0.114488
0.148459
0.164414
0.233266
0.120311
0.069884
0.089515
0.141731
0.120533
0.151668
0.123089
0.138872
0.110876
0.177170
0.248629
0.294095
0.205654
0.211999
0.280596
0.134126
0.144598
0.157053
0.071410
0.107828
0.099404
0.088898
0.207186
0.233623
0.196209
0.145787
0.131479
0.112614
0.072598
0.141327
0.107692
0.168369
0.125869
0.215351
0.264233
0.252874
0.389498
0.379407
0.164001
0.099488
0.080339
0.123850
0.148427
0.136982
0.093778
0.136688
0.348256
0.432308
0.150295
0.123309
0.191392
0.070390
0.068580
0.089319
0.087554
0.116426
0.169160
0.322601
0.192767
0.319418
0.228231
0.213880
0.135592
0.121329
0.091728
0.103518
0.086052
0.094061
0.085200
0.086979
0.305960
0.303896
0.107754
0.123270
0.092490
0.071578
0.164240
0.127088
0.123735
0.113077
0.176751
0.236733
0.185701
0.153590
0.221737
0.208045
0.150788
0.113187
0.101728
0.124565
0.135035
0.119283
0.093567
0.116133
0.268964
0.297049
0.137692
0.147941
0.170302
0.103224
0.079145
0.165699
0.127332
0.119052
0.257427
0.210593
0.166865
0.258175
0.308876
0.337073
0.252116
0.262757
0.161570
0.224583
0.092929
0.103718
0.127085
0.130604
0.092351
0.184791
0.299454
0.244459
0.237415
0.112068
0.156190
0.097490
0.088490
0.126034
0.181566
0.239098
0.179342
0.158944
0.278111
0.428008
0.254579
0.189680
0.149004
0.155501
0.076494
0.146386
0.131084
0.074951
0.163978
0.157923
0.168899
0.201350
0.213502
0.340037
0.252624
0.476133
0.184366
0.323447
0.284806
0.370960
0.458716
0.262218
0.224294
0.247815
0.248797
0.153975
0.136129
0.057820
0.119837
0.112947
0.088630
0.125236
0.134499
0.339478
0.155684
0.238696
0.136228
0.098345
0.119190
0.107611
0.072376
0.136686
0.197048
0.451022
0.272367
0.261681
0.324351
0.180072
0.204802
0.123636
0.172632
0.131387
0.102022
0.125808
0.102945
0.258945
0.188897
0.215945
0.191384
0.216972
0.129679
0.159834
0.125806
0.178990
0.116649
0.119812
0.171811
0.201624
0.293422
0.206916
0.380575
0.205460
0.230754
0.123451
0.155011
0.078404
0.113247
0.157659
0.094551
0.162599
0.137091
0.209011
0.178586
0.130877
0.113801
0.269552
0.166283
0.164483
0.129641
0.113383
0.130797
0.294701
0.380881
0.340540
0.253278
0.257922
0.187100
0.109149
0.180034
0.134461
0.135824
0.146072
0.120787
0.175741
0.253392
0.266109
0.152450
0.093680
0.123227
0.191472
0.186407
0.197120
0.108633
0.136820
0.131315
0.294826
0.343219
0.334239
0.369730
0.336810
0.248513
0.223661
0.284731
0.137737
0.123756
0.115087
0.131567
0.198131
0.271911
0.336182
0.134145
0.104793
0.097976
0.162955
0.101767
0.141523
0.107571
0.147989
0.176743
0.259538
0.314547
0.260228
0.202579
0.202369
0.244471
0.254754
0.170798
0.149287
0.120643
0.126862
0.100720
0.126655
0.164175
0.156581
0.240033
0.333262
0.349166
0.156585
0.190401
0.197397
0.163047
0.156087
0.264133
0.249645
0.314088
0.302784
0.310650
0.259400
0.285259
0.191697
0.182202
0.179636
0.192082
0.137734
0.144827
0.193458
0.189844
0.185087
0.170091
0.258894
0.176909
0.220852
0.298364
0.277291
0.198690
0.291732
0.249295
0.385563
0.321603
0.283182
0.311800
0.488196
0.266925
0.135568
0.096873
0.131928
0.144561
0.122627
0.084576
0.157088
0.239534
0.226073
0.252856
0.149255
0.114486
0.150182
0.168817
0.296081
0.186695
0.115895
0.211712
0.304619
0.390229
0.392384
0.250661
0.387011
0.139566
0.103759
0.152558
0.126687
0.141323
0.168307
0.104937
0.130651
0.239852
0.205017
0.129377
0.130767
0.128123
0.081867
0.102876
0.110435
0.083121
0.208101
0.148255
0.393392
0.346852
0.407496
0.264050
0.354642
0.147193
0.154630
0.143562
0.104767
0.089531
0.166767
0.113261
0.180222
0.156101
0.199924
0.197866
0.178217
0.213692
0.217316
0.162623
0.187915
0.134696
0.158394
0.224572
0.246684
0.292371
0.208172
0.227880
0.341445
0.208789
0.169726
0.094653
0.124157
0.121357
0.110970
0.115447
0.157146
0.203997
0.230349
0.242542
0.118636
0.142306
0.082926
0.155306
0.080945
0.162200
0.132741
0.174487
0.164937
0.311411
0.233854
0.234253
0.229573
0.177697
0.166129
0.102230
0.142809
0.150711
0.149182
0.137939
0.142930
0.157429
0.222481
0.155681
0.157578
0.151140
0.243729
0.170192
0.146674
0.218470
0.285578
0.161413
0.220253
0.222305
0.302371
0.200521
0.263437
0.213029
0.134047
0.094509
0.124534
0.081853
0.130640
0.124601
0.142536
0.079514
0.071839
0.137645
0.103449
0.182631
0.180249
0.137759
0.200527
0.105060
0.148599
0.184715
0.302353
0.246328
0.319898
0.303897
0.204886
0.117339
0.130111
0.134009
0.142005
0.122217
0.115349
0.122172
0.114798
0.136273
0.104818
0.154152
0.261962
0.260012
0.160696
0.179552
0.220187
0.238422
0.313721
0.145837
0.156343
0.254171
0.181754
0.195711
0.263135
0.168334
0.152227
0.134716
0.097796
0.148622
0.173963
0.103967
0.144008
0.128876
0.278285
0.256644
0.171862
0.116200
0.130639
0.107841
0.105566
0.121917
0.121700
0.147616
0.251672
0.162598
0.221871
0.313936
0.245028
0.225356
0.112277
0.159544
0.073435
0.065857
0.118957
0.121100
0.163709
0.080443
0.207170
0.139157
0.083763
0.117035
0.116574
0.236134
0.141613
0.142143
0.157997
0.142847
0.202097
0.277124
0.220581
0.249520
0.256215
0.195916
0.168349
0.147265
0.137529
0.126849
0.127977
0.076239
0.100247
0.183270
0.301043
0.208633
0.240872
0.220566
0.147102
0.163588
0.121254
0.129477
0.156257
0.216478
0.367469
0.255839
0.260546
0.268162
0.361642
0.192161
0.116793
0.149550
0.145832
0.083988
0.127586
0.097589
0.124226
0.324624
0.232529
0.133638
0.110020
0.197628
0.177506
0.111145
0.239374
0.198786
0.245768
0.264125
0.236296
0.255235
0.229581
0.237672
0.216865
0.174495
0.141758
0.183196
0.097407
0.158055
0.121491
0.148104
0.095358
0.151588
0.257804
0.175037
0.235803
0.228649
0.136736
0.332343
0.104283
0.137317
0.182826
0.153080
0.230703
0.280161
0.305047
0.238593
0.277972
0.227000
0.154773
0.148825
0.132860
0.166657
0.133470
0.129238
0.109528
0.162016
0.173056
0.245170
0.408577
0.284540
0.210330
0.312722
0.455064
0.180513
0.334273
0.300002
0.370503
0.235999
0.285942
0.195144
0.401422
0.319616
0.167397
0.137736
0.124842
0.159303
0.143623
0.086356
0.110662
0.113562
0.090695
0.173166
0.284441
0.221865
0.172582
0.275090
0.172027
0.281755
0.236681
0.434089
0.401069
0.430327
0.297676
0.414933
0.187961
0.252991
0.251332
0.168429
0.168215
0.189071
0.133594
0.193601
0.115636
0.184002
0.163045
0.253838
0.314050
0.328256
0.423686
0.329537
0.191236
0.245827
0.320776
0.254145
0.231886
0.342213
0.275710
0.386938
0.372374
0.284634
0.247931
0.200307
0.285675
0.162200
0.159852
0.153340
0.154676
0.316492
0.355245
0.305234
0.151216
0.317177
0.130685
0.321804
0.283884
0.234782
0.168849
0.201465
0.283881
0.338826
0.632435
0.310553
0.292968
0.223776
0.177844
0.224767
0.128350
0.199628
0.117026
0.108553
0.196414
0.229189
0.413297
0.140587
0.150566
0.196840
0.146091
0.176198
0.276300
0.154462
0.195916
0.271887
0.342960
0.349499
0.270667
0.296739
0.509137
0.174367
0.150600
0.223664
0.177469
0.216161
0.159606
0.163940
0.146633
0.250568
0.313089
0.136768
0.188331
0.199484
0.146830
0.215020
0.183353
0.219845
0.144480
0.169694
0.231847
0.250865
0.187499
0.250146
0.206174
0.163484
0.208409
0.170856
0.212153
0.170420
0.123199
0.167550
0.188838
0.251131
0.213869
0.331263
0.229608
0.131694
0.198739
0.150679
0.143823
0.182744
0.182657
0.168288
0.265317
0.386493
0.340060
0.306640
0.212960
0.218322
0.230929
0.219238
0.216143
0.221610
0.206438
0.196129
0.149646
0.120701
0.161335
0.133069
0.365424
0.184365
0.209257
0.310114
0.370588
0.226575
0.303832
0.178832
0.210284
0.249908
0.317185
0.281971
0.277662
0.364789
0.215766
0.192533
0.224180
0.152926
0.132931
0.182043
0.222118
0.160897
0.167147
0.296887
0.287286
0.162995
0.397429
0.311831
0.251744
0.353723
0.361636
0.263194
0.323315
0.196596
0.346221
0.250380
0.219587
0.263027
0.162871
