0.247818
0.180679
0.123563
0.122181
0.142746
0.154238
0.187246
0.177655
0.366197
0.557245
0.740517
0.573075
0.544993
0.821161
0.436758
0.542504
0.502039
0.645399
0.574441
0.408710
0.366456
0.531496
0.498142
0.275210
0.155102
0.111466
0.129958
0.132939
0.130238
0.121749
0.173507
0.230450
0.359777
0.384092
0.347559
0.347931
0.361298
0.495956
0.511769
0.325352
0.405150
0.352502
0.399784
0.368055
0.347896
0.388888
0.273464
0.229318
0.148535
0.118465
0.131427
0.139203
0.139549
0.134019
0.165471
0.144647
0.300095
0.440854
0.257842
0.198306
0.151214
0.423572
0.228290
0.172989
0.186469
0.233561
0.284628
0.494340
0.342349
0.420807
0.201244
0.177689
0.149270
0.144751
0.139523
0.164434
0.159069
0.185224
0.193226
0.212970
0.307137
0.537034
0.393122
0.268807
0.250030
0.245788
0.217809
0.239704
0.228057
0.286944
0.246367
0.224661
0.257790
0.227452
0.241657
0.183963
0.128229
0.163311
0.139895
0.168150
0.146289
0.190270
0.193036
0.189622
0.212305
0.483280
0.395922
0.395230
0.253867
0.300451
0.284029
0.241902
0.331052
0.286756
0.310837
0.320458
0.284786
0.333873
0.268984
0.413547
0.154842
0.173334
0.158213
0.213255
0.170051
0.186296
0.190875
0.179210
0.293096
0.530200
0.401970
0.281258
0.226130
0.230018
0.241770
0.200467
0.221464
0.272877
0.587661
0.359976
0.203837
0.292405
0.261211
0.251188
0.205651
0.214638
0.146289
0.132896
0.153720
0.168236
0.200639
0.184827
0.240387
0.398946
0.229240
0.235980
0.315216
0.601832
0.248942
0.393934
0.223106
0.171952
0.301046
0.244448
0.194504
0.286443
0.284282
0.176532
0.217316
0.198134
0.169014
0.148103
0.179124
0.167027
0.211700
0.171174
0.183444
0.392120
0.392724
0.168582
0.193122
0.183444
0.236844
0.211959
0.215674
0.255854
0.253175
0.303465
0.291886
0.253175
0.205737
0.198220
0.202540
0.167804
0.147412
0.212045
0.169792
0.191653
0.189493
0.311847
0.543766
0.623779
0.275296
0.230537
0.252052
0.301391
0.243066
0.230623
0.211613
0.340102
0.449581
0.362827
0.227253
0.248164
0.205910
0.140759
0.138771
0.171434
0.131859
0.139549
0.152251
0.138426
0.170137
0.123391
0.181370
0.490020
0.360321
0.213428
0.184049
0.239782
0.226735
0.189666
0.212823
0.242634
0.312106
0.257928
0.206602
0.192776
0.184222
0.176618
0.240214
0.174717
0.148017
0.144993
0.136697
0.157090
0.191307
0.183271
0.305971
0.519571
0.400847
0.213687
0.216020
0.157867
0.186296
0.149486
0.211268
0.227512
0.258187
0.196060
0.209453
0.186641
0.200035
0.178173
0.195455
0.158559
0.130822
0.172298
0.192949
0.156053
0.152424
0.145770
0.216884
0.571589
0.433250
0.245485
0.192171
0.260520
0.227512
0.184222
0.391601
0.248509
0.190357
0.240041
0.230623
0.366802
0.244708
0.217143
0.179729
0.138771
0.162620
0.141104
0.186382
0.146980
0.164348
0.155794
0.230796
0.699819
0.553530
0.316426
0.279789
0.271753
0.236067
0.167632
0.207638
0.261730
0.285233
0.266396
0.201331
0.248250
0.167545
0.179988
0.160805
0.176445
0.142746
0.151214
0.154757
0.156399
0.169273
0.190270
0.175840
0.475590
0.478700
0.343558
0.255681
0.318068
0.272531
0.417524
0.195541
0.162274
0.228376
0.353150
0.257409
0.228636
0.255076
0.268297
0.448371
0.499957
0.297157
0.189579
0.174285
0.187246
0.222241
0.181975
0.294133
0.562862
0.435410
0.174199
0.305539
0.356001
0.383220
0.398514
0.367925
0.288084
0.305280
0.280048
0.172557
0.199948
0.170310
0.249028
0.175840
0.166508
0.186469
0.130908
0.147931
0.133500
0.152337
0.151041
0.212823
0.454247
0.440249
0.221205
0.190659
0.185324
0.251566
0.297649
0.268629
0.282980
0.306921
0.283159
0.261341
0.182062
0.434632
0.168452
0.157327
0.131589
0.133760
0.152424
0.136611
0.126069
0.148622
0.132463
0.238659
0.586624
0.435496
0.508511
0.333276
0.181457
0.234079
0.237968
0.158386
0.306403
0.244621
0.417005
0.304070
0.358507
0.361877
0.247991
0.240733
0.137907
0.133500
0.163225
0.151128
0.142055
0.183876
0.150868
0.385985
0.569256
0.175063
0.225179
0.192949
0.186987
0.147239
0.190789
0.167804
0.248423
0.306057
0.300613
0.210058
0.224661
0.181802
0.174026
0.172125
0.166076
0.118897
0.118465
0.134969
0.131254
0.183790
0.162620
0.223278
0.685129
0.289812
0.150004
0.180161
0.358075
0.261125
0.197874
0.176186
0.193813
0.184481
0.231401
0.216106
0.262421
0.225611
0.226475
0.175408
0.161410
0.147844
0.165039
0.120194
0.123304
0.146116
0.191739
0.233907
0.610732
0.387972
0.181111
0.250929
0.195801
0.153201
0.124773
0.188802
0.220340
0.208935
0.224402
0.219304
0.184654
0.224747
0.171779
0.196233
0.201071
0.146894
0.142487
0.183444
0.125637
0.142141
0.112849
0.158472
0.269766
0.542297
0.284887
0.284887
0.242374
0.256027
0.352285
0.207984
0.293787
0.269075
0.243239
0.205046
0.196233
0.216106
0.192863
0.138858
0.151041
0.122959
0.150436
0.130217
0.145598
0.129698
0.166767
0.241770
0.463838
0.504191
0.240128
0.267951
0.463406
0.228290
0.261816
0.238745
0.251534
0.384256
0.301737
0.218180
0.177914
0.239955
0.172643
0.164348
0.154843
0.140845
0.176186
0.135920
0.148449
0.156658
0.190702
0.236067
0.600795
0.612114
0.167459
0.433855
0.475244
0.197183
0.206429
0.220254
0.392465
0.229240
0.241165
0.232351
0.198306
0.425300
0.198998
0.155794
0.144474
0.166767
0.173680
0.153461
0.135056
0.168928
0.136006
0.226130
0.496760
0.328955
0.188629
0.242461
0.240819
0.225525
0.188283
0.186728
0.209194
0.192085
0.216366
0.229154
0.321092
0.472825
0.259483
0.173767
0.175668
0.136179
0.125724
0.138858
0.179556
0.145684
0.140759
0.252398
0.283678
0.236326
0.348484
0.292491
0.510758
0.212909
0.195282
0.265791
0.275037
0.508252
0.228463
0.210749
0.333621
0.218785
0.230018
0.164002
0.182321
0.148622
0.132291
0.179037
0.144042
0.161669
0.174976
0.236672
0.439558
0.327746
0.164607
0.168582
0.141450
0.206688
0.202022
0.223538
0.294911
0.231833
0.203404
0.203750
0.214724
0.230277
0.211872
0.151819
0.131427
0.165558
0.149399
0.150091
0.150436
0.167545
0.173162
0.228463
0.422622
0.612633
0.128748
0.276592
0.333189
0.170051
0.109825
0.152597
0.171866
0.257582
0.275469
0.259397
0.340448
0.382615
0.205651
0.240387
0.133500
0.169792
0.128402
0.135920
0.162533
0.147153
0.171606
0.197270
0.451395
0.408278
0.235203
0.186555
0.302342
0.196233
0.203404
0.148708
0.180852
0.254126
0.383565
0.273049
0.243584
0.205219
0.218439
0.221118
0.127970
0.140413
0.135920
0.169792
0.105850
0.116996
0.234771
0.220600
0.322648
0.422190
0.193554
0.135833
0.172298
0.193208
0.196665
0.156226
0.294738
0.326363
0.277715
0.178778
0.286443
0.305193
0.194591
0.211095
0.186728
0.134797
0.141104
0.113799
0.129612
0.139031
0.288430
0.361099
0.548259
0.713903
0.206083
0.224834
0.147671
0.338892
0.348484
0.255422
0.327659
0.212305
0.243411
0.242547
0.194159
0.173680
0.192517
0.193900
0.139203
0.136179
0.155275
0.144129
0.132031
0.155016
0.124082
0.224402
0.507301
0.206515
0.173507
0.180161
0.131167
0.163743
0.225525
0.513177
0.262680
0.258619
0.199430
0.291627
0.322561
0.248250
0.246263
0.186814
0.176186
0.142314
0.118293
0.133328
0.135142
0.145684
0.192258
0.186901
0.487168
0.577465
0.224661
0.207293
0.225006
0.189147
0.164089
0.217403
0.371295
0.316167
0.212218
0.208157
0.219131
0.194936
0.219217
0.131772
0.141450
0.180679
0.178605
0.199084
0.149918
0.155794
0.151300
0.245399
0.530200
0.332584
0.201936
0.251361
0.248337
0.480083
0.237190
0.260175
0.231573
0.260952
0.298972
0.207811
0.178087
0.231055
0.184740
0.187073
0.178778
0.161151
0.127884
0.155102
0.136611
0.203491
0.166335
0.240819
0.428584
0.593191
0.228722
0.174371
0.251966
0.244967
0.244535
0.271148
0.306748
0.237708
0.239350
0.203491
0.219822
0.406463
0.307699
0.249806
0.199948
0.168323
0.165903
0.152424
0.158645
0.198306
0.159336
0.206429
0.531669
0.453642
0.177309
0.186901
0.444483
0.385207
0.268556
0.203664
0.157522
0.197097
0.233129
0.155362
0.190530
0.154411
0.174458
0.194591
0.139376
0.155621
0.126329
0.142746
0.151473
0.144993
0.214983
0.279271
0.532878
0.389527
0.225871
0.375529
0.220340
0.186123
0.170397
0.157090
0.171001
0.352804
0.440508
0.281949
0.264927
0.370604
0.155707
0.206170
0.162793
0.146548
0.141623
0.128748
0.146202
0.162793
0.126847
0.215415
0.586019
0.381664
0.164002
0.160114
0.146807
0.192863
0.152078
0.174199
0.228636
0.266655
0.252830
0.152337
0.172902
0.200380
0.206602
0.143351
0.150004
0.119329
0.122872
0.129698
0.146030
0.130476
0.190875
0.218180
0.501771
0.364555
0.240646
0.255336
0.308217
0.258014
0.246349
0.284801
0.324549
0.265013
0.273481
0.369999
0.284282
0.415018
0.189666
0.170915
0.177396
0.157522
0.133673
0.167545
0.184308
0.165126
0.207120
0.451136
0.714854
0.237017
0.203145
0.245917
0.362395
0.287479
0.776030
0.321006
0.311069
0.328264
0.306921
0.227944
0.297330
0.192776
0.191912
0.145338
0.165903
0.140327
0.192776
0.163138
0.176272
0.174631
0.179469
0.256459
0.547654
0.376912
0.169965
0.195714
0.169619
0.129612
0.161583
0.146030
0.347101
0.259829
0.283073
0.211700
0.230450
0.218958
0.174890
0.187419
0.158040
0.165385
0.178346
0.142573
0.167891
0.181025
0.157522
0.211786
0.489415
0.391688
0.168323
0.196665
0.148795
0.183963
0.141709
0.273654
0.175063
0.286529
0.229500
0.204009
0.219822
0.205565
0.232697
0.180679
0.145511
0.134537
0.150955
0.128402
0.122786
0.179642
0.156658
0.303119
0.449062
0.283418
0.176272
0.153720
0.181370
0.160287
0.146289
0.246349
0.180852
0.302514
0.250238
0.225093
0.223710
0.457098
0.460382
0.191999
0.150177
0.130563
0.129871
0.159596
0.148103
0.132118
0.200467
0.287739
0.419338
0.498747
0.268643
0.207811
0.193295
0.120539
0.380714
0.227944
0.162101
0.231487
0.237363
0.197356
0.249719
0.198998
0.150609
0.142660
0.177655
0.112590
0.150091
0.166163
0.126329
0.144215
0.173594
0.280394
0.384688
0.488983
0.269852
0.212132
0.175927
0.172816
0.186901
0.146980
0.188024
0.302774
0.237190
0.369308
0.230364
0.186901
0.172125
0.137648
0.118465
0.136525
0.171693
0.133932
0.158904
0.148363
0.174112
0.230969
0.471183
0.317031
0.122872
0.224056
0.237536
0.151819
0.204528
0.254644
0.212823
0.317204
0.345891
0.254990
0.187678
0.183012
0.161497
0.160978
0.177568
0.153806
0.147326
0.138080
0.141796
0.156744
0.207379
0.588352
0.311328
0.171866
0.190875
0.201158
0.137475
0.175927
0.199084
0.200035
0.262248
0.259138
0.231314
0.173248
0.222155
0.201244
0.186209
0.177482
0.165299
0.143956
0.175840
0.138339
0.127797
0.145252
0.151300
0.211613
0.538581
0.407155
0.191653
0.147758
0.167459
0.160805
0.180938
0.159423
0.168928
0.317031
0.299317
0.246954
0.239177
0.230364
0.156571
0.186728
0.151387
0.116392
0.142228
0.177309
0.303206
0.267692
0.145338
0.257669
0.603214
0.554307
0.157867
0.235462
0.144474
0.143351
0.151214
0.147412
0.113195
0.453642
0.327832
0.252571
0.207811
0.192690
0.190184
0.134969
0.134364
0.160373
0.143956
0.130908
0.115873
0.123304
0.139549
0.235894
0.545321
0.292750
0.327573
0.209280
0.273913
0.155621
0.298713
0.134969
0.145079
0.151473
0.398168
0.256545
0.175408
0.207206
0.234771
0.157176
0.127625
0.152251
0.156312
0.133760
0.124428
0.130995
0.190962
0.187419
0.405081
0.490970
0.214983
0.168755
0.463752
0.199516
0.246608
0.212391
0.402489
0.214897
0.225439
0.369135
0.259656
0.279098
0.223538
0.154670
0.108183
0.147585
0.124773
0.160546
0.122267
0.139895
0.117861
0.213428
0.515683
0.495032
0.474380
0.301996
0.294911
0.173767
0.218785
0.191307
0.183099
0.228895
0.284023
0.207206
0.251879
0.329128
0.192949
0.163311
0.118984
0.169619
0.147585
0.124773
0.119157
0.129612
0.169014
0.263285
0.452432
0.479046
0.166681
0.158299
0.154843
0.219044
0.158472
0.119934
0.186814
0.346151
0.222241
0.201936
0.205133
0.186814
0.186728
0.198998
0.143697
0.161842
0.202195
0.169619
0.138339
0.144388
0.243411
0.357038
0.513609
0.555431
0.180420
0.160546
0.148795
0.181284
0.200899
0.204873
0.193727
0.277543
0.308131
0.221809
0.268124
0.539100
0.277283
0.268902
0.145079
0.150609
0.120280
0.143869
0.145425
0.119329
0.201158
0.238573
0.428325
0.354791
0.243152
0.192085
0.196146
0.218180
0.289380
0.174803
0.139549
0.217403
0.212045
0.189406
0.222673
0.310637
0.167545
0.126329
0.141623
0.149918
0.122872
0.185518
0.122181
0.152510
0.132118
0.200467
0.466776
0.562343
0.153720
0.216020
0.225957
0.382442
0.356779
0.396267
0.309773
0.329992
0.290504
0.224142
0.172125
0.209626
0.167113
0.139463
0.132550
0.157176
0.133414
0.169705
0.145079
0.180420
0.159941
0.182321
0.430226
0.344422
0.153201
0.180334
0.216538
0.249546
0.341312
0.172211
0.172470
0.188802
0.253521
0.234252
0.190616
0.215329
0.170915
0.198825
0.147671
0.167286
0.154670
0.157435
0.136697
0.205565
0.269852
0.306316
0.450791
0.531323
0.311069
0.214810
0.242807
0.141364
0.186036
0.137821
0.194072
0.341484
0.210749
0.224834
0.166335
0.171001
0.233820
0.179642
0.138253
0.132031
0.158818
0.159596
0.122527
0.195541
0.139376
0.273481
0.523373
0.548432
0.212477
0.269247
0.212650
0.384343
0.210749
0.175668
0.197356
0.216279
0.232178
0.350125
0.254040
0.177741
0.217835
0.202540
0.328091
0.189147
0.141623
0.168841
0.176272
0.155189
0.221205
0.474207
0.588439
0.161324
0.223883
0.173507
0.150264
0.190702
0.219563
0.428238
0.481898
0.302514
0.255163
0.242893
0.257669
0.231055
0.207120
0.149572
0.171520
0.141104
0.161065
0.191653
0.146375
0.218612
0.261816
0.250065
0.517238
0.455889
0.207984
0.202886
0.262853
0.191307
0.331029
0.327054
0.208675
0.187678
0.126242
0.218526
0.212823
0.183012
0.222760
0.131513
0.166681
0.149832
0.153461
0.114231
0.167977
0.161756
0.355310
0.371209
0.651171
0.155534
0.136093
0.166940
0.180679
0.273049
0.174371
0.216711
0.352372
0.295515
0.220081
0.224488
0.177050
0.209712
0.181284
0.239869
0.218267
0.160200
0.168323
0.124600
0.140067
0.246090
0.279789
0.259051
0.458999
0.551370
0.149227
0.273654
0.242979
0.256113
0.203923
0.402229
0.244621
0.142141
0.167113
0.191307
0.160805
0.188629
0.172730
0.149140
0.119157
0.159855
0.150609
0.135315
0.185432
0.151214
0.232351
0.247991
0.453642
0.443100
0.346323
0.154584
0.261989
0.202540
0.382442
0.230796
0.143351
0.278147
0.230882
0.167891
0.172902
0.201158
0.230364
0.187765
0.139117
0.143610
0.140499
0.148881
0.119329
0.158818
0.170656
0.299836
0.545839
0.377603
0.344336
0.528903
0.638555
0.484231
0.305020
0.247732
0.192171
0.222933
0.249374
0.241424
0.348397
0.319278
0.157090
0.161065
0.158040
0.115182
0.128229
0.147153
0.137562
0.143437
0.310205
0.685043
0.380800
0.178519
0.132118
0.132118
0.223278
0.236153
0.202454
0.215847
0.201763
0.270025
0.241597
0.195887
0.241683
0.202972
0.159941
0.158299
0.150350
0.167804
0.127884
0.129353
0.143437
0.177655
0.167200
0.252311
0.663009
0.429707
0.457530
0.177568
0.184568
0.285665
0.156053
0.268124
0.185259
0.250065
0.180074
0.259051
0.187765
0.197702
0.176272
0.136179
0.140154
0.125464
0.178260
0.141623
0.151214
0.151732
0.192863
0.238227
0.373887
0.388231
0.144733
0.136784
0.310810
0.279444
0.396008
0.431867
0.222587
0.239869
0.188974
0.160719
0.206602
0.150436
0.202195
0.143697
0.138598
0.126501
0.123477
0.130217
0.115355
0.169965
0.182753
0.267692
0.375961
0.417956
0.232006
0.239350
0.174371
0.263976
0.295083
0.333449
0.331893
0.260779
0.207120
0.242893
0.514992
0.224747
0.163830
0.163138
0.162966
0.205910
0.156658
0.185000
0.179037
0.195109
0.205478
0.251102
0.499870
0.570639
0.204096
0.202454
0.418301
0.215588
0.190702
0.200639
0.238227
0.248164
0.286183
0.221377
0.293528
0.361618
0.356001
0.202454
0.165299
0.176964
0.120712
0.159077
0.163052
0.153893
0.185604
0.248855
0.532619
0.549382
0.270371
0.331807
0.459691
0.258360
0.528039
0.231055
0.198047
0.201071
0.330943
0.262767
0.297071
0.384948
0.305366
0.201763
0.191826
0.203145
0.167632
0.147239
0.180938
0.205392
0.412080
0.589994
0.729975
0.345286
0.227512
0.421930
0.207293
0.233474
0.174458
0.298972
0.312883
0.323944
0.275123
0.596043
0.178519
0.188542
0.207638
0.143351
0.146548
0.135142
0.167372
0.139635
0.140672
0.212650
0.241424
0.386417
0.621101
0.253003
0.284196
0.543420
0.176445
0.289380
0.246090
0.544716
0.435410
0.204614
0.312970
0.236672
0.215847
0.193640
0.176445
0.205046
0.175495
0.139722
0.153288
0.181630
0.247905
0.226735
0.419425
0.603042
0.311587
0.338806
0.486304
0.340188
0.352718
0.217575
0.180679
0.237276
0.243498
0.251188
0.310896
0.289985
0.214897
0.261643
0.201849
0.174371
0.185691
0.151646
0.139463
0.191999
0.190702
0.253089
0.260434
0.738702
0.387022
0.361186
0.272704
0.286615
0.275987
0.446989
0.304502
0.493649
0.291195
0.350471
0.282554
0.281085
0.230623
0.221809
0.202195
0.158127
0.200121
0.161065
0.149572
0.128662
0.208589
0.221550
0.253262
0.586970
0.281690
0.198652
0.476367
0.275123
0.348484
0.266828
0.256805
0.478528
0.281949
0.345027
0.306230
0.391860
0.247905
0.327141
0.198738
0.190184
0.182062
0.137994
0.134278
0.148967
0.256718
0.192431
0.367234
0.402489
0.437743
0.545148
0.377949
0.239782
0.169446
0.289726
0.172643
0.468245
0.411993
0.296466
0.198479
0.277975
0.213082
0.251620
0.216279
0.217575
0.222328
0.218526
0.184395
0.160460
0.226043
0.183358
0.209799
0.408796
0.410784
0.242720
0.200639
0.420202
0.309859
0.509894
0.492612
0.224402
0.236931
0.286183
0.237708
0.251447
0.255206
0.198198
0.177482
0.163311
0.178346
0.158991
0.159596
0.131859
0.144388
0.251275
0.277629
0.545407
0.462110
0.594228
0.381923
0.548172
0.452778
0.265273
0.250065
0.346064
0.223624
0.221982
0.222673
0.235289
0.209626
0.210836
0.155880
0.116996
0.131081
0.136093
0.179901
0.147066
0.138685
0.133587
0.213428
0.563294
0.350989
0.211700
0.240301
0.205046
0.183099
0.221550
0.238573
0.206170
0.208675
0.240560
0.229154
0.189838
0.241597
0.165990
0.179210
0.195023
0.130822
0.140240
0.176359
0.149832
0.148276
0.155448
0.244103
0.526225
0.329992
0.182148
0.233561
0.209885
0.246608
0.196578
0.123563
0.183963
0.272790
0.262853
0.283850
0.266396
0.203318
0.185432
0.172902
0.131513
0.158040
0.146116
0.175495
0.180506
0.242374
0.176359
0.208416
0.459950
0.381146
0.339065
0.340016
0.234684
0.194332
0.262335
0.325672
0.457012
0.386849
0.284023
0.251707
0.300009
0.351681
0.342867
0.203404
0.185000
0.176013
0.162447
0.179556
0.139290
0.188110
0.162361
0.240387
0.464270
0.400328
0.191307
0.276851
0.249287
0.373283
0.233215
0.229845
0.324116
0.214378
0.505573
0.279011
0.183012
0.173767
0.136525
0.161583
0.160978
0.122008
0.167545
0.151732
0.209712
0.149227
0.126761
0.210144
0.489761
0.413030
0.507301
0.290763
0.214983
0.247905
0.321956
0.155534
0.162015
0.221896
0.174112
0.259570
0.357211
0.352631
0.218958
0.154152
0.140586
0.163570
0.143956
0.165299
0.134537
0.151128
0.416314
0.323598
0.726605
0.571935
0.334399
0.350298
0.367839
0.350471
0.386589
0.240906
0.196146
0.189666
0.235462
0.221464
0.186209
0.234425
0.241942
0.158213
0.171174
0.228722
0.129785
0.132636
0.151560
0.138771
0.142228
0.190962
0.264322
0.465307
0.297589
0.292750
0.189925
0.179815
0.169533
0.202886
0.208071
0.207811
0.183617
0.167372
0.198998
0.150264
0.153633
0.157695
0.115182
0.163570
0.135401
0.130476
0.127797
0.190616
0.166076
0.216711
0.542383
0.286788
0.166163
0.184308
0.215415
0.368185
0.191135
0.158040
0.172298
0.201331
0.197961
0.202368
0.304588
0.213946
0.175063
0.137734
0.159423
0.195455
0.118638
0.176877
0.145770
0.161497
0.158472
0.265791
0.795559
0.219304
0.284628
0.202800
0.242720
0.225611
0.263890
0.153547
0.167200
0.313229
0.577206
0.360840
0.289812
0.304243
0.254644
0.190616
0.190962
0.139031
0.140499
0.134105
0.145770
0.124082
0.092457
0.239869
0.607967
0.374320
0.178260
0.191912
0.130735
0.308649
0.267865
0.214638
0.344768
0.234166
0.298713
0.229759
0.209107
0.181457
0.208675
0.152424
0.182839
0.174458
0.185950
0.169273
0.132809
0.223624
0.233129
0.552320
0.415104
0.230450
0.192085
0.244275
0.270716
0.264063
0.258274
0.270976
0.474812
0.477318
0.436793
0.428238
0.363432
0.229932
0.245658
0.178519
0.125032
0.134624
0.146375
0.119675
0.150264
0.130735
0.199084
0.502203
0.701287
0.242634
0.230191
0.332066
0.386503
0.260779
0.568306
0.416227
0.274345
0.332325
0.254299
0.344941
0.414586
0.414845
0.209971
0.188974
0.154238
0.166940
0.169360
0.145684
0.148967
0.148190
0.179469
0.294479
0.526657
0.456926
0.364296
0.236672
0.350989
0.275123
0.582131
0.298453
0.227858
0.239437
0.308649
0.303724
0.242979
0.237968
0.232006
0.180420
0.116651
0.116132
0.141450
0.129353
0.137734
0.147931
0.120453
0.411907
0.771278
0.435151
0.262162
0.318414
0.313661
0.507042
0.182667
0.294824
0.390132
0.230191
0.192431
0.152424
0.163225
0.235203
0.146375
0.149313
0.159768
0.130390
0.113972
0.117083
0.115614
0.218267
0.177655
0.367666
0.860105
0.657392
0.221377
0.185777
0.224747
0.343213
0.160114
0.149399
0.173853
0.209626
0.208935
0.201244
0.193122
0.160978
0.185518
0.134537
0.144993
0.161410
0.164694
0.133760
0.137043
0.158818
0.170051
0.311328
0.491489
0.142573
0.138166
0.126847
0.209021
0.157435
0.107232
0.149572
0.157954
0.148190
0.205997
0.183963
0.228636
0.187937
0.234546
0.180869
0.161963
0.156528
0.166068
0.187307
0.186736
0.172686
0.185259
0.276877
0.468660
0.299283
0.202748
0.267977
0.234123
0.378744
0.231461
0.227720
0.234598
0.242245
0.302454
0.273179
0.466647
0.345572
0.199140
0.267591
0.146030
0.161237
0.167891
0.123045
0.126588
0.156744
0.218267
0.482502
0.373455
0.193986
0.177568
0.158386
0.245226
0.260693
0.273827
0.134192
0.403439
0.218872
0.392120
0.411648
0.318759
0.285838
0.200812
0.201590
0.164348
0.157435
0.186382
0.175322
0.181543
0.169878
0.144820
0.357556
0.800916
0.304934
0.526657
0.188629
0.194936
0.346410
0.176100
0.400847
0.153979
0.148190
0.205478
0.140931
0.156312
0.194159
0.150609
0.121922
0.156571
0.179988
0.146375
0.136438
0.123909
0.142746
0.122267
0.226475
0.450791
0.372591
0.247559
0.225525
0.251534
0.209453
0.210144
0.171261
0.135747
0.150739
0.143891
0.158570
0.137826
0.146138
0.348451
0.299863
0.172138
0.150875
0.128924
0.162452
0.119246
0.116305
0.219908
0.237276
0.585760
0.269334
0.183876
0.275555
0.298713
0.143869
0.121317
0.127884
0.141968
0.166940
0.175322
0.169100
0.198652
0.178865
0.126069
0.097295
0.099801
0.113454
0.109997
0.136611
0.129612
0.139635
0.158904
0.248596
0.610041
0.361186
0.170310
0.181802
0.196751
0.319796
0.340880
0.336559
0.220254
0.221637
0.329301
0.354014
0.250238
0.275814
0.271667
0.277456
0.209971
0.184308
0.144906
0.147239
0.131513
0.263631
0.229932
0.211613
0.532273
0.221637
0.235807
0.573317
0.334658
0.282381
0.186901
0.165212
0.130217
0.183185
0.197529
0.373542
0.290072
0.202713
0.148363
0.134797
0.122440
0.137648
0.138253
0.164089
0.185172
0.159250
0.265964
0.242720
0.478873
0.851465
0.207466
0.299404
0.458567
0.255768
0.269939
0.173680
0.173248
0.191912
0.377430
0.250583
0.247559
0.174631
0.182753
0.176618
0.136525
0.151819
0.152424
0.152510
0.166681
0.128748
0.112935
0.249374
0.244275
0.235894
0.392638
0.291281
0.247645
0.199084
0.212823
0.421844
0.383911
0.221637
0.185777
0.211786
0.260434
0.220772
0.188802
0.162447
0.279616
0.255681
0.150177
0.157349
0.171520
0.118984
0.142487
0.233561
0.550333
0.490193
0.217403
0.161410
0.216538
0.127711
0.229845
0.239955
0.660071
0.653504
0.347274
0.319191
0.340534
0.296984
0.381405
0.266482
0.192171
0.135747
0.134969
0.130995
0.127365
0.113195
0.159250
0.205910
0.655318
0.648751
0.621792
0.495204
0.731790
0.369567
0.396008
0.522164
0.624903
0.608831
0.702843
0.730321
0.699559
0.563121
0.431003
0.154843
0.156399
0.147066
0.171434
0.133846
0.165299
0.144301
0.702584
0.348397
1.000000
0.715026
0.328783
0.692733
0.773352
0.503586
0.483453
0.636568
0.454333
0.278666
0.367148
0.607535
0.557505
0.356174
0.425214
0.150592
0.153478
0.145304
0.137250
0.169498
0.154921
0.181465
0.348458
0.629327
0.275218
0.305055
0.287972
0.226346
0.261281
0.193139
0.227875
0.207327
0.197779
0.248872
0.247481
0.213013
0.230329
0.206731
0.208468
0.139575
0.120595
0.121907
0.195923
0.135401
0.140499
0.199412
0.177473
0.246591
0.556200
0.184395
0.228039
0.290746
0.254860
0.240439
0.188897
0.172047
0.210965
0.230156
0.435842
0.496457
0.400397
0.297511
0.214724
0.153461
0.127625
0.126242
0.129180
0.095999
0.101270
0.206861
0.272056
0.374600
0.577983
0.546099
0.303033
0.520608
0.267174
0.227772
0.227167
0.256891
0.223970
0.264841
0.246349
0.294911
0.340620
0.206342
0.156226
0.196751
0.165299
0.147671
0.177568
0.147498
0.135488
0.126069
0.284369
0.330770
0.575650
0.419338
0.543593
0.290245
0.345891
0.291541
0.524842
0.355223
0.325931
0.224488
0.242807
0.181457
0.264841
0.228117
0.145684
0.141536
0.132377
0.156744
0.142141
0.140413
0.138080
0.134624
0.162101
0.224142
0.444656
0.408969
0.353236
0.304156
0.408191
0.325067
0.190443
0.168409
0.349866
0.321265
0.253175
0.415882
0.319623
0.445433
0.181370
0.127711
0.137043
0.161065
0.156831
0.153461
0.186641
0.194288
0.200877
0.288257
0.294306
0.211095
0.298885
0.255422
0.513436
0.416314
0.491748
0.260261
0.244189
0.190962
0.135574
0.222069
0.176532
0.212996
0.139203
0.116046
0.152597
0.137734
0.118206
0.115873
0.110170
0.187678
0.436360
0.176013
0.464789
0.313229
0.166854
0.133544
0.154433
0.151225
0.243239
0.566059
0.222069
0.150091
0.169619
0.138166
0.149356
0.272380
0.149832
0.093666
0.115182
0.092716
0.102005
0.097015
0.077940
0.122743
0.122743
0.202013
0.577102
0.422008
0.200009
0.197624
0.207647
0.161090
0.176877
0.189078
0.291774
0.324842
0.193044
0.227504
0.188093
0.206515
0.285751
0.228290
0.201201
0.134537
0.109133
0.122872
0.129785
0.141709
0.151041
0.185086
0.482762
0.276074
0.212737
0.260434
0.213428
0.273222
0.196146
0.292232
0.170310
0.515916
0.764758
0.734935
0.841709
0.708606
0.732550
0.425594
0.282139
0.172298
0.229154
0.228636
0.240171
0.227102
0.246490
0.292475
0.573957
0.434391
0.273663
0.272751
0.293465
0.294274
0.346496
0.257237
0.418647
0.533570
0.289294
0.211872
0.246954
0.234339
0.196751
0.149313
0.131081
0.118811
0.161237
0.144215
0.133155
0.142487
0.163138
0.327832
0.600190
0.310464
0.306576
0.296034
0.494513
0.346669
0.247645
0.229500
0.341830
0.285406
0.240906
0.244967
0.226043
0.212045
0.176445
0.163743
0.140845
0.130649
0.181889
0.146375
0.141882
0.187505
0.219995
0.342953
0.677612
0.370777
0.291368
0.223883
0.255336
0.261298
0.288084
0.256286
0.227599
0.235635
0.334485
0.233042
0.342349
0.259483
0.129958
0.112590
0.126933
0.132463
0.154411
0.119157
0.117774
0.131599
0.154152
0.268038
0.623520
0.257150
0.219822
0.182580
0.206947
0.324808
0.244103
0.218180
0.182407
0.228290
0.238745
0.202368
0.162101
0.204182
0.235375
0.160892
0.134105
0.129180
0.080964
0.133414
0.098246
0.112676
0.192949
0.420893
0.623520
0.265618
0.190789
0.165471
0.135229
0.121490
0.138166
0.158732
0.213255
0.164089
0.176704
0.235289
0.227858
0.172643
0.112503
0.087704
0.078718
0.106455
0.113540
0.096259
0.135488
0.132723
0.192776
0.489415
0.670181
0.166854
0.179210
0.275814
0.342953
0.306144
0.332498
0.287479
0.383652
0.226043
0.175322
0.207898
0.227944
0.333535
0.171606
0.150350
0.402229
0.396958
0.187937
0.210058
0.235375
0.192085
0.163657
0.281172
0.495032
0.341657
0.265705
0.200553
0.186641
0.292578
0.245572
0.226994
0.184740
0.164953
0.213169
0.138771
0.198566
0.142487
0.159250
0.180506
0.126069
0.135229
0.134537
0.116132
0.116651
0.201158
0.150350
0.378899
0.588698
0.663354
0.218785
0.230450
0.183271
0.303724
0.155621
0.145770
0.137562
0.163398
0.168582
0.244708
0.131686
0.269852
0.260175
0.162015
0.145598
0.130390
0.099110
0.110861
0.132982
0.119848
0.102134
0.163311
0.390391
0.293528
0.294824
0.141191
0.163225
0.123477
0.217489
0.159941
0.121576
0.105591
0.099801
0.125292
0.104122
0.125983
0.155534
0.244362
0.124687
0.132377
0.119243
0.122527
0.106368
0.135661
0.124168
0.192517
0.500994
0.239955
0.154584
0.130476
0.182235
0.312279
0.232524
0.133068
0.131427
0.179901
0.151214
0.253521
0.190270
0.162361
0.105763
0.120539
0.171606
0.116564
0.120107
0.112158
0.107837
0.106800
0.163484
0.156139
0.449235
0.482848
0.231401
0.185777
0.209971
0.140154
0.146894
0.180161
0.141709
0.142055
0.192863
0.169965
0.210749
0.200553
0.169533
0.123391
0.171434
0.329992
0.160805
0.126415
0.093493
0.114836
0.125378
0.198825
0.359544
0.295515
0.148967
0.128143
0.189925
0.346755
0.166163
0.203059
0.201158
0.237017
0.278925
0.176445
0.190270
0.184135
0.165817
0.129526
0.155448
0.130908
0.134883
0.127020
0.123131
0.128921
0.163052
0.170656
0.493995
0.322129
0.173853
0.190573
0.145403
0.120140
0.108507
0.118163
0.172665
0.134451
0.160633
0.157090
0.188369
0.167286
0.200467
0.121230
0.128834
0.093148
0.122786
0.118206
0.162447
0.102134
0.090556
0.204355
0.261298
0.536421
0.157608
0.364296
0.347015
0.150609
0.144733
0.142487
0.150091
0.141277
0.255854
0.177396
0.314784
0.277888
0.310637
0.123304
0.103949
0.155707
0.145079
0.144301
0.105072
0.115960
0.121662
0.152078
0.354878
0.446729
0.225309
0.205197
0.225093
0.132377
0.144474
0.167848
0.124276
0.159995
0.199516
0.184135
0.272444
0.269852
0.113108
0.119416
0.086149
0.109997
0.104640
0.173075
0.114145
0.212823
0.141709
0.355569
0.518794
0.312797
0.154930
0.134624
0.206947
0.145165
0.127711
0.439903
0.296898
0.545667
0.285751
0.170310
0.191739
0.170224
0.165817
0.114923
0.134105
0.087704
0.114318
0.124514
0.129785
0.146634
0.322648
0.526398
0.130130
0.251620
0.589821
0.263458
0.301996
0.276678
0.289812
0.184222
0.122440
0.132809
0.175927
0.154152
0.187592
0.151300
0.129612
0.136179
0.111726
0.102134
0.118897
0.152769
0.141536
0.091938
0.107578
0.212737
0.295213
0.172751
0.116996
0.133068
0.172730
0.233042
0.202108
0.223840
0.208395
0.220546
0.247300
0.273222
0.184568
0.180506
0.196751
0.184568
0.174803
0.174890
0.135661
0.120539
0.127884
0.262680
0.093407
0.133328
0.253867
0.439471
0.142487
0.128748
0.141968
0.124946
0.262940
0.291195
0.123304
0.165990
0.221982
0.167891
0.179124
0.135056
0.114404
0.119934
0.100925
0.126761
0.108528
0.099801
0.126156
0.117947
0.127538
0.234598
0.308995
0.325585
0.725309
0.575132
0.182407
0.155275
0.319191
0.490625
0.464097
0.352631
0.210922
0.215847
0.209712
0.309946
0.169273
0.180679
0.162706
0.144820
0.133673
0.143524
0.102394
0.147153
0.156658
0.349780
0.537112
0.256718
0.212996
0.349607
0.188542
0.233820
0.195369
0.224920
0.270976
0.336473
0.296812
0.258706
0.230753
0.216776
0.209788
0.206294
0.204547
0.202800
0.144301
0.146202
0.127279
0.146894
0.333362
0.341873
0.346129
0.348257
0.350385
0.227858
0.212737
0.176186
0.167286
0.178433
0.309254
0.561479
0.279962
0.176445
0.198479
0.211354
0.173507
0.187333
0.157608
0.160028
0.144129
0.107060
0.135056
0.097468
0.131340
0.346669
0.232265
0.381664
0.148276
0.143264
0.171866
0.270630
0.163398
0.326277
0.124600
0.236067
0.175927
0.203750
0.513696
0.208935
0.105936
0.129353
0.159250
0.100752
0.105591
0.086494
0.112849
0.133760
0.121835
0.195196
0.413117
0.603474
0.260779
0.267433
0.160028
0.168150
0.218612
0.210490
0.310032
0.546617
0.494859
0.260866
0.217835
0.245485
0.195628
0.178433
0.166940
0.133500
0.121058
0.112417
0.124946
0.128489
0.139549
0.241683
0.497797
0.545580
0.342349
0.278147
0.386157
0.302255
0.292923
0.209712
0.174371
0.191567
0.169705
0.249114
0.167891
0.152078
0.167113
0.185259
0.136179
0.147066
0.086840
0.099628
0.126588
0.112935
0.137130
0.278666
0.344509
0.597425
0.191221
0.208762
0.226216
0.281172
0.214205
0.224315
0.163916
0.115787
0.244967
0.236931
0.196492
0.170569
0.151905
0.109738
0.120280
0.099888
0.105331
0.091506
0.134883
0.117083
0.221637
0.434200
0.461505
0.232610
0.105591
0.180766
0.124341
0.115614
0.099628
0.113367
0.095222
0.109479
0.133932
0.228895
0.144129
0.174890
0.116392
0.138512
0.128834
0.164694
0.113540
0.100060
0.089605
0.105245
0.136784
0.236240
0.319364
0.416832
0.232610
0.215761
0.201331
0.237363
0.363173
0.234943
0.233647
0.217143
0.312365
0.418128
0.469196
0.319191
0.180161
0.159596
0.162274
0.124168
0.144215
0.133328
0.096691
0.147066
0.160460
0.283245
0.500043
0.421412
0.225611
0.201849
0.136265
0.139117
0.142573
0.159768
0.373283
0.176272
0.156744
0.168409
0.158904
0.164780
0.335350
0.129439
0.134797
0.141709
0.117601
0.116132
0.098246
0.149659
0.260347
0.356260
0.466863
0.388058
0.127365
0.195109
0.149832
0.141018
0.133328
0.115095
0.122786
0.230018
0.300613
0.256805
0.533483
0.233734
0.136179
0.181370
0.155534
0.138339
0.140240
0.116737
0.119675
0.101702
0.153806
0.373801
0.410524
0.120885
0.240474
0.203491
0.164089
0.117428
0.097814
0.157608
0.161669
0.187073
0.162447
0.179901
0.142487
0.120626
0.283764
0.211008
0.091852
0.108442
0.092716
0.101357
0.097555
0.110170
0.135488
0.210836
0.371554
0.675538
0.220859
0.309859
0.230969
0.213601
0.295688
0.309254
0.189406
0.147153
0.166076
0.199170
0.185172
0.141796
0.173248
0.118379
0.119070
0.094012
0.100233
0.085976
0.142314
0.115268
0.121922
0.344422
0.354878
0.585155
0.464011
0.247645
0.195023
0.209280
0.226562
0.178001
0.125724
0.139895
0.143092
0.133587
0.168323
0.182839
0.161929
0.161669
0.109565
0.129439
0.091679
0.105936
0.094358
0.135574
0.147326
0.153806
0.163657
0.519399
0.100925
0.171606
0.133587
0.160546
0.165039
0.145598
0.145511
0.123131
0.166940
0.147671
0.144474
0.145165
0.150523
0.089173
0.114231
0.087445
0.091420
0.092370
0.103776
0.140413
0.184395
0.275037
0.495464
0.146202
0.205219
0.201417
0.142055
0.249806
0.178087
0.189320
0.183099
0.258446
0.286875
0.349434
0.412080
0.659293
0.474034
0.166681
0.127884
0.140499
0.113540
0.137302
0.142746
0.123218
0.207034
0.340707
0.474380
0.263458
0.177741
0.122181
0.123304
0.104381
0.161756
0.101097
0.121230
0.110257
0.317636
0.251620
0.149486
0.174112
0.199862
0.172038
0.155448
0.127020
0.147758
0.129871
0.089519
0.103949
0.125637
0.182407
0.177050
0.141709
0.161237
0.317982
0.366197
0.277024
0.225698
0.270198
0.173248
0.233042
0.322129
0.191653
0.144215
0.162706
0.107578
0.162447
0.128662
0.147758
0.170051
0.156917
0.151732
0.129958
0.176964
0.324462
0.440162
0.401020
0.148103
0.156226
0.205219
0.172125
0.310118
0.298799
0.493044
0.264927
0.396786
0.561306
0.537199
0.310464
0.285665
0.201763
0.197270
0.169187
0.204441
0.132291
0.101357
0.148103
0.279616
0.547827
0.344163
0.235289
0.241251
0.212218
0.464357
0.334485
0.476713
0.366888
0.270198
0.281258
0.363259
0.248596
0.208675
0.203750
0.216798
0.236499
0.159423
0.149486
0.136093
0.138598
0.141364
0.137043
0.177655
0.183012
0.180593
0.226735
0.214033
0.194850
0.452605
0.256977
0.320315
0.289640
0.282209
0.343990
0.320315
0.354446
0.275296
0.223970
0.168755
0.190962
0.134537
0.189147
0.150609
0.157435
0.122095
0.122786
0.205651
0.236153
0.320919
0.197874
0.568824
0.613411
0.392465
0.343645
0.218785
0.266914
0.240819
0.273395
0.218612
0.410352
0.328696
0.268729
0.190875
0.188369
0.147412
0.130563
0.119070
0.183531
0.136784
0.165471
0.156399
0.266482
0.177309
0.164607
0.173939
0.433855
0.327832
0.220859
0.253262
0.272272
0.310378
0.303119
0.305107
0.271580
0.320228
0.230882
0.179124
0.200639
0.261384
0.243843
0.138944
0.158645
0.186296
0.144733
0.171779
0.184049
0.280221
0.216452
0.233215
0.293528
0.604510
0.401279
0.423399
0.634580
0.633284
0.450013
0.316426
0.405772
0.340620
0.310378
0.193468
0.176618
0.190184
0.176445
0.130649
0.160546
0.166694
0.188735
0.252809
0.264584
0.259411
0.265163
0.408323
0.633838
0.724432
0.380394
0.377396
0.341329
0.565022
0.444889
0.400493
0.359112
0.384049
0.279089
0.198643
0.163609
0.133693
0.131652
0.142859
0.150838
0.155519
0.119020
0.135315
0.173248
0.223797
0.192949
0.160114
0.350903
0.194936
0.373887
0.450099
0.580057
0.565108
0.530891
0.483021
0.419165
0.317377
0.216538
0.166163
0.096907
0.136114
0.140845
0.120280
0.155448
0.142055
0.134537
0.208762
0.574873
0.309168
0.244794
0.276160
0.284887
0.263372
0.320315
0.500423
0.532852
0.466189
0.536110
0.609228
0.596155
0.487825
0.407060
0.373023
0.286788
0.209755
0.195693
0.194926
0.166416
0.171820
0.152962
0.153039
0.207428
0.430658
0.332412
0.516547
0.316858
0.318932
0.304761
0.363951
0.352113
0.365203
0.335630
0.363486
0.320903
0.343809
0.367532
0.315063
0.291982
0.268388
0.171177
0.225008
0.229414
0.194505
0.247213
0.271148
0.420634
0.278493
0.306316
0.391947
0.660071
0.504796
0.345027
0.299274
0.267541
0.278417
0.276678
0.190357
0.227512
0.191567
0.235548
0.219217
0.256805
0.390305
0.189320
0.239264
0.194936
0.126674
0.170915
0.138771
0.209280
0.182235
0.275037
0.270457
0.309773
0.535470
0.588611
0.478614
0.526570
0.407155
0.428843
0.517843
0.497537
0.394453
0.551283
0.326363
0.212045
0.164175
0.131772
0.132982
0.135401
0.178173
0.131599
0.221809
0.376221
0.547049
0.374406
0.283073
0.303379
0.226821
0.350125
0.442755
0.400415
0.294651
0.247041
0.367839
0.376653
0.280394
0.290504
0.220340
0.141018
0.136697
0.133500
0.153115
0.186209
0.156399
0.133241
0.265186
0.304329
0.162620
0.445304
0.302514
0.404044
0.345632
0.340707
0.343213
0.445174
0.482848
0.608658
0.569256
0.377689
0.370345
0.303379
0.272963
0.340793
0.183963
0.324116
0.174631
0.167459
0.158559
0.256113
0.247127
0.441545
0.424436
0.270889
0.314957
0.263717
0.466171
0.422190
0.287479
0.402661
0.441113
0.321265
0.294651
0.428843
0.425992
0.283505
0.201676
0.228463
0.167977
0.167718
0.154757
0.165212
0.131772
0.152769
0.168150
0.385725
0.254731
0.174976
0.214292
0.412166
0.367061
0.347015
0.380541
0.293269
0.240906
0.251793
0.211095
0.197961
0.151819
0.131686
0.199516
0.126674
0.125983
0.118293
0.114491
0.126156
0.144388
0.143351
0.197702
0.277629
0.542642
0.299577
0.230537
0.205133
0.152769
0.306144
0.284110
0.165126
0.152510
0.150609
0.137130
0.184135
0.165644
0.252398
0.145943
0.110084
0.125292
0.144993
0.115441
0.096691
0.115528
0.125983
0.368271
0.248769
0.305193
0.562948
0.363000
0.285233
0.242374
0.259915
0.183271
0.254731
0.226562
0.246263
0.208675
0.361618
0.454938
0.368357
0.145511
0.126761
0.171952
0.120712
0.114318
0.114404
0.123304
0.151300
0.181457
0.272185
0.543852
0.552752
0.178605
0.310637
0.176532
0.330338
0.479219
0.400674
0.332325
0.371122
0.180593
0.165385
0.202454
0.334572
0.187160
0.148708
0.145814
0.149637
0.176737
0.153650
0.142203
0.181198
0.143524
0.282295
0.455889
0.170829
0.141450
0.172902
0.270716
0.252398
0.144733
0.223365
0.261298
0.349434
0.279876
0.284801
0.283245
0.239869
0.221982
0.220686
0.187592
0.212391
0.291022
0.209539
0.196837
0.165817
0.236153
0.333362
0.370086
0.214724
0.277975
0.310723
0.349175
0.271580
0.236067
0.212132
0.295947
0.288776
0.395057
0.574786
0.445693
0.315303
0.174890
0.137821
0.135833
0.150091
0.143524
0.158559
0.139376
0.149313
0.189752
0.462974
0.416746
0.183142
0.138145
0.134537
0.205176
0.325218
0.222749
0.192258
0.252873
0.214270
0.201838
0.201757
0.232178
0.296466
0.180074
0.164348
0.140715
0.109565
0.125896
0.140586
0.146116
0.144301
0.211872
0.238573
0.479003
0.463212
0.320995
0.228673
0.326882
0.309686
0.258922
0.212196
0.208319
0.241683
0.241770
0.196017
0.170807
0.177298
0.263107
0.171500
0.140983
0.123667
0.114646
0.118491
0.129271
0.140292
0.235393
0.287289
0.534019
0.432096
0.260375
0.245702
0.278930
0.276275
0.258170
0.286978
0.224903
0.208598
0.234295
0.253374
0.427988
0.371192
0.196483
0.160373
0.271580
0.173507
0.144820
0.126933
0.093580
0.138685
0.113195
0.209280
0.518448
0.285579
0.347360
0.316340
0.246263
0.251966
0.267433
0.433163
0.255941
0.285492
0.643048
0.402489
0.376480
0.373887
0.182235
0.143178
0.118206
0.169792
0.099283
0.114491
0.152683
0.093493
0.121662
0.127625
0.154498
0.481293
0.098937
0.329042
0.233993
0.237363
0.333535
0.564504
0.379850
0.292318
0.264754
0.439298
0.609954
0.545580
0.203923
0.244189
0.211959
0.189666
0.144215
0.103949
0.115182
0.153288
0.240819
0.286183
0.543161
0.234684
0.302082
0.246436
0.275296
0.244621
0.394107
0.396613
0.323944
0.305020
0.385034
0.286183
0.300354
0.204528
0.204441
0.206774
0.141709
0.167977
0.180161
0.227339
0.150091
0.148881
0.138858
0.228895
0.480083
0.315303
0.201244
0.205565
0.484231
0.363432
0.408364
0.373283
0.320574
0.391774
0.571416
0.468677
0.288862
0.468591
0.290936
0.289726
0.223710
0.212045
0.186123
0.208848
0.245399
0.215761
0.142919
0.141191
0.390737
0.231660
0.145165
0.324462
0.329819
0.336300
0.335868
0.450963
0.509548
0.377344
0.337942
0.403612
0.277370
0.212737
0.212218
0.256632
0.313229
0.225784
0.178605
0.172211
0.175235
0.240560
0.190184
0.310205
0.398427
0.376393
0.590599
0.345891
0.592673
0.345459
0.222501
0.227426
0.301996
0.362222
0.234598
0.317982
0.348484
0.317117
0.389959
0.243411
0.274345
0.179901
0.154238
0.176704
0.151473
0.125724
0.245485
0.379072
0.534520
0.424695
0.272617
0.212737
0.206342
0.370431
0.364210
0.543420
0.551802
0.451914
0.425214
0.405340
0.284974
0.316945
0.230796
0.156485
0.142919
0.142660
0.260520
0.188456
0.142228
0.133500
0.214033
0.344163
0.588525
0.412339
0.233561
0.381448
0.219109
0.282122
0.286443
0.465653
0.465998
0.460209
0.650912
0.753996
0.541260
0.398859
0.309946
0.231573
0.327227
0.247300
0.173853
0.136870
0.139290
0.105418
0.153374
0.182580
0.394885
0.483194
0.295775
0.602523
0.376221
0.509721
0.425732
0.410697
0.465048
0.464962
0.465480
0.333794
0.278666
0.332152
0.304156
0.367320
0.248250
0.305366
0.259915
0.268038
0.255249
0.212477
0.228376
0.240474
0.521645
0.443878
0.260261
0.551715
0.587315
0.436188
0.610559
0.603560
0.380455
0.555172
0.459345
0.450445
0.405426
0.312192
0.304847
0.227599
0.166940
0.141882
0.134105
0.164780
0.132636
0.206515
0.323425
0.379850
0.485527
0.424263
0.541173
0.324894
0.357729
0.345978
0.472825
0.528817
0.507301
0.333881
0.587488
0.831418
0.597857
0.558628
0.371814
0.249374
0.246004
0.286270
0.215415
0.202886
0.169792
0.307353
0.393934
0.275469
0.196751
0.213514
0.185864
0.283850
0.309859
0.157176
0.163052
0.172816
0.159336
0.213255
0.184568
0.344250
0.399378
0.374579
0.181457
0.161756
0.173421
0.129698
0.118984
0.119502
0.122267
0.128575
0.151128
0.305625
0.377776
0.120453
0.151819
0.193727
0.150177
0.139808
0.199084
0.183358
0.201331
0.196751
0.205997
0.223970
0.325499
0.270198
0.210576
0.177136
0.112762
0.110257
0.090815
0.118725
0.110084
0.105591
0.112158
0.137994
0.125896
0.152078
0.149659
0.172557
0.351249
0.257496
0.349520
0.335004
0.324808
0.346237
0.457358
0.387540
0.427979
0.405081
0.277975
0.184135
0.234943
0.168150
0.130908
0.135229
0.181198
0.116219
0.144993
0.329733
0.414240
0.302774
0.667070
0.540741
0.328437
0.299836
0.302428
0.614966
0.388058
0.293442
0.375702
0.367493
0.417264
0.383220
0.239696
0.170224
0.212477
0.126415
0.139203
0.140327
0.122613
0.125637
0.171952
0.300959
0.173680
0.395490
0.287047
0.226648
0.190530
0.205651
0.300095
0.336991
0.459086
0.350471
0.381146
0.383565
0.325067
0.406982
0.373369
0.346237
0.190962
0.129094
0.180247
0.152769
0.186901
0.253867
0.320833
0.439039
0.420980
0.422103
0.511708
0.650998
0.467640
0.570725
0.652899
0.448976
0.391688
0.444656
0.475590
0.538840
0.466171
0.557937
0.389441
0.241942
0.180420
0.162793
0.140154
0.125205
0.109479
0.162793
0.157608
0.216884
0.201158
0.244535
0.356519
0.152856
0.139722
0.296552
0.379331
0.419338
0.440335
0.378121
0.198134
0.148449
0.237881
0.181630
0.224142
0.135315
0.161497
0.150696
0.104727
0.103085
0.112158
0.118379
0.124860
0.137821
0.166854
0.134278
0.452519
0.226303
0.164607
0.231660
0.314612
0.325845
0.273654
0.220081
0.226303
0.210231
0.199689
0.217748
0.210058
0.174631
0.226821
0.135229
0.126588
0.115528
0.132118
0.145511
0.136265
0.163916
0.181025
0.150350
0.220254
0.638555
0.513264
0.424955
0.197183
0.246868
0.244535
0.252571
0.286529
0.335177
0.410092
0.300268
0.242720
0.225784
0.199084
0.169273
0.160028
0.123045
0.101961
0.116910
0.113799
0.156399
0.182667
0.159336
0.225871
0.248077
0.451136
0.362654
0.313143
0.327486
0.264841
0.257409
0.358507
0.381405
0.344854
0.312365
0.215156
0.185691
0.235635
0.113972
0.110948
0.114145
0.121317
0.173162
0.158818
0.272358
0.322216
0.593191
0.251534
0.534261
0.719520
0.448803
0.595351
0.669489
0.449581
0.507301
0.392984
0.464789
0.362654
0.528385
0.404044
0.304761
0.239350
0.191048
0.214119
0.212564
0.210317
0.163138
0.228636
0.206083
0.624644
0.372678
0.296725
0.384861
0.433941
0.358075
0.452778
0.436188
0.357643
0.688499
0.653936
0.549728
0.414931
0.476799
0.495982
0.325153
0.205737
0.182839
0.192258
0.138166
0.154325
0.126847
0.203577
0.195541
0.385207
0.404476
0.244189
0.520090
0.638296
0.514733
0.547740
0.534866
0.497624
0.506524
0.508943
0.383047
0.351162
0.301046
0.266914
0.394280
0.262162
0.263717
0.256545
0.141968
0.163743
0.134969
0.276160
0.300700
0.417351
0.603560
0.417869
0.459345
0.573836
0.567096
0.469714
0.516202
0.548172
0.457530
0.509721
0.471615
0.545926
0.420807
0.303379
0.289035
0.244708
0.196405
0.161324
0.187419
0.176013
0.152424
0.171866
0.283850
0.191567
0.178260
0.253953
0.492353
0.230969
0.203923
0.314698
0.261211
0.211268
0.196837
0.206256
0.243325
0.351421
0.321006
0.232956
0.174803
0.154757
0.137994
0.145684
0.159164
0.132550
0.122008
0.172989
0.203232
0.451309
0.453729
0.532273
0.340534
0.397218
0.352804
0.531496
0.284542
0.312883
0.287047
0.390651
0.409920
0.390046
0.296466
0.289294
0.217835
0.168064
0.200035
0.160373
0.182062
0.148103
0.173594
0.186382
0.331634
0.363691
0.248077
0.237968
0.267174
0.531669
0.417437
0.290072
0.309081
0.214983
0.233388
0.263458
0.270111
0.311674
0.271753
0.290677
0.113627
0.148363
0.163052
0.149745
0.159855
0.129353
0.128575
0.220859
0.242461
0.230709
0.250324
0.275555
0.420029
0.273654
0.272704
0.402489
0.387108
0.523719
0.434805
0.238832
0.218007
0.212045
0.241597
0.184222
0.146375
0.150868
0.156312
0.125464
0.185864
0.156139
0.153979
0.300009
0.331807
0.219217
0.318500
0.614361
0.449927
0.457617
0.453901
0.346323
0.398773
0.484231
0.492094
0.538927
0.418215
0.410784
0.375788
0.368012
0.262421
0.242979
0.238400
0.253521
0.263026
0.236844
0.169100
0.192431
0.337510
0.641234
0.190616
0.294738
0.283937
0.253608
0.211440
0.252916
0.270976
0.331288
0.277456
0.319623
0.293269
0.462974
0.260434
0.246436
0.166422
0.146634
0.114750
0.144820
0.194418
0.177828
0.164780
0.228463
0.370345
0.370604
0.261298
0.249374
0.318327
0.638210
0.433941
0.640975
0.581872
0.634235
0.742158
0.361877
0.343731
0.321351
0.253089
0.220600
0.239350
0.180506
0.146116
0.137562
0.160805
0.169446
0.138166
0.165385
0.514214
0.224920
0.304502
0.235894
0.248250
0.472479
0.376048
0.320055
0.343904
0.357556
0.254904
0.339497
0.314957
0.260175
0.238054
0.235203
0.166422
0.267346
0.135747
0.113972
0.122613
0.135920
0.137821
0.153720
0.139203
0.194677
0.246695
0.323425
0.252571
0.570293
0.334917
0.490625
0.344768
0.333017
0.315908
0.386417
0.349607
0.282036
0.268210
0.210231
0.219304
0.201849
0.168755
0.162706
0.164348
0.177568
0.165558
0.205651
0.329992
0.311414
0.308563
0.188629
0.199603
0.265359
0.416400
0.246781
0.199343
0.251534
0.310637
0.277197
0.297848
0.329560
0.205046
0.216798
0.184654
0.173162
0.194072
0.177482
0.169100
0.162101
0.160200
0.163916
0.244967
0.551888
0.338201
0.353495
0.507820
0.418820
0.281517
0.461592
0.568651
0.579279
0.609954
0.463320
0.441372
0.334399
0.395576
0.268210
0.228031
0.219822
0.211527
0.197183
0.182494
0.148967
0.129871
0.170742
0.414499
0.564936
0.207120
0.149918
0.230882
0.237708
0.225439
0.302774
0.558196
0.570811
0.422276
0.445433
0.305193
0.306057
0.238918
0.198738
0.218439
0.164089
0.132723
0.172730
0.153547
0.151992
0.121835
0.181975
0.248250
0.279444
0.240214
0.225698
0.494686
0.286702
0.451741
0.410438
0.445520
0.426251
0.293874
0.576169
0.511622
0.479910
0.293096
0.266482
0.258274
0.244708
0.212218
0.212045
0.207206
0.219304
0.188542
0.194245
0.321265
0.345200
0.259570
0.350212
0.291541
0.241078
0.195196
0.178087
0.178173
0.137216
0.134624
0.410006
0.284628
0.208503
0.268729
0.159682
0.183703
0.144647
0.132291
0.132204
0.118120
0.153288
0.126069
0.157867
0.184049
0.452519
0.289812
0.161324
0.196492
0.222155
0.182321
0.192949
0.275642
0.276678
0.417610
0.353754
0.271667
0.338547
0.479478
0.244880
0.228204
0.194764
0.150523
0.118552
0.118984
0.127797
0.164607
0.178951
0.207293
0.566750
0.258187
0.282381
0.177828
0.156053
0.219822
0.184568
0.146634
0.128143
0.189320
0.240819
0.218353
0.156917
0.184308
0.199689
0.213687
0.180593
0.203318
0.182926
0.192171
0.201417
0.173507
0.164175
0.206688
0.450186
0.637000
0.255509
0.232265
0.227426
0.235894
0.192258
0.232265
0.162879
0.157522
0.269852
0.209885
0.297330
0.423831
0.161497
0.187419
0.122613
0.121835
0.121230
0.108442
0.116996
0.121576
0.136438
0.225266
0.507301
0.198134
0.187160
0.165212
0.177309
0.148276
0.145338
0.230969
0.202108
0.259310
0.269075
0.417610
0.327659
0.306316
0.174458
0.194072
0.163484
0.162533
0.167718
0.191999
0.178001
0.154757
0.141018
0.181802
0.594574
0.403093
0.344077
0.225006
0.266828
0.254904
0.315476
0.294479
0.290158
0.371209
0.477145
0.282381
0.289467
0.350385
0.214724
0.162966
0.173939
0.191739
0.166076
0.147412
0.152510
0.140154
0.204614
0.193468
0.525188
0.338806
0.368271
0.346237
0.278234
0.522164
0.509721
0.414154
0.565973
0.451136
0.663873
0.537026
0.536248
0.305366
0.274259
0.209971
0.197356
0.195714
0.199170
0.204873
0.201936
0.280740
0.568651
0.229240
0.312538
0.351249
0.203232
0.194332
0.219131
0.260088
0.271580
0.353150
0.365420
0.288776
0.311501
0.324808
0.260088
0.276765
0.226130
0.231314
0.201158
0.211613
0.215847
0.195455
0.179124
0.164002
0.233042
0.297157
0.299404
0.185086
0.236067
0.376739
0.389009
0.219736
0.364555
0.334745
0.319969
0.350385
0.449581
0.385553
0.317895
0.244103
0.228981
0.190530
0.183358
0.197442
0.186382
0.143956
0.139117
0.121749
0.169273
0.230796
0.215415
0.189406
0.216625
0.162966
0.585846
0.242202
0.330943
0.232524
0.217057
0.202454
0.237708
0.179210
0.231314
0.280826
0.367666
0.192258
0.180161
0.143005
0.122095
0.116737
0.120626
0.154152
0.105591
0.135056
0.199775
0.414413
0.165644
0.333967
0.373369
0.249460
0.231228
0.220427
0.256373
0.263804
0.195973
0.224142
0.223365
0.219822
0.161151
0.147844
0.169619
0.164607
0.141882
0.169878
0.129871
0.129698
0.151041
0.215761
0.308563
0.249460
0.385034
0.608917
0.403180
0.537458
0.519831
0.335609
0.322907
0.300268
0.261125
0.261471
0.216798
0.288257
0.189406
0.213773
0.177828
0.141277
0.131599
0.138944
0.192863
0.147326
0.142573
0.170051
0.291886
0.208589
0.211959
0.438261
0.177914
0.156139
0.237276
0.186036
0.180420
0.270284
0.308822
0.201936
0.242374
0.330943
0.191653
0.176791
0.158299
0.124082
0.132463
0.177396
0.141709
0.112503
0.122959
0.255595
0.266310
0.353063
0.352718
0.314007
0.650220
0.489761
0.345891
0.225093
0.257669
0.237968
0.299836
0.238054
0.259570
0.363951
0.260952
0.180593
0.181198
0.164866
0.145943
0.153720
0.166595
0.117947
0.120885
0.172211
0.149572
0.171261
0.143610
0.166163
0.421239
0.160287
0.183617
0.164089
0.191048
0.265100
0.321697
0.292664
0.327141
0.275814
0.191307
0.148795
0.171434
0.154843
0.167632
0.148449
0.138080
0.148449
0.119329
0.223278
0.198998
0.520176
0.257755
0.225525
0.255076
0.337337
0.404476
0.357816
0.305366
0.242807
0.340102
0.289553
0.621879
0.497451
0.181198
0.173680
0.198998
0.170224
0.150782
0.159164
0.131427
0.173680
0.151992
0.284801
0.256805
0.229932
0.164002
0.251966
0.854748
0.291541
0.317895
0.249374
0.272012
0.330770
0.592932
0.356174
0.396526
0.601227
0.199689
0.183012
0.183703
0.221550
0.139808
0.146116
0.132809
0.128834
0.137994
0.181025
0.168841
0.226562
0.305020
0.351076
0.559924
0.355051
0.519053
0.402834
0.340966
0.473084
0.550938
0.610905
0.438866
0.362050
0.219908
0.135833
0.128748
0.156053
0.175495
0.132636
0.122959
0.243671
0.193986
0.299231
0.303033
0.292491
0.196751
0.621101
0.349002
0.223019
0.378381
0.378986
0.343040
0.686771
0.307785
0.323425
0.268815
0.366197
0.192863
0.235980
0.261039
0.183531
0.175408
0.168582
0.157522
0.144129
0.213773
0.293096
0.338633
0.155362
0.143610
0.176272
0.301218
0.267087
0.307181
0.436706
0.421585
0.300095
0.218699
0.185950
0.236499
0.280308
0.160892
0.133932
0.156226
0.128402
0.104554
0.141104
0.167718
0.099715
0.132291
0.158732
0.466344
0.236931
0.284801
0.204182
0.138685
0.142228
0.167372
0.189320
0.299749
0.416659
0.436447
0.286702
0.292059
0.200726
0.215588
0.139981
0.149486
0.148708
0.132809
0.127538
0.134105
0.156312
0.145079
0.186728
0.221637
0.216020
0.356692
0.365074
0.243930
0.193122
0.218180
0.213082
0.372419
0.277715
0.210576
0.217835
0.299577
0.282122
0.154152
0.158904
0.150955
0.142919
0.142573
0.145511
0.106368
0.099110
0.182667
0.257150
0.590080
0.194245
0.189925
0.237622
0.221118
0.147066
0.200553
0.224747
0.248423
0.193986
0.285406
0.257237
0.295515
0.260175
0.556986
0.221464
0.172730
0.167113
0.124341
0.111207
0.118465
0.119329
0.114663
0.165039
0.243411
0.167027
0.250583
0.506265
0.457098
0.434027
0.342435
0.204873
0.208848
0.246781
0.337683
0.411561
0.415191
0.354964
0.275382
0.187419
0.131599
0.144042
0.163743
0.141104
0.170742
0.115009
0.124946
0.286875
0.375788
0.379677
0.387367
0.373628
0.437225
0.268643
0.308909
0.273481
0.294479
0.228376
0.366629
0.281949
0.312106
0.314266
0.215588
0.168323
0.134797
0.137389
0.126847
0.131167
0.117342
0.128316
0.180074
0.178087
0.302687
0.182839
0.238227
0.546617
0.468418
0.214205
0.184740
0.218958
0.299836
0.154152
0.179642
0.183617
0.233388
0.300181
0.179642
0.152597
0.125464
0.135056
0.113886
0.124600
0.116824
0.104727
0.153288
0.239869
0.123391
0.273654
0.491575
0.289899
0.403612
0.171606
0.374406
0.421585
0.356692
0.582131
0.804804
0.394798
0.229932
0.339065
0.220081
0.154757
0.142314
0.123477
0.162015
0.123045
0.125292
0.124946
0.144733
0.190443
0.213687
0.240301
0.512486
0.204873
0.320401
0.251361
0.432818
0.493217
0.463579
0.296552
0.351335
0.305020
0.307440
0.220427
0.209367
0.138771
0.177482
0.150264
0.133241
0.128575
0.172211
0.129958
0.139463
0.219995
0.577119
0.375788
0.268815
0.224056
0.166767
0.151992
0.236499
0.271494
0.281431
0.221982
0.251447
0.264495
0.230882
0.343645
0.224920
0.214292
0.197442
0.170829
0.127625
0.116219
0.146375
0.113972
0.122095
0.189320
0.461505
0.207898
0.303465
0.176100
0.341830
0.247386
0.303379
0.206083
0.236758
0.276419
0.255768
0.175235
0.247300
0.481552
0.222155
0.198566
0.174803
0.147239
0.140845
0.162101
0.116996
0.124168
0.110257
0.170656
0.241942
0.206774
0.225525
0.678130
0.517670
0.228549
0.325326
0.280653
0.250756
0.232092
0.268210
0.193986
0.228376
0.246090
0.244448
0.176186
0.184222
0.207466
0.158040
0.128662
0.140759
0.134710
0.118033
0.201071
0.176704
0.197183
0.332239
0.365938
0.242115
0.298453
0.268383
0.233388
0.251879
0.282295
0.473257
0.257496
0.250151
0.321783
0.220513
0.203750
0.177568
0.185259
0.161583
0.131686
0.137907
0.175581
0.139290
0.232697
0.227426
0.287307
0.336386
0.595524
0.349088
0.381405
0.288430
0.299577
0.221723
0.238832
0.267001
0.216193
0.211440
0.243152
0.327659
0.141018
0.136093
0.109738
0.156226
0.119675
0.101184
0.095913
0.164002
0.172470
0.220686
0.382874
0.150091
0.238573
0.202540
0.220427
0.186296
0.128834
0.144474
0.170483
0.280480
0.209799
0.360494
0.334658
0.179556
0.175322
0.133587
0.145857
0.124773
0.120971
0.115700
0.113367
0.137907
0.184395
0.225006
0.290763
0.598548
0.326536
0.159941
0.345632
0.188024
0.184222
0.165558
0.184308
0.467986
0.167718
0.191048
0.186123
0.160892
0.130563
0.149486
0.144906
0.111121
0.103258
0.108788
0.143610
0.160892
0.253175
0.426337
0.142573
0.165039
0.192085
0.188974
0.160805
0.165731
0.120539
0.190011
0.250583
0.286183
0.204787
0.415363
0.509721
0.420980
0.257755
0.193468
0.200207
0.146894
0.148103
0.086062
0.108961
0.116478
0.250151
0.530545
0.177223
0.166076
0.250410
0.180074
0.127884
0.140845
0.252052
0.393761
0.417524
0.341312
0.292232
0.222328
0.258619
0.158904
0.150868
0.152769
0.121403
0.109997
0.118638
0.149745
0.145252
0.132204
0.205651
0.156139
0.289553
0.296898
0.205478
0.252657
0.178951
0.130476
0.171779
0.162015
0.253780
0.224920
0.232265
0.235894
0.249460
0.198047
0.140759
0.119675
0.148967
0.095654
0.098937
0.111639
0.099110
0.105504
0.319969
0.302514
0.299922
0.270889
0.355223
0.278666
0.335004
0.208762
0.228808
0.257755
0.269939
0.391169
0.420116
0.305798
0.220600
0.208503
0.188456
0.181457
0.157176
0.115355
0.103258
0.122786
0.266482
0.214897
0.208848
0.207552
0.337683
0.399551
0.243239
0.173507
0.240128
0.187678
0.235116
0.227339
0.233474
0.217489
0.291281
0.230191
0.257323
0.248596
0.200207
0.153288
0.115700
0.117083
0.103949
0.114836
0.104294
0.164866
0.199430
0.277888
0.345978
0.281345
0.226735
0.441199
0.421325
0.540137
0.432213
0.444742
0.395922
0.357124
0.320919
0.279616
0.448285
0.184308
0.142400
0.124687
0.119157
0.109825
0.144733
0.133673
0.125551
0.188888
0.269679
0.238486
0.256286
0.296207
0.397477
0.231833
0.259656
0.266569
0.296293
0.316945
0.350730
0.386244
0.375011
0.331720
0.306057
0.172470
0.153547
0.125810
0.108615
0.169619
0.120107
0.115355
0.115441
0.172125
0.238400
0.179729
0.198134
0.229932
0.433682
0.222414
0.448285
0.309168
0.318586
0.592845
0.602437
0.447248
0.388058
0.337942
0.330338
0.262248
0.221550
0.185691
0.121490
0.119070
0.136093
0.115528
0.154757
0.144733
0.200985
0.266914
0.370950
0.385985
0.203404
0.152942
0.210749
0.219476
0.364037
0.342694
0.558369
0.394193
0.373542
0.272185
0.467467
0.361445
0.193986
0.167459
0.157003
0.142660
0.145079
0.151905
0.175063
0.142919
0.239696
0.298280
0.341398
0.251707
0.418906
0.472047
0.341484
0.408019
0.237968
0.165731
0.271840
0.531409
0.247473
0.173507
0.188024
0.183444
0.133932
0.134192
0.112417
0.146116
0.139463
0.132377
0.115528
0.141536
0.149572
0.226994
0.165990
0.175840
0.161669
0.386157
0.186296
0.169360
0.281863
0.204960
0.234252
0.252052
0.242461
0.249978
0.243930
0.181889
0.177223
0.178951
0.150696
0.133068
0.101357
0.097555
0.106541
0.155016
0.302687
0.506956
0.291973
0.210058
0.268124
0.257582
0.187592
0.240301
0.295861
0.341484
0.431781
0.370863
0.226303
0.190357
0.189925
0.163484
0.152597
0.132031
0.132723
0.109306
0.116219
0.114663
0.113108
0.122095
0.220427
0.558628
0.465739
0.364987
0.150696
0.312970
0.179642
0.214465
0.221896
0.198911
0.242893
0.269507
0.228031
0.237968
0.243239
0.168236
0.129353
0.174199
0.111812
0.114750
0.125983
0.126415
0.135661
0.139117
0.266655
0.207034
0.186987
0.254299
0.633544
0.265013
0.255509
0.283764
0.245744
0.248682
0.484058
0.378294
0.355137
0.282641
0.252398
0.321179
0.199430
0.146289
0.181802
0.150955
0.143092
0.126329
0.196405
0.162966
0.175668
0.171434
0.575218
0.278666
0.231919
0.217575
0.433682
0.269507
0.310723
0.289121
0.433682
0.280567
0.262248
0.264149
0.237190
0.174717
0.115787
0.162879
0.138598
0.138339
0.137043
0.149572
0.171693
0.229759
0.293528
0.277456
0.316253
0.284714
0.485959
0.522769
0.341917
0.419338
0.356952
0.329560
0.431176
0.404217
0.308131
0.296120
0.335522
0.277111
0.186036
0.179729
0.151646
0.187678
0.135142
0.142228
0.132031
0.157522
0.255595
0.295775
0.512140
0.407587
0.501167
0.623866
0.627927
0.396267
0.400069
0.397304
0.346064
0.457617
0.604597
0.371554
0.268902
0.222846
0.210058
0.145079
0.193900
0.171866
0.180766
0.182580
0.148190
0.116651
0.215588
0.240474
0.192949
0.185000
0.212564
0.405772
0.349175
0.326190
0.554826
0.745615
0.448112
0.501512
0.376393
0.357988
0.288344
0.270457
0.251361
0.210663
0.205046
0.205305
0.163225
0.119762
0.184308
0.194418
0.139722
0.163916
0.128143
0.166249
0.227944
0.418128
0.198911
0.196837
0.162274
0.181457
0.204355
0.250238
0.327141
0.223797
0.359285
0.220168
0.141018
0.133587
0.116910
0.126069
0.117169
0.120280
0.172557
0.198998
0.211095
0.238313
0.249806
0.271062
0.221637
0.414413
0.437138
0.212650
0.196319
0.255595
0.222069
0.268643
0.307699
0.234390
0.246652
0.158386
0.139411
0.150143
0.114923
0.105902
0.130606
0.103741
0.113074
0.140041
0.195697
0.183885
0.160944
0.187125
0.195723
0.550618
0.216340
0.228255
0.128817
0.083678
0.122544
0.102186
0.086520
0.257811
0.240372
0.124463
0.074718
0.039044
0.028163
0.045577
0.033374
0.029734
0.033963
0.055304
0.094100
0.079669
0.145771
0.378381
0.045451
0.052450
0.069991
0.041735
0.049425
0.086581
0.106627
0.119762
0.136093
0.067917
0.094444
0.064547
0.072151
0.036464
0.045105
0.037587
0.042167
0.058066
0.025663
0.053659
0.107924
0.040007
0.042513
0.124341
0.319105
0.048475
0.104381
0.074397
0.078718
0.072237
0.387194
0.243066
0.121576
0.114577
0.106023
0.087531
0.062559
0.062473
0.059622
0.075434
0.035254
0.030243
0.035946
0.021343
0.084334
0.089778
0.086754
0.301650
0.074657
0.098505
0.112330
0.088482
0.067225
0.076644
0.062473
0.106109
0.132031
0.090901
0.082865
0.075434
0.035341
0.032662
0.117299
0.153223
0.188035
0.180209
0.188480
0.210848
0.217365
0.246936
0.382735
0.364918
0.217584
0.257284
0.278214
0.230095
0.224656
0.398079
0.431866
0.321264
0.276505
0.379331
0.569688
0.280740
0.258274
0.220168
0.189493
0.200207
0.200639
0.194159
0.207638
0.221896
0.533656
0.212909
0.238227
0.229327
0.196233
0.208848
0.264495
0.403612
0.396138
0.417200
0.530513
0.416227
0.283418
0.254610
0.316029
0.188948
0.165394
0.168565
0.140465
0.158533
0.134952
0.157297
0.146176
0.191307
0.266197
0.640759
0.297555
0.310533
0.235730
0.219675
0.263873
0.257746
0.275305
0.431591
0.607846
0.463303
0.293908
0.266180
0.299965
0.185328
0.136119
0.126622
0.121688
0.113229
0.120306
0.109600
0.103525
0.141821
0.196146
0.236153
0.173931
0.199214
0.599032
0.268444
0.215657
0.249832
0.207016
0.212832
0.233561
0.258576
0.238771
0.230969
0.177612
0.152977
0.180956
0.183021
0.170569
0.158645
0.151819
0.146894
0.156571
0.145684
0.233474
0.225871
0.169533
0.628100
0.494254
0.287393
0.260088
0.283591
0.315216
0.403439
0.461937
0.489674
0.418820
0.318327
0.381059
0.141018
0.153029
0.130822
0.150955
0.105591
0.129353
0.098937
0.135315
0.164175
0.274864
0.512572
0.381751
0.314180
0.303551
0.361099
0.231228
0.274691
0.289121
0.433336
0.442582
0.478787
0.341225
0.470232
0.429189
0.174458
0.157522
0.130822
0.116824
0.110602
0.122354
0.130908
0.095913
0.180938
0.336818
0.319882
0.306489
0.270630
0.178865
0.257496
0.306489
0.167286
0.152424
0.137216
0.331720
0.271840
0.462974
0.382269
0.322734
0.180334
0.179297
0.132896
0.126501
0.103085
0.127625
0.133155
0.109738
0.130649
0.282813
0.210058
0.204441
0.183099
0.183531
0.345459
0.297848
0.260693
0.189925
0.136525
0.170224
0.229068
0.203491
0.241078
0.182494
0.132377
0.157522
0.142573
0.104122
0.107492
0.116737
0.150004
0.106282
0.269075
0.302169
0.565886
0.173939
0.162793
0.186123
0.187073
0.150696
0.217057
0.330683
0.164348
0.262767
0.249028
0.242547
0.198566
0.378554
0.169014
0.176618
0.175408
0.154498
0.147498
0.176532
0.142660
0.162620
0.164002
0.213860
0.720729
0.455802
0.270457
0.395230
0.369221
0.313834
0.352718
0.227512
0.214724
0.213514
0.282036
0.264149
0.202454
0.235375
0.163657
0.126674
0.140931
0.157090
0.307872
0.202022
0.122354
0.117256
0.157003
0.426683
0.363432
0.493908
0.246349
0.213341
0.218612
0.305798
0.278839
0.302082
0.177741
0.215415
0.289035
0.193122
0.193900
0.196578
0.171779
0.144042
0.137562
0.130735
0.118379
0.114836
0.109565
0.104554
0.101184
0.250151
0.520608
0.183185
0.237363
0.225957
0.174631
0.207638
0.144042
0.204182
0.205910
0.243843
0.254472
0.394885
0.266310
0.181457
0.307008
0.152769
0.112849
0.133068
0.103776
0.139117
0.111639
0.131427
0.165126
0.443446
0.314093
0.178692
0.143783
0.182407
0.162793
0.263631
0.377517
0.326709
0.335609
0.237795
0.288862
0.516547
0.250238
0.178519
0.146894
0.134364
0.117169
0.116392
0.127538
0.126415
0.127625
0.106455
0.166854
0.190875
0.380714
0.393848
0.500475
0.337510
0.403698
0.210663
0.468850
0.295170
0.245312
0.194850
0.193295
0.241510
0.185000
0.165212
0.208071
0.135229
0.130649
0.134969
0.123391
0.118293
0.107319
0.130822
0.111207
0.130735
0.172557
0.132377
0.169360
0.283418
0.492699
0.160373
0.191394
0.241078
0.309686
0.157522
0.334226
0.230191
0.223710
0.180506
0.179124
0.158386
0.117342
0.133328
0.111898
0.116478
0.135833
0.111380
0.191394
0.207120
0.270198
0.206429
0.382183
0.527867
0.384516
0.158127
0.139808
0.125032
0.164175
0.187246
0.248509
0.315130
0.234425
0.206774
0.198566
0.133500
0.109133
0.153201
0.115528
0.099369
0.112503
0.135574
0.195973
0.260347
0.427115
0.229500
0.169792
0.260952
0.195282
0.145770
0.164780
0.178951
0.260693
0.332412
0.385725
0.171520
0.202627
0.307526
0.130822
0.132896
0.162620
0.126415
0.114231
0.096345
0.144733
0.115355
0.128834
0.251361
0.495377
0.140759
0.168323
0.155275
0.161151
0.345114
0.374579
0.207552
0.175840
0.179124
0.209539
0.152424
0.329819
0.257928
0.185259
0.155362
0.146462
0.155362
0.149572
0.190270
0.142660
0.155362
0.171693
0.260607
0.470751
0.364815
0.277111
0.390737
0.358248
0.136438
0.154670
0.156485
0.214897
0.234511
0.305193
0.419943
0.285665
0.172643
0.173680
0.120885
0.155621
0.102134
0.111726
0.113799
0.129698
0.114231
0.168323
0.225093
0.550160
0.118725
0.169619
0.156226
0.240992
0.164780
0.169619
0.160287
0.146030
0.164780
0.246868
0.176964
0.159855
0.132636
0.152769
0.148967
0.119243
0.132118
0.099801
0.120798
0.123650
0.117169
0.120885
0.209539
0.239350
0.523287
0.478787
0.189234
0.282295
0.199689
0.389355
0.285319
0.167545
0.230018
0.251275
0.212305
0.165817
0.194936
0.164089
0.106973
0.128143
0.122527
0.118811
0.149140
0.106368
0.091852
0.084593
0.156831
0.281777
0.348051
0.186469
0.146894
0.134451
0.166422
0.146634
0.175149
0.366024
0.269679
0.413981
0.340966
0.269334
0.269247
0.153720
0.153806
0.116564
0.102566
0.111121
0.082174
0.116651
0.134019
0.132982
0.163743
0.178260
0.191307
0.209799
0.099974
0.427374
0.202972
0.170397
0.237104
0.235375
0.223278
0.240041
0.390305
0.344077
0.166249
0.125119
0.155448
0.137994
0.162533
0.098073
0.118465
0.120626
0.110775
0.113367
0.224574
0.448198
0.175927
0.140845
0.162793
0.215847
0.155794
0.171261
0.479219
0.381319
0.262508
0.203664
0.197529
0.181975
0.205737
0.141796
0.137648
0.109220
0.116392
0.119762
0.186123
0.112244
0.110343
0.147239
0.243930
0.640370
0.344854
0.239437
0.194936
0.269939
0.153029
0.155621
0.138944
0.530632
0.358593
0.203923
0.230882
0.147153
0.173162
0.138944
0.135315
0.111985
0.106714
0.104554
0.138339
0.104554
0.124860
0.116392
0.277111
0.296898
0.251102
0.207552
0.246695
0.551283
0.225439
0.197097
0.191739
0.259570
0.232870
0.280480
0.223710
0.238702
0.259721
0.195369
0.146721
0.124514
0.121403
0.102653
0.118897
0.144647
0.110343
0.189838
0.551456
0.310637
0.306230
0.513091
0.209453
0.229673
0.217921
0.176013
0.457617
0.229845
0.250842
0.368876
0.270457
0.238227
0.231401
0.219131
0.350229
0.191757
0.176938
0.182822
0.171364
0.130960
0.141709
0.200423
0.298064
0.545693
0.404398
0.365774
0.271874
0.566949
0.395273
0.271459
0.220608
0.197961
0.261376
0.382684
0.409263
0.191739
0.193770
0.198242
0.157619
0.155621
0.156571
0.117731
0.111142
0.140845
0.117083
0.247473
0.317377
0.451309
0.267001
0.242288
0.145036
0.171347
0.209367
0.300613
0.286529
0.261125
0.211613
0.218094
0.218353
0.205046
0.192171
0.149572
0.128057
0.143437
0.124946
0.108874
0.102307
0.114663
0.119589
0.173334
0.198998
0.531582
0.316426
0.175754
0.308477
0.166508
0.170051
0.441372
0.248337
0.364383
0.308390
0.264409
0.238573
0.262940
0.194159
0.184654
0.176791
0.124341
0.142228
0.111034
0.116996
0.120366
0.116737
0.186555
0.468591
0.465912
0.192863
0.211872
0.263285
0.208935
0.110429
0.130822
0.274691
0.207034
0.207984
0.275296
0.191567
0.176877
0.176359
0.172643
0.166163
0.138771
0.123045
0.136265
0.120366
0.110861
0.109911
0.149313
0.217489
0.204614
0.377171
0.339411
0.187333
0.219476
0.233993
0.191480
0.202281
0.260952
0.248509
0.239609
0.197702
0.214378
0.156571
0.175063
0.128229
0.094271
0.097555
0.107060
0.142228
0.125724
0.119329
0.100147
0.210749
0.609177
0.229586
0.433250
0.133760
0.212650
0.263976
0.391688
0.262853
0.466517
0.350125
0.467467
0.233474
0.199430
0.190011
0.140586
0.125637
0.111812
0.095308
0.120107
0.117342
0.126329
0.151560
0.178692
0.226648
0.580143
0.296380
0.193036
0.151300
0.226043
0.190011
0.144301
0.160978
0.198998
0.189579
0.262421
0.230537
0.269334
0.168841
0.172384
0.127884
0.148967
0.128316
0.166422
0.117861
0.124600
0.135661
0.168668
0.242288
0.601745
0.222069
0.251188
0.215588
0.498142
0.315908
0.192171
0.271926
0.181457
0.161583
0.239869
0.169100
0.158472
0.142055
0.173334
0.173334
0.113022
0.122095
0.132809
0.134797
0.110516
0.132118
0.132809
0.233474
0.265445
0.568997
0.209107
0.220254
0.185086
0.155362
0.139808
0.205133
0.258187
0.334831
0.271926
0.246436
0.205478
0.220168
0.162274
0.164521
0.159509
0.132463
0.109565
0.158386
0.140413
0.114836
0.115009
0.173939
0.477923
0.567009
0.490279
0.479997
0.358507
0.320228
0.133328
0.164262
0.152165
0.229154
0.277975
0.228722
0.210749
0.245053
0.570120
0.171088
0.157608
0.112071
0.121403
0.128575
0.140931
0.111553
0.125724
0.172211
0.223624
0.477404
0.261643
0.171779
0.172730
0.413808
0.213601
0.197010
0.201763
0.245312
0.342521
0.290331
0.261643
0.313748
0.204873
0.129526
0.147758
0.136352
0.167459
0.134451
0.098678
0.151387
0.134797
0.269766
0.442668
0.358420
0.146030
0.151214
0.338460
0.454765
0.195541
0.192690
0.190443
0.273654
0.258274
0.259656
0.190270
0.176704
0.170829
0.136784
0.130044
0.102134
0.154843
0.109997
0.122354
0.101702
0.119848
0.204614
0.389441
0.513264
0.320833
0.281085
0.212996
0.234511
0.456407
0.171606
0.237276
0.204096
0.335954
0.243671
0.224056
0.340966
0.650652
0.171693
0.153547
0.146634
0.150868
0.147585
0.131081
0.129698
0.132031
0.174717
0.452778
0.629914
0.254817
0.221809
0.201849
0.305107
0.200467
0.218094
0.219390
0.297935
0.284023
0.330683
0.318241
0.481638
0.420289
0.324808
0.137043
0.163657
0.143524
0.179988
0.161756
0.175668
0.144820
0.237017
0.312970
0.568565
0.422276
0.301046
0.307353
0.462369
0.410611
0.582908
0.499525
0.460382
0.490798
0.501080
0.472479
0.523028
0.308649
0.206947
0.160114
0.170310
0.175754
0.134019
0.160978
0.142314
0.146289
0.434632
0.399464
0.448371
0.497278
0.455975
0.213601
0.280653
0.301650
0.189406
0.177655
0.181975
0.216020
0.204787
0.221550
0.366629
0.489069
0.193727
0.177396
0.222846
0.182753
0.138771
0.110170
0.136784
0.165126
0.245744
0.752787
0.773697
0.198479
0.197529
0.244708
0.227944
0.243325
0.289985
0.227944
0.219563
0.300613
0.279011
0.287220
0.362654
0.380887
0.360149
0.177914
0.118984
0.126501
0.128489
0.108442
0.114836
0.136870
0.310205
0.460209
0.464097
0.179988
0.275814
0.268815
0.230709
0.216452
0.199257
0.207034
0.197097
0.276246
0.264581
0.251707
0.267346
0.340102
0.193554
0.137994
0.131427
0.144388
0.127625
0.142055
0.109997
0.168841
0.212650
0.474207
0.578156
0.327659
0.340793
0.222673
0.250065
0.198738
0.201158
0.181716
0.156226
0.201158
0.238140
0.193295
0.210317
0.194332
0.200294
0.184395
0.153288
0.110257
0.141364
0.164175
0.135229
0.152078
0.127538
0.255076
0.812495
0.214638
0.189838
0.270111
0.224142
0.409660
0.235980
0.465998
0.572712
0.245485
0.228376
0.275642
0.268470
0.305107
0.254040
0.173853
0.131254
0.115700
0.111726
0.117601
0.129871
0.126415
0.214810
0.331116
0.523114
0.181716
0.235807
0.193813
0.214378
0.235030
0.244967
0.234684
0.458999
0.367753
0.331548
0.558973
0.190616
0.209971
0.144215
0.173939
0.138598
0.138166
0.117947
0.127106
0.129353
0.108615
0.182235
0.214205
0.607276
0.142055
0.216884
0.202540
0.460296
0.204528
0.420634
0.224315
0.198479
0.295775
0.310032
0.206602
0.222069
0.235289
0.253867
0.212391
0.218353
0.155016
0.138339
0.142055
0.147758
0.124341
0.146116
0.215242
0.512745
0.307785
0.161065
0.197615
0.202713
0.158386
0.226562
0.158386
0.173853
0.189320
0.160287
0.210231
0.239005
0.218785
0.194418
0.135315
0.141882
0.101702
0.115960
0.128575
0.094271
0.161842
0.113627
0.205910
0.425732
0.453124
0.315735
0.177828
0.199689
0.195801
0.408364
0.436360
0.595524
0.392379
0.518362
0.289380
0.239091
0.226475
0.193122
0.235462
0.156485
0.161065
0.175495
0.147498
0.131167
0.152165
0.191567
0.458827
0.620150
0.436015
0.510067
0.327486
0.245312
0.247559
0.182321
0.176877
0.195887
0.205305
0.249546
0.203232
0.226735
0.210058
0.201071
0.179037
0.168236
0.148017
0.149140
0.172384
0.144388
0.152251
0.147671
0.455025
0.277629
0.154325
0.139981
0.154152
0.165039
0.169446
0.202195
0.214983
0.196578
0.172686
0.237276
0.195541
0.296466
0.337769
0.211872
0.183876
0.215502
0.164607
0.162706
0.138771
0.131945
0.148967
0.167545
0.234727
0.386957
0.271159
0.155929
0.133741
0.131892
0.125205
0.190962
0.200294
0.462110
0.408537
0.417005
0.441718
0.354191
0.277549
0.258109
0.215329
0.167208
0.152000
0.159967
0.174717
0.167822
0.165463
0.161272
0.225490
0.354955
0.552614
0.233794
0.258066
0.209773
0.231236
0.270016
0.200544
0.237371
0.221317
0.202575
0.190828
0.234336
0.243389
0.246133
0.221749
0.172833
0.158766
0.154247
0.137622
0.125439
0.138348
0.139143
0.189856
0.439661
0.266975
0.215968
0.232775
0.267200
0.208744
0.210378
0.209946
0.220496
0.294090
0.345528
0.257409
0.221170
0.250920
0.208585
0.185429
0.152078
0.140499
0.127495
0.123412
0.114674
0.112249
0.148236
0.160439
0.429308
0.332385
0.180536
0.143193
0.150185
0.139553
0.158993
0.144302
0.209108
0.242720
0.248250
0.206602
0.249374
0.159768
0.163916
0.130822
0.195196
0.119848
0.113367
0.136438
0.131513
0.148881
0.114836
0.223624
0.505487
0.703707
0.261903
0.261384
0.248423
0.169619
0.206861
0.193208
0.150436
0.200207
0.224315
0.338287
0.288084
0.286529
0.203145
0.158818
0.184740
0.138253
0.156831
0.104381
0.114145
0.120107
0.139376
0.331807
0.618509
0.538408
0.393416
0.325153
0.328955
0.426251
0.197183
0.212305
0.222846
0.323339
0.276938
0.260002
0.235548
0.191394
0.318327
0.274000
0.128748
0.150696
0.153979
0.139549
0.127797
0.167632
0.212132
0.346496
0.701979
0.302601
0.379936
0.221464
0.203750
0.165471
0.291281
0.247127
0.513782
0.278493
0.312711
0.254817
0.306576
0.269247
0.224402
0.226216
0.169619
0.172038
0.161237
0.159941
0.217921
0.149745
0.192863
0.271580
0.559406
0.233993
0.242720
0.166681
0.286443
0.364123
0.210749
0.503240
0.226735
0.234166
0.254299
0.249806
0.278061
0.249374
0.220945
0.220340
0.208675
0.211181
0.181975
0.198134
0.151646
0.164089
0.199689
0.340361
0.688326
0.275555
0.265359
0.235030
0.233388
0.215070
0.194332
0.192690
0.298021
0.316253
0.289553
0.244880
0.216193
0.275901
0.252484
0.158732
0.121922
0.139376
0.126501
0.124082
0.140499
0.156917
0.218612
0.236672
0.563121
0.203577
0.273049
0.209280
0.280740
0.240906
0.198134
0.251707
0.388404
0.467813
0.321611
0.265445
0.261125
0.262853
0.286961
0.209194
0.272704
0.246004
0.134710
0.148881
0.125637
0.129785
0.259656
0.311242
0.578847
0.315648
0.208935
0.186382
0.209453
0.202454
0.258274
0.246436
0.276074
0.267778
0.188715
0.204009
0.192776
0.204009
0.174199
0.186555
0.162274
0.148103
0.151387
0.148795
0.120798
0.115787
0.202800
0.261816
0.581526
0.400242
0.256891
0.272272
0.326449
0.262853
0.320315
0.305798
0.256200
0.384948
0.571330
0.355396
0.301996
0.481206
0.231055
0.256027
0.213601
0.142832
0.134710
0.164262
0.156571
0.152510
0.225352
0.336732
0.841701
0.234166
0.273049
0.277197
0.246781
0.312624
0.305798
0.423745
0.449149
0.278925
0.339670
0.241770
0.258619
0.231055
0.235462
0.162015
0.171779
0.163225
0.173853
0.156399
0.145252
0.209712
0.208848
0.338028
0.607621
0.324116
0.242288
0.215415
0.209021
0.248423
0.471788
0.661108
0.498056
0.481033
0.496587
0.378208
0.302169
0.270630
0.235116
0.178778
0.182062
0.146634
0.158818
0.170829
0.156571
0.159336
0.246695
0.290590
0.599240
0.380714
0.196405
0.218526
0.211095
0.196665
0.208762
0.273741
0.240214
0.303033
0.316858
0.326190
0.426078
0.396958
0.247213
0.172902
0.163570
0.170915
0.175927
0.150696
0.157003
0.183099
0.253953
0.317895
0.654886
0.368876
0.602091
0.277111
0.225611
0.284801
0.210490
0.271667
0.315216
0.373801
0.462369
0.334658
0.336991
0.232438
0.229845
0.175322
0.215674
0.177309
0.159164
0.159077
0.152078
0.176445
0.209799
0.234425
0.515251
0.537371
0.388318
0.300873
0.362482
0.262680
0.407068
0.230018
0.315821
0.266223
0.304675
0.261039
0.274259
0.292578
0.300095
0.182062
0.230364
0.207984
0.175235
0.160892
0.160805
0.170137
0.311069
0.312538
0.512918
0.458049
0.293010
0.340880
0.354619
0.392033
0.350557
0.406723
0.434892
0.641839
0.509807
0.383565
0.346842
0.463579
0.402921
0.307353
0.239955
0.200294
0.143869
0.160546
0.138166
0.167977
0.148967
0.237881
0.472393
0.525015
0.302947
0.242202
0.293787
0.237190
0.253435
0.297503
0.310550
0.349520
0.271667
0.287652
0.325413
0.255422
0.255422
0.326795
0.227080
0.202540
0.182235
0.179729
0.161497
0.214465
0.333189
0.280567
0.610905
0.343299
0.235203
0.515942
0.294219
0.216711
0.204096
0.303551
0.284196
0.402402
0.314007
0.262853
0.297848
0.287566
0.290849
0.223106
0.218526
0.212737
0.228722
0.181802
0.178001
0.191394
0.207293
0.267865
0.692906
0.546099
0.430830
0.260088
0.236931
0.224315
0.264149
0.235462
0.384775
0.434287
0.435151
0.309686
0.404908
0.335090
0.289121
0.234857
0.165644
0.178951
0.191221
0.168496
0.184913
0.224229
0.257323
0.542124
0.359717
0.179901
0.191739
0.227944
0.255509
0.238054
0.291195
0.298453
0.279271
0.323166
0.311587
0.328264
0.302860
0.299922
0.232524
0.172038
0.204355
0.181802
0.179815
0.176704
0.191135
0.200985
0.237881
0.282986
0.441372
0.552579
0.302082
0.291454
0.280653
0.266050
0.246263
0.279876
0.341830
0.406982
0.333535
0.294133
0.306057
0.234511
0.232870
0.218267
0.172125
0.134105
0.138426
0.170224
0.164175
0.148449
0.152769
0.298108
0.660849
0.288344
0.171866
0.261471
0.434892
0.330079
0.228204
0.261989
0.191653
0.209107
0.318154
0.222760
0.198566
0.230969
0.236758
0.176532
0.170137
0.177741
0.158386
0.165039
0.136525
0.197356
0.255768
0.326363
0.531841
0.511363
0.266655
0.253089
0.208503
0.236844
0.225093
0.284282
0.240128
0.358248
0.342435
0.238918
0.234771
0.237104
0.226216
0.178605
0.161151
0.143351
0.144820
0.160287
0.147326
0.178519
0.204701
0.335350
0.624125
0.280480
0.337510
0.263285
0.360149
0.214033
0.222673
0.376566
0.304675
0.653849
0.410697
0.295343
0.329906
0.360494
0.224574
0.183185
0.198047
0.172816
0.173248
0.147066
0.163052
0.150955
0.188024
0.347274
0.674674
0.564244
0.371987
0.261816
0.324289
0.241770
0.208071
0.255076
0.691955
0.409142
0.303897
0.226735
0.260866
0.243930
0.221637
0.207120
0.174717
0.176013
0.155966
0.163138
0.152078
0.167632
0.318759
0.797373
0.380022
0.296293
0.349175
0.461678
0.320315
0.246176
0.319882
0.414672
0.330424
0.311760
0.288171
0.286788
0.289035
0.232092
0.233647
0.308477
0.249114
0.197010
0.245917
0.204873
0.167027
0.156658
0.205478
0.393848
0.626717
0.330079
0.281431
0.387886
0.364123
0.271494
0.310378
0.321870
0.367925
0.395144
0.484144
0.407155
0.312624
0.314180
0.266569
0.196405
0.197961
0.173075
0.172125
0.185345
0.177050
0.191048
0.270111
0.361358
0.278493
0.313229
0.444224
0.437311
0.550851
0.279357
0.243498
0.260952
0.305452
0.294651
0.369221
0.284023
0.298972
0.427115
0.260088
0.246608
0.314180
0.210922
0.180852
0.178346
0.225525
0.177396
0.251793
0.451655
0.442755
0.230623
0.284714
0.219476
0.251275
0.249546
0.316858
0.324721
0.195369
0.215847
0.367666
0.261903
0.255595
0.227858
0.181370
0.190443
0.181284
0.155448
0.142055
0.183099
0.134537
0.140586
0.185950
0.325931
0.689795
0.432386
0.216884
0.235375
0.282295
0.250324
0.199084
0.237190
0.341571
0.246263
0.234166
0.230364
0.257669
0.200985
0.163916
0.164002
0.157867
0.161194
0.165709
0.157857
0.157992
0.174736
0.144484
0.284201
0.609438
0.494773
0.175927
0.192949
0.230105
0.188240
0.203642
0.265132
0.327486
0.354359
0.296725
0.237017
0.219390
0.268815
0.200294
0.166767
0.169360
0.194072
0.185518
0.227512
0.186036
0.182235
0.199170
0.346064
0.650652
0.299317
0.261557
0.274691
0.484576
0.320401
0.308217
0.307526
0.379763
0.317636
0.364123
0.266742
0.263372
0.229586
0.211872
0.198220
0.278752
0.193122
0.205824
0.175063
0.197270
0.186987
0.242807
0.362741
0.581008
0.484576
0.252052
0.253867
0.387454
0.337337
0.235462
0.519053
0.301046
0.310032
0.347619
0.291800
0.277543
0.225871
0.227253
0.139981
0.150523
0.166163
0.178605
0.210317
0.161497
0.173075
0.164434
0.293528
0.729716
0.550592
0.565022
0.267346
0.265445
0.570725
0.378121
0.563899
0.420893
0.413981
0.377257
0.396008
0.422794
0.382874
0.280135
0.241597
0.155966
0.198393
0.152856
0.166595
0.162879
0.218353
0.230882
0.308995
0.645295
0.512313
0.356606
0.315821
0.405686
0.484749
0.351508
0.621965
0.574095
0.385985
0.436965
0.404735
0.394539
0.502117
0.291541
0.247645
0.170656
0.205565
0.202368
0.174976
0.186728
0.171520
0.213601
0.318241
0.586710
0.844206
0.944526
0.429880
0.463838
0.429534
0.499525
0.638728
0.684352
0.644777
0.820963
0.519399
0.390737
0.334140
0.288171
0.237190
0.146289
0.174803
0.163916
0.205910
0.158559
0.203404
0.256113
0.493995
0.701979
0.967511
0.454161
0.381319
0.387194
0.381319
0.289467
0.372505
0.370345
0.430226
0.376307
0.259829
0.276938
0.310032
0.433682
