0.168284
0.140840
0.144625
0.085933
0.117778
0.106425
0.137536
0.167695
0.176012
0.254011
0.151335
0.190232
0.252303
0.127055
0.105637
0.097263
0.281299
0.305911
0.181909
0.187309
0.239928
0.162978
0.114047
0.121661
0.129774
0.113273
0.072434
0.092513
0.096493
0.103237
0.147990
0.130104
0.121373
0.265792
0.359040
0.303091
0.266747
0.183115
0.306050
0.159567
0.223048
0.298605
0.250990
0.181509
0.141049
0.131037
0.110503
0.144839
0.110599
0.128771
0.083393
0.121630
0.091988
0.106036
0.142648
0.150256
0.139282
0.134560
0.184624
0.168237
0.159644
0.209516
0.123941
0.278530
0.210560
0.305998
0.266128
0.329742
0.251775
0.351945
0.319961
0.404789
0.128867
0.139015
0.191287
0.162490
0.189332
0.161863
0.140760
0.144849
0.295374
0.336352
0.305368
0.243602
0.218065
0.170627
0.170273
0.195234
0.234292
0.291530
0.155661
0.168740
0.239187
0.157100
0.213554
0.186473
0.172282
0.168136
0.144567
0.134481
0.130433
0.165730
0.177461
0.144280
0.256887
0.163549
0.291409
0.250127
0.199405
0.191147
0.272630
0.205059
0.268971
0.534510
0.387556
0.342706
0.267412
0.282136
0.356451
0.258506
0.213510
0.185306
0.191687
0.182117
0.173269
0.188687
0.123374
0.218865
0.192594
0.145560
0.138684
0.113982
0.154751
0.115889
0.348265
0.197063
0.240116
0.162922
0.157893
0.144093
0.145000
0.187404
0.238761
0.242892
0.103295
0.071652
0.100076
0.137183
0.119657
0.128434
0.178525
0.113370
0.216174
0.197151
0.297623
0.250473
0.133162
0.125874
0.196292
0.240525
0.546733
0.310111
0.181169
0.298094
0.248338
0.190117
0.106673
0.110704
0.125758
0.094764
0.125359
0.101844
0.110072
0.090004
0.187054
0.116127
0.206989
0.241618
0.248632
0.286598
0.247187
0.236343
0.144323
0.259187
0.238622
0.539409
0.308234
0.223540
0.229237
0.157876
0.155497
0.116847
0.115347
0.102908
0.093933
0.135223
0.106383
0.102107
0.115938
0.113460
0.140990
0.210345
0.118537
0.157760
0.156601
0.158677
0.144955
0.196540
0.182544
0.254151
0.178311
0.162368
0.227794
0.265800
0.109390
0.138485
0.114807
0.093057
0.095379
0.094032
0.113255
0.081137
0.142842
0.220691
0.123602
0.195147
0.200019
0.224990
0.178435
0.160785
0.154729
0.154323
0.122024
0.156503
0.410048
0.338759
0.391235
0.224431
0.173200
0.156594
0.107868
0.100360
0.111790
0.092688
0.097157
0.126342
0.136283
0.160005
0.213826
0.235052
0.288458
0.121980
0.163518
0.205573
0.108636
0.134970
0.145710
0.229916
0.176617
0.166891
0.165660
0.119601
0.114926
0.096083
0.136830
0.105642
0.108708
0.108044
0.091959
0.090928
0.130996
0.142576
0.225771
0.152616
0.181099
0.136271
0.148267
0.114448
0.099822
0.143282
0.181296
0.217559
0.274441
0.199224
0.185142
0.155051
0.233410
0.153545
0.144583
0.184435
0.105338
0.130162
0.116836
0.195565
0.224050
0.209155
0.194067
0.145765
0.158771
0.197920
0.132394
0.130183
0.108482
0.139576
0.154569
0.197597
0.187845
0.148101
0.132882
0.123395
0.113531
0.122467
0.148598
0.113386
0.124185
0.115852
0.105649
0.107426
0.159621
0.207197
0.376563
0.264369
0.164719
0.311231
0.131663
0.127100
0.133890
0.141240
0.103879
0.321700
0.394900
0.375699
0.285547
0.190373
0.174335
0.099103
0.095073
0.139869
0.090148
0.071903
0.124670
0.111659
0.138943
0.150463
0.127291
0.211089
0.231405
0.208652
0.244777
0.236677
0.178315
0.165203
0.145951
0.158047
0.193032
0.179055
0.137807
0.100905
0.098922
0.140712
0.107189
0.085928
0.096966
0.125978
0.124784
0.119231
0.130024
0.151225
0.158863
0.143001
0.126363
0.494097
0.229705
0.351707
0.345575
0.206568
0.178676
0.350043
0.177476
0.197556
0.188001
0.189386
0.115132
0.143790
0.085089
0.094565
0.081525
0.079386
0.064728
0.100139
0.119696
0.102121
0.132877
0.123188
0.132685
0.146370
0.116360
0.135056
0.154246
0.126141
0.160607
0.366328
0.400892
0.255252
0.238140
0.146097
0.144314
0.130258
0.113344
0.086447
0.083270
0.075675
0.076385
0.134377
0.128167
0.171144
0.165588
0.232589
0.187954
0.224957
0.118349
0.125829
0.085357
0.137460
0.087514
0.171481
0.140163
0.159953
0.132851
0.137115
0.113101
0.109926
0.138258
0.089833
0.070603
0.087839
0.068237
0.094043
0.118231
0.174881
0.139637
0.102981
0.111774
0.102041
0.097598
0.114251
0.127630
0.224976
0.208261
0.347125
0.239360
0.268783
0.120529
0.091588
0.103668
0.083831
0.108265
0.123473
0.087336
0.113461
0.108456
0.135963
0.143760
0.154325
0.172974
0.161882
0.124080
0.199492
0.129062
0.211736
0.124105
0.180520
0.117420
0.224242
0.168131
0.142282
0.182913
0.198126
0.131595
0.140240
0.105633
0.087588
0.126448
0.091437
0.094119
0.119497
0.146862
0.195670
0.100525
0.243884
0.143784
0.113539
0.319838
0.193503
0.144883
0.183543
0.186445
0.226459
0.177894
0.158388
0.112394
0.120247
0.145346
0.120453
0.092573
0.080406
0.083271
0.079035
0.111395
0.102465
0.150798
0.175115
0.157730
0.229951
0.198801
0.182366
0.190031
0.180738
0.190461
0.119924
0.222276
0.172620
0.170283
0.103201
0.176483
0.128400
0.124966
0.119611
0.103755
0.090212
0.077365
0.094809
0.111336
0.063333
0.092496
0.259363
0.172010
0.285596
0.150194
0.173121
0.149557
0.114569
0.103822
0.153308
0.132898
0.253851
0.351852
0.212167
0.193049
0.124852
0.099505
0.099045
0.107251
0.093602
0.112658
0.117935
0.073138
0.139502
0.127408
0.157445
0.188850
0.175955
0.156520
0.113749
0.176657
0.197529
0.179587
0.134513
0.110616
0.226571
0.212531
0.202308
0.204939
0.163264
0.146224
0.098865
0.080328
0.096633
0.074396
0.098507
0.084563
0.142602
0.171690
0.162672
0.156520
0.201938
0.149344
0.347228
0.350422
0.242405
0.352671
0.184311
0.296171
0.506808
0.411984
0.357997
0.280986
0.303332
0.380114
0.147367
0.070441
0.080374
0.105819
0.109120
0.138561
0.116702
0.095763
0.221415
0.257544
0.272014
0.260039
0.248620
0.097680
0.160199
0.152822
0.135166
0.212175
0.182034
0.163652
0.257222
0.198882
0.118468
0.241258
0.119838
0.122191
0.110247
0.123405
0.125390
0.121696
0.141971
0.159555
0.167298
0.153081
0.238521
0.206088
0.149632
0.107978
0.066946
0.124670
0.113630
0.124067
0.178794
0.126650
0.170173
0.224637
0.205987
0.168602
0.121337
0.094882
0.126866
0.076190
0.078297
0.084190
0.091655
0.161924
0.154491
0.194935
0.210262
0.140331
0.239159
0.187041
0.180675
0.099745
0.151465
0.170419
0.134762
0.197870
0.171106
0.155177
0.109047
0.143227
0.078138
0.136106
0.090511
0.092111
0.079944
0.095831
0.112507
0.171925
0.182328
0.120662
0.219654
0.127522
0.226603
0.178813
0.246383
0.178718
0.170517
0.249751
0.223509
0.194626
0.143974
0.197645
0.308092
0.157745
0.107496
0.090806
0.070381
0.145383
0.080052
0.080008
0.081079
0.146345
0.173346
0.121385
0.217682
0.122875
0.101133
0.093680
0.143059
0.086205
0.117577
0.152264
0.197551
0.266578
0.202003
0.122386
0.143468
0.083631
0.123763
0.064711
0.083935
0.079977
0.092438
0.060598
0.092808
0.088103
0.092735
0.112777
0.131365
0.083252
0.188254
0.111553
0.086321
0.099563
0.111501
0.113245
0.315283
0.162418
0.136700
0.111429
0.128027
0.104677
0.084873
0.112020
0.111344
0.116075
0.144590
0.122043
0.083548
0.102537
0.131654
0.151611
0.117591
0.086493
0.169218
0.095517
0.149946
0.128797
0.092722
0.110373
0.176421
0.182662
0.298863
0.239529
0.137033
0.128516
0.131094
0.114222
0.114175
0.090741
0.108645
0.087481
0.141943
0.126294
0.168489
0.152447
0.120530
0.205897
0.133699
0.121765
0.125573
0.107424
0.144963
0.099746
0.246301
0.286016
0.190197
0.152328
0.102247
0.115939
0.094895
0.128073
0.130033
0.129336
0.089008
0.136245
0.146272
0.145865
0.095841
0.141255
0.103929
0.241084
0.091161
0.134713
0.193168
0.124574
0.107126
0.104152
0.186522
0.288851
0.198518
0.198761
0.151512
0.094736
0.134912
0.101216
0.085072
0.085474
0.112501
0.126458
0.093248
0.150149
0.163483
0.183450
0.192681
0.126716
0.127991
0.148202
0.085967
0.113620
0.131464
0.155126
0.270018
0.276727
0.150868
0.164007
0.160214
0.147748
0.228512
0.081021
0.104068
0.102018
0.089816
0.075436
0.095704
0.184578
0.118204
0.171510
0.196902
0.241059
0.350797
0.459385
0.292398
0.245649
0.164274
0.248394
0.265917
0.302903
0.331704
0.223378
0.276646
0.395551
0.156339
0.077281
0.074084
0.108718
0.103687
0.125556
0.104914
0.207273
0.276634
0.133551
0.170587
0.087824
0.147028
0.123693
0.087626
0.097111
0.134105
0.071169
0.192136
0.237948
0.230324
0.224232
0.192232
0.229361
0.121571
0.098413
0.091134
0.080052
0.066859
0.102414
0.122923
0.108586
0.280458
0.123708
0.100582
0.126871
0.138773
0.107540
0.087143
0.139015
0.206377
0.136699
0.258869
0.213167
0.134549
0.221359
0.277245
0.196165
0.116543
0.130693
0.130790
0.111730
0.124057
0.126607
0.120350
0.140111
0.129192
0.095625
0.149150
0.131581
0.172895
0.152029
0.123264
0.123646
0.093244
0.113708
0.201641
0.226520
0.125220
0.177807
0.160157
0.108418
0.120706
0.099279
0.100935
0.110392
0.125632
0.103933
0.129486
0.118176
0.171695
0.179099
0.153191
0.091449
0.184985
0.178088
0.130452
0.136864
0.153410
0.233616
0.140680
0.225892
0.171608
0.226764
0.228658
0.112676
0.154922
0.093500
0.077084
0.100557
0.113592
0.111098
0.081304
0.170693
0.134242
0.101815
0.096066
0.160656
0.122634
0.091033
0.108890
0.107751
0.086876
0.086572
0.228722
0.151411
0.135057
0.130834
0.154957
0.144981
0.088188
0.063225
0.070037
0.074623
0.090890
0.124809
0.122441
0.126155
0.258559
0.137558
0.170364
0.172189
0.117311
0.156393
0.176071
0.207415
0.290555
0.133125
0.271205
0.130806
0.227843
0.292424
0.163256
0.142696
0.120951
0.070419
0.067908
0.089601
0.110897
0.091661
0.092317
0.151835
0.143695
0.142144
0.140808
0.324171
0.445810
0.327096
0.294381
0.218974
0.302351
0.141969
0.109250
0.156113
0.127721
0.094513
0.087093
0.155316
0.131605
0.113460
0.115596
0.078481
0.104439
0.090611
0.071538
0.180505
0.224846
0.393614
0.283008
0.147562
0.134030
0.114065
0.087353
0.156107
0.206259
0.171275
0.172567
0.269489
0.248182
0.217259
0.213064
0.220121
0.105160
0.069368
0.127266
0.085345
0.123155
0.070108
0.115322
0.144477
0.177035
0.124971
0.110302
0.130160
0.117002
0.081598
0.119777
0.105424
0.138432
0.095564
0.209685
0.174325
0.137862
0.145554
0.105982
0.127289
0.124217
0.081289
0.112841
0.080542
0.118869
0.092515
0.087436
0.102184
0.124948
0.137696
0.082773
0.164718
0.175675
0.152902
0.128538
0.098351
0.139433
0.119197
0.270365
0.200970
0.090587
0.170761
0.398715
0.158796
0.105912
0.152176
0.076818
0.092815
0.084764
0.111895
0.119785
0.119223
0.253366
0.215210
0.115569
0.098459
0.218050
0.146110
0.151356
0.104753
0.145198
0.092780
0.202987
0.139952
0.114833
0.138558
0.130257
0.141606
0.106114
0.098541
0.066937
0.088451
0.099505
0.095763
0.085171
0.108338
0.151278
0.100451
0.288521
0.162472
0.145019
0.090453
0.112245
0.140971
0.267646
0.323836
0.240524
0.148153
0.115595
0.137064
0.153842
0.124391
0.084996
0.121161
0.085225
0.097718
0.082986
0.102037
0.116237
0.145856
0.097217
0.135106
0.111735
0.140453
0.076056
0.072755
0.104944
0.222309
0.141021
0.168333
0.141874
0.125303
0.115436
0.321572
0.082913
0.095164
0.084047
0.103649
0.073499
0.102382
0.093394
0.089775
0.064274
0.116918
0.194228
0.122473
0.142452
0.105518
0.108183
0.107945
0.087223
0.111095
0.099527
0.360848
0.420555
0.302664
0.319906
0.141991
0.130737
0.266271
0.080096
0.122225
0.067286
0.066155
0.078087
0.103524
0.080735
0.118753
0.122824
0.095282
0.110616
0.107948
0.155855
0.128471
0.123616
0.094236
0.124541
0.378886
0.316313
0.263398
0.134096
0.140910
0.224841
0.119736
0.103254
0.093808
0.071374
0.094927
0.072911
0.068025
0.129103
0.200692
0.194770
0.186623
0.096234
0.093871
0.122132
0.113942
0.109837
0.082959
0.106980
0.147888
0.144710
0.125267
0.194257
0.190815
0.126472
0.100382
0.106828
0.083399
0.096597
0.093236
0.101668
0.072534
0.125727
0.098504
0.154196
0.119463
0.229008
0.084454
0.091386
0.062533
0.087572
0.123743
0.093649
0.136029
0.136955
0.151943
0.117431
0.089111
0.150546
0.123380
0.074192
0.086900
0.065129
0.094298
0.107915
0.095384
0.122635
0.184903
0.150375
0.123138
0.116471
0.087869
0.146565
0.120307
0.102651
0.123679
0.130143
0.130582
0.222642
0.189383
0.200584
0.202188
0.186272
0.258321
0.143997
0.069665
0.101784
0.104219
0.108681
0.079023
0.118529
0.125698
0.161570
0.150461
0.158563
0.261557
0.129551
0.176273
0.155470
0.257136
0.187232
0.204457
0.143518
0.325073
0.260217
0.138253
0.110452
0.151564
0.095705
0.097768
0.097754
0.126316
0.116579
0.074297
0.100384
0.119516
0.117887
0.191829
0.126866
0.165370
0.201998
0.124411
0.162620
0.153782
0.116233
0.160303
0.203989
0.147168
0.192788
0.135812
0.138580
0.093228
0.139823
0.117771
0.078524
0.092495
0.100658
0.129426
0.087331
0.104596
0.231509
0.136104
0.178315
0.158973
0.334482
0.287571
0.242354
0.193845
0.445566
0.276343
0.249774
0.296921
0.211031
0.218252
0.264070
0.170785
0.185544
0.134519
0.083202
0.102894
0.112636
0.073119
0.108576
0.163109
0.119068
0.112261
0.097279
0.168751
0.099725
0.125358
0.141255
0.146818
0.107702
0.107350
0.114616
0.143323
0.172838
0.210213
0.344712
0.165617
0.069977
0.113433
0.079469
0.071720
0.062368
0.072373
0.070501
0.103879
0.096338
0.144469
0.146621
0.083077
0.075536
0.118745
0.162747
0.111954
0.145789
0.077388
0.165682
0.212556
0.205778
0.206513
0.145220
0.106968
0.094807
0.113681
0.069076
0.107974
0.099811
0.127189
0.127680
0.115517
0.113228
0.154534
0.146792
0.131622
0.110180
0.118044
0.081970
0.118463
0.168831
0.160706
0.153437
0.210007
0.193167
0.144895
0.199648
0.089823
0.121286
0.093568
0.117277
0.090806
0.094946
0.114577
0.117692
0.134236
0.171655
0.205307
0.232135
0.210842
0.157527
0.099376
0.070610
0.123586
0.118703
0.099732
0.202915
0.272091
0.271093
0.138215
0.110783
0.109841
0.121883
0.089313
0.082443
0.097561
0.104139
0.098831
0.133445
0.141850
0.171465
0.109087
0.135320
0.113866
0.139820
0.173881
0.098089
0.124878
0.086474
0.159796
0.131672
0.149141
0.173806
0.138839
0.214811
0.162780
0.109475
0.070786
0.101040
0.094094
0.133474
0.104154
0.103885
0.133959
0.093523
0.122308
0.161563
0.315154
0.292471
0.271030
0.094720
0.191368
0.226340
0.143756
0.200156
0.259219
0.299129
0.231146
0.228042
0.188546
0.086709
0.156986
0.092539
0.081216
0.111534
0.099639
0.109714
0.189081
0.156439
0.080475
0.091715
0.136858
0.182479
0.236790
0.318853
0.157622
0.142728
0.194389
0.384788
0.357728
0.338572
0.182147
0.144003
0.142696
0.120700
0.084850
0.081666
0.077352
0.083489
0.067532
0.088105
0.118310
0.142036
0.215840
0.152893
0.191774
0.117274
0.144766
0.090836
0.086092
0.078130
0.191316
0.190479
0.224507
0.264293
0.140925
0.099436
0.137159
0.131756
0.061448
0.086212
0.090876
0.086539
0.079833
0.120838
0.161901
0.126503
0.104801
0.135361
0.129109
0.138497
0.157280
0.120579
0.119359
0.081052
0.095596
0.203677
0.185505
0.170434
0.254394
0.325242
0.211012
0.149387
0.113087
0.095380
0.084710
0.108927
0.111271
0.099540
0.189189
0.125727
0.083325
0.129828
0.091965
0.156720
0.179490
0.197075
0.091504
0.102242
0.118607
0.147840
0.184068
0.118262
0.420897
0.156962
0.105594
0.090822
0.121221
0.109680
0.111569
0.102007
0.096558
0.113104
0.115866
0.122662
0.103020
0.106485
0.107174
0.243335
0.123040
0.118341
0.115423
0.084801
0.110119
0.144279
0.185991
0.216884
0.183462
0.301299
0.318834
0.100159
0.114048
0.147254
0.100103
0.099565
0.112333
0.120849
0.152649
0.213858
0.203521
0.143876
0.137212
0.138759
0.104473
0.140574
0.108542
0.163832
0.408148
0.240743
0.213479
0.129118
0.131800
0.184226
0.171521
0.096754
0.116533
0.090216
0.121401
0.106667
0.095612
0.096509
0.146646
0.149342
0.192859
0.108274
0.152208
0.131784
0.100167
0.226714
0.177091
0.189256
0.298313
0.169469
0.193866
0.192762
0.128537
0.162514
0.145466
0.088276
0.130547
0.099022
0.098497
0.081908
0.124017
0.112625
0.171993
0.173796
0.117801
0.162170
0.253840
0.191475
0.211795
0.396824
0.382083
0.303875
0.348852
0.308501
0.272663
0.162244
0.132537
0.249501
0.191126
0.091615
0.114378
0.096870
0.105868
0.084088
0.116402
0.145702
0.144889
0.235146
0.312085
0.145918
0.343576
0.164722
0.258128
0.287911
0.105097
0.117639
0.134544
0.213407
0.394903
0.218332
0.242140
0.325458
0.138621
0.134342
0.087058
0.113705
0.105045
0.106032
0.126739
0.143704
0.128229
0.128525
0.122504
0.211238
0.192428
0.139583
0.071679
0.101680
0.086093
0.106408
0.165287
0.154156
0.234507
0.190821
0.143555
0.116633
0.093897
0.101963
0.130746
0.119940
0.107138
0.096973
0.111254
0.186010
0.179349
0.106336
0.099074
0.125390
0.150483
0.191619
0.135257
0.136614
0.125363
0.111474
0.160411
0.170309
0.146671
0.117578
0.137414
0.098407
0.111790
0.156775
0.096228
0.101790
0.114026
0.085870
0.125576
0.167513
0.119163
0.105998
0.175050
0.283769
0.253352
0.104021
0.119644
0.128128
0.082630
0.130355
0.129180
0.191891
0.203124
0.156910
0.127048
0.119581
0.139805
0.126250
0.100549
0.125251
0.102547
0.083525
0.108602
0.146592
0.134809
0.166629
0.166934
0.107793
0.167843
0.099162
0.121501
0.100456
0.083132
0.194056
0.152011
0.207733
0.213290
0.105841
0.180588
0.116951
0.147666
0.104714
0.105269
0.112750
0.118450
0.106084
0.112745
0.134623
0.157121
0.327218
0.250277
0.223027
0.281971
0.299106
0.366986
0.209310
0.124953
0.245189
0.179026
0.233679
0.172927
0.246293
0.148192
0.154397
0.111823
0.145127
0.137148
0.115898
0.093194
0.091969
0.140385
0.170432
0.122224
0.085037
0.101945
0.176437
0.166848
0.135135
0.179566
0.425028
0.123052
0.149264
0.301988
0.126192
0.141747
0.152412
0.099139
0.118151
0.077065
0.097134
0.077811
0.089350
0.074583
0.102762
0.075738
0.156124
0.139081
0.138749
0.250547
0.291947
0.093347
0.148084
0.124345
0.096316
0.123516
0.118017
0.131871
0.150382
0.162246
0.215590
0.124458
0.117764
0.080238
0.086742
0.069008
0.065161
0.069451
0.080719
0.128412
0.166084
0.115663
0.101860
0.118160
0.096128
0.113774
0.112317
0.071437
0.110780
0.091940
0.125406
0.158925
0.134381
0.138691
0.245239
0.228467
0.270919
0.106111
0.118851
0.107321
0.069206
0.114811
0.126974
0.092378
0.154941
0.127445
0.146606
0.115823
0.134171
0.141298
0.159343
0.108631
0.188533
0.122399
0.101326
0.352916
0.232355
0.177672
0.136910
0.191334
0.183064
0.149116
0.108500
0.110145
0.077949
0.105672
0.104000
0.100864
0.131258
0.136253
0.154384
0.090042
0.083136
0.136792
0.181327
0.091464
0.105487
0.167368
0.196001
0.173375
0.190572
0.196744
0.160886
0.171609
0.122820
0.080662
0.095283
0.088629
0.071830
0.090952
0.096170
0.078085
0.130029
0.091490
0.110491
0.135993
0.116664
0.144023
0.113725
0.160237
0.139482
0.094263
0.143756
0.270001
0.224981
0.180029
0.164881
0.142864
0.145426
0.163063
0.239263
0.096897
0.077212
0.078375
0.096955
0.096968
0.125503
0.109282
0.196598
0.221643
0.110785
0.164332
0.306147
0.191429
0.096594
0.172893
0.335667
0.378514
0.287809
0.310532
0.403761
0.183223
0.157843
0.107180
0.078429
0.072152
0.127413
0.120973
0.111773
0.102259
0.158885
0.182481
0.095870
0.132926
0.261662
0.325149
0.207326
0.182035
0.203843
0.242621
0.235060
0.302540
0.355069
0.266859
0.207534
0.282574
0.240411
0.124225
0.089829
0.074448
0.083916
0.108407
0.093887
0.089770
0.183225
0.114770
0.207667
0.227082
0.214447
0.090496
0.105925
0.108853
0.101058
0.067067
0.072813
0.135656
0.143257
0.107538
0.147366
0.129023
0.358687
0.157959
0.085344
0.066313
0.107311
0.102928
0.081944
0.075467
0.159898
0.157840
0.154559
0.111167
0.087556
0.090303
0.111768
0.135192
0.063082
0.157086
0.207058
0.184321
0.141146
0.113972
0.297507
0.101641
0.110778
0.110516
0.075435
0.114729
0.093362
0.088420
0.089307
0.092726
0.113310
0.101608
0.085915
0.123251
0.169268
0.102085
0.113795
0.136066
0.129237
0.142938
0.121376
0.180982
0.155022
0.168309
0.244499
0.143824
0.131961
0.110458
0.115508
0.069980
0.072993
0.074210
0.112124
0.089311
0.129505
0.134539
0.133058
0.178639
0.083827
0.126198
0.098886
0.078951
0.076487
0.106181
0.104538
0.232925
0.143914
0.114854
0.117346
0.169228
0.101033
0.125810
0.096941
0.076894
0.098683
0.069902
0.131620
0.104075
0.109061
0.168397
0.186230
0.177850
0.174332
0.146054
0.107795
0.107885
0.079442
0.085051
0.242618
0.378988
0.275467
0.326900
0.510435
0.322807
0.302597
0.086135
0.082243
0.087303
0.092361
0.095904
0.104614
0.100802
0.113809
0.082590
0.112121
0.147384
0.156699
0.215379
0.249856
0.165090
0.104437
0.141342
0.320757
0.376355
0.186797
0.144583
0.148974
0.169713
0.208055
0.116506
0.093305
0.109677
0.109994
0.115516
0.064107
0.108338
0.107986
0.226563
0.202420
0.224962
0.170758
0.143815
0.186775
0.145783
0.123841
0.123025
0.200403
0.168700
0.261258
0.152498
0.184320
0.195090
0.078736
0.088161
0.083620
0.056243
0.060574
0.095103
0.103910
0.058541
0.165471
0.090455
0.205750
0.207808
0.101773
0.246308
0.150173
0.099648
0.126427
0.089123
0.178836
0.244927
0.162621
0.148311
0.166884
0.145198
0.196138
0.092130
0.093550
0.057243
0.107880
0.074388
0.111160
0.087557
0.116878
0.095143
0.121751
0.146632
0.083332
0.074248
0.125495
0.078672
0.075642
0.121803
0.263175
0.287030
0.190929
0.128773
0.113133
0.091524
0.152301
0.110156
0.055075
0.090284
0.126457
0.091600
0.083837
0.078761
0.119503
0.133915
0.151483
0.100953
0.083013
0.120876
0.089412
0.074626
0.097991
0.171994
0.133305
0.156800
0.086878
0.165080
0.165727
0.089808
0.152981
0.094859
0.058993
0.094703
0.094509
0.068203
0.074618
0.078695
0.162129
0.206485
0.103793
0.074503
0.079272
0.076784
0.152548
0.230790
0.193356
0.145033
0.187923
0.237603
0.112670
0.222191
0.169767
0.331325
0.377706
0.068182
0.069522
0.095351
0.099868
0.066061
0.114018
0.131846
0.368440
0.253748
0.202858
0.109961
0.100673
0.269198
0.193289
0.166823
0.109213
0.119040
0.119629
0.143007
0.092886
0.077509
0.076327
0.077141
0.175639
0.128369
0.105365
0.066878
0.054294
0.067371
0.086029
0.083742
0.140205
0.102431
0.107137
0.049833
0.092554
0.069791
0.067049
0.064126
0.080646
0.084405
0.180579
0.149136
0.110014
0.093791
0.078824
0.064485
0.101003
0.066645
0.055989
0.057688
0.084939
0.083997
0.071226
0.076573
0.063362
0.094739
0.087597
0.129823
0.182710
0.212047
0.116762
0.136833
0.086616
0.102570
0.143511
0.176222
0.271414
0.182893
0.093434
0.095942
0.114521
0.093404
0.087898
0.054162
0.056621
0.073737
0.055186
0.088149
0.099183
0.082931
0.116288
0.057337
0.107239
0.083423
0.076481
0.100036
0.088812
0.081790
0.073503
0.170395
0.110592
0.131720
0.099628
0.137105
0.117230
0.103929
0.057670
0.094898
0.066023
0.095054
0.097924
0.081652
0.147676
0.165734
0.120159
0.101315
0.112018
0.113595
0.093857
0.100191
0.118454
0.140118
0.125461
0.134755
0.108566
0.087940
0.119162
0.085209
0.080123
0.054211
0.060445
0.101524
0.056393
0.077242
0.081080
0.117131
0.170391
0.126403
0.107166
0.083368
0.167026
0.089387
0.078249
0.109712
0.110113
0.076151
0.102473
0.101172
0.105866
0.100031
0.107999
0.159048
0.297196
0.148791
0.077284
0.065817
0.076872
0.079864
0.049679
0.093651
0.078695
0.118746
0.108930
0.094146
0.105472
0.118989
0.135717
0.102152
0.094855
0.138897
0.083897
0.133379
0.088180
0.131474
0.123581
0.070677
0.080570
0.096598
0.103084
0.078226
0.087752
0.073940
0.079177
0.097132
0.126736
0.136747
0.099664
0.137728
0.147661
0.133587
0.107421
0.106673
0.129818
0.168860
0.294661
0.168011
0.263843
0.245224
0.160057
0.149504
0.167063
0.109233
0.141486
0.088044
0.127643
0.091715
0.083149
0.093885
0.085532
0.249902
0.141087
0.124914
0.233715
0.180574
0.232820
0.149613
0.235323
0.310366
0.239067
0.198616
0.362496
0.150579
0.199400
0.155176
0.094288
0.078314
0.067296
0.090919
0.087942
0.076122
0.066582
0.101958
0.096259
0.124307
0.069826
0.184850
0.207700
0.250588
0.240846
0.090287
0.117421
0.103829
0.196706
0.187936
0.273637
0.185837
0.135351
0.136638
0.088358
0.101378
0.087248
0.072034
0.090881
0.096050
0.092249
0.058656
0.076653
0.156878
0.163722
0.129636
0.197956
0.081407
0.165127
0.287692
0.438970
0.091724
0.075103
0.146707
0.152116
0.165635
0.182652
0.224156
0.100073
0.277564
0.187101
0.072151
0.090083
0.072445
0.055735
0.077030
0.136922
0.166609
0.116469
0.187704
0.197388
0.143228
0.095733
0.086977
0.107585
0.101181
0.234330
0.237894
0.122186
0.250031
0.208609
0.162674
0.303834
0.119730
0.109517
0.089425
0.089140
0.092953
0.094909
0.107055
0.103435
0.129785
0.146172
0.259082
0.117213
0.115522
0.147170
0.082014
0.120161
0.098914
0.121806
0.244544
0.195294
0.187108
0.228697
0.190747
0.153372
0.173194
0.097418
0.063744
0.099688
0.067824
0.076408
0.092345
0.105370
0.134773
0.112066
0.186375
0.100708
0.073779
0.152721
0.059811
0.081553
0.210533
0.190559
0.201885
0.140993
0.165363
0.129359
0.091054
0.127898
0.092481
0.085516
0.079413
0.086423
0.081775
0.109361
0.072821
0.102807
0.115860
0.087383
0.118253
0.119302
0.167103
0.086869
0.106266
0.160100
0.136592
0.115108
0.148696
0.134761
0.142496
0.196135
0.109073
0.142620
0.067436
0.072978
0.096846
0.084045
0.096038
0.084718
0.078932
0.072967
0.069935
0.104332
0.417032
0.279052
0.304702
0.157662
0.131109
0.073321
0.141576
0.161325
0.115465
0.150444
0.115709
0.157943
0.119500
0.073586
0.116889
0.090410
0.090375
0.084949
0.074520
0.101643
0.105492
0.158278
0.119948
0.081878
0.147838
0.253742
0.248677
0.266832
0.270675
0.392425
0.100653
0.189620
0.341742
0.183697
0.091891
0.100711
0.105444
0.136020
0.093224
0.063964
0.095908
0.094485
0.067122
0.054263
0.082772
0.098794
0.099294
0.082233
0.090853
0.126840
0.088541
0.084443
0.095993
0.110946
0.151147
0.306808
0.183997
0.148150
0.089277
0.115108
0.114837
0.090132
0.101471
0.067429
0.065630
0.093730
0.066874
0.068676
0.091736
0.115642
0.103615
0.104009
0.101582
0.257922
0.196897
0.117865
0.093700
0.101456
0.135687
0.182294
0.236697
0.224024
0.173518
0.096466
0.148586
0.140077
0.092397
0.089131
0.058070
0.065459
0.081535
0.079653
0.062481
0.106099
0.176003
0.105752
0.196300
0.143864
0.106726
0.135321
0.142544
0.102147
0.103367
0.110425
0.236145
0.189993
0.272906
0.123551
0.177686
0.145612
0.100425
0.082004
0.084817
0.087204
0.110522
0.104254
0.082840
0.162818
0.114744
0.139770
0.076780
0.098456
0.121479
0.081128
0.123394
0.113028
0.069997
0.090178
0.321040
0.121253
0.202198
0.142433
0.125686
0.109607
0.149653
0.073553
0.091802
0.077907
0.065337
0.098945
0.079012
0.127967
0.122368
0.108911
0.105577
0.121269
0.098579
0.122248
0.114397
0.071126
0.224134
0.237579
0.326424
0.300009
0.118910
0.149369
0.099130
0.141276
0.107681
0.095034
0.073495
0.084284
0.101687
0.107424
0.072528
0.158217
0.115772
0.116870
0.102030
0.186813
0.155823
0.169247
0.077889
0.078132
0.112445
0.112698
0.118723
0.096152
0.092743
0.229111
0.213816
0.261383
0.113264
0.092974
0.075789
0.078637
0.089181
0.086691
0.104169
0.098006
0.130687
0.154061
0.112111
0.299914
0.201964
0.174236
0.325413
0.317456
0.203299
0.105796
0.324352
0.193259
0.345428
0.275725
0.414400
0.132290
0.174846
0.286246
0.097725
0.073375
0.082294
0.099018
0.095550
0.152273
0.100783
0.099370
0.087547
0.117358
0.261158
0.340586
0.122549
0.064948
0.101375
0.135679
0.165666
0.153803
0.197179
0.317159
0.155809
0.138279
0.105451
0.066496
0.100894
0.085974
0.095783
0.090324
0.100612
0.095010
0.171722
0.120454
0.076425
0.063464
0.103570
0.082425
0.083429
0.051139
0.128910
0.089368
0.133734
0.141280
0.075208
0.104187
0.157059
0.166482
0.091516
0.080582
0.068400
0.082991
0.086290
0.053254
0.098066
0.134481
0.143605
0.085350
0.103470
0.124969
0.124741
0.151721
0.176125
0.102781
0.083870
0.178000
0.186532
0.174473
0.161811
0.096795
0.113691
0.106244
0.119106
0.096210
0.071308
0.076294
0.083447
0.051835
0.085476
0.085708
0.130889
0.105109
0.149836
0.095788
0.071215
0.075882
0.103075
0.052469
0.094263
0.116909
0.169240
0.116702
0.126114
0.143852
0.088404
0.137865
0.077796
0.099018
0.083815
0.083034
0.089935
0.045287
0.068999
0.104497
0.122127
0.074722
0.094845
0.228819
0.255342
0.084197
0.123079
0.181814
0.141216
0.104629
0.091197
0.136218
0.202665
0.163890
0.115588
0.108276
0.063492
0.076270
0.058911
0.082594
0.095865
0.080858
0.074578
0.107025
0.083717
0.101765
0.135244
0.156431
0.103393
0.202191
0.156221
0.102718
0.268767
0.209216
0.275941
0.330589
0.210790
0.191968
0.169154
0.288203
0.127518
0.302291
0.135829
0.083251
0.062342
0.055417
0.091071
0.105562
0.130108
0.067673
0.126979
0.186799
0.145175
0.149196
0.155487
0.141913
0.316103
0.272387
0.190177
0.370390
0.259593
0.179955
0.217602
0.275722
0.101761
0.080379
0.067963
0.072850
0.091500
0.063670
0.055071
0.141430
0.158255
0.095199
0.155661
0.145038
0.207098
0.137590
0.076053
0.103803
0.123873
0.269647
0.243605
0.176961
0.224590
0.196347
0.212295
0.163501
0.081148
0.065592
0.118930
0.066453
0.069862
0.073242
0.130295
0.082684
0.098866
0.092823
0.108252
0.115003
0.183248
0.146398
0.107030
0.067628
0.233722
0.159713
0.216518
0.172354
0.176484
0.192610
0.182711
0.220503
0.098679
0.088479
0.066202
0.071730
0.074375
0.064439
0.114205
0.073748
0.133692
0.185423
0.137666
0.156843
0.151464
0.117733
0.105020
0.103558
0.082156
0.102712
0.158465
0.287425
0.224370
0.180273
0.129633
0.170390
0.084237
0.074969
0.064212
0.136500
0.088765
0.062938
0.135836
0.101018
0.192320
0.115895
0.082774
0.131059
0.109580
0.141769
0.066466
0.098971
0.074333
0.107532
0.187763
0.192480
0.109986
0.140900
0.098991
0.102270
0.112414
0.090025
0.103851
0.071032
0.083614
0.070201
0.112653
0.114905
0.142329
0.075284
0.131150
0.157819
0.122697
0.092284
0.081121
0.088361
0.102587
0.093296
0.194774
0.104585
0.106288
0.209590
0.111567
0.152329
0.108212
0.155727
0.133482
0.097005
0.112553
0.129799
0.120519
0.135028
0.105913
0.288808
0.168624
0.161059
0.101853
0.111999
0.167087
0.188482
0.482522
0.393817
0.250359
0.107205
0.180669
0.117482
0.148275
0.137626
0.160725
0.132750
0.079414
0.115859
0.104863
0.079058
0.094506
0.095839
0.115196
0.115127
0.117722
0.160320
0.270382
0.163219
0.169276
0.238429
0.269525
0.388071
0.284732
0.322777
0.240185
0.141112
0.222434
0.094982
0.147610
0.078793
0.079603
0.089145
0.173764
0.088642
0.153068
0.131986
0.117771
0.094450
0.086946
0.181990
0.113926
0.099990
0.107837
0.163398
0.236410
0.221231
0.206879
0.202801
0.219792
0.183604
0.203618
0.267215
0.138941
0.100110
0.112415
0.075180
0.092988
0.063298
0.118914
0.110846
0.169326
0.110776
0.076199
0.094259
0.100332
0.095630
0.106131
0.134903
0.209785
0.193332
0.256695
0.277798
0.232977
0.159935
0.148356
0.125485
0.123926
0.186561
0.158417
0.150044
0.123472
0.173080
0.190210
0.143842
0.235414
0.184166
0.245051
0.144196
0.219373
0.193908
0.239316
0.181605
0.203948
0.429844
0.335115
0.372434
0.155637
0.350711
0.223671
0.247122
0.253280
0.191432
0.170848
0.133830
0.098547
0.170796
0.164128
0.124003
0.159794
0.249663
0.263646
0.184613
0.151070
0.169619
0.157906
0.137997
0.188608
0.190048
0.159736
0.222662
0.222775
0.213854
0.346000
0.206365
0.113365
0.102652
0.147459
0.137308
0.100360
0.094671
0.137070
0.150669
0.175880
0.185048
0.177277
0.202399
0.173145
0.147683
0.197887
0.210141
0.475608
0.285288
0.157708
0.214609
0.222786
0.194530
0.180171
0.191209
0.182199
0.129938
0.081252
0.094030
0.094376
0.126172
0.104921
0.192607
0.114466
0.202996
0.144745
0.224628
0.220199
0.402397
0.194270
0.138808
0.110379
0.139892
0.178862
0.175108
0.176091
0.139496
0.306325
0.174880
0.089424
0.082556
0.063734
0.114803
0.105830
0.111001
0.076499
0.093920
0.107909
0.167196
0.105040
0.161776
0.168712
0.248359
0.097849
0.156923
0.143040
0.139843
0.135092
0.166868
0.124508
0.142197
0.149922
0.241616
0.114947
0.099999
0.097970
0.096298
0.128616
0.100506
0.093203
0.105265
0.185971
0.075568
0.124834
0.172147
0.211518
0.286690
0.166428
0.128192
0.067538
0.079798
0.269024
0.202403
0.133449
0.265369
0.136657
0.142686
0.085271
0.105977
0.068476
0.074902
0.078393
0.083427
0.096929
0.109843
0.098760
0.115208
0.106370
0.191607
0.294551
0.210990
0.172648
0.558781
0.285953
0.281835
0.240784
0.240933
0.192255
0.203692
0.122965
0.151163
0.123030
0.123822
0.098654
0.119978
0.091172
0.105654
0.133879
0.134180
0.138546
0.080158
0.224008
0.147650
0.134825
0.202949
0.101879
0.155411
0.110804
0.112934
0.147503
0.092350
0.195145
0.173468
0.121077
0.188787
0.108072
0.089351
0.073654
0.087165
0.066112
0.074851
0.076925
0.104908
0.161388
0.097926
0.115991
0.089933
0.072380
0.182072
0.179021
0.081915
0.105584
0.138604
0.384895
0.237453
0.165035
0.221286
0.140341
0.127381
0.112658
0.092336
0.073722
0.080380
0.077279
0.076490
0.086915
0.114996
0.119019
0.131324
0.121144
0.123202
0.321884
0.123919
0.131673
0.155270
0.150423
0.116841
0.339937
0.119681
0.168350
0.135348
0.155188
0.177120
0.126704
0.073564
0.113467
0.099433
0.089249
0.115532
0.128567
0.189668
0.134877
0.144284
0.160179
0.118114
0.276707
0.130438
0.279484
0.162892
0.164424
0.116050
0.168519
0.191584
0.189365
0.125034
0.198403
0.161931
0.101380
0.097322
0.069740
0.060644
0.089678
0.080362
0.078796
0.094172
0.128884
0.133478
0.119653
0.107092
0.069432
0.267349
0.223796
0.108736
0.110231
0.107174
0.206922
0.128017
0.254936
0.168379
0.275786
0.148132
0.137381
0.061546
0.092902
0.076662
0.070117
0.084528
0.093797
0.073795
0.109719
0.121702
0.152223
0.428072
0.289579
0.184337
0.113744
0.265644
0.200937
0.143453
0.097106
0.310926
0.359130
0.353252
0.235965
0.142364
0.075513
0.069552
0.063454
0.079253
0.054396
0.093153
0.089897
0.069725
0.105514
0.080391
0.059435
0.230519
0.130048
0.061278
0.062641
0.056910
0.084531
0.094945
0.135351
0.082495
0.124486
0.090153
0.107810
0.086885
0.086181
0.063591
0.052806
0.062517
0.058753
0.083638
0.082711
0.085854
0.097907
0.169912
0.131630
0.145553
0.180320
0.083212
0.068378
0.070995
0.135861
0.187031
0.132858
0.166801
0.155701
0.120456
0.163719
0.090606
0.074963
0.087352
0.055194
0.068275
0.074691
0.070761
0.077870
0.076859
0.080357
0.083547
0.149679
0.078872
0.114721
0.109747
0.117098
0.109091
0.170157
0.148527
0.116862
0.169074
0.258982
0.110854
0.089183
0.106808
0.134579
0.089730
0.085632
0.086695
0.097855
0.069707
0.095624
0.125199
0.144748
0.124650
0.116295
0.145124
0.275514
0.241256
0.184565
0.178636
0.264823
0.398202
0.376264
0.339309
0.283193
0.258287
0.158647
0.122519
0.191303
0.132389
0.086140
0.111381
0.109354
0.095397
0.071196
0.070868
0.088416
0.110511
0.128614
0.237694
0.338476
0.262516
0.336358
0.393466
0.273726
0.514101
0.395949
0.381788
0.335117
0.233017
0.282308
0.200272
0.141878
0.106652
0.110708
0.113467
0.079378
0.086697
0.093773
0.075035
0.077302
0.080939
0.127988
0.144298
0.231234
0.225003
0.135956
0.290725
0.632862
0.482401
0.688777
0.533464
0.523844
0.348591
0.256941
0.249830
0.134293
0.103024
0.110953
0.070347
0.088262
0.099510
0.066882
0.090783
0.110973
0.191133
0.318886
0.227314
0.204365
0.150322
0.380777
0.283286
0.417492
0.296563
0.469478
0.488365
0.275099
0.273706
0.274075
0.226331
0.174227
0.104878
0.101991
0.066078
0.082175
0.094257
0.081010
0.091437
0.154025
0.142948
0.128894
0.191276
0.211408
0.240884
0.234186
0.233698
0.272634
0.374124
0.493495
0.522096
0.465689
0.358431
0.229715
0.194614
0.185644
0.156823
0.112698
0.053235
0.054165
0.065582
0.076284
0.148312
0.171308
0.115929
0.136122
0.167554
0.183842
0.337323
0.220263
0.344763
0.523563
0.391634
0.547870
0.351312
0.313725
0.341407
0.356531
0.237738
0.150632
0.103343
0.071553
0.089517
0.098273
0.088167
0.083205
0.113764
0.108746
0.136699
0.179952
0.344864
0.375750
0.317014
0.233925
0.255729
0.317694
0.414868
0.345400
0.330657
0.303541
0.239369
0.338779
0.260352
0.167825
0.142951
0.101521
0.077065
0.082157
0.065538
0.107848
0.093990
0.109231
0.088018
0.185240
0.146181
0.340049
0.230254
0.230164
0.272044
0.368714
0.317086
0.445585
0.477495
0.330300
0.315743
0.294186
0.193760
0.126132
0.149933
0.128129
0.075761
0.069170
0.114247
0.112596
0.138338
0.265452
0.149904
0.169393
0.254264
0.456131
0.393208
0.335829
0.523729
0.391280
0.689156
0.754276
0.598443
0.465132
0.420402
0.255076
0.287585
0.197255
0.154608
0.116962
0.094856
0.090477
0.099163
0.182156
0.245598
0.188208
0.204942
0.218489
0.247589
0.459479
0.274785
0.496246
0.625138
0.518617
0.326416
0.559579
0.583848
0.421582
0.392794
0.491663
0.300056
0.318776
0.175070
0.151119
0.162163
0.100924
0.175422
0.169878
0.144294
0.218750
0.239362
0.360177
0.294066
0.298475
0.379660
0.289022
0.391538
0.296408
0.679286
0.551417
0.262862
0.426282
0.338162
0.341763
0.246614
0.164784
0.128753
0.131695
0.113122
0.106707
0.062740
0.120742
0.139452
0.208732
0.247712
0.217250
0.179562
0.262951
0.247782
0.432877
0.577922
0.517108
0.323375
0.524543
0.620596
0.319443
0.332462
0.432490
0.284717
0.191173
0.126956
0.140020
0.122844
0.111064
0.094794
0.126270
0.111503
0.139062
0.143279
0.141004
0.175786
0.263728
0.322777
0.204675
0.238632
0.323801
0.282428
0.407966
0.451152
0.281277
0.359028
0.338050
0.233399
0.170853
0.155482
0.098739
0.117937
0.086534
0.104583
0.149885
0.117242
0.140685
0.145674
0.111257
0.199916
0.180594
0.181981
0.270718
0.290329
0.355050
0.441588
0.347257
0.534686
0.607397
0.544433
0.418400
0.387322
0.206439
0.166969
0.117053
0.098648
0.089150
0.089505
0.112200
0.124737
0.111311
0.122979
0.199653
0.130003
0.160755
0.227363
0.307650
0.319953
0.345139
0.427542
0.306973
0.381283
0.225545
0.237440
0.297062
0.419160
0.175999
0.114624
0.072287
0.107498
0.095278
0.117291
0.092257
0.138788
0.131857
0.178356
0.172614
0.166829
0.259673
0.205106
0.220906
0.151881
0.242009
0.472294
0.331390
0.338262
0.197174
0.395574
0.268844
0.124812
0.113669
0.123768
0.109660
0.093218
0.102568
0.074463
0.087020
0.102599
0.138553
0.178426
0.115678
0.296563
0.201274
0.131823
0.262339
0.168547
0.199302
0.339500
0.486366
0.475564
0.493811
0.370141
0.378268
0.325713
0.285527
0.178320
0.162453
0.117186
0.147402
0.090222
0.130316
0.128507
0.145712
0.163008
0.100900
0.118416
0.174307
0.174771
0.134467
0.162773
0.308783
0.251505
0.326051
0.302760
0.202343
0.257317
0.153607
0.138547
0.132677
0.098087
0.097813
0.101715
0.124964
0.106038
0.103700
0.098996
0.127187
0.103625
0.121269
0.090095
0.216373
0.325022
0.227325
0.123514
0.403266
0.635431
0.592587
0.381168
0.572777
0.264887
0.222417
0.312979
0.214456
0.180849
0.088697
0.091034
0.077496
0.097908
0.073334
0.109333
0.133713
0.115205
0.127059
0.224723
0.130230
0.139364
0.093285
0.142281
0.177633
0.333475
0.209555
0.168403
0.229546
0.252401
0.358017
0.318505
0.249340
0.194232
0.170501
0.114713
0.108337
0.119428
0.108431
0.155836
0.310001
0.204459
0.161922
0.185238
0.183942
0.235007
0.309670
0.173140
0.218599
0.326150
0.427237
0.219862
0.241129
0.155062
0.216518
0.223994
0.173823
0.150406
0.115539
0.081568
0.099368
0.104026
0.094524
0.096573
0.259315
0.151193
0.231053
0.228482
0.143115
0.256840
0.179939
0.165216
0.156312
0.236180
0.212228
0.168942
0.135181
0.173695
0.121760
0.110729
0.127587
0.112652
0.145692
0.116455
0.100827
0.123033
0.114762
0.120935
0.088168
0.145834
0.148217
0.138445
0.134638
0.107548
0.253476
0.235903
0.251395
0.266869
0.184651
0.158026
0.149102
0.166147
0.121941
0.090313
0.110787
0.106657
0.088058
0.072938
0.065911
0.075166
0.049718
0.080618
0.090538
0.135233
0.106740
0.110540
0.097048
0.177438
0.135550
0.169084
0.174219
0.184448
0.196364
0.252984
0.211414
0.152394
0.268987
0.220108
0.116516
0.098705
0.099488
0.089760
0.069095
0.066671
0.110849
0.129165
0.079716
0.109801
0.092204
0.112688
0.085104
0.107871
0.126043
0.157433
0.171929
0.202476
0.264805
0.307616
0.335084
0.255214
0.141839
0.157173
0.089464
0.082982
0.074235
0.079602
0.082000
0.074265
0.093653
0.116751
0.120640
0.114267
0.117397
0.144680
0.095612
0.083583
0.108342
0.164241
0.113874
0.178229
0.156471
0.284129
0.165382
0.228398
0.272801
0.134866
0.081152
0.149939
0.108908
0.111810
0.094153
0.068046
0.073330
0.104902
0.102898
0.161982
0.164779
0.388556
0.143467
0.199804
0.213490
0.214656
0.224545
0.331390
0.378527
0.481047
0.396005
0.421809
0.318569
0.289617
0.173721
0.129018
0.111456
0.109169
0.096738
0.072903
0.087216
0.100144
0.128823
0.149487
0.115911
0.205904
0.199272
0.209712
0.132155
0.306241
0.152440
0.528816
0.392385
0.364783
0.353951
0.314375
0.278529
0.132718
0.124579
0.069434
0.053998
0.115322
0.085592
0.072397
0.071521
0.069584
0.137935
0.121840
0.189574
0.165302
0.164531
0.211675
0.146496
0.122642
0.232211
0.325745
0.288969
0.324217
0.218425
0.288857
0.295524
0.211751
0.151269
0.100004
0.085680
0.061211
0.101623
0.103670
0.094984
0.084022
0.101259
0.158704
0.165788
0.239483
0.179223
0.229028
0.277985
0.244576
0.195449
0.247694
0.402803
0.239667
0.202687
0.226531
0.154280
0.258209
0.139061
0.087148
0.104191
0.071177
0.068987
0.109713
0.107646
0.120851
0.148899
0.170631
0.132483
0.159071
0.305831
0.225779
0.248748
0.195679
0.186796
0.277619
0.309166
0.241377
0.402243
0.268873
0.324866
0.473102
0.230194
0.126823
0.068346
0.112893
0.090492
0.109836
0.127696
0.114771
0.195779
0.266924
0.155982
0.156486
0.170809
0.228110
0.219600
0.363226
0.312016
0.277792
0.597150
0.446923
0.321602
0.361037
0.229789
0.170133
0.191366
0.146045
0.133770
0.122769
0.117401
0.112207
0.073557
0.101031
0.177068
0.246130
0.215235
0.191978
0.217331
0.403525
0.246533
0.298526
0.425708
0.364943
0.349435
0.526205
0.804841
0.419455
0.194042
0.172351
0.095267
0.135816
0.121160
0.083360
0.111479
0.082649
0.077505
0.122694
0.147445
0.120777
0.188142
0.191865
0.311966
0.471575
0.482310
0.321526
0.454885
0.596146
0.636733
0.577451
0.520527
0.474057
0.497520
0.340513
0.240624
0.118987
0.083027
0.139410
0.084515
0.125681
0.127044
0.144994
0.205583
0.219642
0.317556
0.457308
0.552337
0.578109
0.642577
0.602946
0.590447
0.717019
0.666824
0.778463
0.506939
0.506457
0.304901
0.197899
0.227401
0.129752
0.122486
0.099639
0.115772
0.128441
0.138249
0.164215
0.171329
0.139500
0.193521
0.175178
0.312474
0.363784
0.308443
0.402876
0.656988
0.600815
0.441471
0.394662
0.549576
0.365136
0.240675
0.293951
0.179957
0.107005
0.091480
0.078778
0.106351
0.088775
0.102271
0.146692
0.134669
0.138626
0.133040
0.238094
0.326961
0.193524
0.298152
0.296667
0.454804
0.404690
0.646968
0.456878
0.503324
0.345797
0.366995
0.231128
0.127946
0.115714
0.124270
0.129565
0.104124
0.074786
0.105533
0.136970
0.121486
0.143047
0.188874
0.282181
0.155314
0.327430
0.216002
0.280056
0.481630
0.561549
0.513187
0.416081
0.592405
0.508752
0.324361
0.274415
0.159368
0.121003
0.137892
0.091867
0.138247
0.168076
0.132594
0.116456
0.207662
0.176561
0.125181
0.136419
0.265640
0.320441
0.258727
0.509176
0.367659
0.411166
0.393513
0.322239
0.388882
0.282843
0.370956
0.233941
0.108469
0.082445
0.130182
0.095317
0.102459
0.083460
0.067899
0.083968
0.139549
0.146952
0.374602
0.254064
0.278176
0.429555
0.324301
0.255093
0.436598
0.649547
0.624704
0.563674
0.402062
0.290581
0.228998
0.193119
0.141084
0.104807
0.126638
0.164988
0.128534
0.124665
0.177385
0.240486
0.250964
0.214663
0.176774
0.336085
0.497894
0.446013
0.582833
0.582302
0.576158
0.369172
0.484128
0.604046
0.360663
0.230982
0.394430
0.303395
0.217919
0.150137
0.147514
0.073794
0.109634
0.104113
0.101632
0.156743
0.099352
0.133544
0.169772
0.178385
0.351195
0.282714
0.168917
0.210506
0.221434
0.393512
0.408174
0.490675
0.424537
0.284578
0.236991
0.255650
0.188566
0.132474
0.100619
0.106080
0.076972
0.084835
0.122117
0.135316
0.102322
0.193322
0.151883
0.272810
0.172741
0.323420
0.354084
0.275990
0.401475
0.380512
0.508907
0.333955
0.384539
0.427476
0.200088
0.254391
0.163830
0.109270
0.077626
0.103909
0.108520
0.076797
0.107500
0.155087
0.150398
0.092604
0.254922
0.208349
0.206838
0.289901
0.569805
0.444025
0.601277
0.598549
0.555545
0.502748
0.578989
0.619555
0.451650
0.312858
0.150367
0.117155
0.105760
0.133051
0.093761
0.094590
0.074667
0.090636
0.191129
0.166322
0.231916
0.480834
0.325964
0.453454
0.525992
0.501941
1.000000
0.720752
0.798114
0.658184
0.784509
0.576715
0.461780
0.312052
0.163537
0.118459
0.155935
0.096373
0.111521
0.127374
0.085484
0.151719
0.203704
0.122093
0.319982
0.277153
0.447276
0.319957
0.453217
0.453672
0.486938
0.601080
0.642514
0.683657
0.657561
0.586032
0.468284
0.395136
0.338677
0.247040
0.192090
0.142171
0.100137
0.138152
0.163796
0.177976
0.239631
0.213063
0.313664
0.573477
0.616531
0.704251
0.721552
0.787220
0.552578
0.655322
0.441367
0.662006
0.671925
0.677918
0.285702
0.243102
0.180218
0.120084
0.086474
0.084132
0.192671
0.121665
0.111329
0.221928
0.221458
0.142072
0.271149
0.426967
0.298113
0.271069
0.466335
0.463099
0.747682
0.515140
0.986797
0.640230
0.300789
0.328176
0.405014
0.321343
0.204825
0.190568
0.213697
0.117677
0.122266
0.158797
0.193588
0.230148
0.347524
0.235655
0.275932
0.148768
0.255091
0.512267
0.558455
0.644754
0.596064
0.481529
0.768256
0.739180
0.751253
0.427711
0.336228
0.225527
0.136839
0.173322
0.162534
0.147077
0.162270
0.106196
0.132624
0.210578
0.139792
0.216126
0.220787
0.137487
0.246099
0.222098
0.295598
0.314936
0.360012
0.268573
0.282274
0.427918
0.336862
0.350940
0.224589
0.282706
0.136489
0.135730
0.148711
0.136950
0.179068
0.095264
0.086100
0.258818
0.184118
0.312778
0.215874
0.294791
0.269484
0.454455
0.273606
0.430241
0.379314
0.399972
0.531880
0.574956
0.593193
0.367292
0.412936
0.278816
0.212351
0.201911
0.183034
0.160186
0.118840
0.115896
0.121009
0.089101
0.323188
0.274737
0.230890
0.198769
0.374561
0.424405
0.718356
0.664587
0.569831
0.547572
0.477845
0.529194
0.560059
0.544802
0.300910
0.257573
0.316963
0.229720
0.095857
0.128119
0.088993
0.109966
0.117220
0.116276
0.217408
0.195608
0.151611
0.197169
0.409140
0.432525
0.278711
0.486093
0.362486
0.568467
0.795114
0.508820
0.477715
0.795865
0.274596
0.335188
0.197907
0.133266
0.132235
0.181852
0.140824
0.125375
0.209134
0.095479
0.197871
0.348673
0.251118
0.155647
0.359580
0.238664
0.527827
0.467283
0.368142
0.778089
0.436727
0.711378
0.682742
0.585245
0.414304
0.582174
0.149545
0.161142
0.157627
0.120586
0.129051
0.105320
0.222701
0.158599
0.295132
0.169057
0.336409
0.279512
0.275691
0.387038
0.148154
0.269565
0.258973
0.445868
0.867864
0.603659
0.683338
0.376389
0.202993
0.165626
0.202282
0.097822
0.128816
0.112055
0.070001
0.117200
0.114038
0.099098
0.183551
0.145192
0.211395
0.116060
0.274848
0.211351
0.288527
0.252507
0.397698
0.582889
0.420327
0.509730
0.412666
0.413135
0.241771
0.225104
0.210236
0.086041
0.105194
0.119423
0.129045
0.081482
0.113641
0.102236
0.174979
0.092763
0.109839
0.168600
0.250333
0.455696
0.345925
0.713079
0.561347
0.750987
0.513742
0.649714
0.532149
0.455862
0.347943
0.238482
0.181804
0.127818
0.090893
0.082797
0.110032
0.104326
0.121295
0.111236
0.122752
0.176755
0.157131
0.320930
0.327199
0.279854
0.376324
0.295032
0.365275
0.456657
0.308477
0.522762
0.330162
0.573175
0.386092
0.165544
0.181920
0.133870
0.102439
0.083968
0.114904
0.109392
0.096694
0.167741
0.140110
0.229115
0.247576
0.427046
0.275721
0.228015
0.381771
0.413747
0.515861
0.551806
0.546383
0.599408
0.500397
0.330255
0.287374
0.220961
0.188268
0.128977
0.149780
0.072199
0.077569
0.079279
0.116036
0.090052
0.128714
0.153156
0.101032
0.193180
0.168513
0.364321
0.302388
0.196650
0.391396
0.471936
0.381920
0.648692
0.550293
0.264153
0.299762
0.265636
0.117417
0.154045
0.101092
0.071050
0.091416
0.100328
0.066818
0.126815
0.169563
0.163282
0.210605
0.217534
0.210264
0.647726
0.300926
0.371756
0.472883
0.422663
0.569425
0.397087
0.464492
0.375043
0.313563
0.294294
0.174206
0.098180
0.119004
0.126322
0.130583
0.065062
0.083650
0.093091
0.099784
0.157829
0.133950
0.147403
0.192863
0.297092
0.219374
0.274662
0.326843
0.438937
0.522382
0.513753
0.464886
0.404759
0.242856
0.136282
0.170355
0.130386
0.107840
0.076618
0.084352
0.106771
0.078732
0.120442
0.171501
0.161310
0.175767
0.163761
0.111685
0.135861
0.271058
0.119126
0.193302
0.193896
0.176609
0.176246
0.254816
0.204206
0.185894
0.115008
0.110105
0.077830
0.086616
0.085958
0.102473
0.071612
0.098071
0.128098
0.118929
0.136857
0.130719
0.122303
0.089142
0.117204
0.092977
0.134640
0.140024
0.117475
0.395536
0.396810
0.312899
0.195241
0.114695
0.186146
0.106806
0.091551
0.107109
0.096704
0.081014
0.107155
0.078332
0.076289
0.130530
0.090915
0.255275
0.146335
0.184276
0.177953
0.327351
0.162434
0.142341
0.116184
0.325983
0.272433
0.214928
0.215620
0.149872
0.154114
0.083129
0.070922
0.065566
0.112397
0.076192
0.071752
0.067511
0.122581
0.110335
0.158909
0.161788
0.158714
0.225611
0.192235
0.219234
0.316926
0.462597
0.394942
0.649109
0.450565
0.390825
0.213675
0.402507
0.345348
0.259681
0.136387
0.096117
0.112208
0.081767
0.090929
0.110722
0.107779
0.140270
0.078462
0.078902
0.179465
0.129526
0.134687
0.101353
0.166408
0.155797
0.201961
0.523074
0.534207
0.435710
0.262996
0.200547
0.145657
0.101847
0.135469
0.123099
0.109871
0.101253
0.088959
0.112288
0.081531
0.145587
0.101701
0.166650
0.134615
0.158491
0.176706
0.177838
0.213062
0.344162
0.378967
0.356270
0.486939
0.390359
0.202150
0.208352
0.224893
0.115033
0.097850
0.123151
0.076441
0.118690
0.088484
0.095289
0.101279
0.121616
0.174585
0.127879
0.071168
0.153926
0.153590
0.119756
0.140824
0.133757
0.143701
0.226054
0.259750
0.317568
0.294524
0.198768
0.113809
0.123006
0.154038
0.105271
0.066734
0.099724
0.095972
0.124442
0.160542
0.131202
0.083153
0.237599
0.212702
0.253842
0.235912
0.256181
0.261131
0.360492
0.270512
0.336953
0.448001
0.265197
0.368206
0.155187
0.127162
0.099575
0.112161
0.061113
0.076833
0.090366
0.123354
0.080229
0.110606
0.142094
0.141920
0.183720
0.170649
0.147840
0.184528
0.171121
0.240132
0.252610
0.351866
0.305695
0.409282
0.297503
0.226162
0.163324
0.164549
0.155374
0.074847
0.115885
0.065476
0.073508
0.098862
0.117622
0.149335
0.148727
0.168654
0.127277
0.179437
0.288085
0.104038
0.115424
0.280012
0.225666
0.206625
0.439132
0.273684
0.402841
0.186837
0.213150
0.139180
0.149338
0.103490
0.116517
0.086805
0.085039
0.117490
0.068575
0.096699
0.180315
0.174165
0.156246
0.258811
0.389909
0.175997
0.146701
0.142536
0.128446
0.263624
0.274092
0.327889
0.164457
0.363145
0.294622
0.299345
0.224421
0.118111
0.112114
0.075840
0.098600
0.078998
0.086846
0.131505
0.090306
0.124185
0.148499
0.186347
0.108603
0.267478
0.222953
0.215758
0.345651
0.295345
0.349171
0.333328
0.313620
0.302791
0.377700
0.131858
0.166825
0.069090
0.090832
0.070472
0.073447
0.100765
0.080984
0.096266
0.084715
0.126201
0.133863
0.120059
0.130182
0.127864
0.111786
0.113647
0.133222
0.176204
0.238836
0.151423
0.177245
0.182507
0.276800
0.225798
0.146127
0.107540
0.120352
0.087325
0.106070
0.077748
0.109078
0.119980
0.099251
0.124599
0.258791
0.213058
0.267183
0.213922
0.215790
0.127666
0.298528
0.345124
0.391511
0.323284
0.204115
0.327875
0.322795
0.198617
0.142841
0.128814
0.099736
0.105196
0.081105
0.124156
0.100328
0.113855
0.125023
0.156470
0.127227
0.100675
0.161904
0.142396
0.114328
0.136819
0.176851
0.217532
0.427399
0.338441
0.317555
0.418170
0.343511
0.186218
0.144747
0.100070
0.090379
0.081801
0.090041
0.083419
0.121809
0.130390
0.159487
0.094011
0.127612
0.157695
0.151973
0.137346
0.175133
0.252141
0.261944
0.232853
0.279723
0.316753
0.390856
0.310303
0.366024
0.144434
0.137219
0.112615
0.116936
0.110104
0.095615
0.113566
0.113585
0.112943
0.098587
0.198628
0.321897
0.196561
0.295994
0.267621
0.158322
0.191266
0.290879
0.312205
0.353634
0.287171
0.346930
0.202406
0.265192
0.175092
0.179274
0.089380
0.102822
0.104301
0.084668
0.123746
0.062434
0.077354
0.113943
0.131644
0.188352
0.234842
0.258933
0.311423
0.491438
0.259001
0.444381
0.376214
0.730615
0.525985
0.481028
0.255238
0.236200
0.242680
0.199884
0.147901
0.104696
0.130691
0.087871
0.154784
0.142999
0.140544
0.132124
0.127024
0.229572
0.176805
0.136623
0.193076
0.241411
0.197419
0.148213
0.198521
0.406729
0.347960
0.292449
0.184416
0.278536
0.170305
0.138553
0.134401
0.130721
0.087510
0.092280
0.107645
0.090772
0.116484
0.168542
0.091761
0.159609
0.173009
0.166996
0.152763
0.130871
0.139131
0.201366
0.246838
0.483352
0.430777
0.209527
0.294095
0.184871
0.218660
0.093546
0.095188
0.103771
0.077953
0.079260
0.100802
0.125164
0.110478
0.164943
0.231553
0.159378
0.115534
0.159811
0.195569
0.135515
0.245596
0.337391
0.334828
0.405975
0.539375
0.328349
0.207887
0.364116
0.158359
0.161160
0.107799
0.112834
0.109580
0.066081
0.077902
0.076018
0.097682
0.388569
0.136316
0.132583
0.123927
0.143837
0.089547
0.088361
0.153370
0.125002
0.119086
0.234133
0.129477
0.236452
0.153352
0.152507
0.195466
0.149856
0.110563
0.076226
0.082127
0.107224
0.070513
0.126739
0.141440
0.180578
0.105595
0.137169
0.187068
0.159810
0.139958
0.247677
0.260508
0.144591
0.149548
0.325180
0.243282
0.451485
0.286088
0.246113
0.181698
0.140321
0.115340
0.107311
0.091774
0.076534
0.071816
0.078148
0.171403
0.102951
0.167089
0.147947
0.192723
0.291994
0.345341
0.206821
0.353436
0.305268
0.251055
0.293218
0.260597
0.225057
0.225863
0.214203
0.370099
0.192027
0.106533
0.137031
0.120284
0.156287
0.087874
0.102501
0.156663
0.144852
0.142666
0.183205
0.188770
0.254859
0.170921
0.262881
0.243923
0.451859
0.656301
0.702791
0.383099
0.364841
0.323800
0.190761
0.192224
0.288628
0.136351
0.104951
0.086874
0.081677
0.069312
0.088292
0.217295
0.226809
0.150836
0.091881
0.145429
0.158437
0.189944
0.167718
0.133260
0.184777
0.177102
0.188545
0.303725
0.167578
0.319440
0.244844
0.218559
0.106021
0.128394
0.100394
0.091953
0.106794
0.074587
0.138652
0.139996
0.149589
0.235327
0.285021
0.168849
0.227526
0.233917
0.268762
0.349694
0.251155
0.427421
0.295614
0.449601
0.328827
0.411695
0.299469
0.226263
0.171602
0.096396
0.122857
0.090533
0.146011
0.071020
0.092118
0.120260
0.128218
0.156528
0.091617
0.156107
0.144512
0.122840
0.252951
0.237335
0.272322
0.480047
0.304638
0.320708
0.247062
0.343834
0.185023
0.116378
0.133832
0.101426
0.079006
0.083416
0.090595
0.112364
0.099563
0.123526
0.137312
0.127758
0.117128
0.087654
0.163120
0.144744
0.104785
0.182982
0.096151
0.102477
0.130536
0.139140
0.112720
0.162117
0.111005
0.112519
0.085237
0.086867
0.081037
0.086905
0.075489
0.088059
0.066864
0.103724
0.152909
0.138451
0.116960
0.136141
0.131960
0.135145
0.092337
0.123681
0.158766
0.111072
0.232036
0.173555
0.124927
0.121895
0.170301
0.098265
0.109610
0.088227
0.085506
0.069545
0.064151
0.064840
0.071460
0.103831
0.103107
0.165813
0.107806
0.127073
0.156338
0.270890
0.170097
0.270341
0.267371
0.245589
0.416795
0.239777
0.236795
0.234570
0.308578
0.126520
0.169962
0.183743
0.130545
0.105724
0.088634
0.068336
0.115546
0.111673
0.154190
0.100132
0.186113
0.263371
0.167516
0.260586
0.276926
0.171798
0.167970
0.218038
0.400896
0.407444
0.385451
0.237748
0.210951
0.092163
0.090742
0.078838
0.087498
0.100589
0.064924
0.098382
0.093303
0.148806
0.143820
0.192379
0.252117
0.286204
0.258638
0.246123
0.163586
0.207546
0.249723
0.247187
0.189582
0.210317
0.140536
0.153395
0.141177
0.162959
0.088725
0.068664
0.067844
0.112524
0.101132
0.097913
0.111305
0.150124
0.145740
0.094238
0.086268
0.079510
0.080431
0.138782
0.144960
0.072888
0.179346
0.119645
0.190284
0.139823
0.156974
0.128740
0.134199
0.086214
0.110732
0.072907
0.102292
0.107761
0.106564
0.087211
0.093673
0.086378
0.141864
0.095600
0.078807
0.114283
0.180213
0.129455
0.161499
0.151297
0.092278
0.071871
0.116625
0.128025
0.254886
0.173343
0.102827
0.149680
0.094574
0.104802
0.099304
0.102919
0.087733
0.101998
0.103856
0.112374
0.119430
0.105888
0.149320
0.138851
0.136358
0.148101
0.076253
0.133803
0.092716
0.109984
0.102282
0.178252
0.238585
0.241330
0.272949
0.228062
0.162671
0.088303
0.076716
0.073668
0.114053
0.078373
0.066885
0.101111
0.124585
0.130947
0.144705
0.096113
0.166936
0.139320
0.113283
0.220901
0.152656
0.245375
0.245547
0.233239
0.268829
0.224388
0.168514
0.125390
0.082790
0.119770
0.079777
0.087379
0.096438
0.094605
0.068431
0.133508
0.122277
0.155960
0.132160
0.144874
0.138454
0.128187
0.150683
0.159281
0.168336
0.139561
0.671214
0.406086
0.242777
0.198528
0.214125
0.180107
0.133965
0.101178
0.118733
0.074096
0.095145
0.107574
0.077560
0.097419
0.137470
0.160289
0.172382
0.172536
0.220784
0.467268
0.291867
0.243046
0.267144
0.298212
0.538462
0.513246
0.365600
0.563713
0.183087
0.537683
0.125579
0.095132
0.076601
0.070651
0.114597
0.073842
0.084547
0.145299
0.150344
0.114789
0.146428
0.130119
0.203518
0.268593
0.167118
0.187928
0.226599
0.279056
0.300864
0.355352
0.259238
0.382886
0.236844
0.165161
0.206030
0.091751
0.101157
0.118867
0.068614
0.106936
0.095390
0.108551
0.171796
0.128253
0.186378
0.193405
0.128455
0.157726
0.172835
0.237838
0.275138
0.291534
0.460716
0.486689
0.297266
0.375458
0.236018
0.175339
0.121859
0.097558
0.123117
0.089573
0.088343
0.100402
0.117029
0.141859
0.136377
0.090626
0.134934
0.196761
0.292505
0.256049
0.303627
0.336992
0.377402
0.543899
0.354818
0.481259
0.454662
0.312735
0.288239
0.188185
0.130480
0.115616
0.077992
0.116274
0.102049
0.120307
0.114121
0.141069
0.169256
0.141857
0.165419
0.082757
0.181954
0.187126
0.137481
0.322828
0.411814
0.302339
0.431726
0.517684
0.365757
0.226199
0.342381
0.246670
0.121543
0.146724
0.097985
0.136446
0.088716
0.106652
0.127555
0.106014
0.177365
0.125880
0.153179
0.116983
0.209864
0.174449
0.141428
0.335342
0.179854
0.466682
0.286367
0.562805
0.438627
0.402230
0.289098
0.152472
0.134011
0.136275
0.126593
0.135173
0.109620
0.133472
0.117594
0.134958
0.165157
0.190013
0.186081
0.269681
0.477091
0.395333
0.322983
0.386503
0.339858
0.259328
0.229384
0.188558
0.406452
0.239544
0.110184
0.143958
0.147740
0.098765
0.066440
0.080572
0.099303
0.088902
0.074771
0.160188
0.160199
0.087662
0.137558
0.095345
0.381047
0.210026
0.065394
0.120102
0.091940
0.139708
0.236141
0.322350
0.195680
0.199836
0.234778
0.107212
0.068199
0.100108
0.076433
0.066747
0.071703
0.087540
0.066482
0.098371
0.153413
0.106464
0.076218
0.191917
0.102692
0.186249
0.156159
0.107031
0.120029
0.095470
0.132998
0.166447
0.134864
0.252157
0.215036
0.087443
0.082245
0.083363
0.104171
0.090158
0.118223
0.064648
0.059290
0.076606
0.157722
0.102877
0.057368
0.111565
0.162061
0.154174
0.081659
0.110082
0.082787
0.291566
0.295215
0.263610
0.146235
0.251424
0.225738
0.155391
0.173487
0.095413
0.087142
0.087851
0.065449
0.109653
0.090361
0.128109
0.147213
0.104789
0.112188
0.224455
0.180557
0.206329
0.139020
0.294558
0.301616
0.286309
0.448161
0.238046
0.174878
0.115494
0.162428
0.147864
0.126809
0.120061
0.086804
0.090346
0.070199
0.086068
0.085230
0.103199
0.102146
0.099536
0.090936
0.121236
0.095773
0.079386
0.091656
0.128626
0.146077
0.333137
0.268424
0.324097
0.359931
0.211093
0.320127
0.384616
0.343619
0.093664
0.081088
0.092597
0.074855
0.077243
0.108459
0.250970
0.252642
0.097645
0.154862
0.265675
0.349829
0.272380
0.277303
0.412372
0.526855
0.394996
0.679636
0.402340
0.319555
0.432520
0.272451
0.280625
0.197421
0.148808
0.114427
0.104407
0.078195
0.079083
0.078394
0.184963
0.194849
0.134534
0.259221
0.231219
0.256900
0.365263
0.412673
0.225346
0.486301
0.495905
0.375131
0.439547
0.231933
0.268041
0.305429
0.269580
0.221821
0.121589
0.107718
0.079605
0.082043
0.105712
0.067929
0.116246
0.088439
0.072442
0.173180
0.397740
0.374243
0.517232
0.318022
0.347830
0.390540
0.500819
0.358056
0.572382
0.478327
0.279229
0.286359
0.141288
0.183326
0.152289
0.121038
0.116130
0.082884
0.112254
0.080980
0.097719
0.164377
0.118426
0.196584
0.121488
0.096590
0.157177
0.161450
0.266998
0.159227
0.141996
0.271188
0.212062
0.226567
0.275190
0.214907
0.104126
0.128342
0.067092
0.104702
0.111874
0.068948
0.111534
0.064835
0.080486
0.140954
0.127416
0.188607
0.133509
0.249030
0.169320
0.100590
0.112664
0.138165
0.123710
0.161775
0.355853
0.191016
0.138706
0.209705
0.096389
0.105307
0.105608
0.086531
0.069882
0.085587
0.074468
0.065384
0.123572
0.140594
0.087424
0.140455
0.139353
0.121395
0.125926
0.102169
0.127223
0.221577
0.091397
0.182297
0.154639
0.207270
0.175076
0.200884
0.129965
0.119221
0.108659
0.096013
0.075067
0.076488
0.081117
0.078391
0.111517
0.148788
0.157395
0.165926
0.105383
0.100482
0.122010
0.095760
0.111388
0.092661
0.092551
0.155756
0.139418
0.311165
0.117456
0.162637
0.122230
0.126332
0.056114
0.086358
0.060885
0.089656
0.099894
0.085427
0.103782
0.128273
0.111669
0.084537
0.089802
0.166187
0.251698
0.102116
0.123450
0.115809
0.107629
0.138548
0.102385
0.141780
0.123641
0.114718
0.147411
0.138036
0.076151
0.128440
0.106690
0.069879
0.097089
0.062948
0.065990
0.112955
0.153104
0.113870
0.104036
0.147762
0.248014
0.109660
0.216491
0.089864
0.159959
0.297262
0.195471
0.111010
0.197173
0.199116
0.148802
0.133784
0.076990
0.110084
0.107567
0.092716
0.117799
0.112046
0.142338
0.144411
0.286311
0.203715
0.292087
0.392070
0.329953
0.319739
0.159037
0.275747
0.245614
0.299783
0.488520
0.410774
0.149888
0.267075
0.169279
0.100833
0.068938
0.103607
0.097123
0.097673
0.088719
0.081050
0.072035
0.169685
0.128484
0.113653
0.129650
0.146618
0.124791
0.087261
0.159908
0.107823
0.168062
0.231123
0.332096
0.277037
0.188059
0.121962
0.125482
0.104324
0.119745
0.096844
0.130405
0.105685
0.073779
0.073969
0.119500
0.156359
0.113416
0.094572
0.131148
0.159603
0.168686
0.101909
0.142266
0.212542
0.127223
0.113123
0.149841
0.264326
0.148501
0.093979
0.118854
0.092166
0.102874
0.082605
0.099963
0.076603
0.062021
0.067725
0.098899
0.143797
0.173381
0.210246
0.077578
0.180740
0.202759
0.128524
0.248726
0.175497
0.116233
0.106605
0.163325
0.239289
0.153273
0.189042
0.167186
0.115260
0.105356
0.086236
0.076789
0.094157
0.088583
0.097048
0.079599
0.175126
0.105312
0.116205
0.106290
0.180639
0.168271
0.124522
0.223326
0.211609
0.189898
0.213505
0.350264
0.179549
0.147086
0.127540
0.101325
0.098255
0.097070
0.070659
0.067616
0.111399
0.120474
0.116961
0.145500
0.141663
0.119430
0.086621
0.122672
0.105334
0.125251
0.078624
0.206469
0.174406
0.192951
0.279236
0.249883
0.129042
0.119542
0.297001
0.149132
0.106060
0.117524
0.064044
0.106198
0.117063
0.074770
0.099083
0.112332
0.200439
0.243210
0.314942
0.145902
0.145433
0.118680
0.139693
0.089337
0.162831
0.181044
0.254455
0.186848
0.407123
0.156071
0.105959
0.156029
0.132382
0.090830
0.080814
0.098006
0.089212
0.107581
0.103548
0.103306
0.162810
0.107509
0.134374
0.105323
0.109355
0.139472
0.305026
0.227022
0.300990
0.220310
0.285362
0.326542
0.252278
0.175250
0.271293
0.213059
0.085140
0.093263
0.090722
0.071321
0.080809
0.112611
0.094004
0.170939
0.173807
0.144753
0.121144
0.213622
0.166871
0.132572
0.125641
0.138030
0.136311
0.188244
0.162818
0.233444
0.212167
0.115486
0.160974
0.091229
0.121040
0.071375
0.107481
0.068874
0.075729
0.098492
0.064947
0.142588
0.131812
0.132477
0.110813
0.116740
0.121813
0.222391
0.155583
0.104939
0.128694
0.108661
0.361766
0.306870
0.158945
0.148333
0.097555
0.139425
0.084405
0.075377
0.086159
0.079464
0.093861
0.118985
0.067842
0.147537
0.166652
0.129499
0.168601
0.173909
0.123761
0.092194
0.128492
0.118206
0.144096
0.112561
0.133871
0.184655
0.206900
0.198212
0.119110
0.105371
0.105717
0.116576
0.090833
0.095923
0.052918
0.079738
0.087530
0.127877
0.114704
0.157814
0.136967
0.224219
0.163795
0.083044
0.070486
0.114546
0.110457
0.133780
0.173458
0.174725
0.190803
0.208853
0.451773
0.252061
0.179120
0.083550
0.093928
0.112806
0.075527
0.081896
0.130298
0.104046
0.094787
0.111854
0.110370
0.203375
0.131618
0.169045
0.231015
0.121552
0.064069
0.111313
0.182220
0.366407
0.152569
0.222801
0.161516
0.083656
0.080548
0.072955
0.096773
0.097241
0.072751
0.069548
0.062403
0.123636
0.198475
0.120316
0.227248
0.162032
0.186766
0.303386
0.129559
0.289760
0.197255
0.308923
0.290933
0.133013
0.191241
0.094218
0.156249
0.121791
0.120298
0.068935
0.065975
0.105953
0.091087
0.106437
0.109394
0.144337
0.135441
0.102077
0.124644
0.147417
0.182043
0.438526
0.451833
0.289494
0.378643
0.390339
0.354322
0.108480
0.118199
0.277225
0.246386
0.103483
0.076411
0.051886
0.083531
0.062817
0.111615
0.058862
0.101949
0.157430
0.089931
0.099208
0.093767
0.236948
0.159066
0.061097
0.067485
0.071678
0.075462
0.075537
0.144056
0.112050
0.201021
0.176215
0.095496
0.101574
0.084890
0.068428
0.096202
0.077835
0.099786
0.111194
0.107521
0.164408
0.124157
0.108086
0.085252
0.093846
0.076291
0.096040
0.097856
0.157355
0.062057
0.114960
0.191360
0.195777
0.104878
0.106014
0.114761
0.077107
0.077575
0.056000
0.071572
0.064195
0.078061
0.081109
0.104359
0.120926
0.144921
0.069562
0.080836
0.092128
0.115866
0.097596
0.101321
0.072171
0.090098
0.139461
0.120795
0.194919
0.226994
0.145756
0.133568
0.130281
0.111067
0.083470
0.071505
0.067645
0.057897
0.092814
0.131939
0.117751
0.149191
0.085980
0.076725
0.098828
0.116979
0.105400
0.077890
0.078295
0.107430
0.172912
0.261563
0.183599
0.137739
0.091115
0.206933
0.167631
0.108138
0.115815
0.064313
0.055466
0.097507
0.054907
0.087365
0.096473
0.100383
0.070965
0.120656
0.087082
0.153762
0.132157
0.122686
0.088090
0.147861
0.223764
0.172644
0.290324
0.135258
0.092178
0.173871
0.139058
0.101868
0.119986
0.107642
0.077562
0.085442
0.058128
0.058919
0.088316
0.132797
0.138720
0.139057
0.255331
0.202770
0.256796
0.280306
0.119017
0.218790
0.187164
0.177621
0.212844
0.326186
0.176592
0.095438
0.126812
0.072655
0.086961
0.102593
0.097121
0.067049
0.066196
0.085905
0.106864
0.129946
0.117843
0.108285
0.117349
0.144036
0.104230
0.148677
0.279840
0.125024
0.193831
0.190464
0.315932
0.210108
0.207305
0.196184
0.143254
0.110352
0.080852
0.075753
0.090300
0.062596
0.083029
0.097796
0.073364
0.132099
0.090622
0.094863
0.115783
0.075306
0.172406
0.097076
0.112794
0.121035
0.170917
0.140604
0.198078
0.155634
0.129653
0.103943
0.237721
0.174318
0.065495
0.082561
0.096614
0.073158
0.060839
0.104512
0.134748
0.140022
0.108293
0.094271
0.119242
0.096066
0.156032
0.071610
0.056274
0.097626
0.136980
0.194510
0.187038
0.122985
0.109702
0.155677
0.124593
0.120551
0.127553
0.099259
0.060451
0.077211
0.094347
0.094359
0.156309
0.192089
0.082133
0.090000
0.150008
0.096543
0.140167
0.107148
0.071894
0.134696
0.136621
0.092384
0.157062
0.101341
0.367932
0.301089
0.138115
0.091498
0.091292
0.078329
0.068550
0.089372
0.083632
0.082524
0.116235
0.157515
0.078989
0.144310
0.069812
0.107661
0.111039
0.122320
0.187221
0.076331
0.095207
0.143259
0.255170
0.129795
0.178061
0.117020
0.119213
0.103638
0.090041
0.106027
0.070828
0.125539
0.088049
0.079765
0.128815
0.190472
0.151049
0.099569
0.125176
0.087785
0.131533
0.098634
0.090632
0.107714
0.096774
0.328446
0.313787
0.503439
0.156368
0.281334
0.131587
0.065970
0.108500
0.079600
0.113850
0.078787
0.087249
0.119506
0.087704
0.076153
0.156781
0.236433
0.290405
0.218307
0.177421
0.176597
0.204991
0.193013
0.154773
0.236958
0.255141
0.120897
0.177304
0.222942
0.102314
0.111586
0.117751
0.095918
0.110465
0.104426
0.085624
0.104451
0.127925
0.196713
0.136739
0.132266
0.105794
0.187160
0.190351
0.238842
0.589219
0.394414
0.485243
0.221519
0.195342
0.198280
0.154768
0.114797
0.145312
0.080105
0.088225
0.132107
0.102450
0.095745
0.094011
0.086773
0.124545
0.120478
0.115880
0.099862
0.076113
0.084856
0.120623
0.103786
0.099111
0.079481
0.139523
0.200675
0.176645
0.231050
0.208557
0.130765
0.101529
0.128155
0.106173
0.090759
0.070024
0.075684
0.111143
0.104677
0.121793
0.169471
0.158752
0.192279
0.159601
0.144718
0.139449
0.092265
0.075907
0.082068
0.132144
0.154580
0.137781
0.263426
0.210128
0.158422
0.300912
0.225405
0.120288
0.090912
0.125001
0.078423
0.072181
0.126040
0.083662
0.172028
0.134260
0.108536
0.164501
0.123497
0.111685
0.117850
0.190139
0.198569
0.151609
0.374585
0.148023
0.138314
0.246944
0.203999
0.112273
0.112220
0.105982
0.106673
0.074356
0.112111
0.079055
0.093559
0.097042
0.156340
0.082970
0.086626
0.093903
0.089182
0.103489
0.076177
0.064518
0.114691
0.155543
0.178508
0.117467
0.147931
0.113503
0.179368
0.147372
0.082704
0.087758
0.100371
0.072263
0.120256
0.121164
0.076316
0.092032
0.169428
0.090962
0.117120
0.128199
0.086393
0.112397
0.204192
0.273379
0.366659
0.268710
0.295650
0.342131
0.162697
0.138750
0.135793
0.175291
0.094473
0.097259
0.089330
0.114951
0.105783
0.068552
0.111798
0.141609
0.148984
0.194750
0.155424
0.112851
0.097257
0.133147
0.153317
0.205146
0.291391
0.107384
0.246973
0.169869
0.246693
0.197086
0.113453
0.129194
0.084235
0.098676
0.084198
0.088188
0.082505
0.063313
0.080617
0.108406
0.121174
0.133426
0.139051
0.114703
0.145735
0.219501
0.301263
0.162939
0.225136
0.276528
0.272991
0.246911
0.243014
0.460778
0.353233
0.120313
0.097937
0.117269
0.067476
0.127476
0.070069
0.070956
0.107454
0.131285
0.083024
0.113032
0.143851
0.161404
0.180163
0.131592
0.169871
0.130664
0.103967
0.102115
0.292760
0.234250
0.163456
0.272522
0.256870
0.133511
0.150227
0.104460
0.117924
0.084446
0.106865
0.094582
0.087666
0.154024
0.132488
0.123546
0.104837
0.132556
0.225561
0.116368
0.128507
0.070687
0.101123
0.102614
0.125307
0.346084
0.125928
0.179980
0.159805
0.152548
0.106285
0.090951
0.128948
0.111938
0.091499
0.088185
0.120893
0.099432
0.104704
0.190269
0.126745
0.143521
0.092157
0.101143
0.111081
0.105846
0.130842
0.190450
0.212504
0.205997
0.172084
0.185988
0.222999
0.251819
0.092241
0.070100
0.114386
0.087374
0.071979
0.099577
0.110409
0.101810
0.139247
0.146842
0.106084
0.157825
0.099121
0.098196
0.076628
0.086980
0.131059
0.096887
0.104876
0.242512
0.143214
0.186698
0.295562
0.221567
0.231718
0.134123
0.115390
0.117619
0.121792
0.093202
0.082280
0.096959
0.162631
0.189118
0.135863
0.096419
0.234125
0.215687
0.132074
0.158305
0.189875
0.167379
0.218976
0.277346
0.136900
0.229736
0.199222
0.175840
0.158098
0.142235
0.082388
0.100154
0.099338
0.109648
0.076329
0.101393
0.103568
0.181968
0.251136
0.223638
0.224926
0.302275
0.150225
0.075086
0.133115
0.143036
0.164794
0.216847
0.309536
0.140423
0.163131
0.104114
0.099491
0.091417
0.115114
0.115761
0.100234
0.086551
0.062701
0.113895
0.149966
0.124862
0.124283
0.123377
0.123358
0.190451
0.183347
0.102513
0.180045
0.230809
0.189905
0.190865
0.239397
0.549258
0.297116
0.249696
0.156663
0.168703
0.116535
0.093903
0.093509
0.088865
0.119565
0.103394
0.130357
0.137537
0.130900
0.137511
0.094606
0.134638
0.105720
0.111877
0.187324
0.118930
0.174542
0.282500
0.321953
0.277888
0.194920
0.187930
0.093783
0.072354
0.076427
0.056329
0.071263
0.081428
0.087552
0.113054
0.126407
0.172041
0.077070
0.081853
0.097012
0.159139
0.186551
0.088623
0.129098
0.088756
0.159080
0.383998
0.180228
0.110758
0.195546
0.132417
0.150427
0.109406
0.087063
0.090865
0.078627
0.101113
0.116014
0.083232
0.118997
0.150112
0.060005
0.154378
0.101210
0.120297
0.160313
0.283568
0.105765
0.076059
0.147871
0.164590
0.165906
0.174517
0.152801
0.166181
0.095571
0.106786
0.106395
0.100630
0.124078
0.089889
0.113832
0.090287
0.133160
0.157925
0.144833
0.087393
0.144915
0.148299
0.143293
0.097361
0.113776
0.122546
0.315526
0.392952
0.431295
0.289326
0.168453
0.293429
0.301259
0.306768
0.162221
0.092495
0.081425
0.105309
0.099992
0.079971
0.130596
0.102799
0.181082
0.134771
0.170419
0.098505
0.164811
0.180682
0.080963
0.115437
0.176700
0.263296
0.156407
0.110233
0.193378
0.143032
0.129470
0.101671
0.071634
0.104174
0.077250
0.072666
0.102532
0.117845
0.134745
0.139183
0.107716
0.245724
0.150240
0.274537
0.130517
0.195410
0.170315
0.128667
0.162252
0.445996
0.374942
0.302160
0.136160
0.160090
0.093003
0.111159
0.101686
0.063066
0.088932
0.100766
0.138406
0.142435
0.113445
0.141279
0.105676
0.147564
0.184399
0.217761
0.155635
0.091982
0.092331
0.149250
0.175403
0.252893
0.175889
0.146136
0.152448
0.173746
0.237540
0.135651
0.104283
0.092013
0.106611
0.106210
0.057703
0.099723
0.097082
0.157048
0.086981
0.078501
0.181323
0.127687
0.105584
0.132347
0.124758
0.128651
0.160866
0.148663
0.375183
0.116512
0.175903
0.118173
0.111854
0.065717
0.094903
0.107519
0.093121
0.099497
0.088003
0.108577
0.116036
0.172531
0.097794
0.287326
0.132679
0.144404
0.155747
0.097194
0.096025
0.158925
0.270284
0.285219
0.232804
0.144530
0.190785
0.149699
0.112400
0.147778
0.119584
0.115410
0.110595
0.117100
0.079823
0.118941
0.147965
0.145354
0.205063
0.135388
0.165616
0.362286
0.324803
0.175926
0.257895
0.102896
0.165581
0.226355
0.135310
0.174527
0.152328
0.330237
0.236470
0.122784
0.068045
0.093046
0.117309
0.111525
0.120319
0.185050
0.099895
0.134839
0.152186
0.161824
0.467587
0.347829
0.249343
0.214362
0.230009
0.211605
0.210051
0.356225
0.171607
0.216583
0.241899
0.135197
0.106756
0.124485
0.092639
0.072868
0.115259
0.115588
0.099164
0.113907
0.111827
0.202425
0.106858
0.162473
0.075079
0.188956
0.150739
0.120593
0.096134
0.135849
0.112370
0.148121
0.174385
0.188264
0.126706
0.178588
0.230859
0.146283
0.142870
0.094489
0.088989
0.130741
0.132483
0.132923
0.102795
0.335046
0.294406
0.168746
0.090980
0.113793
0.183931
0.105885
0.140675
0.148481
0.128267
0.336649
0.189922
0.385153
0.228329
0.161534
0.099317
0.114923
0.125881
0.139360
0.083447
0.087681
0.078816
0.087214
0.147175
0.185794
0.129434
0.165470
0.234746
0.358202
0.247187
0.397953
0.304843
0.393505
0.208856
0.257271
0.291785
0.332052
0.251924
0.269481
0.224475
0.093509
0.080567
0.139807
0.098371
0.101603
0.101409
0.119184
0.133015
0.240243
0.120961
0.086650
0.252010
0.141341
0.144553
0.130053
0.060773
0.137965
0.203503
0.426557
0.236318
0.164582
0.270780
0.216763
0.127489
0.113995
0.060255
0.111880
0.074156
0.077384
0.075000
0.085142
0.111204
0.206868
0.237143
0.176361
0.110040
0.162554
0.169407
0.075183
0.090873
0.124466
0.097331
0.166964
0.191833
0.286444
0.240597
0.218163
0.210773
0.130347
0.112548
0.105232
0.122760
0.133178
0.106172
0.126923
0.154796
0.168076
0.185440
0.127797
0.116949
0.123478
0.085220
0.129265
0.210725
0.135985
0.157101
0.248080
0.237009
0.239548
0.263697
0.127490
0.136101
0.146824
0.068735
0.113028
0.115619
0.081794
0.118849
0.099112
0.098704
0.202032
0.128637
0.132375
0.086296
0.194772
0.244561
0.097120
0.130713
0.133061
0.121233
0.304454
0.327551
0.218687
0.150769
0.226462
0.130207
0.103505
0.089169
0.114391
0.126587
0.083419
0.115169
0.110613
0.124884
0.153820
0.094871
0.080952
0.111903
0.116382
0.130523
0.124797
0.149435
0.125837
0.155391
0.216578
0.143966
0.214387
0.233730
0.225995
0.170355
0.095618
0.078822
0.088544
0.090880
0.112416
0.087963
0.093943
0.090619
0.213918
0.203160
0.104117
0.139227
0.121987
0.129061
0.127153
0.122672
0.260576
0.235374
0.205421
0.205884
0.130008
0.137033
0.183591
0.116590
0.132117
0.126067
0.103595
0.103793
0.106960
0.112243
0.121964
0.150137
0.176651
0.144412
0.096412
0.111813
0.173867
0.219632
0.215901
0.237493
0.269823
0.264309
0.485272
0.448765
0.467007
0.231318
0.230501
0.417631
0.154013
0.133815
0.067225
0.061482
0.107482
0.112219
0.103066
0.102899
0.178193
0.140778
0.095247
0.072755
0.069446
0.093640
0.222581
0.097068
0.117608
0.208734
0.569699
0.258788
0.210914
0.278489
0.428603
0.165536
0.115522
0.119487
0.092726
0.087162
0.102534
0.087241
0.145132
0.119582
0.139991
0.180948
0.275963
0.456461
0.184855
0.164802
0.176474
0.147865
0.119815
0.135457
0.203914
0.225662
0.152191
0.188011
0.164683
0.138101
0.090426
0.147922
0.079198
0.082889
0.106149
0.128135
0.114794
0.104528
0.205196
0.148181
0.105290
0.130296
0.179103
0.138509
0.185249
0.105845
0.144087
0.167598
0.132879
0.388134
0.231957
0.136464
0.167707
0.142643
0.110785
0.095703
0.122385
0.119246
0.076245
0.089699
0.124087
0.149035
0.122709
0.100444
0.106870
0.144058
0.159319
0.195452
0.120689
0.102143
0.125144
0.255578
0.249432
0.239420
0.181222
0.200018
0.150456
0.181129
0.155878
0.117127
0.081246
0.122487
0.107672
0.101603
0.097097
0.148702
0.236411
0.136841
0.150685
0.145053
0.123278
0.137316
0.239905
0.242300
0.235273
0.193767
0.290174
0.219275
0.200219
0.270710
0.451255
0.328248
0.229404
0.258355
0.123153
0.132457
0.140655
0.219416
0.142438
0.130285
0.192342
0.153381
0.201325
0.259420
0.271007
0.333398
0.370349
0.349365
0.209178
0.456298
0.277133
0.530580
0.360276
0.206735
0.199055
0.146104
0.216870
0.087929
0.118686
0.149434
0.195682
0.200702
0.148169
0.151370
0.172439
0.194010
0.208313
0.182100
0.269086
0.244644
0.254996
0.216585
0.241984
0.493831
0.408107
0.338178
0.221901
0.152631
0.117393
0.171969
0.094000
0.081826
0.094648
0.113747
0.086955
0.095464
0.122513
0.155820
0.179359
0.184473
0.353815
0.364995
0.248655
0.241330
0.320294
0.227615
0.203433
0.242837
0.262836
0.577018
0.233397
0.314078
0.365315
0.167741
0.114723
0.113313
0.117145
0.125453
0.156178
0.149035
0.146484
0.151024
0.203678
0.204857
0.104083
0.134647
0.202735
0.202974
0.167635
0.211437
0.226397
0.215327
0.210494
0.262014
0.253117
0.329815
0.251310
0.131911
0.120107
0.111382
0.127848
0.106667
0.096400
0.127926
0.116196
0.148287
0.120853
0.210514
0.174846
0.168382
0.194717
0.147123
0.168478
0.236139
0.299388
0.370866
0.350142
0.171021
0.174480
0.121645
0.115881
0.142153
0.117286
0.116657
0.073257
0.101845
0.094517
0.141623
0.123192
0.099837
0.169347
0.183361
0.234386
0.153985
0.284828
0.150100
0.183329
0.114737
0.112477
0.242835
0.296045
0.209054
0.132968
0.145425
0.168760
0.111659
0.129590
0.113965
0.116766
0.107452
0.087679
0.116368
0.132330
0.124306
0.126992
0.138272
0.107651
0.088915
0.118777
0.125949
0.105927
0.151563
0.174551
0.253180
0.260587
0.221548
0.115936
0.157527
0.234249
0.232036
0.219961
0.123278
0.100952
0.111255
0.104463
0.135582
0.100037
0.131879
0.184931
0.133114
0.133637
0.167213
0.276642
0.289739
0.383233
0.437695
0.300573
0.256638
0.350613
0.270283
0.355428
0.226500
0.184424
0.174828
0.144202
0.145852
0.081338
0.105490
0.094223
0.097221
0.122082
0.160339
0.174297
0.249475
0.152855
0.126085
0.179814
0.215694
0.219438
0.423559
0.373954
0.178111
0.188225
0.142608
0.154867
0.169463
0.246787
0.297448
0.150765
0.136599
0.080725
0.091201
0.126539
0.099233
0.099927
0.158912
0.182691
0.142337
0.190094
0.112270
0.136757
0.142328
0.198401
0.174917
0.316110
0.488397
0.381524
0.285507
0.289111
0.226951
0.179333
0.124824
0.125856
0.118733
0.131982
0.104980
0.121533
0.068160
0.146035
0.159478
0.151330
0.235668
0.188109
0.229456
0.189514
0.237136
0.143404
0.200866
0.245030
0.194327
0.180211
0.212422
0.187819
0.169554
0.172311
0.139404
0.145089
0.147758
0.110183
0.145705
0.087998
0.109780
0.082526
0.156748
0.118938
0.175869
0.256350
0.305676
0.306503
0.155704
0.200537
0.157637
0.134624
0.222629
0.284637
0.176281
0.394765
0.394483
0.312622
0.177762
0.113176
0.152742
0.114596
0.110703
0.086131
0.115349
0.147027
0.103857
0.133045
0.196493
0.200910
0.266213
0.211774
0.264144
0.280009
0.194160
0.282091
0.236540
0.477430
0.366157
0.213000
0.208765
0.266126
0.122528
0.148825
0.131527
0.125703
0.086635
0.112357
0.155793
0.099835
0.150285
0.191346
0.221487
0.228954
0.205336
0.220508
0.380430
0.115013
0.175233
0.174501
0.315045
0.462886
0.513853
0.452929
0.331552
0.234574
0.306382
0.306383
0.159110
0.113116
0.099574
0.146367
0.142473
0.108919
0.144115
0.228446
0.243851
0.433709
0.387541
0.316554
0.318932
0.290821
0.202488
0.172885
0.334067
0.388577
0.282856
0.277436
0.246268
0.238843
0.226563
0.195971
0.185959
0.126757
0.174333
0.189421
0.123215
0.169084
0.200409
0.162167
0.143753
0.127431
0.346892
0.195165
0.244168
0.112681
0.088646
0.130328
0.129622
0.306511
0.306519
0.189023
0.258394
0.187160
0.120246
0.120448
0.117752
0.099317
0.078882
0.117172
0.157553
0.154348
0.198700
0.205574
0.150986
0.232315
0.249496
0.273685
0.205548
0.315555
0.281605
0.189094
0.338354
0.339959
0.278845
0.387401
0.191270
0.131381
0.123716
0.151078
0.163469
0.110451
0.142993
0.075532
0.145321
0.088565
0.104865
0.158634
0.198145
0.274172
0.269822
0.166379
0.169502
0.237749
0.232209
0.098215
0.196794
0.302986
0.340738
0.300974
0.386414
0.218837
0.165042
0.132455
0.211173
0.195146
0.215457
0.188348
0.144112
0.196226
0.165209
0.283480
0.163728
0.234389
0.228164
0.270292
0.199159
0.367417
0.240377
0.239884
0.265621
0.203495
0.177017
0.229205
0.311571
0.188339
0.149750
0.121450
0.122429
0.136839
0.113502
0.132361
0.131583
0.161558
0.150639
0.200943
0.220915
0.152173
0.178539
0.179105
0.218674
0.239337
0.161070
0.322883
0.220079
0.451710
0.226829
0.315856
0.195443
0.198892
0.557277
0.234159
0.116419
0.091243
0.088220
0.135979
0.127188
0.103295
0.101326
0.171919
0.172763
0.197181
0.236040
0.165376
0.229150
0.222631
0.163888
0.156870
0.337088
0.271992
0.285584
0.421649
0.287071
0.237487
0.161038
0.181151
0.125044
0.146738
0.114617
0.186273
0.192500
0.113751
0.232763
0.157092
0.196693
0.208410
0.251634
0.180372
0.256022
0.185967
0.473525
0.352056
0.255714
0.285691
0.285570
0.434725
0.351176
0.149903
0.264997
0.182942
0.189624
0.176112
0.192751
0.134718
0.139661
0.113290
0.208665
0.210552
0.201165
0.304020
0.160606
0.185020
0.251626
0.311128
0.461341
0.491545
0.535157
0.370921
0.318881
0.346544
0.409114
0.398595
0.230975
0.248159
