0.129593
0.125563
0.118530
0.130304
0.141367
0.127697
0.171790
0.225682
0.341683
0.349822
0.369261
0.481628
0.377242
0.525326
0.453971
0.380008
0.648518
0.420545
0.479336
0.372422
0.231450
0.210273
0.177874
0.155828
0.143264
0.146108
0.131331
0.135994
0.130462
0.181588
0.150533
0.178427
0.138838
0.216515
0.183406
0.213433
0.237851
0.172264
0.272857
0.283208
0.364994
0.368234
0.354563
0.361675
0.364994
0.250810
0.304544
0.277677
0.166733
0.181035
0.164757
0.175030
0.175583
0.222126
0.191466
0.223232
0.209403
0.216436
0.243066
0.213670
0.196602
0.181114
0.419913
0.390043
0.580956
0.466772
0.393046
0.316950
0.247412
0.244330
0.218965
0.196602
0.180640
0.189095
0.199921
0.185223
0.191624
0.263769
0.252785
0.257685
0.223074
0.240774
0.202134
0.232714
0.192572
0.187515
0.215725
0.244488
0.280443
0.405294
0.458712
0.374951
0.261004
0.251758
0.240379
0.176689
0.176215
0.184907
0.184354
0.189253
0.189885
0.221177
0.238799
0.236744
0.211379
0.296610
0.449237
0.345927
0.311758
0.340577
0.368534
0.410454
0.558451
0.613323
0.673465
0.598625
0.516041
0.414413
0.317290
0.277412
0.229777
0.216706
0.209578
0.206369
0.218357
0.240431
0.234281
0.250171
0.244840
0.201717
0.236112
0.236981
0.285105
0.215014
0.247491
0.274674
0.324378
0.381193
0.287633
0.373528
0.367286
0.242829
0.232319
0.175425
0.176294
0.187436
0.189253
0.175188
0.215488
0.250494
0.218096
0.300830
0.233821
0.292849
0.247728
0.221731
0.335520
0.230897
0.229949
0.326669
0.335994
0.270802
0.239668
0.273015
0.192414
0.209324
0.190518
0.206875
0.195654
0.206243
0.222600
0.244725
0.265034
0.306677
0.258317
0.299565
0.370367
0.423153
0.530067
0.333939
0.306598
0.311418
0.617701
0.360332
0.412406
0.336231
0.365942
0.306677
0.176215
0.265113
0.295456
0.223943
0.226788
0.229395
0.222521
0.213987
0.215488
0.271355
0.296800
0.235559
0.198341
0.229633
0.458475
0.333228
0.355907
0.262742
0.504781
0.298301
0.483682
0.379929
0.243777
0.270486
0.222995
0.204583
0.192335
0.248044
0.267404
0.267088
0.244172
0.235717
0.235638
0.303674
0.276412
0.272540
0.282102
0.258317
0.257764
0.249941
0.218965
0.202845
0.224654
0.295377
0.379139
0.229870
0.324299
0.359621
0.196365
0.176847
0.185539
0.179613
0.170130
0.169814
0.177005
0.174793
0.224101
0.237060
0.274042
0.199684
0.199131
0.210668
0.205215
0.188463
0.201817
0.203319
0.166812
0.179139
0.240616
0.258949
0.259028
0.185855
0.209482
0.190202
0.174397
0.178032
0.185697
0.178032
0.189016
0.181904
0.190360
0.243698
0.281312
0.223943
0.226867
0.187278
0.222600
0.233979
0.248439
0.232477
0.233979
0.243382
0.286053
0.318056
0.294666
0.504465
0.198657
0.204583
0.190597
0.181114
0.204267
0.176373
0.184749
0.171553
0.174318
0.222126
0.282892
0.251758
0.482892
0.610510
0.407349
0.225761
0.209561
0.332912
0.484473
0.359463
0.393283
0.322481
0.341051
0.344607
0.206164
0.191940
0.170446
0.177479
0.192256
0.175109
0.178111
0.188779
0.180719
0.233426
0.203872
0.264559
0.227894
0.262663
0.225761
0.230107
0.242039
0.256104
0.240221
0.244172
0.309680
0.227815
0.397155
0.212722
0.224101
0.218096
0.171474
0.194706
0.174556
0.172975
0.174793
0.178032
0.180403
0.222758
0.229000
0.279415
0.189411
0.212327
0.194627
0.247017
0.210589
0.268352
0.279257
0.271039
0.368787
0.321375
0.243698
0.225286
0.186962
0.237218
0.287475
0.226314
0.166337
0.166416
0.167049
0.170288
0.200000
0.238246
0.171948
0.236902
0.237060
0.219044
0.267483
0.298459
0.489056
0.215409
0.202371
0.200079
0.395259
0.292849
0.252627
0.240458
0.186962
0.200000
0.174714
0.172896
0.167681
0.189648
0.171632
0.172975
0.166812
0.218965
0.227341
0.279099
0.197234
0.217621
0.276333
0.243066
0.201501
0.200395
0.220624
0.272699
0.426709
0.433900
0.312762
0.239194
0.201264
0.183011
0.183564
0.163098
0.178190
0.171790
0.174556
0.168392
0.252153
0.258712
0.252785
0.254761
0.193283
0.292137
0.251995
0.416120
0.220229
0.192414
0.175425
0.213829
0.262110
0.221731
0.229158
0.266456
0.198499
0.159305
0.166733
0.159858
0.160411
0.154642
0.175978
0.160569
0.187910
0.230660
0.273094
0.220624
0.205136
0.261083
0.232240
0.206559
0.208455
0.187278
0.179139
0.182458
0.267957
0.203635
0.232319
0.245595
0.164994
0.171395
0.162861
0.160569
0.183090
0.193757
0.163098
0.158435
0.152035
0.213512
0.225603
0.276175
0.190597
0.231766
0.242434
0.320032
0.370525
0.209166
0.213354
0.232793
0.251995
0.276096
0.224812
0.238246
0.178665
0.184275
0.181825
0.160016
0.157566
0.158277
0.164046
0.168629
0.195259
0.211695
0.199131
0.352035
0.220782
0.201659
0.257448
0.574002
0.307151
0.302173
0.246701
0.251837
0.289925
0.261162
0.500514
0.187831
0.176215
0.186488
0.149032
0.144844
0.144765
0.142631
0.153931
0.152825
0.209245
0.282102
0.194469
0.287633
0.235243
0.226235
0.178348
0.241169
0.208376
0.183248
0.179455
0.199289
0.221019
0.220229
0.221019
0.224417
0.192572
0.189727
0.207507
0.158514
0.169024
0.182062
0.162940
0.158435
0.197866
0.198024
0.275622
0.215567
0.183959
0.214540
0.231924
0.316792
0.242829
0.202924
0.340735
0.296642
0.417384
0.471987
0.286369
0.232398
0.225840
0.185302
0.165152
0.158672
0.159463
0.166021
0.170763
0.170842
0.207586
0.230660
0.245990
0.238562
0.209008
0.280363
0.250731
0.188937
0.181509
0.186330
0.196839
0.213117
0.304544
0.293481
0.256420
0.218412
0.251047
0.180245
0.167918
0.188226
0.173607
0.158198
0.170130
0.185065
0.172659
0.208297
0.246543
0.356618
0.356697
0.363888
0.160648
0.144844
0.152904
0.185539
0.165389
0.162782
0.248044
0.215883
0.195654
0.163730
0.209008
0.138996
0.129040
0.128013
0.120664
0.132201
0.134808
0.137969
0.144133
0.147847
0.228447
0.194311
0.139471
0.157092
0.117187
0.151561
0.168471
0.237851
0.136310
0.171237
0.246780
0.199763
0.195417
0.176057
0.155275
0.169182
0.148321
0.137574
0.129514
0.126116
0.122718
0.121454
0.139471
0.188779
0.441407
0.582458
0.356460
0.172659
0.133702
0.141209
0.162465
0.156223
0.128566
0.117108
0.212880
0.273410
0.346977
0.164441
0.137337
0.163493
0.124694
0.111260
0.096326
0.090873
0.094192
0.092058
0.152667
0.129988
0.141920
0.142473
0.160411
0.122323
0.112762
0.137732
0.131411
0.119399
0.120190
0.143659
0.279573
0.178032
0.196918
0.149111
0.136152
0.120506
0.107704
0.092217
0.092296
0.106045
0.101857
0.090083
0.119716
0.215330
0.207902
0.143896
0.168076
0.182537
0.252232
0.153378
0.158910
0.398578
0.147215
0.149032
0.231292
0.288028
0.152272
0.191703
0.135124
0.112288
0.105492
0.120269
0.087396
0.095772
0.088266
0.097353
0.130383
0.137732
0.163888
0.163651
0.101383
0.167365
0.328566
0.268194
0.171948
0.156302
0.208376
0.215567
0.306677
0.176136
0.349664
0.288898
0.156618
0.113157
0.085263
0.092137
0.088186
0.093007
0.099486
0.110865
0.109680
0.121612
0.177637
0.147294
0.125958
0.187120
0.232082
0.203556
0.286132
0.310312
0.128250
0.131173
0.217780
0.218886
0.213829
0.148084
0.135520
0.110865
0.097353
0.087001
0.085974
0.087159
0.100514
0.083603
0.103042
0.161517
0.169261
0.211458
0.121612
0.178586
0.128408
0.157882
0.141051
0.108258
0.131094
0.135599
0.215251
0.162307
0.187594
0.180166
0.118293
0.115527
0.090715
0.090873
0.115448
0.097669
0.109443
0.104781
0.095693
0.196997
0.232477
0.193678
0.173054
0.133149
0.230897
0.131885
0.170921
0.104860
0.139154
0.129119
0.186013
0.201264
0.194232
0.145950
0.138759
0.130778
0.108179
0.105966
0.122718
0.099012
0.107704
0.093955
0.124694
0.165310
0.165468
0.288582
0.117345
0.117108
0.325010
0.242513
0.154168
0.117345
0.176373
0.120427
0.176926
0.426709
0.203714
0.145555
0.125247
0.112367
0.117029
0.096168
0.093323
0.110628
0.109364
0.096642
0.148716
0.130146
0.145160
0.256104
0.140261
0.286369
0.266851
0.234216
0.157250
0.284789
0.221493
0.215567
0.432082
0.210668
0.186013
0.181272
0.134966
0.111181
0.095219
0.097511
0.089372
0.089688
0.086843
0.107151
0.113631
0.204741
0.146582
0.224733
0.135915
0.138285
0.127539
0.135124
0.110786
0.111814
0.123113
0.134492
0.191861
0.256657
0.194153
0.196839
0.118688
0.110786
0.104307
0.101383
0.091584
0.092612
0.096484
0.101462
0.175662
0.139629
0.187278
0.174081
0.120506
0.218570
0.317345
0.183248
0.133465
0.179534
0.291268
0.214066
0.299881
0.165231
0.182932
0.151640
0.118214
0.119874
0.097906
0.085737
0.089530
0.104623
0.096879
0.084868
0.109127
0.142868
0.146819
0.138838
0.140261
0.140735
0.224575
0.208929
0.127776
0.163651
0.123034
0.151166
0.245595
0.277282
0.215725
0.140024
0.347847
0.111972
0.120664
0.111814
0.100672
0.101067
0.095535
0.098933
0.116950
0.160490
0.203951
0.222600
0.172501
0.171632
0.151719
0.109996
0.128092
0.122876
0.152509
0.156460
0.200474
0.176136
0.181351
0.143026
0.132596
0.131490
0.097590
0.102173
0.093560
0.097669
0.097669
0.115211
0.097274
0.196997
0.229554
0.148242
0.133623
0.131015
0.168629
0.149980
0.110944
0.115527
0.123667
0.159147
0.198420
0.181667
0.192493
0.199842
0.133623
0.109048
0.102805
0.122955
0.095298
0.094508
0.099407
0.095614
0.097748
0.186092
0.371395
0.349309
0.327222
0.193125
0.119637
0.157013
0.119162
0.178111
0.160648
0.134097
0.277361
0.329356
0.166337
0.430660
0.154405
0.119320
0.089846
0.094350
0.081944
0.096168
0.095219
0.085816
0.102252
0.143343
0.157329
0.223864
0.103516
0.130225
0.110233
0.123825
0.271118
0.142710
0.146108
0.109522
0.188147
0.294824
0.158672
0.175583
0.150691
0.344686
0.093165
0.090320
0.084235
0.092849
0.092691
0.080126
0.098538
0.129198
0.274832
0.162149
0.157408
0.140024
0.199368
0.139550
0.115053
0.120269
0.118293
0.134571
0.192572
0.154405
0.162623
0.185697
0.143896
0.112051
0.100672
0.096879
0.092533
0.089293
0.103200
0.082813
0.118767
0.136468
0.222442
0.103358
0.112525
0.102410
0.113078
0.130225
0.132517
0.110391
0.123746
0.115369
0.153694
0.184275
0.174872
0.166812
0.098775
0.090478
0.103121
0.084235
0.095456
0.089846
0.097985
0.099802
0.117977
0.195417
0.181509
0.119320
0.105255
0.114105
0.181193
0.115765
0.125405
0.139787
0.096642
0.123667
0.187199
0.274832
0.160332
0.140419
0.109996
0.095930
0.105729
0.101146
0.102963
0.085105
0.088266
0.090241
0.119874
0.144923
0.205927
0.188937
0.102094
0.107704
0.131411
0.138364
0.142315
0.217068
0.104702
0.222679
0.269380
0.210905
0.200395
0.196918
0.286527
0.247175
0.214303
0.193125
0.089293
0.102726
0.096168
0.097985
0.110549
0.171553
0.171711
0.131094
0.123983
0.141999
0.111576
0.215725
0.153852
0.101778
0.125405
0.119162
0.198183
0.146503
0.271987
0.183959
0.348795
0.098933
0.090952
0.087712
0.103437
0.080522
0.085026
0.083129
0.095061
0.165784
0.129119
0.225049
0.086922
0.114500
0.323983
0.169656
0.096800
0.142236
0.097590
0.090083
0.167128
0.285026
0.144528
0.128566
0.085263
0.078230
0.076175
0.093402
0.081233
0.075859
0.076887
0.078783
0.085500
0.146266
0.136231
0.177400
0.124536
0.254366
0.236033
0.131727
0.106835
0.105492
0.165784
0.137574
0.231055
0.160016
0.152588
0.377716
0.131569
0.111893
0.092691
0.100514
0.090320
0.092612
0.101778
0.100435
0.106835
0.214066
0.166970
0.175978
0.109838
0.121770
0.126511
0.124457
0.098143
0.103674
0.109285
0.143501
0.218412
0.188542
0.155038
0.179297
0.120585
0.120506
0.081786
0.080680
0.080205
0.082418
0.092691
0.098775
0.145081
0.113078
0.145002
0.154721
0.114895
0.140419
0.364836
0.221019
0.222758
0.189569
0.157408
0.291821
0.281628
0.311181
0.442355
0.371000
0.199447
0.140103
0.110391
0.130936
0.115448
0.128171
0.120032
0.114895
0.149269
0.175662
0.253181
0.190518
0.143580
0.140340
0.155591
0.142394
0.152904
0.122165
0.131252
0.152825
0.209482
0.185776
0.297906
0.174951
0.150454
0.119795
0.123904
0.114500
0.117029
0.124615
0.116081
0.113710
0.119320
0.175583
0.199605
0.230423
0.141683
0.178427
0.239194
0.150770
0.158751
0.412406
0.144212
0.139234
0.301067
0.280917
0.170051
0.208929
0.129751
0.118135
0.114263
0.112762
0.116002
0.134966
0.127460
0.125879
0.122481
0.223390
0.185934
0.195022
0.133465
0.237535
0.211695
0.138917
0.169735
0.158277
0.150533
0.133544
0.424970
0.297748
0.281944
0.216594
0.187673
0.141288
0.132833
0.146029
0.137969
0.132596
0.138285
0.140498
0.130778
0.162307
0.269538
0.406322
0.478862
0.551403
0.228605
0.121928
0.190597
0.176215
0.157487
0.137337
0.213750
0.154405
0.197945
0.130857
0.133465
0.110391
0.118925
0.099091
0.091031
0.090004
0.096089
0.114263
0.136547
0.183959
0.154879
0.147531
0.140024
0.104228
0.142947
0.292058
0.141604
0.134650
0.116160
0.141762
0.173686
0.273015
0.221652
0.194864
0.424259
0.181035
0.154642
0.136863
0.134255
0.138996
0.143343
0.148558
0.196997
0.269617
0.224575
0.246859
0.229870
0.167365
0.273805
0.207033
0.212248
0.167049
0.197787
0.175820
0.294271
0.287238
0.201422
0.214303
0.138522
0.140814
0.128329
0.143580
0.133228
0.142473
0.145397
0.145476
0.185381
0.177400
0.268748
0.193678
0.148163
0.264718
0.346740
0.223943
0.239115
0.201185
0.248597
0.302805
0.248992
0.232082
0.183643
0.202134
0.210668
0.141999
0.142236
0.150296
0.139471
0.132438
0.146108
0.123588
0.124457
0.223232
0.179613
0.229000
0.150928
0.162307
0.239036
0.143185
0.162465
0.218333
0.161280
0.205610
0.338917
0.274990
0.199605
0.163335
0.175899
0.154642
0.126037
0.126669
0.127539
0.129198
0.137179
0.140419
0.137969
0.222679
0.244567
0.171079
0.163177
0.175346
0.480680
0.231055
0.198024
0.208613
0.158910
0.337969
0.392414
0.229316
0.206085
0.226077
0.190122
0.141604
0.134176
0.152430
0.136231
0.136073
0.131885
0.131094
0.129988
0.284868
0.255630
0.167365
0.179060
0.179455
0.155038
0.207586
0.174793
0.176689
0.156460
0.168708
0.296800
0.192256
0.386567
0.186409
0.209561
0.142394
0.140024
0.143659
0.147294
0.146740
0.142710
0.142631
0.159858
0.199368
0.200237
0.339471
0.180877
0.184828
0.165468
0.215251
0.158751
0.173291
0.168866
0.174002
0.175030
0.297669
0.193678
0.198657
0.158119
0.142631
0.137890
0.156697
0.129119
0.134255
0.147847
0.145318
0.187673
0.213196
0.207033
0.440142
0.352351
0.161754
0.195733
0.186092
0.147294
0.240221
0.447570
0.233742
0.446622
0.224417
0.359384
0.203556
0.192493
0.133939
0.152825
0.141209
0.134887
0.132517
0.129119
0.133386
0.173291
0.289609
0.191624
0.190202
0.232951
0.161991
0.146898
0.179613
0.181193
0.169419
0.174160
0.175109
0.272699
0.198183
0.160727
0.183011
0.203556
0.215883
0.231371
0.122007
0.120190
0.119083
0.136705
0.134255
0.167128
0.140024
0.221810
0.177716
0.144212
0.137100
0.156460
0.236744
0.207902
0.190518
0.134413
0.237060
0.242987
0.402924
0.202292
0.318688
0.272857
0.153457
0.117819
0.093718
0.092454
0.108495
0.087396
0.105413
0.148716
0.148400
0.184433
0.141130
0.142236
0.139629
0.120269
0.183011
0.124220
0.135836
0.135678
0.166179
0.229633
0.215804
0.192572
0.165152
0.175899
0.187357
0.155196
0.135599
0.134966
0.133070
0.135282
0.130067
0.154089
0.201422
0.215014
0.270170
0.170288
0.141762
0.245595
0.172343
0.427262
0.304149
0.151087
0.169103
0.302963
0.216989
0.203872
0.189016
0.157329
0.156223
0.134966
0.128171
0.131094
0.132675
0.125089
0.153852
0.152430
0.223390
0.209245
0.170446
0.156855
0.160885
0.133228
0.149743
0.165705
0.156855
0.198183
0.263058
0.302963
0.314421
0.214224
0.207033
0.159937
0.198341
0.290557
0.153931
0.134176
0.138996
0.139708
0.141288
0.148005
0.246069
0.548084
0.447689
0.347294
0.201264
0.185302
0.206401
0.170051
0.215330
0.223153
0.215646
0.257369
0.240774
0.246622
0.218333
0.223153
0.153062
0.140972
0.140893
0.135757
0.136468
0.165547
0.145397
0.144686
0.237139
0.187989
0.257132
0.180561
0.211853
0.218886
0.213750
0.329435
0.271355
0.166021
0.480126
0.461083
0.365073
0.283998
0.188384
0.124773
0.109206
0.091110
0.092849
0.090952
0.110786
0.100356
0.111893
0.248518
0.155907
0.178507
0.181904
0.138996
0.189332
0.211221
0.174872
0.244093
0.243698
0.222837
0.303121
0.270486
0.233821
0.287949
0.204425
0.179297
0.141525
0.136547
0.142631
0.150296
0.125326
0.161912
0.146977
0.178111
0.133781
0.143659
0.153694
0.119399
0.135203
0.154247
0.190202
0.139234
0.180245
0.146977
0.221731
0.222679
0.186804
0.229316
0.168787
0.180482
0.145792
0.137890
0.131252
0.152983
0.139708
0.147294
0.162386
0.219518
0.252944
0.224970
0.176057
0.187120
0.165626
0.185855
0.212327
0.150928
0.173923
0.150296
0.286685
0.257843
0.493481
0.269340
0.366594
0.233989
0.224738
0.280761
0.162782
0.134492
0.133544
0.137574
0.144923
0.238641
0.257843
0.203635
0.162702
0.218017
0.226235
0.204583
0.216752
0.198262
0.230818
0.249388
0.277282
0.268906
0.329040
0.229079
0.166574
0.164204
0.154563
0.137258
0.138443
0.133070
0.133781
0.145239
0.144528
0.254603
0.195022
0.205689
0.177558
0.214698
0.167365
0.190360
0.209087
0.153773
0.166258
0.258554
0.305808
0.445674
0.220940
0.210194
0.187594
0.169893
0.160253
0.132517
0.106835
0.126116
0.128566
0.133702
0.148874
0.213987
0.176926
0.235322
0.182616
0.172738
0.160411
0.195259
0.183090
0.273489
0.397076
0.332043
0.236507
0.211300
0.165073
0.212011
0.152430
0.165073
0.140498
0.125089
0.125958
0.133781
0.131964
0.135203
0.176373
0.216436
0.153852
0.261794
0.198024
0.164204
0.199131
0.394864
0.252390
0.185934
0.220229
0.184828
0.537337
0.321533
0.423469
0.172264
0.174002
0.154326
0.139392
0.124852
0.160016
0.134413
0.136705
0.131885
0.144291
0.283603
0.175978
0.213433
0.176926
0.216673
0.175820
0.187041
0.179534
0.176531
0.194153
0.206717
0.215883
0.180166
0.197708
0.142552
0.140577
0.129751
0.217226
0.263848
0.126669
0.128961
0.125484
0.125405
0.166653
0.188147
0.189411
0.257527
0.172501
0.259581
0.251679
0.167365
0.165310
0.229554
0.374556
0.151403
0.207507
0.200711
0.170684
0.193678
0.148479
0.132675
0.134018
0.131885
0.120585
0.123429
0.134334
0.114500
0.132912
0.177005
0.180956
0.222995
0.170525
0.187436
0.180719
0.186488
0.233267
0.145160
0.155275
0.170921
0.260529
0.184512
0.174714
0.145792
0.184828
0.181272
0.162702
0.132596
0.144133
0.138364
0.139313
0.150138
0.164283
0.214382
0.224417
0.197866
0.171553
0.187278
0.270170
0.205294
0.215330
0.254366
0.312999
0.256499
0.342631
0.320743
0.232319
0.151087
0.110549
0.147531
0.122007
0.099012
0.097590
0.097511
0.087080
0.094745
0.119320
0.241723
0.605927
0.559937
0.291347
0.125800
0.142315
0.145002
0.150217
0.179455
0.136152
0.163572
0.380561
0.231055
0.165705
0.165705
0.105887
0.093402
0.100909
0.094824
0.103516
0.091347
0.095140
0.094982
0.086922
0.163493
0.124536
0.181351
0.132675
0.109127
0.300277
0.182695
0.182774
0.213987
0.184749
0.236902
0.268669
0.175899
0.149190
0.130146
0.325168
0.182932
0.114105
0.098617
0.081549
0.087475
0.100830
0.079573
0.122955
0.171079
0.134966
0.180956
0.119953
0.116318
0.107863
0.128408
0.128408
0.093560
0.123034
0.097116
0.133386
0.125879
0.179692
0.133228
0.143185
0.128250
0.107467
0.095298
0.108969
0.096642
0.084077
0.085421
0.111102
0.225840
0.159147
0.171237
0.157803
0.104860
0.126748
0.128645
0.122165
0.133465
0.148084
0.151324
0.229633
0.151798
0.148795
0.156144
0.124220
0.133465
0.114579
0.090004
0.086764
0.091031
0.105097
0.086132
0.143501
0.132991
0.147215
0.161675
0.101383
0.253497
0.157487
0.145318
0.121296
0.094745
0.102726
0.115923
0.185065
0.163730
0.156934
0.141051
0.109364
0.139787
0.110628
0.098143
0.091821
0.092691
0.076808
0.106440
0.117977
0.161754
0.147531
0.159305
0.157724
0.101225
0.088582
0.103516
0.098222
0.110075
0.173923
0.107704
0.120190
0.314737
0.203556
0.160885
0.350059
0.232319
0.107467
0.100040
0.086843
0.080996
0.077756
0.093165
0.110944
0.132438
0.159068
0.130936
0.103911
0.096168
0.156776
0.129277
0.145002
0.293797
0.201027
0.200711
0.301620
0.224180
0.133544
0.151403
0.107704
0.159858
0.204820
0.112920
0.113868
0.089846
0.084394
0.086527
0.223706
0.167760
0.199684
0.126037
0.119557
0.100198
0.143896
0.158159
0.201719
0.223104
0.164495
0.136468
0.299565
0.342631
0.234295
0.145950
0.128329
0.109127
0.104544
0.087396
0.111576
0.090715
0.083050
0.090162
0.081628
0.143817
0.121217
0.160371
0.108989
0.113789
0.098301
0.102568
0.101146
0.151324
0.110154
0.129356
0.175543
0.111675
0.120516
0.116402
0.115527
0.128171
0.101699
0.085776
0.052785
0.059423
0.078190
0.087060
0.124960
0.130675
0.117886
0.251396
0.130993
0.138076
0.270960
0.114026
0.215804
0.116594
0.132379
0.150701
0.319167
0.164562
0.119557
0.136270
0.120525
0.095664
0.103358
0.086606
0.077361
0.088937
0.083860
0.089540
0.155991
0.254250
0.133328
0.144528
0.174793
0.111893
0.145318
0.111893
0.146266
0.101146
0.138285
0.109285
0.242039
0.250573
0.146661
0.154721
0.135124
0.109680
0.088345
0.086211
0.083445
0.077282
0.073252
0.091742
0.095140
0.158119
0.131648
0.117424
0.081707
0.120269
0.145871
0.273331
0.214935
0.209008
0.254524
0.124536
0.193362
0.142710
0.170367
0.112051
0.116002
0.089056
0.090320
0.089293
0.077993
0.092770
0.072303
0.072540
0.083840
0.164520
0.127934
0.195496
0.119399
0.099881
0.084394
0.086290
0.087870
0.096405
0.088186
0.114974
0.150770
0.228052
0.157882
0.142947
0.100672
0.086843
0.164046
0.197550
0.108337
0.086448
0.074753
0.075701
0.105492
0.105571
0.176926
0.118372
0.080917
0.088186
0.096958
0.175504
0.126037
0.144212
0.095851
0.124062
0.178744
0.204741
0.148242
0.117187
0.221493
0.251324
0.096266
0.092108
0.080546
0.089029
0.079639
0.079369
0.111893
0.500040
0.489372
0.248834
0.143975
0.213196
0.108179
0.117345
0.101146
0.127855
0.121217
0.089846
0.343580
0.352351
0.150533
0.095298
0.111893
0.101699
0.086409
0.092908
0.080284
0.079731
0.074042
0.087080
0.070249
0.128803
0.122086
0.160253
0.103200
0.108179
0.404583
0.286448
0.170842
0.197866
0.114658
0.138443
0.317977
0.230423
0.098301
0.325642
0.105097
0.102568
0.073568
0.075464
0.071671
0.078151
0.092533
0.074042
0.090241
0.122402
0.080047
0.156302
0.093165
0.098854
0.079731
0.163809
0.222284
0.102568
0.096602
0.106499
0.147244
0.088266
0.158514
0.089609
0.105176
0.109917
0.087870
0.075741
0.072244
0.075711
0.084359
0.077598
0.094587
0.217463
0.103674
0.112406
0.120684
0.116476
0.097195
0.164599
0.136310
0.117266
0.118767
0.113157
0.273094
0.151245
0.102884
0.105334
0.142710
0.153536
0.215567
0.085342
0.077756
0.078862
0.095377
0.069301
0.093323
0.118293
0.087712
0.125682
0.086902
0.078625
0.150296
0.250257
0.171553
0.132122
0.126827
0.173054
0.395891
0.167049
0.186883
0.145397
0.121375
0.091110
0.086606
0.074911
0.073963
0.078388
0.078072
0.088819
0.084947
0.129988
0.162228
0.100356
0.086290
0.082418
0.084473
0.086527
0.068906
0.072857
0.100040
0.087238
0.136389
0.123904
0.141920
0.104939
0.108179
0.116871
0.089688
0.080443
0.077361
0.071039
0.087712
0.081312
0.113315
0.128329
0.118175
0.130304
0.094864
0.099704
0.110549
0.082813
0.138364
0.171948
0.120822
0.159621
0.353457
0.145713
0.120980
0.121217
0.119795
0.090873
0.081233
0.076966
0.082102
0.080284
0.087080
0.082260
0.081154
0.116871
0.181193
0.101857
0.101541
0.098459
0.100119
0.266298
0.383327
0.220308
0.089846
0.304544
0.245200
0.106124
0.132754
0.110707
0.164520
0.094587
0.090083
0.074200
0.070249
0.076017
0.080838
0.092928
0.076808
0.133939
0.120506
0.148084
0.096563
0.140577
0.175346
0.115448
0.085421
0.081391
0.254208
0.123983
0.162623
0.148716
0.112999
0.124694
0.178507
0.091584
0.083287
0.075069
0.095851
0.078546
0.077993
0.081944
0.100909
0.131173
0.157408
0.181904
0.171869
0.288503
0.213829
0.195417
0.141525
0.123271
0.104623
0.148953
0.306282
0.262979
0.099012
0.148558
0.124694
0.108969
0.085658
0.071592
0.082102
0.078467
0.069933
0.088977
0.091189
0.250415
0.319795
0.141130
0.175109
0.277361
0.450652
0.464243
0.487001
0.395772
0.304544
0.169814
0.186250
0.195101
0.203161
0.115765
0.144607
0.201343
0.106361
0.081470
0.072066
0.067878
0.088424
0.070249
0.128566
0.107151
0.085500
0.188463
0.086211
0.078388
0.089451
0.093560
0.182299
0.074437
0.078072
0.105334
0.161043
0.166970
0.089925
0.110628
0.124141
0.123904
0.112525
0.095930
0.073331
0.065192
0.077993
0.105729
0.103674
0.137100
0.103595
0.091979
0.090320
0.131015
0.137653
0.137337
0.130383
0.117424
0.080522
0.092928
0.195654
0.169735
0.189490
0.171000
0.164757
0.152667
0.147926
0.126353
0.131885
0.129593
0.136310
0.118372
0.065982
0.135757
0.141525
0.104307
0.090557
0.084631
0.104860
0.115290
0.089372
0.099565
0.106124
0.259028
0.419518
0.294982
0.164283
0.154563
0.301146
0.108811
0.085342
0.093560
0.088977
0.089688
0.074753
0.072620
0.108890
0.186488
0.421335
0.436191
0.242276
0.091268
0.106203
0.147056
0.128566
0.210510
0.105966
0.119874
0.161833
0.137495
0.111181
0.131727
0.140261
0.082892
0.094034
0.087949
0.078941
0.075069
0.104544
0.079257
0.105492
0.157566
0.106361
0.108100
0.080284
0.104939
0.145160
0.099091
0.297827
0.123113
0.075227
0.082576
0.161201
0.134571
0.198104
0.418570
0.132201
0.129356
0.126195
0.088661
0.074911
0.066377
0.074358
0.072620
0.108100
0.139154
0.124773
0.153062
0.118767
0.225919
0.204899
0.236507
0.114895
0.072936
0.124299
0.182853
0.309838
0.105413
0.081628
0.104939
0.069459
0.112525
0.086685
0.094034
0.067799
0.072778
0.070565
0.067799
0.103991
0.241486
0.115844
0.158356
0.091584
0.074911
0.076017
0.091979
0.074279
0.091900
0.087475
0.073568
0.229712
0.201501
0.115923
0.109443
0.403398
0.190439
0.212801
0.088582
0.074121
0.069301
0.067325
0.079257
0.119953
0.123746
0.130778
0.112051
0.077440
0.091900
0.087870
0.095298
0.081233
0.076650
0.094153
0.114085
0.174872
0.122205
0.130087
0.119162
0.100672
0.107704
0.091979
0.073647
0.074366
0.064741
0.067594
0.068597
0.122220
0.114745
0.108653
0.128147
0.104852
0.098285
0.088684
0.122584
0.123730
0.103461
0.113339
0.102900
0.170589
0.164797
0.181912
0.151829
0.132082
0.138514
0.102687
0.099716
0.086132
0.087080
0.089846
0.080759
0.114026
0.125958
0.127855
0.124931
0.089688
0.097432
0.280680
0.312130
0.126037
0.136547
0.092928
0.185381
0.264559
0.163493
0.136863
0.117345
0.134650
0.105571
0.081707
0.079968
0.097511
0.096484
0.084315
0.072461
0.084868
0.152114
0.136942
0.114579
0.110233
0.108732
0.123825
0.245832
0.400474
0.275385
0.109522
0.096089
0.146582
0.122955
0.116160
0.132675
0.157250
0.084631
0.100593
0.081312
0.074042
0.089451
0.078783
0.085026
0.110312
0.139471
0.127222
0.166733
0.148558
0.146029
0.141051
0.186409
0.151640
0.088266
0.094982
0.114184
0.213512
0.241802
0.108100
0.135836
0.123667
0.138364
0.096484
0.080284
0.079494
0.080126
0.086211
0.102094
0.095693
0.130146
0.113078
0.156144
0.112051
0.158989
0.222284
0.158356
0.103200
0.134334
0.273805
0.239115
0.160964
0.095693
0.108021
0.117187
0.113552
0.104228
0.086053
0.086685
0.070249
0.080838
0.098933
0.085500
0.085026
0.240300
0.179850
0.143343
0.124773
0.162149
0.140103
0.135520
0.183011
0.119716
0.120664
0.126037
0.227183
0.107072
0.163888
0.146345
0.119162
0.111497
0.146345
0.212801
0.085974
0.100751
0.084473
0.080126
0.100830
0.161280
0.118846
0.093165
0.113789
0.115844
0.301857
0.123508
0.111814
0.142947
0.197471
0.353931
0.243540
0.155433
0.149506
0.116160
0.140182
0.248755
0.092849
0.080284
0.090320
0.070802
0.083603
0.083603
0.096879
0.115369
0.132754
0.099960
0.098933
0.102805
0.085421
0.120111
0.095456
0.087159
0.092217
0.153378
0.256341
0.156065
0.094903
0.131806
0.123588
0.122639
0.081865
0.071908
0.070012
0.088186
0.078783
0.092137
0.093639
0.137811
0.095140
0.131411
0.088107
0.134255
0.119320
0.088898
0.078151
0.086685
0.113078
0.104386
0.141841
0.110391
0.106124
0.205452
0.141841
0.366653
0.106756
0.082260
0.072620
0.075464
0.081628
0.076492
0.094982
0.295930
0.398578
0.393836
0.196365
0.146424
0.260371
0.346503
0.091900
0.150375
0.099091
0.196997
0.244330
0.144291
0.110312
0.123192
0.159226
0.095219
0.083840
0.070644
0.076887
0.076689
0.071434
0.080284
0.096879
0.160134
0.095713
0.107438
0.092004
0.103173
0.130488
0.142052
0.221322
0.113308
0.106911
0.114024
0.160805
0.131410
0.108653
0.101778
0.129909
0.090004
0.079731
0.074832
0.089451
0.092691
0.072540
0.065429
0.091426
0.141130
0.103437
0.156460
0.090162
0.329672
0.213908
0.135441
0.115053
0.141288
0.186290
0.091821
0.082418
0.099881
0.282102
0.114105
0.108969
0.101778
0.103911
0.074674
0.070091
0.066772
0.073094
0.059344
0.113789
0.173923
0.153852
0.163335
0.082695
0.081411
0.084403
0.074911
0.078625
0.088661
0.073726
0.080522
0.161280
0.122718
0.111734
0.100356
0.112999
0.114263
0.085184
0.079573
0.071987
0.064322
0.073805
0.062426
0.119478
0.114500
0.114105
0.076650
0.093402
0.076096
0.156934
0.182220
0.089609
0.217305
0.161754
0.202450
0.361359
0.198341
0.260846
0.111655
0.129435
0.097985
0.099565
0.077993
0.072461
0.074042
0.075227
0.093402
0.103200
0.114184
0.120348
0.108416
0.095535
0.096484
0.082813
0.118293
0.115290
0.081470
0.100119
0.096247
0.146266
0.192651
0.196681
0.133386
0.360806
0.185618
0.187120
0.075464
0.093481
0.087870
0.074753
0.073094
0.082418
0.111102
0.196602
0.131490
0.111576
0.085026
0.093639
0.103991
0.146029
0.131252
0.111102
0.108732
0.154405
0.145397
0.146740
0.152983
0.082181
0.083524
0.104070
0.090162
0.079099
0.092375
0.071355
0.077914
0.091347
0.162228
0.134413
0.084235
0.094745
0.095772
0.110233
0.138759
0.076175
0.078230
0.079889
0.084473
0.150533
0.085816
0.131252
0.144054
0.113868
0.082813
0.077124
0.084947
0.067799
0.081391
0.070802
0.069459
0.073805
0.154168
0.137179
0.111576
0.148479
0.091979
0.078467
0.092217
0.104386
0.094903
0.073647
0.173528
0.236902
0.085184
0.299802
0.327697
0.248202
0.126432
0.105334
0.119795
0.092849
0.090004
0.092849
0.089135
0.120901
0.146503
0.131411
0.166574
0.101541
0.103991
0.096879
0.152035
0.158989
0.108969
0.117582
0.141999
0.334413
0.137337
0.131173
0.133623
0.136073
0.119320
0.114895
0.101067
0.092533
0.093165
0.097590
0.116476
0.115053
0.196128
0.138522
0.168392
0.141130
0.131015
0.119320
0.157250
0.115923
0.125168
0.115527
0.122086
0.134571
0.128961
0.158040
0.190122
0.147768
0.160964
0.145160
0.131490
0.134729
0.125089
0.094192
0.093244
0.101146
0.131015
0.139234
0.097590
0.078230
0.089688
0.098380
0.097116
0.096563
0.084315
0.095456
0.100909
0.155275
0.148558
0.108811
0.130146
0.097985
0.100751
0.098064
0.100514
0.075622
0.079810
0.075780
0.086290
0.117503
0.114974
0.102884
0.254129
0.190043
0.205452
0.149427
0.108890
0.155591
0.190043
0.221256
0.225524
0.404267
0.436428
0.301620
0.227420
0.202924
0.170288
0.234769
0.192809
0.180403
0.073726
0.077203
0.146898
0.089451
0.246938
0.384433
0.381509
0.233663
0.133307
0.290241
0.139866
0.156223
0.165942
0.119162
0.096247
0.185776
0.257606
0.387199
0.267641
0.120664
0.095456
0.082971
0.100277
0.075464
0.078151
0.074674
0.070170
0.094824
0.143738
0.176136
0.116160
0.079652
0.076729
0.080284
0.121928
0.104228
0.099565
0.085737
0.086685
0.159858
0.128013
0.115844
0.120269
0.089056
0.091900
0.100198
0.074200
0.067246
0.068431
0.069538
0.075069
0.081865
0.138680
0.145002
0.119953
0.086448
0.113710
0.148558
0.134492
0.126195
0.115685
0.220624
0.307625
0.251363
0.140577
0.098380
0.148637
0.137732
0.097827
0.095298
0.082339
0.089609
0.077914
0.091426
0.097274
0.114184
0.123904
0.133070
0.139708
0.111181
0.317503
0.253339
0.143501
0.166021
0.183722
0.118372
0.121217
0.451047
0.123429
0.298380
0.179929
0.130936
0.103911
0.103437
0.090241
0.086606
0.083682
0.104307
0.095061
0.109443
0.127855
0.099091
0.107546
0.163414
0.174081
0.184433
0.182695
0.117819
0.113394
0.133860
0.191150
0.285263
0.217068
0.133307
0.127380
0.124457
0.146266
0.233663
0.116318
0.085105
0.082655
0.093955
0.099723
0.140182
0.109680
0.137969
0.149269
0.132912
0.146187
0.137732
0.206006
0.263848
0.264164
0.200711
0.123034
0.149822
0.114816
0.133702
0.132359
0.117503
0.110944
0.119241
0.082892
0.084394
0.090715
0.097274
0.091189
0.106835
0.125168
0.121612
0.147768
0.175662
0.128092
0.086211
0.095298
0.085737
0.089135
0.103911
0.115765
0.164441
0.142157
0.138522
0.154959
0.140498
0.110628
0.104702
0.085026
0.083998
0.088424
0.098933
0.095851
0.136784
0.127776
0.164994
0.128724
0.103121
0.104702
0.243777
0.337811
0.173054
0.195654
0.121612
0.120585
0.283761
0.237535
0.184512
0.137258
0.382774
0.116950
0.093718
0.084473
0.075385
0.089451
0.110154
0.091031
0.121533
0.241486
0.153536
0.129909
0.111655
0.115132
0.101067
0.110865
0.100435
0.153457
0.337495
0.309127
0.272066
0.342552
0.223390
0.293086
0.178586
0.135441
0.179455
0.188542
0.079573
0.084789
0.069933
0.089609
0.098301
0.127776
0.125247
0.144291
0.134650
0.101620
0.114421
0.116081
0.088977
0.091347
0.092849
0.105255
0.167286
0.141051
0.106361
0.222205
0.306124
0.109601
0.096009
0.079257
0.090557
0.086922
0.077993
0.088266
0.115527
0.141920
0.115765
0.114105
0.161912
0.118214
0.234137
0.244330
0.209087
0.109917
0.089688
0.086211
0.145792
0.101699
0.092691
0.142394
0.147610
0.126195
0.099012
0.087396
0.085658
0.100040
0.072382
0.076808
0.100988
0.222600
0.448676
0.333386
0.210905
0.128882
0.080443
0.113394
0.074595
0.085105
0.087554
0.090873
0.111734
0.078625
0.085026
0.081549
0.103595
0.106203
0.146266
0.094824
0.101383
0.078783
0.075227
0.076175
0.100198
0.132359
0.096642
0.077993
0.099960
0.102094
0.068589
0.072699
0.077440
0.084947
0.086764
0.125800
0.156144
0.149032
0.114421
0.124378
0.093876
0.099881
0.073331
0.078151
0.081549
0.066061
0.065666
0.079020
0.091347
0.105966
0.117819
0.116476
0.090083
0.071513
0.074042
0.143738
0.191624
0.239510
0.213354
0.101699
0.216910
0.216041
0.102884
0.113710
0.123904
0.093718
0.086606
0.078467
0.073015
0.064085
0.063532
0.080126
0.120901
0.108969
0.129751
0.095219
0.126906
0.077914
0.078230
0.077440
0.081707
0.070486
0.080522
0.084077
0.133860
0.100672
0.089451
0.116634
0.147847
0.108258
0.083287
0.072540
0.075227
0.070486
0.064085
0.075622
0.137574
0.113552
0.111497
0.078783
0.097906
0.072224
0.085026
0.155354
0.084710
0.094113
0.282813
0.150375
0.161833
0.151719
0.100198
0.110549
0.126195
0.110628
0.090478
0.069617
0.079178
0.075859
0.070407
0.070328
0.137495
0.131648
0.257606
0.108021
0.108574
0.077282
0.076175
0.141604
0.105334
0.099407
0.109127
0.121296
0.292770
0.414698
0.240537
0.189332
0.204109
0.390676
0.191308
0.172896
0.072540
0.155749
0.078467
0.172185
0.088424
0.122007
0.100988
0.321375
0.104070
0.376531
0.187515
0.211379
0.226235
0.266851
0.381509
0.193994
0.369735
0.425682
0.282576
0.218412
0.220940
0.207191
0.196997
0.203003
0.087159
0.169261
0.115606
0.122007
0.111734
0.211616
0.096089
0.171316
0.139866
0.101462
0.203556
0.085184
0.174872
0.229870
0.200237
0.188305
0.263927
0.378823
0.242750
0.228131
0.239194
0.217384
0.166812
0.178348
0.179613
0.092217
0.171158
0.083840
0.092849
0.125168
0.137495
0.106440
0.081075
0.138996
0.221098
0.333307
0.267404
0.203477
0.185539
0.271592
0.474595
0.327697
0.278546
0.347926
0.152825
0.105255
0.108969
0.106519
0.088424
0.082418
0.088740
0.093402
0.095772
0.121217
0.157487
0.108337
0.124773
0.155670
0.110470
0.131569
0.112920
0.111181
0.441723
0.235875
0.279889
0.535441
0.529277
0.260450
0.214935
0.213908
0.273963
0.161596
0.153694
0.146582
0.083919
0.086685
0.129435
0.104544
0.131806
0.134650
0.128329
0.162861
0.174397
0.176768
0.270091
0.133544
0.112762
0.112999
0.248360
0.203003
0.293797
0.407270
0.321849
0.310707
0.286922
0.283208
0.279099
0.268352
0.268748
0.261162
0.298143
0.308416
0.115211
0.098933
0.087475
0.134413
0.129198
0.125800
0.170525
0.284947
0.286448
0.483761
0.673252
0.544212
0.325563
0.339392
0.353141
0.356144
0.244646
0.184828
0.106440
0.183169
0.097274
0.167839
0.259502
0.444883
0.285658
0.253576
0.229949
0.247175
0.234769
0.266535
0.267562
0.343975
0.270407
0.379929
0.568392
0.667404
0.733228
0.405610
0.521612
0.359858
0.186330
0.196918
0.332280
0.168550
0.177084
0.201659
0.157487
0.206480
0.392177
0.214777
0.330067
0.430897
0.298538
0.465192
0.485500
0.448202
0.680996
0.695535
0.738364
0.698775
0.866061
0.508100
0.478151
0.500119
0.400869
0.323825
0.238483
0.285658
0.429554
0.381035
0.384749
0.620150
0.583722
0.252627
0.203872
0.276492
0.234690
0.285737
0.394469
0.451679
0.528724
0.697985
0.667720
0.685184
0.549901
0.571079
0.511497
0.500593
0.456183
0.441169
0.426630
0.246780
0.218570
0.210036
0.243461
0.376294
0.252864
0.227499
0.249388
0.462426
0.554089
0.653023
0.403556
0.458001
0.434295
0.337258
0.270407
0.276333
0.224338
0.264085
0.288898
0.212169
0.212722
0.197392
0.163493
0.134413
0.200000
0.192888
0.181746
0.150770
0.242592
0.197392
0.205531
0.227341
0.429791
0.624733
0.563335
0.751403
0.505176
0.437377
0.614698
0.815646
0.694508
0.684631
0.553378
0.487317
0.512209
0.589332
0.434374
0.392967
0.391229
0.393362
0.272224
0.148874
0.312525
0.307942
0.197787
0.141367
0.222126
0.226472
0.296326
0.359700
0.186488
0.290241
0.444409
0.516318
0.506835
0.416436
0.401264
0.449388
0.380008
0.329119
0.380324
0.176057
0.195101
0.134650
0.187041
0.229554
0.214698
0.098222
0.190676
0.100751
0.190439
0.158119
0.155196
0.526432
0.430265
0.429791
0.548716
0.621731
0.639273
0.576373
0.602845
0.552667
0.405927
0.379218
0.325879
0.096009
0.182616
0.180008
0.111655
0.263295
0.098617
0.203161
0.107863
0.177637
0.169340
0.177242
0.166574
0.271829
0.545950
0.415962
0.507467
0.480838
0.434848
0.539866
0.358040
0.216199
0.394073
0.358593
0.351087
0.347452
0.258554
0.197787
0.204267
0.120190
0.277993
0.125721
0.224733
0.238246
0.293481
0.408771
0.419439
0.437298
0.528329
0.459186
0.603003
0.414540
0.382853
0.257606
0.207823
0.221968
0.096009
0.187199
0.087001
0.080205
0.159700
0.095693
0.154405
0.158672
0.145239
0.126116
0.111576
0.100435
0.121454
0.102252
0.089451
0.105729
0.099881
0.125168
0.169261
0.093639
0.106361
0.119637
0.107309
0.143264
0.093165
0.091268
0.102015
0.099723
0.080996
0.084394
0.138443
0.121454
0.135836
0.092849
0.078309
0.135520
0.155117
0.178190
0.158356
0.118846
0.225919
0.392098
0.327222
0.261478
0.150612
0.283129
0.155749
0.128566
0.115132
0.099881
0.087633
0.103911
0.095377
0.094508
0.128803
0.125089
0.133860
0.123588
0.093718
0.090557
0.114500
0.118056
0.182379
0.184512
0.173607
0.140814
0.201027
0.175425
0.234927
0.280522
0.162149
0.116950
0.126827
0.086527
0.092375
0.088621
0.101521
0.095930
0.104386
0.134571
0.135243
0.116555
0.094666
0.337732
0.482655
0.247886
0.122481
0.156697
0.102647
0.107863
0.341604
0.173923
0.323667
0.580877
0.646622
0.444962
0.391940
0.367760
0.360648
0.362386
0.302252
0.331806
0.247570
0.206164
0.215093
0.124299
0.116555
0.160964
0.206638
0.177242
0.149151
0.143797
0.133781
0.188937
0.434216
0.384591
0.436665
0.500672
0.142236
0.260529
0.130857
0.230107
0.099960
0.216989
0.090241
0.094587
0.117187
0.144054
0.248676
0.096642
0.119637
0.133702
0.142710
0.169893
0.111339
0.149269
0.244409
0.159937
0.192888
0.130304
0.238483
0.139075
0.202450
0.199763
0.106598
0.088661
0.092375
0.093007
0.104070
0.084710
0.099328
0.136942
0.141446
0.139392
0.151956
0.138601
0.100909
0.117108
0.144449
0.099012
0.138601
0.126037
0.422284
0.245437
0.165784
0.172817
0.121849
0.108337
0.130146
0.081707
0.083137
0.094887
0.104733
0.098475
0.125207
0.254571
0.206638
0.163224
0.135045
0.134216
0.151798
0.154453
0.161896
0.180640
0.155117
0.159328
0.241383
0.208439
0.155701
0.151173
0.171727
0.160917
0.156231
0.123588
0.098064
0.084473
0.076808
0.084631
0.140972
0.103753
0.150217
0.090320
0.082418
0.120032
0.184591
0.272382
0.122402
0.095140
0.125089
0.161043
0.230818
0.228289
0.115527
0.114263
0.136547
0.113947
0.099486
0.083287
0.077677
0.077282
0.083129
0.100830
0.106914
0.135994
0.143501
0.130067
0.099170
0.158910
0.119637
0.112604
0.094824
0.131331
0.120980
0.106756
0.176057
0.160095
0.123588
0.166258
0.281549
0.139154
0.121533
0.101067
0.102726
0.101225
0.089135
0.089135
0.117661
0.148874
0.150217
0.271118
0.330146
0.352746
0.315369
0.206243
0.118056
0.103991
0.106914
0.130699
0.232556
0.451442
0.329830
0.567049
0.457053
0.572738
0.441802
0.391861
0.356618
0.390202
0.303674
0.334018
0.375662
0.303753
0.177795
0.164599
0.088424
0.146898
0.152430
0.161280
0.197708
0.189727
0.205136
0.104228
0.272224
0.233821
0.207349
0.206954
0.155275
0.284947
0.285974
0.277914
0.257369
0.260292
0.260529
0.262189
0.189964
0.134176
0.146187
0.141130
0.111814
0.267483
0.127539
0.136626
0.117898
0.109206
0.113710
0.105808
0.217938
0.226709
0.324694
0.496642
0.360016
0.276571
0.233109
0.098222
0.115369
0.084947
0.090636
0.085263
0.141841
0.136626
0.121454
0.193836
0.094034
0.275701
0.398894
0.301541
0.166179
0.158356
0.211142
0.148084
0.290162
0.144212
0.324378
0.342552
0.316950
0.341604
0.387831
0.215962
0.096326
0.098301
0.082734
0.084631
0.106282
0.145713
0.198578
0.128487
0.123350
0.104860
0.101383
0.122560
0.125484
0.099091
0.105255
0.283998
0.213591
0.332201
0.632872
0.528329
0.434058
0.460213
0.406006
0.363967
0.344923
0.355038
0.236823
0.140340
0.219281
0.434137
0.383564
0.357408
0.136626
0.168234
0.080838
0.264797
0.304228
0.381193
0.222600
0.244567
0.437218
0.389095
0.622837
0.584591
0.528408
0.427420
0.214066
0.224180
0.190360
0.195575
0.178586
0.167760
0.147610
0.264085
0.491979
0.405610
0.215646
0.266219
0.519083
0.462189
0.227894
0.323350
0.210589
0.472382
0.617780
0.433742
0.345871
0.427420
0.508416
0.457132
0.334255
0.261873
0.239273
0.162940
0.162070
0.189648
0.327222
0.262110
0.279968
0.279889
0.281075
0.297906
0.232319
0.493955
0.339629
0.489609
0.217305
0.302568
0.561280
0.501620
0.498538
0.516476
0.516239
0.474911
0.265903
0.229158
0.231766
0.221889
0.224575
0.216831
0.234295
0.270091
0.368866
0.215804
0.176689
0.330146
0.253181
0.271355
0.499723
0.408771
0.799289
0.572817
0.610984
0.801106
0.890557
0.599052
0.571790
0.602766
0.517819
0.493323
0.557882
0.444725
0.444567
0.476254
0.439668
0.416831
0.503832
0.272303
0.155117
0.201817
0.253102
0.182220
0.211537
0.108811
0.224180
0.407981
0.416199
0.439668
0.225365
0.375820
0.238641
0.164994
0.152114
0.151956
0.146503
0.154959
0.155986
0.144449
0.140498
0.208218
0.248755
0.254919
0.178427
0.560332
0.594548
0.452074
0.384433
0.513789
0.691505
0.606322
0.522086
0.488345
0.619439
0.357882
0.356144
0.469380
0.299091
0.319399
0.347373
0.258001
0.218649
0.202055
0.319953
0.258238
0.203398
0.312604
0.189016
0.387199
0.489372
0.228210
0.246622
0.414935
0.443935
0.454840
0.700514
0.550928
0.416120
0.608060
0.462979
0.595259
0.644646
0.459976
0.483050
0.476175
0.406006
0.345555
0.332280
0.342631
0.353694
0.306756
0.236823
0.350296
0.496168
0.345555
0.371869
0.568155
0.407586
0.403003
0.493639
0.376768
0.580956
0.394232
0.553615
0.303595
0.312051
0.237930
0.363888
0.264876
0.179850
0.280205
0.274832
0.366733
0.271434
0.256262
0.359937
0.349111
0.341604
0.389095
0.393994
0.606875
0.413908
0.330778
0.532675
0.444014
0.444646
0.665903
0.632793
0.386013
0.412880
0.385302
0.324457
0.283682
0.304702
0.367207
0.359147
0.430344
0.404978
0.413117
0.339945
0.290399
0.534176
0.456183
0.460055
0.669775
0.613987
0.480363
0.430739
0.650494
0.675385
0.457369
0.581272
0.528882
0.419044
0.328882
0.361754
0.293560
0.349585
0.271908
0.244962
0.274437
0.301304
0.246622
0.224496
0.199526
0.305571
0.285105
0.291505
0.243856
0.250731
0.388226
0.328803
0.469538
0.238404
0.489056
0.345634
0.316239
0.160174
0.201896
0.141288
0.158751
0.170684
0.141051
0.165231
0.189885
0.208455
0.174081
0.300435
0.191782
0.200000
0.352351
0.259107
0.305176
0.517503
0.618570
0.491505
0.660766
0.568392
0.736942
0.485026
0.418096
0.346266
0.317266
0.265903
0.307388
0.297827
0.134334
0.285658
0.221889
0.318846
0.241565
0.294113
0.349743
0.261557
0.413512
0.508811
0.458475
0.714421
0.713078
0.608692
0.829633
0.943264
0.535520
0.525642
0.393757
0.487870
0.349506
0.439194
0.293402
0.281233
0.389569
0.266456
0.352351
0.427815
0.339234
0.183880
0.306282
0.221573
0.366495
0.358040
0.309285
0.467483
0.504465
0.705018
0.465745
0.760964
0.409798
0.386250
0.315606
0.356618
0.393994
0.311023
0.287080
0.287396
0.269696
0.294113
0.339471
0.432951
0.412959
0.230660
0.249151
0.319716
0.563888
0.463927
0.787199
0.792019
0.625444
0.666851
0.900277
0.674042
0.725800
0.789174
0.626709
0.576294
0.397234
0.320822
0.437772
0.412880
0.311972
0.367049
0.601185
0.406638
0.326511
0.376057
0.333307
0.317582
0.363651
0.321059
0.847412
0.616515
0.527776
0.556776
0.789885
0.546898
0.579218
0.574476
0.568076
0.497669
0.460529
0.438878
0.451837
0.433347
0.431371
0.413275
0.341288
0.344528
0.286290
0.217701
0.237772
0.322007
0.418649
0.415646
0.438167
0.556855
0.298775
0.421493
0.579534
0.799131
0.466535
0.591071
0.468510
0.465982
0.471829
0.466851
0.472778
0.446464
0.359858
0.247175
0.260608
0.380482
0.206006
0.211932
0.234453
0.408771
0.511655
0.500435
0.377400
0.421177
0.709917
0.575030
0.679731
0.378902
0.536468
0.588147
0.288186
0.357013
0.453813
0.240537
0.303753
0.302647
0.254919
0.271434
0.494666
0.340893
0.223311
0.269380
0.403319
0.407191
0.298538
0.383011
0.246701
0.253576
0.275069
0.450731
0.338206
0.308258
0.454682
0.463532
0.287080
0.264480
0.175820
0.415962
0.243145
0.243856
0.162861
0.233347
0.394943
0.235480
0.317977
0.238325
0.344370
0.338127
0.384433
0.392414
0.497195
0.373370
0.386171
0.606401
0.602687
0.396760
0.449151
0.609324
0.384117
0.333228
0.411774
0.249783
0.267957
0.190439
0.211458
0.367523
0.264401
0.314579
0.155275
0.236823
0.234216
0.380956
0.311576
0.209245
0.346819
0.563177
0.338917
0.317424
0.613750
0.468589
0.278230
0.254366
0.512999
0.348321
0.215251
0.189648
0.208139
0.115685
0.200000
0.170367
0.175741
0.109285
0.232003
0.102252
0.203635
0.108969
0.190676
0.424575
0.412406
0.230265
0.432793
0.511181
0.485579
0.493323
0.517424
0.450652
0.318846
0.299328
0.251284
0.327934
0.140972
0.211379
0.239747
0.205531
0.151087
0.204504
0.273410
0.200474
0.324931
0.469775
0.582220
0.595180
0.539708
0.614461
0.417780
0.560727
0.454287
0.516239
0.745318
0.610589
0.447886
0.254050
0.387199
0.332833
0.259976
0.332596
0.412248
0.261636
0.261320
0.375504
0.487396
0.278783
0.408139
0.364362
0.338206
0.416120
0.572422
0.525879
0.628921
0.425286
0.415883
0.347136
0.256499
0.360016
0.523904
0.474516
0.403319
0.340814
0.286843
0.251205
0.146661
0.252074
0.228447
0.326906
0.247965
0.181588
0.270091
0.277519
0.414303
0.278151
0.249151
0.172343
0.276808
0.506361
0.506914
0.575188
0.400237
0.311655
0.179218
0.362307
0.184986
0.298380
0.235164
0.185934
0.211379
0.179850
0.280759
0.250178
0.220150
0.170842
0.623627
0.472303
0.306124
0.453418
0.572185
0.294745
0.455077
0.603793
0.543343
0.467167
0.438483
0.256974
0.415804
0.234216
0.268827
0.173528
0.236033
0.134650
0.214461
0.136389
0.168471
0.193204
0.243303
0.258001
0.284473
0.113315
0.131885
0.364362
0.295298
0.457448
0.233584
0.450415
0.369340
0.379297
0.374002
0.229316
0.239115
0.188463
0.169340
0.219597
0.219676
0.159621
0.155275
0.232240
0.295140
0.216357
0.254840
0.224812
0.238325
0.479257
0.384117
0.351008
0.358198
0.352667
0.337495
0.406954
0.422047
0.526195
0.543105
0.343105
0.276650
0.255709
0.214303
0.164125
0.205452
0.216989
0.147768
0.228052
0.295219
0.144528
0.201659
0.105176
0.171790
0.144212
0.150454
0.179297
0.302489
0.233426
0.281233
0.345634
0.470170
0.493402
0.449862
0.310391
0.285500
0.389253
0.205927
0.280363
0.119953
0.218017
0.213987
0.188621
0.252311
0.194627
0.202055
0.256104
0.392098
0.417621
0.495140
0.237298
0.442829
0.491347
0.290004
0.517582
0.787357
0.460529
0.503437
0.589569
0.229712
0.214382
0.299881
0.205610
0.197076
0.210905
0.117503
0.200632
0.217780
0.296958
0.261162
0.200158
0.157092
0.350138
0.322007
0.336389
0.240142
0.393678
0.429316
0.283919
0.471039
0.578744
0.552272
0.283445
0.154326
0.218570
0.317740
0.137969
0.149980
0.145081
0.224259
0.345239
0.243777
0.198736
0.184117
0.165310
0.153062
0.111497
0.163730
0.213670
0.194627
0.174476
0.192967
0.250336
0.188068
0.196444
0.193678
0.178190
0.144765
0.156065
0.172817
0.167760
0.154405
0.141209
0.134571
0.216120
0.198104
0.177795
0.122165
0.132201
0.234769
0.369656
0.205452
0.117661
0.258396
0.178427
0.187278
0.215409
0.158119
0.234374
0.137574
0.140261
0.118214
0.117187
0.093086
0.102410
0.115923
0.106124
0.105887
0.110628
0.218570
0.413512
0.379455
0.210589
0.180561
0.207744
0.382853
0.241802
0.201501
0.230739
0.213512
0.480126
0.258633
0.232714
0.305808
0.238641
0.184512
0.169656
0.159542
0.136784
0.155986
0.149743
0.149269
0.172185
0.273726
0.152904
0.215014
0.200632
0.161991
0.180956
0.159068
0.161596
0.196444
0.182062
0.244409
0.236033
0.207112
0.137100
0.137100
0.130383
0.136547
0.225286
0.134966
0.130146
0.099565
0.108890
0.103121
0.119004
0.166337
0.117661
0.137969
0.101936
0.296247
0.368629
0.179139
0.192888
0.273410
0.286685
0.233505
0.224101
0.267799
0.239036
0.263848
0.190597
0.178032
0.155196
0.159147
0.159779
0.157566
0.165310
0.152035
0.185697
0.186567
0.195022
0.159937
0.123983
0.133228
0.171553
0.190122
0.298301
0.159621
0.195654
0.178348
0.353931
0.186092
0.177637
0.298933
0.178348
0.184512
0.157408
0.149980
0.146266
0.168629
0.162544
0.151719
0.175504
0.190597
0.207428
0.161359
0.181983
0.201659
0.116002
0.143738
0.116950
0.113789
0.114263
0.161596
0.251126
0.201659
0.225919
0.385618
0.303042
0.131411
0.113552
0.096326
0.095140
0.097827
0.114816
0.114737
0.153457
0.226630
0.176294
0.179771
0.187989
0.146424
0.135203
0.115132
0.114500
0.164441
0.335362
0.145555
0.188621
0.187278
0.161912
0.174397
0.196365
0.174793
0.203477
0.176926
0.154089
0.145634
0.143738
0.154010
0.160411
0.165863
0.128171
0.254998
0.192019
0.177716
0.103911
0.094034
0.098696
0.158910
0.171000
0.473884
0.597708
0.380956
0.362307
0.124536
0.204899
0.136626
0.115053
0.133544
0.124694
0.099407
0.106282
0.096009
0.119083
0.221652
0.165784
0.205057
0.230739
0.154405
0.246938
0.230265
0.138838
0.108416
0.210431
0.192493
0.224970
0.287159
0.435796
0.417780
0.237693
0.194232
0.153615
0.149348
0.150928
0.148400
0.150296
0.149822
0.173765
0.186646
0.152825
0.250889
0.217384
0.187515
0.192493
0.201185
0.169024
0.172817
0.157882
0.167365
0.185065
0.409957
0.441486
0.321454
0.157171
0.120032
0.296879
0.213433
0.113947
0.098854
0.095140
0.090794
0.117108
0.142789
0.132438
0.128803
0.129593
0.143896
0.158751
0.200948
0.175109
0.227025
0.313947
0.237060
0.554484
0.440537
0.379692
0.361596
0.241328
0.159858
0.154484
0.141841
0.137811
0.112525
0.103753
0.097906
0.107151
0.325326
0.421335
0.297827
0.157645
0.122955
0.184986
0.148874
0.220545
0.192414
0.190834
0.213512
0.296563
0.204188
0.171711
0.175741
0.168787
0.153773
0.158672
0.148242
0.099723
0.106677
0.094587
0.093402
0.131648
0.151798
0.128171
0.115132
0.150849
0.204583
0.265271
0.343501
0.164204
0.117187
0.551087
0.255077
0.671671
0.629316
0.454287
0.479652
0.463848
0.445832
0.330857
0.403556
0.438246
0.248360
0.117977
0.130857
0.163019
0.332438
0.165389
0.171000
0.151008
0.142236
0.312209
0.311418
0.314105
0.104070
0.191229
0.325958
0.449388
0.419755
0.357250
0.457843
0.365152
0.369182
0.456262
0.323746
0.293639
0.302331
0.295535
0.283840
0.298538
0.331648
0.271592
0.133860
0.149743
0.278072
0.292137
0.185855
0.153852
0.140024
0.206243
0.297511
0.295535
0.421098
0.362702
0.359068
0.421177
0.288503
0.311734
0.310391
0.285974
0.228052
0.110470
0.118372
0.166258
0.148874
0.141446
0.125958
0.104465
0.145081
0.315685
0.172659
0.153931
0.120348
0.307783
0.181035
0.427262
0.183564
0.256815
0.155591
0.138838
0.219123
0.304307
0.291584
0.294508
0.288186
0.280126
0.127143
0.133544
0.125721
0.104149
0.172106
0.357408
0.264401
0.319241
0.116002
0.382774
0.171237
0.413591
0.379455
0.604978
0.701857
0.435954
0.608218
0.630028
0.355828
0.335757
0.196681
0.167918
0.193836
0.168234
0.161596
0.189490
0.192414
0.181746
0.162702
0.175346
0.178190
0.462979
0.265508
0.175188
0.203793
0.115053
0.224496
0.228605
0.271355
0.214935
0.217780
0.289372
0.107388
0.215567
0.123271
0.089293
0.095614
0.170921
0.103358
0.126432
0.139629
0.145239
0.112130
0.104781
0.117661
0.138285
0.170288
0.128250
0.199763
0.154959
0.217859
0.289688
0.254603
0.158277
0.186883
0.251126
0.117266
0.128171
0.093086
0.111497
0.106519
0.101857
0.095298
0.142947
0.165389
0.119795
0.098380
0.093955
0.092849
0.097906
0.119795
0.183248
0.229633
0.096089
0.114658
0.248676
0.203161
0.201580
0.132675
0.130067
0.120190
0.119004
0.109759
0.120664
0.106993
0.111023
0.113868
0.106203
0.170367
0.408929
0.411063
0.262979
0.152904
0.237693
0.233584
0.118451
0.126511
0.127855
0.130857
0.191150
0.143817
0.128329
0.137100
0.136547
0.125089
0.115132
0.126748
0.107546
0.098064
0.098617
0.097511
0.136705
0.156539
0.158672
0.124852
0.137179
0.141051
0.108179
0.096642
0.103516
0.097906
0.166891
0.159937
0.383327
0.355828
0.188858
0.376926
0.202450
0.170209
0.162702
0.168234
0.153378
0.155354
0.154879
0.142868
0.182379
0.208929
0.152904
0.117582
0.134729
0.401738
0.256104
0.183880
0.222284
0.182141
0.369498
0.194311
0.294034
0.156144
0.158040
0.347215
0.382379
0.230107
0.298064
0.181588
0.151798
0.155354
0.141051
0.165547
0.174002
0.209166
0.182853
0.191703
0.182537
0.189727
0.112367
0.127222
0.146187
0.297985
0.363019
0.364125
0.267009
0.274990
0.349664
0.368866
0.343580
0.154959
0.141762
0.173133
0.170288
0.152746
0.148400
0.146977
0.188305
0.149585
0.163493
0.154089
0.160253
0.193283
0.300119
0.258712
0.158514
0.218254
0.333307
0.182220
0.324773
0.420782
0.199921
0.170605
0.239747
0.400948
0.336468
0.141525
0.098459
0.108653
0.109917
0.121533
0.139471
0.151324
0.136468
0.116792
0.126748
0.101857
0.102884
0.107388
0.135915
0.145634
0.133307
0.295219
0.321059
0.362940
0.389332
0.260134
0.445595
0.350691
0.185302
0.104070
0.102410
0.100514
0.104939
0.101383
0.136942
0.168155
0.142789
0.116792
0.124615
0.128724
0.366653
0.294903
0.308021
0.401264
0.441169
0.412643
0.499644
0.328171
0.294745
0.163967
0.308416
0.304465
0.288503
0.309838
0.216515
0.109522
0.108179
0.101383
0.143343
0.145318
0.222205
0.120743
0.101462
0.245279
0.118451
0.447886
0.168945
0.131490
0.239194
0.220387
0.200079
0.204030
0.189964
0.135994
0.140182
0.129909
0.301541
0.289372
0.106361
0.095930
0.122323
0.118846
0.135282
0.300356
0.425603
0.322086
0.142947
0.149822
0.128487
0.368787
0.201501
0.129435
0.129356
0.139392
0.336152
0.304702
0.224417
0.344054
0.160806
0.112762
0.111418
0.110549
0.129119
0.091347
0.112683
0.099012
0.148874
0.139234
0.148084
0.136547
0.115369
0.178665
0.457843
0.270802
0.153062
0.389569
0.399763
0.351245
0.351166
0.184828
0.292691
0.452390
0.397629
0.309522
0.466535
0.177400
0.140182
0.169024
0.147926
0.163809
0.178665
0.203319
0.167997
0.243382
0.154563
0.187436
0.317424
0.158989
0.160016
0.158514
0.147689
0.164283
0.256974
0.474832
0.498459
0.357961
0.440063
0.403082
0.320111
0.243619
0.145634
0.144212
0.280996
0.211221
0.144765
0.152588
0.215883
0.119795
0.110944
0.109127
0.136231
0.319637
0.394469
0.338285
0.398024
0.469775
0.221019
0.480205
0.341920
0.291031
0.268669
0.159779
0.147847
0.141762
0.164836
0.151482
0.137732
0.137100
0.193836
0.215962
0.217305
0.170446
0.110154
0.133544
0.123192
0.313710
0.236744
0.136705
0.130462
0.304307
0.355275
0.237614
0.176689
0.222363
0.196049
0.157724
0.164599
0.139471
0.125247
0.132991
0.122481
0.135282
0.187910
0.191071
0.215014
0.183801
0.126906
0.130067
0.138680
0.140893
0.137811
0.143659
0.145950
0.156065
0.195733
0.156144
0.155354
0.179218
0.140656
0.101699
0.112130
0.086685
0.083919
0.088186
0.095219
0.140103
0.182379
0.107783
0.160174
0.093718
0.125484
0.165626
0.168550
0.149506
0.123113
0.304386
0.258870
0.281233
0.196997
0.102963
0.148953
0.206243
0.118846
0.097116
0.102963
0.089451
0.097590
0.089609
0.110391
0.093244
0.106598
0.136626
0.128724
0.138996
0.120664
0.109443
0.115290
0.105097
0.095851
0.110944
0.106045
0.113552
0.232161
0.405768
0.411063
0.396049
0.284710
0.145950
0.146424
0.152983
0.147926
0.147294
0.132912
0.134729
0.202924
0.182141
0.151245
0.250494
0.152035
0.361043
0.391940
0.374714
0.192019
0.195417
0.175978
0.351324
0.411300
0.403477
0.405768
0.171000
0.153062
0.169814
0.203082
0.183485
0.086685
0.097511
0.086132
0.098459
0.139392
0.290320
0.399052
0.356302
0.166653
0.235401
0.445674
0.412327
0.297432
0.391545
0.228605
0.183406
0.227894
0.373212
0.381351
0.336784
0.208929
0.293560
0.202134
0.180798
0.151640
0.224733
0.176452
0.203556
0.189095
0.149901
0.171474
0.180087
0.135994
0.119399
0.111418
0.206559
0.168155
0.305334
0.302489
0.305097
0.330699
0.425365
0.300356
0.221098
0.330620
0.252074
0.197313
0.114184
0.227578
0.099486
0.111655
0.160490
0.163888
0.145002
0.195417
0.132280
0.117740
0.118214
0.181430
0.133623
0.116792
0.123192
0.152983
0.369656
0.348795
0.684710
0.417384
0.427973
0.192572
0.376215
0.235322
0.159147
0.171711
0.326669
0.198420
0.160885
0.175030
0.207033
0.229554
0.373844
0.192414
0.178902
0.221335
0.324931
0.599763
0.540182
1.000000
0.744844
0.563651
0.232161
0.442513
0.437772
0.317819
0.412090
0.398262
0.344923
0.109601
0.198499
0.275464
0.131173
0.187594
0.341288
0.200000
0.129277
0.133386
0.106756
0.108258
0.110944
0.243856
0.167602
0.313947
0.439273
0.504149
0.659739
0.412801
0.465745
0.443145
0.281549
0.165626
0.339154
0.307783
0.226393
0.122402
0.231292
0.147056
0.243698
0.342236
0.117345
0.103279
0.157013
0.253971
0.222837
0.191308
0.366179
0.217147
0.456815
0.430739
0.600632
0.566891
0.461557
0.509838
0.420782
0.404741
0.240774
0.399131
0.264401
0.182774
0.242276
0.449467
0.298933
0.251995
0.244093
0.474279
0.440616
0.391782
0.750612
0.587831
0.342710
0.390360
0.197313
0.654445
0.290557
0.349111
0.236586
0.265350
0.158040
0.163177
0.152904
0.097195
0.130699
0.111893
0.116081
0.142868
0.156460
0.130699
0.166258
0.141604
0.122086
0.123983
0.106914
0.104386
0.114105
0.129830
0.114184
0.171869
0.132280
0.154326
0.129277
0.113631
0.118214
0.123113
0.108732
0.099723
0.106124
0.094982
0.101383
0.159621
0.147689
0.168392
0.117266
0.099565
0.152667
0.197471
0.216357
0.349743
0.119162
0.096168
0.125642
0.157724
0.136468
0.131173
0.120348
0.127539
0.110391
0.113473
0.090557
0.094034
0.091268
0.128250
0.099407
0.151245
0.189253
0.148479
0.116634
0.130541
0.121691
0.102647
0.122244
0.110944
0.107942
0.119795
0.121691
0.188305
0.149111
0.131411
0.163019
0.123904
0.128961
0.103753
0.113868
0.114421
0.105334
0.102568
0.107625
0.153536
0.164125
0.313868
0.525484
0.386488
0.397471
0.116792
0.142473
0.209878
0.211221
0.226235
0.232082
0.272145
0.238562
0.183011
0.260450
0.285026
0.453576
0.402687
0.297511
0.290952
0.302173
0.109364
0.117108
0.142710
0.161122
0.187199
0.111734
0.124457
0.113710
0.118688
0.127064
0.137416
0.276017
0.251126
0.277282
0.288819
0.621335
0.668985
0.492770
0.499802
0.290478
0.266614
0.308574
0.449704
0.429237
0.435875
0.437298
0.460371
0.476333
0.336310
0.285263
0.247491
0.379297
0.470644
0.383090
0.343817
0.399684
0.380877
0.348242
0.962307
0.599526
0.670802
0.778665
0.670012
0.493402
0.484710
0.451521
0.439115
0.413354
0.416831
0.401264
0.266614
0.217938
0.241328
0.246069
0.164678
0.283366
0.532754
0.383722
0.321059
0.485974
0.312209
0.315527
0.652627
0.740261
0.479099
0.703358
0.488345
0.461241
0.525010
0.490478
0.414935
0.427499
0.420229
0.304465
0.464164
0.442355
0.280601
0.233347
0.198262
0.221256
0.358435
0.367839
0.385065
0.616831
0.287317
0.393283
0.602450
0.248992
0.652390
0.551324
0.479178
0.441407
0.452469
0.453734
0.319795
0.439352
0.380324
0.340893
0.261162
0.186488
0.219202
0.236586
0.142394
0.193599
0.183090
0.195733
0.216673
0.313078
0.119637
0.253655
0.281707
0.280680
0.177479
0.157013
0.128250
0.117740
0.112762
0.114974
0.112525
0.117029
0.103753
0.105729
0.137021
0.166574
0.178190
0.133860
0.107072
0.133386
0.184512
0.163651
0.130225
0.156539
0.196760
0.218333
0.268273
0.157566
0.136231
0.173923
0.131411
0.159700
0.222916
0.123667
0.103911
0.094429
0.097669
0.108021
0.163651
0.146266
0.192967
0.116950
0.115765
0.184038
0.230344
0.230976
0.173844
0.107942
0.104149
0.217542
0.323746
0.274279
0.136152
0.118925
0.130620
0.112130
0.111023
0.091821
0.098933
0.111972
0.099881
0.122165
0.126195
0.246385
0.292770
0.444962
0.280284
0.201817
0.248360
0.416673
0.298143
0.333149
0.284868
0.193362
0.203793
0.194785
0.180482
0.187673
0.154010
0.158989
0.154800
0.136626
0.146266
0.138127
0.143105
0.141051
0.201580
0.193994
0.212248
0.165784
0.155038
0.218649
0.143896
0.197550
0.167839
0.122560
0.092137
0.267483
0.248676
0.140814
0.143896
0.153852
0.113473
0.114421
0.115606
0.102805
0.117819
0.116871
0.109838
0.101383
0.147215
0.193836
0.121928
0.140419
0.106993
0.122402
0.132912
0.128882
0.110470
0.108574
0.144765
0.113631
0.101146
0.110154
0.155749
0.125247
0.154247
0.123192
0.116239
0.100040
0.091900
0.095851
0.112762
0.127143
0.102726
0.164757
0.117661
0.124773
0.153773
0.140498
0.166179
0.123113
0.155354
0.279573
0.364362
0.168945
0.190676
0.237811
0.284947
0.266061
0.446543
0.183090
0.140735
0.123350
0.139629
0.129988
0.143580
0.146424
0.185776
0.189569
0.176768
0.198657
0.152272
0.245674
0.303042
0.191071
0.155117
0.186646
0.162544
0.171079
0.196997
0.221731
0.218412
0.167602
0.401501
0.194232
0.154247
0.162702
0.152272
0.162544
0.159384
0.145634
0.205531
0.239984
0.193520
0.160490
0.153615
0.144528
0.117187
0.109917
0.111576
0.129119
0.138206
0.133781
0.204109
0.158119
0.118451
0.137574
0.113078
0.108258
0.110075
0.118846
0.113789
0.114342
0.101936
0.096247
0.120506
0.173054
0.152114
0.151008
0.104228
0.156460
0.122955
0.150375
0.134650
0.106282
0.097353
0.110470
0.264164
0.236270
0.159226
0.191703
0.146029
0.141367
0.141446
0.142157
0.128487
0.136231
0.126195
0.147215
0.180877
0.241881
0.256895
0.160727
0.160411
0.236191
0.448597
0.302252
0.269854
0.234058
0.158751
0.195812
0.287080
0.185776
0.106282
0.130620
0.097353
0.106045
0.101936
0.113394
0.077914
0.094271
0.098064
0.105729
0.134571
0.152746
0.154405
0.158751
0.119162
0.122797
0.087554
0.160332
0.177479
0.123746
0.133386
0.237456
0.135836
0.483919
0.132912
0.151956
0.109917
0.136310
0.088740
0.085895
0.084789
0.101383
0.094824
0.106756
0.133702
0.300198
0.374635
0.356618
0.151087
0.312367
0.253892
0.127776
0.101857
0.126748
0.220308
0.317424
0.175267
0.143659
0.109443
0.148874
0.107704
0.109048
0.089530
0.097985
0.111576
0.111339
0.108416
0.097353
0.124062
0.154247
0.122086
0.182379
0.119478
0.136231
0.148084
0.137969
0.140814
0.145318
0.144528
0.188700
0.213670
0.153062
0.158119
0.196523
0.155749
0.249388
0.204978
0.125800
0.117503
0.117582
0.127460
0.112683
0.101462
0.103516
0.165310
0.138917
0.127697
0.161438
0.105097
0.094666
0.108969
0.101620
0.126195
0.133781
0.119716
0.191861
0.230265
0.149269
0.116950
0.116081
0.120664
0.101146
0.117582
0.130383
0.107072
0.102568
0.120348
0.105966
0.149664
0.210984
0.143422
0.179692
0.411379
0.468906
0.491742
0.514579
0.314184
0.301699
0.312604
0.301383
0.222047
0.196049
0.139550
0.160727
0.117582
0.118925
0.112841
0.109838
0.121375
0.123034
0.154247
0.158751
0.157250
0.169261
0.104860
0.126985
0.197234
0.129119
0.124141
0.114342
0.310549
0.128171
0.257527
0.128724
0.138285
0.109127
0.147531
0.090478
0.101936
0.101857
0.090083
0.076254
0.103674
0.106914
0.131411
0.170842
0.152114
0.089846
0.100830
0.105808
0.122165
0.099960
0.089214
0.099723
0.103437
0.116871
0.187673
0.145871
0.103911
0.136863
0.146108
0.117345
0.097432
0.090399
0.083366
0.086132
0.089688
0.099170
0.160490
0.113078
0.143817
0.158910
0.144449
0.112367
0.120822
0.112051
0.092296
0.095693
0.091031
0.124536
0.160016
0.096405
0.105255
0.092375
0.099802
0.117424
0.104149
0.102726
0.080522
0.088503
0.084789
0.101620
0.092770
0.355354
0.373054
0.113473
0.133939
0.086764
0.207033
0.206322
0.217068
0.169261
0.109917
0.231134
0.169577
0.128250
0.347610
0.170446
0.122639
0.103200
0.116476
0.109285
0.129356
0.094903
0.091347
0.098854
0.148953
0.163177
0.108574
0.128329
0.207349
0.128408
0.288424
0.121928
0.110470
0.096326
0.103674
0.113157
0.170684
0.122007
0.151482
0.130857
0.143659
0.117582
0.099644
0.113552
0.094271
0.104623
0.088740
0.090399
0.126748
0.155196
0.155828
0.155196
0.100040
0.110154
0.165152
0.126827
0.243777
0.192809
0.102884
0.129277
0.179771
0.140735
0.140024
0.124220
0.121928
0.108416
0.098380
0.088819
0.110391
0.098064
0.102489
0.089214
0.119637
0.141130
0.134018
0.119953
0.096168
0.106440
0.174556
0.210115
0.102568
0.089846
0.331806
0.297985
0.225524
0.151245
0.133623
0.125879
0.129356
0.105492
0.092058
0.080205
0.085421
0.086527
0.093244
0.083682
0.134413
0.123034
0.164520
0.140261
0.091505
0.087554
0.105018
0.103753
0.098696
0.088107
0.094192
0.124773
0.244883
0.188463
0.099328
0.145160
0.112604
0.101383
0.123350
0.093876
0.081470
0.083603
0.089372
0.100672
0.143580
0.147373
0.138206
0.111497
0.113631
0.256499
0.302726
0.132991
0.251600
0.162228
0.201976
0.267562
0.294429
0.148163
0.116476
0.112288
0.151008
0.097827
0.104860
0.114342
0.093402
0.087080
0.098143
0.093639
0.120664
0.169261
0.119716
0.140735
0.093165
0.146345
0.109759
0.187199
0.152904
0.113868
0.090952
0.131015
0.233584
0.442592
0.208850
0.205610
0.128724
0.100119
0.098617
0.087238
0.085342
0.107151
0.081865
0.080284
0.130383
0.287633
0.428526
0.315132
0.194390
0.078625
0.115923
0.107467
0.083919
0.111339
0.126985
0.153457
0.157645
0.119162
0.231845
0.132043
0.273489
0.123904
0.111102
0.093560
0.086369
0.082813
0.097432
0.113394
0.136942
0.148558
0.118688
0.129593
0.117424
0.094508
0.144370
0.350612
0.184591
0.109206
0.146819
0.156776
0.371158
0.317661
0.292296
0.223311
0.161280
0.131964
0.128171
0.113868
0.112841
0.099486
0.107625
0.123113
0.146345
0.168471
0.166812
0.149901
0.109759
0.106756
0.145792
0.150454
0.142157
0.124852
0.148795
0.229712
0.285105
0.294113
0.247254
0.404504
0.149427
0.118609
0.138032
0.144939
0.139597
0.139241
0.155290
0.135243
0.165508
0.201810
0.173125
0.167230
0.137463
0.150660
0.195765
0.220877
0.201857
0.200450
0.218269
0.229854
0.293275
0.260016
0.190281
0.237045
0.209419
0.193433
0.177890
0.173844
0.131885
0.142710
0.126195
0.111497
0.123034
0.155670
0.200237
0.142078
0.172580
0.126432
0.102805
0.110391
0.098222
0.123350
0.107388
0.128329
0.201185
0.215883
0.146266
0.291584
0.236033
0.144133
0.141288
0.119004
0.127380
0.104228
0.111972
0.131411
0.109996
0.171395
0.209878
0.117424
0.189648
0.212485
0.124852
0.118767
0.133307
0.119399
0.108416
0.188068
0.238799
0.219597
0.310075
0.281707
0.137969
0.113552
0.155038
0.201185
0.180482
0.115527
0.126116
0.117424
0.156855
0.181114
0.216515
0.144291
0.138206
0.146898
0.134492
0.135441
0.124062
0.108179
0.117424
0.154247
0.304544
0.268273
0.300356
0.238957
0.117345
0.114579
0.122007
0.103832
0.104939
0.122165
0.119162
0.114658
0.157013
0.182062
0.163967
0.199921
0.145871
0.244409
0.368471
0.184828
0.115053
0.159068
0.202687
0.148005
0.497195
0.242197
0.323667
0.157092
0.136231
0.126669
0.111418
0.106914
0.098617
0.098538
0.111497
0.123983
0.143185
0.183959
0.163651
0.160490
0.171711
0.164520
0.129751
0.141367
0.172264
0.238088
0.253497
0.212643
0.267878
0.239589
0.210826
0.139471
0.091979
0.090004
0.102884
0.100198
0.087080
0.091426
0.082892
0.085658
0.090636
0.164204
0.160174
0.129040
0.106440
0.118372
0.178111
0.167128
0.145397
0.194706
0.187436
0.226314
0.427420
0.477203
0.234769
0.145081
0.159937
0.081628
0.106677
0.088661
0.116476
0.087712
0.089056
0.095851
0.130857
0.166970
0.141367
0.153536
0.126037
0.175267
0.114421
0.120506
0.166970
0.142473
0.109838
0.158514
0.219518
0.154563
0.139234
0.179218
0.119557
0.105887
0.098301
0.102489
0.083603
0.091505
0.094113
0.087712
0.135757
0.247412
0.459265
0.277914
0.341130
0.165152
0.318293
0.340103
0.134255
0.090873
0.088345
0.140498
0.329751
0.255235
0.271513
0.241486
0.116239
0.099249
0.085500
0.084868
0.084789
0.102726
0.096247
0.084947
0.116160
0.161833
0.166258
0.098854
0.109522
0.105808
0.105413
0.113473
0.081075
0.139787
0.131331
0.095851
0.353615
0.190518
0.131331
0.159621
0.089925
0.086211
0.090320
0.095377
0.086211
0.101225
0.083761
0.092770
0.159700
0.122560
0.131964
0.144528
0.132517
0.250810
0.246543
0.267799
0.148795
0.107467
0.173449
0.159621
0.378823
0.176373
0.133781
0.155828
0.099249
0.098064
0.100435
0.078388
0.094429
0.103832
0.093955
0.083682
0.131648
0.097037
0.096800
0.187199
0.162623
0.256736
0.397155
0.258791
0.268194
0.228368
0.191466
0.225049
0.174556
0.211221
0.409324
0.197866
0.191150
0.139154
0.211221
0.115132
0.115132
0.111734
0.107546
0.119874
0.130304
0.146029
0.193520
0.130383
0.179771
0.179139
0.134650
0.175504
0.206638
0.252785
0.158277
0.245753
0.422284
0.291979
0.250494
0.229870
0.230186
0.161754
0.158672
0.187357
0.172975
0.177242
0.179771
0.160885
0.166574
0.227736
0.200158
0.226314
0.221731
0.197708
0.224259
0.256104
0.330383
0.289451
0.309364
0.323350
0.245041
0.280205
0.463848
0.368866
0.271197
0.207270
0.179850
0.176768
0.168313
0.171948
0.163572
0.155986
0.187910
0.217938
0.202845
0.232398
0.310549
0.196365
0.218807
0.362149
0.207902
0.184117
0.207112
0.225128
0.204504
0.373528
0.370763
0.406006
0.230660
0.291900
0.305808
0.166812
0.170684
0.171079
0.171474
0.176215
0.190202
0.204820
0.219281
0.250257
0.262584
0.270328
0.188384
0.167839
0.432240
0.236349
0.225998
0.171000
0.171000
0.263058
0.367128
0.372027
0.338443
0.244409
0.247886
0.188463
0.167839
0.193757
0.164994
0.162228
0.172106
0.198104
0.240221
0.289609
0.202371
0.180798
0.338443
0.254129
0.209403
0.193599
0.208850
0.210984
0.209008
0.290399
0.326353
0.344291
0.268352
0.160411
0.194073
0.274437
0.277835
0.165942
0.165626
0.166258
0.169498
0.214935
0.222916
0.221177
0.246701
0.232556
0.349269
0.266456
0.373212
0.345397
0.223864
0.245674
0.248676
0.290320
0.351798
0.331173
0.263769
0.173765
0.183643
0.174951
0.180719
0.168392
0.168234
0.170605
0.164520
0.212090
0.218491
0.194469
0.219676
0.240063
0.224733
0.293402
0.330778
0.295377
0.247728
0.269538
0.256895
0.297669
0.257764
0.233426
0.186567
0.174872
0.157961
0.168313
0.149980
0.144923
0.130541
0.146108
0.141288
0.197787
0.368787
0.441802
0.429475
0.346108
0.245358
0.383959
0.228684
0.221414
0.234690
0.178981
0.205927
0.313552
0.334966
0.432714
0.380956
0.225365
0.183722
0.166733
0.177874
0.172896
0.165547
0.176452
0.176926
0.207270
0.219518
0.200395
0.239668
0.173449
0.396207
0.222758
0.207270
0.200474
0.163177
0.191940
0.175978
0.330462
0.328329
0.284631
0.278704
0.160490
0.154484
0.181272
0.165310
0.166891
0.182062
0.178665
0.160253
0.229079
0.220071
0.198341
0.215725
0.169656
0.321454
0.259502
0.224575
0.364125
0.236191
0.180956
0.213038
0.318451
0.216199
0.275069
0.323429
0.294271
0.165152
0.129198
0.125563
0.132991
0.114105
0.114737
0.112525
0.149901
0.186725
0.148005
0.223706
0.130146
0.155986
0.174239
0.130857
0.125010
0.143105
0.158435
0.165784
0.248518
0.213908
0.168787
0.398341
0.144686
0.144844
0.143659
0.130620
0.128487
0.125089
0.128092
0.140340
0.189411
0.178586
0.198973
0.155196
0.161201
0.207428
0.207112
0.217226
0.171869
0.258238
0.199052
0.144765
0.287633
0.207902
0.430186
0.338048
0.145792
0.112920
0.127776
0.112604
0.127301
0.146819
0.120980
0.119399
0.138996
0.172185
0.168550
0.158356
0.153220
0.202687
0.215014
0.125958
0.135599
0.157803
0.147847
0.148874
0.301146
0.282734
0.244014
0.186250
0.104939
0.103121
0.138048
0.108495
0.114026
0.103437
0.105571
0.107783
0.172580
0.153062
0.143343
0.185381
0.174318
0.144844
0.222995
0.208613
0.427736
0.210826
0.368945
0.262584
0.422363
0.218017
0.292375
0.320585
0.183722
0.184591
0.174714
0.171395
0.160332
0.180166
0.172264
0.174476
0.219597
0.220861
0.199131
0.228368
0.188937
0.185381
0.227578
0.433505
0.246780
0.257922
0.196444
0.360727
0.268669
0.296800
0.232319
0.209878
0.173528
0.156144
0.159937
0.153931
0.171474
0.160885
0.163177
0.165310
0.196997
0.214303
0.196128
0.199368
0.184749
0.162861
0.183801
0.203398
0.240695
0.182220
0.210194
0.268669
0.318451
0.442434
0.319004
0.417068
0.172580
0.208771
0.288661
0.171395
0.161043
0.178902
0.157329
0.156144
0.209087
0.186330
0.195417
0.252074
0.227262
0.233663
0.237298
0.216515
0.329040
0.362623
0.374081
0.272540
0.418886
0.229158
0.261873
0.229237
0.168629
0.175662
0.166416
0.167049
0.158593
0.178111
0.193125
0.161912
0.207823
0.224496
0.240853
0.279731
0.201817
0.288977
0.528092
0.472699
0.289293
0.266061
0.323192
0.227499
0.304149
0.326590
0.268669
0.319241
0.398894
0.177084
0.167207
0.158277
0.157566
0.161359
0.165784
0.170684
0.215488
0.242908
0.282181
0.318767
0.229554
0.367286
0.463532
0.395259
0.378190
0.371079
0.333070
0.444172
0.466061
0.563730
0.491742
0.406322
0.250494
0.182695
0.160490
0.154800
0.157961
0.154721
0.157961
0.170288
0.203714
0.292849
0.445437
0.467562
0.272936
0.239668
0.231371
0.173133
0.178190
0.216278
0.232714
0.207586
0.271829
0.429000
0.383564
0.356144
0.241565
0.195575
0.171395
0.156144
0.191861
0.167128
0.150612
0.156855
0.175030
0.196444
0.178823
0.239273
0.190992
0.188937
0.173607
0.298933
0.179929
0.239826
0.286132
0.201027
0.400000
0.219992
0.245437
0.266456
0.267325
0.240537
0.164362
0.160806
0.167128
0.154563
0.163730
0.179218
0.211932
0.200948
0.157408
0.229395
0.196839
0.202608
0.366337
0.305018
0.445674
0.318688
0.248123
0.356776
0.467483
0.585144
0.392730
0.387041
0.277993
0.190834
0.163967
0.150691
0.167286
0.180877
0.158198
0.174397
0.193441
0.189174
0.204346
0.233109
0.169577
0.143185
0.175346
0.291821
0.350059
0.369577
0.355986
0.353615
0.408929
0.471276
0.561122
0.379613
0.345081
0.182141
0.089056
0.077993
0.079336
0.073647
0.084789
0.099249
0.117345
0.128171
0.131411
0.153378
0.086132
0.087633
0.161675
0.178981
0.121533
0.137811
0.093955
0.116239
0.253734
0.392651
0.423390
0.329435
0.202766
0.137337
0.102410
0.088898
0.104149
0.095535
0.088582
0.089293
0.127776
0.142710
0.141683
0.148400
0.150375
0.257685
0.306045
0.182062
0.134808
0.113236
0.101304
0.126037
0.389885
0.371474
0.556855
0.435401
0.355828
0.219281
0.149901
0.132833
0.120822
0.130541
0.133070
0.128645
0.212406
0.188147
0.189964
0.155038
0.206559
0.184433
0.180640
0.142157
0.152193
0.145397
0.144765
0.176294
0.372106
0.371948
0.395259
0.520190
0.385618
0.137574
0.105018
0.108100
0.122165
0.108179
0.115685
0.123983
0.162070
0.144054
0.219992
0.147689
0.134334
0.153694
0.132359
0.135678
0.135203
0.130225
0.139550
0.159226
0.258712
0.370051
0.358831
0.363809
0.238009
0.171632
0.140103
0.128724
0.138522
0.143105
0.141288
0.145002
0.161359
0.180640
0.129514
0.172975
0.183327
0.150533
0.147136
0.141288
0.128645
0.139629
0.162861
0.158356
0.241565
0.360964
0.404267
0.375662
0.367207
0.335282
0.306835
0.169656
0.173528
0.157487
0.167207
0.157882
0.205215
0.202292
0.223311
0.225998
0.220782
0.272540
0.456183
0.313552
0.303358
0.345634
0.333465
0.305255
0.463453
0.427815
0.421335
0.427815
0.315132
0.174793
0.154010
0.194706
0.159384
0.179060
0.170525
0.171079
0.196602
0.203714
0.206006
0.235638
0.198024
0.212485
0.201738
0.294508
0.196523
0.185697
0.371079
0.432635
0.595338
0.548400
0.420624
0.391387
0.282655
0.224259
0.170130
0.188779
0.166653
0.164046
0.162782
0.167523
0.222047
0.196523
0.230265
0.229395
0.211063
0.254998
0.258238
0.224101
0.226946
0.255235
0.231292
0.279415
0.396681
0.500988
0.470723
0.448992
0.399763
0.265113
0.189016
0.178665
0.196760
0.192888
0.181193
0.203398
0.228684
0.360411
0.534729
0.484631
0.246227
0.220150
0.325563
0.263769
0.402766
0.239352
0.252706
0.234216
0.434927
0.551324
0.504860
0.520506
0.390043
0.210668
0.174318
0.180403
0.175346
0.176452
0.196128
0.177637
0.207033
0.243461
0.268985
0.203003
0.221652
0.192888
0.225840
0.229791
0.198262
0.205610
0.201106
0.204741
0.355354
0.465034
0.460608
0.451521
0.305334
0.242039
0.173291
0.172975
0.178823
0.172659
0.177874
0.192019
0.206638
0.200237
0.267009
0.189095
0.183959
0.178902
0.170605
0.195496
0.181272
0.170446
0.144212
0.156539
0.433900
0.374160
0.423943
0.319083
0.205294
0.156460
0.122165
0.123429
0.134018
0.124141
0.123113
0.158198
0.186804
0.158198
0.154959
0.209719
0.173686
0.159068
0.156855
0.187910
0.164204
0.201106
0.204188
0.247017
0.312367
0.481391
0.441723
0.367760
0.340735
0.219834
0.146661
0.138048
0.139154
0.140419
0.142157
0.146661
0.204346
0.163967
0.187120
0.204267
0.207981
0.148242
0.540893
0.273410
0.231687
0.230265
0.263374
0.320032
0.463927
0.414856
0.416831
0.409166
0.384433
0.339708
0.229554
0.192809
0.120032
0.138838
0.128487
0.156855
0.174002
0.158831
0.173212
0.173370
0.141446
0.169814
0.200474
0.196286
0.166653
0.225207
0.186488
0.249625
0.531015
0.404425
0.368550
0.351008
0.339154
0.188384
0.132201
0.123113
0.126274
0.124852
0.139154
0.128092
0.182220
0.171000
0.169182
0.217068
0.157092
0.166416
0.213275
0.253497
0.195733
0.304544
0.286527
0.295377
0.381667
0.394864
0.643540
0.626077
0.272540
0.202055
0.168708
0.149348
0.139866
0.169340
0.159305
0.153141
0.195496
0.178586
0.283129
0.404346
0.593836
0.419992
0.432161
0.437535
0.461715
0.362623
0.292375
0.267246
0.465429
0.454840
0.363256
0.324852
0.232477
0.183564
0.132438
0.138838
0.131015
0.122639
0.116713
0.132043
0.170446
0.203082
0.181035
0.163493
0.171316
0.187120
0.210984
0.270170
0.314579
0.337574
0.341288
0.398420
0.476096
0.421731
0.394153
0.381272
0.216594
0.166733
0.135124
0.147452
0.138917
0.133939
0.128408
0.125326
0.168629
0.164678
0.155038
0.160332
0.201264
0.198736
0.233979
0.171000
0.163967
0.165310
0.331648
0.353615
0.453260
0.395654
0.379139
0.371711
0.248597
0.182853
0.133939
0.121454
0.115369
0.124615
0.136626
0.121533
0.181272
0.148084
0.150691
0.191545
0.142315
0.175504
0.214540
0.150296
0.389569
0.425128
0.291426
0.350928
0.285342
0.324378
0.346108
0.544765
0.231529
0.197945
0.139945
0.129356
0.140972
0.133860
0.116555
0.120743
0.164204
0.151403
0.123825
0.169024
0.168076
0.172027
0.179139
0.163651
0.181193
0.229870
0.235875
0.237535
0.374239
0.382379
0.363019
0.407270
0.227420
0.177795
0.135757
0.122955
0.128329
0.137969
0.120427
0.132912
0.154721
0.341762
0.482813
0.376689
0.228289
0.314421
0.400079
0.233821
0.271592
0.489767
0.511023
0.365705
0.607428
0.439194
0.394627
0.376215
0.366653
0.233030
0.169182
0.161438
0.150296
0.144528
0.145318
0.138601
0.196997
0.201580
0.212327
0.144528
0.144449
0.156144
0.143659
0.147689
0.145713
0.182062
0.144923
0.158040
0.241249
0.347373
0.372580
0.420624
0.265508
0.260925
0.220861
0.163967
0.177084
0.178586
0.168471
0.189727
0.246069
0.205689
0.232635
0.276729
0.303279
0.193915
0.164678
0.381193
0.266930
0.216673
0.486132
0.350454
0.468115
0.452864
0.406559
0.385460
0.300593
0.271987
0.222600
0.181509
0.173291
0.188226
0.186883
0.208218
0.229791
0.240932
0.223153
0.203872
0.177874
0.232635
0.212248
0.222600
0.298459
0.214698
0.410431
0.410273
0.422205
0.419992
0.445832
0.461794
0.323983
0.247886
0.240300
0.178981
0.182774
0.197392
0.200158
0.196681
0.244804
0.212722
0.205294
0.265508
0.191150
0.300830
0.281786
0.347215
0.349032
0.228842
0.252232
0.331964
0.434611
0.483761
0.487238
0.436823
0.308574
0.274437
0.232319
0.185776
0.213275
0.194073
0.189569
0.198894
0.232635
0.229949
0.215330
0.310075
0.228289
0.276650
0.335441
0.365152
0.286843
0.292612
0.226393
0.251679
0.520269
0.405136
0.436270
0.409957
0.267957
0.276650
0.226867
0.189806
0.203714
0.191782
0.202766
0.192651
0.227657
0.193994
0.182141
0.328724
0.328803
0.270328
0.561359
0.298143
0.500198
0.503200
0.391308
0.408850
0.468985
0.559384
0.667562
0.566812
0.464006
0.479731
0.429079
0.226630
0.182695
0.169340
0.170446
0.185618
0.220624
0.216199
0.185539
0.205847
0.498064
0.294745
0.182932
0.206480
0.266061
0.274990
0.207981
0.195338
0.234374
0.288898
0.295140
0.371000
0.276650
0.275464
0.217701
0.178032
0.181983
0.186330
0.177716
0.200079
0.222837
0.191624
0.266851
0.214856
0.250020
0.225761
0.191387
0.196207
0.219439
0.194785
0.197392
0.207033
0.296168
0.298143
0.377005
0.337969
0.261636
0.251995
0.217147
0.185618
0.198104
0.183248
0.185855
0.197155
0.245674
0.199447
0.186962
0.264718
0.268985
0.185144
0.389964
0.314816
0.189016
0.197550
0.210747
0.345871
0.450731
0.481865
0.556855
0.455472
0.425444
0.525326
0.237298
0.172264
0.183011
0.176610
0.186646
0.213908
0.221968
0.211537
0.234374
0.239194
0.206006
0.225524
0.224812
0.245041
0.350375
0.264085
0.285579
0.303674
0.439352
0.410905
0.410036
0.387752
0.418886
0.425207
0.228131
0.173449
0.171079
0.176847
0.181272
0.199131
0.203003
0.215883
0.202134
0.212248
0.202371
0.218965
0.419281
0.796997
0.712920
0.340498
0.191545
0.279494
0.452864
0.327855
0.274279
0.276887
0.259502
0.273647
0.245595
0.175899
0.177795
0.187278
0.184038
0.199289
0.228210
0.222126
0.547768
0.447649
0.271671
0.307783
0.420624
0.235085
0.193915
0.190202
0.288503
0.310391
0.442750
0.515844
0.582062
0.446938
0.299881
0.244804
0.200711
0.175030
0.183959
0.194390
0.173528
0.178190
0.224022
0.195417
0.189016
0.301936
0.304702
0.293876
0.356065
0.550059
0.487633
0.433347
0.387910
0.345792
0.332438
0.437851
0.421335
0.359700
0.391624
0.264006
0.179455
0.165705
