0.155454
0.133324
0.110990
0.125585
0.135972
0.146833
0.147512
0.140181
0.138959
0.130405
0.137533
0.120969
0.123685
0.155522
0.205078
0.157763
0.140927
0.163601
0.160682
0.167402
0.168420
0.284638
0.187496
0.152671
0.153622
0.137805
0.134546
0.112620
0.122395
0.119883
0.108071
0.159188
0.189261
0.246012
0.150431
0.163804
0.374788
0.268617
0.272826
0.199851
0.134343
0.161496
0.158713
0.162650
0.171747
0.155726
0.156133
0.144254
0.110176
0.116082
0.116218
0.117982
0.134343
0.123821
0.135904
0.107732
0.114317
0.111330
0.244586
0.151178
0.222320
0.135972
0.145815
0.150906
0.159392
0.264001
0.303510
0.472134
0.458828
0.432964
0.381508
0.225782
0.175480
0.183694
0.175141
0.188378
0.214581
0.191840
0.205689
0.240445
0.317901
0.245740
0.188446
0.153893
0.186070
0.160138
0.150499
0.151517
0.223339
0.298011
0.239020
0.258231
0.176159
0.173987
0.166520
0.160817
0.161360
0.155183
0.164755
0.174123
0.173444
0.174258
0.169167
0.197339
0.230127
0.190313
0.171003
0.437988
0.500855
0.419720
0.409205
0.234078
0.230473
0.230439
0.291297
0.255590
0.255224
0.248748
0.214371
0.159982
0.172789
0.169552
0.182224
0.176718
0.155123
0.161975
0.204730
0.245590
0.234828
0.252798
0.415430
0.359079
0.247729
0.317786
0.280877
0.307135
0.276458
0.152685
0.147682
0.131037
0.141029
0.166486
0.317657
0.239407
0.190812
0.178971
0.191719
0.195438
0.196456
0.210305
0.212206
0.312470
0.220623
0.210373
0.199375
0.407915
0.388976
0.212477
0.147105
0.161428
0.170321
0.231213
0.304867
0.291562
0.234947
0.245197
0.239156
0.201412
0.213631
0.197407
0.203924
0.202634
0.215871
0.212952
0.235693
0.185256
0.226190
0.236983
0.183423
0.178399
0.180911
0.259521
0.229855
0.239970
0.236847
0.244315
0.255787
0.233317
0.239223
0.228769
0.185120
0.177313
0.206300
0.174530
0.169710
0.178671
0.174055
0.176023
0.187224
0.182337
0.174598
0.195778
0.205621
0.208133
0.221166
0.370986
0.173783
0.197203
0.153554
0.325843
0.182540
0.165162
0.193198
0.177585
0.179010
0.151178
0.118593
0.133935
0.126740
0.116014
0.121105
0.128165
0.118526
0.118661
0.458082
0.364028
0.269975
0.313794
0.357613
0.414228
0.154233
0.139977
0.150974
0.192791
0.310570
0.166248
0.247166
0.164008
0.212273
0.174869
0.147784
0.148055
0.160274
0.150770
0.133732
0.129998
0.134275
0.247709
0.196524
0.242821
0.170389
0.231417
0.267735
0.186274
0.133664
0.157559
0.164212
0.233182
0.220487
0.225782
0.201887
0.256330
0.402756
0.252800
0.175209
0.173240
0.169506
0.155319
0.175752
0.179485
0.160749
0.166044
0.151653
0.167741
0.309280
0.360872
0.171407
0.137329
0.132170
0.144321
0.150431
0.174462
0.181658
0.188786
0.225714
0.242957
0.238137
0.241667
0.237323
0.223339
0.243432
0.208879
0.205553
0.215532
0.230806
0.270450
0.266920
0.294753
0.610210
0.739088
0.867966
0.566085
0.839522
0.261829
0.266988
0.603761
0.405064
0.253683
0.340574
0.387754
0.290340
0.270518
0.251103
0.231281
0.225579
0.220623
0.208472
0.220148
0.215260
0.225986
0.400923
0.573688
0.224968
0.223814
0.180639
0.180096
0.205281
0.158373
0.197407
0.182269
0.182201
0.206639
0.179350
0.162379
0.189397
0.206232
0.171339
0.163465
0.147580
0.132306
0.134410
0.155794
0.164144
0.159867
0.170932
0.142013
0.158306
0.227819
0.357953
0.319055
0.179214
0.137940
0.149277
0.312199
0.175141
0.235558
0.210848
0.124364
0.158713
0.179146
0.151925
0.157695
0.130677
0.129794
0.121105
0.107325
0.122259
0.099857
0.172765
0.328355
0.217025
0.262847
0.155115
0.147851
0.112484
0.121445
0.206300
0.246487
0.268142
0.282805
0.252529
0.191772
0.192723
0.173580
0.146833
0.147580
0.135225
0.141063
0.151857
0.191772
0.196864
0.673070
0.662854
0.652637
0.378114
0.443894
0.317901
0.169235
0.147919
0.262304
0.519856
0.284027
0.257348
0.218519
0.218994
0.224832
0.247980
0.214174
0.216007
0.205078
0.248524
0.192791
0.179010
0.191976
0.201819
0.184916
0.203720
0.227819
0.701514
0.757247
0.812979
0.457335
0.778426
0.839522
0.873193
0.162956
0.166876
0.137983
0.132904
0.176119
0.120508
0.133671
0.130884
0.110178
0.120970
0.115063
0.113570
0.130269
0.119001
0.098228
0.095717
0.146494
0.334125
0.448442
0.345394
0.298826
0.158577
0.172290
0.115131
0.085873
0.106510
0.097414
0.099993
0.125246
0.103998
0.106374
0.108614
0.096192
0.120562
0.109769
0.124160
0.117779
0.129387
0.154165
0.096463
0.119883
0.172358
0.435069
0.223406
0.226054
0.098636
0.121784
0.310977
0.354898
0.260811
0.274252
0.336026
0.240445
0.172765
0.134207
0.126061
0.195302
0.248931
0.113706
0.110719
0.101147
0.112416
0.102301
0.142217
0.171611
0.110040
0.173851
0.191976
0.089064
0.076709
0.085873
0.118729
0.131356
0.198289
0.172493
0.278936
0.147037
0.127894
0.145204
0.130677
0.100740
0.102369
0.102980
0.096056
0.103930
0.089471
0.111126
0.112144
0.089675
0.206503
0.148259
0.111330
0.119747
0.108682
0.126536
0.128165
0.174801
0.129659
0.129387
0.153011
0.326047
0.198900
0.126400
0.134750
0.119680
0.130541
0.115607
0.092322
0.110583
0.101555
0.102098
0.103591
0.164008
0.159528
0.107596
0.162854
0.287082
0.435951
0.303985
0.191365
0.152875
0.141742
0.158306
0.179010
0.166044
0.142421
0.112348
0.126196
0.127826
0.122123
0.129048
0.123142
0.145000
0.138687
0.152332
0.104202
0.094291
0.116285
0.108207
0.114656
0.119815
0.231417
0.335347
0.368203
0.513747
0.481502
0.265427
0.220827
0.162514
0.125042
0.113027
0.107868
0.088996
0.112416
0.087435
0.095445
0.107189
0.108614
0.137262
0.195099
0.158306
0.101487
0.166384
0.127283
0.178874
0.259792
0.191094
0.188310
0.235829
0.251510
0.191976
0.206911
0.194963
0.177245
0.181997
0.165366
0.184780
0.178467
0.177788
0.166655
0.173172
0.172969
0.161564
0.200801
0.246080
0.103252
0.109293
0.099925
0.105085
0.103591
0.187699
0.130745
0.138891
0.143303
0.187021
0.187156
0.233521
0.238069
0.205010
0.204535
0.181386
0.186749
0.176906
0.179078
0.193470
0.188853
0.227887
0.200869
0.176770
0.170593
0.146154
0.163668
0.161157
0.156133
0.090761
0.073111
0.093748
0.158645
0.126196
0.203584
0.167741
0.386328
0.206707
0.149277
0.149616
0.148462
0.143100
0.146901
0.152400
0.150703
0.127961
0.118797
0.284706
0.250967
0.513475
0.238069
0.224221
0.227004
0.365963
0.443147
0.215464
0.292988
0.240445
0.179825
0.213156
0.179418
0.175955
0.180504
0.167538
0.159528
0.172358
0.226054
0.184441
0.174598
0.190822
0.199647
0.218926
0.137805
0.161157
0.149481
0.141199
0.160817
0.136175
0.135564
0.140724
0.221370
0.197067
0.211934
0.195642
0.428077
0.196389
0.157830
0.166927
0.158781
0.147308
0.156609
0.175141
0.161021
0.163193
0.141538
0.119544
0.126740
0.115335
0.075691
0.072364
0.087163
0.084040
0.117168
0.118118
0.138076
0.171543
0.174937
0.231077
0.162990
0.158373
0.165977
0.143100
0.152739
0.145136
0.168760
0.178874
0.160138
0.170050
0.104745
0.111873
0.080307
0.062250
0.112144
0.075216
0.113298
0.257416
0.368271
0.388976
0.167809
0.165026
0.150227
0.222795
0.204535
0.201412
0.187903
0.180300
0.169235
0.158984
0.143303
0.166927
0.161496
0.184509
0.160817
0.133732
0.239970
0.297875
0.116353
0.107596
0.101283
0.099246
0.099043
0.135836
0.162447
0.224289
0.198493
0.127554
0.153961
0.159460
0.150160
0.149956
0.148530
0.129183
0.134003
0.126196
0.158645
0.242889
0.139841
0.284502
0.232299
0.270314
0.152264
0.182676
0.146290
0.118390
0.102709
0.148802
0.366438
0.218044
0.214853
0.184034
0.164415
0.139162
0.138483
0.157695
0.153554
0.126264
0.130473
0.147580
0.139841
0.176431
0.148734
0.117982
0.137194
0.101147
0.279479
0.305342
0.196049
0.253818
0.233725
0.248931
0.206911
0.184577
0.194691
0.160749
0.139773
0.153350
0.143711
0.134207
0.137940
0.152060
0.124431
0.140248
0.143167
0.134275
0.213360
0.205281
0.152875
0.189125
0.148734
0.144932
0.104677
0.099246
0.101215
0.130066
0.152400
0.146086
0.138551
0.125178
0.135972
0.118593
0.103523
0.105017
0.121445
0.124635
0.121988
0.109633
0.140113
0.114385
0.224832
0.146697
0.132170
0.122938
0.131695
0.194827
0.189329
0.079153
0.105356
0.210237
0.152671
0.131899
0.146833
0.209422
0.390198
0.186817
0.124839
0.127215
0.133256
0.126196
0.116421
0.116489
0.125585
0.117304
0.211595
0.121105
0.114588
0.066526
0.077591
0.162514
0.113095
0.125789
0.093748
0.160274
0.188514
0.246419
0.201548
0.199308
0.294888
0.097957
0.111126
0.117575
0.101079
0.095377
0.100944
0.121037
0.097753
0.170593
0.110855
0.124907
0.137737
0.255380
0.298011
0.451904
0.451904
0.605797
0.259860
0.434865
0.373634
0.263797
0.216686
0.199511
0.175209
0.168624
0.171815
0.157016
0.168556
0.157695
0.174598
0.189193
0.208404
0.277238
0.188650
0.152060
0.207114
0.191840
0.159324
0.136786
0.157287
0.125110
0.147173
0.140859
0.185052
0.159188
0.211662
0.192383
0.160206
0.169371
0.153350
0.154708
0.137601
0.160003
0.136379
0.159120
0.174326
0.183491
0.163329
0.128708
0.137737
0.120494
0.113774
0.095581
0.115131
0.103523
0.179825
0.155251
0.322992
0.187021
0.248727
0.173376
0.150838
0.155387
0.139298
0.145136
0.149616
0.133256
0.136718
0.141538
0.148462
0.172154
0.168081
0.111601
0.144797
0.131084
0.091915
0.146765
0.083973
0.094291
0.136108
0.115199
0.115742
0.246623
0.329373
0.292037
0.229109
0.124567
0.106782
0.099179
0.111805
0.088521
0.091847
0.120834
0.097889
0.087570
0.096803
0.198765
0.164279
0.161225
0.340031
0.223678
0.081732
0.079424
0.142081
0.095988
0.119340
0.192451
0.193198
0.136922
0.127554
0.126807
0.122531
0.122123
0.104813
0.096667
0.090218
0.093069
0.106646
0.125653
0.114113
0.081325
0.120019
0.112144
0.100265
0.101283
0.136990
0.155454
0.083158
0.087299
0.127079
0.128369
0.270246
0.288236
0.133732
0.116693
0.106239
0.122599
0.114317
0.106510
0.108886
0.108207
0.136922
0.087910
0.233317
0.188853
0.137873
0.109701
0.085398
0.129998
0.309823
0.117507
0.068223
0.073043
0.154640
0.135361
0.120291
0.123413
0.117032
0.116693
0.116693
0.101758
0.113570
0.097278
0.110176
0.126196
0.122802
0.122463
0.119815
0.184916
0.570158
0.350010
0.129862
0.281821
0.433779
0.384903
0.429502
0.120019
0.278732
0.249338
0.146290
0.204127
0.186206
0.170864
0.159460
0.145068
0.155454
0.134478
0.150024
0.152060
0.155522
0.187564
0.149209
0.186817
0.166248
0.646867
0.088046
0.244824
0.401602
0.252529
0.441111
0.180979
0.234268
0.693707
0.258095
0.267870
0.218383
0.141335
0.141538
0.146019
0.126875
0.132306
0.117100
0.132102
0.150838
0.167402
0.192655
0.185731
0.122395
0.571516
0.135089
0.329713
0.061367
0.137126
0.244722
0.075148
0.105356
0.113027
0.133528
0.126400
0.140113
0.123685
0.129930
0.134614
0.110855
0.115267
0.112755
0.115674
0.125110
0.095173
0.095241
0.083905
0.079628
0.092865
0.215192
0.302899
0.159460
0.104677
0.138348
0.127283
0.131356
0.119612
0.116014
0.089132
0.098160
0.117643
0.104202
0.089471
0.078202
0.086145
0.080510
0.092865
0.102912
0.071278
0.067409
0.052203
0.144254
0.199783
0.108343
0.085466
0.151042
0.109836
0.221438
0.240717
0.141131
0.128437
0.134886
0.117575
0.104881
0.104134
0.104066
0.093884
0.083226
0.085330
0.078338
0.083362
0.088996
0.074605
0.070396
0.071821
0.087706
0.104541
0.081936
0.074808
0.090557
0.186002
0.173715
0.113977
0.216482
0.183898
0.183491
0.168556
0.157152
0.129319
0.127622
0.135564
0.124635
0.107460
0.119069
0.121512
0.134478
0.121988
0.099925
0.060688
0.102233
0.076302
0.138483
0.636006
0.354762
0.354762
0.073518
0.090829
0.141470
0.134071
0.156473
0.124567
0.099111
0.083701
0.093205
0.088589
0.086552
0.083226
0.086688
0.098092
0.091508
0.143167
0.206028
0.268889
0.310502
0.246351
0.077116
0.048944
0.061231
0.041002
0.122734
0.097821
0.109225
0.108682
0.127894
0.150295
0.104406
0.098092
0.079900
0.075759
0.076505
0.078813
0.077795
0.085262
0.077184
0.098975
0.133596
0.243364
0.202838
0.305342
0.121445
0.105220
0.048333
0.241396
0.317629
0.129455
0.080782
0.104134
0.109565
0.120358
0.113502
0.098907
0.090014
0.088453
0.101622
0.098364
0.086959
0.092662
0.089607
0.094562
0.174598
0.145272
0.150906
0.063336
0.080103
0.075487
0.084244
0.166791
0.104406
0.160071
0.152603
0.151449
0.176906
0.137126
0.128640
0.125246
0.106714
0.092798
0.090286
0.110312
0.090693
0.103184
0.089200
0.103591
0.088453
0.114588
0.135700
0.108004
0.119951
0.121852
0.196864
0.151925
0.192519
0.172222
0.148802
0.187496
0.184102
0.219401
0.139705
0.105628
0.127826
0.124364
0.122870
0.117779
0.107325
0.114996
0.114520
0.192587
0.142421
0.168624
0.114588
0.167198
0.362094
0.179621
0.136108
0.154300
0.091236
0.110651
0.242142
0.185256
0.143846
0.154233
0.280565
0.265630
0.115539
0.110855
0.121173
0.093341
0.110040
0.116218
0.117304
0.114656
0.094562
0.153486
0.109565
0.078610
0.105831
0.073518
0.126672
0.086349
0.099314
0.083090
0.122056
0.143846
0.146630
0.185459
0.278121
0.135768
0.112212
0.127690
0.122463
0.119680
0.101351
0.119680
0.133256
0.103252
0.110312
0.108343
0.113977
0.190551
0.312063
0.341525
0.190415
0.144661
0.155726
0.090693
0.135768
0.146426
0.134139
0.126604
0.140520
0.105560
0.086077
0.092254
0.094630
0.087503
0.100468
0.092798
0.116557
0.083430
0.117711
0.119680
0.060553
0.078678
0.060960
0.066119
0.057362
0.073451
0.083158
0.337452
0.218858
0.137873
0.153893
0.171815
0.150906
0.137194
0.103591
0.098500
0.082819
0.100197
0.095920
0.108139
0.116625
0.125450
0.373973
0.633290
0.415043
0.313013
0.072364
0.171475
0.259181
0.120766
0.108750
0.110651
0.177924
0.170389
0.161021
0.158984
0.139502
0.130541
0.120902
0.136175
0.126536
0.113298
0.134818
0.118458
0.145408
0.182676
0.104202
0.108411
0.113909
0.091304
0.093069
0.093748
0.097074
0.091236
0.086892
0.108275
0.118526
0.146697
0.153622
0.149073
0.152875
0.126740
0.136175
0.150092
0.133460
0.130337
0.144457
0.147241
0.148666
0.203516
0.151789
0.129115
0.164347
0.128437
0.091847
0.094970
0.125178
0.119883
0.116964
0.141402
0.349467
0.184169
0.154504
0.147784
0.386532
0.133460
0.154097
0.130880
0.135700
0.118729
0.125585
0.119137
0.128301
0.151042
0.097346
0.154436
0.093137
0.095106
0.080103
0.083226
0.059670
0.089132
0.078746
0.091983
0.108139
0.112280
0.149888
0.131967
0.131288
0.117372
0.087503
0.101487
0.087435
0.081325
0.089878
0.092119
0.098500
0.099790
0.072704
0.153011
0.078135
0.067137
0.080782
0.223339
0.225511
0.422986
0.231281
0.091033
0.067341
0.088453
0.175480
0.096667
0.106171
0.091915
0.076505
0.069038
0.081529
0.080171
0.057362
0.079221
0.082547
0.059127
0.055733
0.085805
0.075894
0.061096
0.045686
0.254497
0.148055
0.043242
0.065169
0.085127
0.093205
0.107053
0.114385
0.128980
0.120494
0.097482
0.084176
0.077320
0.089811
0.078813
0.084719
0.096192
0.101147
0.076234
0.094698
0.076234
0.053561
0.064558
0.063539
0.105831
0.138076
0.151585
0.155454
0.211798
0.111194
0.122599
0.125178
0.159799
0.115742
0.105356
0.090489
0.095717
0.095038
0.083837
0.102709
0.093952
0.108139
0.116014
0.071686
0.077795
0.134478
0.116828
0.158577
0.215600
0.177788
0.129048
0.342000
0.387143
0.290544
0.260946
0.129591
0.116353
0.108275
0.090422
0.095241
0.096803
0.088114
0.091779
0.086349
0.116693
0.123888
0.112755
0.110990
0.120834
0.377435
0.664110
0.285656
0.542258
0.221981
0.341185
0.623854
0.248116
0.320277
0.351911
0.183558
0.173919
0.385853
0.183015
0.175277
0.148734
0.148191
0.144661
0.149005
0.160410
0.162175
0.450479
0.472066
0.493653
0.467517
0.227547
0.370375
0.629353
0.458964
0.219673
0.459779
0.234539
0.271740
0.272147
0.300115
0.194284
0.171475
0.162582
0.157219
0.143778
0.145340
0.143778
0.142217
0.158849
0.173444
0.241735
0.339013
0.163804
0.112823
0.171815
0.119001
0.110583
0.122802
0.368407
0.239563
0.115946
0.191094
0.237255
0.200597
0.154165
0.140792
0.129862
0.122259
0.118865
0.128165
0.130405
0.122056
0.131424
0.126807
0.162175
0.200529
0.134275
0.137126
0.123413
0.131695
0.123753
0.147444
0.165705
0.438124
0.418845
0.172222
0.162718
0.148938
0.161089
0.152875
0.129048
0.122463
0.135293
0.114656
0.132374
0.120155
0.124703
0.124499
0.570498
0.409137
0.247777
0.460118
0.333039
0.167198
0.348177
0.082072
0.095038
0.146222
0.219537
0.179893
0.198697
0.274116
0.324961
0.209083
0.195913
0.200869
0.176431
0.188175
0.185867
0.187292
0.210033
0.252868
0.196932
0.156880
0.188989
0.184916
0.201276
0.310502
0.184780
0.736881
0.490666
0.480008
0.153554
0.325572
0.224764
0.198629
0.213360
0.164144
0.169439
0.160478
0.161632
0.168285
0.163736
0.168556
0.188039
0.176023
0.246419
0.217161
0.296857
0.666757
0.601996
0.567545
0.533093
0.407101
0.484964
0.219265
0.431064
0.417623
0.298961
0.231281
0.222456
0.223339
0.242142
0.190958
0.207929
0.213427
0.197067
0.223542
0.216618
0.188175
0.256466
0.255651
0.504718
0.753785
0.217229
0.516869
0.644355
0.640079
0.197067
0.483538
0.169031
0.210712
0.175548
0.162107
0.146290
0.136447
0.124092
0.125721
0.122123
0.111126
0.121445
0.119204
0.136583
0.102437
0.113638
0.104406
0.194895
0.078270
0.065101
0.053493
0.060960
0.069378
0.088928
0.141267
0.412803
0.293666
0.148191
0.111601
0.114249
0.111873
0.097753
0.103727
0.102505
0.098975
0.081936
0.094019
0.101962
0.075148
0.137940
0.092798
0.130948
0.102844
0.074808
0.083090
0.045211
0.065440
0.054850
0.079832
0.085805
0.088657
0.089811
0.091915
0.091508
0.112484
0.103184
0.092798
0.094019
0.099111
0.103930
0.098703
0.109158
0.119069
0.108954
0.110379
0.136583
0.127758
0.135632
0.101622
0.100265
0.089132
0.092865
0.096260
0.093748
0.111262
0.169710
0.113095
0.121512
0.115607
0.097549
0.077524
0.079289
0.068359
0.091372
0.079221
0.094155
0.081461
0.063675
0.056615
0.093680
0.073315
0.054715
0.071007
0.271944
0.228973
0.059466
0.119680
0.148734
0.089200
0.127011
0.292037
0.104474
0.088385
0.078949
0.084787
0.074129
0.094495
0.080443
0.093680
0.098025
0.115607
0.086552
0.103252
0.078406
0.061096
0.070735
0.061299
0.065780
0.061639
0.050031
0.077931
0.076302
0.090965
0.109429
0.155387
0.129048
0.096599
0.109022
0.109836
0.107868
0.095173
0.100876
0.104609
0.105899
0.104881
0.095784
0.083837
0.075691
0.119340
0.086484
0.103048
0.085738
0.099179
0.136718
0.091440
0.086213
0.108614
0.177585
0.168352
0.129726
0.138551
0.142964
0.100129
0.094087
0.105085
0.099179
0.107325
0.105220
0.154436
0.096735
0.138619
0.099043
0.092390
0.084787
0.084855
0.141538
0.103591
0.147784
0.098296
0.063064
0.098500
0.151721
0.167945
0.134886
0.090354
0.082479
0.085466
0.097957
0.079492
0.083837
0.082615
0.090489
0.122870
0.083362
0.082275
0.110176
0.062793
0.057158
0.076913
0.074537
0.082479
0.113706
0.140452
0.090965
0.103320
0.109497
0.215328
0.258774
0.111737
0.101962
0.084380
0.093748
0.078135
0.092119
0.088860
0.092730
0.084380
0.077116
0.080510
0.182812
0.119204
0.076777
0.107189
0.255923
0.231620
0.331681
0.206232
0.116150
0.171068
0.125721
0.166044
0.138551
0.109022
0.098568
0.096327
0.105424
0.088181
0.093816
0.091236
0.077863
0.089675
0.081800
0.113774
0.171407
0.144729
0.282466
0.117779
0.086552
0.095920
0.080035
0.084176
0.133324
0.135700
0.160478
0.133392
0.132917
0.119001
0.102233
0.092798
0.079832
0.079696
0.087299
0.085738
0.112959
0.120494
0.106374
0.066866
0.081800
0.073179
0.073247
0.080782
0.149277
0.100876
0.064761
0.118933
0.239563
0.347431
0.276560
0.139434
0.141402
0.104949
0.099586
0.088453
0.114860
0.092322
0.089811
0.099382
0.099857
0.110855
0.152535
0.085670
0.083497
0.044464
0.048266
0.035707
0.058109
0.049555
0.053153
0.081054
0.122870
0.070599
0.106306
0.117236
0.094359
0.092390
0.103930
0.074740
0.077252
0.073043
0.081189
0.082683
0.092119
0.078813
0.135089
0.109158
0.092662
0.101351
0.073994
0.077388
0.100468
0.129251
0.156337
0.136583
0.128233
0.127147
0.158984
0.127215
0.156609
0.098568
0.111534
0.094834
0.101758
0.092526
0.105763
0.123617
0.104134
0.162650
0.118458
0.092526
0.086892
0.060553
0.088657
0.078406
0.077795
0.089403
0.095920
0.125518
0.211255
0.319123
0.113366
0.228633
0.132917
0.122259
0.077184
0.105899
0.098364
0.096395
0.087910
0.100265
0.099246
0.125382
0.089268
0.071210
0.080578
0.069038
0.055393
0.059127
0.056412
0.068495
0.084312
0.223203
0.095377
0.077388
0.125314
0.129251
0.131831
0.129998
0.100536
0.094359
0.097957
0.102641
0.081325
0.086959
0.090218
0.070735
0.128572
0.171815
0.170321
0.076641
0.223339
0.367117
0.068631
0.108343
0.061503
0.064694
0.059399
0.127079
0.112280
0.084787
0.097006
0.086892
0.086349
0.066051
0.061842
0.064083
0.068631
0.074062
0.063336
0.057566
0.154844
0.085805
0.080918
0.218790
0.284095
0.305953
0.128029
0.048944
0.054036
0.054036
0.086281
0.096463
0.138619
0.324418
0.241735
0.101079
0.083769
0.073043
0.057634
0.071618
0.071142
0.063879
0.086077
0.108750
0.117032
0.058584
0.095445
0.119951
0.084719
0.094359
0.087095
0.066730
0.129862
0.077184
0.156405
0.269160
0.241192
0.216754
0.151789
0.218790
0.066187
0.079017
0.067884
0.077252
0.062793
0.077659
0.079560
0.071821
0.053561
0.042156
0.079424
0.050642
0.035911
0.050845
0.063811
0.074469
0.056955
0.064150
0.124160
0.097617
0.120969
0.222863
0.195167
0.093612
0.088385
0.079424
0.081054
0.081121
0.077048
0.091983
0.094223
0.124635
0.253547
0.382459
0.436427
0.293463
0.133053
0.097685
0.172901
0.216754
0.297332
0.370104
0.179350
0.140520
0.209354
0.187835
0.132170
0.104270
0.076030
0.093816
0.101079
0.079017
0.086552
0.086959
0.097482
0.113231
0.130202
0.094562
0.085059
0.078202
0.057905
0.053696
0.158034
0.066187
0.072907
0.037540
0.053221
0.060485
0.083226
0.129862
0.113638
0.097685
0.082275
0.088453
0.077184
0.080918
0.085194
0.086756
0.100129
0.491413
0.322924
0.435782
0.548639
0.518159
0.103591
0.274319
0.110583
0.042224
0.053900
0.079628
0.073586
0.061028
0.094223
0.180572
0.164958
0.105763
0.073722
0.077524
0.080307
0.069717
0.076437
0.076166
0.086009
0.060824
0.051320
0.067137
0.081529
0.118729
0.067952
0.051999
0.047858
0.077456
0.059806
0.071957
0.095309
0.074401
0.233114
0.242414
0.100129
0.086756
0.082615
0.062861
0.054375
0.065372
0.047179
0.061910
0.049284
0.050370
0.057566
0.069649
0.105492
0.061503
0.068902
0.082275
0.091711
0.073179
0.077999
0.084584
0.108004
0.088996
0.159052
0.162107
0.127961
0.086756
0.073994
0.081325
0.060756
0.063607
0.069174
0.072297
0.084244
0.122259
0.066119
0.071821
0.185629
0.299437
0.314575
0.284163
0.249745
0.260064
0.181997
0.330120
0.135632
0.122463
0.258163
0.151925
0.120358
0.091643
0.082072
0.084787
0.077931
0.076981
0.087299
0.066526
0.084923
0.111805
0.077320
0.073451
0.147512
0.084176
0.059127
0.054036
0.119951
0.114996
0.054443
0.044939
0.054579
0.049487
0.080646
0.091643
0.099586
0.082343
0.073111
0.079492
0.071889
0.050845
0.066594
0.112688
0.080714
0.044668
0.052339
0.056955
0.070124
0.041070
0.044125
0.037744
0.050166
0.044396
0.043446
0.077184
0.114317
0.095038
0.346548
0.120698
0.197475
0.095038
0.077456
0.075487
0.065576
0.056412
0.059874
0.062929
0.069785
0.102098
0.062725
0.105967
0.043378
0.049487
0.041817
0.035911
0.052339
0.046093
0.051931
0.065780
0.099179
0.280701
0.211459
0.145815
0.308872
0.097074
0.115742
0.071210
0.077795
0.064965
0.060213
0.133053
0.066526
0.043853
0.053085
0.069038
0.201276
0.334057
0.095241
0.086756
0.259724
0.086281
0.125518
0.078135
0.201548
0.167198
0.142217
0.125450
0.153554
0.091576
0.065508
0.087910
0.067952
0.074876
0.082954
0.063947
0.080578
0.047315
0.047722
0.047519
0.065848
0.082615
0.065304
0.080918
0.098703
0.106103
0.062861
0.062725
0.115607
0.248320
0.194148
0.111805
0.122463
0.099857
0.082479
0.088046
0.065508
0.071550
0.065780
0.071142
0.062793
0.055665
0.072840
0.045890
0.271740
0.227683
0.039441
0.164755
0.054239
0.059195
0.069174
0.168692
0.096803
0.081868
0.086009
0.091847
0.098839
0.086892
0.089132
0.070328
0.074944
0.088046
0.063743
0.052474
0.072229
0.046365
0.047722
0.060756
0.046161
0.082479
0.044057
0.060349
0.043310
0.050438
0.073383
0.090557
0.072364
0.055326
0.123277
0.160478
0.099382
0.078678
0.068156
0.066866
0.071957
0.061707
0.061707
0.073858
0.086213
0.083497
0.089811
0.082072
0.292309
0.291426
0.063539
0.057905
0.082886
0.116896
0.147648
0.088928
0.064218
0.056412
0.091711
0.123006
0.099314
0.087435
0.059874
0.058448
0.062182
0.061774
0.062318
0.078610
0.084244
0.085534
0.068088
0.073722
0.081054
0.063472
0.140859
0.123277
0.134207
0.088996
0.094223
0.209965
0.204059
0.079900
0.092322
0.110379
0.097821
0.085398
0.068156
0.080307
0.082683
0.073518
0.069242
0.072636
0.279343
0.088792
0.093137
0.068495
0.071414
0.097142
0.044600
0.058448
0.053968
0.065576
0.065440
0.052882
0.143982
0.068699
0.084855
0.086824
0.149141
0.105424
0.094698
0.068902
0.072500
0.073179
0.060960
0.071414
0.064354
0.183694
0.174055
0.164415
0.422850
0.353303
0.353303
0.283755
0.556174
0.291562
0.216822
0.042088
0.057769
0.061503
0.073518
0.071753
0.093680
0.093816
0.073926
0.058380
0.070871
0.063404
0.065304
0.063675
0.077931
0.068699
0.072093
0.112009
0.275677
0.052678
0.041952
0.042292
0.034349
0.119476
0.074672
0.063064
0.047451
0.048062
0.071753
0.089539
0.114588
0.096192
0.079153
0.078338
0.068223
0.049895
0.061164
0.056004
0.071007
0.058991
0.156812
0.122056
0.292852
0.113027
0.337316
0.106035
0.037472
0.060620
0.084651
0.098839
0.092322
0.073043
0.106985
0.116693
0.134750
0.084176
0.080918
0.055869
0.061028
0.053561
0.054036
0.063675
0.068699
0.074129
0.065508
0.084244
0.069921
0.153079
0.130880
0.201751
0.132170
0.129115
0.100876
0.079967
0.089335
0.090489
0.092933
0.123753
0.145543
0.219537
0.109334
0.106415
0.109042
0.088738
0.096572
0.099919
0.091304
0.109232
0.115736
0.078168
0.104793
0.064028
0.061455
0.059948
0.070294
0.056541
0.062189
0.081325
0.104752
0.095560
0.106422
0.126224
0.113699
0.091284
0.071346
0.071210
0.079153
0.062929
0.062929
0.057023
0.069106
0.088996
0.054647
0.084108
0.072161
0.057498
0.053900
0.046365
0.045007
0.061231
0.038965
0.093748
0.071753
0.324622
0.247845
0.175888
0.163397
0.088928
0.080510
0.076098
0.077999
0.077184
0.072229
0.074740
0.079153
0.145747
0.084584
0.110447
0.068223
0.302152
0.196796
0.067680
0.098160
0.067613
0.057498
0.186885
0.071753
0.154640
0.114317
0.136786
0.120155
0.115403
0.080714
0.086688
0.080986
0.073111
0.073111
0.078202
0.066391
0.157355
0.074469
0.071142
0.050166
0.055393
0.053764
0.060213
0.047044
0.076302
0.089064
0.079289
0.076913
0.063675
0.123753
0.085194
0.099043
0.098228
0.092730
0.079628
0.071482
0.071618
0.061707
0.083701
0.071210
0.044396
0.155590
0.182472
0.132374
0.130066
0.073722
0.307379
0.069378
0.127215
0.072364
0.072364
0.059602
0.077388
0.107325
0.098160
0.093680
0.091847
0.074401
0.089268
0.076166
0.097278
0.081461
0.075283
0.075555
0.073518
0.069310
0.107664
0.092798
0.114249
0.118797
0.096124
0.066730
0.086959
0.113842
0.248184
0.220012
0.483334
0.234607
0.150295
0.126740
0.095988
0.090489
0.074808
0.067816
0.073518
0.055529
0.072975
0.064422
0.171204
0.097278
0.127011
0.083294
0.058516
0.045211
0.054986
0.087774
0.129591
0.144865
0.092933
0.094019
0.126536
0.098228
0.125857
0.141335
0.070532
0.083430
0.081121
0.100740
0.078746
0.067952
0.071210
0.079221
0.543955
0.609192
0.101011
0.110515
0.113638
0.100808
0.560247
0.329441
0.114181
0.345258
0.070396
0.067884
0.076505
0.067680
0.138687
0.113977
0.105085
0.128776
0.096056
0.075555
0.084923
0.070464
0.088046
0.083837
0.099314
0.081868
0.096803
0.061096
0.043106
0.044464
0.063675
0.084991
0.054511
0.071753
0.088589
0.090897
0.083090
0.101487
0.106239
0.253343
0.192451
0.072636
0.060010
0.069921
0.054579
0.057226
0.067137
0.064558
0.176091
0.105628
0.032516
0.064965
0.048944
0.259046
0.332089
0.152264
0.131356
0.037404
0.051185
0.051388
0.065101
0.082343
0.085534
0.094155
0.071889
0.068088
0.065372
0.067816
0.073315
0.057837
0.067952
0.068359
0.061231
0.060960
0.059127
0.279003
0.292377
0.067069
0.039373
0.054647
0.046501
0.059127
0.093816
0.090965
0.104813
0.102776
0.125653
0.100604
0.084108
0.095852
0.064354
0.081189
0.049691
0.053764
0.054579
0.052067
0.072161
0.059399
0.075012
0.051999
0.072907
0.088792
0.057226
0.073247
0.070192
0.168420
0.117915
0.054239
0.095377
0.117915
0.132645
0.114792
0.114588
0.105831
0.116557
0.091440
0.097753
0.085194
0.083633
0.086416
0.069310
0.080646
0.077116
0.113231
0.175141
0.057362
0.048877
0.046976
0.065169
0.044871
0.058923
0.083973
0.079289
0.078881
0.114317
0.104406
0.090422
0.076845
0.072364
0.067884
0.065101
0.065169
0.052203
0.067137
0.074944
0.082547
0.085398
0.269975
0.127961
0.102505
0.112755
0.112416
0.101826
0.192791
0.162243
0.167674
0.187903
0.174734
0.408662
0.163533
0.116421
0.104745
0.098907
0.098975
0.089743
0.086484
0.096090
0.088606
0.075428
0.063539
0.057430
0.066391
0.066798
0.047451
0.036250
0.055665
0.151042
0.554205
0.458285
0.339624
0.160749
0.137126
0.138483
0.145204
0.101690
0.101826
0.091711
0.091033
0.083226
0.100468
0.120019
0.114385
0.154606
0.111805
0.111534
0.118220
0.142166
0.133570
0.169426
0.141328
0.117742
0.145627
0.097150
0.104376
0.084738
0.123491
0.133940
0.111468
0.110109
0.090897
0.097414
0.079628
0.083158
0.076370
0.084991
0.085738
0.095920
0.122938
0.125585
0.481739
0.234488
0.383205
0.229923
0.539746
0.109633
0.122395
0.168556
0.495689
0.368067
0.144050
0.147919
0.182948
0.152128
0.193402
0.108547
0.128097
0.109701
0.099857
0.102980
0.101962
0.093239
0.083701
0.080239
0.103591
0.071957
0.070328
0.059738
0.072364
0.101147
0.070803
0.059263
0.075826
0.119238
0.095530
0.115751
0.122671
0.106003
0.100962
0.081232
0.086077
0.080443
0.076777
0.065440
0.072500
0.069445
0.075216
0.113977
0.175548
0.372819
0.236440
0.137126
0.498608
0.491616
0.083701
0.112755
0.170728
0.158034
0.109158
0.160478
0.139027
0.111669
0.096599
0.109361
0.075080
0.094019
0.081529
0.079221
0.068291
0.172935
0.334380
0.156872
0.154296
0.138212
0.183762
0.101826
0.272894
0.229244
0.233725
0.498676
0.402281
0.251307
0.227683
0.238545
0.134410
0.103116
0.099722
0.099790
0.090829
0.082140
0.093476
0.093476
0.095445
0.282398
0.443758
0.105899
0.180843
0.155319
0.303713
0.433575
0.343493
0.287828
0.306972
0.267395
0.340303
0.257552
0.443487
0.225782
0.261082
0.226597
0.101826
0.103320
0.099857
0.095309
0.086756
0.108139
0.092526
0.129998
0.130337
0.176634
0.102166
0.196728
0.129455
0.227276
0.247980
0.180707
0.299776
0.381848
0.452244
0.342271
0.345394
0.379472
0.213156
0.164619
0.096124
0.094155
0.098025
0.088114
0.095852
0.093408
0.118050
0.086688
0.177245
0.079628
0.099857
0.074740
0.093001
0.124092
0.175005
0.182880
0.233996
0.289050
0.266920
0.199375
0.155047
0.150838
0.159629
0.107308
0.087155
0.076535
0.078930
0.075545
0.076534
0.085854
0.088070
0.498688
0.557198
0.199650
0.315493
0.431336
0.158985
0.325301
0.114928
0.143643
0.409850
0.174988
0.148997
0.259415
0.168198
0.146790
0.155387
0.120223
0.122836
0.103506
0.103040
0.100464
0.097482
0.119612
0.108207
0.310841
0.492363
0.381237
0.325436
0.613434
0.606900
0.184755
0.428280
0.138212
0.328966
0.256398
0.087706
0.242753
0.228701
0.153418
0.125925
0.122938
0.095920
0.083769
0.075283
0.081121
0.073315
0.077591
0.085839
0.064744
0.154572
0.122666
0.082208
0.126672
0.074197
0.063336
0.143575
0.169303
0.207216
0.125636
0.087732
0.065712
0.129591
0.115267
0.096871
0.106782
0.066255
0.061401
0.049708
0.044371
0.048830
0.044848
0.044486
0.052553
0.100847
0.094582
0.136796
0.080244
0.076847
0.132443
0.053561
0.065169
0.081597
0.063336
0.065780
0.071753
0.122666
0.068902
0.086688
0.072161
0.064829
0.058380
0.060281
0.051863
0.045143
0.040595
0.045686
0.125246
0.131831
0.060960
0.089878
0.036861
0.029394
0.037744
0.034689
0.039984
0.049420
0.108309
0.078406
0.059806
0.077320
0.130337
0.105288
0.074129
0.052610
0.065576
0.053017
0.064761
0.052916
0.068546
0.058643
0.040595
0.117236
0.057634
0.250424
0.058245
0.324723
0.320633
0.241981
0.074129
0.051388
0.235693
0.288779
0.060451
0.107172
0.127715
0.172099
0.077326
0.068702
0.055191
0.057974
0.057634
0.046908
0.055461
0.058720
0.087435
0.117847
0.069853
0.184645
0.068631
0.077591
0.075691
0.059738
0.182608
0.140248
0.091915
0.112552
0.090422
0.056004
0.098636
0.101555
0.075351
0.053561
0.061299
0.047179
0.053764
0.059263
0.045075
0.054986
0.057701
0.105831
0.064354
0.037676
0.054715
0.119340
0.158577
0.186885
0.090422
0.086620
0.098975
0.254294
0.108886
0.124567
0.109904
0.139502
0.080375
0.062895
0.050964
0.058923
0.061774
0.054918
0.065440
0.057057
0.055241
0.103591
0.056208
0.045414
0.104338
0.092322
0.145170
0.093901
0.132985
0.172833
0.167877
0.148259
0.208743
0.237051
0.310026
0.266716
0.324418
0.091915
0.086484
0.053696
0.056072
0.051728
0.042360
0.044396
0.045143
0.115946
0.182337
0.158441
0.366506
0.089878
0.056004
0.080239
0.049012
0.064761
0.155522
0.229041
0.224594
0.215888
0.244900
0.197746
0.104745
0.102267
0.098483
0.096124
0.056819
0.042563
0.053866
0.039797
0.046747
0.064579
0.146833
0.038694
0.043378
0.072500
0.084991
0.075623
0.152603
0.117270
0.196185
0.136175
0.151110
0.087774
0.187835
0.351164
0.111669
0.112009
0.044532
0.039916
0.040119
0.026441
0.030633
0.031133
0.045062
0.055190
0.050981
0.077048
0.061707
0.075657
0.073909
0.122047
0.112484
0.131831
0.084719
0.137431
0.105237
0.093010
0.140864
0.122295
0.067002
0.068563
0.080375
0.047519
0.056344
0.039576
0.044736
0.066187
0.062725
0.072772
0.066051
0.219639
0.144406
0.256508
0.239109
0.101565
0.061101
0.057636
0.065238
0.072365
0.068360
0.127690
0.088657
0.105967
0.116421
0.082479
0.058584
0.040323
0.048333
0.038219
0.048877
0.056547
0.122666
0.361449
0.600231
0.595343
0.624533
0.145204
0.200122
0.275677
0.102030
0.263594
0.191161
0.173104
0.236304
0.168081
0.147241
0.107053
0.093137
0.104406
0.069853
0.084040
0.075691
0.079560
0.088792
0.076675
0.114707
0.134198
0.570799
0.612634
0.558812
0.433095
0.201342
0.293054
0.597108
0.355780
0.170049
0.253207
0.310637
0.166655
0.198900
0.268142
0.283687
0.136040
0.116761
0.113706
0.119069
0.110244
0.122056
0.138348
0.173580
0.258604
0.296161
0.193868
0.174967
0.225356
0.302084
0.288711
0.224289
0.236033
0.388568
0.406473
0.369264
0.307824
0.271199
0.282857
0.301662
0.270212
0.230534
0.214636
0.194678
0.178148
0.197325
0.180599
0.172785
0.193008
0.196395
0.287951
0.270918
0.318186
0.255787
0.299477
0.368420
0.316883
0.317344
0.275236
0.359752
0.498228
0.623074
0.462996
0.321017
0.224523
0.197252
0.136064
0.126446
0.116512
0.114091
0.117948
0.104406
0.148259
0.191705
0.224696
0.228226
0.217772
0.238782
0.288711
0.352081
0.333175
0.353303
0.295075
0.373490
0.495278
0.281513
0.232841
0.202124
0.162650
0.192859
0.124228
0.117304
0.106850
0.112144
0.107460
0.119069
0.168896
0.162990
0.172697
0.286810
0.221302
0.334057
0.278732
0.285181
0.318716
0.328627
0.361686
0.236983
0.312742
0.529224
0.336637
0.282533
0.190347
0.157219
0.153486
0.098703
0.089064
0.108614
0.106782
0.215328
0.659697
0.352929
0.186545
0.378589
0.181386
0.291834
0.295160
0.536691
0.582242
0.371462
0.422782
0.384156
0.259453
0.266241
0.459982
0.197339
0.186138
0.160478
0.131084
0.130541
0.125314
0.129659
0.122938
0.114113
0.191772
0.177653
0.161089
0.201616
0.251510
0.255583
0.284434
0.316340
0.465617
0.649922
0.547281
0.365759
0.270450
0.331342
0.385378
0.222320
0.213903
0.128844
0.118526
0.090082
0.094562
0.106510
0.105085
0.125450
0.246283
0.292377
0.217568
0.210916
0.245781
0.344729
0.249033
0.285385
0.283253
0.306687
0.235388
0.161075
0.230337
0.466859
0.442577
0.876247
0.472812
0.295974
0.199885
0.119883
0.115810
0.108954
0.108479
0.130473
0.174190
0.177788
0.199986
0.456452
0.374754
0.245554
0.412871
0.272079
0.307447
0.395085
0.602335
0.398955
0.346141
0.492478
0.473193
0.527031
0.326661
0.302065
0.274561
0.256159
0.263759
0.247975
0.263469
0.260015
0.391782
0.338325
0.366855
0.295619
0.306265
0.365453
0.338364
0.359475
0.387239
0.453154
0.454375
0.356419
0.328314
0.317928
0.318064
0.353907
0.341688
0.315607
0.219659
0.191806
0.203584
0.172561
0.197190
0.217602
0.291772
0.319062
0.335422
0.351816
0.421546
0.437200
0.471882
0.488439
0.481210
0.497760
0.571495
0.468094
0.489756
0.543256
0.473281
0.385086
0.252189
0.212250
0.182505
0.187448
0.173288
0.136956
0.175955
0.165250
0.199328
0.260553
0.250777
0.326325
0.323861
0.536671
0.342923
0.304983
0.374360
0.261510
0.217270
0.202193
0.254694
0.313998
0.266662
0.226923
0.194447
0.191650
0.180544
0.162365
0.159113
0.156401
0.187189
0.179909
0.353201
0.345224
0.585551
0.543403
0.353230
0.339435
0.369764
0.458149
0.413414
0.439101
0.580816
0.371258
0.343996
0.444539
0.324601
0.289617
0.236486
0.216335
0.205344
0.198898
0.198424
0.205077
0.213190
0.200444
0.229541
0.285317
0.242007
0.159120
0.174190
0.256534
0.257145
0.287964
0.454436
0.517969
0.425049
0.401079
0.346847
0.284448
0.410692
0.304216
0.268122
0.192679
0.183978
0.175350
0.172055
0.178418
0.173181
0.171582
0.180693
0.209626
0.213835
0.187021
0.187835
0.221234
0.265562
0.364571
0.352980
0.320676
0.316272
0.228362
0.217840
0.366302
0.369744
0.183460
0.184914
0.173694
0.185191
0.173289
0.169680
0.183795
0.181755
0.181449
0.284615
0.232734
0.207949
0.255163
0.483660
0.233175
0.415559
0.338579
0.287754
0.221037
0.196911
0.180796
0.225735
0.271217
0.283966
0.217786
0.203109
0.173844
0.177211
0.152257
0.159229
0.117575
0.112559
0.120155
0.141158
0.120521
0.184502
0.171753
0.188521
0.159215
0.242000
0.343487
0.248870
0.371468
0.341151
0.249338
0.232449
0.297868
0.186335
0.153601
0.135979
0.145862
0.124126
0.120352
0.110013
0.119598
0.096925
0.102281
0.113563
0.155862
0.176112
0.168889
0.211724
0.350411
0.470762
0.433250
0.282438
0.249732
0.252244
0.384624
0.229095
0.243127
0.224655
0.230079
0.187710
0.176572
0.161838
0.173683
0.154080
0.171942
0.156672
0.161426
0.192688
0.182591
0.179782
0.161916
0.148123
0.136447
0.152230
0.138568
0.149659
0.143630
0.148931
0.136175
0.146154
0.163804
0.196830
0.156558
0.299988
0.353069
0.127115
0.133274
0.113977
0.170796
0.119204
0.145102
0.195557
0.196321
0.142964
0.259249
0.213903
0.210644
0.232700
0.195106
0.212891
0.278413
0.400781
0.343229
0.344002
0.389682
0.517154
0.179377
0.130656
0.123946
0.102500
0.113534
0.108359
0.110863
0.099013
0.107174
0.104202
0.133596
0.113027
0.141063
0.228362
0.219741
0.296585
0.185425
0.276729
0.296830
0.281413
0.294868
0.351517
0.291630
0.310671
0.201005
0.156147
0.148870
0.146372
0.138870
0.130887
0.134526
0.121288
0.134003
0.196327
0.231661
0.159093
0.139957
0.141348
0.151419
0.176023
0.149956
0.184339
0.268828
0.559032
0.220331
0.212708
0.294875
0.309232
0.247016
0.149277
0.124282
0.131125
0.126855
0.121648
0.121370
0.128830
0.150309
0.154267
0.188853
0.301100
0.208285
0.097660
0.095432
0.100869
0.080405
0.086601
0.091736
0.086327
0.114815
0.243240
0.092124
0.085062
0.079697
0.061232
0.065101
0.052746
0.064354
0.050098
0.059263
0.055597
0.066119
0.069785
0.060688
0.071210
0.092662
0.084719
0.094902
0.081393
0.091033
0.093884
0.096327
0.084380
0.068902
0.064829
0.075134
0.086566
0.076532
0.068427
0.067076
0.055658
0.059168
0.055550
0.055298
0.053554
0.057477
0.085290
0.074863
0.104894
0.104575
0.107101
0.113909
0.129726
0.132034
0.126869
0.151083
0.138670
0.159602
0.148992
0.140099
0.158326
0.090177
0.087180
0.083336
0.078054
0.080504
0.070664
0.087535
0.065490
0.046933
0.083476
0.081348
0.065169
0.091508
0.100570
0.129777
0.127894
0.121580
0.128980
0.102233
0.114453
0.126196
0.108614
0.193130
0.363451
0.130337
0.103659
0.094562
0.077184
0.092526
0.077048
0.090320
0.066849
0.058245
0.091440
0.068495
0.067884
0.099925
0.108886
0.117813
0.131033
0.198832
0.122734
0.161428
0.216957
0.231417
0.183423
0.163804
0.171271
0.113231
0.101928
0.088232
0.088249
0.082683
0.115471
0.097821
0.157898
0.072025
0.081393
0.203924
0.258380
0.349868
0.426611
0.282065
0.216876
0.367755
0.322972
0.665522
0.518084
0.325212
0.253934
0.303856
0.290890
0.277680
0.184998
0.120392
0.130045
0.108119
0.101385
0.112959
0.115790
0.113876
0.140262
0.224140
0.249936
0.227731
0.208071
0.384875
0.516156
0.848395
0.732238
0.455896
0.629482
0.344532
0.424669
0.552284
0.354233
0.369961
0.262572
0.202361
0.170694
0.171050
0.162811
0.156473
0.187971
0.403231
0.179689
0.210373
0.671848
0.401263
0.446745
0.648836
0.335687
0.214717
0.414772
0.224560
0.140181
0.130677
0.121716
0.086382
0.076556
0.088546
0.072704
0.139977
0.143439
0.139434
0.123685
0.173749
0.305665
0.136982
0.118148
0.109478
0.101341
0.103756
0.128892
0.122860
0.164546
0.192924
0.286334
0.217975
0.253682
0.145951
0.124364
0.162379
0.147648
0.136243
0.128301
0.140588
0.128844
0.132849
0.114860
0.113366
0.104881
0.099722
0.118458
0.099518
0.101079
0.104541
0.165094
0.188310
0.198832
0.194216
0.191026
0.250221
0.229109
0.229584
0.270586
0.319394
0.502546
0.183015
0.113842
0.118593
0.119747
0.082751
0.108207
0.101622
0.121241
0.131763
0.185934
0.243093
0.327880
0.242414
0.282805
0.377978
0.357749
0.342679
0.336298
0.379065
0.407169
0.358292
0.262847
0.348313
0.348788
0.469350
0.318444
0.246555
0.209151
0.171000
0.173036
0.156541
0.177856
0.155726
0.185934
0.311248
0.337995
0.386871
0.350757
0.323943
0.305410
0.359039
0.399905
0.424207
0.427805
0.419931
0.372751
0.320005
0.323739
0.256194
0.215464
0.177109
0.177653
0.165773
0.163465
0.154165
0.162039
0.159799
0.219401
0.266038
0.316340
0.277578
0.353133
0.392709
0.332971
0.324486
0.431471
0.364673
0.408662
0.396986
0.322313
0.297604
0.335415
0.196389
0.195913
0.185799
0.151653
0.173647
0.178264
0.171339
0.178399
0.183287
0.333786
0.210305
0.368135
0.311859
0.656031
0.660648
0.715634
0.579526
0.460254
0.395832
0.388093
0.438259
0.353337
0.355577
0.341525
0.301134
0.263865
0.238341
0.168692
0.146019
0.170117
0.161768
0.121309
0.155862
0.152807
0.159663
0.302016
0.391895
0.327948
0.264341
0.363655
0.251239
0.327065
0.342882
0.331410
0.254158
0.255380
0.275066
0.264476
0.290340
0.208200
0.148802
0.158306
0.136040
0.139570
0.112755
0.150431
0.108004
0.196117
0.157627
0.152332
0.186953
0.295092
0.395425
0.329373
0.399769
0.358292
0.328559
0.371326
0.370375
0.303102
0.273641
0.185663
0.202159
0.231077
0.147037
0.148327
0.131288
0.125042
0.105831
0.096192
0.098771
0.116896
0.202702
0.194691
0.316611
0.314914
0.375467
0.371326
0.378386
0.415586
0.400244
0.426787
0.522164
0.451157
0.404385
0.390605
0.298690
0.293123
0.188921
0.191501
0.125925
0.112009
0.128437
0.181861
0.274048
0.733962
0.353133
0.484692
0.464055
0.389587
0.357817
0.251510
0.228430
0.289661
0.383341
0.317697
0.357410
0.361347
0.384495
0.374720
0.276383
0.238735
0.208037
0.158475
0.164531
0.156018
0.161055
0.160736
0.162833
0.178481
0.280626
0.420406
0.274129
0.296524
0.352060
0.331702
0.394936
0.430629
0.424880
0.410488
0.329231
0.326312
0.329177
0.361903
0.279275
0.284231
0.245265
0.195167
0.217568
0.168963
0.152603
0.158034
0.189736
0.278121
0.305139
0.287285
0.381712
0.374516
0.444641
0.440364
0.410766
0.273980
0.339828
0.327133
0.358903
0.405471
0.586315
0.287217
0.270722
0.179757
0.196389
0.150770
0.119951
0.134343
0.141742
0.130066
0.124635
0.280633
0.338741
0.153622
0.222456
0.345394
0.458828
0.451361
0.400923
0.386328
0.347431
0.318987
0.249134
0.204535
0.204670
0.167198
0.163057
0.134139
0.115810
0.131967
0.103795
0.092798
0.106917
0.086892
0.100876
0.126264
0.157016
0.147784
0.119815
0.142421
0.194691
0.176363
0.201955
0.249678
0.207114
0.210475
0.203330
0.184780
0.288881
0.286080
0.311698
0.333922
0.275745
0.138416
0.142081
0.124499
0.130745
0.149820
0.133799
0.182404
0.352115
0.351639
0.378454
0.407508
0.414228
0.456928
0.453533
0.463173
0.427534
0.390198
0.415383
0.373430
0.349399
0.327541
0.253411
0.280497
0.235761
0.266445
0.183491
0.176770
0.171068
0.117372
0.159799
0.156812
0.175548
0.383816
0.507094
0.573417
0.493856
0.430792
0.416672
0.420202
0.322992
0.333854
0.293734
0.339726
0.287336
0.277603
0.279967
0.282811
0.287560
0.225003
0.231299
0.228167
0.219338
0.221101
0.227005
0.326048
0.377571
0.305478
0.289797
0.292852
0.298622
0.343154
0.336026
0.351028
0.380830
0.309687
0.308805
0.376078
0.380083
0.297739
0.301609
0.283755
0.271672
0.269703
0.242889
0.265766
0.254226
0.221709
0.283144
0.272351
0.250085
0.286403
0.276899
0.308465
0.276220
0.322449
0.285045
0.344579
0.325233
0.316951
0.300591
0.334057
0.329238
0.287421
0.275168
0.233630
0.221893
0.215471
0.187367
0.202335
0.171387
0.201256
0.186830
0.224669
0.241647
0.263736
0.324092
0.400414
0.377727
0.404704
0.374068
0.449223
0.510468
0.471020
0.391379
0.391426
0.382717
0.362345
0.269459
0.248266
0.203116
0.178739
0.165909
0.179207
0.168963
0.197244
0.198873
0.246243
0.297658
0.348666
0.314385
0.453493
0.447689
0.433840
0.482174
0.448198
0.397529
0.386830
0.334872
0.320426
0.417310
0.406116
0.303530
0.247095
0.236264
0.223271
0.209653
0.198540
0.152278
0.153357
0.185765
0.254205
0.226251
0.273661
0.304372
0.281556
0.252033
0.322578
0.270986
0.356208
0.310997
0.283565
0.286844
0.305044
0.307413
0.286023
0.288887
0.242607
0.218755
0.202084
0.182214
0.168807
0.166564
0.173199
0.153384
0.192533
0.270477
0.249718
0.294067
0.283362
0.316034
0.312199
0.373532
0.372073
0.420107
0.446137
0.430202
0.322639
0.350180
0.252719
0.241036
0.240554
0.208764
0.195737
0.163472
0.142102
0.130799
0.133548
0.159466
0.195357
0.245319
0.237424
0.314120
0.342299
0.344542
0.359466
0.349039
0.284217
0.329384
0.296117
0.356670
0.311337
0.307637
0.329740
0.194277
0.156133
0.169982
0.145000
0.203852
0.199676
0.212183
0.189483
0.189131
0.194386
0.241104
0.301425
0.258272
0.282720
0.278686
0.276689
0.281108
0.278535
0.298975
0.322157
0.316638
0.296151
0.356208
0.349786
0.271882
0.213651
0.221071
0.181875
0.141810
0.109850
0.133548
0.188772
0.201785
0.226441
0.284244
0.298092
0.309660
0.381583
0.299599
0.298961
0.376974
0.377978
0.388073
0.471930
0.375209
0.349141
0.432523
0.417127
0.295112
0.272948
0.261639
0.254579
0.238612
0.192445
0.201894
0.224201
0.212396
0.232225
0.275908
0.312979
0.265943
0.348632
0.317141
0.337798
0.338653
0.370097
0.439210
0.466099
0.347139
0.314480
0.424235
0.515310
0.515310
0.606384
0.364186
0.259141
0.188426
0.157209
0.137087
0.121323
0.117311
0.187533
0.221030
0.298011
0.311893
0.280989
0.320930
0.336773
0.393117
0.443079
0.449969
0.443537
0.438285
0.413121
0.451157
0.354219
0.352386
0.253367
0.228737
0.201284
0.153669
0.167904
0.170436
0.185154
0.224628
0.225531
0.230385
0.342645
0.433277
0.434967
0.377001
0.466289
0.464700
0.382917
0.330180
0.316777
0.317746
0.315278
0.305321
0.305399
0.309071
0.309956
0.296686
0.278782
0.266300
0.261281
0.279544
0.251306
0.257280
0.258095
0.316747
0.337859
0.325979
0.332903
0.339556
0.463784
0.432218
0.356052
0.391352
0.344036
0.356731
0.340303
0.365691
0.354966
0.326454
0.299504
0.287082
0.293055
0.301066
0.267531
0.271808
0.251986
0.254633
0.252800
0.307583
0.282873
0.281719
0.315118
0.310773
0.320141
0.331885
0.337384
0.332564
0.353133
0.330460
0.343018
0.300591
0.325979
0.321431
0.302899
0.280972
0.257281
0.125110
0.121988
0.137397
0.109836
0.108750
0.107936
0.220623
0.185256
0.215736
0.294209
0.316747
0.307718
0.274795
0.312674
0.341389
0.319327
0.244043
0.177313
0.155454
0.218179
0.197203
0.167198
0.150431
0.156337
0.118254
0.125653
0.130405
0.109497
0.116761
0.136651
0.187156
0.299708
0.353065
0.308397
0.318444
0.419591
0.421356
0.389587
0.401059
0.358835
0.347498
0.246351
0.307515
0.240445
0.172222
0.168285
0.155726
0.152332
0.163872
0.121784
0.139094
0.115335
0.110176
0.153214
0.225714
0.159392
0.140859
0.143439
0.200665
0.187632
0.164483
0.177653
0.207386
0.175073
0.168556
0.179621
0.183151
0.229177
0.312199
0.297943
0.257688
0.262508
0.211323
0.116082
0.131016
0.115539
0.110855
0.153689
0.091711
0.285928
0.234743
0.378657
0.356731
0.322653
0.142896
0.124839
0.253411
0.223203
0.133664
0.282262
0.211595
0.251239
0.232299
0.104134
0.106103
0.097278
0.116896
0.089403
0.106985
0.100740
0.119951
0.135497
0.081054
0.078135
0.110176
0.112552
0.083430
0.066051
0.133935
0.096531
0.139298
0.114928
0.155115
0.125110
0.108818
0.108139
0.116693
0.125382
0.110719
0.088046
0.082411
0.088657
0.084584
0.087299
0.092662
0.082072
0.077727
0.112959
0.162243
0.132849
0.153554
0.103659
0.099179
0.101079
0.136515
0.113909
0.119747
0.110923
0.115674
0.101351
0.114249
0.078338
0.087163
0.109361
0.093001
0.096124
0.086213
0.092254
0.080782
0.183558
0.169235
0.169914
0.082615
0.235829
0.272147
0.146765
0.103048
0.090625
0.162243
0.112755
0.153079
0.134546
0.136108
0.132306
0.143778
0.088928
0.085670
0.075894
0.084448
0.081054
0.095988
0.082004
0.097142
0.132306
0.086688
0.191161
0.178060
0.134682
0.122259
0.146630
0.150770
0.227683
0.130813
0.104066
0.157763
0.230331
0.177992
0.180775
0.259860
0.170796
0.120562
0.146494
0.116896
0.107732
0.108614
0.094019
0.088657
0.114656
0.093612
0.059195
0.301134
0.223339
0.210169
0.207250
0.305750
0.316408
0.285520
0.335822
0.281719
0.317019
0.169235
0.141402
0.133935
0.111805
0.108886
0.093612
0.082072
0.072364
0.080510
0.085194
0.085941
0.118729
0.079560
0.093748
0.083294
0.100944
0.096871
0.102844
0.239699
0.215993
0.281997
0.299735
0.292974
0.307298
0.337533
0.415172
0.295567
0.219571
0.159952
0.148030
0.138742
0.136339
0.129910
0.125721
0.096938
0.127486
0.141810
0.240310
0.172629
0.333922
0.344579
0.221506
0.257077
0.239699
0.171068
0.152875
0.129794
0.191637
0.241260
0.185188
0.142353
0.168149
0.136922
0.159935
0.132442
0.129930
0.129862
0.128437
0.106239
0.162514
0.083430
0.122666
0.106578
0.135293
0.148327
0.145679
0.170525
0.172833
0.160614
0.147648
0.164619
0.172425
0.163329
0.140045
0.166044
0.153350
0.137940
0.116828
0.131016
0.130677
0.124092
0.122191
0.097549
0.111669
0.149549
0.123888
0.188446
0.151517
0.331817
0.208676
0.169439
0.302016
0.294753
0.361890
0.346548
0.284095
0.257145
0.172086
0.137262
0.134343
0.142692
0.152332
0.118458
0.116693
0.106306
0.100740
0.119680
0.136651
0.118797
0.160749
0.131288
0.124364
0.150227
0.095173
0.142013
0.147173
0.217568
0.146358
0.145000
0.183558
0.154300
0.261965
0.191161
0.120902
0.109701
0.104541
0.103795
0.099111
0.109090
0.088181
0.084584
0.090965
0.074808
0.259385
0.277103
0.354762
0.307718
0.417351
0.279614
0.339149
0.336162
0.358292
0.319327
0.210712
0.197135
0.184169
0.156269
0.156405
0.146086
0.110379
0.104338
0.108071
0.115946
0.131559
0.102030
0.140859
0.144118
0.301813
0.285452
0.199375
0.166044
0.204738
0.148802
0.135564
0.136243
0.153146
0.139502
0.154504
0.168420
0.189464
0.144457
0.108954
0.133392
0.111534
0.119069
0.101351
0.129115
0.118729
0.168896
0.128844
0.173580
0.144525
0.274048
0.459371
0.325097
0.328016
0.185120
0.195031
0.167877
0.254362
0.231824
0.248456
0.222320
0.187632
0.211187
0.135904
0.140113
0.140927
0.139298
0.123549
0.140045
0.133935
0.120969
0.174598
0.187496
0.152807
0.218519
0.278460
0.264273
0.185527
0.252325
0.263662
0.247573
0.264544
0.180096
0.168352
0.179214
0.332157
0.165366
0.181726
0.156744
0.161089
0.141063
0.150567
0.141131
0.145747
0.121988
0.109633
0.110176
0.109836
0.115742
0.166859
0.207386
0.174530
0.178535
0.181318
0.201276
0.187903
0.137126
0.161428
0.288507
0.327676
0.287964
0.309416
0.265630
0.137397
0.127826
0.137262
0.144050
0.136447
0.120019
0.120291
0.125042
0.151449
0.303034
0.537845
0.516530
0.470504
0.448510
0.342000
0.354830
0.339285
0.355305
0.375059
0.300998
0.253818
0.236576
0.287217
0.210033
0.164687
0.135157
0.140316
0.137126
0.131763
0.142421
0.128029
0.185120
0.306632
0.264069
0.238680
0.243093
0.337927
0.417215
0.386871
0.409612
0.365352
0.356731
0.424207
0.362637
0.362501
0.200054
0.170864
0.190279
0.134886
0.112552
0.143235
0.161225
0.163872
0.145883
0.128029
0.274523
0.249474
0.392641
0.476478
0.282873
0.216754
0.206164
0.197746
0.191297
0.278121
0.250153
0.229244
0.286403
0.181250
0.116693
0.114317
0.098432
0.123277
0.101555
0.107053
0.125789
0.129048
0.157219
0.146290
0.147444
0.313013
0.258774
0.203720
0.145136
0.160682
0.220623
0.199511
0.132374
0.169574
0.158373
0.160546
0.265698
0.300930
0.203449
0.157830
0.170661
0.132374
0.129591
0.126129
0.149345
0.137262
0.157355
0.172561
0.134682
0.104134
0.088996
0.103863
0.167131
0.133256
0.171000
0.239834
0.220216
0.145883
0.158373
0.144865
0.176566
0.191161
0.206300
0.179825
0.165977
0.124364
0.114860
0.114588
0.116353
0.139298
0.120223
0.136311
0.136379
0.109904
0.123345
0.110040
0.136108
0.182540
0.107121
0.137465
0.127283
0.149209
0.259928
0.247913
0.181386
0.143846
0.158849
0.122666
0.129048
0.150635
0.109158
0.099314
0.136651
0.120155
0.132374
0.123210
0.119951
0.123074
0.115946
0.121105
0.150024
0.142896
0.153689
0.182133
0.144186
0.146833
0.152400
0.171679
0.162039
0.198018
0.164483
0.144118
0.127350
0.102641
0.089743
0.134207
0.097617
0.135564
0.110040
0.133324
0.118593
0.141402
0.126332
0.130813
0.116082
0.128980
0.106782
0.097617
0.080443
0.112144
0.138144
0.153554
0.174394
0.263526
0.275745
0.136311
0.134139
0.123277
0.130202
0.117100
0.124907
0.109158
0.104745
0.084651
0.095649
0.122191
0.184645
0.321092
0.327405
0.415383
0.618288
0.302491
0.298961
0.452990
0.200190
0.147037
0.336365
0.226529
0.287693
0.173036
0.154844
0.162514
0.119815
0.121445
0.114249
0.122938
0.105560
0.120291
0.138076
0.162514
0.158645
0.193537
0.241803
0.277238
0.211323
0.202091
0.200665
0.407847
0.173715
0.193605
0.180504
0.192791
0.184713
0.168420
0.126468
0.115946
0.125382
0.118390
0.123142
0.114928
0.102912
0.100333
0.130541
0.139841
0.132170
0.198561
0.180436
0.218722
0.263186
0.188514
0.268617
0.206368
0.238884
0.209762
0.201344
0.205757
0.217365
0.178671
0.163533
0.148462
0.118458
0.130405
0.134478
0.145815
0.128776
0.127554
0.079492
0.084719
0.112823
0.145204
0.211459
0.177924
0.210848
0.252800
0.278528
0.346752
0.348381
0.301813
0.376621
0.500373
0.277171
0.167402
0.124635
0.135089
0.114181
0.118254
0.122327
0.129183
0.097414
0.140588
0.102641
0.118254
0.082615
0.149141
0.164619
0.165501
0.147919
0.136583
0.122802
0.141199
0.149141
0.251918
0.310570
0.386057
0.193266
0.175684
0.152535
0.165026
0.146154
0.140927
0.146290
0.123753
0.114317
0.187428
0.181183
0.173783
0.462290
0.437581
0.280225
0.351979
0.345598
0.466499
0.317629
0.222999
0.234811
0.279614
0.230670
0.317765
0.299029
0.186138
0.159528
0.135904
0.144797
0.138959
0.120902
0.116489
0.151246
0.139773
0.218722
0.230466
0.306497
0.305410
0.329238
0.333854
0.352861
0.395832
0.303985
0.353201
0.356866
0.342000
0.321567
0.223814
0.237119
0.260811
0.213360
0.156473
0.148938
0.144389
0.111805
0.109225
0.089268
0.139298
0.112212
0.120087
0.221030
0.281040
0.214649
0.329034
0.371326
0.352522
0.380626
0.372276
0.393999
0.308194
0.409748
0.226936
0.102233
0.117236
0.107732
0.139841
0.099314
0.113095
0.119544
0.144593
0.146154
0.288304
0.215057
0.213903
0.217093
0.184916
0.157219
0.181318
0.272554
0.192180
0.193741
0.107460
0.216279
0.128640
0.132102
0.153146
0.123549
0.123210
0.122938
0.127283
0.105356
0.121512
0.127283
0.137465
0.102301
0.111534
0.141131
0.115335
0.102641
0.112280
0.097006
0.115131
0.098364
0.090965
0.104745
0.119069
0.404928
0.199715
0.160817
0.362297
0.123210
0.122395
0.115742
0.128097
0.115267
0.114724
0.128572
0.164822
0.115946
0.101011
0.122327
0.091304
0.085194
0.155183
0.147444
0.080578
0.083294
0.059466
0.094155
0.096395
0.112959
0.175684
0.167606
0.137058
0.128165
0.112348
0.123074
0.110447
0.130066
0.112212
0.130609
0.128437
0.106510
0.101419
0.162514
0.127894
0.114928
0.164958
0.215328
0.175548
0.153282
0.129115
0.145204
0.128437
0.336976
0.231281
0.173036
0.170864
0.144254
0.174869
0.189804
0.122056
0.128029
0.109701
0.126672
0.114385
0.093748
0.105831
0.121173
0.135361
0.157219
0.269568
0.497997
0.242278
0.226801
0.232774
0.281787
0.209626
0.181726
0.172086
0.160614
0.148802
0.135497
0.119137
0.100265
0.104202
0.096871
0.096667
0.094359
0.099314
0.078270
0.117847
0.099450
0.113570
0.114113
0.124296
0.145000
0.129862
0.188242
0.137601
0.129048
0.124703
0.194081
0.453058
0.255040
0.152943
0.173172
0.162447
0.155047
0.146222
0.128776
0.116082
0.143575
0.118729
0.126807
0.125042
0.134614
0.117575
0.140588
0.147241
0.192926
0.340710
0.396511
0.344444
0.320752
0.216550
0.149481
0.205010
0.221030
0.169099
0.203516
0.214310
0.237730
0.127215
0.125178
0.121105
0.132578
0.127418
0.115607
0.102641
0.124092
0.194895
0.176974
0.189125
0.255583
0.281990
0.258027
0.363112
0.301813
0.231892
0.225443
0.425633
0.253275
0.190686
0.194284
0.208947
0.188582
0.150092
0.134546
0.134071
0.147580
0.139027
0.119340
0.129930
0.133799
0.172765
0.259589
0.358360
0.387279
0.400855
0.281583
0.297196
0.333922
0.369086
0.290747
0.289322
0.233182
0.169099
0.169303
0.141606
0.169846
0.145000
0.111941
0.105967
0.115607
0.132713
0.113706
0.102233
0.178399
0.121241
0.252664
0.200122
0.233589
0.274659
0.383341
0.415247
0.459643
0.471523
0.294617
0.224289
0.390401
0.483606
0.310434
0.174937
0.186410
0.153622
0.142421
0.123753
0.133460
0.147716
0.124160
0.130202
0.106782
0.117915
0.261897
0.317358
0.268210
0.295024
0.350553
0.343561
0.340778
0.283959
0.254497
0.270111
0.303374
0.269975
0.127690
0.131356
0.126875
0.118797
0.125925
0.144525
0.140927
0.137737
0.113502
0.128980
0.153282
0.191094
0.181929
0.281312
0.365691
0.445252
0.412124
0.353404
0.425905
0.449121
0.359989
0.232435
0.289390
0.210644
0.210984
0.180707
0.162650
0.168217
0.151857
0.154165
0.171747
0.147444
0.143711
0.113774
0.174462
0.129659
0.160546
0.163668
0.358360
0.314507
0.547553
0.680062
0.420474
0.315254
0.205892
0.269635
0.224832
0.208743
0.179350
0.118661
0.115946
0.116489
0.126196
0.126672
0.123481
0.122531
0.121377
0.128776
0.128708
0.129862
0.278257
0.170796
0.171815
0.181115
0.204467
0.240242
0.112484
0.090218
0.080714
0.134546
0.139094
0.121241
0.111805
0.108207
0.243364
0.120358
0.089064
0.090286
0.097414
0.103455
0.078202
0.137601
0.149820
0.138959
0.100536
0.101011
0.200733
0.503496
0.725613
0.512694
0.299776
0.121377
0.162922
0.158577
0.138076
0.129183
0.113027
0.113706
0.108411
0.109022
0.092390
0.111126
0.106374
0.138280
0.119069
0.142285
0.135836
0.148938
0.167538
0.205213
0.307922
0.829136
0.516394
0.874347
0.298893
0.338945
0.317765
0.259453
0.257145
0.247505
0.184373
0.170117
0.143100
0.135497
0.152060
0.151721
0.153418
0.148055
0.154165
0.142149
0.173376
0.225850
0.306768
0.303713
0.243161
0.356188
0.617338
0.878488
1.000000
0.706469
0.254837
0.177381
0.166520
0.146494
0.186613
0.149277
0.145951
0.141878
0.100944
0.097889
0.110515
0.129319
0.109972
0.153825
0.155183
0.158849
0.417012
0.246826
0.403639
0.616048
0.828457
0.923495
0.568597
0.307718
0.279614
0.270993
0.216618
0.160410
0.481094
0.263594
0.136175
0.131899
0.138823
0.149616
0.154640
0.204195
0.113366
0.278732
0.375535
0.820990
0.898717
0.584210
0.553798
0.469690
0.444301
0.440500
0.386668
0.373294
0.398479
0.421424
0.379200
0.291494
0.285113
0.257620
0.197543
0.159528
0.124771
0.161564
0.158238
0.167198
0.146969
0.165094
0.186749
0.305478
0.379132
0.356459
0.366710
0.272147
0.406965
0.407033
0.368950
0.361890
0.339013
0.317969
0.435816
0.341049
0.251171
0.158849
0.187971
0.154165
0.109293
0.101690
0.130745
0.108818
0.105356
0.203313
0.276356
0.300523
0.354219
0.373634
0.597515
0.521553
0.364673
0.444776
0.405947
0.408323
0.430792
0.391827
0.403503
0.229177
0.115199
0.204670
0.148123
0.101351
0.122734
0.107664
0.135429
0.144729
0.141810
0.212545
0.136854
0.144254
0.131627
0.152196
0.124975
0.179961
0.111941
0.183151
0.126264
0.313217
0.164822
0.144797
0.115267
0.149956
0.137669
0.114588
0.134953
0.134343
0.121920
0.128301
0.134139
0.135972
0.110990
0.198765
0.163125
0.124703
0.124160
0.145815
0.167063
0.183287
0.160817
0.213971
0.251646
0.121988
0.161971
0.181318
0.184441
0.152875
0.128301
0.126468
0.114724
0.125314
0.111330
0.120223
0.126943
0.115674
0.089878
0.138348
0.089743
0.085466
0.175005
0.213631
0.340778
0.267056
0.114181
0.148666
0.137126
0.100197
0.116693
0.103489
0.078661
0.101207
0.083256
0.076147
0.075885
0.079318
0.076588
0.070403
0.073658
0.067275
0.069039
0.053222
0.096056
0.056072
0.068834
0.066526
0.074537
0.097753
0.145679
0.079900
0.071278
0.070803
0.073518
0.064694
0.073790
0.093341
0.078202
0.068767
0.073451
0.067137
0.076505
0.074537
0.078881
0.068359
0.064490
0.094155
0.066391
0.062793
0.076234
0.060281
0.090489
0.046229
0.052746
0.065237
0.064558
0.055461
0.081189
0.082072
0.078542
0.070192
0.080986
0.076370
0.080646
0.066187
0.084584
0.068020
0.076641
0.063743
0.059874
0.052610
0.056683
0.063947
0.061910
0.062114
0.062046
0.102098
0.087774
0.065915
0.070939
0.082886
0.127961
0.203516
0.115403
0.079900
0.078813
0.077795
0.069513
0.106069
0.117389
0.128309
0.124368
0.129830
0.115489
0.119281
0.146940
0.125197
0.203798
0.131937
0.175466
0.162914
0.123070
0.126670
0.141673
0.134546
0.233385
0.164687
0.164687
0.197271
0.180232
0.197746
0.132034
0.138416
0.125314
0.132578
0.127147
0.127758
0.128640
0.091576
0.202294
0.319259
0.249067
0.145408
0.191813
0.258190
0.377924
0.317453
0.265603
0.343371
0.302030
0.223115
0.210515
0.207501
0.179275
0.123753
0.110244
0.098432
0.110244
0.145917
0.158492
0.165366
0.113095
0.165230
0.301779
0.335704
0.186817
0.118118
0.176702
0.240377
0.233759
0.271944
0.280721
0.310549
0.273518
0.262623
0.228111
0.263892
0.190652
0.114276
0.113129
0.105526
0.105200
0.095106
0.108954
0.111425
0.105275
0.121024
0.103618
0.133772
0.210054
0.166886
0.134431
0.160003
0.129170
0.186315
0.172073
0.155556
0.163180
0.176566
0.181814
0.255108
0.201609
0.127690
0.136108
0.131627
0.114792
0.116557
0.111398
0.141538
0.098839
0.151721
0.128233
0.103455
0.115267
0.150227
0.152400
0.117915
0.102166
0.108547
0.156812
0.092662
0.146290
0.146765
0.188853
0.316000
0.291358
0.133053
0.125178
0.139298
0.123617
0.125178
0.135904
0.125110
0.153486
0.145136
0.121716
0.103048
0.107053
0.090761
0.189057
0.149277
0.188921
0.442876
0.316951
0.187835
0.381508
0.178603
0.213427
0.167131
0.133189
0.130541
0.129659
0.118458
0.115063
0.114520
0.109090
0.131559
0.117304
0.136311
0.155454
0.144593
0.123142
0.132917
0.118729
0.203992
0.132781
0.145747
0.129794
0.127622
0.120698
0.221845
0.177042
0.154097
0.110855
0.108547
0.104949
0.104066
0.108275
0.092798
0.102301
0.103998
0.099722
0.098568
0.120426
0.222592
0.107121
0.119001
0.121648
0.128097
0.147919
0.272147
0.269635
0.257756
0.210848
0.140588
0.144118
0.129319
0.128233
0.120223
0.120426
0.108547
0.089132
0.091643
0.111194
0.128029
0.096327
0.143846
0.089268
0.089200
0.144118
0.127961
0.086552
0.089878
0.104881
0.117779
0.139977
0.183287
0.198832
0.136040
0.140520
0.097549
0.101555
0.109090
0.118118
0.123888
0.102505
0.118729
0.106510
0.127758
0.106374
0.107257
0.074469
0.126468
0.085127
0.088928
0.059670
0.104474
0.097957
0.088996
0.100536
0.091779
0.130405
0.264341
0.192112
0.167877
0.162582
0.144932
0.131559
0.127826
0.118186
0.110651
0.133935
0.128572
0.106035
0.156201
0.112688
0.100672
0.100672
0.098092
0.105152
0.142557
0.162582
0.336365
0.071957
0.075351
0.134886
0.214649
0.159528
0.145000
0.128369
0.138551
0.117915
0.112484
0.114656
0.108071
0.127486
0.117915
0.114113
0.092119
0.098568
0.112823
0.112755
0.116761
0.111941
0.079085
0.076098
0.094019
0.179214
0.165094
0.142285
0.159460
0.148802
0.138959
0.120834
0.123074
0.123413
0.113774
0.122395
0.119544
0.118661
0.137940
0.099043
0.104881
0.111601
0.131695
0.148598
0.186681
0.167063
0.124635
0.174394
0.142217
0.170117
0.150703
0.153146
0.198221
0.217636
0.144457
0.282737
0.229855
0.127215
0.118458
0.114045
0.120358
0.115471
0.131491
0.116150
0.118254
0.126196
0.081868
0.078813
0.104406
0.259928
0.204399
0.128640
0.116150
0.148530
0.141946
0.115607
0.121309
0.169303
0.152128
0.375942
0.349671
0.139094
0.112280
0.124160
0.122327
0.105424
0.134343
0.118526
0.113095
0.105831
0.089675
0.096871
0.096327
0.103387
0.154300
0.124975
0.146562
0.096327
0.160206
0.191094
0.125314
0.168285
0.139434
0.131016
0.132510
0.118593
0.122802
0.108004
0.116285
0.126875
0.112959
0.152400
0.094359
0.075962
0.067748
0.150363
0.132713
0.069174
0.167945
0.168149
0.111194
0.227955
0.102505
0.150431
0.223610
0.142489
0.129251
0.124092
0.122191
0.107868
0.112348
0.119612
0.108954
0.115471
0.096871
0.096938
0.084719
0.136108
0.243907
0.232367
0.095445
0.062793
0.126943
0.079085
0.066594
0.146426
0.193537
0.200326
0.132374
0.183083
0.144729
0.121648
0.101962
0.105763
0.099382
0.089200
0.090829
0.082954
0.089811
0.085059
0.107732
0.080714
0.336909
0.565881
0.080714
0.085127
0.090761
0.448306
0.345055
0.444301
0.267395
0.184102
0.120562
0.096938
0.098839
0.110176
0.110515
0.108071
0.114249
0.096395
0.094834
0.087299
0.099722
0.118865
0.114588
0.170253
0.217161
0.274896
0.332632
0.117847
0.196796
0.460661
0.424140
0.387618
0.164687
0.166316
0.212545
0.166112
0.152535
0.149616
0.150024
0.127215
0.132713
0.135429
0.124228
0.133053
0.122938
0.143643
0.139434
0.411309
0.334057
0.431471
0.528885
0.130813
0.117439
0.135836
0.462494
0.571176
0.327405
0.145883
0.141878
0.177381
0.137329
0.148327
0.120223
0.133189
0.101283
0.113638
0.097142
0.108411
0.109293
0.138280
0.139434
0.134207
0.126672
0.107868
0.112688
0.134343
0.232774
0.280497
0.335347
0.319870
0.264069
0.201955
0.210576
0.168556
0.096260
0.105560
0.111601
0.124635
0.116082
0.105831
0.106103
0.094970
0.099043
0.107936
0.143643
0.133053
0.077727
0.199579
0.153893
0.184102
0.197067
0.194352
0.152196
0.092662
0.085602
0.150363
0.139570
0.104270
0.177449
0.123617
0.114181
0.124839
0.105763
0.125789
0.113434
0.105899
0.113977
0.098568
0.240377
0.129794
0.133867
0.130948
0.135361
0.124567
0.118797
0.129319
0.146562
0.135293
0.392438
0.440635
0.198018
0.142624
0.142149
0.134003
0.100944
0.115742
0.093884
0.060620
0.062725
0.062657
0.079628
0.053900
0.086349
0.056615
0.054443
0.044057
0.052746
0.036046
0.072975
0.120358
0.097278
0.358699
0.245401
0.279275
0.250424
0.227547
0.195438
0.102233
0.088114
0.086416
0.069310
0.079492
0.073858
0.081121
0.085059
0.077456
0.090422
0.058448
0.053900
0.045550
0.056072
0.045007
0.089132
0.069785
0.107732
0.097549
0.073111
0.107393
0.192587
0.320209
0.089335
0.104406
0.099043
0.109225
0.106510
0.087503
0.095309
0.095717
0.116896
0.083090
0.068970
0.059127
0.057023
0.151314
0.194488
0.162311
0.353744
0.115199
0.104745
0.096260
0.097685
0.163668
0.101622
0.094495
0.093680
0.086077
0.086959
0.094427
0.080918
0.090693
0.087638
0.088996
0.103591
0.095717
0.068291
0.100197
0.092187
0.057158
0.066255
0.053764
0.151721
0.082751
0.134410
0.162311
0.107460
0.071618
0.147376
0.115335
0.097889
0.106374
0.103048
0.094155
0.096871
0.087638
0.085873
0.089946
0.089200
0.084719
0.071821
0.096056
0.070124
0.061028
0.049759
0.062182
0.051320
0.059331
0.079560
0.081732
0.111601
0.152196
0.340506
0.278800
0.143507
0.098907
0.134682
0.084176
0.077863
0.092526
0.084584
0.083701
0.090218
0.086009
0.082954
0.106917
0.099518
0.069853
0.066934
0.060824
0.099586
0.074944
0.070464
0.069853
0.093273
0.112484
0.159120
0.114453
0.098636
0.096124
0.086824
0.093544
0.093001
0.073111
0.084448
0.104677
0.081529
0.093408
0.119001
0.056140
0.073179
0.070667
0.079967
0.114996
0.122463
0.098907
0.099382
0.082208
0.271672
0.337044
0.166927
0.172222
0.113231
0.080782
0.078813
0.080578
0.092322
0.091168
0.083973
0.108411
0.097753
0.082411
0.077591
0.095513
0.061028
0.085873
0.074129
0.096260
0.096192
0.106985
0.364741
0.108139
0.208472
0.213631
0.144321
0.151042
0.176974
0.096871
0.110719
0.103591
0.091643
0.090897
0.085194
0.095581
0.096056
0.094698
0.071821
0.074537
0.086824
0.069988
0.082208
0.110176
0.082411
0.063675
0.074401
0.080443
0.128640
0.193062
0.140045
0.170932
0.128369
0.091711
0.090965
0.091440
0.085398
0.082886
0.088521
0.089878
0.079221
0.075623
0.153214
0.156065
0.093476
0.138008
0.064422
0.073043
0.088724
0.064218
0.152060
0.157423
0.184916
0.222592
0.204059
0.145204
0.108139
0.109836
0.102369
0.107325
0.105424
0.098025
0.094495
0.089675
0.083837
0.083837
0.061096
0.068088
0.093884
0.081936
0.063132
0.061503
0.065101
0.108071
0.080375
0.119951
0.106374
0.099043
0.179893
0.126875
0.097889
0.107393
0.123956
0.191908
0.099857
0.098907
0.100468
0.090014
0.086756
0.080850
0.056412
0.082819
0.114724
0.062521
0.095106
0.108614
0.200597
0.150635
0.125382
0.120630
0.162243
0.139434
0.111941
0.105763
0.111805
0.096803
0.096843
0.094325
0.088453
0.096735
0.084719
0.069921
0.093952
0.172086
0.090150
0.211459
0.187224
0.118729
0.094291
0.084108
0.111466
0.093544
0.129930
0.107393
0.109429
0.334533
0.367321
0.129387
0.094019
0.098568
0.094766
0.097753
0.110447
0.119612
0.118322
0.107053
0.113027
0.114181
0.079832
0.314914
0.225579
0.154436
0.103455
0.100333
0.154436
0.097210
0.102573
0.122599
0.183491
0.116625
0.160817
0.107393
0.103455
0.114249
0.084176
0.082954
0.094630
0.077795
0.099450
0.087231
0.103930
0.113774
0.112144
0.096192
0.074605
0.089132
0.054443
0.100944
0.096871
0.094970
0.085805
0.224696
0.170932
0.126875
0.131016
0.235218
0.230059
0.149005
0.160885
0.148055
0.145000
0.141199
0.140045
0.133935
0.139977
0.139094
0.124635
0.141267
0.108139
0.098160
0.103048
0.148666
0.144118
0.086756
0.106103
0.180164
0.280836
0.378997
0.185459
0.240242
0.157559
0.348177
0.182404
0.110108
0.124160
0.126807
0.117779
0.113366
0.137397
0.149413
0.119680
0.127690
0.160817
0.136040
0.125382
0.126332
0.127690
0.135497
0.161700
0.132917
0.166248
0.237866
0.165909
0.173851
0.190007
0.160478
0.170389
0.143439
0.158102
0.153757
0.149345
0.154979
0.173376
0.165026
0.137397
0.166452
0.210441
0.242618
0.198221
0.171000
0.153689
0.169167
0.189736
0.204874
0.190890
0.194148
0.172969
0.154776
0.165094
0.169574
0.132306
0.121920
0.118729
0.121784
0.103320
0.109022
0.126400
0.101283
0.094562
0.089064
0.087163
0.163057
0.158102
0.160817
0.168828
0.114317
0.160478
0.151042
0.272622
0.172290
0.161360
0.128912
0.138483
0.121648
0.089743
0.094291
0.095852
0.088521
0.095309
0.078406
0.094766
0.122734
0.100468
0.104677
0.141810
0.078270
0.089878
0.139434
0.076234
0.095309
0.099382
0.171136
0.161768
0.110719
0.143303
0.115403
0.119476
0.113706
0.106442
0.107936
0.098771
0.114724
0.106171
0.099246
0.129930
0.122599
0.088589
0.142353
0.155047
0.250221
0.118661
0.090218
0.284570
0.478922
0.344240
0.295805
0.247369
0.226597
0.165366
0.127215
0.120494
0.124364
0.107393
0.105831
0.104881
0.094902
0.107460
0.112484
0.114317
0.118729
0.095513
0.086824
0.133596
0.099586
0.093612
0.128369
0.066594
0.063268
0.051863
0.091304
0.132985
0.425701
0.339285
0.097549
0.307311
0.155862
0.095106
0.090354
0.090557
0.093273
0.087095
0.074944
0.095377
0.096260
0.060620
0.101487
0.088521
0.072093
0.072975
0.099722
0.090897
0.068970
0.065712
0.078678
0.108954
0.167741
0.326454
0.169642
0.117168
0.125042
0.134071
0.103930
0.107868
0.131220
0.114996
0.113095
0.124907
0.127622
0.101283
0.114453
0.083565
0.085534
0.091508
0.094902
0.084651
0.120291
0.097549
0.084991
0.109565
0.136108
0.148259
0.266513
0.152264
0.129659
0.120087
0.105220
0.110583
0.105831
0.099993
0.102301
0.107528
0.108547
0.088792
0.094970
0.099450
0.082615
0.073654
0.085194
0.089675
0.093205
0.085466
0.072025
0.092798
0.112688
0.173240
0.098228
0.115471
0.103659
0.072568
0.089403
0.090965
0.083701
0.087163
0.080782
0.085738
0.098839
0.089878
0.078610
0.120223
0.105085
0.145408
0.128708
0.150295
0.149209
0.091779
0.086959
0.116625
0.118526
0.097346
0.128165
0.134003
0.117915
0.095445
0.104202
0.110244
0.105899
0.115471
0.113774
0.134003
0.126061
0.118865
0.136854
0.099993
0.127350
0.108139
0.089539
0.082479
0.076505
0.070260
0.115267
0.121648
0.158645
0.150703
0.129659
0.120969
0.108275
0.112144
0.110651
0.095173
0.097889
0.086281
0.088589
0.121037
0.109701
0.077184
0.107053
0.099043
0.085534
0.097549
0.074265
0.088996
0.099111
0.076234
0.085670
0.100876
0.124160
0.136379
0.179146
0.310909
0.175141
0.112416
0.118254
0.110108
0.105492
0.122531
0.126332
0.115403
0.137058
0.109497
0.106239
0.138551
0.125721
0.101487
0.099586
0.068223
0.052746
0.095852
0.123481
0.445523
0.185934
0.133256
0.138212
0.139094
0.122463
0.113366
0.118729
0.108750
0.108614
0.135768
0.115403
0.130745
0.135972
0.117643
0.119204
0.106782
0.109701
0.101894
0.083362
0.202498
0.156880
0.098568
0.104134
0.126400
0.120834
0.139570
0.253479
0.181997
0.134003
0.146562
0.116489
0.106510
0.099857
0.115063
0.111534
0.116964
0.113027
0.109022
0.103252
0.150160
0.119204
0.194081
0.151992
0.277646
0.190551
0.297672
0.208947
0.127215
0.137329
0.138348
0.192859
0.114792
0.087978
0.087910
0.080850
0.076913
0.084040
0.083905
0.089607
0.083973
0.101962
0.105628
0.181115
0.132510
0.054715
0.107460
0.082683
0.092254
0.131831
0.074265
0.075962
0.090014
0.119951
0.139977
0.141946
0.112891
0.095784
0.086552
0.088317
0.086077
0.094562
0.078813
0.085194
0.091779
0.084244
0.078338
0.146222
0.146019
0.096192
0.081529
0.079424
0.074740
0.056887
0.067409
0.105288
0.136108
0.201616
0.203313
0.191569
0.307922
0.397665
0.217365
0.109429
0.099314
0.111058
0.108071
0.110651
0.102301
0.173512
0.193809
0.229177
0.111262
0.076845
0.064558
0.079832
0.075623
0.093544
0.062182
0.145136
0.177788
0.117915
0.088860
0.166452
0.119815
0.085805
0.092526
0.065372
0.082140
0.076913
0.075487
0.098839
0.091915
0.104066
0.076913
0.093205
0.079628
0.060756
0.044464
0.059602
0.060213
0.038354
0.079356
0.068767
0.077863
0.130066
0.074740
0.095988
0.144050
0.306361
0.070803
0.086959
0.061774
0.080510
0.070124
0.063336
0.082072
0.086145
0.046908
0.061707
0.072093
0.055258
0.067680
0.056140
0.061231
0.045482
0.101690
0.090557
0.118254
0.116421
0.138687
0.100604
0.137397
0.115267
0.103184
0.090150
0.097482
0.086620
0.086688
0.096192
0.113095
0.114317
0.096938
0.089403
0.079153
0.103320
0.069785
0.154979
0.195438
0.092594
0.076166
0.087774
0.126332
0.233114
0.297943
0.145815
0.181793
0.112280
0.117779
0.130405
0.114113
0.101758
0.093748
0.091100
0.100401
0.081665
0.094766
0.072704
0.074605
0.076437
0.069106
0.093544
0.057701
0.090489
0.055461
0.072297
0.210780
0.197475
0.184237
0.113706
0.125314
0.100944
0.091168
0.092390
0.096056
0.087299
0.088521
0.091440
0.105560
0.104270
0.089539
0.094970
0.087503
0.057023
0.056615
0.059466
0.037065
0.072025
0.062385
0.080035
0.082208
0.177449
0.116353
0.112144
0.086145
0.093205
0.100536
0.071414
0.081936
0.076370
0.067341
0.085194
0.090693
0.097414
0.093884
0.075555
0.114588
0.084923
0.079289
0.065576
0.081325
0.221981
0.362637
0.506687
0.337791
0.097346
0.092865
0.101690
0.107189
0.155454
0.107257
0.088996
0.106103
0.099993
0.087163
0.093884
0.102098
0.112755
0.088046
0.084516
0.107053
0.077116
0.062929
0.063675
0.132578
0.073790
0.449189
0.664381
0.491752
0.327133
0.577354
0.165366
0.397597
0.095241
0.086077
0.078406
0.073654
0.074876
0.070803
0.070260
0.089268
0.080714
0.065169
0.086756
0.072364
0.045279
0.049691
0.134343
0.067137
0.137262
0.072432
0.095106
0.163906
0.163906
0.232707
0.129183
0.138551
0.118390
0.116353
0.096871
0.092458
0.111534
0.100604
0.099246
0.103727
0.155726
0.119069
0.088317
0.091643
0.077863
0.079289
0.129455
0.065372
0.087842
0.076777
0.685425
0.662548
0.634512
0.695540
0.341660
0.118933
0.128912
0.116082
0.110515
0.093137
0.122056
0.109022
0.100129
0.111669
0.141674
0.116421
0.158509
0.114385
0.108750
0.098636
0.187021
0.134410
0.129726
0.125110
0.106306
0.182744
0.151042
0.133664
0.148462
0.166520
0.190958
0.141946
0.131831
0.132306
0.117372
0.135632
0.129387
0.135021
0.137194
0.117779
0.132713
0.117982
0.118661
0.105017
0.154640
0.105831
0.128640
0.086620
0.103727
0.126129
0.106850
0.197746
0.148938
0.151721
0.151110
0.165230
0.122938
0.133935
0.113298
0.097074
0.129659
0.111941
0.121988
0.120494
0.101758
0.099857
0.088114
0.091847
0.082615
0.090489
0.070532
0.091643
0.107257
0.157627
0.095784
0.092254
0.099790
0.103930
0.122463
0.129048
0.121852
0.077524
0.105424
0.127758
0.114453
0.120834
0.128912
0.109022
0.091643
0.127758
0.098568
0.093205
0.143235
0.113842
0.104813
0.174937
0.117643
0.114453
0.172901
0.300387
0.276492
0.159324
0.136786
0.132442
0.121648
0.126264
0.116082
0.103184
0.110447
0.114996
0.118254
0.113231
0.079424
0.089878
0.114317
0.106374
0.060824
0.068970
0.073315
0.088792
0.169846
0.119951
0.151517
0.274863
0.350893
0.317222
0.159799
0.113231
0.093273
0.110176
0.103659
0.093680
0.096395
0.102844
0.104541
0.089403
0.095241
0.081936
0.100401
0.083837
0.099518
0.108818
0.103523
0.085873
0.094630
0.196117
0.129048
0.220487
0.213631
0.186545
0.147105
0.125993
0.115742
0.114656
0.123481
0.122463
0.116693
0.133528
0.147241
0.115946
0.126604
0.116557
0.109972
0.107732
0.105424
0.101962
0.091711
0.093816
0.095513
0.120698
0.480076
0.157219
0.145340
0.139773
0.151110
0.124907
0.130813
0.118797
0.104881
0.102709
0.106850
0.110719
0.153214
0.115878
0.100061
0.083701
0.130269
0.080239
0.086416
0.084719
0.077863
0.114113
0.106239
0.135157
0.204331
0.179146
0.129387
0.160003
0.132374
0.135225
0.130541
0.124296
0.125653
0.119883
0.132102
0.147648
0.130745
0.129998
0.120223
0.106850
0.128640
0.100197
0.128505
0.115335
0.123142
0.176906
0.162922
0.185188
0.145951
0.150703
0.343833
0.162514
0.183558
0.308805
0.311452
0.152875
0.241735
0.154436
0.124567
0.124160
0.129998
0.134207
0.110515
0.188242
0.132645
0.104338
0.087638
0.112755
0.111534
0.136379
0.299165
0.196932
0.121105
0.187564
0.112077
0.179893
0.152671
0.119137
0.099111
0.187496
0.148259
0.107936
0.113366
0.116828
0.099790
0.099586
0.130541
0.119747
0.095988
0.067477
0.083837
0.079221
0.071550
0.092662
0.111941
0.162277
0.102369
0.109361
0.113298
0.126740
0.122123
0.128844
0.132510
0.118050
0.101487
0.126264
0.124635
0.116557
0.120698
0.119137
0.094970
0.107257
0.083633
0.145340
0.105763
0.086959
0.080850
0.086416
0.120426
0.117168
0.121648
0.138416
0.173444
0.178535
0.166316
0.132849
0.125042
0.147308
0.133053
0.121037
0.132170
0.142489
0.123074
0.126264
0.202294
0.148938
0.262100
0.257892
0.078202
0.119883
0.373905
0.092730
0.102369
0.171950
0.179282
0.212138
0.151178
0.166995
0.139502
0.114113
0.115810
0.107121
0.118390
0.107325
0.109429
0.117575
0.120494
0.103659
0.100740
0.112348
0.104406
0.093884
0.194284
0.193402
0.117915
0.104813
0.123888
0.159460
0.239495
0.318173
0.181183
0.220012
0.265087
0.399973
0.281651
0.128980
0.129726
0.113298
0.119204
0.121512
0.119272
0.105152
0.123074
0.152060
0.106782
0.100536
0.107121
0.122599
0.113706
0.105356
0.139434
0.193266
0.146290
0.139434
0.152196
0.179485
0.132713
0.136854
0.130813
0.101419
0.120358
0.109701
0.103116
0.116150
0.116557
0.109090
0.092594
0.093748
0.139841
0.097889
0.096463
0.101894
0.146765
0.125653
0.158645
0.147376
0.168760
0.186477
0.158170
0.189397
0.153350
0.137805
0.127826
0.124567
0.126604
0.125042
0.127215
0.142217
0.124431
0.154844
0.200597
0.204738
0.337112
0.201955
0.208947
0.126468
0.102437
0.157830
0.120766
0.227412
0.176023
0.371054
0.251035
0.186681
0.166180
0.145747
0.140995
0.129183
0.148055
0.156948
0.149209
0.151178
0.179757
0.168556
0.180232
0.222252
0.140248
0.227479
0.180300
0.302899
0.235150
0.168760
0.169506
0.252393
0.199240
0.319462
0.460797
0.331749
0.292173
0.206911
0.242007
0.248388
0.231281
0.247369
0.464666
0.253818
0.227479
0.231417
0.201887
0.165977
0.171747
0.192587
0.206028
0.173240
0.177177
0.244518
0.214649
0.220827
0.216143
0.181793
0.198697
0.203516
0.210305
0.218451
0.227004
0.218587
0.231553
0.231553
0.223474
0.225104
0.214785
0.228769
0.214649
0.292241
0.230127
0.278393
0.262576
0.255583
0.299708
0.295839
0.185799
0.206571
0.202430
0.191705
0.192044
0.208336
0.193741
0.217025
0.198357
0.196592
0.178874
0.174734
0.184713
0.196932
0.278121
0.389179
0.245469
0.209422
0.259928
0.235626
0.223882
0.425226
0.277646
0.167266
0.191026
0.214921
0.251986
0.345937
0.232639
0.217297
0.213088
0.310298
0.208404
0.217908
0.217297
0.330120
0.202973
0.201344
0.202498
0.187156
0.176634
0.171747
0.188310
0.140588
0.170321
0.276560
0.178874
0.194420
0.175073
0.377571
0.400244
0.228430
0.218858
0.240242
0.240581
0.212613
0.219537
0.203856
0.193877
0.185731
0.179350
0.194013
0.201276
0.168556
0.199919
0.274184
0.186817
0.150024
0.236169
0.164212
0.161836
0.147308
0.174462
0.232367
0.222456
0.229584
0.238409
0.246080
0.301066
0.224221
0.192451
0.182133
0.167470
0.165162
0.173919
0.186206
0.192994
0.192316
0.234336
0.179010
0.211730
0.187835
0.205960
0.267124
0.298350
0.324214
0.535605
0.410631
0.396918
0.356934
0.308194
0.237187
0.216618
0.215600
0.231892
0.191772
0.182404
0.204467
0.225579
0.206164
0.220963
0.184577
0.202159
0.162514
0.234268
0.285385
0.354151
0.246351
0.275609
0.363315
0.376010
0.333311
0.246419
0.293734
0.276628
0.265630
0.257416
0.225036
0.227751
0.231553
0.228701
0.227208
0.227344
0.225782
0.381237
0.279343
0.216890
0.341525
0.316611
0.380558
0.343086
0.293734
0.256059
0.306700
0.340235
0.234472
0.215192
0.292445
0.318376
0.305207
0.249542
0.233657
