0.323548
0.322339
0.327823
0.358387
0.318871
0.327581
0.328629
0.351290
0.296935
0.282016
0.290000
0.295726
0.323629
0.273790
0.285645
0.280161
0.285887
0.362581
0.308145
0.325081
0.324355
0.330242
0.347016
0.305242
0.324677
0.317097
0.356855
0.324597
0.316048
0.326855
0.328468
0.355403
0.343629
0.394194
0.382177
0.376048
0.439597
0.448710
0.536935
0.471129
0.507661
0.494758
0.414919
0.334839
0.319516
0.389919
0.334677
0.328548
0.345484
0.339597
0.321371
0.327742
0.272984
0.329435
0.274677
0.305726
0.385645
0.487742
0.537823
0.535887
0.607823
0.557339
0.561210
0.629919
0.639194
0.477419
0.393629
0.366129
0.429032
0.365000
0.330887
0.366129
0.337823
0.342823
0.345081
0.351694
0.340565
0.346048
0.336008
0.363891
0.337177
0.357984
0.431290
0.443065
0.511452
0.600403
0.656895
0.630081
0.682500
0.572258
0.552258
0.397984
0.395645
0.309194
0.291048
0.333065
0.339234
0.337419
0.321129
0.290323
0.407859
0.417312
0.440467
0.471802
0.581260
0.649013
0.578583
0.751911
0.798516
0.841427
0.884419
0.915181
0.827595
0.778249
0.619565
0.536218
0.507734
0.499419
0.479161
0.294008
0.235593
0.269127
0.257144
0.322088
0.360068
0.325716
0.335253
0.356280
0.458737
0.562860
0.451798
0.602274
0.609065
0.599153
0.626944
0.643556
0.579411
0.514548
0.422331
0.361048
0.322419
0.326290
0.315887
0.358710
0.327984
0.334516
0.331452
0.340000
0.324194
0.367984
0.358790
0.329435
0.310081
0.390887
0.548065
0.567258
0.497419
0.479839
0.401129
0.411210
0.367742
0.321935
0.346855
0.328710
0.316532
0.333548
0.320323
0.326613
0.329032
0.362097
0.365161
0.342016
0.339194
0.327500
0.321694
0.334758
0.294113
0.293226
0.304677
0.319798
0.272641
0.277177
0.272056
0.279294
0.307661
0.423629
0.325968
0.318387
0.317581
0.329032
0.353387
0.325282
0.308085
0.320454
0.339259
0.320355
0.307339
0.312742
0.331452
0.375403
0.498710
0.579113
0.542742
0.511774
0.542097
0.613871
0.605323
0.620855
0.604347
0.537101
0.543800
0.340174
0.324732
0.321084
0.342445
0.322274
0.316484
0.319661
0.322653
0.321363
0.326145
0.353589
0.359581
0.359927
0.394355
0.521371
0.530750
0.527351
0.537667
0.632947
0.543691
0.525515
0.551024
0.432770
0.419194
0.370968
0.316935
0.329194
0.314032
0.317661
0.317742
0.332500
0.370645
0.349113
0.321129
0.325726
0.318387
0.356129
0.379274
0.501452
0.576452
0.573387
0.630887
0.624355
0.623065
0.630645
0.635968
0.617500
0.554919
0.411532
0.373387
0.324516
0.347177
0.314194
0.324677
0.318387
0.329194
0.325806
0.348629
0.330403
0.325161
0.361048
0.458629
0.502177
0.499919
0.526452
0.594597
0.598387
0.586855
0.590242
0.593871
0.603065
0.425403
0.330242
0.318548
0.312823
0.366694
0.327097
0.320806
0.349113
0.343952
0.331452
0.327742
0.360000
0.336290
0.327016
0.421129
0.554113
0.569355
0.560645
0.627016
0.627903
0.629435
0.639194
0.558629
0.449274
0.416532
0.381290
0.299758
0.379677
0.318952
0.313065
0.318468
0.329677
0.324274
0.321935
0.357500
0.315484
0.318145
0.349194
0.294839
0.389032
0.464919
0.481210
0.496129
0.460565
0.373548
0.362661
0.401048
0.369758
0.297581
0.300645
0.307097
0.300645
0.311855
0.312823
0.303952
0.378105
0.297984
0.327177
0.320484
0.319758
0.315000
0.307903
0.317661
0.269274
0.270565
0.306048
0.262177
0.269274
0.263629
0.254919
0.264839
0.318226
0.301774
0.301048
0.299919
0.349919
0.305000
0.295565
0.313306
0.348710
0.312984
0.305242
0.313710
0.307339
0.303952
0.341774
0.285726
0.400323
0.423871
0.442016
0.477339
0.472419
0.443306
0.488952
0.505887
0.559194
0.489516
0.370323
0.304677
0.303387
0.309274
0.302258
0.301855
0.342742
0.301129
0.351452
0.300000
0.314597
0.311855
0.318952
0.350403
0.427016
0.549919
0.516290
0.579355
0.598226
0.633548
0.633952
0.555323
0.589919
0.480000
0.375484
0.294032
0.324516
0.307661
0.318952
0.350323
0.309435
0.314516
0.310887
0.331371
0.318468
0.305565
0.323710
0.399677
0.501613
0.510726
0.495000
0.628387
0.564274
0.583306
0.598226
0.555484
0.565000
0.586613
0.449677
0.309839
0.302742
0.294758
0.341532
0.298871
0.333710
0.320323
0.302500
0.311935
0.316048
0.325806
0.342661
0.407661
0.536210
0.575161
0.608952
0.585484
0.581371
0.592742
0.603306
0.641210
0.539194
0.439597
0.352419
0.335484
0.304516
0.297419
0.325081
0.290403
0.301694
0.298468
0.302903
0.304113
0.289194
0.303629
0.365968
0.441290
0.537581
0.510968
0.492097
0.585645
0.596532
0.640565
0.626855
0.559597
0.410323
0.441855
0.310161
0.305323
0.296210
0.332823
0.296129
0.293468
0.301613
0.307661
0.296371
0.340403
0.299032
0.321774
0.297984
0.337581
0.487419
0.568629
0.520484
0.497500
0.462984
0.401290
0.408871
0.380081
0.305806
0.293548
0.295081
0.286532
0.338468
0.286532
0.292258
0.296532
0.328871
0.301129
0.296371
0.308145
0.300081
0.327016
0.287500
0.282339
0.275403
0.250161
0.259839
0.295806
0.283952
0.262016
0.253145
0.263790
0.289758
0.280161
0.295161
0.297177
0.331210
0.334677
0.301774
0.300403
0.292742
0.305887
0.293790
0.293629
0.337016
0.293065
0.327903
0.447903
0.564355
0.514032
0.534435
0.585000
0.590565
0.640403
0.586935
0.586452
0.612742
0.540081
0.310726
0.326613
0.337339
0.311532
0.304597
0.305081
0.311290
0.335806
0.309032
0.305000
0.357258
0.316855
0.332258
0.452419
0.563629
0.501129
0.483145
0.567016
0.615323
0.626694
0.579758
0.555081
0.580403
0.482742
0.324032
0.310000
0.304194
0.309113
0.302823
0.313710
0.341210
0.339355
0.311613
0.301129
0.317661
0.309839
0.327984
0.345323
0.440968
0.475968
0.460968
0.423871
0.478306
0.455323
0.471694
0.453952
0.473468
0.536210
0.314435
0.306855
0.295161
0.349194
0.295403
0.312581
0.340887
0.311613
0.310887
0.297984
0.312742
0.303387
0.338548
0.348145
0.498710
0.521855
0.546048
0.578871
0.598065
0.595645
0.604113
0.590081
0.566371
0.569516
0.354113
0.297419
0.306210
0.305968
0.324758
0.306613
0.303629
0.300403
0.316935
0.304677
0.311935
0.363145
0.367500
0.381371
0.509113
0.520403
0.492177
0.514677
0.604113
0.622177
0.573790
0.511694
0.455000
0.445565
0.368548
0.391935
0.368387
0.351694
0.358306
0.349274
0.364113
0.381774
0.378387
0.372258
0.387661
0.361371
0.352258
0.330806
0.377661
0.362339
0.354435
0.367823
0.392339
0.408790
0.367339
0.368952
0.280242
0.301694
0.297177
0.296935
0.305242
0.330806
0.336290
0.307419
0.295726
0.307500
0.306855
0.295081
0.308790
0.299516
0.326048
0.274435
0.316371
0.271855
0.269355
0.265242
0.331290
0.340806
0.345726
0.271452
0.307500
0.292097
0.335968
0.339032
0.328790
0.307984
0.293306
0.303710
0.339597
0.300565
0.310887
0.303065
0.323145
0.364597
0.343710
0.418468
0.539355
0.533226
0.494274
0.510645
0.500484
0.492177
0.574597
0.512016
0.515161
0.472581
0.337339
0.320645
0.320323
0.304758
0.294919
0.304274
0.316290
0.342097
0.314032
0.313226
0.343306
0.312661
0.319355
0.380323
0.517500
0.521774
0.541774
0.619032
0.631452
0.592742
0.610000
0.596855
0.596210
0.509355
0.391935
0.302339
0.327419
0.303710
0.305726
0.348952
0.315323
0.309597
0.311532
0.303952
0.312177
0.322258
0.361532
0.347984
0.447097
0.511532
0.497500
0.561129
0.587258
0.633790
0.608952
0.634677
0.601855
0.519355
0.402258
0.315565
0.311532
0.306774
0.299032
0.343871
0.320806
0.348952
0.320323
0.322581
0.319919
0.320887
0.324274
0.449919
0.531129
0.500968
0.507823
0.590887
0.652742
0.619919
0.621694
0.628226
0.600242
0.509355
0.411613
0.415484
0.304919
0.348468
0.320161
0.303710
0.314516
0.337581
0.313548
0.317016
0.314919
0.322016
0.333145
0.446129
0.558548
0.497823
0.524113
0.621774
0.620887
0.615081
0.604677
0.596452
0.466452
0.468468
0.305484
0.299194
0.335565
0.303871
0.312016
0.306774
0.310887
0.322339
0.308871
0.383790
0.315161
0.297500
0.309355
0.305806
0.383710
0.454516
0.490726
0.475726
0.462016
0.398468
0.432903
0.394597
0.284516
0.290726
0.306613
0.293468
0.304194
0.324597
0.309919
0.311774
0.348871
0.301452
0.316532
0.312823
0.325806
0.308387
0.294032
0.278952
0.273468
0.262258
0.309839
0.361210
0.295726
0.265887
0.254032
0.255000
0.279435
0.337500
0.306694
0.302661
0.340887
0.295806
0.296855
0.307258
0.302903
0.312097
0.346452
0.302339
0.351452
0.312903
0.316452
0.403145
0.482823
0.483790
0.520000
0.556371
0.634919
0.588306
0.591774
0.567016
0.588387
0.538710
0.294758
0.295484
0.286613
0.294597
0.291210
0.338468
0.309355
0.335968
0.306048
0.295806
0.306613
0.295726
0.333065
0.393145
0.580565
0.537016
0.566613
0.602661
0.622500
0.618548
0.619677
0.628226
0.475565
0.402742
0.317097
0.320806
0.368226
0.313629
0.309597
0.307177
0.315323
0.314516
0.343065
0.320726
0.323710
0.325565
0.383468
0.362177
0.468387
0.481129
0.527984
0.572903
0.603065
0.604516
0.624355
0.567258
0.617500
0.442661
0.319355
0.307661
0.347742
0.317258
0.307823
0.313710
0.315161
0.359274
0.352339
0.310645
0.325081
0.326371
0.329355
0.434758
0.504516
0.540968
0.546855
0.614758
0.592581
0.582581
0.629274
0.554677
0.550645
0.481452
0.414194
0.369194
0.305484
0.351290
0.311613
0.301774
0.320726
0.354032
0.317016
0.317016
0.330081
0.322339
0.337823
0.356613
0.582339
0.600242
0.527258
0.581048
0.601290
0.637742
0.599516
0.602258
0.441855
0.400484
0.343710
0.342742
0.307823
0.330081
0.308548
0.296210
0.307823
0.313387
0.307984
0.306371
0.311532
0.345161
0.340403
0.293468
0.371210
0.471048
0.484839
0.468468
0.465806
0.364355
0.361452
0.351210
0.288468
0.351532
0.282500
0.294839
0.291532
0.290726
0.294758
0.290081
0.296694
0.333548
0.290242
0.336935
0.296371
0.291532
0.301532
0.271935
0.266613
0.265081
0.284677
0.267339
0.261210
0.246290
0.297742
0.255081
0.253226
0.292258
0.324113
0.300403
0.306613
0.291855
0.294435
0.301452
0.343790
0.309758
0.327661
0.321532
0.314194
0.299919
0.327500
0.338306
0.421452
0.410565
0.426613
0.460242
0.403065
0.407581
0.461210
0.498145
0.479032
0.483065
0.317823
0.298790
0.291129
0.334113
0.289355
0.288145
0.337581
0.295565
0.305565
0.307581
0.301371
0.299516
0.298952
0.387500
0.540000
0.503145
0.511452
0.583065
0.583710
0.595565
0.575000
0.588065
0.481371
0.505565
0.356371
0.359919
0.300323
0.295161
0.285242
0.302419
0.297903
0.293226
0.307823
0.330968
0.297339
0.305806
0.347339
0.372419
0.553790
0.551774
0.497661
0.569274
0.559113
0.598065
0.587097
0.601048
0.621855
0.523468
0.467903
0.329355
0.291694
0.298387
0.333387
0.303952
0.291452
0.304355
0.308952
0.332177
0.303145
0.302258
0.340726
0.422177
0.499194
0.526532
0.500000
0.578468
0.577339
0.647419
0.611129
0.599194
0.556210
0.499597
0.363387
0.360565
0.292823
0.297823
0.308548
0.324032
0.301452
0.291290
0.296694
0.299113
0.307258
0.334516
0.300403
0.392339
0.507258
0.491935
0.520968
0.498629
0.533306
0.602097
0.595484
0.589032
0.467419
0.418790
0.306694
0.290968
0.297500
0.328871
0.326855
0.297661
0.288226
0.302742
0.301855
0.291694
0.297339
0.301774
0.297984
0.282984
0.377984
0.491532
0.457097
0.484194
0.446613
0.361774
0.365161
0.375806
0.262581
0.319435
0.294194
0.284758
0.328710
0.293065
0.289677
0.300000
0.312661
0.339113
0.293629
0.288548
0.294677
0.288306
0.259113
0.298226
0.254355
0.249435
0.300484
0.267581
0.265565
0.343952
0.347823
0.330161
0.276129
0.296855
0.297823
0.331210
0.327984
0.290323
0.283629
0.285726
0.301290
0.292581
0.293548
0.295645
0.283306
0.326694
0.288710
0.306290
0.426613
0.413387
0.479194
0.619919
0.562823
0.577177
0.579194
0.563468
0.598145
0.579597
0.334758
0.295484
0.325968
0.284677
0.327258
0.297339
0.301048
0.286694
0.303629
0.298548
0.284839
0.302339
0.317661
0.340968
0.490968
0.473306
0.487016
0.565242
0.600887
0.582258
0.579677
0.557419
0.552984
0.510000
0.368548
0.284355
0.290161
0.287419
0.283387
0.296694
0.294435
0.290484
0.330081
0.294919
0.288710
0.306048
0.336532
0.311774
0.436129
0.578548
0.526532
0.519597
0.533306
0.585968
0.643790
0.605323
0.599839
0.659274
0.408952
0.358548
0.329839
0.330403
0.285242
0.285000
0.324677
0.297339
0.300403
0.295242
0.324113
0.309919
0.308952
0.412742
0.525565
0.541210
0.558387
0.540968
0.553145
0.579758
0.580645
0.646613
0.544597
0.417581
0.300403
0.295968
0.301452
0.294194
0.314677
0.296210
0.296129
0.299516
0.310968
0.326210
0.291855
0.318790
0.274758
0.292500
0.394113
0.498145
0.503710
0.522581
0.468306
0.434113
0.436774
0.374677
0.411452
0.383548
0.326613
0.303065
0.310726
0.308065
0.314355
0.312097
0.352581
0.345323
0.318790
0.308548
0.311210
0.305565
0.283871
0.295806
0.412258
0.455887
0.465565
0.519194
0.524919
0.402984
0.382823
0.380806
0.316452
0.295565
0.293145
0.303468
0.295323
0.295565
0.298306
0.296452
0.373548
0.313226
0.311129
0.310000
0.294597
0.298871
0.272984
0.298145
0.273871
0.266532
0.258065
0.297258
0.263629
0.255887
0.270000
0.266129
0.301774
0.293790
0.289919
0.307500
0.294032
0.300081
0.297742
0.332016
0.349194
0.297661
0.309194
0.300565
0.306613
0.305403
0.289113
0.411210
0.479435
0.468629
0.582177
0.558629
0.565887
0.554919
0.618710
0.553306
0.531290
0.429435
0.313145
0.301935
0.307097
0.337016
0.309677
0.327258
0.313468
0.302500
0.322903
0.305726
0.303548
0.306855
0.306452
0.385081
0.496290
0.526048
0.478387
0.561129
0.592177
0.624597
0.654435
0.628790
0.605887
0.541935
0.391935
0.353790
0.299032
0.297661
0.284194
0.289435
0.298790
0.294516
0.294032
0.323952
0.295242
0.304274
0.329355
0.347177
0.525484
0.507823
0.518387
0.618952
0.602016
0.575161
0.677177
0.582500
0.615484
0.414113
0.308468
0.345565
0.302903
0.300403
0.296129
0.307258
0.345887
0.366210
0.325645
0.310161
0.321048
0.317661
0.307823
0.347177
0.438387
0.520242
0.519032
0.629355
0.618790
0.601129
0.655242
0.581774
0.538145
0.481935
0.301613
0.301371
0.333629
0.313952
0.342661
0.315403
0.319274
0.311210
0.329194
0.320161
0.354839
0.328468
0.305645
0.424839
0.544194
0.547419
0.536613
0.578468
0.649274
0.614597
0.571855
0.587258
0.397016
0.409677
0.307984
0.376774
0.315000
0.303145
0.316694
0.305323
0.315887
0.316532
0.309032
0.348871
0.311935
0.311613
0.279113
0.339355
0.372742
0.465806
0.465403
0.497097
0.460806
0.362903
0.358548
0.364032
0.261935
0.279032
0.326694
0.314194
0.294113
0.289032
0.294516
0.295645
0.297661
0.302742
0.328306
0.302419
0.298065
0.290403
0.302016
0.258871
0.254516
0.255484
0.260161
0.251613
0.287258
0.325806
0.305403
0.260806
0.261613
0.296855
0.314435
0.297016
0.323468
0.285645
0.294274
0.285887
0.291855
0.300403
0.292984
0.288871
0.293871
0.297823
0.390403
0.383629
0.479435
0.537823
0.568306
0.562097
0.601694
0.547581
0.559839
0.785000
0.495000
0.525484
0.306371
0.302097
0.292823
0.282903
0.289194
0.283387
0.288629
0.332661
0.294435
0.292097
0.292419
0.290242
0.325081
0.373952
0.566452
0.542823
0.499194
0.561532
0.591371
0.602177
0.596855
0.580887
0.588306
0.506935
0.290484
0.355323
0.291371
0.303790
0.306371
0.303952
0.332903
0.300726
0.310726
0.307661
0.340403
0.310645
0.282581
0.331855
0.500081
0.494839
0.505806
0.568710
0.598871
0.586129
0.624113
0.607903
0.558790
0.542581
0.378145
0.296694
0.284194
0.283790
0.331210
0.282339
0.291371
0.332500
0.295081
0.301774
0.305161
0.300403
0.289274
0.336613
0.438629
0.565484
0.501129
0.553790
0.641452
0.620403
0.605806
0.664516
0.612339
0.594032
0.405161
0.425081
0.300806
0.304758
0.340484
0.300645
0.310565
0.312823
0.313710
0.306048
0.314919
0.350968
0.331290
0.416290
0.524677
0.564677
0.534032
0.574677
0.633790
0.616935
0.675242
0.604032
0.492016
0.527581
0.402016
0.349435
0.304597
0.341452
0.303871
0.301935
0.322984
0.319274
0.344758
0.312903
0.310484
0.301290
0.320645
0.286371
0.473871
0.541290
0.540323
0.483306
0.434597
0.363387
0.357258
0.362016
0.312097
0.328468
0.300000
0.328871
0.319839
0.320806
0.308226
0.308145
0.322016
0.318387
0.381855
0.316855
0.318629
0.307339
0.282742
0.279758
0.269194
0.273306
0.276774
0.295403
0.312742
0.279919
0.265565
0.278710
0.286048
0.300403
0.315000
0.306532
0.329355
0.309919
0.346210
0.312016
0.313871
0.312581
0.302823
0.320565
0.325242
0.356935
0.361694
0.473468
0.485726
0.477097
0.470000
0.697823
0.618548
0.589435
0.608145
0.557258
0.454032
0.326855
0.298145
0.330806
0.302661
0.306532
0.317581
0.311210
0.309919
0.330887
0.322581
0.368871
0.357419
0.327903
0.409758
0.524032
0.485806
0.507984
0.548306
0.578387
0.615726
0.585403
0.621935
0.561935
0.440242
0.294597
0.308387
0.301935
0.319839
0.292984
0.305000
0.319194
0.340726
0.309274
0.346935
0.325161
0.309032
0.337500
0.426613
0.525484
0.549435
0.524032
0.603387
0.603145
0.595242
0.638952
0.586210
0.610242
0.495000
0.376694
0.344355
0.308790
0.345323
0.309839
0.303065
0.305565
0.328871
0.354839
0.321048
0.319597
0.315081
0.351210
0.400484
0.612742
0.606048
0.542903
0.577339
0.612419
0.584677
0.608387
0.583871
0.492903
0.398952
0.372339
0.294194
0.319677
0.283387
0.291532
0.294516
0.294032
0.302903
0.304919
0.306048
0.331935
0.345726
0.328710
0.438952
0.507581
0.527581
0.517661
0.621210
0.569113
0.480806
0.528710
0.514435
0.365806
0.353871
0.302500
0.283387
0.290323
0.321855
0.293468
0.282823
0.330323
0.284274
0.292661
0.292903
0.311855
0.284839
0.280403
0.291613
0.393629
0.400323
0.411613
0.388952
0.355887
0.351935
0.365484
0.361452
0.275403
0.264435
0.278387
0.315403
0.325484
0.286532
0.291935
0.296290
0.297097
0.303710
0.345726
0.301371
0.302500
0.301532
0.326855
0.263952
0.269274
0.268306
0.271855
0.299677
0.258226
0.253065
0.259758
0.255484
0.265565
0.263065
0.373952
0.312500
0.312339
0.296210
0.286935
0.291452
0.299758
0.297823
0.298065
0.317016
0.335323
0.352984
0.321210
0.399274
0.549677
0.533952
0.521452
0.558387
0.615323
0.621048
0.622500
0.577903
0.520081
0.435726
0.292581
0.300000
0.286935
0.292097
0.314113
0.287339
0.295968
0.296129
0.332984
0.294758
0.299758
0.326855
0.318952
0.414839
0.545161
0.505403
0.542339
0.614355
0.602903
0.665887
0.611935
0.604597
0.559516
0.463629
0.396613
0.356694
0.297339
0.302903
0.306613
0.304032
0.312823
0.347177
0.343871
0.312258
0.314355
0.305968
0.364113
0.352258
0.454677
0.491532
0.547258
0.610565
0.601613
0.631129
0.625000
0.581613
0.538145
0.538710
0.397500
0.367258
0.282016
0.273710
0.268306
0.331694
0.286290
0.309435
0.293790
0.291935
0.283952
0.296452
0.314194
0.320806
0.466532
0.579839
0.489113
0.526290
0.610242
0.580081
0.622984
0.595887
0.562177
0.455726
0.301532
0.257661
0.282339
0.251774
0.262661
0.261048
0.268548
0.271210
0.280000
0.259435
0.290000
0.283387
0.338226
0.313710
0.486210
0.468790
0.558065
0.553548
0.564435
0.558387
0.618306
0.554113
0.440323
0.479355
0.300403
0.287581
0.280403
0.282742
0.288548
0.301452
0.306613
0.304113
0.308468
0.294355
0.339516
0.286290
0.297903
0.373629
0.392097
0.464032
0.471855
0.440403
0.452903
0.408710
0.391613
0.347823
0.245726
0.293468
0.269355
0.289597
0.277258
0.271774
0.277581
0.263710
0.288226
0.285806
0.287581
0.312177
0.282177
0.302016
0.270806
0.245081
0.237500
0.225726
0.240081
0.252339
0.223145
0.220403
0.210242
0.231694
0.226855
0.230484
0.300887
0.262339
0.302016
0.252339
0.263306
0.263871
0.268548
0.269677
0.265242
0.276290
0.293629
0.268629
0.328952
0.347903
0.429435
0.453306
0.469677
0.528952
0.536774
0.582581
0.575484
0.528065
0.531935
0.457581
0.236371
0.258629
0.303871
0.254516
0.252581
0.267984
0.294758
0.257661
0.269597
0.275645
0.299597
0.277339
0.291452
0.363468
0.536452
0.545645
0.524355
0.531774
0.540484
0.541048
0.526290
0.602016
0.457258
0.354839
0.242823
0.236855
0.249194
0.236935
0.236371
0.243468
0.290484
0.258145
0.249758
0.274032
0.270403
0.251210
0.278145
0.345323
0.534194
0.518548
0.467500
0.542661
0.647903
0.616532
0.647016
0.593710
0.576129
0.489194
0.312581
0.292661
0.287661
0.272258
0.299355
0.313387
0.281452
0.325000
0.291613
0.294516
0.308629
0.290323
0.297500
0.424758
0.538065
0.468226
0.490645
0.524194
0.603226
0.604839
0.557016
0.575565
0.563065
0.487419
0.342258
0.261452
0.266694
0.267742
0.319194
0.262097
0.264516
0.259516
0.261210
0.266371
0.257419
0.272661
0.270323
0.381129
0.517097
0.540161
0.548226
0.541452
0.564839
0.594839
0.545887
0.603226
0.431129
0.332097
0.249758
0.253226
0.260403
0.289919
0.278710
0.267419
0.276290
0.301935
0.264758
0.269274
0.269758
0.290968
0.247016
0.246694
0.310968
0.461532
0.458145
0.395726
0.415887
0.315403
0.296129
0.308629
0.187177
0.204677
0.240645
0.234113
0.229677
0.243145
0.236855
0.286371
0.255242
0.277097
0.246048
0.261532
0.258065
0.240242
0.256613
0.221210
0.212177
0.228629
0.272742
0.242500
0.211613
0.207581
0.215726
0.277500
0.209758
0.216371
0.243065
0.281774
0.251613
0.249113
0.274758
0.250081
0.253548
0.236774
0.258790
0.255726
0.249677
0.288306
0.274839
0.360081
0.448468
0.427419
0.367984
0.461532
0.628790
0.660484
0.614919
0.552500
0.454113
0.412742
0.304032
0.244113
0.324032
0.253387
0.234194
0.248548
0.263629
0.249758
0.274919
0.271532
0.255242
0.306371
0.248387
0.342661
0.496048
0.435726
0.419839
0.534677
0.477984
0.484032
0.486048
0.475726
0.508952
0.400565
0.186613
0.197581
0.191048
0.191532
0.187016
0.212581
0.192903
0.185323
0.195000
0.201774
0.220323
0.191129
0.216452
0.242016
0.417984
0.429637
0.439294
0.391058
0.399199
0.463148
0.485324
0.502419
0.481452
0.416048
0.323710
0.260484
0.185242
0.183468
0.198790
0.195887
0.202137
0.225988
0.203962
0.240247
0.188067
0.205484
0.180323
0.249113
0.397500
0.447419
0.407903
0.468306
0.491371
0.527419
0.487500
0.472661
0.410968
0.321452
0.172339
0.198226
0.189758
0.191532
0.188548
0.187823
0.269435
0.198226
0.192661
0.203710
0.193145
0.200000
0.189597
0.281129
0.457339
0.399677
0.385726
0.482661
0.505242
0.491855
0.483952
0.439839
0.260726
0.259597
0.166694
0.222742
0.188710
0.192661
0.183790
0.223306
0.184274
0.192097
0.191855
0.220161
0.185806
0.175968
0.150161
0.171774
0.263629
0.358226
0.396613
0.422339
0.583387
0.482016
0.425403
0.436694
0.316129
0.252016
0.259919
0.257097
0.237742
0.243306
0.227903
0.238629
0.232823
0.259194
0.222500
0.212903
0.196452
0.208065
0.174839
0.184758
0.196774
0.165565
0.176774
0.191129
0.171371
0.210726
0.168065
0.252016
0.210403
0.248145
0.226694
0.244032
0.201452
0.213790
0.202177
0.197823
0.219113
0.206452
0.225000
0.191129
0.211532
0.192984
0.177016
0.276613
0.381694
0.384919
0.364839
0.448145
0.500000
0.508548
0.478226
0.489516
0.432823
0.341774
0.199597
0.215161
0.202177
0.201210
0.190887
0.197339
0.226290
0.206129
0.206371
0.196371
0.233629
0.201290
0.204516
0.252339
0.387419
0.381613
0.391694
0.508952
0.479839
0.511694
0.469355
0.459677
0.450806
0.419032
0.309435
0.264032
0.241452
0.312984
0.203065
0.194839
0.203871
0.207016
0.212823
0.216855
0.198871
0.208306
0.223226
0.299597
0.435645
0.427984
0.392742
0.486855
0.525645
0.478548
0.550484
0.499274
0.503629
0.442177
0.315806
0.269758
0.201774
0.186210
0.188226
0.190161
0.212823
0.189274
0.198468
0.190565
0.177581
0.191774
0.228871
0.257177
0.431048
0.429919
0.390565
0.470726
0.544032
0.562177
0.517500
0.625565
0.695565
0.510565
0.251532
0.211290
0.189597
0.207742
0.194274
0.220161
0.179194
0.187984
0.188226
0.216371
0.184758
0.183871
0.153548
0.222097
0.250806
0.263790
0.286935
0.373871
0.388468
0.407742
0.562661
0.453065
0.416452
0.335968
0.183065
0.185000
0.175161
0.214677
0.175484
0.180081
0.181613
0.194113
0.192419
0.192016
0.183629
0.241290
0.157177
0.173145
0.302177
0.418790
0.422742
0.423871
0.466855
0.354032
0.363952
0.367177
0.158629
0.153226
0.168710
0.219597
0.221855
0.177581
0.184677
0.175968
0.190161
0.184677
0.183145
0.190323
0.175323
0.218548
0.158145
0.232339
0.159032
0.154758
0.145726
0.145645
0.151694
0.142097
0.154839
0.225403
0.205323
0.242258
0.206129
0.336371
0.247661
0.267339
0.220484
0.219758
0.227661
0.254355
0.217581
0.229355
0.216532
0.216855
0.226935
0.332500
0.494839
0.521452
0.488306
0.488629
0.472177
0.644758
0.694274
0.714839
0.640806
0.405403
0.244113
0.275806
0.211855
0.225726
0.202258
0.240806
0.197661
0.192823
0.228468
0.184839
0.182097
0.186452
0.222903
0.292177
0.396452
0.386371
0.430887
0.488548
0.529435
0.512097
0.696048
0.745000
0.667823
0.503629
0.207984
0.214194
0.195565
0.180081
0.188226
0.221855
0.196694
0.198790
0.195726
0.182742
0.223145
0.181532
0.205000
0.271935
0.389597
0.437258
0.497258
0.514839
0.606532
0.567661
0.568790
0.545968
0.525726
0.504274
0.321048
0.227984
0.217177
0.205484
0.220726
0.190403
0.185081
0.205323
0.197258
0.229677
0.187903
0.176129
0.198226
0.255645
0.374516
0.446935
0.511935
0.478065
0.563306
0.530645
0.548306
0.523306
0.549274
0.415323
0.226935
0.218790
0.212903
0.190161
0.182823
0.177339
0.197742
0.184516
0.185645
0.191855
0.177339
0.224516
0.216048
0.361371
0.433710
0.454274
0.514435
0.556290
0.567097
0.634113
0.545161
0.538952
0.333629
0.306452
0.255161
0.228629
0.200806
0.176935
0.186935
0.213871
0.180565
0.188952
0.179194
0.181210
0.181774
0.160323
0.145806
0.198952
0.275161
0.354032
0.449032
0.394919
0.342419
0.295887
0.265323
0.269677
0.152500
0.172419
0.143871
0.178710
0.212258
0.214919
0.182258
0.171210
0.192661
0.190726
0.194516
0.183387
0.180000
0.159435
0.152823
0.175887
0.139919
0.191290
0.139113
0.149516
0.144355
0.278952
0.283065
0.176613
0.156290
0.165161
0.174435
0.177016
0.230726
0.173387
0.183226
0.218710
0.177984
0.186694
0.178226
0.184032
0.201452
0.191613
0.182903
0.281210
0.368468
0.410645
0.519274
0.487339
0.515242
0.721613
0.549355
0.558871
0.470484
0.422177
0.244113
0.241048
0.215161
0.229758
0.202419
0.212339
0.223952
0.224355
0.222500
0.190726
0.175403
0.170968
0.163952
0.242097
0.416532
0.428145
0.504597
0.465323
0.539113
0.498306
0.516452
0.502419
0.449435
0.366935
0.226290
0.178387
0.192177
0.194516
0.188790
0.195565
0.216129
0.187661
0.193710
0.227177
0.197258
0.174677
0.210081
0.272258
0.388065
0.410000
0.386613
0.456290
0.462419
0.483065
0.525806
0.454113
0.459919
0.390887
0.358145
0.310161
0.266774
0.190484
0.190081
0.193871
0.182500
0.194516
0.187903
0.221855
0.230242
0.174919
0.187339
0.310242
0.396774
0.449435
0.466371
0.466935
0.482742
0.557500
0.549839
0.470000
0.468387
0.404194
0.247661
0.217581
0.198145
0.200645
0.205081
0.230323
0.203710
0.204839
0.257823
0.202581
0.198710
0.179758
0.218629
0.375726
0.403790
0.414274
0.439758
0.426613
0.489435
0.560000
0.462500
0.459597
0.288710
0.262581
0.164516
0.183790
0.207419
0.183871
0.186694
0.188468
0.198145
0.235565
0.193952
0.192419
0.221855
0.181290
0.168790
0.191694
0.363306
0.475403
0.431694
0.441452
0.427823
0.354113
0.257177
0.248548
0.219677
0.148387
0.150484
0.180000
0.186613
0.205081
0.188065
0.175565
0.187742
0.240806
0.193387
0.194435
0.183387
0.182097
0.177097
0.181935
0.151452
0.150806
0.147742
0.153145
0.148468
0.169919
0.170403
0.153145
0.193790
0.157500
0.175403
0.186210
0.183145
0.192016
0.179435
0.191774
0.175645
0.272097
0.197984
0.196532
0.185403
0.192258
0.183790
0.352581
0.411532
0.415403
0.433226
0.451774
0.516694
0.468710
0.451935
0.488306
0.447581
0.302419
0.227500
0.208468
0.186290
0.185161
0.183629
0.226855
0.182661
0.191371
0.222339
0.179919
0.194516
0.186694
0.192984
0.257581
0.423145
0.440887
0.437823
0.450887
0.454597
0.469516
0.455887
0.427661
0.580323
0.597016
0.295806
0.244919
0.207742
0.241855
0.230887
0.176210
0.171290
0.178387
0.172581
0.160161
0.153306
0.136129
0.150323
0.211290
0.382016
0.419677
0.368952
0.437500
0.427823
0.489113
0.486048
0.501935
0.460565
0.397097
0.359032
0.252581
0.206371
0.164194
0.149597
0.160726
0.188629
0.162339
0.164194
0.155323
0.155806
0.139355
0.137903
0.263790
0.352661
0.392581
0.351371
0.446452
0.483790
0.468226
0.519597
0.660000
0.621774
0.643790
0.345242
0.325161
0.245726
0.262581
0.239597
0.225968
0.217339
0.204274
0.208065
0.186129
0.205403
0.158790
0.199758
0.274677
0.409516
0.389758
0.500565
0.500323
0.678145
0.610484
0.662177
0.593790
0.559355
0.452177
0.288790
0.218468
0.233468
0.189435
0.183387
0.213387
0.164435
0.165726
0.160565
0.166129
0.174113
0.138710
0.117177
0.155081
0.272661
0.285645
0.315565
0.288629
0.321048
0.304839
0.350968
0.322016
0.135645
0.114758
0.126774
0.133468
0.152419
0.152661
0.149194
0.152097
0.219435
0.162903
0.162661
0.153710
0.152097
0.127823
0.126129
0.113710
0.118790
0.115726
0.113065
0.155806
0.115484
0.159032
0.124919
0.124113
0.124113
0.123065
0.112419
0.147984
0.151532
0.160484
0.188790
0.153952
0.152903
0.157984
0.162258
0.202177
0.158710
0.126694
0.149032
0.203145
0.396371
0.327500
0.489597
0.625323
0.624355
0.645242
0.718790
0.763871
0.510726
0.552419
0.168952
0.144032
0.158468
0.150242
0.162661
0.156290
0.160726
0.165726
0.162661
0.193952
0.157984
0.212016
0.162097
0.245565
0.460806
0.512097
0.472984
0.579597
0.661694
0.684839
0.732339
0.767258
0.677581
0.517419
0.254194
0.218226
0.212742
0.280161
0.192500
0.184839
0.176694
0.189758
0.181452
0.184194
0.158548
0.155806
0.180726
0.238145
0.411290
0.369355
0.560968
0.463548
0.583629
0.553871
0.605000
0.494597
0.451935
0.338710
0.260161
0.168548
0.159194
0.183387
0.159758
0.186694
0.159839
0.161774
0.156290
0.163468
0.145242
0.125968
0.178548
0.241048
0.261371
0.389758
0.490565
0.560242
0.533548
0.598871
0.562258
0.688790
0.585887
0.490645
0.315081
0.206855
0.153226
0.159113
0.193871
0.149839
0.154919
0.187903
0.158468
0.148468
0.148710
0.121694
0.135161
0.279032
0.354194
0.420645
0.521129
0.720887
0.705000
0.634516
0.654516
0.648790
0.574435
0.438710
0.274113
0.242903
0.225081
0.262419
0.209516
0.231290
0.229113
0.196452
0.195726
0.183387
0.171048
0.131371
0.155887
0.166532
0.308871
0.386048
0.449032
0.426613
0.455726
0.382258
0.386613
0.398468
0.315081
0.280323
0.240806
0.220887
0.214839
0.219032
0.192419
0.160887
0.171613
0.177823
0.178226
0.170000
0.199355
0.138468
0.134839
0.168629
0.133387
0.151210
0.167984
0.183226
0.180645
0.195806
0.231371
0.242581
0.280323
0.279113
0.244677
0.226290
0.244194
0.235323
0.218226
0.199677
0.238306
0.204274
0.197177
0.216290
0.189435
0.258548
0.183306
0.376048
0.489677
0.519435
0.517097
0.583952
0.686855
0.707500
0.740887
0.617177
0.550484
0.411532
0.233387
0.211532
0.212903
0.210323
0.201452
0.186371
0.234516
0.192823
0.207661
0.241694
0.187823
0.211613
0.195081
0.243065
0.327339
0.301452
0.467097
0.501774
0.639274
0.640806
0.629113
0.673548
0.648226
0.471532
0.279032
0.256290
0.222903
0.214355
0.201048
0.212500
0.206532
0.176935
0.197419
0.185242
0.175565
0.222339
0.174032
0.252823
0.290403
0.355968
0.365968
0.443145
0.485645
0.556290
0.608871
0.650887
0.597016
0.449435
0.326855
0.257581
0.217258
0.209677
0.169194
0.205000
0.207419
0.189758
0.182016
0.165081
0.181532
0.167177
0.146855
0.237339
0.375242
0.446371
0.349758
0.441855
0.491210
0.486855
0.501290
0.624597
0.635161
0.518387
0.219516
0.246290
0.266855
0.181774
0.148710
0.156210
0.156452
0.182097
0.168145
0.152742
0.163468
0.155242
0.161129
0.256210
0.390968
0.416371
0.365565
0.388145
0.440000
0.487177
0.478629
0.428790
0.281371
0.302500
0.303145
0.163468
0.160161
0.160161
0.184113
0.151532
0.157177
0.153548
0.158548
0.157984
0.147419
0.178226
0.152500
0.169597
0.226935
0.309516
0.325726
0.332823
0.317903
0.275403
0.230645
0.217339
0.147419
0.163145
0.113306
0.133226
0.183226
0.146774
0.151613
0.146774
0.149839
0.156048
0.150887
0.161855
0.160645
0.175161
0.153710
0.113065
0.120000
0.114032
0.112581
0.120242
0.112339
0.112419
0.122097
0.111371
0.156371
0.155806
0.107177
0.143468
0.161855
0.153548
0.147742
0.146855
0.157016
0.152419
0.153065
0.193790
0.182903
0.146532
0.221935
0.222984
0.336210
0.290161
0.371371
0.366290
0.637742
0.612177
0.675968
0.704839
0.548468
0.423065
0.216290
0.266210
0.199516
0.187258
0.172097
0.209919
0.160242
0.171613
0.169839
0.151532
0.193226
0.144597
0.154435
0.263548
0.446048
0.454597
0.458790
0.476371
0.529032
0.582097
0.539758
0.526452
0.517581
0.313710
0.185323
0.139597
0.186613
0.147339
0.160403
0.163871
0.163871
0.195484
0.168952
0.156452
0.192823
0.128387
0.142903
0.208145
0.362661
0.382742
0.356935
0.412339
0.420161
0.475000
0.545081
0.494677
0.479113
0.470968
0.196935
0.139355
0.182177
0.159113
0.150968
0.157177
0.158710
0.165887
0.169113
0.192581
0.155565
0.117258
0.189274
0.205887
0.357581
0.342500
0.513548
0.434113
0.490242
0.535000
0.535161
0.609516
0.586613
0.505806
0.225403
0.144758
0.175403
0.165484
0.175081
0.166371
0.178548
0.179919
0.220081
0.192177
0.170806
0.180645
0.152177
0.218952
0.385081
0.436371
0.381855
0.582823
0.703145
0.680161
0.610645
0.616290
0.438548
0.405806
0.325403
0.254677
0.302097
0.241129
0.207097
0.258629
0.190161
0.203952
0.204597
0.204919
0.176532
0.135887
0.161935
0.164919
0.222258
0.251452
0.247339
0.283387
0.231048
0.209597
0.332016
0.364839
0.248548
0.252016
0.245484
0.230242
0.207016
0.195081
0.195887
0.182419
0.169919
0.230726
0.173952
0.182500
0.156452
0.164597
0.128548
0.137661
0.144435
0.170242
0.147339
0.180565
0.185242
0.185242
0.217984
0.278306
0.254113
0.231290
0.247177
0.209113
0.224355
0.207581
0.201290
0.178387
0.171613
0.187581
0.192177
0.174758
0.143710
0.146210
0.187742
0.190000
0.301048
0.358306
0.333952
0.403790
0.355806
0.246855
0.263226
0.289516
0.253790
0.280161
0.120645
0.135887
0.160484
0.195161
0.200484
0.149435
0.159113
0.151613
0.162339
0.157823
0.143226
0.141129
0.146048
0.183145
0.386694
0.443065
0.324556
0.323851
0.334103
0.314390
0.313445
0.276440
0.217252
0.114150
0.095503
0.088558
0.108876
0.111414
0.146554
0.114930
0.115409
0.105487
0.122017
0.108710
0.105807
0.086936
0.102419
0.165887
0.213710
0.273548
0.293629
0.325806
0.346694
0.384032
0.445484
0.378710
0.262581
0.217823
0.212419
0.099597
0.104355
0.110403
0.143145
0.111935
0.119274
0.171774
0.193105
0.203931
0.204990
0.191608
0.215199
0.279737
0.361038
0.407454
0.419574
0.411077
0.463361
0.467003
0.513864
0.379190
0.420966
0.372741
0.288387
0.216371
0.216371
0.204677
0.217500
0.212419
0.167742
0.160484
0.192016
0.199839
0.148629
0.185565
0.140081
0.334355
0.525000
0.666694
0.725565
0.811532
0.883226
0.925968
0.962016
0.866290
0.468710
0.432661
0.322339
0.228226
0.218548
0.222742
0.208387
0.195161
0.234839
0.177742
0.195000
0.224597
0.178790
0.156935
0.138306
0.178790
0.296774
0.436613
0.484597
0.484032
0.610565
0.575161
0.446452
0.513790
0.236613
0.259194
0.200645
0.201935
0.206694
0.183629
0.243145
0.177500
0.184597
0.165403
0.187177
0.163548
0.176694
0.127097
0.119435
0.148387
0.163226
0.178145
0.231855
0.246210
0.210565
0.243065
0.276290
0.346290
0.284435
0.324919
0.298387
0.390242
0.273952
0.260887
0.208145
0.182581
0.194355
0.196210
0.179032
0.188952
0.153871
0.255887
0.251048
0.323629
0.489355
0.495645
0.483790
0.602016
0.700887
0.740403
0.789435
0.851613
0.648548
0.577581
0.356613
0.298145
0.261290
0.209355
0.216371
0.196532
0.191290
0.189435
0.190403
0.165887
0.149597
0.263226
0.210484
0.245726
0.546694
0.586694
0.601855
0.729839
0.781774
0.745403
0.797177
0.799194
0.637258
0.535000
0.363629
0.255161
0.290000
0.218387
0.212581
0.214919
0.209113
0.228468
0.203387
0.201935
0.173065
0.183871
0.223065
0.281452
0.497823
0.517823
0.617500
0.677823
0.772177
0.800806
0.837097
0.886694
0.685887
0.588306
0.368871
0.276371
0.226290
0.225081
0.214194
0.211290
0.192016
0.215887
0.224677
0.188145
0.168226
0.226855
0.222581
0.312661
0.555403
0.578790
0.618871
0.750645
0.739355
0.769194
0.670242
0.715000
0.676452
0.629194
0.568629
0.275242
0.251290
0.213145
0.254113
0.206855
0.180403
0.190645
0.202984
0.185161
0.165081
0.242339
0.172823
0.305403
0.517339
0.635484
0.631048
0.697177
0.768468
0.888387
0.869516
0.870726
0.566532
0.495726
0.358468
0.296532
0.249355
0.257500
0.234516
0.222661
0.259194
0.217581
0.201774
0.226048
0.210887
0.153710
0.185565
0.169355
0.328226
0.447742
0.459919
0.529919
0.554597
0.451935
0.477097
0.507177
0.370887
0.348548
0.325806
0.266613
0.264516
0.286452
0.257903
0.238629
0.245645
0.219032
0.244355
0.227823
0.220968
0.214839
0.178065
0.198226
0.198710
0.299274
0.249758
0.261452
0.279435
0.346210
0.301210
0.332097
0.308226
0.277177
0.291371
0.271048
0.281774
0.244677
0.255081
0.251210
0.279274
0.252097
0.229274
0.239435
0.221290
0.343226
0.393226
0.450403
0.666532
0.643145
0.737016
0.718548
0.625000
0.651613
0.671613
0.607823
0.633548
0.419516
0.327016
0.201774
0.203790
0.197984
0.223468
0.202661
0.192016
0.185565
0.185323
0.170323
0.167581
0.263065
0.235242
0.417339
0.573145
0.656452
0.683952
0.774597
0.818306
0.837823
0.860000
0.888226
0.673226
0.525081
0.467742
0.277500
0.279677
0.239677
0.229032
0.214919
0.206774
0.247903
0.219113
0.213306
0.191613
0.246935
0.237903
0.233306
0.428065
0.521855
0.489597
0.582419
0.666855
0.745161
0.763952
0.822097
0.742903
0.622258
0.345484
0.246532
0.252419
0.244597
0.200645
0.203952
0.210887
0.187258
0.230484
0.186290
0.170645
0.240887
0.180806
0.386855
0.482823
0.484516
0.506048
0.699032
0.767984
0.823065
0.751048
0.746290
0.651048
0.619758
0.394032
0.330242
0.278468
0.239355
0.252177
0.231290
0.220161
0.200887
0.246290
0.215484
0.175161
0.269435
0.234355
0.406129
0.534194
0.575645
0.591774
0.784516
0.764113
0.804839
0.847903
0.682258
0.471290
0.393468
0.217097
0.261613
0.214435
0.185081
0.184032
0.201613
0.220565
0.166048
0.186290
0.189677
0.142823
0.130565
0.231048
0.234274
0.354839
0.441371
0.465968
0.381613
0.409032
0.389677
0.392016
0.391129
0.248548
0.217903
0.206613
0.182500
0.191210
0.196371
0.196371
0.193790
0.174435
0.175081
0.205403
0.186048
0.154597
0.118065
0.124435
0.146452
0.163952
0.138226
0.184355
0.198629
0.202984
0.187581
0.162177
0.242177
0.188952
0.250726
0.202903
0.215242
0.194032
0.216048
0.169113
0.173387
0.154516
0.185565
0.200806
0.157581
0.156613
0.116935
0.144435
0.277823
0.498790
0.538871
0.539919
0.617903
0.669194
0.750645
0.685484
0.689355
0.647903
0.570484
0.316613
0.239355
0.227742
0.193226
0.251694
0.183306
0.174113
0.230403
0.175081
0.170565
0.162903
0.207339
0.211532
0.257339
0.550403
0.570645
0.591855
0.648387
0.648790
0.679919
0.755645
0.718629
0.703629
0.498065
0.263871
0.260806
0.211129
0.237742
0.211210
0.202339
0.175887
0.157581
0.188065
0.162823
0.152339
0.187903
0.199597
0.252177
0.431048
0.531613
0.514516
0.622419
0.644435
0.735000
0.716694
0.794435
0.651129
0.524113
0.447016
0.322097
0.230242
0.235323
0.223065
0.209113
0.227419
0.249274
0.227258
0.194274
0.255161
0.290403
0.266371
0.268790
0.457258
0.544919
0.622177
0.614032
0.697984
0.605968
0.661774
0.676048
0.605565
0.510161
0.347581
0.263306
0.208065
0.180081
0.193065
0.206694
0.184597
0.155726
0.168226
0.168145
0.153629
0.171129
0.150726
0.280323
0.542339
0.525323
0.680323
0.544516
0.544516
0.568145
0.552903
0.545323
0.410161
0.356210
0.225806
0.232016
0.177177
0.206210
0.170081
0.178871
0.175726
0.244194
0.155081
0.162903
0.146048
0.130000
0.128145
0.169677
0.239597
0.350081
0.359839
0.387500
0.414677
0.356210
0.330242
0.333790
0.266129
0.249194
0.227823
0.193468
0.205645
0.244516
0.171048
0.168177
0.173782
0.178524
0.170726
0.166395
0.161024
0.150315
0.135548
0.145903
0.136798
0.148895
0.152645
0.162927
0.154379
0.173637
0.172629
0.200161
0.192476
0.201258
0.187645
0.205677
0.194677
0.189468
0.181677
0.178306
0.171048
0.202258
0.154355
0.181290
0.146935
0.155403
0.145000
0.271694
0.480403
0.409274
0.408387
0.557258
0.615161
0.621290
0.744758
0.701048
0.658790
0.505806
0.294032
0.262258
0.214032
0.228952
0.241774
0.204758
0.192823
0.194919
0.166935
0.172258
0.171371
0.131452
0.213387
0.280000
0.424274
0.458065
0.520000
0.624435
0.728387
0.650242
0.689355
0.688226
0.633145
0.445726
0.267984
0.218548
0.210968
0.270000
0.185484
0.183629
0.183226
0.182339
0.185000
0.177177
0.180081
0.220968
0.176855
0.235806
0.503710
0.608306
0.593871
0.639516
0.601774
0.662016
0.767903
0.765000
0.727419
0.620000
0.406694
0.341452
0.314758
0.218548
0.259355
0.213226
0.213468
0.190081
0.209919
0.183306
0.219597
0.233952
0.196129
0.352339
0.534839
0.555161
0.611129
0.776532
0.725323
0.846935
0.760726
0.712097
0.670968
0.613548
0.347903
0.182984
0.209758
0.206774
0.145968
0.152177
0.161048
0.159113
0.157500
0.154032
0.152903
0.165484
0.181048
0.283952
0.534274
0.579274
0.655968
0.688065
0.693790
0.665403
0.849435
0.777016
0.438306
0.361048
0.196935
0.189274
0.241371
0.205726
0.200484
0.199032
0.179113
0.186774
0.181774
0.174355
0.154516
0.133226
0.126774
0.156129
0.238468
0.382661
0.385403
0.423952
0.387661
0.351129
0.359435
0.371774
0.259355
0.263226
0.302419
0.222742
0.210242
0.206048
0.190403
0.184032
0.185242
0.186371
0.184597
0.155161
0.177984
0.210806
0.131774
0.148065
0.140968
0.177097
0.215806
0.207258
0.224435
0.247581
0.285323
0.258871
0.282903
0.295000
0.283710
0.202984
0.248468
0.208468
0.202339
0.207984
0.223387
0.189516
0.189274
0.173065
0.190565
0.259032
0.260403
0.292500
0.414919
0.479758
0.542177
0.603710
0.650081
0.702177
0.776371
0.784113
0.615645
0.531935
0.425323
0.283548
0.281855
0.265161
0.233871
0.211371
0.221290
0.221371
0.216855
0.204113
0.217984
0.274919
0.256935
0.236613
0.375968
0.430484
0.410484
0.466290
0.492903
0.508790
0.530403
0.508306
0.484597
0.334355
0.332823
0.319516
0.249355
0.251129
0.221613
0.219194
0.222016
0.195242
0.210565
0.210565
0.217177
0.296371
0.288790
0.395806
0.658387
0.687742
0.771452
0.799677
0.856613
0.850161
0.929194
0.908710
0.783629
0.667742
0.598871
0.362742
0.324516
0.246290
0.266694
0.219113
0.263871
0.230323
0.229758
0.221774
0.250242
0.341048
0.328306
0.344919
0.533145
0.650565
0.785242
0.875161
0.985484
1.000000
0.971694
0.984355
0.818710
0.717903
0.455403
0.335645
0.294677
0.302581
0.262903
0.246774
0.229516
0.227177
0.226210
0.223306
0.257581
0.341774
0.276452
0.450565
0.583629
0.711129
0.727016
0.731855
0.783065
0.802661
0.822339
0.736290
0.544919
0.495081
0.347016
0.262903
0.290161
0.229677
0.211694
0.208790
0.211048
0.181694
0.216129
0.212903
0.196048
0.157016
0.149435
0.286452
0.412742
0.387823
0.470726
0.486452
0.477419
0.518306
0.468065
0.525323
0.406371
0.340645
0.366048
0.292419
0.247258
0.277661
0.216290
0.210565
0.224758
0.189113
0.231452
0.181532
0.195000
0.122419
0.206371
0.163629
0.168629
0.212500
0.250887
0.261855
0.323629
0.310887
0.349677
0.320645
0.436371
0.352339
0.358952
0.319274
0.305887
0.275081
0.292823
0.228952
0.303145
0.234839
0.214839
0.212419
0.208065
0.216290
0.264194
0.344274
0.508548
0.592339
0.592903
0.655161
0.741935
0.694839
0.660161
0.689435
0.675242
0.587016
0.335484
0.325645
0.267661
0.254113
0.238065
0.215806
0.195000
0.214435
0.220161
0.190565
0.219032
0.173145
0.242097
0.267661
0.403387
0.391532
0.420484
0.531048
0.536371
0.648065
0.692016
0.649274
0.659435
0.563871
0.412581
0.314597
0.311774
0.281613
0.276129
0.239758
0.266613
0.241935
0.256452
0.202339
0.220403
0.180323
0.237258
0.417016
0.561935
0.650565
0.675887
0.801774
0.828145
0.884919
0.866210
0.743871
0.687581
0.522016
0.352581
0.268145
0.246452
0.228387
0.236774
0.190645
0.221048
0.209274
0.198468
0.202661
0.215081
0.175726
0.197903
0.292097
0.489113
0.533710
0.548952
0.600242
0.675645
0.726371
0.687177
0.720726
0.698952
0.514274
0.382742
0.264919
0.223548
0.236290
0.213871
0.260242
0.177500
0.204113
0.177903
0.176371
0.159839
0.190565
0.191048
0.330403
0.476774
0.556129
0.608468
0.656694
0.733468
0.729597
0.833065
0.648871
0.622984
0.561210
0.442984
0.299355
0.305484
0.233145
0.228629
0.215081
0.200323
0.225484
0.177742
0.221694
0.187177
0.199355
0.154758
0.207581
0.351048
0.456935
0.481210
0.519677
0.563629
0.495403
0.520000
0.559919
0.472823
0.392581
0.431452
0.304919
0.327258
0.304435
0.262742
0.246452
0.222661
0.294032
0.214919
0.206774
0.240484
0.170565
0.153710
0.168790
0.221048
0.229839
0.266129
0.286210
0.263790
0.321855
0.345968
0.350000
0.364516
0.432742
0.373306
0.344032
0.308226
0.242419
0.251290
0.239758
0.232419
0.230565
0.218468
0.227742
0.193629
0.193548
0.286371
0.368065
0.519516
0.606290
0.658790
0.747177
0.847581
0.860806
0.805565
0.773790
0.752339
0.700000
0.429758
0.364677
0.291452
0.289758
0.264758
0.278468
0.243871
0.251694
0.264113
0.239113
0.258629
0.193145
0.297016
0.343468
0.576290
0.703145
0.751210
0.774274
0.821774
0.905887
0.860403
0.875000
0.931613
0.690323
0.472258
0.407339
0.293548
0.302823
0.271210
0.266855
0.255242
0.257177
0.235484
0.262984
0.241452
0.192339
0.282903
0.358065
0.555081
0.590887
0.683226
0.817016
0.825403
0.865645
0.888306
0.882581
0.802419
0.757581
0.605726
0.352823
0.311371
0.298790
0.284677
0.273387
0.282742
0.273871
0.270000
0.289677
0.224113
0.237500
0.304113
0.393952
0.620403
0.542258
0.653710
0.763871
0.812581
0.861935
0.912823
0.849355
0.878145
0.666855
0.522339
0.381048
0.282419
0.285403
0.287742
0.260565
0.238145
0.249113
0.221694
0.215968
0.212661
0.189677
0.311532
0.412742
0.540645
0.706371
0.646694
0.589677
0.613952
0.584274
0.636371
0.596452
0.497419
0.446129
0.295565
0.275000
0.274435
0.260403
0.229274
0.220565
0.204677
0.269597
0.253306
0.175403
0.214516
0.184758
0.175403
0.199839
0.291774
0.442419
0.457984
0.507419
0.539516
0.505806
0.511048
0.512742
0.376935
0.391129
0.321210
0.296129
0.280242
0.266290
0.269839
0.225081
0.229194
0.198065
0.239274
0.202016
0.202097
0.174677
0.187581
0.203145
0.190081
0.208306
0.228952
0.250565
0.257339
0.264516
0.263710
0.288790
0.286774
0.268468
0.272661
0.313145
0.310565
0.227339
0.264113
0.247500
0.193871
0.190161
0.212339
0.179355
0.163468
0.190726
0.232661
0.279597
0.412903
0.498629
0.513387
0.517016
0.513629
0.541532
0.563629
0.609194
0.547016
0.562419
0.396371
0.270484
0.223871
0.252742
0.199839
0.222177
0.199919
0.247258
0.215323
0.192661
0.164919
0.178387
0.234516
0.340323
0.514516
0.508548
0.573387
0.690806
0.742258
0.780806
0.869677
0.814677
0.758952
0.574597
0.363306
0.281532
0.227661
0.246774
0.287258
0.193548
0.241774
0.201935
0.256210
0.214677
0.203306
0.245161
0.284113
0.341613
0.471452
0.499919
0.557016
0.603065
0.614597
0.722258
0.764919
0.775000
0.719032
0.720484
0.406694
0.287016
0.248468
0.247500
0.200000
0.187984
0.207661
0.195000
0.172903
0.183871
0.204597
0.152016
0.187984
0.347661
0.558790
0.611532
0.676452
0.737419
0.827419
0.765323
0.790806
0.932742
0.867258
0.746613
0.517984
0.358952
0.273952
0.275323
0.237419
0.232419
0.235726
0.214032
0.257339
0.218226
0.200484
0.177984
0.289758
0.455323
0.597177
0.653952
0.707500
0.801290
0.816532
0.874435
0.820887
0.848468
0.587097
0.604839
0.397500
0.262661
0.321613
0.254435
0.211048
0.219194
0.213387
0.216935
0.174758
0.207903
0.180403
0.127903
0.194919
0.159919
0.325726
0.408226
0.481048
0.489597
0.565565
0.464355
0.444597
0.499758
0.325000
0.311774
0.325484
0.276210
0.248468
0.243629
0.226452
0.225000
0.192177
0.192581
0.229919
0.185887
0.173145
0.164839
0.161210
0.156290
0.142903
0.227339
0.288306
0.251371
0.272016
0.295968
0.319113
0.281532
0.314355
0.277742
0.358710
0.238871
0.240726
0.233952
0.235887
0.194032
0.207984
0.196210
0.199758
0.229677
0.179355
0.162097
0.207581
0.300081
0.426290
0.453710
0.515161
0.607581
0.615161
0.735081
0.727742
0.706048
0.663468
0.709839
0.526694
0.345806
0.313468
0.253790
0.226613
0.225000
0.228548
0.220565
0.193306
0.220323
0.210403
0.161532
0.180161
0.321290
0.562016
0.733548
0.640161
0.740081
0.767581
0.799516
0.917984
0.822258
0.783065
0.578548
0.342661
0.314758
0.245565
0.281532
0.239194
0.214677
0.257742
0.218306
0.200000
0.199677
0.189839
0.156452
0.181613
0.327581
0.564274
0.523145
0.586532
0.703710
0.764355
0.869194
0.823468
0.876210
0.767097
0.646129
0.477742
0.325161
0.256129
0.261532
0.253871
0.217742
0.217661
0.209919
0.227661
0.231129
0.242823
0.218065
0.225403
0.349677
0.411129
0.458226
0.495081
0.565806
0.611532
0.609274
0.747661
0.684355
0.666694
0.552419
0.294919
0.243226
0.218548
0.200565
0.217016
0.188065
0.171532
0.193306
0.177258
0.164113
0.161290
0.174355
0.150000
0.252903
0.422742
0.505968
0.588871
0.587177
0.656452
0.708871
0.721290
0.651210
0.465726
0.434032
0.378790
0.233226
0.251371
0.195242
0.240000
0.183790
0.220968
0.171371
0.161694
0.153468
0.142419
0.138790
0.106129
0.159516
0.315887
0.430806
0.431129
0.428145
0.371452
0.275968
0.269677
0.310323
0.182823
0.169435
0.170484
0.142984
0.169113
0.173065
0.154919
0.165645
0.157742
0.159919
0.157903
0.148629
0.149032
0.141048
0.113065
0.123145
0.164516
0.168306
0.113710
0.162661
0.188387
0.273306
0.403952
0.316452
0.301290
0.224274
0.167097
0.192177
0.167177
0.164032
0.207903
0.154677
0.197500
0.160645
0.170887
0.155645
0.147419
0.135887
0.112097
0.365242
0.429677
0.541613
0.562581
0.612097
0.644032
0.786855
0.726371
0.752661
0.639516
0.634355
0.393790
0.288226
0.289839
0.220887
0.216855
0.183387
0.212903
0.182742
0.175081
0.178468
0.196613
0.194597
0.161774
0.270000
0.512500
0.547903
0.677742
0.678306
0.783952
0.744194
0.798145
0.809597
0.745726
0.669194
0.372339
0.292500
0.313952
0.256048
0.223871
0.234597
0.227097
0.228145
0.179516
0.221048
0.183871
0.157016
0.183952
0.246613
0.551129
0.506129
0.541290
0.514032
0.484597
0.524194
0.602661
0.587177
0.643629
0.595806
0.323065
0.265242
0.205968
0.212984
0.227984
0.208226
0.205887
0.215081
0.206855
0.243226
0.155081
0.163710
0.180645
0.351452
0.518871
0.597742
0.606210
0.675806
0.753790
0.773387
0.790565
0.802823
0.711452
0.610887
0.506371
0.312016
0.259839
0.237823
0.229919
0.230645
0.200081
0.224516
0.195645
0.236694
0.194435
0.180323
0.204355
0.348710
0.488952
0.570081
0.597500
0.595565
0.628145
0.670161
0.680887
0.605323
0.544435
0.479113
0.317742
0.261532
0.234677
0.214435
0.207177
0.198468
0.219919
0.221452
0.191532
0.164194
0.149919
0.154274
0.167258
0.177097
0.305242
0.371774
0.450726
0.415161
0.459516
0.395887
0.377016
0.467258
0.285403
0.352097
0.245403
0.276694
0.238952
0.228226
0.209032
0.201613
0.190968
0.206129
0.177016
0.199516
0.169113
0.173226
0.149677
0.132903
0.202419
0.163871
0.198629
0.201694
0.187984
0.241774
0.221694
0.257177
0.242742
0.254839
0.212097
0.232419
0.225968
0.255403
0.225565
0.192581
0.195323
0.194194
0.247177
0.199919
0.166048
0.192097
0.208710
0.288548
0.464194
0.483387
0.608629
0.641855
0.642419
0.688871
0.772984
0.669758
0.741129
0.540323
0.413548
0.357823
0.255161
0.241371
0.256452
0.208710
0.203871
0.210968
0.205242
0.205242
0.234516
0.200242
0.171452
0.320161
0.468145
0.550806
0.512258
0.552823
0.552903
0.666694
0.658226
0.632258
0.602903
0.485323
0.295323
0.221129
0.252742
0.205403
0.184113
0.230323
0.168226
0.187258
0.183710
0.190806
0.151694
0.271129
0.208629
0.240484
0.470403
0.523952
0.530887
0.588790
0.621774
0.734274
0.669677
0.602984
0.629919
0.545968
0.292903
0.266371
0.228387
0.211774
0.228145
0.214919
0.191532
0.199597
0.188468
0.192339
0.180565
0.309355
0.198065
0.325645
0.517339
0.503871
0.501371
0.554113
0.615323
0.722419
0.767339
0.709919
0.681210
0.576048
0.324919
0.251371
0.219194
0.233145
0.186371
0.175887
0.230242
0.155887
0.172581
0.153710
0.186613
0.208226
0.206532
0.265081
0.505484
0.518306
0.638145
0.676452
0.639113
0.764032
0.791855
0.766290
0.495161
0.411290
0.273629
0.267581
0.265403
0.218790
0.252500
0.190000
0.205403
0.191532
0.186774
0.185484
0.188790
0.146532
0.159597
0.195242
0.250726
0.376694
0.400000
0.459839
0.504677
0.426694
0.423871
0.469839
0.322823
0.324758
0.281694
0.245645
0.278145
0.243952
0.224677
0.261290
0.221210
0.194194
0.232500
0.220242
0.184113
0.214839
0.169516
0.164839
0.189919
0.234919
0.219839
0.268952
0.251774
0.324355
0.299597
0.311452
0.365403
0.361935
0.329435
0.298790
0.316855
0.257419
0.238065
0.273871
0.234677
0.232419
0.224758
0.227339
0.261855
0.385242
0.300403
0.393952
0.518790
0.595161
0.636935
0.496290
0.577419
0.487177
0.557661
0.476694
0.365484
0.344677
0.169435
0.169435
0.209113
0.158871
0.163226
0.158952
0.165806
0.203871
0.167903
0.165000
0.156452
0.203145
0.194839
0.258065
0.481129
0.516210
0.569032
0.634113
0.563629
0.603548
0.628226
0.726210
0.810968
0.634194
0.409839
0.232258
0.221694
0.261371
0.209758
0.224839
0.187581
0.183065
0.177903
0.158548
0.183306
0.169919
0.162258
0.311210
0.445000
0.552339
0.548145
0.499839
0.540403
0.651048
0.652742
0.640081
0.642742
0.747500
0.421613
0.309032
0.253226
0.208226
0.201935
0.202984
0.180242
0.251935
0.187742
0.168710
0.175081
0.209677
0.189597
0.253710
0.425403
0.556774
0.510484
0.525565
0.506210
0.534839
0.626210
0.590726
0.590726
0.319677
0.227903
0.195484
0.211371
0.183790
0.182661
0.186210
0.193710
0.180081
0.173468
0.169919
0.224435
0.224113
0.189516
0.277419
0.381774
0.546613
0.605484
0.574597
0.626935
0.691935
0.689032
0.566774
0.424839
0.410161
0.259032
0.276048
0.230565
0.211371
0.192419
0.237903
0.212984
0.222742
0.192177
0.190323
0.184113
0.202581
0.169435
0.175000
0.287661
0.289919
0.326935
0.371371
0.296452
0.292258
0.290887
0.296694
0.218306
0.180565
0.174355
0.177177
0.186774
0.159839
0.203790
0.178548
0.169758
0.171210
0.202500
0.171452
0.160000
0.200323
0.131371
0.154435
0.154435
0.150887
0.160323
0.219758
0.194839
0.199919
0.219274
0.217742
0.210242
0.244032
0.208952
0.218226
0.195484
0.209032
0.187742
0.252823
0.209839
0.179274
0.190161
0.173226
0.154919
0.259355
0.154435
0.313548
0.528306
0.500887
0.605968
0.459435
0.513710
0.552742
0.690403
0.699516
0.485645
0.452016
0.243710
0.213952
0.250484
0.178226
0.191532
0.156694
0.193387
0.172661
0.175565
0.174597
0.159194
0.198387
0.163710
0.374677
0.432823
0.491210
0.548306
0.534597
0.577903
0.662500
0.633387
0.742339
0.668790
0.602419
0.499839
0.376129
0.237661
0.232903
0.230968
0.197903
0.200000
0.192823
0.191935
0.222339
0.178468
0.225968
0.191048
0.256452
0.461935
0.525806
0.599597
0.581048
0.651855
0.659597
0.816129
0.744516
0.677823
0.587903
0.371694
0.367903
0.232903
0.212984
0.178710
0.186613
0.185887
0.210968
0.224516
0.189919
0.167097
0.240726
0.175242
0.322177
0.449113
0.480242
0.490242
0.463306
0.540081
0.571290
0.645726
0.625968
0.555323
0.506613
0.300403
0.199839
0.186532
0.180565
0.194597
0.156774
0.182339
0.163065
0.161532
0.169113
0.168468
0.207258
0.206774
0.231532
0.443306
0.522984
0.581532
0.512097
0.547823
0.606855
0.680968
0.507177
0.393145
0.351532
0.253710
0.271694
0.195645
0.200161
0.193226
0.192097
0.188226
0.223468
0.192097
0.181532
0.152097
0.187258
0.156532
0.199839
0.232823
0.277661
0.289194
0.293548
0.307097
0.333710
0.302661
0.374274
0.303952
0.249597
0.263710
0.249032
0.256935
0.199677
0.193468
0.182661
0.186129
0.181613
0.181048
0.184758
0.172581
0.159194
0.202258
0.151048
0.154355
0.150726
0.180000
0.249516
0.199113
0.226210
0.291613
0.277581
0.252177
0.278387
0.284113
0.302742
0.242661
0.219758
0.200645
0.211129
0.208710
0.190081
0.215887
0.193710
0.223145
0.316129
0.284516
0.205806
0.363790
0.292339
0.325242
0.365968
0.333145
0.374677
0.384839
0.338629
0.384839
0.332097
0.207661
0.206129
0.178710
0.171452
0.161290
0.153548
0.163548
0.204919
0.162581
0.200645
0.162661
0.187258
0.164597
0.269597
0.414355
0.480968
0.473065
0.523871
0.623468
0.647500
0.710000
0.609516
0.487661
0.288226
0.214516
0.179274
0.205887
0.163226
0.165726
0.152661
0.167742
0.161210
0.167177
0.164113
0.156855
0.201371
0.142903
0.258145
0.427016
0.470565
0.500645
0.571290
0.545242
0.636210
0.633306
0.613790
0.630806
0.504274
0.400645
0.344435
0.217661
0.257339
0.185242
0.191774
0.183629
0.201774
0.193790
0.162258
0.161048
0.165323
0.135242
0.317258
0.365806
0.422419
0.479194
0.570161
0.649516
0.648145
0.660081
0.604355
0.553226
0.472500
0.297339
0.159274
0.162742
0.161855
0.171452
0.164758
0.177500
0.214274
0.164032
0.175323
0.160645
0.244677
0.165726
0.257097
0.508387
0.573710
0.651290
0.664516
0.741694
0.789677
0.725161
0.776048
0.588226
0.456613
0.257016
0.225887
0.215806
0.242661
0.194435
0.196290
0.190806
0.186210
0.187339
0.189435
0.154113
0.164677
0.134194
0.210242
0.292984
0.370242
0.425403
0.416452
0.454113
0.346935
0.403226
0.442419
0.307339
0.253387
0.282661
0.257581
0.219597
0.223548
0.214435
0.218387
0.211290
0.243387
0.221855
0.221048
0.204758
0.221935
0.164677
0.169194
0.160887
0.176532
0.196129
0.190000
0.209758
0.232742
0.253226
0.241290
0.315968
0.233145
0.227903
0.254597
0.277258
0.218548
0.217177
0.205242
0.204516
0.224435
0.216129
0.200081
0.237903
0.286935
0.203145
0.241452
0.385726
0.433145
0.518226
0.545403
0.638226
0.751210
0.850645
0.821855
0.664032
0.676774
0.377016
0.252258
0.242742
0.205161
0.195323
0.177823
0.193710
0.192258
0.195000
0.175000
0.210242
0.288790
0.177419
0.253468
0.504677
0.545806
0.656613
0.758387
0.720161
0.779758
0.862500
0.786694
0.631774
0.677500
0.442258
0.360081
0.299355
0.287823
0.293468
0.258387
0.290645
0.267419
0.266694
0.283306
0.248145
0.263710
0.258710
0.336129
0.607984
0.573065
0.664274
0.749032
0.733226
0.822016
0.836935
0.823468
0.716129
0.556290
0.328871
0.306855
0.251210
0.259194
0.231371
0.217661
0.226129
0.197903
0.218710
0.214677
0.192984
0.345645
0.243468
0.270000
0.497097
0.602339
0.576774
0.738226
0.689516
0.743226
0.823548
0.760403
0.767984
0.604839
0.459194
0.310000
0.239839
0.284274
0.227984
0.214919
0.195242
0.211774
0.220161
0.185403
0.187984
0.322339
0.214435
0.473145
0.516694
0.540323
0.583468
0.673871
0.908065
0.760000
0.698548
0.690968
0.507016
0.450484
0.295403
0.305323
0.232903
0.230242
0.225000
0.228710
0.216935
0.229516
0.212177
0.233790
0.218306
0.194839
0.199032
0.228226
0.266210
0.467742
0.414919
0.419758
0.365403
0.365968
0.325242
0.308790
0.187258
0.185887
0.184032
0.186774
0.162097
0.201613
0.160081
0.196855
0.161532
0.155565
0.167984
0.159919
0.152581
0.158065
0.138387
0.129839
0.125968
0.129113
0.122581
0.120403
0.195565
0.154113
0.254839
0.193065
0.185000
0.177097
0.194113
0.219113
0.192177
0.152581
0.152823
0.151532
0.147097
0.196855
0.155403
0.148387
0.149839
0.201129
0.232500
0.303548
0.441048
0.454355
0.468629
0.461371
0.564758
0.558145
0.546048
0.549032
0.408871
0.383710
0.319113
0.205242
0.203306
0.179194
0.161371
0.150081
0.151210
0.158952
0.156129
0.159839
0.178226
0.198468
0.179758
0.262177
0.446613
0.542177
0.497258
0.576935
0.608387
0.680000
0.769677
0.694919
0.617661
0.598790
0.380887
0.254516
0.209919
0.189355
0.203306
0.234597
0.186048
0.184597
0.181613
0.229274
0.167742
0.250726
0.166371
0.291855
0.444919
0.530323
0.555565
0.598387
0.753226
0.809677
0.735887
0.788468
0.604435
0.486855
0.286129
0.263387
0.233871
0.192500
0.174032
0.155565
0.160645
0.165000
0.151855
0.206452
0.145403
0.181694
0.200887
0.329274
0.440161
0.450323
0.557419
0.647177
0.757258
0.898871
0.784516
0.810806
0.678790
0.499435
0.310645
0.248145
0.225323
0.238306
0.215161
0.210726
0.250323
0.217984
0.218387
0.205403
0.194274
0.357903
0.295403
0.517581
0.593871
0.644758
0.624758
0.788306
0.827339
0.839113
0.858871
0.769597
0.491855
0.425645
0.328548
0.286290
0.251694
0.209758
0.220000
0.177742
0.258871
0.219919
0.188145
0.221935
0.212742
0.184274
0.155968
0.190565
0.307823
0.386290
0.407742
0.397339
0.482984
0.428306
0.381774
0.425968
0.358548
0.261935
0.280645
0.268952
0.221935
0.195161
0.242097
0.211048
0.201129
0.208952
0.188629
0.212903
0.176855
0.185484
0.152903
0.142903
0.150484
0.180484
0.251048
0.188871
0.269194
0.303952
0.266532
0.276210
0.239919
0.231935
0.242097
0.221532
0.234435
0.251452
0.200968
0.188871
0.182500
0.211210
0.181774
0.183629
0.200645
0.279355
0.265726
0.328710
0.525887
0.498468
0.515484
0.493548
0.683548
0.665000
0.609919
0.539435
0.381452
0.333306
0.241290
0.168548
0.155968
0.163145
0.154516
0.145806
0.154032
0.148468
0.164113
0.151290
0.185726
0.168790
0.193790
0.224919
0.345968
0.410645
0.446935
0.438952
0.417016
0.457500
0.449839
0.439516
0.485726
0.356774
0.207177
0.179355
0.153145
0.230081
0.162742
0.152742
0.165726
0.164435
0.159435
0.156452
0.155726
0.152016
0.158710
0.214113
0.292016
0.341452
0.371613
0.400403
0.491290
0.517339
0.516452
0.670927
0.510786
0.429385
0.231910
0.179302
0.163562
0.142507
0.120487
0.124155
0.140787
0.196119
0.138060
0.126893
0.117922
0.127187
0.133553
0.170970
0.262985
0.301130
0.375887
0.385565
0.472661
0.502742
0.548387
0.511452
0.465403
0.378145
0.220323
0.195726
0.153710
0.173548
0.147984
0.124435
0.155726
0.129758
0.136694
0.137742
0.164435
0.144677
0.125161
0.170806
0.287258
0.347661
0.334032
0.378790
0.418065
0.460806
0.444677
0.468952
0.371855
0.373629
0.209839
0.167823
0.153629
0.142097
0.140403
0.119194
0.157419
0.125000
0.127500
0.118145
0.125081
0.119597
0.112581
0.149194
0.227742
0.315968
0.282016
0.257339
0.275242
0.264113
0.364919
0.317419
0.260323
0.211613
0.175161
0.150726
0.163871
0.144597
0.187016
0.133065
0.149435
0.158710
0.243266
0.205343
0.197389
0.199219
0.209287
0.202466
0.174943
0.189850
0.172586
0.174559
0.208852
0.230555
0.172334
0.188788
0.175967
0.206128
0.194435
0.227016
0.205161
0.227742
0.191129
0.259597
0.195484
0.225403
0.196371
0.264435
0.189516
0.198871
0.221290
0.289758
0.402419
0.536371
0.433468
0.423629
0.402056
0.402843
0.443075
0.682223
0.491515
0.370152
0.247334
0.215159
0.180765
0.223891
0.191099
0.153105
0.178044
0.184587
0.176003
0.159839
0.177218
0.250786
0.229839
0.350605
0.442681
0.494526
0.541457
0.527341
0.550323
0.541210
0.581532
0.585968
0.539315
0.494738
0.321694
0.246532
0.205887
0.171048
0.147581
0.189637
0.155907
0.157631
0.155025
0.157029
0.137506
0.153871
0.152661
0.216653
0.394657
0.440968
0.424435
0.560161
0.567661
0.579113
0.622500
0.677097
0.582056
0.439214
0.346825
0.226840
0.181290
0.154919
0.159194
0.225806
0.171532
0.164355
0.174516
0.166774
0.152984
0.175242
0.167742
0.248629
0.429032
0.520565
0.399113
0.490726
0.595484
0.524194
0.572016
0.552903
0.583306
0.417258
0.184355
0.152581
0.145242
0.151855
0.144113
0.146855
0.165323
0.206452
0.156048
0.155161
0.157661
0.160726
0.172419
0.280081
0.489597
0.267339
0.394435
0.513790
0.565484
0.599274
0.522258
0.379677
0.270242
0.249839
0.174032
0.137742
0.140968
0.146935
0.152903
0.142016
0.150887
0.149435
0.199194
0.186290
0.154113
0.153306
0.152258
0.189274
0.282984
0.334435
0.346935
0.308145
0.320000
0.289435
0.287742
0.285968
0.176613
0.227177
0.158952
0.155161
0.158790
0.142419
0.157500
0.145484
0.158065
0.152661
0.167258
0.180645
0.157419
0.144677
0.152661
0.164435
0.125242
0.117984
0.160242
0.126935
0.116532
0.123710
0.146210
0.205000
0.177097
0.154758
0.231855
0.266855
0.205000
0.152500
0.152339
0.152500
0.147419
0.162903
0.143629
0.194032
0.142661
0.148387
0.161613
0.230565
0.379113
0.382742
0.439677
0.515565
0.512984
0.573065
0.473871
0.397097
0.431694
0.388629
0.175565
0.228710
0.280726
0.178468
0.168710
0.172016
0.164839
0.217903
0.171774
0.178226
0.167016
0.161855
0.208065
0.223710
0.425081
0.565081
0.510000
0.455484
0.515484
0.472500
0.464435
0.452016
0.441452
0.418226
0.302097
0.169435
0.258548
0.166532
0.169839
0.171210
0.184355
0.186694
0.172500
0.184597
0.167258
0.184597
0.198871
0.277661
0.387500
0.454274
0.462500
0.426290
0.495887
0.596694
0.642984
0.647903
0.533065
0.485081
0.387177
0.227500
0.175000
0.240887
0.175000
0.165161
0.181371
0.173629
0.190161
0.185484
0.173145
0.173871
0.220081
0.255968
0.365484
0.366774
0.472742
0.490242
0.545323
0.580323
0.574919
0.579113
0.431371
0.363306
0.206532
0.169032
0.176210
0.169194
0.213629
0.171694
0.172500
0.176452
0.207419
0.173306
0.185726
0.172903
0.207903
0.274758
0.383629
0.416048
0.505323
0.438952
0.560726
0.538548
0.499919
0.459194
0.399355
0.332661
0.241694
0.175806
0.185806
0.165323
0.221774
0.166532
0.211129
0.180645
0.177097
0.179274
0.167419
0.176935
0.162823
0.179516
0.253387
0.308548
0.411290
0.344919
0.358871
0.262097
0.290081
0.271774
0.289839
0.310968
0.188629
0.178468
0.161371
0.221290
0.172742
0.219194
0.177097
0.169194
0.177097
0.171210
0.165000
0.175887
0.160161
0.140565
0.169839
0.138710
0.141210
0.171935
0.153145
0.141774
0.146774
0.139516
0.135242
0.153952
0.168226
0.221452
0.176532
0.210726
0.173065
0.165161
0.215968
0.178468
0.164758
0.185081
0.175806
0.174194
0.220323
0.211290
0.336935
0.377419
0.387742
0.473710
0.582581
0.559435
0.589597
0.610242
0.539597
0.422823
0.269113
0.186452
0.178387
0.176855
0.173952
0.176774
0.213710
0.186694
0.177823
0.187903
0.169274
0.215323
0.190484
0.251210
0.407097
0.382419
0.418710
0.541532
0.564919
0.664032
0.682500
0.616694
0.564032
0.417903
0.295565
0.240081
0.214194
0.212097
0.179032
0.207177
0.227903
0.173306
0.187339
0.171935
0.177742
0.167581
0.191290
0.185565
0.377419
0.437339
0.411694
0.528790
0.593065
0.583065
0.619435
0.653548
0.674032
0.527016
0.376855
0.239919
0.196129
0.199919
0.181613
0.220081
0.184677
0.187177
0.223065
0.184677
0.169677
0.170645
0.198468
0.200000
0.295161
0.334516
0.402500
0.474435
0.530645
0.677823
0.641290
0.611532
0.604355
0.435081
0.272984
0.267097
0.273871
0.297419
0.230645
0.227339
0.188952
0.189677
0.192903
0.188710
0.175000
0.181613
0.189435
0.240403
0.401774
0.551694
0.559435
0.571532
0.604677
0.650484
0.701452
0.604274
0.442903
0.346048
0.273226
0.206048
0.199274
0.205565
0.212742
0.183065
0.175081
0.189597
0.224032
0.183952
0.184274
0.172016
0.175887
0.208226
0.294274
0.354435
0.426290
0.321855
0.364194
0.333952
0.310887
0.327097
0.218871
0.174113
0.179355
0.190887
0.194677
0.172984
0.176371
0.172097
0.176694
0.178871
0.206694
0.200242
0.177177
0.178468
0.180161
0.177177
0.149032
0.132258
0.144839
0.156532
0.202984
0.174677
0.134677
0.171774
0.201210
0.170806
0.201048
0.200806
0.189677
0.169355
0.179919
0.168710
0.182661
0.177339
0.183548
0.172339
0.176613
0.169677
0.277097
0.214032
0.365403
0.398226
0.404919
0.508871
0.617339
0.639113
0.575242
0.558871
0.446694
0.332581
0.220484
0.247177
0.189113
0.185000
0.179435
0.171694
0.178790
0.177903
0.184919
0.173226
0.176774
0.167016
0.246935
0.221048
0.417500
0.393952
0.434435
0.370081
0.432258
0.445161
0.440645
0.440484
0.347419
0.304194
0.245000
0.192742
0.224758
0.187500
0.190000
0.200806
0.194839
0.199677
0.189758
0.203306
0.207661
0.194274
0.215484
0.233952
0.465565
0.389758
0.385403
0.343710
0.351774
0.436855
0.470323
0.468629
0.387419
0.390000
0.295323
0.195645
0.204597
0.177177
0.165806
0.180645
0.166694
0.190565
0.221935
0.185081
0.177097
0.166210
0.201371
0.245887
0.432419
0.410645
0.391855
0.419919
0.619516
0.555403
0.570081
0.519113
0.519597
0.490968
0.280726
0.208145
0.175000
0.168710
0.173629
0.204435
0.172581
0.179677
0.175645
0.189032
0.175968
0.223226
0.232419
0.419839
0.604677
0.475161
0.470403
0.465403
0.545161
0.573710
0.516855
0.439032
0.465403
0.355323
0.250403
0.221532
0.218629
0.221210
0.225081
0.220242
0.226290
0.223548
0.257419
0.272177
0.215161
0.219677
0.229597
0.212097
0.293548
0.355000
0.366452
0.394194
0.351210
0.257177
0.298468
0.261532
0.149597
0.182661
0.190645
0.192823
0.210323
0.203145
0.250242
0.211694
0.218306
0.269758
0.233065
0.225806
0.211452
0.212903
0.211290
0.191452
0.209919
0.179919
0.161290
0.165565
0.213790
0.161855
0.168306
0.170323
0.166371
0.208871
0.204677
0.247016
0.213468
0.194274
0.204032
0.205484
0.238145
0.208710
0.208710
0.207903
0.222903
0.250887
0.255000
0.311532
0.397742
0.463710
0.503871
0.465403
0.552419
0.621371
0.486613
0.497097
0.383065
0.387581
0.228065
0.227903
0.225887
0.230968
0.259435
0.234677
0.224194
0.266290
0.248306
0.242097
0.232419
0.233468
0.267016
0.309516
0.429919
0.512339
0.417661
0.440806
0.480000
0.540161
0.527742
0.448468
0.399355
0.346855
0.217903
0.212419
0.200403
0.267339
0.220081
0.245403
0.221774
0.223710
0.217258
0.229677
0.228468
0.224516
0.227661
0.263468
0.412984
0.434597
0.371210
0.448306
0.469597
0.487097
0.499355
0.456129
0.486048
0.465242
0.382500
0.230161
0.243306
0.208065
0.212339
0.200081
0.216371
0.203065
0.255484
0.206210
0.207823
0.248468
0.228226
0.298952
0.426613
0.482903
0.444113
0.475484
0.594032
0.521694
0.570000
0.558065
0.425323
0.358871
0.225323
0.205000
0.216694
0.208710
0.244839
0.262661
0.217984
0.224194
0.220968
0.232500
0.229274
0.227258
0.254435
0.368226
0.445726
0.424113
0.441210
0.529274
0.520242
0.470242
0.489758
0.442984
0.384194
0.312016
0.282661
0.207742
0.203790
0.198548
0.205645
0.200000
0.208548
0.246129
0.208306
0.216452
0.239839
0.202903
0.199677
0.228226
0.354516
0.394839
0.347742
0.394516
0.342581
0.266855
0.300484
0.258952
0.217097
0.194194
0.199919
0.197177
0.222661
0.204677
0.190000
0.242774
0.205452
0.205484
0.199597
0.208387
0.199677
0.202258
0.251129
0.208306
0.213468
0.210161
0.177419
0.185161
0.170726
0.188790
0.185081
0.184919
0.202097
0.271855
0.273226
0.260968
0.243952
0.231855
0.229274
0.227339
0.217661
0.234032
0.234597
0.260565
0.235081
0.266935
0.236371
0.243306
0.321129
0.440323
0.347177
0.358468
0.502823
0.543145
0.501774
0.497339
0.486371
0.461452
0.348387
0.222984
0.211290
0.223629
0.207419
0.223226
0.257016
0.231210
0.279677
0.229355
0.223548
0.230242
0.227419
0.247258
0.308710
0.448306
0.421694
0.456210
0.452419
0.467500
0.520645
0.506129
0.504516
0.509919
0.420000
0.210242
0.217903
0.254516
0.209032
0.225403
0.256613
0.227177
0.236129
0.245726
0.223387
0.246452
0.244274
0.260968
0.333226
0.468065
0.455968
0.444274
0.448790
0.475000
0.484677
0.487661
0.515484
0.513306
0.478629
0.299839
0.230645
0.206129
0.192984
0.240968
0.199355
0.216855
0.230484
0.224355
0.270081
0.240565
0.231774
0.278952
0.361855
0.493306
0.477097
0.437823
0.470242
0.575645
0.533952
0.556694
0.511694
0.526694
0.523952
0.231774
0.238387
0.242258
0.283710
0.249355
0.249758
0.262823
0.256210
0.241129
0.248952
0.250323
0.238952
0.271532
0.456613
0.581048
0.518065
0.485242
0.434919
0.516290
0.566694
0.537097
0.407661
0.386935
0.323629
0.230403
0.232339
0.257984
0.223790
0.225726
0.253145
0.222903
0.233790
0.224758
0.218548
0.223710
0.245806
0.222339
0.228790
0.307339
0.348387
0.377661
0.350081
0.340081
0.259919
0.259758
0.277177
0.197339
0.203145
0.272661
0.203145
0.206774
0.198710
0.204919
0.205726
0.208710
0.222419
0.228145
0.253145
0.260484
0.216532
0.214597
0.197258
0.179355
0.175565
0.168226
0.157581
0.161452
0.192661
0.176613
0.158952
0.183145
0.239113
0.208468
0.211613
0.219839
0.229516
0.208387
0.265000
0.250484
0.217177
0.230887
0.222419
0.229597
0.233871
0.235726
0.313710
0.472823
0.514919
0.463629
0.452581
0.562339
0.537984
0.540645
0.560484
0.434597
0.426048
0.269516
0.209113
0.196774
0.203065
0.210242
0.230887
0.212016
0.205565
0.218387
0.210403
0.218952
0.222742
0.310403
0.373871
0.422661
0.445403
0.448790
0.472661
0.523548
0.494839
0.528952
0.506048
0.495081
0.437581
0.273629
0.192903
0.193065
0.216774
0.185565
0.187258
0.223871
0.189516
0.202419
0.187742
0.196855
0.227903
0.201935
0.276129
0.391935
0.468952
0.519597
0.499274
0.563306
0.531855
0.546129
0.502177
0.534113
0.499839
0.344435
0.287177
0.258065
0.249919
0.232742
0.216694
0.234677
0.231048
0.251129
0.230806
0.231048
0.278065
0.238710
0.350000
0.454839
0.471694
0.482419
0.512742
0.598790
0.526371
0.549919
0.552984
0.580645
0.476129
0.312984
0.284113
0.231935
0.218871
0.216129
0.220806
0.222823
0.253387
0.225081
0.269758
0.230323
0.229194
0.270161
0.297581
0.450645
0.469113
0.430081
0.410887
0.516855
0.508790
0.505081
0.449677
0.349758
0.314758
0.225161
0.201210
0.200161
0.196613
0.201694
0.272903
0.230968
0.213952
0.215323
0.229355
0.204597
0.227742
0.205323
0.220242
0.301532
0.388387
0.389435
0.366290
0.353226
0.274677
0.278952
0.278629
0.219758
0.248871
0.208629
0.227177
0.244274
0.242097
0.222903
0.227500
0.238145
0.253468
0.271613
0.230000
0.232823
0.234355
0.250887
0.202823
0.185403
0.183306
0.175081
0.190081
0.164435
0.187097
0.241855
0.244677
0.268226
0.306935
0.210806
0.224516
0.244355
0.207339
0.213387
0.204274
0.214677
0.217984
0.216129
0.268790
0.223306
0.262742
0.224194
0.335887
0.413710
0.422177
0.411452
0.443548
0.477339
0.552742
0.593306
0.502742
0.510242
0.516048
0.303226
0.222258
0.199194
0.203145
0.197742
0.211935
0.221129
0.218226
0.294113
0.213226
0.217823
0.220806
0.255000
0.262903
0.487500
0.458548
0.461048
0.458952
0.535000
0.522097
0.512661
0.517097
0.574113
0.448387
0.277016
0.280484
0.221290
0.265161
0.219597
0.273387
0.234274
0.239435
0.239032
0.246774
0.239435
0.269597
0.259677
0.361452
0.500645
0.481694
0.521774
0.469597
0.503145
0.512742
0.529113
0.348952
0.344355
0.371774
0.241452
0.236290
0.264113
0.246048
0.232742
0.244597
0.240887
0.284758
0.250968
0.244677
0.231452
0.241210
0.233226
0.218710
0.241774
0.202339
0.212984
0.171613
0.168710
0.169435
0.162339
0.185806
0.199113
0.220726
0.206613
0.261855
0.252903
0.223952
0.223306
0.214194
0.220645
0.223629
0.217903
0.229597
0.210323
0.230323
0.305726
0.317742
0.287661
0.087581
0.307177
0.283548
0.280000
0.301210
0.273468
0.366774
0.382258
0.311855
0.384597
0.233952
0.199274
0.216774
0.215968
0.219032
0.219677
0.207823
0.229597
0.251532
0.217016
0.247258
0.215726
0.222258
0.303468
0.337823
0.389274
0.382500
0.380726
0.391210
0.371290
0.353468
0.280161
0.215081
0.244435
0.213548
0.213629
0.224677
0.212984
0.218548
0.229758
0.222984
0.236129
0.295968
0.218548
0.233871
0.218952
0.197419
0.178145
0.238548
0.309032
0.278710
0.299032
0.176694
0.224113
0.190645
0.292500
0.265000
0.220081
0.233871
0.228306
0.234919
0.272823
0.249516
0.251371
0.280323
0.251613
0.251694
0.240081
0.265403
0.249839
0.337823
0.457742
0.425242
0.409435
0.488226
0.480565
0.486532
0.534758
0.488387
0.507097
0.455323
0.296613
0.267742
0.214113
0.212823
0.212500
0.249032
0.237742
0.222016
0.212258
0.230000
0.223306
0.229758
0.218468
0.299355
0.412419
0.487016
0.409758
0.502581
0.270645
0.252177
0.458871
0.433790
0.414194
0.373629
0.254839
0.223306
0.214274
0.255887
0.216290
0.235806
0.220161
0.237097
0.226048
0.238468
0.279032
0.278306
0.265645
0.342339
0.469597
0.458065
0.446935
0.464355
0.484435
0.553226
0.504839
0.347500
0.491855
0.431048
0.420726
0.307177
0.237177
0.219516
0.225081
0.257661
0.225806
0.222339
0.278226
0.214597
0.235726
0.220484
0.266935
0.349919
0.481694
0.496371
0.424194
0.494435
0.530081
0.534435
0.514274
0.501048
0.498306
0.384516
0.238629
0.207984
0.257581
0.230081
0.259919
0.220726
0.224435
0.231855
0.234274
0.221694
0.241613
0.254194
0.449355
0.522984
0.633790
0.518710
0.559194
0.492339
0.604435
0.716694
0.562984
0.481290
0.425161
0.332984
0.233952
0.214919
0.244194
0.220081
0.253548
0.223790
0.229194
0.224839
0.236048
0.249919
0.226371
0.219516
0.228065
0.253548
0.359839
0.493548
0.441452
0.414919
0.388548
0.258306
0.276855
0.290000
0.233387
0.208145
0.217339
0.201371
0.220323
0.229597
0.229032
0.218710
0.261774
0.235726
0.220242
0.233468
0.219113
0.220000
0.257419
0.192419
0.221855
0.180323
0.177419
0.177016
0.170323
0.170484
0.167823
0.194516
0.241129
0.246129
0.200645
0.216371
0.199355
0.206532
0.202339
0.203629
0.213952
0.206532
0.250000
0.228790
0.201290
0.213871
0.240000
0.329355
0.427258
0.413548
0.489194
0.456855
0.461129
0.486935
0.506613
0.511613
0.518629
0.417500
0.246532
0.236129
0.237016
0.224839
0.271371
0.223710
0.236855
0.269032
0.226935
0.248952
0.247823
0.263468
0.256048
0.292661
0.456532
0.485403
0.513387
0.514597
0.530726
0.567823
0.566129
0.535081
0.513871
0.428387
0.290081
0.326048
0.312903
0.352419
0.245242
0.252177
0.281694
0.252258
0.264677
0.254677
0.253145
0.254274
0.281210
0.284194
0.520484
0.432581
0.452661
0.485403
0.525161
0.552258
0.599677
0.553145
0.575484
0.537581
0.492984
0.320726
0.272016
0.286613
0.274758
0.287339
0.295161
0.300968
0.326129
0.290806
0.292419
0.352016
0.328871
0.351774
0.513145
0.540242
0.447016
0.489113
0.435726
0.472339
0.546290
0.513387
0.483468
0.418065
0.252742
0.252177
0.242823
0.242016
0.277258
0.248629
0.286774
0.252177
0.258710
0.235081
0.255323
0.290000
0.324758
0.347984
0.498790
0.512097
0.502258
0.478952
0.496694
0.492339
0.563710
0.457419
0.343468
0.345161
0.250806
0.234919
0.269194
0.228710
0.263306
0.240000
0.233145
0.254032
0.239919
0.248548
0.248952
0.250565
0.287177
0.267097
0.349839
0.448548
0.459516
0.446532
0.399516
0.315000
0.333387
0.309516
0.260242
0.288306
0.263468
0.255565
0.260968
0.261129
0.250645
0.298629
0.256532
0.259032
0.272339
0.305242
0.259032
0.246532
0.242984
0.225887
0.237016
0.218065
0.206210
0.200000
0.195806
0.225161
0.172742
0.204758
0.217097
0.262742
0.233710
0.226855
0.248145
0.240726
0.240645
0.270484
0.237661
0.247177
0.263468
0.251774
0.241210
0.258065
0.267742
0.287500
0.434435
0.454435
0.506210
0.513548
0.546210
0.555968
0.565323
0.542984
0.535968
0.393548
0.302742
0.278629
0.269194
0.294839
0.275323
0.263790
0.288468
0.275081
0.274355
0.276935
0.267177
0.273387
0.326855
0.372823
0.540323
0.533387
0.446290
0.526371
0.495081
0.544435
0.553145
0.571048
0.543790
0.432984
0.371613
0.226935
0.235081
0.235806
0.240565
0.247258
0.269032
0.242984
0.240242
0.244435
0.238306
0.276613
0.267984
0.296694
0.591129
0.497661
0.465726
0.514113
0.567823
0.573065
0.577984
0.580645
0.532097
0.473710
0.341532
0.379194
0.282419
0.262097
0.239758
0.249113
0.256290
0.288468
0.257903
0.294435
0.249919
0.266452
0.268710
0.399113
0.498790
0.542581
0.466532
0.556855
0.549516
0.536613
0.548226
0.554516
0.487419
0.421371
0.260161
0.239597
0.240887
0.278710
0.245403
0.233629
0.262016
0.282258
0.265565
0.244919
0.255887
0.250000
0.277661
0.468145
0.516210
0.499597
0.514355
0.497419
0.555968
0.520000
0.524597
0.519758
0.419839
0.375726
0.256613
0.213306
0.252258
0.214113
0.217097
0.225161
0.217984
0.243065
0.231855
0.312903
0.230726
0.229758
0.238710
0.227823
0.313468
0.390161
0.439274
0.368145
0.395887
0.282903
0.281452
0.332016
0.225927
0.249274
0.221452
0.234032
0.240161
0.243871
0.245726
0.234758
0.278629
0.250000
0.298629
0.237016
0.244839
0.242661
0.237661
0.222016
0.226452
0.208952
0.202097
0.176935
0.230403
0.273710
0.199597
0.192419
0.229355
0.260081
0.222258
0.243226
0.232984
0.233306
0.235242
0.229919
0.282661
0.267984
0.249032
0.252500
0.254919
0.268871
0.296371
0.355645
0.442984
0.523548
0.503226
0.503468
0.560484
0.543226
0.519919
0.507742
0.523468
0.430565
0.368790
0.235887
0.228629
0.256855
0.231855
0.225484
0.218145
0.267581
0.221452
0.235484
0.219194
0.248871
0.275000
0.360242
0.444758
0.459355
0.441613
0.472016
0.492419
0.510242
0.496532
0.519677
0.524839
0.439194
0.334435
0.251452
0.225645
0.223387
0.231532
0.260645
0.233710
0.267016
0.234194
0.229032
0.241452
0.247661
0.283629
0.318468
0.479758
0.482419
0.466452
0.535968
0.597419
0.541129
0.494194
0.553468
0.499355
0.463710
0.407177
0.321855
0.257500
0.250968
0.262177
0.217823
0.233468
0.238952
0.240645
0.222581
0.262500
0.243468
0.274516
0.315484
0.450484
0.451048
0.467016
0.536935
0.569194
0.562419
0.532258
0.553871
0.548548
0.372419
0.391452
0.270645
0.282661
0.264677
0.247984
0.261452
0.265403
0.264435
0.271532
0.292177
0.305887
0.284355
0.315081
0.377419
0.379758
0.367742
0.395806
0.416855
0.484839
0.470968
0.441613
0.393952
0.359113
0.375242
0.383145
0.261532
0.251210
0.258387
0.308306
0.255645
0.270887
0.266694
0.314919
0.267742
0.269355
0.264597
0.273306
0.381694
0.332177
0.373306
0.397903
0.354597
0.352903
0.291129
0.294194
0.313468
0.385887
0.268629
0.292581
0.259516
0.253145
0.264355
0.265645
0.255645
0.258790
0.296290
0.261855
0.291210
0.244839
0.254919
0.247742
0.296452
0.319355
0.309274
0.340161
0.340000
0.304032
0.212984
0.203306
0.202016
0.241532
0.254355
0.247581
0.258871
0.332177
0.262500
0.274113
0.266532
0.279677
0.271694
0.280081
0.286129
0.312339
0.301774
0.323306
0.288629
0.285242
0.287419
0.265565
0.257258
0.253065
0.301290
0.262661
0.274919
0.331210
0.309516
0.309597
0.289919
0.301613
0.294758
0.335484
0.302903
0.324032
0.359355
0.303387
0.320726
0.324919
0.305968
0.370000
0.378226
0.562903
0.566290
0.545484
0.435806
0.494516
0.508790
0.557500
0.439677
0.450726
0.428790
0.371613
0.374435
0.291371
0.305161
0.354839
0.302339
0.304113
0.306613
0.319919
0.314516
0.299919
0.311855
0.418306
0.332097
0.440323
0.433145
0.389919
0.352500
0.401532
0.508387
0.485161
0.490000
0.401048
0.478710
0.369758
0.295887
0.270565
0.306452
0.280968
0.304919
0.283468
0.292339
0.295161
0.285484
0.294355
0.311532
0.291371
0.366452
0.464839
0.500403
0.430806
0.523629
0.569113
0.548468
0.456290
0.448629
0.406048
0.443306
0.277258
0.245323
0.245403
0.243548
0.251613
0.241452
0.261210
0.298629
0.304839
0.275645
0.272984
0.263468
0.290242
0.373790
0.534597
0.537016
0.505726
0.436774
0.581210
0.575645
0.466532
0.371290
0.387097
0.388145
0.294032
0.308387
0.282258
0.320887
0.289516
0.288065
0.310726
0.317177
0.298790
0.344113
0.315081
0.316774
0.342661
0.290968
0.372258
0.357661
0.354032
0.427177
0.408629
0.361210
0.357500
0.394677
0.315323
0.306210
0.313790
0.344274
0.329435
0.317661
0.313790
0.354113
0.304355
0.324839
0.321048
0.354516
0.317016
0.308790
0.315242
0.333710
0.371452
0.305403
0.276371
0.289516
0.253145
0.236452
0.227742
0.257661
0.319516
0.300081
0.316532
0.342823
0.322339
0.295484
0.318790
