0.163817
0.157688
0.160379
0.161017
0.192155
0.119951
0.124264
0.122927
0.130319
0.132134
0.167117
0.265349
0.137262
0.128511
0.292650
0.319466
0.124159
0.242014
0.207248
0.177091
0.209222
0.191525
0.253427
0.131970
0.126106
0.143303
0.248815
0.141170
0.155073
0.138527
0.201718
0.189045
0.238622
0.119119
0.166526
0.234566
0.381864
0.381995
0.242206
0.119335
0.211084
0.046409
0.041850
0.038682
0.086606
0.027466
0.031642
0.039396
0.039158
0.077996
0.026118
0.049679
0.044731
0.041909
0.067090
0.034672
0.056701
0.032505
0.049916
0.057147
0.076931
0.049282
0.053262
0.059684
0.042297
0.078624
0.122756
0.194319
0.119648
0.045657
0.047964
0.052306
0.052340
0.095905
0.049499
0.034301
0.035706
0.036521
0.032450
0.062221
0.112390
0.045262
0.043841
0.045996
0.037972
0.065310
0.030576
0.088555
0.055086
0.050447
0.037007
0.030365
0.053127
0.045944
0.108156
0.041797
0.039725
0.037105
0.058301
0.049861
0.048264
0.114024
0.045385
0.052348
0.056764
0.047601
0.042364
0.057133
0.114522
0.048795
0.040665
0.059727
0.050334
0.051911
0.033221
0.075554
0.117471
0.302418
0.153998
0.060896
0.061679
0.074604
0.065847
0.038599
0.084454
0.065288
0.054842
0.266813
0.182695
0.059085
0.122013
0.060381
0.058454
0.107782
0.157947
0.141585
0.207691
0.150260
0.273130
0.285226
0.227875
0.200561
0.128504
0.127050
0.156168
0.169554
0.140213
0.169831
0.132742
0.197297
0.129470
0.177882
0.248651
0.127952
0.184565
0.168462
0.307696
0.286499
0.336334
0.290140
0.248934
0.177355
0.375164
0.263574
0.298697
0.230110
0.146382
0.209694
0.204214
0.134742
0.188978
0.224985
0.198489
0.126020
0.284734
0.161213
0.150805
0.324468
0.263100
0.193799
0.210493
0.270654
0.122221
0.195848
0.256355
0.311136
0.355552
0.339099
0.304085
0.145742
0.177434
0.158275
0.113418
0.190196
0.123540
0.150476
0.170660
0.174561
0.187239
0.187019
0.232440
0.191199
0.150935
0.191935
0.187639
0.189729
0.149136
0.175306
0.195939
0.132892
0.168721
0.280589
0.336505
0.266309
0.181865
0.139881
0.173719
0.175234
0.213853
0.109873
0.309338
0.048785
0.030207
0.071965
0.038597
0.022527
0.043243
0.073184
0.029480
0.037707
0.124166
0.086007
0.070277
0.068824
0.162360
0.383952
0.417826
0.297702
0.064659
0.043081
0.120520
0.062123
0.048645
0.080121
0.047799
0.038985
0.147103
0.379536
0.300056
0.052006
0.050439
0.098576
0.047255
0.046776
0.086279
0.046888
0.057959
0.049100
0.075255
0.061310
0.037973
0.052953
0.038183
0.044733
0.093097
0.045112
0.031436
0.036246
0.047323
0.034349
0.115808
0.037278
0.046500
0.052064
0.036702
0.027662
0.077006
0.036194
0.046816
0.045085
0.047361
0.043603
0.040385
0.093775
0.295474
0.316878
0.487797
0.357910
0.037096
0.092787
0.050618
0.048564
0.065561
0.046987
0.081348
0.464813
0.199045
0.030218
0.053463
0.075958
0.037125
0.297700
0.448549
0.233172
0.201076
0.249547
0.139027
0.206341
0.178479
0.182657
0.132978
0.156406
0.127720
0.121233
0.226435
0.157299
0.137033
0.179002
0.179111
0.164722
0.114222
0.111065
0.192512
0.182808
0.147111
0.248114
0.150205
0.129489
0.187494
0.195453
0.164828
0.185568
0.232966
0.194397
0.158505
0.205556
0.119040
0.202007
0.256865
0.142798
0.207538
0.140436
0.166855
0.174995
0.136185
0.281083
0.155031
0.134146
0.151427
0.167941
0.136683
0.189361
0.158375
0.168049
0.214683
0.196057
0.131011
0.163385
0.197946
0.204285
0.213691
0.125981
0.183168
0.167129
0.253315
0.128767
0.197578
0.308008
0.044942
0.029810
0.094823
0.041662
0.035569
0.038126
0.085701
0.044853
0.028345
0.043668
0.040341
0.056284
0.024601
0.040074
0.027822
0.041209
0.033407
0.079511
0.036480
0.048130
0.042828
0.057868
0.037452
0.078995
0.040247
0.032766
0.036707
0.035419
0.031040
0.020603
0.097475
0.031183
0.028072
0.034243
0.034979
0.046985
0.095311
0.038455
0.038138
0.028787
0.043693
0.041636
0.038811
0.108399
0.047921
0.030339
0.035213
0.039771
0.035335
0.023999
0.032515
0.073205
0.014276
0.020537
0.019107
0.018973
0.022265
0.024708
0.093752
0.025731
0.026807
0.021580
0.026879
0.036746
0.041521
0.022762
0.043359
0.028059
0.035300
0.036918
0.025610
0.037201
0.100033
0.024974
0.033552
0.026973
0.026208
0.030023
0.021659
0.109494
0.034710
0.027411
0.019343
0.031927
0.076760
0.254325
0.253898
0.044075
0.044905
0.103247
0.036189
0.037983
0.023110
0.076461
0.034857
0.268426
0.389145
0.144323
0.021886
0.085437
0.023160
0.026858
0.020317
0.060447
0.036040
0.099325
0.322051
0.317590
0.254301
0.039113
0.029702
0.084713
0.032319
0.042437
0.034962
0.064975
0.032904
0.036823
0.039523
0.058299
0.153978
0.478750
0.247256
0.533472
0.490394
0.420375
0.398775
0.109825
0.365909
0.391937
0.076614
0.087187
0.319164
0.219362
0.116583
0.219547
0.087393
0.031344
0.078634
0.046855
0.038627
0.029446
0.083902
0.027526
0.040637
0.068702
0.044446
0.692225
0.362242
0.072121
0.161539
0.120082
0.419436
0.087020
0.052206
0.089497
0.059663
0.075177
0.070916
0.083046
0.060579
0.077549
0.080809
0.094452
0.066460
0.057564
0.063216
0.058352
0.055800
0.135380
0.072954
0.062500
0.070024
0.049564
0.067405
0.077206
0.066499
0.075427
0.050250
0.074650
0.073465
0.092363
0.069718
0.064555
0.046331
0.065685
0.058021
0.062117
0.137857
0.056459
0.063136
0.051306
0.047792
0.044876
0.073333
0.148745
0.053924
0.051842
0.057160
0.084839
0.127767
0.111808
0.170320
0.105083
0.071564
0.063098
0.064626
0.070008
0.060763
0.147053
0.053893
0.073190
0.058558
0.054428
0.054406
0.176006
0.039687
0.040765
0.103045
0.037109
0.035250
0.028601
0.081390
0.044646
0.039193
0.037482
0.027093
0.037339
0.074009
0.026575
0.032758
0.036172
0.029208
0.040435
0.099731
0.041192
0.031501
0.061365
0.028333
0.026584
0.082551
0.032279
0.031263
0.034898
0.039338
0.032800
0.031298
0.096774
0.037780
0.031341
0.048963
0.152371
0.413379
0.318278
0.061352
0.052265
0.110604
0.045820
0.055571
0.103635
0.043088
0.040908
0.059745
0.349701
0.228156
0.038829
0.040179
0.106990
0.027553
0.026701
0.075122
0.032647
0.040825
0.037782
0.035232
0.073970
0.056437
0.049998
0.036105
0.026256
0.080557
0.038702
0.041801
0.042115
0.030108
0.031387
0.069660
0.068506
0.042227
0.032087
0.038570
0.031066
0.033246
0.076142
0.038686
0.045191
0.055594
0.029793
0.026143
0.041169
0.090013
0.037531
0.037207
0.045012
0.047400
0.033491
0.032327
0.068862
0.043591
0.042800
0.031562
0.043032
0.045573
0.040592
0.070953
0.026014
0.038238
0.041515
0.029149
0.020085
0.039288
0.068357
0.066356
0.260053
0.280888
0.049204
0.055015
0.097329
0.036445
0.037502
0.027613
0.067070
0.045281
0.047762
0.032215
0.442147
0.217462
0.041641
0.032189
0.069091
0.028223
0.032005
0.028569
0.063425
0.037424
0.023416
0.032429
0.058553
0.032348
0.027153
0.033663
0.035567
0.029860
0.068882
0.036706
0.032980
0.043116
0.040832
0.024617
0.068627
0.028511
0.033248
0.031504
0.030758
0.026115
0.023912
0.067006
0.037167
0.033309
0.023492
0.020744
0.029182
0.031444
0.088654
0.025671
0.033490
0.031836
0.042557
0.037275
0.038100
0.085163
0.047613
0.041922
0.033333
0.041022
0.039282
0.030405
0.094265
0.031152
0.043727
0.042455
0.029703
0.038123
0.043202
0.099945
0.048237
0.026107
0.065807
0.032953
0.045447
0.045901
0.088237
0.045595
0.039449
0.053630
0.034579
0.054818
0.054757
0.129293
0.047704
0.042762
0.036016
0.033720
0.042660
0.038716
0.082495
0.029117
0.080497
0.132965
0.222518
0.299102
0.049432
0.048899
0.114708
0.060817
0.051710
0.032366
0.062663
0.051205
0.052663
0.084284
0.283396
0.263134
0.027169
0.053434
0.066255
0.023606
0.031876
0.079010
0.186787
0.329832
0.420209
0.290221
0.289255
0.363405
0.423365
0.059935
0.040228
0.112789
0.044049
0.041420
0.101548
0.039564
0.043610
0.121061
0.227630
0.173818
0.337437
0.583656
0.231774
0.124025
0.154072
0.211979
0.133622
0.096465
0.116566
0.136882
0.172773
0.102181
0.155190
0.133352
0.151075
0.112487
0.128373
0.144391
0.184977
0.162286
0.160355
0.160357
0.174673
0.142359
0.142793
0.231288
0.168206
0.137859
0.143780
0.156685
0.119471
0.159437
0.161795
0.169206
0.149410
0.152767
0.109003
0.100661
0.168363
0.167236
0.177251
0.063131
0.032447
0.039725
0.033524
0.027933
0.089231
0.032658
0.032704
0.020717
0.039352
0.027896
0.024480
0.072414
0.016413
0.025097
0.021624
0.018728
0.018475
0.028746
0.068419
0.029158
0.021140
0.026535
0.036647
0.032560
0.028569
0.104556
0.023243
0.018690
0.021826
0.034170
0.034227
0.025786
0.049861
0.076198
0.030994
0.031204
0.031774
0.027797
0.027117
0.038195
0.092157
0.031686
0.037122
0.039265
0.032628
0.043297
0.031395
0.116059
0.043261
0.041216
0.038099
0.028083
0.040997
0.030263
0.112607
0.045517
0.037026
0.038846
0.022801
0.029031
0.023478
0.108506
0.026214
0.044011
0.039002
0.026785
0.042280
0.030087
0.090732
0.064998
0.031710
0.045201
0.048258
0.044255
0.041748
0.103485
0.046468
0.038808
0.038932
0.027226
0.034411
0.026362
0.077100
0.038075
0.021278
0.028940
0.025666
0.058279
0.052315
0.084186
0.042100
0.046126
0.037316
0.031317
0.042264
0.043951
0.060475
0.083664
0.042085
0.045222
0.033983
0.040451
0.032465
0.023657
0.070741
0.024974
0.016490
0.033899
0.023193
0.023654
0.039166
0.101231
0.037981
0.062746
0.037034
0.025627
0.024597
0.045335
0.026293
0.076483
0.033845
0.027574
0.032285
0.029541
0.028971
0.046600
0.091930
0.046484
0.312953
0.426854
0.313956
0.023414
0.027863
0.068823
0.029080
0.025748
0.032010
0.079862
0.021407
0.028014
0.027470
0.078549
0.035443
0.036207
0.029155
0.023422
0.041105
0.075372
0.027273
0.031936
0.020644
0.023165
0.038912
0.062385
0.019142
0.023240
0.016128
0.026724
0.020173
0.102685
0.089291
0.047780
0.193655
0.240239
0.045742
0.053193
0.073203
0.043484
0.040031
0.045990
0.050579
0.054812
0.323950
0.052602
0.043405
0.073110
0.027013
0.030371
0.026093
0.058960
0.029224
0.026386
0.035635
0.021425
0.019142
0.064763
0.032322
0.033641
0.033928
0.027096
0.030155
0.091180
0.037502
0.021970
0.023747
0.024375
0.030557
0.077921
0.033537
0.029408
0.018557
0.017568
0.016901
0.033507
0.060564
0.072629
0.026055
0.025991
0.036509
0.046516
0.045422
0.070003
0.037653
0.034047
0.034812
0.028096
0.037086
0.040781
0.024752
0.086471
0.036512
0.042697
0.033478
0.034330
0.030982
0.024935
0.067174
0.022453
0.027127
0.027451
0.020403
0.026910
0.036355
0.085389
0.035767
0.018312
0.033593
0.043463
0.032456
0.029409
0.079505
0.043952
0.032397
0.029936
0.043006
0.036848
0.027750
0.031540
0.072391
0.022137
0.024915
0.016952
0.026500
0.049323
0.069675
0.211174
0.254925
0.124587
0.027676
0.070368
0.030763
0.033183
0.032779
0.093291
0.053941
0.028968
0.043843
0.045041
0.396147
0.159676
0.020618
0.069162
0.029098
0.017711
0.021267
0.052511
0.043300
0.063827
0.090435
0.087041
0.109042
0.051314
0.113408
0.034344
0.042796
0.052613
0.046959
0.101627
0.055961
0.041596
0.035504
0.033252
0.035294
0.300881
0.346131
0.311874
0.373046
0.083010
0.035584
0.103862
0.336974
0.375021
0.318972
0.059342
0.057777
0.074039
0.048650
0.024469
0.031592
0.059064
0.032421
0.024610
0.026652
0.091539
0.039860
0.024146
0.025188
0.051538
0.090909
0.055186
0.084138
0.133522
0.059005
0.290370
0.290999
0.470403
0.241850
0.109844
0.133167
0.026018
0.051959
0.021616
0.017743
0.016212
0.049651
0.023200
0.018424
0.016295
0.051338
0.023885
0.016918
0.015562
0.020432
0.022105
0.056536
0.032993
0.020713
0.021497
0.021250
0.014016
0.081519
0.020455
0.020083
0.019893
0.015775
0.021587
0.085978
0.022941
0.018873
0.025417
0.013568
0.020974
0.028101
0.071224
0.028761
0.015323
0.027037
0.018956
0.022402
0.020055
0.096870
0.022346
0.023381
0.030962
0.026833
0.067006
0.297650
0.651708
0.158913
0.035239
0.059820
0.020565
0.036329
0.043324
0.068421
0.027287
0.039348
0.117133
0.249056
0.031169
0.025297
0.074987
0.022581
0.017420
0.051665
0.020172
0.025418
0.017600
0.015423
0.051022
0.017076
0.016069
0.023813
0.032522
0.039168
0.080080
0.023326
0.036154
0.026426
0.029014
0.039364
0.079825
0.029216
0.026696
0.033898
0.025902
0.026635
0.030646
0.068288
0.019161
0.041811
0.061215
0.043664
0.043032
0.136812
0.035226
0.029321
0.038659
0.094400
0.036589
0.039101
0.035785
0.043120
0.092582
0.064142
0.166770
0.088174
0.085615
0.155095
0.050524
0.047564
0.036808
0.073091
0.035047
0.045189
0.035138
0.047995
0.077792
0.087503
0.048519
0.047266
0.046961
0.043012
0.061546
0.090740
0.035042
0.053555
0.047281
0.047182
0.055926
0.122598
0.034314
0.037022
0.048921
0.030769
0.037623
0.037900
0.109881
0.038420
0.050905
0.047470
0.036176
0.044004
0.047454
0.108299
0.054177
0.044449
0.033151
0.040542
0.041530
0.055383
0.129414
0.043129
0.051350
0.048743
0.047527
0.047046
0.026891
0.077781
0.028605
0.044757
0.032748
0.030398
0.043118
0.098929
0.093886
0.227872
0.286949
0.146259
0.072354
0.051496
0.077789
0.042716
0.089047
0.044184
0.023614
0.077336
0.058450
0.297474
0.157492
0.041690
0.100831
0.037433
0.041338
0.040717
0.071854
0.033924
0.025311
0.040990
0.036785
0.074362
0.035908
0.034811
0.045394
0.045581
0.037892
0.079366
0.047929
0.032590
0.041511
0.035745
0.034482
0.095197
0.040473
0.038809
0.024395
0.035946
0.031590
0.030700
0.107221
0.037066
0.039673
0.038420
0.051624
0.112373
0.044627
0.046701
0.027305
0.029991
0.025432
0.047446
0.103229
0.052343
0.038245
0.044487
0.046880
0.038257
0.052032
0.119589
0.031755
0.042271
0.031894
0.042672
0.024173
0.042891
0.084794
0.049808
0.046880
0.026478
0.031891
0.041231
0.029179
0.077512
0.036073
0.026078
0.039784
0.040361
0.029504
0.042157
0.066749
0.078342
0.041874
0.043725
0.034944
0.028533
0.033889
0.031108
0.113732
0.046276
0.070361
0.079143
0.089119
0.289762
0.389426
0.091746
0.049867
0.079615
0.044343
0.052409
0.043624
0.047016
0.067960
0.059496
0.055225
0.348957
0.342071
0.039317
0.034429
0.089049
0.034665
0.040483
0.030604
0.068590
0.043941
0.027337
0.023500
0.042208
0.079153
0.041424
0.048152
0.039699
0.027760
0.039166
0.054805
0.043917
0.033185
0.046790
0.029306
0.035432
0.085573
0.034646
0.026576
0.032578
0.026566
0.037837
0.031416
0.101702
0.044222
0.086270
0.059563
0.061863
0.080933
0.071276
0.081856
0.050722
0.037553
0.037392
0.049753
0.118674
0.047977
0.039601
0.040628
0.043781
0.094476
0.232845
0.279643
0.299176
0.187052
0.170981
0.270431
0.242290
0.223531
0.364561
0.305662
0.052733
0.020404
0.018756
0.047204
0.031196
0.021814
0.021047
0.023075
0.021956
0.065345
0.014694
0.013341
0.017117
0.023315
0.043190
0.035347
0.020632
0.021864
0.014501
0.020440
0.015296
0.086666
0.024187
0.035014
0.013716
0.021754
0.012008
0.013870
0.061743
0.015355
0.015645
0.019247
0.017506
0.016918
0.016463
0.075331
0.017246
0.012878
0.018483
0.012055
0.015003
0.013867
0.058692
0.026901
0.034673
0.093870
0.038167
0.025732
0.634974
0.586381
0.038203
0.035478
0.111804
0.034566
0.054247
0.049101
0.106637
0.048813
0.040449
0.044158
0.425634
0.220154
0.031150
0.076453
0.081464
0.054333
0.047547
0.070820
0.060915
0.022801
0.033741
0.019018
0.057444
0.026328
0.039321
0.020885
0.022885
0.042456
0.057734
0.027386
0.023068
0.027743
0.039633
0.041920
0.039850
0.095862
0.039375
0.020542
0.040090
0.042799
0.021682
0.035618
0.073363
0.067993
0.053797
0.062245
0.161023
0.203054
0.060557
0.057795
0.072722
0.037675
0.053929
0.080838
0.080801
0.060203
0.075301
0.180236
0.331036
0.245282
0.052456
0.081196
0.270022
0.275095
0.297367
0.038601
0.033827
0.108267
0.040614
0.052015
0.078902
0.037774
0.039272
0.029302
0.050468
0.091594
0.030970
0.045143
0.029814
0.033995
0.101433
0.029125
0.048659
0.041582
0.037838
0.069396
0.080219
0.044739
0.040546
0.023300
0.028254
0.036396
0.087482
0.084309
0.029992
0.044538
0.039858
0.039091
0.034143
0.047942
0.071908
0.032048
0.037790
0.031403
0.050317
0.039114
0.054343
0.099405
0.063578
0.034108
0.052815
0.060332
0.167509
0.160436
0.237850
0.147547
0.062966
0.039388
0.032823
0.059154
0.040031
0.144394
0.046158
0.037885
0.030697
0.055737
0.036582
0.042410
0.137173
0.344737
0.069067
0.050403
0.228159
0.062383
0.029601
0.095846
0.044286
0.025617
0.035032
0.085257
0.024512
0.043189
0.038357
0.083627
0.051319
0.034448
0.029049
0.047478
0.027979
0.080332
0.042681
0.047226
0.044121
0.051386
0.046823
0.096318
0.030365
0.038695
0.024824
0.034767
0.029551
0.030287
0.067329
0.028913
0.027088
0.026926
0.030637
0.032831
0.026832
0.118517
0.034012
0.040205
0.062190
0.056146
0.036422
0.093814
0.079801
0.045728
0.033485
0.035381
0.026766
0.037232
0.050445
0.071394
0.037401
0.031014
0.030654
0.031065
0.033182
0.046660
0.084329
0.025970
0.022815
0.035819
0.030469
0.023153
0.026033
0.066066
0.045574
0.034532
0.046361
0.036634
0.027216
0.025134
0.083163
0.028764
0.027447
0.018221
0.021510
0.040634
0.062650
0.120491
0.138057
0.102595
0.058794
0.061555
0.065541
0.059833
0.042895
0.035880
0.040976
0.084841
0.030945
0.044060
0.035075
0.299711
0.257286
0.250940
0.073133
0.103254
0.114607
0.061158
0.084084
0.061865
0.040665
0.027035
0.111127
0.085259
0.062713
0.105208
0.045845
0.037281
0.039674
0.044887
0.051604
0.104781
0.049599
0.044564
0.048631
0.031306
0.097084
0.032872
0.276645
0.731077
0.404425
0.064316
0.118602
0.079172
0.056871
0.099604
0.089219
0.101039
0.222302
0.311110
0.116547
0.044177
0.034627
0.019627
0.064825
0.022186
0.030451
0.026457
0.030432
0.083525
0.055956
0.021570
0.042787
0.071912
0.451564
0.673651
0.604192
0.472492
0.586676
0.531629
0.499014
0.310116
0.130557
0.025458
0.059948
0.017377
0.023906
0.035926
0.033480
0.020063
0.030783
0.030468
0.078863
0.028121
0.028518
0.016685
0.028038
0.082951
0.019545
0.018007
0.028714
0.014268
0.042118
0.048733
0.026523
0.018909
0.024635
0.022738
0.030363
0.087020
0.017382
0.028148
0.024560
0.039275
0.028178
0.027414
0.063520
0.037992
0.022627
0.034998
0.017537
0.026381
0.035661
0.060874
0.031734
0.017264
0.029378
0.020601
0.021228
0.108279
0.028613
0.028545
0.030072
0.040656
0.034947
0.022943
0.042535
0.124459
0.031510
0.029184
0.027633
0.044134
0.025411
0.027911
0.064653
0.020466
0.033967
0.024906
0.028474
0.034690
0.030538
0.073649
0.041313
0.035433
0.034813
0.029963
0.039257
0.022887
0.037327
0.097096
0.028394
0.025570
0.034903
0.036285
0.035226
0.022085
0.067373
0.030788
0.026520
0.032982
0.016949
0.029377
0.032012
0.078809
0.035564
0.032846
0.053980
0.296709
0.027159
0.020547
0.066394
0.024019
0.034004
0.028996
0.031643
0.065040
0.029482
0.017347
0.022928
0.028690
0.091896
0.019746
0.023695
0.024350
0.021156
0.018465
0.084556
0.017488
0.018277
0.028821
0.027503
0.029892
0.325874
0.381031
0.267698
0.171538
0.027123
0.103844
0.038571
0.034159
0.023182
0.076178
0.034815
0.042269
0.036524
0.028566
0.084846
0.024662
0.022633
0.022972
0.023938
0.095880
0.074440
0.025753
0.029319
0.048124
0.020022
0.058153
0.036161
0.045303
0.034304
0.038085
0.037058
0.026173
0.068269
0.028401
0.026199
0.026883
0.033268
0.036904
0.025731
0.091988
0.028607
0.041585
0.017574
0.034473
0.031030
0.019066
0.254075
0.397463
0.070113
0.033074
0.088061
0.035977
0.058087
0.045774
0.077441
0.028855
0.053718
0.036124
0.068738
0.296629
0.387000
0.154798
0.026873
0.080010
0.029008
0.018696
0.028211
0.088427
0.021039
0.012888
0.019814
0.023923
0.077375
0.033761
0.017794
0.040109
0.022886
0.041437
0.052463
0.027356
0.017142
0.018399
0.046355
0.028665
0.067636
0.016747
0.019880
0.020691
0.013751
0.026872
0.020448
0.081951
0.015207
0.029151
0.034058
0.020672
0.024137
0.020860
0.066780
0.021302
0.039610
0.025446
0.029233
0.038977
0.029618
0.070240
0.043961
0.042169
0.027074
0.030162
0.022285
0.015010
0.053195
0.025446
0.026404
0.020467
0.030627
0.026353
0.022752
0.016987
0.119471
0.013583
0.032051
0.031174
0.023731
0.015418
0.022233
0.070557
0.021493
0.016947
0.020475
0.012714
0.022980
0.021963
0.068490
0.027095
0.015391
0.013918
0.029795
0.028063
0.098275
0.102309
0.064121
0.240495
0.125212
0.084360
0.065329
0.034823
0.033684
0.026409
0.021232
0.058261
0.036721
0.032475
0.162458
0.363623
0.147575
0.033241
0.059544
0.032737
0.032574
0.033320
0.066752
0.038804
0.092294
0.040989
0.073441
0.114229
0.092557
0.075416
0.059461
0.137270
0.075449
0.094886
0.066411
0.107651
0.094455
0.167820
0.076239
0.083103
0.049428
0.502665
0.414085
0.092987
0.071329
0.127372
0.075502
0.133554
0.264061
0.580576
0.362126
0.170180
0.236691
0.263974
0.071837
0.062806
0.068972
0.055573
0.036733
0.041548
0.080445
0.033807
0.054563
0.081154
0.128632
0.165927
0.166445
0.176256
0.107092
0.383028
0.513650
0.251640
0.266095
0.025408
0.033324
0.057568
0.027027
0.027027
0.051547
0.032007
0.015745
0.016898
0.010099
0.057374
0.015670
0.014183
0.010287
0.011603
0.073385
0.023617
0.020563
0.015488
0.018596
0.019901
0.029947
0.062816
0.026871
0.018233
0.032992
0.018077
0.027273
0.066853
0.018766
0.031272
0.025419
0.020659
0.027625
0.020117
0.081121
0.027214
0.036711
0.022756
0.029564
0.023946
0.060861
0.048589
0.024776
0.028388
0.037557
0.054991
0.035027
0.058167
0.058047
0.028452
0.035085
0.027709
0.036044
0.032960
0.052101
0.068105
0.025564
0.021358
0.021475
0.019086
0.020697
0.026266
0.072861
0.020780
0.024348
0.015996
0.028846
0.029642
0.053145
0.059260
0.025657
0.020220
0.025784
0.027172
0.019329
0.043789
0.108049
0.029499
0.030049
0.023151
0.022450
0.021239
0.022881
0.103514
0.023273
0.023843
0.018451
0.019120
0.027554
0.022022
0.091490
0.027197
0.019454
0.027202
0.026146
0.018892
0.021171
0.115744
0.031587
0.028386
0.035157
0.035827
0.031814
0.034330
0.114842
0.026929
0.027202
0.023980
0.054109
0.042334
0.033172
0.101748
0.023397
0.029143
0.045447
0.032596
0.039186
0.024761
0.075936
0.030137
0.036695
0.044131
0.045284
0.048628
0.061483
0.129658
0.061010
0.052605
0.053202
0.049946
0.058835
0.043072
0.133725
0.052738
0.036041
0.032678
0.047756
0.027100
0.033896
0.083914
0.025681
0.034327
0.045776
0.029395
0.034735
0.040201
0.115367
0.047539
0.052656
0.036625
0.035516
0.041968
0.042841
0.125321
0.054716
0.039210
0.053969
0.038404
0.045563
0.036294
0.108350
0.038330
0.111137
0.123300
0.116349
0.160931
0.143364
0.133549
0.058450
0.057283
0.089902
0.039541
0.058574
0.042055
0.124794
0.039293
0.056454
0.045087
0.057864
0.040095
0.114021
0.345710
0.355849
0.276098
0.049889
0.047451
0.107420
0.044745
0.041016
0.071493
0.077784
0.060556
0.194756
0.154982
0.139394
0.070138
0.061954
0.085882
0.080016
0.077941
0.092152
0.065126
0.050026
0.065875
0.076563
0.057502
0.129697
0.080155
0.053846
0.038990
0.050898
0.065363
0.065018
0.049091
0.038238
0.035148
0.132210
0.133785
0.153116
0.078866
0.060018
0.045299
0.072509
0.029819
0.030877
0.034664
0.089026
0.046258
0.034998
0.043827
0.027066
0.026438
0.033295
0.070922
0.036869
0.025396
0.032536
0.044345
0.019409
0.023791
0.072717
0.016713
0.016627
0.019976
0.014118
0.022713
0.015345
0.096268
0.019463
0.021060
0.016730
0.024273
0.016032
0.022749
0.082911
0.014011
0.017718
0.014805
0.017425
0.020625
0.016371
0.078922
0.040524
0.058474
0.053319
0.056991
0.029490
0.030812
0.029353
0.099399
0.025227
0.021985
0.032212
0.025717
0.016983
0.030445
0.109821
0.145659
0.063417
0.043767
0.071561
0.029113
0.024040
0.025596
0.036270
0.109258
0.043358
0.033701
0.032236
0.029944
0.384896
0.178573
0.063504
0.020638
0.036486
0.063554
0.017971
0.020906
0.030109
0.050994
0.029886
0.026128
0.029769
0.132231
0.309367
0.016263
0.021623
0.056894
0.015661
0.023504
0.017509
0.061547
0.079416
0.040297
0.078605
0.289195
0.025259
0.022230
0.068439
0.021262
0.023590
0.036403
0.025275
0.276098
0.232674
0.028999
0.031492
0.117475
0.198727
0.276377
0.015858
0.021904
0.083367
0.015982
0.027587
0.081394
0.015079
0.024099
0.016865
0.021437
0.077716
0.023356
0.023033
0.013823
0.022561
0.057327
0.021426
0.027979
0.023608
0.018877
0.023028
0.021591
0.065393
0.013519
0.018227
0.020738
0.020720
0.021962
0.051690
0.019470
0.016123
0.022130
0.016992
0.022626
0.022580
0.082031
0.014391
0.028289
0.027739
0.012995
0.014767
0.021158
0.073284
0.028408
0.029417
0.018460
0.025545
0.014722
0.021186
0.083453
0.023353
0.019569
0.022765
0.022739
0.226558
0.068520
0.162538
0.378162
0.035428
0.040726
0.079956
0.033403
0.031328
0.026799
0.084950
0.023750
0.076362
0.451700
0.339318
0.101719
0.028183
0.039615
0.067092
0.021495
0.030436
0.036152
0.061592
0.034669
0.033238
0.020780
0.080308
0.041907
0.048424
0.029879
0.035284
0.038095
0.057341
0.028631
0.023861
0.037400
0.025702
0.038482
0.028506
0.101474
0.038465
0.035127
0.032385
0.029476
0.034007
0.033551
0.136514
0.090900
0.148216
0.430563
0.143896
0.046544
0.034096
0.098380
0.038468
0.024919
0.027573
0.073897
0.031004
0.043283
0.085058
0.371876
0.064013
0.027849
0.067872
0.028373
0.047697
0.278139
0.228836
0.025240
0.030968
0.181651
0.021251
0.025877
0.014969
0.053809
0.021065
0.020642
0.023344
0.016843
0.073922
0.022765
0.023083
0.021078
0.035250
0.036461
0.092394
0.017039
0.022223
0.019380
0.023165
0.013714
0.088572
0.019890
0.022945
0.026689
0.026956
0.025607
0.015303
0.080508
0.015537
0.014625
0.015283
0.019473
0.021786
0.022721
0.091291
0.021754
0.018833
0.059798
0.050376
0.019795
0.020514
0.026779
0.093411
0.014897
0.017030
0.084630
0.085001
0.026631
0.122873
0.217977
0.190979
0.048691
0.024133
0.032408
0.070049
0.028975
0.023863
0.036961
0.081961
0.034277
0.024982
0.435641
0.292505
0.129639
0.047914
0.069100
0.046324
0.043671
0.034446
0.118195
0.015119
0.089020
0.071870
0.053521
0.022669
0.020974
0.025954
0.068662
0.016476
0.020072
0.022735
0.022569
0.014177
0.050839
0.020487
0.017207
0.018132
0.018796
0.019101
0.082406
0.023376
0.014002
0.019515
0.017813
0.014381
0.077818
0.146463
0.021448
0.021555
0.031213
0.019559
0.022046
0.017410
0.084899
0.019695
0.011680
0.019874
0.013670
0.026089
0.026202
0.051248
0.027658
0.016371
0.029480
0.012384
0.034297
0.032440
0.062139
0.046395
0.026863
0.072915
0.155653
0.075575
0.022484
0.024646
0.082919
0.019417
0.019416
0.019248
0.020520
0.014973
0.022992
0.064490
0.018405
0.020682
0.020946
0.024935
0.015873
0.022459
0.094385
0.014008
0.020598
0.132560
0.187649
0.552314
0.292870
0.529538
0.367389
0.134328
0.039673
0.078812
0.038421
0.041722
0.033521
0.066271
0.032542
0.062047
0.353771
0.396390
0.050908
0.017963
0.087601
0.024211
0.043431
0.061643
0.183539
0.278605
0.466474
0.022938
0.032720
0.048923
0.026180
0.024085
0.026125
0.021787
0.020913
0.088705
0.022211
0.018858
0.024360
0.019314
0.020005
0.098894
0.026470
0.019848
0.027503
0.028775
0.022562
0.021303
0.061408
0.021392
0.027153
0.056371
0.062607
0.275525
0.033710
0.040701
0.104242
0.023683
0.035537
0.026197
0.026476
0.034411
0.036698
0.088272
0.155712
0.359362
0.449171
0.407439
0.085864
0.041708
0.058641
0.027934
0.038054
0.044932
0.082571
0.042849
0.025897
0.041489
0.038760
0.087428
0.040779
0.028785
0.044496
0.031451
0.059029
0.056954
0.024874
0.023308
0.036096
0.026588
0.037087
0.081045
0.023925
0.039489
0.024024
0.042763
0.030435
0.054947
0.104935
0.143206
0.082855
0.030355
0.044405
0.033012
0.038198
0.106433
0.041774
0.034540
0.032345
0.046342
0.032952
0.054822
0.067321
0.034933
0.031550
0.032473
0.035385
0.022318
0.043531
0.103088
0.021395
0.032553
0.075052
0.066291
0.370284
0.110283
0.030160
0.055626
0.064837
0.021734
0.030070
0.033946
0.062300
0.017829
0.042555
0.040529
0.269822
0.253880
0.136488
0.012471
0.021614
0.089855
0.017456
0.023906
0.016215
0.068763
0.103078
0.140371
0.150425
0.045746
0.071834
0.019486
0.024702
0.021840
0.013954
0.021049
0.096708
0.016814
0.015493
0.030791
0.022948
0.026546
0.044738
0.027605
0.021444
0.029237
0.024544
0.026336
0.037735
0.091520
0.205971
0.109378
0.106454
0.173195
0.167794
0.386128
0.120783
0.143204
0.096749
0.083927
0.111354
0.123462
0.188384
0.089755
0.343209
0.506253
0.184232
0.131122
0.111773
0.109526
0.090496
0.174858
0.244747
0.114846
0.095326
0.120198
0.034901
0.016263
0.025582
0.063474
0.017568
0.023988
0.020945
0.022276
0.071354
0.022101
0.016559
0.012267
0.028759
0.021218
0.088454
0.016674
0.024363
0.025362
0.015122
0.020542
0.020402
0.074986
0.021585
0.020572
0.016612
0.018181
0.015384
0.040613
0.057841
0.019225
0.025054
0.021589
0.020651
0.022011
0.027015
0.080231
0.021173
0.019695
0.019942
0.112339
0.126944
0.085688
0.140972
0.031512
0.033683
0.016670
0.022408
0.021733
0.015270
0.040304
0.063155
0.018049
0.023158
0.022749
0.019559
0.024874
0.026960
0.075793
0.020454
0.017349
0.021312
0.022750
0.019281
0.016769
0.095956
0.016663
0.019184
0.020123
0.018733
0.013960
0.131632
0.037293
0.050798
0.021140
0.020685
0.016731
0.032181
0.024304
0.030921
0.092912
0.024039
0.017955
0.031256
0.017808
0.016490
0.014256
0.083964
0.025195
0.020090
0.016843
0.022942
0.024799
0.055750
0.138389
0.364823
0.325300
0.197431
0.074033
0.026228
0.056411
0.028412
0.041210
0.089150
0.026799
0.058454
0.049771
0.049757
0.040534
0.032866
0.116675
0.031885
0.040743
0.030673
0.045471
0.030736
0.042834
0.025666
0.095190
0.169802
0.152013
0.086284
0.045134
0.048489
0.023814
0.050989
0.094661
0.025002
0.057642
0.059470
0.044155
0.044762
0.042258
0.065642
0.019214
0.021362
0.025205
0.019386
0.068540
0.027148
0.021679
0.105232
0.027391
0.026135
0.024359
0.020319
0.026736
0.016341
0.015083
0.096989
0.018357
0.017045
0.024393
0.023847
0.014079
0.023097
0.069341
0.047918
0.044278
0.056266
0.054280
0.057380
0.039681
0.057611
0.067796
0.055803
0.092409
0.212986
0.222023
0.284755
0.188555
0.104647
0.101098
0.099535
0.053500
0.051192
0.020334
0.024685
0.050927
0.025616
0.014093
0.019126
0.022470
0.030097
0.128303
0.175248
0.146327
0.129730
0.110198
0.170652
0.172746
0.268513
0.177158
0.164177
0.123120
0.087381
0.057947
0.118953
0.025677
0.016089
0.192972
0.016164
0.024019
0.015645
0.017193
0.014911
0.029207
0.205201
0.023809
0.181244
0.090920
0.373701
0.375656
0.282822
0.355180
0.208157
0.183744
0.269826
0.240971
0.157892
0.180365
0.149064
0.184770
0.034697
0.120062
0.020182
0.029698
0.101137
0.095742
0.034329
0.139871
0.036903
0.168920
0.013809
0.118306
0.072954
0.161205
0.090614
0.180975
0.194440
0.203766
0.371485
0.481272
0.261252
0.263198
0.060137
0.090008
0.023636
0.148675
0.106796
0.125247
0.028348
0.101167
0.210652
0.066820
0.056163
0.184586
0.049826
0.119509
0.152632
0.184253
0.233811
0.144036
0.195910
0.374802
0.293579
0.262450
0.138533
0.172138
0.037514
0.119962
0.053167
0.185843
0.037017
0.128518
0.026799
0.194771
0.407938
0.172930
0.017515
0.021242
0.177981
0.031892
0.114216
0.062829
0.144522
0.022831
0.015606
0.219907
0.254668
0.172351
0.032354
0.021708
0.014221
0.025163
0.024236
0.017749
0.075254
0.020952
0.018958
0.014299
0.019971
0.016454
0.075535
0.015069
0.019874
0.024070
0.022753
0.021808
0.022723
0.167728
0.174203
0.408093
0.256957
0.645872
0.273818
0.053516
0.098447
0.042235
0.037263
0.034665
0.031616
0.076097
0.035453
0.124472
0.241671
0.319243
0.040161
0.020099
0.082459
0.017083
0.013456
0.016592
0.050684
0.032446
0.012196
0.013283
0.019054
0.030608
0.062187
0.016993
0.018247
0.011934
0.032746
0.049815
0.019354
0.019049
0.020394
0.012541
0.019769
0.012641
0.051983
0.016715
0.016955
0.012917
0.021311
0.012994
0.012518
0.081176
0.015849
0.026146
0.019143
0.014679
0.022870
0.013528
0.093475
0.020329
0.014823
0.011109
0.014393
0.012828
0.017178
0.093491
0.017184
0.018385
0.016210
0.015092
0.016628
0.020206
0.084309
0.012592
0.018168
0.015519
0.016435
0.094413
0.269057
0.051847
0.033300
0.069741
0.039000
0.020371
0.040330
0.022848
0.084939
0.021422
0.045983
0.059418
0.319410
0.391132
0.152666
0.018265
0.030047
0.051314
0.020397
0.019505
0.022719
0.069942
0.024766
0.106434
0.069302
0.137838
0.127465
0.020368
0.021965
0.018821
0.015149
0.013820
0.078173
0.016551
0.018406
0.016934
0.026821
0.016807
0.095533
0.026350
0.013046
0.022060
0.016692
0.015173
0.020779
0.054749
0.014028
0.018496
0.023577
0.014965
0.017789
0.021716
0.062144
0.012937
0.020166
0.021647
0.019213
0.020819
0.023491
0.105373
0.031995
0.028322
0.020577
0.018016
0.014655
0.014878
0.017493
0.084679
0.057110
0.061204
0.103623
0.275736
0.152039
0.125088
0.063745
0.022848
0.020294
0.016090
0.023208
0.021859
0.019710
0.088209
0.017115
0.028047
0.036026
0.018351
0.016302
0.020682
0.022226
0.076945
0.029797
0.027305
0.023236
0.109476
0.331818
0.171848
0.434006
0.106695
0.037096
0.089228
0.204559
0.202796
0.177043
0.054995
0.020958
0.027838
0.091634
0.124379
0.470551
0.233127
0.078377
0.021030
0.041707
0.050540
0.275736
0.108153
0.277874
0.330750
0.228381
0.290862
0.347101
0.640328
0.181616
0.062657
0.045592
0.083001
0.042101
0.024343
0.039006
0.074138
0.037454
0.031012
0.178872
0.236943
0.031991
0.021949
0.128562
0.133079
0.582512
0.384953
0.159583
0.133736
0.085324
0.107303
0.024068
0.094282
0.045993
0.030916
0.022281
0.018064
0.022615
0.033518
0.045917
0.020648
0.022469
0.022682
0.017666
0.035502
0.045699
0.016495
0.018037
0.026559
0.058745
0.075881
0.132861
0.025779
0.120350
0.128030
0.042913
0.064007
0.016705
0.077594
0.056115
0.019287
0.024568
0.018278
0.029306
0.033659
0.056731
0.020732
0.022817
0.019538
0.020201
0.015722
0.017083
0.054181
0.059571
0.022984
0.017119
0.019698
0.090683
0.041657
0.052404
0.027938
0.026059
0.047017
0.081076
0.018431
0.055755
0.059086
0.056410
0.047949
0.046737
0.074168
0.032222
0.021459
0.027787
0.057906
0.042373
0.114885
0.048593
0.044151
0.044481
0.363416
0.521517
0.216789
0.110876
0.146119
0.183203
0.293123
0.063617
0.025674
0.107889
0.037082
0.028346
0.035867
0.039390
0.030445
0.210501
0.041677
0.042798
0.088458
0.430596
0.243898
0.075810
0.107863
0.267445
0.030634
0.061586
0.269883
0.302181
0.237958
0.097185
0.026183
0.087829
0.056152
0.036750
0.045313
0.056796
0.091765
0.045723
0.019807
0.035455
0.045194
0.039303
0.065737
0.043209
0.060847
0.051459
0.028827
0.034681
0.273418
0.471528
0.511234
0.309608
0.200958
0.230153
0.285574
0.264209
0.262281
0.161412
0.121972
0.126507
0.038074
0.124966
0.020563
0.458189
0.070211
0.374251
0.491764
0.757767
0.311843
0.310917
0.253214
0.330405
0.193061
0.417873
0.326025
0.159655
0.241628
0.138188
0.222518
0.117215
0.080318
0.129108
0.104736
0.071459
0.068134
0.070206
0.084518
0.036299
0.175544
0.140669
0.228095
0.191292
0.243918
0.174174
0.205087
0.188296
0.166713
0.198401
0.279022
0.203577
0.142460
0.181199
0.134676
0.124966
0.119419
0.078892
0.031284
0.064151
0.064886
0.036042
0.019086
0.122707
0.017542
0.163746
0.140355
0.285864
0.435272
0.542433
0.356031
0.207770
0.220547
0.202642
0.570444
0.506413
0.601854
0.242752
0.243939
0.179435
0.136156
0.140723
0.071199
0.133721
0.051338
0.125658
0.043711
0.352815
0.148791
0.209159
0.170169
0.142426
0.301802
0.344458
0.230022
0.200671
0.320890
0.234160
0.277437
0.543991
0.580442
0.217298
0.061186
0.149310
0.093401
0.077966
0.051552
0.099505
0.020727
0.020409
0.025393
0.086721
0.055815
0.144040
0.050954
0.207813
0.098521
0.262181
0.259853
0.193221
0.163511
0.178796
0.269718
0.281965
0.266185
0.150800
0.161237
0.039873
0.157796
0.025794
0.103434
0.084944
0.014821
0.017650
0.015858
0.019100
0.016554
0.082207
0.222972
0.043772
0.234428
0.086747
0.194441
0.274559
0.284251
0.444585
0.448055
0.422568
0.505432
0.299256
0.124323
0.061044
0.254398
0.025245
0.125271
0.020327
0.021021
0.095530
0.021919
0.101936
0.073241
0.130752
0.059167
0.196223
0.124153
0.193526
0.291649
0.208445
0.248016
0.308890
0.336629
0.117523
0.177590
0.078743
0.247657
0.113656
0.084011
0.090254
0.039787
0.014655
0.016759
0.116121
0.012991
0.022488
0.030653
0.122556
0.079860
0.141923
0.252957
0.188869
0.291385
0.226086
0.198107
0.217503
0.179912
0.248211
0.300662
0.205717
0.221981
0.073626
0.177124
0.094982
0.068470
0.242099
0.025966
0.119882
0.050312
0.077471
0.106075
0.121647
0.355128
0.226876
0.429330
0.573193
0.552687
0.725246
0.521817
0.258441
0.208120
0.204638
0.212679
0.282211
0.260984
0.260765
0.264225
0.256335
0.216766
0.139692
0.173082
0.179900
0.087349
0.224602
0.089703
0.174462
0.148388
0.210715
0.578706
0.418572
0.643732
0.508707
0.265324
0.238224
0.291894
0.193316
0.256708
0.242840
0.185950
0.285823
0.213126
0.273222
0.155678
0.205648
0.089612
0.141978
0.158578
0.088521
0.114464
0.164993
0.236769
0.241744
0.157787
0.227381
0.132826
0.117028
0.071790
0.145107
0.475108
0.319358
0.402725
0.138487
0.105178
0.093788
0.043497
0.096807
0.072691
0.027390
0.174538
0.041809
0.165290
0.020291
0.230668
0.102977
0.187242
0.367675
0.309114
0.277860
0.202586
0.289699
0.215230
0.375793
0.517977
0.678502
0.392860
0.303130
0.259097
0.210401
0.276482
0.165744
0.198490
0.148493
0.101354
0.140003
0.137633
0.175027
0.147698
0.030076
0.186036
0.050995
0.252982
0.182408
0.049168
0.323116
0.400715
0.414886
0.268903
0.181689
0.218041
0.222041
0.180219
0.022720
0.176570
0.026484
0.025830
0.249154
0.042253
0.026053
0.026875
0.019477
0.079484
0.141627
0.105268
0.211978
0.178817
0.293747
0.273866
0.270061
0.423069
0.272180
0.450603
0.324980
0.294521
0.232127
0.262134
0.230888
0.164600
0.134412
0.164083
0.060425
0.133418
0.112913
0.114781
0.270950
0.142654
0.103917
0.213483
0.418362
0.410325
0.169158
0.251135
0.264771
0.286567
0.222032
0.203417
0.310444
0.228219
0.172392
0.169100
0.101436
0.177640
0.090876
0.028917
0.068634
0.073973
0.027307
0.093462
0.021902
0.021360
0.054019
0.179298
0.044738
0.187882
0.221917
0.056380
0.283900
0.176586
0.123433
0.235705
0.021152
0.280594
0.017911
0.091070
0.053704
0.021032
0.024197
0.039868
0.145174
0.058362
0.049104
0.055139
0.025118
0.066380
0.218198
0.043797
0.254229
0.116396
0.110568
0.229769
0.080703
0.224997
0.409986
0.350518
0.311254
0.376168
0.164401
0.159487
0.071145
0.063820
0.144406
0.061429
0.049843
0.068452
0.051651
0.125371
0.294853
0.036665
0.164310
0.308188
0.112558
0.036170
0.080348
0.023423
0.035218
0.032561
0.037385
0.095722
0.042039
0.027283
0.040296
0.024444
0.105993
0.033108
0.037940
0.037503
0.040501
0.032057
0.031120
0.074004
0.022004
0.030245
0.025454
0.027678
0.029009
0.030097
0.070828
0.035010
0.041405
0.045475
0.045904
0.036064
0.023810
0.075581
0.045814
0.041171
0.041866
0.033357
0.036622
0.040884
0.037459
0.117044
0.026448
0.033642
0.036562
0.028354
0.023811
0.032879
0.036769
0.081951
0.170474
0.253460
0.311736
0.202253
0.322045
0.230873
0.155735
0.110002
0.287028
0.218174
0.125153
0.170752
0.044599
0.184737
0.040713
0.144323
0.064335
0.021044
0.036912
0.110630
0.035972
0.078566
0.158545
0.029445
0.116031
0.054793
0.111833
0.097816
0.240928
0.050002
0.183403
0.020232
0.131764
0.013329
0.019742
0.020244
0.061071
0.023030
0.011493
0.013211
0.019488
0.013012
0.015315
0.093966
0.017404
0.019229
0.019110
0.019510
0.022076
0.033124
0.016137
0.220411
0.263143
0.231949
0.093357
0.071337
0.084561
0.016469
0.027190
0.048879
0.015636
0.017124
0.018519
0.015114
0.013154
0.017787
0.060500
0.019207
0.020511
0.040631
0.348448
0.185219
0.026897
0.227407
0.333339
0.220782
0.101277
0.133277
0.068812
0.104386
0.133957
0.065355
0.049210
0.023987
0.023096
0.022195
0.027415
0.027257
0.038638
0.044240
0.042951
0.059980
0.059217
0.062388
0.056373
0.056255
0.085729
0.112803
0.090285
0.059918
0.066795
0.072737
0.093411
0.061000
0.035630
0.050426
0.046664
0.074961
0.030648
0.026779
0.029626
0.018688
0.025677
0.021785
0.030981
0.076732
0.030690
0.031132
0.026801
0.065844
0.114228
0.096117
0.195754
0.211182
0.334777
0.400166
0.336180
0.255030
0.101752
0.045591
0.079712
0.031923
0.023596
0.032361
0.024763
0.024620
0.031745
0.029576
0.068148
0.039034
0.026340
0.019173
0.025003
0.025038
0.125382
0.139633
0.166107
0.164787
0.235503
0.118331
0.369672
0.175684
0.073495
0.078242
0.043809
0.032973
0.045186
0.044709
0.152762
0.046651
0.090464
0.100847
0.179653
0.057809
0.183082
0.128099
0.210851
0.265527
0.152914
0.219880
0.364937
0.387741
0.527061
0.474923
0.335359
0.158506
0.133777
0.094543
0.043752
0.097328
0.068091
0.024105
0.035419
0.039492
0.091113
0.031755
0.036724
0.044460
0.041408
0.044484
0.083178
0.195809
0.126569
0.148821
0.189575
0.409293
0.288205
0.086263
0.230940
0.336683
0.296673
0.304834
0.298853
0.181419
0.130658
0.095488
0.049221
0.117380
0.061732
0.043556
0.383436
0.071307
0.135824
0.121517
0.363689
0.422145
0.261466
0.201833
0.434814
0.315935
0.142708
0.171952
0.064302
0.245275
0.027871
0.127922
0.060044
0.079526
0.134990
0.037562
0.035926
0.043004
0.034466
0.048643
0.079712
0.037448
0.101093
0.042896
0.152984
0.073688
0.186938
0.158705
0.116568
0.267901
0.113273
0.201108
0.168703
0.109398
0.278347
0.070453
0.154925
0.113239
0.078528
0.031733
0.150249
0.071105
0.098219
0.034699
0.156807
0.064734
0.172506
0.083341
0.277241
0.121644
0.252558
0.255037
0.225204
0.313963
0.342795
0.436298
0.576770
0.628436
0.287364
0.256985
0.260795
0.160720
0.167328
0.107332
0.079958
0.117431
0.031877
0.115555
0.350524
0.033435
0.213425
0.122104
0.244499
0.226489
0.309188
0.234005
0.236679
0.290431
0.411392
0.380780
0.458814
0.261046
0.180814
0.212139
0.133259
0.201600
0.125955
0.087323
0.086835
0.197139
0.130543
0.102248
0.070192
0.138482
0.124692
0.117341
0.361052
0.402238
0.295945
0.273307
0.176846
0.252800
0.169419
0.332892
0.208302
0.241966
0.266721
0.127768
0.113272
0.169476
0.124084
0.130709
0.066339
0.138124
0.052534
0.103361
0.048622
0.148349
0.168353
0.149395
0.185006
0.107142
0.258485
0.301897
0.346599
0.749057
0.403062
0.365555
0.302514
0.236496
0.164072
0.242687
0.223923
0.215686
0.188874
0.109664
0.065401
0.142084
0.118532
0.136437
0.103463
0.120838
0.115211
0.148204
0.212799
0.255989
0.285535
0.342512
0.215860
0.425831
0.437194
0.199173
0.237832
0.241133
0.277838
0.295421
0.238084
0.176977
0.278026
0.187832
0.168824
0.136392
0.152636
0.030293
0.479966
0.406717
0.261603
0.146289
0.416886
0.566806
0.292792
0.319476
0.246557
0.497654
0.534656
0.422424
0.465645
0.226755
0.264774
0.171325
0.242812
0.052239
0.126318
0.075821
0.064787
0.066834
0.020978
0.096050
0.015315
0.016695
0.092539
0.089400
0.177654
0.210416
0.143035
0.200126
0.310525
0.282056
0.175247
0.307863
0.265775
0.188078
0.265837
0.144883
0.123072
0.086725
0.127182
0.103930
0.016977
0.023145
0.013301
0.020985
0.014955
0.213978
0.016811
0.180508
0.330393
0.229328
0.239107
0.295429
0.204398
0.299196
0.229820
0.304915
0.237896
0.181397
0.279762
0.211315
0.353803
0.240115
0.288101
0.075627
0.137088
0.163083
0.036207
0.160734
0.031300
0.169218
0.159215
0.190229
0.333543
0.247730
0.204913
0.164055
0.161049
0.303632
0.266545
0.110935
0.284842
0.272912
0.158847
0.076414
0.072708
0.135179
0.020169
0.122547
0.021838
0.217422
0.016479
0.011982
0.015937
0.126394
0.014381
0.170149
0.091768
0.245273
0.168129
0.211920
0.257664
0.323773
0.609374
0.548704
0.414319
0.248970
0.399424
0.221339
0.256467
0.227165
0.140832
0.170984
0.327431
0.171006
0.126455
0.174910
0.601867
0.279911
0.320140
0.254880
0.420231
0.620844
0.542905
0.316230
0.540562
0.652850
0.432209
0.513027
0.412484
0.405631
0.294106
0.172838
0.246460
0.309607
0.182847
0.046537
0.235990
0.041200
0.031264
0.092990
0.114269
0.037520
0.115267
0.079935
0.055522
0.189797
0.278660
0.222944
0.392893
0.545158
0.518994
0.224580
0.118313
0.229412
0.250979
0.080445
0.024085
0.210072
0.020519
0.021688
0.070231
0.027469
0.025162
0.135578
0.209138
0.021071
0.017865
0.150498
0.210016
0.300563
0.360968
0.237422
0.255062
0.281188
0.201296
0.274453
0.250158
0.253646
0.298285
0.204048
0.030176
0.130870
0.031082
0.059651
0.123572
0.020312
0.018106
0.013222
0.012798
0.276951
0.099020
0.127557
0.262717
0.201250
0.236709
0.240728
0.335833
0.221002
0.277428
0.303747
0.250092
0.189927
0.229585
0.374469
0.285226
0.252697
0.216789
0.205266
0.275720
0.078168
0.060173
0.161980
0.017798
0.127905
0.125153
0.091662
0.171635
0.307212
0.225531
0.247318
0.190726
0.214386
0.180677
0.272524
0.240667
0.322945
0.315816
0.340107
0.207272
0.240447
0.142779
0.157100
0.122958
0.085165
0.102861
0.084406
0.234210
0.065279
0.273990
0.148866
0.497786
0.583416
0.563936
0.609899
0.458291
0.586251
0.761520
0.373354
0.245424
0.281917
0.286846
0.255827
0.221390
0.197734
0.154698
0.142888
0.202215
0.122963
0.109184
0.105491
0.076333
0.143644
0.201657
0.173580
0.185289
0.295100
0.236944
0.209157
0.290777
0.350553
0.473575
0.188133
0.208647
0.194356
0.271329
0.155775
0.173589
0.148750
0.157976
0.126209
0.091308
0.090356
0.147065
0.125968
0.128508
0.115993
0.112601
0.170541
0.179477
0.344582
0.209042
0.273421
0.254207
0.335494
0.635056
0.686588
1.000000
0.201531
0.190275
0.304090
0.255145
0.162707
0.253194
0.145291
0.142940
0.127685
0.198596
0.171103
0.153411
0.201796
0.281326
0.185557
0.380213
0.698159
0.430922
0.281967
0.172953
0.216620
0.359313
0.304738
0.184500
0.301710
0.296256
0.246034
0.220622
0.118947
0.189842
0.196216
0.086041
0.166431
0.197256
0.067236
0.130870
0.160767
0.062698
0.124885
0.168050
0.100554
0.265076
0.076985
0.227773
0.145524
0.098156
0.131056
0.124353
0.101996
0.159441
0.176258
0.038068
0.142088
0.124135
0.027343
0.117938
0.016223
0.144235
0.014352
0.112216
0.028776
0.160261
0.119403
0.074015
0.215956
0.337933
0.253245
0.269290
0.289038
0.172140
0.192462
0.357410
0.274591
0.239967
0.271346
0.088360
0.102761
0.089264
0.177601
0.040086
0.091707
0.021581
0.076133
0.037732
0.074063
0.111467
0.207146
0.104078
0.202121
0.090546
0.200848
0.265667
0.145375
0.301793
0.145907
0.184707
0.076376
0.177840
0.040824
0.085804
0.089652
0.146313
0.015755
0.013059
0.012988
0.015288
0.023671
0.020542
0.061853
0.048426
0.152415
0.054360
0.204022
0.174519
0.370537
0.559292
0.309511
0.294184
0.384808
0.623020
0.304873
0.331707
0.213127
0.183157
0.170355
0.087548
0.099470
0.071637
0.021289
0.147419
0.193544
0.111696
0.109997
0.070152
0.207114
0.101767
0.166788
0.257821
0.188759
0.312652
0.571767
0.615234
0.288156
0.335223
0.234799
0.265224
0.310364
0.231487
0.195634
0.207743
0.231741
0.161947
0.097736
0.116727
0.243978
0.453050
0.109962
0.180112
0.122986
0.170860
0.556398
0.257500
0.093739
0.244763
0.260941
0.551140
0.505069
0.578591
0.576995
0.147555
0.158874
0.095388
0.081602
0.057258
0.168528
0.019055
0.015348
0.055516
0.106223
0.017339
0.048128
0.115549
0.162146
0.114605
0.233821
0.285311
0.191368
0.711936
0.712315
0.585302
0.776340
0.353230
0.301138
0.296042
0.201810
0.177449
0.110924
0.136416
0.022399
0.112173
0.091913
0.038660
0.058527
0.226563
0.016412
0.103143
0.141690
0.179676
0.243265
0.358292
0.335893
0.253670
0.272267
0.188502
0.265033
0.284871
0.255546
0.192247
0.191166
0.184776
0.046228
0.202895
0.012815
0.161277
0.011778
0.014705
0.084792
0.012222
0.100859
0.094795
0.067769
0.274526
0.067109
0.226253
0.224399
0.167301
0.325125
0.192427
0.226989
0.117218
0.234029
0.179263
0.216838
0.030413
0.150356
0.018804
0.168047
0.053050
0.018868
0.022908
0.017202
0.062557
0.019476
0.131799
0.195559
0.377715
0.548390
0.285523
0.269299
0.209829
0.158995
0.428143
0.363815
0.345993
0.191803
0.211442
0.248342
0.053712
0.205342
0.031402
0.172969
0.025802
0.024307
0.154346
0.100035
0.362335
0.074010
0.124176
0.132147
0.117710
0.311436
0.202884
0.136193
0.357794
0.165938
0.324098
0.470365
0.446603
0.585440
0.254185
0.094744
0.147583
0.097028
0.020601
0.098106
0.077308
0.017715
0.053444
0.047530
0.019105
0.023807
0.200736
0.127812
0.234035
0.204974
0.292506
0.242019
0.296446
0.296718
0.329121
0.215742
0.250743
0.211820
0.182111
0.132140
0.054304
0.084684
0.186248
0.016591
0.043977
0.060057
0.017321
0.017569
0.129483
0.039539
0.152156
0.128086
0.141177
0.262047
0.112177
0.268074
0.173864
0.410765
0.632118
0.303720
0.473055
0.357702
0.151303
0.122023
0.095661
0.112502
0.127226
0.047291
0.052811
0.061690
0.017366
0.011917
0.184871
0.030087
0.016803
0.057410
0.086802
0.024728
0.159990
0.112204
0.093128
0.154880
0.066505
0.078853
0.054374
0.016109
0.020042
0.094590
0.030735
0.019380
0.015832
0.012297
0.019016
0.017329
0.013019
0.095847
0.010559
0.012544
0.013508
0.021446
0.091509
0.160842
0.132292
0.057482
0.233464
0.096689
0.424610
0.110885
0.144430
0.163867
0.059945
0.118792
0.016765
0.053178
0.105467
0.017706
0.015338
0.010927
0.016963
0.019451
0.072217
0.015899
0.020230
0.019030
0.021676
0.160633
0.082212
0.173330
0.035916
0.192013
0.033113
0.140262
0.018908
0.180208
0.011223
0.012745
0.151299
0.018757
0.017480
0.015808
0.064833
0.012890
0.019811
0.015088
0.016783
0.012881
0.017025
0.157511
0.036632
0.061717
0.100869
0.121136
0.092068
0.245280
0.109291
0.152975
0.210054
0.030213
0.158247
0.015853
0.126677
0.016700
0.089779
0.078197
0.017852
0.016393
0.019857
0.012412
0.018238
0.015161
0.116489
0.147219
0.061948
0.174330
0.097664
0.276224
0.034675
0.080657
0.018940
0.031599
0.020463
0.019647
0.016373
0.020919
0.018833
0.066404
0.020574
0.016247
0.015567
0.021159
0.022175
0.020601
0.064965
0.023852
0.019760
0.014691
0.014488
0.015585
0.013900
0.014421
0.066159
0.346954
0.570135
0.646881
0.748877
0.406948
0.302649
0.270301
0.244825
0.262624
0.133943
0.158594
0.127642
0.079655
0.071055
0.050686
0.268076
0.024521
0.196279
0.068947
0.211724
0.404754
0.210783
0.101189
0.028408
0.149610
0.132257
0.014980
0.131484
0.184485
0.016800
0.082401
0.134048
0.013784
0.016518
0.098206
0.089417
0.016489
0.014060
0.019202
0.015487
0.169734
0.135825
0.016275
0.221419
0.164065
0.071924
0.206845
0.199821
0.314434
0.290866
0.218727
0.213012
0.138235
0.118482
0.086803
0.203130
0.043001
0.092033
0.046852
0.049648
0.044850
0.147892
0.064074
0.318931
0.043510
0.197129
0.247734
0.078604
0.229015
0.169263
0.162205
0.737236
0.323499
0.097682
0.207333
0.184586
0.133040
0.103938
0.046380
0.165008
0.029718
0.091128
0.045839
0.017523
0.016734
0.070473
0.029539
0.032406
0.030847
0.032099
0.179985
0.114026
0.257148
0.132354
0.243903
0.141888
0.194590
0.175748
0.263708
0.175939
0.136235
0.153809
0.037861
0.096744
0.031562
0.196294
0.033597
0.035706
0.025779
0.023768
0.024181
0.026178
0.056917
0.149082
0.025063
0.020490
0.144184
0.055501
0.155539
0.072555
0.270652
0.107723
0.205891
0.276624
0.195727
0.122732
0.073087
0.213220
0.101948
0.041992
0.114174
0.022764
0.128673
0.019223
0.107147
0.164070
0.055441
0.106934
0.193696
0.392753
0.051292
0.193290
0.272639
0.111627
0.191219
0.192842
0.285481
0.186760
0.087696
0.146915
0.069702
0.068239
0.079935
0.089739
0.021910
0.016509
0.021022
0.020393
0.071758
0.014919
0.015236
0.018971
0.015741
0.124332
0.024991
0.059976
0.104375
0.016258
0.047582
0.016346
0.019627
0.049913
0.082128
0.024129
0.025009
0.017164
0.022690
0.018011
0.016042
0.021808
0.067961
0.014615
0.019077
0.017096
0.032254
0.021116
0.025574
0.067901
0.013368
0.024857
0.015984
0.020815
0.338651
0.066295
0.053917
0.031044
0.065725
0.033252
0.048335
0.039141
0.041892
0.097977
0.035007
0.045375
0.046756
0.048623
0.031314
0.103273
0.045769
0.043505
0.050199
0.041027
0.034995
0.045780
0.087825
0.031579
0.037188
0.227341
0.225521
0.222534
0.274085
0.326657
0.199804
0.184152
0.246930
0.166034
0.054708
0.013258
0.145395
0.015969
0.021328
0.155841
0.015713
0.081012
0.047766
0.044535
0.140724
0.152340
0.059227
0.190180
0.263662
0.214969
0.113713
0.235783
0.094743
0.163149
0.066652
0.101342
0.021543
0.100782
0.017299
0.020131
0.069381
0.016171
0.016887
0.020253
0.016943
0.169266
0.031206
0.142508
0.128724
0.170357
0.165460
0.209740
0.246554
0.297754
0.276713
0.203281
0.116360
0.148290
0.115497
0.079489
0.096419
0.035289
0.146905
0.050645
0.028294
0.100372
0.015442
0.030857
0.148900
0.083872
0.233995
0.098931
0.258599
0.221520
0.281878
0.232500
0.335737
0.332854
0.263961
0.167035
0.270979
0.203585
0.260445
0.227066
0.188145
0.068338
0.142292
0.030108
0.120646
0.015555
0.044567
0.160084
0.016815
0.180856
0.033074
0.190932
0.080318
0.088426
0.154597
0.048103
0.135936
0.022750
0.031314
0.179371
0.021937
0.021441
0.079942
0.018434
0.018229
0.119731
0.016671
0.021145
0.019989
0.061407
0.018623
0.022527
0.026958
0.020740
0.106488
0.068286
0.033703
0.246059
0.016513
0.162504
0.118905
0.514341
0.846374
0.752616
0.584008
0.829115
0.349579
0.105542
0.152934
0.067888
0.110184
0.092720
0.105855
0.048829
0.042494
0.270923
0.084839
0.025958
0.061718
0.124877
0.086476
0.182591
0.128017
0.542711
0.211795
0.159904
0.214828
0.226615
0.105239
0.127575
0.067407
0.238185
0.037979
0.114923
0.042484
0.077525
0.078753
0.094915
0.020481
0.036363
0.120374
0.042757
0.031530
0.178492
0.034795
0.189931
0.039588
0.109616
0.077172
0.150924
0.120349
0.470849
0.566306
0.664898
0.459568
0.121406
0.089949
0.174928
0.052076
0.147616
0.048255
0.065201
0.166861
0.152405
0.025943
0.074430
0.224126
0.026633
0.189898
0.098340
0.576658
0.280305
0.244124
0.086501
0.276320
0.184831
0.095731
0.161518
0.066307
0.145278
0.097333
0.036156
0.024611
0.083731
0.118760
0.039736
0.017216
0.032420
0.032359
0.202554
0.086762
0.026258
0.027577
0.023840
0.132364
0.072431
0.027612
0.042191
0.211775
0.099849
0.038021
0.059475
0.153322
0.051770
0.025245
0.084898
0.021734
0.023208
0.163159
0.049811
0.030612
0.021134
0.027814
0.061528
0.254918
0.062497
0.141591
0.481186
0.497312
0.248196
0.318733
0.326926
0.778869
0.800487
0.241238
0.225838
0.112131
0.179231
0.039988
0.093599
0.054679
0.147121
0.046104
0.031162
0.219327
0.289198
0.045070
0.019433
0.046140
0.221951
0.056136
0.043670
0.121142
0.114836
0.179714
0.081008
0.167991
0.048086
0.130526
0.072949
0.018640
0.110084
0.043269
0.028252
0.028240
0.075779
0.030645
0.022897
0.030637
0.028027
0.024069
0.027216
0.067089
0.243268
0.072396
0.134658
0.198537
0.481580
0.160967
0.259408
0.181622
0.205949
0.166961
0.100547
0.109189
0.124656
0.052409
0.026646
0.094414
0.054755
0.039148
0.085622
0.033155
0.030252
0.035850
0.050954
0.133657
0.090753
0.176348
0.170245
0.312660
0.172768
0.249035
0.195053
0.126635
0.347497
0.149568
0.109286
0.112565
0.138059
0.043235
0.211803
0.045965
0.017951
0.118357
0.028142
0.015379
0.030524
0.018600
0.172044
0.016020
0.018946
0.138720
0.012082
0.100082
0.118207
0.072488
0.091106
0.065555
0.065450
0.179300
0.579578
0.021269
0.012958
0.071933
0.141584
0.019674
0.015453
0.021091
0.054240
0.030205
0.014449
0.019539
0.012909
0.090490
0.130266
0.016135
0.124992
0.155668
0.020291
0.562624
0.326001
0.156942
0.035324
0.176987
0.015249
0.141769
0.061060
0.020445
0.018066
0.014477
0.137427
0.077633
0.014947
0.029830
0.022917
0.018550
0.012952
0.113816
0.092515
0.085696
0.229781
0.076835
0.280740
0.211519
0.189614
0.108935
0.131241
0.111367
0.055033
0.088254
0.103179
0.056933
0.016270
0.013383
0.017317
0.013966
0.020687
0.020257
0.061235
0.027509
0.024606
0.185274
0.022224
0.148970
0.189940
0.246178
0.260644
0.221927
0.260398
0.289109
0.094275
0.282922
0.085528
0.234642
0.022558
0.138197
0.016432
0.150220
0.013287
0.016178
0.170221
0.021694
0.016422
0.154348
0.017189
0.068926
0.115635
0.091561
0.216593
0.082849
0.138689
0.090682
0.196577
0.140897
0.290150
0.270892
0.020107
0.016317
0.078646
0.024398
0.027023
0.043085
0.031499
0.088033
0.025621
0.019694
0.096426
0.063679
0.017232
0.012458
0.022424
0.061473
0.012842
0.014065
0.083377
0.069974
0.022801
0.075769
0.512731
0.438842
0.314403
0.287229
0.053183
0.065057
0.123996
0.073832
0.057802
0.041749
0.089976
0.146136
0.539300
0.039666
0.050784
0.101542
0.066314
0.088298
0.060671
0.065762
0.235040
0.342561
0.057022
0.067581
0.078169
0.043898
0.047237
0.058233
0.061602
0.119795
0.061994
0.047414
0.043184
0.042507
0.123249
0.032599
0.048330
0.033854
0.050134
0.039766
0.043295
0.095087
0.040842
0.055984
0.042241
0.046769
0.039987
0.055338
0.100922
0.056923
0.649300
0.221957
0.149072
0.219476
0.184578
0.102216
0.024188
0.130943
0.021261
0.088228
0.583916
0.149012
0.012964
0.021107
0.147249
0.109125
0.082067
0.160610
0.124626
0.277219
0.157337
0.166265
0.171707
0.146322
0.118682
0.056572
0.017539
0.066781
0.014736
0.068918
0.013317
0.104057
0.058555
0.016578
0.021508
0.018485
0.019199
0.010961
0.117548
0.030015
0.106788
0.165578
0.103204
0.080735
0.100949
0.186810
0.110035
0.100307
0.117771
0.033956
0.116393
0.079981
0.051832
0.063815
0.018981
0.014041
0.108233
0.026001
0.023255
0.037768
0.094270
0.076183
0.071609
0.142657
0.171827
0.123313
0.119821
0.337007
0.187863
0.258767
0.719404
0.534378
0.486274
0.027650
0.021119
0.155369
0.042368
0.021729
0.078194
0.067882
0.025225
0.116589
0.480858
0.229564
0.064250
0.021940
0.052051
0.235075
0.147558
0.211673
0.199362
0.526958
0.225947
0.127284
0.255364
0.062646
0.168917
0.052771
0.056568
0.042427
0.060524
0.087528
0.018173
0.018150
0.063425
0.029620
0.031086
0.016812
0.018297
0.032492
0.174956
0.149286
0.212791
0.206885
0.174101
0.287094
0.242953
0.202932
0.193070
0.217047
0.139868
0.019649
0.144257
0.115914
0.020347
0.019568
0.037205
0.060785
0.019277
0.036711
0.383839
0.050966
0.027199
0.189762
0.065504
0.271039
0.211459
0.208065
0.183931
0.219512
0.164314
0.277365
0.236854
0.155789
0.160504
0.112529
0.082829
0.073600
0.044308
0.025244
0.088273
0.105578
0.015327
0.014166
0.019773
0.027206
0.095932
0.051881
0.132017
0.125488
0.217864
0.211459
0.189276
0.502477
0.523096
0.757466
0.550909
0.444680
0.295129
0.224519
0.094582
0.139289
0.094965
0.064916
0.096656
0.087082
0.020803
0.200897
0.959982
0.574257
0.096933
0.023972
0.104640
0.256114
0.040967
0.229127
0.269283
0.357645
0.259190
0.236673
0.157159
0.184063
0.080648
0.206632
0.040126
0.209725
0.011216
0.149105
0.026566
0.029621
0.211596
0.022894
0.047496
0.063721
0.015138
0.105891
0.077475
0.091992
0.173873
0.017247
0.169859
0.078668
0.128881
0.135597
0.050969
0.164550
0.060135
0.016418
0.011145
0.016039
0.020092
0.012723
0.073213
0.018575
0.016289
0.019488
0.059682
0.035071
0.018387
0.020363
0.078832
0.018898
0.018744
0.020234
0.112438
0.241505
0.286660
0.083005
0.013736
0.016773
0.018664
0.013379
0.014878
0.014339
0.047610
0.051825
0.020460
0.016955
0.017305
0.012821
0.029506
0.014457
0.059887
0.019527
0.013387
0.019664
0.011432
0.020065
0.024037
0.043569
0.330853
0.027788
0.022032
0.039704
0.059685
0.022033
0.028814
0.031049
0.054882
0.020093
0.023353
0.021679
0.026578
0.033837
0.030579
0.082776
0.021112
0.019066
0.028258
0.032162
0.019577
0.030394
0.073320
0.030357
0.034912
0.038589
0.390903
0.294709
0.185390
0.166991
0.173140
0.160705
0.067618
0.116844
0.048997
0.129465
0.023560
0.112217
0.521432
0.384158
0.102125
0.016541
0.259156
0.115718
0.042710
0.278265
0.065063
0.443976
0.546388
0.193659
0.088493
0.030457
0.130703
0.028837
0.026007
0.034316
0.029117
0.090532
0.021060
0.023134
0.031009
0.023346
0.051608
0.046887
0.023018
0.033770
0.028301
0.040571
0.023113
0.245400
0.312409
0.508542
0.044887
0.163717
0.491893
0.520439
0.401057
0.073074
0.119345
0.141683
0.070369
0.072200
0.194557
0.040170
0.101100
0.417513
0.439870
0.220986
0.062722
0.012782
0.049277
0.015863
0.023287
0.020468
0.017357
0.073040
0.071051
0.022125
0.024859
0.023633
0.058311
0.026917
0.015667
0.020299
0.018500
0.023114
0.026991
0.085536
0.018576
0.018550
0.020201
0.014178
0.021441
0.023861
0.018179
0.072170
0.034742
0.355296
0.298585
0.353285
0.243286
0.019324
0.025933
0.090024
0.014825
0.025285
0.015015
0.016007
0.021098
0.019548
0.017033
0.063827
0.025538
0.026200
0.024084
0.014919
0.023557
0.023084
0.048957
0.036439
0.016709
0.014730
0.021088
0.019319
0.295815
0.177755
0.299451
0.173077
0.161435
0.157017
0.175872
0.217785
0.139229
0.011508
0.081222
0.173612
0.014933
0.014825
0.015833
0.016720
0.014512
0.019113
0.040473
0.037447
0.018123
0.023243
0.019061
0.123451
0.014440
0.019690
0.045686
0.048485
0.017714
0.027856
0.022850
0.020518
0.013951
0.016654
0.089884
0.013139
0.020049
0.014113
0.019453
0.012429
0.018711
0.015692
0.018619
0.065002
0.013458
0.018128
0.022896
0.023812
0.011596
0.013044
0.027651
0.070138
0.018066
0.013914
0.016356
0.013793
0.020760
0.020358
0.014979
0.052853
0.012073
0.016075
0.018601
0.018573
0.012014
0.017425
0.014622
0.083481
0.013270
0.014172
0.017750
0.020886
0.024424
0.021440
0.028870
0.118819
0.062455
0.015153
0.012319
0.014615
0.017886
0.018989
0.068135
0.010869
0.016087
0.020161
0.013358
0.011837
0.011378
0.014180
0.087080
0.017816
0.020379
0.017196
0.036969
0.162621
0.085663
0.078702
0.150980
0.141314
0.179832
0.138872
0.084410
0.027964
0.020645
0.029469
0.028899
0.086551
0.021222
0.075182
0.305121
0.289818
0.055913
0.017816
0.023484
0.058005
0.028933
0.098850
0.035857
0.150472
0.092349
0.165031
0.030147
0.031608
0.170757
0.214443
0.026158
0.056048
0.074518
0.025911
0.029923
0.036128
0.065975
0.023497
0.033708
0.057340
0.059461
0.470015
0.453570
0.105663
0.022690
0.111244
0.190248
0.051646
0.030280
0.014116
0.061107
0.020041
0.017519
0.017425
0.011698
0.018880
0.053095
0.018586
0.015030
0.018879
0.014754
0.014024
0.019030
0.088380
0.020732
0.016972
0.019932
0.124413
0.072783
0.017589
0.086151
0.092132
0.270355
0.195616
0.014464
0.014541
0.019527
0.087821
0.021130
0.018934
0.018747
0.019758
0.013770
0.017923
0.020061
0.065578
0.020930
0.020153
0.013293
0.013635
0.014229
0.013175
0.012756
0.068404
0.020166
0.015903
0.013753
0.021293
0.012124
0.035875
0.022043
0.063176
0.012364
0.014616
0.017819
0.014995
0.016012
0.019820
0.015048
0.083593
0.017539
0.015300
0.019959
0.022024
0.015514
0.022155
0.022039
0.074829
0.017987
0.016380
0.015890
0.417331
0.373586
0.584241
0.181853
0.269933
0.186592
0.028686
0.019388
0.028601
0.048771
0.023917
0.020247
0.023496
0.228403
0.056110
0.083003
0.186910
0.352170
0.017701
0.013455
0.051473
0.112937
0.314313
0.234914
0.011921
0.018864
0.089040
0.026783
0.013196
0.013239
0.013629
0.062416
0.021236
0.012802
0.020051
0.031371
0.073657
0.020807
0.015822
0.015431
0.016802
0.011758
0.051074
0.105519
0.039429
0.034351
0.049553
0.020023
0.019090
0.015437
0.084248
0.496827
0.272339
0.035269
0.026753
0.033678
0.070969
0.045994
0.022327
0.027481
0.033039
0.280320
0.391281
0.086654
0.015746
0.012881
0.081192
0.012548
0.019745
0.015524
0.011542
0.062921
0.019508
0.021010
0.019519
0.016903
0.018623
0.071375
0.016982
0.038384
0.023809
0.013950
0.017369
0.074993
0.010454
0.013331
0.019990
0.011026
0.013537
0.013203
0.048002
0.026120
0.014771
0.012534
0.021028
0.016424
0.014797
0.020936
0.066784
0.011964
0.012065
0.014632
0.018523
0.016843
0.021861
0.073171
0.017060
0.018044
0.016781
0.015336
0.012707
0.018240
0.011384
0.084981
0.016102
0.021366
0.014840
0.018843
0.021497
0.015921
0.230814
0.409981
0.105067
0.369801
0.278357
0.218707
0.076554
0.083085
0.109556
0.052388
0.075147
0.087509
0.120522
0.280563
0.100374
0.046328
0.053759
0.127587
0.058817
0.041449
0.063792
0.067021
0.120111
0.048995
0.067464
0.099469
0.158921
0.096687
0.206905
0.151322
0.097587
0.116532
0.079798
0.068630
0.091506
0.184184
0.132430
0.105791
0.094358
0.134780
0.080235
0.074116
0.086923
0.064632
0.060736
0.072712
0.062736
0.068329
0.066394
0.092568
0.061125
0.065145
0.067551
0.076758
0.060893
0.046445
0.078137
0.048327
0.064430
0.040613
0.053732
0.067835
0.059362
0.139929
0.045234
0.042106
0.066418
0.048445
0.049433
0.059776
0.422149
0.107891
0.074404
0.083277
0.088612
0.052430
0.064225
0.083587
0.148213
0.076670
0.072205
0.059995
0.073937
0.068853
0.066815
0.060026
0.113143
0.085651
0.087530
0.053265
0.079879
0.082679
0.060299
0.070841
0.124320
0.055469
0.233116
0.569759
0.121532
0.388405
0.234678
0.094225
0.083913
0.073168
0.045615
0.055349
0.062745
0.048115
0.159709
0.416236
0.539963
0.062050
0.075557
0.123510
0.084813
0.125159
0.097752
0.106816
0.118414
0.070059
0.061594
0.050911
0.057285
0.092292
0.080235
0.078508
0.048954
0.073594
0.044223
0.044986
0.129186
0.045819
0.069511
0.087353
0.050928
0.057902
0.061019
0.104250
0.069617
0.080871
0.074738
0.048234
0.059603
0.071765
0.084073
0.074042
0.072503
0.065480
0.081523
0.074080
0.088176
0.069071
0.083658
0.046331
0.056144
0.074330
0.073672
0.080822
0.070166
0.128209
0.073972
0.073531
0.081622
0.079275
0.046065
0.062287
0.064387
0.155316
0.094518
0.075995
0.093379
0.067681
0.051632
0.073307
0.085637
0.050563
0.075910
0.068115
0.070458
0.050276
0.071979
0.380611
0.301446
0.364507
0.074392
0.042561
0.082137
0.054059
0.051327
0.055817
0.043227
0.116284
0.063766
0.050939
0.072539
0.040653
0.125036
0.063801
0.063164
0.049528
0.075817
0.054669
0.098555
0.047834
0.054563
0.058151
0.066456
0.071425
0.041249
0.113882
0.067120
0.060532
0.042695
0.062453
0.072102
0.127954
0.409996
0.306571
0.232106
0.078103
0.191774
0.170065
0.093858
0.087948
0.072428
0.091129
0.072636
0.081175
0.075227
0.166652
0.077688
0.052927
0.126207
0.057592
0.050220
0.164121
0.056366
0.137233
0.054513
0.168384
0.054200
0.054205
0.104990
0.113130
0.055622
0.079064
0.038418
0.038296
0.038393
0.133788
0.040651
0.058655
0.056079
0.071841
0.038312
0.052426
0.087365
0.048493
0.070384
0.068816
0.055945
0.055958
0.335298
0.271355
0.454015
0.626114
0.456866
0.320159
0.093177
0.213985
0.074568
0.047967
0.059017
0.067193
0.098138
0.073075
0.062817
0.360594
0.260472
0.081321
0.053153
0.125694
0.118303
0.082142
0.121491
0.057089
0.217697
0.057795
0.094309
0.105293
0.061340
0.069073
0.199138
0.093368
0.055109
0.057422
0.046968
0.041104
0.056973
0.112177
0.044796
0.060179
0.052942
0.169610
0.043853
0.077789
0.135082
0.069538
0.081377
0.085402
0.049377
0.056576
0.148952
0.117262
0.074722
0.067868
0.061167
0.044736
0.044627
0.058922
0.068115
0.123685
0.057499
0.068448
0.070840
0.045177
0.066224
0.041978
0.142795
0.065609
0.069700
0.040425
0.056273
0.049386
0.050302
0.066094
0.111169
0.361790
0.326788
0.121926
0.133961
0.071038
0.071172
0.094861
0.135241
0.084069
0.088030
0.053919
0.130229
0.376671
0.445744
0.189302
0.058856
0.070505
0.094984
0.060621
0.054076
0.067461
0.105584
0.067308
0.062927
0.061194
0.042653
0.081127
0.069009
0.070728
0.066994
0.054333
0.059565
0.064995
0.053149
0.061383
0.056308
0.046280
0.036849
0.055393
0.098935
0.040560
0.039697
0.046513
0.053388
0.058870
0.098392
0.134850
0.068700
0.066329
0.065131
0.063935
0.045891
0.046282
0.084124
0.061303
0.060858
0.061483
0.062640
0.058038
0.042577
0.055660
0.129311
0.050894
0.055563
0.053572
0.061177
0.063644
0.066711
0.160682
0.232239
0.060973
0.040959
0.040893
0.050064
0.054625
0.046891
0.124491
0.065824
0.045275
0.078400
0.042566
0.037323
0.048518
0.115880
0.062279
0.060954
0.069134
0.064670
0.043847
0.062027
0.045013
0.086654
0.057350
0.053005
0.172024
0.362935
0.502391
0.264089
0.035905
0.027168
0.040049
0.041527
0.025751
0.015011
0.022448
0.071971
0.024525
0.262042
0.389308
0.297289
0.060475
0.027732
0.055970
0.032428
0.023632
0.028632
0.026332
0.047652
0.012199
0.012711
0.009609
0.019940
0.046340
0.010411
0.013666
0.015496
0.015582
0.015848
0.055153
0.013706
0.013052
0.010936
0.011593
0.013042
0.034276
0.057153
0.015016
0.022275
0.016217
0.011690
0.010220
0.010626
0.075982
0.011543
0.019103
0.012724
0.016347
0.012790
0.009970
0.074511
0.011583
0.020359
0.015331
0.011684
0.011743
0.009269
0.088382
0.015408
0.016047
0.015663
0.016453
0.010626
0.015282
0.076803
0.013361
0.009897
0.015358
0.015101
0.015262
0.009047
0.105510
0.012855
0.011970
0.012036
0.018675
0.011322
0.012695
0.079389
0.019075
0.020342
0.009235
0.012624
0.012473
0.011596
0.063618
0.014624
0.015793
0.012854
0.038702
0.042423
0.045194
0.083613
0.037511
0.031632
0.051976
0.024369
0.037341
0.029981
0.030634
0.102586
0.044779
0.042611
0.038988
0.054955
0.038560
0.035787
0.067454
0.030219
0.036623
0.032088
0.035525
0.036196
0.045127
0.037843
0.074479
0.020488
0.134477
0.263868
0.039032
0.022325
0.094210
0.027319
0.024278
0.029116
0.029743
0.069957
0.027114
0.129478
0.115683
0.155783
0.146403
0.023172
0.068509
0.064118
0.033656
0.027951
0.035490
0.075186
0.028533
0.023125
0.022323
0.029586
0.052150
0.032229
0.021826
0.020252
0.023437
0.020742
0.081334
0.023286
0.022636
0.018237
0.034729
0.035409
0.021133
0.057993
0.023312
0.018422
0.019784
0.025110
0.016240
0.019414
0.028125
0.095348
0.037831
0.377707
0.141964
0.043848
0.038156
0.057288
0.042373
0.022790
0.040133
0.027848
0.060226
0.218488
0.084577
0.124074
0.071638
0.022911
0.025888
0.073950
0.023791
0.014617
0.020512
0.052262
0.022162
0.021349
0.015981
0.015692
0.084524
0.024445
0.022955
0.022966
0.022574
0.031805
0.028832
0.118144
0.034772
0.038487
0.057941
0.049694
0.062432
0.052361
0.096772
0.037084
0.045982
0.058556
0.053245
0.033957
0.016855
0.094467
0.017380
0.023774
0.010714
0.015028
0.025635
0.035433
0.097686
0.029170
0.018731
0.016531
0.012852
0.024440
0.025523
0.016695
0.094180
0.024540
0.022315
0.017685
0.020195
0.019454
0.021570
0.090292
0.024642
0.026100
0.031200
0.029428
0.022047
0.030842
0.038229
0.057651
0.042824
0.035800
0.026355
0.028437
0.026103
0.025592
0.073135
0.025638
0.022006
0.024932
0.013126
0.019421
0.015281
0.069771
0.026966
0.030507
0.039839
0.049143
0.053747
0.038962
0.048928
0.105383
0.037352
0.062523
0.051817
0.051735
0.054893
0.060559
0.101419
0.064144
0.035668
0.047637
0.063458
0.052606
0.058011
0.043295
0.138471
0.125584
0.138977
0.174610
0.124151
0.139997
0.074028
0.077382
0.047835
0.028708
0.079133
0.059479
0.050023
0.063021
0.076220
0.139382
0.089528
0.093550
0.070402
0.063358
0.053416
0.059896
0.079688
0.061034
0.034544
0.052263
0.041460
0.052070
0.044428
0.096240
0.062637
0.059586
0.034289
0.032558
0.057819
0.060873
0.036091
0.141373
0.048995
0.060927
0.088980
0.060874
0.068797
0.052124
0.160120
0.079636
0.058762
0.066728
0.054763
0.049943
0.042783
0.067302
0.153945
0.257662
0.321871
0.048478
0.072825
0.087004
0.090421
0.096850
0.094085
0.050933
0.087618
0.072838
0.060148
0.094461
0.131949
0.072604
0.081437
0.063998
0.073625
0.044361
0.075412
0.106597
0.055669
0.056162
0.044485
0.065440
0.057374
0.047425
0.045160
0.081646
0.057895
0.065634
0.063810
0.058192
0.071846
0.040506
0.138541
0.053767
0.055764
0.042921
0.056699
0.041351
0.059902
0.051598
0.088575
0.052582
0.052851
0.057211
0.054879
0.036494
0.050560
0.091601
0.057425
0.061480
0.062832
0.035734
0.061222
0.046387
0.146729
0.053651
0.048221
0.032863
0.087829
0.083278
0.065094
0.132558
0.055293
0.036796
0.053199
0.039499
0.052347
0.155577
0.086019
0.075219
0.050534
0.054141
0.048080
0.027961
0.043253
0.059920
0.089573
0.065247
0.064972
0.040558
0.060120
0.055371
0.068941
0.088270
0.101019
0.050231
0.065750
0.038524
0.054664
0.047986
0.056696
0.105888
0.047810
0.063334
0.041038
0.038736
0.056293
0.048576
0.086098
0.066840
0.059815
0.038954
0.064817
0.048998
0.053634
0.051227
0.127624
0.041934
0.049389
0.042744
0.056703
0.046706
0.037532
0.135622
0.056005
0.043460
0.031045
0.056646
0.028388
0.037331
0.047075
0.073773
0.046762
0.059002
0.055066
0.060680
0.035760
0.049752
0.116152
0.037760
0.026990
0.051507
0.054889
0.048551
0.038671
0.040259
0.139904
0.080803
0.057611
0.036624
0.047608
0.051616
0.066052
0.071321
0.047810
0.060538
0.049702
0.062755
0.068733
0.052378
0.143049
0.065954
0.084616
0.073700
0.072139
0.054237
0.086624
0.090789
0.055505
0.071794
0.045738
0.031694
0.059182
0.057067
0.038948
0.121343
0.053061
0.068227
0.068494
0.063468
0.063493
0.060594
0.102703
0.073158
0.059998
0.057591
0.061864
0.058672
0.029632
0.143983
0.052435
0.040964
0.061765
0.035216
0.059320
0.038773
0.107286
0.036369
0.056674
0.047463
0.056871
0.038306
0.047832
0.073815
0.034721
0.054501
0.061517
0.038597
0.052991
0.043338
0.109052
0.046293
0.033624
0.046675
0.048145
0.050329
0.053965
0.136940
0.073910
0.062588
0.046639
0.042268
0.040914
0.060081
0.116835
0.065437
0.064181
0.058373
0.030124
0.033259
0.047539
0.080866
0.042557
0.035153
0.039010
0.041278
0.034629
0.029843
0.079835
0.049120
0.017374
0.023721
0.015596
0.024965
0.024758
0.093996
0.018531
0.014185
0.013720
0.018653
0.019431
0.021229
0.085595
0.015754
0.024387
0.025763
0.014396
0.022505
0.032031
0.094713
0.023529
0.025820
0.032865
0.018167
0.024692
0.025180
0.073962
0.022054
0.012542
0.020507
0.013434
0.020589
0.022910
0.054093
0.018315
0.022443
0.017604
0.026007
0.016450
0.024880
0.083723
0.031800
0.017556
0.028292
0.021789
0.039572
0.086784
0.058833
0.036365
0.020731
0.074824
0.077121
0.102164
0.149050
0.101802
0.109266
0.086952
0.101975
0.095611
0.082252
0.172079
0.079475
0.095110
0.138425
0.097346
0.075007
0.088005
0.187354
0.106557
0.112927
0.081699
0.120153
0.057000
0.068837
0.127703
0.072963
0.044609
0.033942
0.070440
0.076631
0.092163
0.209452
0.140023
0.104678
0.150575
0.113365
0.143306
0.100993
0.133663
0.117542
0.120955
0.125118
0.104096
0.078361
0.109381
0.187628
0.109083
0.061623
0.040303
0.021214
0.020231
0.033441
0.090294
0.023974
0.023370
0.027687
0.025755
0.024013
0.025107
0.044259
0.066996
0.026489
0.025346
0.020371
0.030853
0.030311
0.038749
0.078663
0.019463
0.021071
0.015298
0.019072
0.031198
0.077596
0.021433
0.017924
0.025524
0.031019
0.015117
0.021999
0.093496
0.022669
0.121282
0.098052
0.087090
0.124895
0.050421
0.055787
0.018984
0.021102
0.032186
0.032628
0.035793
0.023634
0.073128
0.024877
0.016388
0.034276
0.026548
0.020704
0.027104
0.065735
0.019767
0.021830
0.027145
0.030780
0.023695
0.063074
0.076719
0.040945
0.025071
0.021191
0.027787
0.024696
0.079514
0.033236
0.040823
0.030709
0.021814
0.021342
0.027785
0.059476
0.025830
0.021397
0.025479
0.021099
0.016025
0.028132
0.079743
0.032687
0.028133
0.022764
0.016965
0.024018
0.033415
0.095070
0.032612
0.036133
0.033841
0.035875
0.018556
0.037857
0.064893
0.018069
0.024887
0.032724
0.021576
0.023945
0.073826
0.023440
0.019583
0.019586
0.017525
0.022482
0.020768
0.084484
0.023339
0.019457
0.014962
0.020821
0.023442
0.018664
0.055982
0.025664
0.026374
0.030312
0.018541
0.026169
0.040605
0.064958
0.016536
0.023971
0.038909
0.022785
0.019862
0.089905
0.036119
0.020564
0.035317
0.027125
0.048528
0.031942
0.104353
0.057615
0.047347
0.047034
0.047381
0.079129
0.056994
0.127770
0.060574
0.038307
0.067908
0.037614
0.042845
0.055345
0.149052
0.049952
0.041948
0.047062
0.064926
0.062242
0.063172
0.070058
0.088143
0.056186
0.061410
0.043651
0.025240
0.029983
0.036592
0.098639
0.020726
0.025986
0.021352
0.017984
0.031829
0.022502
0.055226
0.026017
0.042234
0.026725
0.019530
0.024154
0.103382
0.031451
0.020793
0.026082
0.016701
0.017709
0.031382
0.094013
0.035678
0.035876
0.029273
0.022545
0.025151
0.017505
0.086703
0.019918
0.013067
0.015221
0.016102
0.018629
0.012366
0.077759
0.028927
0.014650
0.024454
0.013930
0.018553
0.044539
0.037162
0.025012
0.024331
0.024777
0.028514
0.018168
0.085625
0.024608
0.030021
0.020327
0.026114
0.014791
0.013197
0.074494
0.010322
0.012420
0.026297
0.018499
0.018955
0.025475
0.060382
0.023250
0.017789
0.016161
0.024697
0.020330
0.029713
0.070413
0.031288
0.030428
0.032169
0.029192
0.026513
0.020173
0.076632
0.023883
0.021616
0.024729
0.019133
0.013852
0.013731
0.064552
0.017921
0.027455
0.013507
0.024625
0.015448
0.049064
0.034460
0.022912
0.016334
0.021930
0.035485
0.011958
0.065452
0.015427
0.024850
0.016779
0.017240
0.012371
0.013167
0.085422
0.013487
0.011411
0.013512
0.017119
0.015283
0.027590
0.104672
0.043587
0.023907
0.026659
0.029189
0.037796
0.044081
0.077837
0.052055
0.045933
0.058381
0.047860
0.058252
0.060988
0.040788
0.026217
0.026799
0.033458
0.025087
0.030722
0.102637
0.029950
0.035282
0.040907
0.030608
0.040757
0.038909
0.071025
0.036636
0.033536
0.031416
0.033245
0.054899
0.063343
0.066770
0.034068
0.042727
0.025340
0.035103
0.028088
0.029098
0.088293
0.022173
0.031856
0.046986
0.029524
0.043336
0.032081
0.080287
0.041647
0.052339
0.041811
0.037106
0.035184
0.052538
0.089196
0.032884
0.054731
0.051642
0.035819
0.078319
0.048154
0.064661
0.031807
0.031623
0.021417
0.018005
0.030028
0.128092
0.075737
0.074404
0.037374
0.042559
0.035269
0.115731
0.030653
0.058648
0.045843
0.036421
0.061829
0.025455
0.019697
0.024157
0.032097
0.022247
0.055250
0.013328
0.019986
0.020615
0.011184
0.019233
0.063963
0.012958
0.029487
0.025552
0.027342
0.054914
0.089511
0.118699
0.060933
0.058998
0.049546
0.045265
0.050804
0.131595
0.067976
0.062282
0.054465
0.082121
0.082828
0.074453
0.106477
0.049898
0.054169
0.150327
0.076495
0.062844
0.069139
0.130207
0.055311
0.079767
0.056015
0.058215
0.061614
0.059764
0.093748
0.064762
0.069407
0.070106
0.054869
0.049407
0.032933
0.086887
0.050011
0.035020
0.041295
0.038004
0.035889
0.051019
0.069617
0.042866
0.045895
0.061150
0.036922
0.049818
0.057599
0.094398
0.051891
0.042066
0.043964
0.045983
0.049009
0.066167
0.133412
0.074981
0.028919
0.055421
0.046422
0.059217
0.043137
0.103794
0.065224
0.062143
0.061783
0.040542
0.038210
0.074149
0.069361
0.060789
0.030100
0.037003
0.037492
0.056957
0.062380
0.087580
0.061631
0.036917
0.062061
0.047661
0.045960
0.046982
0.115333
0.032778
0.019468
0.027842
0.025164
0.017100
0.024906
0.094889
0.051059
0.047658
0.034773
0.053403
0.041470
0.053968
0.098645
0.055921
0.044895
0.068839
0.032975
0.028761
0.033581
0.099848
0.032599
0.048578
0.030510
0.048669
0.043560
0.047705
0.089387
0.029775
0.053374
0.057512
0.041258
0.035280
0.046155
0.109548
0.051347
0.067138
0.047415
0.076347
0.063656
0.056374
0.098839
0.067841
0.084285
0.085911
0.086889
0.071622
0.068896
0.127391
0.033304
0.048132
0.051203
0.054429
0.046086
0.049055
0.260649
0.199654
0.344353
0.037479
0.039460
0.027826
0.039958
0.074183
0.033705
0.033036
0.036448
0.026251
0.023210
0.022328
0.034070
0.080445
0.024080
0.023828
0.013764
0.017137
0.018495
0.017944
0.080546
0.017709
0.024628
0.014888
0.015901
0.018116
0.020249
0.051667
0.080805
0.022309
0.029007
0.020251
0.026231
0.024984
0.030512
0.067446
0.023480
0.020012
0.020115
0.020848
0.018675
0.015084
0.055912
0.013802
0.031584
0.026772
0.021811
0.018136
0.018044
0.044274
0.089070
0.018937
0.024651
0.023167
0.028452
0.034652
0.018845
0.079706
0.023535
0.021596
0.031289
0.031181
0.020304
0.027052
0.015235
0.076762
0.019188
0.013571
0.018732
0.021610
0.020766
0.030879
0.064799
0.030980
0.017585
0.018129
0.024325
0.024878
0.020187
0.031508
0.065220
0.030075
0.033181
0.022235
0.033381
0.040477
0.023331
0.100651
0.016300
0.023696
0.012421
0.023996
0.020995
0.027249
0.079894
0.013791
0.023555
0.013569
0.015127
0.019502
0.020861
0.016065
0.054385
0.018342
0.021048
0.018779
0.028708
0.016966
0.023717
0.065332
0.025237
0.012279
0.017377
0.022017
0.025503
0.020443
0.019780
0.062007
0.024793
0.023616
0.065802
0.055581
0.057692
0.052495
0.152917
0.063197
0.042906
0.066501
0.062328
0.082865
0.074311
0.052402
0.108047
0.055068
0.062808
0.055219
0.051114
0.060528
0.057835
0.082347
0.064086
0.046390
0.061390
0.049851
0.084388
0.044734
0.082698
0.104454
0.074301
0.069690
0.057845
0.046967
0.049890
0.046122
0.122398
0.051009
0.073574
0.051018
0.061902
0.073349
0.064847
0.138354
0.064018
0.069156
0.085148
0.062834
0.094822
0.070992
0.109439
0.093202
0.096688
0.102775
0.085496
0.082082
0.114051
0.152407
0.106982
0.136871
0.134647
0.141008
0.079733
0.113766
0.110861
0.168328
0.104486
0.058268
0.048680
0.048037
0.053274
0.082271
0.149346
0.090372
0.087254
0.097748
0.089265
0.113046
0.094954
0.136059
0.103138
0.114007
0.102431
0.138663
0.170223
0.146589
0.121138
0.135364
0.113955
0.094653
0.086642
0.046620
0.059489
0.062803
0.085184
0.087080
0.062976
0.113507
0.166123
0.162767
0.150838
0.192745
0.144782
0.158804
0.140077
0.153935
0.091408
0.122538
0.183290
0.108780
0.093271
0.158798
0.179013
0.123497
0.127435
0.216626
0.367354
0.445279
0.193614
0.239766
0.272256
0.268939
0.163280
0.182028
0.271800
0.189926
0.153907
0.207918
0.218908
0.172527
0.163419
0.185443
0.237458
0.205937
0.169823
0.190091
0.143794
0.147001
0.179642
0.172435
0.300281
0.173277
0.184729
0.239259
0.113440
0.086588
0.178199
0.241663
0.151749
0.128910
0.136913
0.129713
0.162081
0.151996
0.205812
0.123225
0.109068
0.143356
0.182042
0.160365
0.178143
0.102995
0.156268
0.150141
0.135568
0.103960
0.115583
0.193421
0.169227
0.122952
0.160258
0.101774
0.107540
0.156266
0.168857
0.175929
0.163984
0.128240
0.107465
0.162349
0.172844
0.146412
0.156544
0.170584
0.145408
0.160059
0.146634
0.136116
0.192650
0.126631
0.227463
0.199301
0.219219
0.162221
0.259277
0.243078
0.206513
0.115141
0.125551
0.094994
0.096056
0.197913
0.099303
0.142583
0.131583
0.169009
0.172477
0.112474
0.204672
0.093591
0.063033
0.054067
0.122902
0.107335
0.097123
0.128589
0.141132
0.096718
0.126094
0.062695
0.064474
0.114771
0.060996
0.085188
0.062286
0.070462
0.064913
0.088610
0.135310
0.069350
0.117084
0.089631
0.108765
0.064604
0.086007
0.135004
0.117460
0.135402
0.094364
0.115654
0.156400
0.106355
0.196637
0.153681
0.101926
0.152958
0.094631
0.155335
0.142117
0.229671
0.117651
0.174812
0.138661
0.156052
0.130429
0.149953
0.123766
0.150402
0.082319
0.106592
0.120417
0.078992
0.144501
0.090685
0.148022
0.131267
0.166285
0.118035
0.115526
0.214647
0.093905
0.100909
0.131813
0.153153
0.118959
0.094958
0.195971
0.100758
0.159024
0.134766
0.170399
0.112377
0.096537
0.138514
0.115517
0.138343
0.122636
0.118544
0.186550
0.151936
0.120446
0.151896
0.168818
0.151930
0.162423
