0.114758
0.147227
0.109123
0.147585
0.164937
0.140608
0.352236
0.474508
0.201073
0.260107
0.195528
0.184168
0.285510
0.263953
0.461091
0.501610
0.349106
0.314937
0.323614
0.215116
0.241413
0.162165
0.187835
0.152773
0.144365
0.125313
0.134436
0.091413
0.100268
0.192129
0.321735
0.390519
0.394633
0.483810
0.300089
0.263864
0.227191
0.364043
0.443113
0.342487
0.326655
0.422540
0.340877
0.292487
0.216726
0.231843
0.190608
0.193113
0.080948
0.131395
0.095796
0.098479
0.163238
0.126744
0.129249
0.203757
0.298479
0.202504
0.152326
0.127102
0.190250
0.171020
0.137120
0.146422
0.174866
0.170751
0.201923
0.186963
0.192218
0.269767
0.130143
0.151878
0.124866
0.117979
0.137209
0.186583
0.451610
0.166190
0.143202
0.145975
0.171914
0.161896
0.169857
0.117352
0.140295
0.119745
0.150973
0.141631
0.327435
0.291266
0.206680
0.177281
0.202147
0.207379
0.175671
0.120886
0.163976
0.119499
0.138953
0.177661
0.145796
0.155769
0.158967
0.153399
0.287567
0.193506
0.351230
0.325662
0.351431
0.272111
0.259141
0.259526
0.367433
0.376181
0.374517
0.341118
0.350429
0.392531
0.358792
0.212491
0.160718
0.139617
0.128708
0.121286
0.119230
0.127325
0.144611
0.138897
0.107776
0.114219
0.111181
0.119946
0.142844
0.132469
0.115832
0.118247
0.211449
0.171288
0.164132
0.172093
0.267889
0.284794
0.161538
0.142308
0.117174
0.100626
0.121735
0.173703
0.149284
0.096333
0.106708
0.162165
0.157961
0.160107
0.147585
0.172630
0.148569
0.253667
0.160733
0.260018
0.186225
0.193113
0.211270
0.210063
0.233453
0.215814
0.177657
0.147013
0.138909
0.146628
0.141753
0.170510
0.324848
0.358131
0.214463
0.294132
0.187531
0.209499
0.204526
0.198918
0.450054
0.367996
0.450125
0.537191
0.488462
0.251073
0.529562
0.243515
0.273533
0.230555
0.146619
0.086762
0.103578
0.138283
0.113059
0.100716
0.112612
0.342218
0.125581
0.129428
0.156082
0.100894
0.093649
0.103667
0.150984
0.112970
0.147674
0.252415
0.182021
0.275760
0.224508
0.151878
0.195796
0.185510
0.204025
0.114937
0.116369
0.099106
0.133631
0.111181
0.151163
0.124240
0.168605
0.137567
0.120304
0.171556
0.099284
0.149732
0.150626
0.154919
0.154562
0.185957
0.225850
0.198032
0.194991
0.259571
0.250447
0.184258
0.174150
0.097674
0.113059
0.110197
0.119141
0.113417
0.178175
0.098032
0.142844
0.233005
0.148032
0.141145
0.113059
0.138909
0.110376
0.094633
0.127639
0.126476
0.176386
0.240787
0.223345
0.170483
0.189803
0.146869
0.159928
0.122719
0.123971
0.114401
0.135957
0.138730
0.146691
0.139893
0.180859
0.122809
0.129517
0.128444
0.091055
0.114490
0.138819
0.098569
0.159302
0.109034
0.537567
0.286941
0.229606
0.198211
0.251073
0.255367
0.117174
0.125224
0.146512
0.122093
0.121467
0.125134
0.185420
0.268157
0.236762
0.385599
0.270751
0.130859
0.100537
0.152415
0.142129
0.115295
0.113417
0.150000
0.155546
0.157513
0.136941
0.178980
0.165921
0.150089
0.144007
0.120751
0.087209
0.100268
0.142397
0.115027
0.117263
0.107335
0.170751
0.142665
0.130322
0.176655
0.137567
0.106530
0.171646
0.213864
0.140519
0.087120
0.144365
0.236315
0.154293
0.197853
0.168873
0.147585
0.149642
0.144007
0.189982
0.117263
0.116995
0.161181
0.119946
0.166637
0.182021
0.177370
0.146601
0.174553
0.143023
0.133363
0.121109
0.128623
0.144097
0.129338
0.384258
0.441503
0.362701
0.272987
0.210644
0.160912
0.174866
0.137030
0.133631
0.120036
0.148927
0.118694
0.122719
0.139535
0.166190
0.126655
0.203309
0.175671
0.113148
0.126565
0.189267
0.145528
0.197764
0.191145
0.172182
0.242576
0.206351
0.351610
0.203220
0.150984
0.155814
0.098390
0.118694
0.162165
0.124687
0.121825
0.152326
0.199374
0.172361
0.135331
0.188462
0.100626
0.103846
0.131664
0.171646
0.129159
0.122898
0.105903
0.258408
0.172272
0.175403
0.154919
0.146691
0.221199
0.128265
0.129875
0.081395
0.131216
0.134079
0.240787
0.245886
0.083631
0.150000
0.155635
0.210555
0.106440
0.076118
0.113238
0.080769
0.074866
0.104204
0.090608
0.119678
0.406977
0.152504
0.097496
0.127102
0.137478
0.191771
0.122451
0.100984
0.158766
0.093918
0.097138
0.125760
0.127460
0.139982
0.117889
0.129428
0.077549
0.064758
0.083453
0.139803
0.076655
0.087388
0.087120
0.165116
0.195707
0.149463
0.118247
0.200268
0.133274
0.110644
0.071735
0.132200
0.080590
0.104114
0.114937
0.134079
0.090250
0.119141
0.095796
0.172630
0.086762
0.080501
0.082558
0.119499
0.082021
0.094097
0.088193
0.180590
0.155367
0.176744
0.185063
0.162433
0.156440
0.124240
0.150179
0.090966
0.111270
0.094275
0.143023
0.210286
0.085510
0.126878
0.176677
0.173435
0.111673
0.099620
0.133453
0.099195
0.103667
0.148122
0.108587
0.148927
0.138909
0.195081
0.351878
0.395886
0.167442
0.186047
0.142487
0.113685
0.117889
0.163059
0.072809
0.103846
0.102504
0.180054
0.154741
0.133810
0.202147
0.192129
0.491055
0.386404
0.245438
0.272361
0.206261
0.256798
0.165564
0.182737
0.178086
0.170930
0.171288
0.124508
0.091503
0.127102
0.089624
0.112343
0.129696
0.151699
0.096422
0.117263
0.118068
0.188730
0.223703
0.103757
0.349195
0.300984
0.371467
0.221467
0.138819
0.212433
0.160286
0.278086
0.185242
0.120394
0.169320
0.125134
0.140340
0.099553
0.090608
0.104204
0.151431
0.154562
0.098032
0.142039
0.167263
0.099642
0.139445
0.130143
0.112970
0.176029
0.177996
0.138104
0.202415
0.177549
0.255098
0.180501
0.185152
0.175492
0.206708
0.186494
0.112791
0.150894
0.185242
0.223792
0.428980
0.174150
0.154383
0.171020
0.178175
0.193560
0.154025
0.177818
0.203667
0.222182
0.175403
0.127996
0.142039
0.147943
0.164937
0.165564
0.175492
0.178980
0.147674
0.101342
0.113059
0.099463
0.108229
0.107871
0.175492
0.152326
0.136494
0.171914
0.212791
0.238283
0.163506
0.314043
0.160644
0.141055
0.248211
0.182737
0.166458
0.129785
0.162165
0.133900
0.171109
0.135242
0.115742
0.185331
0.132111
0.118336
0.108050
0.130859
0.114669
0.123345
0.095528
0.177370
0.137209
0.145796
0.154204
0.135957
0.138909
0.414937
0.382737
0.173703
0.110644
0.134079
0.181932
0.296780
0.168157
0.212970
0.148390
0.147406
0.148390
0.102236
0.098837
0.133810
0.111002
0.121914
0.164132
0.158229
0.227281
0.252594
0.161896
0.120394
0.128444
0.162880
0.148658
0.324776
0.177728
0.132111
0.161807
0.212522
0.149284
0.159571
0.244275
0.511360
0.204472
0.118247
0.104562
0.133363
0.384258
0.153131
0.149553
0.182379
0.152594
0.296601
0.304741
0.137299
0.174597
0.136047
0.337478
0.182469
0.137925
0.433989
0.435778
0.494275
0.280054
0.170036
0.165027
0.105277
0.122630
0.128623
0.112254
0.120215
0.107424
0.152773
0.354919
0.147943
0.155367
0.213238
0.175850
0.176476
0.102147
0.158766
0.117174
0.095081
0.120215
0.117263
0.174150
0.181574
0.218605
0.193113
0.162165
0.136494
0.092665
0.114580
0.108587
0.139624
0.107156
0.101521
0.121467
0.189535
0.160912
0.154830
0.117442
0.083721
0.071109
0.111091
0.087567
0.268247
0.284615
0.324240
0.291413
0.209123
0.210197
0.188193
0.164937
0.160733
0.151699
0.116816
0.129517
0.133184
0.123614
0.154114
0.099553
0.150358
0.157513
0.107782
0.073524
0.060733
0.095528
0.079338
0.094097
0.087925
0.142039
0.160733
0.184884
0.191771
0.286404
0.191860
0.177818
0.127639
0.167531
0.131216
0.124866
0.123882
0.160644
0.146333
0.128801
0.154383
0.136762
0.169767
0.089982
0.096869
0.203399
0.161091
0.120841
0.148390
0.128980
0.172719
0.263148
0.158587
0.169410
0.213953
0.176297
0.142844
0.106708
0.136583
0.169767
0.170662
0.423077
0.364937
0.113327
0.134884
0.106708
0.134794
0.094454
0.086315
0.108050
0.159750
0.113596
0.100984
0.143918
0.142665
0.236673
0.238283
0.181127
0.155546
0.201163
0.208318
0.105993
0.116458
0.109928
0.176118
0.141950
0.145081
0.109034
0.161807
0.157156
0.224150
0.176386
0.113775
0.144275
0.154919
0.222361
0.336762
0.130769
0.130769
0.198927
0.414669
0.163685
0.323614
0.206887
0.161091
0.101073
0.092576
0.105725
0.100984
0.141234
0.133095
0.151163
0.189803
0.168515
0.126386
0.133721
0.148032
0.076118
0.128265
0.318784
0.222540
0.130859
0.114937
0.105456
0.140787
0.219678
0.218068
0.189356
0.149106
0.146422
0.089535
0.107245
0.167889
0.133453
0.146691
0.111717
0.153041
0.113148
0.116637
0.083005
0.121825
0.103399
0.077549
0.145975
0.076744
0.096243
0.216995
0.232021
0.223256
0.185599
0.182111
0.153220
0.133631
0.132021
0.090340
0.086494
0.099016
0.154293
0.112075
0.095528
0.140161
0.133989
0.145081
0.112343
0.108676
0.148301
0.170662
0.121735
0.102057
0.142487
0.117084
0.155546
0.216637
0.174508
0.212433
0.172540
0.118515
0.135242
0.106261
0.112701
0.119499
0.170483
0.135689
0.114937
0.135957
0.193918
0.142934
0.094812
0.106887
0.134705
0.104025
0.094991
0.114490
0.165921
0.126118
0.257961
0.224866
0.211986
0.214848
0.187835
0.094544
0.092934
0.139624
0.117979
0.121556
0.117710
0.201789
0.108318
0.139893
0.131038
0.270036
0.136583
0.132558
0.099374
0.111628
0.105635
0.446780
0.158676
0.176923
0.205635
0.318873
0.374955
0.405725
0.154562
0.116816
0.122540
0.146959
0.135242
0.123703
0.188104
0.339445
0.128623
0.127102
0.191682
0.178801
0.121288
0.129785
0.100358
0.105993
0.117800
0.078712
0.096512
0.237657
0.124329
0.142487
0.194723
0.213506
0.122898
0.207603
0.127281
0.107513
0.100000
0.116905
0.131485
0.115653
0.087925
0.122630
0.129249
0.179249
0.189535
0.200089
0.118068
0.143113
0.167979
0.103936
0.131306
0.153578
0.171467
0.155814
0.414311
0.189982
0.102773
0.156351
0.106530
0.092039
0.102415
0.121825
0.089088
0.077281
0.097585
0.185868
0.148390
0.174508
0.190966
0.144097
0.364311
0.168962
0.377728
0.136762
0.225939
0.142308
0.167621
0.167174
0.183631
0.214401
0.145975
0.128444
0.146243
0.106351
0.078533
0.120394
0.100089
0.104383
0.117979
0.112254
0.134973
0.083363
0.057335
0.072630
0.123614
0.072987
0.075313
0.065832
0.095975
0.093918
0.171646
0.290877
0.227281
0.159302
0.139267
0.141145
0.102236
0.105367
0.102504
0.135063
0.109928
0.108855
0.295081
0.118336
0.106708
0.158050
0.099553
0.126029
0.090072
0.082021
0.095528
0.046422
0.083631
0.155635
0.188730
0.327639
0.229785
0.392934
0.299463
0.327907
0.193649
0.097048
0.120662
0.092218
0.090787
0.290161
0.123166
0.138462
0.216905
0.167889
0.160912
0.294633
0.159750
0.116726
0.144544
0.120841
0.128980
0.123614
0.163953
0.206440
0.185510
0.169767
0.198748
0.123703
0.135420
0.109302
0.106619
0.099821
0.174866
0.333453
0.097227
0.124776
0.168247
0.297853
0.138462
0.073614
0.377370
0.300268
0.187746
0.064132
0.120215
0.106798
0.127996
0.153846
0.146064
0.229964
0.172630
0.127102
0.099463
0.094454
0.080948
0.102326
0.110107
0.114401
0.127728
0.148301
0.125939
0.110107
0.121109
0.076655
0.097406
0.121020
0.095617
0.088819
0.074061
0.129875
0.114758
0.136136
0.175313
0.132379
0.124150
0.184168
0.130590
0.066637
0.077639
0.129338
0.122004
0.133095
0.123256
0.154472
0.206440
0.135420
0.151699
0.137120
0.175581
0.191860
0.169767
0.087120
0.076565
0.104114
0.090519
0.113953
0.166637
0.111449
0.113238
0.124776
0.108945
0.068605
0.087209
0.112522
0.073077
0.117889
0.104114
0.169767
0.124776
0.132558
0.185510
0.382290
0.336673
0.278265
0.136762
0.123658
0.110555
0.243023
0.207782
0.165027
0.193828
0.149553
0.115564
0.104204
0.084079
0.107692
0.078175
0.080590
0.072987
0.102057
0.067889
0.122987
0.129696
0.145796
0.089267
0.110555
0.081664
0.106977
0.080411
0.092397
0.140966
0.139177
0.306708
0.276476
0.314758
0.293202
0.177996
0.145975
0.148211
0.132021
0.117531
0.106619
0.144544
0.110107
0.137925
0.201968
0.168426
0.129517
0.128086
0.140787
0.102594
0.108140
0.103488
0.153757
0.120394
0.150894
0.130322
0.173614
0.210912
0.185957
0.203667
0.177460
0.117174
0.115564
0.100179
0.150894
0.131038
0.138909
0.130501
0.183721
0.234526
0.136852
0.157245
0.277549
0.174597
0.408855
0.222630
0.138640
0.193202
0.168068
0.134884
0.160733
0.224508
0.211896
0.270572
0.145617
0.098479
0.149821
0.099642
0.130322
0.116011
0.161628
0.116190
0.163327
0.119589
0.196333
0.133810
0.137925
0.142487
0.162612
0.141234
0.144633
0.175671
0.148390
0.202862
0.269410
0.313953
0.231038
0.186852
0.098837
0.098927
0.085778
0.124508
0.103131
0.096333
0.112075
0.125939
0.123971
0.153131
0.169857
0.175403
0.132469
0.108676
0.122272
0.162701
0.117800
0.131753
0.135599
0.219320
0.210197
0.214937
0.169231
0.158140
0.136583
0.104919
0.096512
0.126208
0.144097
0.133184
0.311360
0.260555
0.371735
0.171377
0.186494
0.280233
0.294723
0.366055
0.437388
0.170304
0.219678
0.213506
0.372182
0.456082
0.182737
0.206351
0.250537
0.153309
0.106887
0.133453
0.297585
0.156798
0.125760
0.441234
0.124866
0.299284
0.161896
0.144186
0.111091
0.156530
0.115742
0.228801
0.191234
0.131038
0.204830
0.214043
0.184079
0.209571
0.140340
0.181485
0.178801
0.149642
0.150537
0.091860
0.089714
0.115116
0.110107
0.146154
0.097943
0.093292
0.146780
0.192755
0.152773
0.121467
0.153757
0.103309
0.116547
0.139893
0.145528
0.146333
0.102683
0.181843
0.174061
0.164043
0.153578
0.115742
0.131485
0.098479
0.104830
0.119320
0.101968
0.078265
0.082111
0.076476
0.183095
0.117621
0.122004
0.154114
0.086047
0.071556
0.071735
0.109928
0.069410
0.122004
0.143739
0.188819
0.173971
0.157156
0.117979
0.177281
0.095259
0.081664
0.131664
0.086762
0.087925
0.088283
0.117889
0.096601
0.134794
0.198837
0.297496
0.431664
0.101699
0.078623
0.090787
0.346869
0.169052
0.110912
0.115564
0.256798
0.168068
0.139803
0.156708
0.205814
0.128623
0.079249
0.105814
0.109034
0.088819
0.100089
0.106351
0.136047
0.146154
0.134884
0.165474
0.083810
0.080680
0.087030
0.107424
0.201342
0.092039
0.140698
0.320572
0.152326
0.202147
0.126565
0.184973
0.244097
0.139177
0.094097
0.124866
0.108408
0.110107
0.110555
0.143202
0.122898
0.134436
0.145349
0.159571
0.101252
0.088014
0.089088
0.094991
0.115564
0.080322
0.094723
0.176386
0.209123
0.234079
0.202952
0.151252
0.150268
0.144812
0.086762
0.103041
0.127818
0.091413
0.109213
0.081753
0.134973
0.117531
0.148479
0.147406
0.125492
0.087657
0.080501
0.140966
0.060107
0.110376
0.130680
0.098658
0.236404
0.240072
0.226834
0.154919
0.164937
0.155277
0.087388
0.100626
0.138819
0.106440
0.114222
0.301252
0.422719
0.130322
0.452415
0.134526
0.448837
0.369231
0.342576
0.149642
0.324955
0.166369
0.201342
0.306977
0.225224
0.194007
0.194991
0.240340
0.152683
0.165206
0.100447
0.107603
0.091234
0.071199
0.069678
0.114401
0.095975
0.148032
0.169231
0.124419
0.086136
0.077370
0.198301
0.368873
0.188909
0.069946
0.119946
0.136136
0.103578
0.188551
0.132737
0.118873
0.151521
0.089535
0.082290
0.054204
0.098032
0.076029
0.104114
0.098032
0.137120
0.155277
0.111986
0.103131
0.201521
0.129964
0.143560
0.097048
0.151968
0.106530
0.108050
0.125403
0.208855
0.221467
0.183989
0.211986
0.152862
0.123882
0.111628
0.115742
0.154025
0.130859
0.139177
0.129428
0.174597
0.171914
0.155635
0.175134
0.118336
0.163596
0.187478
0.105277
0.110823
0.119946
0.119410
0.150984
0.121377
0.184884
0.148658
0.203041
0.218068
0.119589
0.089088
0.097406
0.130054
0.104651
0.101968
0.129159
0.098479
0.113775
0.120572
0.160465
0.100805
0.099911
0.141771
0.080948
0.108408
0.107424
0.133095
0.151789
0.159660
0.116905
0.102057
0.172540
0.118336
0.126297
0.128086
0.116458
0.097496
0.094991
0.107513
0.142039
0.125313
0.171467
0.229696
0.125045
0.122540
0.137746
0.117084
0.135868
0.143470
0.104472
0.096154
0.097496
0.169767
0.205456
0.265295
0.205098
0.191860
0.218336
0.074508
0.081574
0.113864
0.082469
0.095975
0.098569
0.085778
0.132826
0.129517
0.263953
0.150000
0.214669
0.142844
0.250537
0.174776
0.180233
0.347674
0.380322
0.324687
0.366816
0.132737
0.122451
0.094902
0.096691
0.097406
0.114580
0.240250
0.324508
0.354204
0.126029
0.151968
0.162791
0.204472
0.216458
0.146422
0.171556
0.191055
0.197496
0.148748
0.135599
0.161896
0.152952
0.225224
0.161270
0.196601
0.123435
0.128354
0.151968
0.111628
0.129070
0.141324
0.166458
0.133274
0.141950
0.156887
0.230233
0.186494
0.104562
0.084705
0.117621
0.102326
0.107513
0.114937
0.140250
0.101073
0.111449
0.165653
0.257424
0.194454
0.154741
0.108497
0.136583
0.090608
0.102236
0.120394
0.106708
0.108497
0.121556
0.201878
0.134168
0.239982
0.462880
0.360912
0.151521
0.161449
0.124597
0.119410
0.094589
0.122898
0.127460
0.198748
0.164132
0.140161
0.097853
0.098658
0.088640
0.109123
0.139445
0.108229
0.100537
0.092129
0.139624
0.139535
0.159750
0.151521
0.084884
0.072093
0.066816
0.108318
0.076923
0.122630
0.107156
0.138998
0.142308
0.161002
0.167352
0.185331
0.207066
0.123703
0.085510
0.110733
0.074687
0.079606
0.089356
0.124866
0.095170
0.147048
0.143381
0.095349
0.079606
0.079249
0.119231
0.074597
0.087209
0.260018
0.291145
0.090072
0.145259
0.195617
0.120215
0.136583
0.150984
0.092487
0.077191
0.079249
0.107871
0.080501
0.083900
0.116995
0.071735
0.108766
0.083810
0.153578
0.103667
0.131038
0.111628
0.066816
0.085778
0.064490
0.091950
0.137657
0.113685
0.369231
0.131753
0.229517
0.452773
0.207871
0.282826
0.119410
0.088640
0.075850
0.156619
0.096869
0.145438
0.299106
0.178086
0.185063
0.143739
0.117174
0.131574
0.131843
0.119499
0.087478
0.077728
0.078891
0.102057
0.095886
0.108855
0.147764
0.198927
0.151789
0.118515
0.098211
0.138014
0.112343
0.102594
0.099732
0.161270
0.128712
0.144365
0.187925
0.303041
0.446512
0.246422
0.157156
0.303488
0.269589
0.233005
0.420036
0.120394
0.141234
0.121199
0.148479
0.087567
0.119589
0.067084
0.086941
0.082826
0.115027
0.129428
0.468068
0.181664
0.214669
0.147227
0.147317
0.110823
0.130233
0.077996
0.083542
0.126744
0.067621
0.087746
0.086225
0.177281
0.119946
0.112075
0.151968
0.101342
0.127728
0.060465
0.071109
0.068068
0.114132
0.100179
0.092665
0.076565
0.151073
0.178354
0.107782
0.243381
0.332021
0.273882
0.069141
0.100179
0.065295
0.103399
0.100179
0.129338
0.196512
0.158855
0.194723
0.099463
0.133363
0.093113
0.091503
0.116279
0.085420
0.120662
0.144275
0.102683
0.114937
0.132737
0.130680
0.067800
0.100000
0.100447
0.130054
0.094097
0.075850
0.094097
0.154204
0.150894
0.129875
0.227370
0.155277
0.109034
0.098837
0.117710
0.086762
0.092665
0.090340
0.160912
0.131127
0.078533
0.121467
0.154741
0.093113
0.089982
0.075224
0.116369
0.078891
0.112522
0.095886
0.146959
0.229696
0.205725
0.195528
0.213685
0.107424
0.155814
0.103667
0.087299
0.119141
0.087835
0.065474
0.079785
0.148122
0.089088
0.120662
0.127996
0.150537
0.099374
0.114490
0.087657
0.089893
0.148122
0.093292
0.154919
0.165474
0.111270
0.143202
0.164669
0.185063
0.128623
0.146869
0.081038
0.073166
0.090250
0.130322
0.275045
0.142129
0.094007
0.091055
0.157156
0.132379
0.155993
0.267800
0.472987
0.184079
0.289714
0.288730
0.300626
0.155277
0.164043
0.153131
0.164132
0.155009
0.150000
0.105546
0.108140
0.129785
0.089982
0.070036
0.112075
0.388014
0.188462
0.251252
0.183631
0.123882
0.071556
0.116637
0.469767
0.369410
0.137030
0.133631
0.169767
0.142844
0.191682
0.132558
0.204830
0.161628
0.111181
0.128980
0.084436
0.081664
0.075850
0.130233
0.098301
0.350089
0.079070
0.139982
0.102683
0.230322
0.118873
0.084526
0.394902
0.381485
0.073524
0.084884
0.086136
0.101252
0.126476
0.162791
0.128712
0.169410
0.133631
0.115921
0.122182
0.082558
0.083363
0.109123
0.093649
0.179249
0.099016
0.158318
0.125760
0.103578
0.105367
0.073792
0.075850
0.105009
0.071377
0.075939
0.114580
0.387299
0.168605
0.105725
0.137209
0.148301
0.169946
0.110286
0.059213
0.085778
0.083900
0.076118
0.130769
0.097943
0.057692
0.122809
0.128086
0.086225
0.096243
0.105188
0.065027
0.093292
0.130143
0.101610
0.132290
0.141413
0.188372
0.216011
0.184168
0.159123
0.127818
0.154293
0.102504
0.085778
0.081753
0.116190
0.113685
0.110197
0.128533
0.127281
0.109928
0.124329
0.064669
0.063059
0.121556
0.091324
0.089624
0.093023
0.132469
0.124597
0.126565
0.182111
0.126744
0.176118
0.169857
0.102236
0.084794
0.074597
0.122004
0.092487
0.096064
0.118873
0.074687
0.145081
0.130054
0.083184
0.114222
0.070930
0.068784
0.112612
0.098390
0.089893
0.117800
0.135957
0.110465
0.198390
0.158497
0.132826
0.128086
0.158676
0.111986
0.094723
0.084347
0.113775
0.078623
0.077907
0.085420
0.150358
0.111538
0.124508
0.114669
0.149553
0.087746
0.152862
0.084168
0.078533
0.408855
0.329159
0.093649
0.171735
0.173792
0.187567
0.129964
0.125939
0.079159
0.069052
0.098837
0.073077
0.085152
0.085063
0.137478
0.106798
0.116100
0.158140
0.289088
0.209123
0.184347
0.085331
0.106708
0.358855
0.414937
0.269499
0.148569
0.169052
0.123971
0.143470
0.139803
0.134258
0.102862
0.083453
0.115027
0.068068
0.078175
0.083810
0.131038
0.106172
0.114580
0.142308
0.079875
0.059750
0.074329
0.123792
0.088819
0.082648
0.121825
0.189535
0.108050
0.134168
0.134526
0.149016
0.102415
0.098211
0.098032
0.067979
0.060286
0.068873
0.153131
0.359660
0.085510
0.100358
0.150000
0.090966
0.070483
0.079159
0.112343
0.062612
0.052326
0.053041
0.086941
0.443828
0.135242
0.099195
0.146333
0.084884
0.081574
0.114848
0.077907
0.080948
0.077907
0.115564
0.114222
0.367531
0.076297
0.160197
0.122630
0.115474
0.086583
0.096601
0.069499
0.072540
0.113506
0.079428
0.081395
0.216458
0.173971
0.128086
0.112433
0.165116
0.221199
0.091145
0.116637
0.073882
0.068426
0.099821
0.082379
0.122987
0.146959
0.126744
0.137925
0.339267
0.407961
0.384794
0.177728
0.078444
0.108676
0.093292
0.074687
0.077996
0.146422
0.098748
0.139535
0.154025
0.098569
0.083274
0.095438
0.103667
0.083363
0.123792
0.087925
0.073703
0.127639
0.154114
0.262075
0.255814
0.219946
0.338193
0.152952
0.091771
0.060107
0.100716
0.062165
0.089267
0.098032
0.125403
0.118873
0.105188
0.143739
0.105277
0.098032
0.083721
0.094007
0.061181
0.082469
0.119141
0.154472
0.132916
0.172093
0.263148
0.106530
0.123435
0.454651
0.437209
0.147674
0.249016
0.206261
0.141413
0.092755
0.101163
0.170215
0.159839
0.113059
0.190966
0.092844
0.094723
0.114848
0.073077
0.061896
0.103667
0.069857
0.168605
0.358497
0.113506
0.114311
0.108676
0.400268
0.275581
0.311986
0.089267
0.082558
0.095886
0.094902
0.129428
0.130322
0.119857
0.127907
0.086583
0.079696
0.097048
0.049195
0.049553
0.123703
0.094544
0.075492
0.121020
0.128444
0.078623
0.065385
0.084079
0.062433
0.091682
0.177460
0.102683
0.088730
0.109481
0.209660
0.138819
0.160733
0.439803
0.283721
0.093113
0.081753
0.064311
0.122182
0.070215
0.099195
0.115385
0.120483
0.138014
0.116190
0.117979
0.070394
0.072272
0.099553
0.106440
0.062075
0.054293
0.066905
0.102326
0.097943
0.089982
0.262612
0.136494
0.081127
0.124866
0.073614
0.106798
0.090072
0.122719
0.080411
0.070036
0.073882
0.178086
0.122451
0.120483
0.109034
0.224776
0.076655
0.113953
0.092755
0.137925
0.174329
0.223524
0.143918
0.129875
0.244633
0.148122
0.221109
0.135689
0.063953
0.078444
0.086941
0.075671
0.114758
0.077102
0.090519
0.157961
0.186941
0.347227
0.093470
0.121199
0.105188
0.168515
0.117621
0.078801
0.080233
0.116816
0.155725
0.096601
0.162701
0.189982
0.095170
0.122361
0.086673
0.083810
0.078086
0.120662
0.060018
0.075134
0.226834
0.259839
0.287567
0.141324
0.285331
0.444365
0.293113
0.298211
0.338909
0.249732
0.210018
0.165564
0.254919
0.198927
0.149374
0.239088
0.170751
0.161449
0.080233
0.065742
0.077191
0.051610
0.043113
0.078623
0.123971
0.104919
0.223703
0.308855
0.305814
0.378444
0.252236
0.198837
0.234258
0.185063
0.160644
0.137209
0.100984
0.226655
0.342218
0.439803
0.333542
0.191950
0.091771
0.107871
0.079070
0.070841
0.091234
0.073435
0.089445
0.250000
0.312165
0.142665
0.176118
0.145796
0.124687
0.137657
0.105188
0.316369
0.319767
0.264937
0.409034
0.213506
0.199642
0.155546
0.189893
0.145975
0.128980
0.080322
0.053399
0.042397
0.058318
0.109213
0.087657
0.084526
0.225224
0.177549
0.147853
0.118157
0.101431
0.148748
0.106708
0.069320
0.096601
0.239088
0.223435
0.105993
0.189088
0.212612
0.381664
0.197585
0.083453
0.070036
0.062433
0.055814
0.085868
0.039267
0.085420
0.173614
0.110107
0.234347
0.419320
0.081038
0.108497
0.078444
0.096691
0.069052
0.063596
0.245796
0.084615
0.383363
0.412254
0.152594
0.123166
0.131127
0.070036
0.056172
0.077639
0.052504
0.075671
0.115116
0.104741
0.187835
0.184884
0.120215
0.060197
0.111091
0.087299
0.143113
0.089893
0.126118
0.107513
0.130233
0.203131
0.200179
0.158855
0.162880
0.163864
0.089177
0.113953
0.086941
0.092039
0.071020
0.116726
0.086673
0.129338
0.361270
0.129428
0.129875
0.136315
0.074061
0.107871
0.061091
0.105277
0.076923
0.097227
0.131306
0.176118
0.132469
0.201521
0.185599
0.159213
0.110376
0.095081
0.107335
0.127639
0.068873
0.079070
0.099911
0.154025
0.143023
0.134973
0.201342
0.097496
0.072809
0.368426
0.094454
0.078980
0.102683
0.063953
0.075760
0.101699
0.140250
0.114848
0.320572
0.211091
0.110555
0.113417
0.199642
0.072630
0.126476
0.120304
0.111986
0.129517
0.092755
0.556530
0.275760
0.380948
0.103936
0.091324
0.114848
0.070215
0.069857
0.137209
0.122182
0.113506
0.173971
0.157961
0.166905
0.165295
0.112522
0.131306
0.106977
0.108676
0.132826
0.094186
0.111807
0.112522
0.148211
0.112880
0.081216
0.065742
0.080590
0.058050
0.055367
0.074150
0.125134
0.084079
0.150447
0.251431
0.365474
0.468962
0.380859
0.289177
0.099106
0.065206
0.053220
0.059302
0.091771
0.059660
0.070572
0.080233
0.144007
0.082558
0.063596
0.065027
0.108050
0.057961
0.046959
0.049821
0.074508
0.067531
0.285242
0.144991
0.226029
0.442039
0.091771
0.075850
0.120751
0.064937
0.053667
0.052594
0.092844
0.066458
0.220662
0.270036
0.160376
0.095170
0.073256
0.105814
0.055993
0.076923
0.063953
0.126744
0.059750
0.078980
0.104114
0.143918
0.117174
0.094902
0.086583
0.111717
0.076297
0.072898
0.074419
0.110733
0.077281
0.080054
0.179159
0.263685
0.106619
0.109660
0.073166
0.092039
0.064401
0.044454
0.067084
0.091950
0.075045
0.101789
0.143560
0.177549
0.139356
0.103488
0.158050
0.165385
0.126565
0.079517
0.105725
0.074419
0.078712
0.115385
0.249374
0.186673
0.135510
0.099195
0.104025
0.092487
0.077281
0.080859
0.089803
0.106530
0.068068
0.068426
0.118426
0.220930
0.093560
0.100805
0.124150
0.122809
0.095259
0.092844
0.131574
0.065742
0.078980
0.101610
0.100000
0.173703
0.151073
0.111986
0.083095
0.103757
0.064669
0.088909
0.116905
0.079159
0.075581
0.060733
0.102147
0.171288
0.156082
0.128712
0.106172
0.159302
0.098122
0.071109
0.091503
0.118515
0.094007
0.077102
0.088462
0.103220
0.099821
0.118157
0.136136
0.124419
0.213417
0.300626
0.403757
0.153131
0.130054
0.301521
0.097317
0.180501
0.112165
0.168873
0.172361
0.157961
0.112791
0.064132
0.081664
0.124150
0.078801
0.075045
0.076655
0.272809
0.264222
0.149732
0.155635
0.266816
0.150447
0.093381
0.088104
0.156708
0.112522
0.120841
0.127996
0.144365
0.177996
0.110376
0.156440
0.245081
0.100805
0.082469
0.062522
0.114758
0.061360
0.084258
0.113506
0.132200
0.124240
0.099195
0.069589
0.125671
0.077639
0.058497
0.084526
0.100537
0.064132
0.076476
0.122540
0.222630
0.079428
0.120483
0.256530
0.213864
0.096064
0.087388
0.084705
0.121914
0.065474
0.071646
0.071735
0.159928
0.134347
0.112254
0.095349
0.121288
0.068247
0.090340
0.078086
0.110197
0.064043
0.064222
0.075850
0.120394
0.145796
0.144902
0.123435
0.340966
0.148479
0.055009
0.057245
0.100179
0.055456
0.057871
0.067442
0.119589
0.124955
0.094902
0.070483
0.091145
0.044544
0.047496
0.070572
0.092487
0.074061
0.055903
0.073882
0.155456
0.114132
0.127639
0.122361
0.124061
0.061091
0.042039
0.052594
0.098837
0.061360
0.055009
0.064043
0.122809
0.102504
0.083989
0.096601
0.108855
0.055367
0.048837
0.049463
0.095170
0.063327
0.066458
0.067263
0.175760
0.076118
0.135868
0.432469
0.177191
0.076834
0.052326
0.053220
0.085420
0.065206
0.065832
0.077370
0.132290
0.092397
0.087209
0.069589
0.125760
0.055009
0.044902
0.047496
0.078533
0.061986
0.068426
0.085242
0.120394
0.057513
0.080143
0.100000
0.129964
0.081664
0.071735
0.050716
0.079696
0.053220
0.057513
0.062970
0.089267
0.070215
0.080411
0.121020
0.150805
0.096780
0.114311
0.085599
0.119499
0.067263
0.072093
0.113148
0.077370
0.086494
0.095349
0.145349
0.101163
0.346691
0.232737
0.156530
0.049195
0.043292
0.051073
0.111986
0.093113
0.126297
0.102773
0.137209
0.094723
0.498390
0.363148
0.243023
0.108497
0.180769
0.284079
0.305009
0.255635
0.208140
0.197406
0.162433
0.158229
0.085778
0.051610
0.100179
0.052147
0.057245
0.037209
0.104204
0.269589
0.115742
0.139267
0.071199
0.065832
0.065742
0.102057
0.067979
0.065564
0.061538
0.103086
0.104808
0.220427
0.226224
0.258103
0.174311
0.172889
0.096328
0.080411
0.060018
0.055188
0.061628
0.098211
0.063775
0.085242
0.461449
0.087030
0.099284
0.069589
0.055546
0.056440
0.095349
0.052504
0.063059
0.074419
0.220036
0.294633
0.249463
0.139177
0.182111
0.094633
0.087657
0.092576
0.059750
0.050537
0.042308
0.089088
0.067263
0.137388
0.445617
0.113059
0.062612
0.051252
0.069589
0.086047
0.090429
0.044007
0.074150
0.110733
0.101521
0.096333
0.137835
0.153220
0.092487
0.120662
0.083274
0.109213
0.059750
0.067531
0.055546
0.088104
0.062612
0.051163
0.136762
0.123614
0.068068
0.051610
0.064222
0.083989
0.063327
0.055993
0.099553
0.046243
0.078086
0.073077
0.175939
0.125045
0.097853
0.087567
0.110376
0.044007
0.053041
0.055993
0.091055
0.054830
0.054025
0.081753
0.139803
0.090966
0.088998
0.061628
0.092308
0.052773
0.048390
0.066100
0.102952
0.070841
0.072272
0.070930
0.114490
0.137209
0.097853
0.190072
0.179785
0.068784
0.053578
0.057335
0.100000
0.056798
0.061628
0.061986
0.146422
0.102236
0.125850
0.106977
0.529338
0.174329
0.458140
0.221109
0.205903
0.201968
0.242665
0.259928
0.248748
0.134794
0.255635
0.213417
0.163148
0.115116
0.106261
0.064490
0.111181
0.060555
0.087567
0.088372
0.127191
0.136673
0.118515
0.144275
0.170394
0.179428
0.458497
0.405188
0.341145
0.296869
0.263685
0.471556
0.426118
0.331485
0.302504
0.228354
0.205277
0.220125
0.139893
0.109481
0.100000
0.141950
0.109213
0.103936
0.237657
0.233453
0.137388
0.156082
0.137567
0.130411
0.092576
0.103488
0.162791
0.211896
0.307424
0.203041
0.237209
0.306977
0.221556
0.145617
0.167442
0.159213
0.087925
0.083095
0.083989
0.133184
0.095886
0.142397
0.135957
0.138372
0.144633
0.114669
0.114937
0.106977
0.156038
0.122250
0.171556
0.162791
0.300358
0.248390
0.212701
0.271735
0.320975
0.209369
0.142967
0.137478
0.146422
0.085152
0.114401
0.094991
0.150447
0.108497
0.146869
0.139088
0.157961
0.114580
0.123256
0.101342
0.104114
0.113953
0.113775
0.104293
0.180590
0.340519
0.209839
0.201699
0.162970
0.178712
0.164490
0.137030
0.151252
0.184168
0.112433
0.127907
0.129785
0.213864
0.195170
0.162970
0.145617
0.149553
0.093739
0.088640
0.108855
0.151073
0.114580
0.101163
0.150447
0.237209
0.165653
0.189803
0.229159
0.252415
0.101878
0.090698
0.116726
0.095617
0.118068
0.099016
0.138104
0.139445
0.143113
0.129428
0.164937
0.164311
0.111538
0.110018
0.091324
0.140072
0.126208
0.098301
0.148837
0.224240
0.163596
0.167531
0.148479
0.180680
0.145796
0.100805
0.115295
0.143023
0.099911
0.124061
0.092218
0.161628
0.138909
0.145438
0.160018
0.449016
0.476744
0.453220
0.350894
0.271020
0.126029
0.166011
0.144723
0.233274
0.209928
0.138909
0.129338
0.181664
0.119767
0.117710
0.112970
0.128086
0.106977
0.091860
0.110823
0.138372
0.123077
0.134615
0.153041
0.135242
0.130859
0.146154
0.224597
0.335868
0.130143
0.114758
0.142129
0.166547
0.200626
0.197585
0.355993
0.163238
0.126476
0.105635
0.119767
0.135778
0.099284
0.099553
0.088283
0.193828
0.171109
0.135331
0.151252
0.084884
0.104830
0.113596
0.150268
0.107066
0.086673
0.087657
0.133989
0.126565
0.152326
0.178533
0.165564
0.118068
0.110286
0.140877
0.095081
0.096333
0.090787
0.098479
0.180322
0.230054
0.156887
0.172987
0.113953
0.124061
0.096780
0.138909
0.114490
0.120394
0.142487
0.100626
0.097585
0.165027
0.209660
0.155098
0.139267
0.116279
0.145617
0.081574
0.107603
0.103936
0.141145
0.101342
0.101163
0.106530
0.186136
0.125134
0.162433
0.109392
0.149463
0.100805
0.101968
0.162433
0.109213
0.155277
0.229606
0.155635
0.159928
0.179517
0.141950
0.173703
0.117084
0.097138
0.081485
0.142218
0.102415
0.096780
0.124776
0.403667
0.143023
0.120751
0.100626
0.149284
0.091771
0.095528
0.104204
0.109750
0.099016
0.091413
0.157603
0.109839
0.139803
0.160018
0.179964
0.169767
0.143828
0.136852
0.113506
0.086091
0.074396
0.129338
0.123077
0.114624
0.105434
0.132994
0.104154
0.102703
0.105635
0.133810
0.103220
0.101342
0.092308
0.149821
0.120930
0.208766
0.177191
0.158140
0.201521
0.197138
0.174955
0.120304
0.106261
0.103131
0.129785
0.085152
0.085152
0.101342
0.133453
0.144544
0.122361
0.097764
0.126386
0.105546
0.106530
0.106977
0.152862
0.113596
0.164490
0.181038
0.174061
0.124150
0.129875
0.126476
0.156708
0.159928
0.105098
0.088104
0.146064
0.074419
0.092934
0.066995
0.177370
0.171109
0.149016
0.206351
0.343784
0.481216
0.173882
0.122987
0.192844
0.165027
0.164669
0.177996
0.307692
0.245796
0.271199
0.319320
0.202773
0.112880
0.100089
0.134436
0.096064
0.101699
0.114311
0.138193
0.071825
0.129249
0.143739
0.167531
0.179875
0.281395
0.476744
0.365206
0.158318
0.160197
0.190429
0.131753
0.190698
0.197585
0.183989
0.149553
0.147317
0.146780
0.098211
0.096780
0.085868
0.132916
0.098927
0.127281
0.125403
0.220751
0.147585
0.114401
0.134436
0.112701
0.128354
0.138909
0.094633
0.100000
0.147853
0.174955
0.113864
0.189267
0.138998
0.218336
0.138372
0.102057
0.067979
0.129696
0.090966
0.088283
0.115116
0.138014
0.132111
0.203041
0.168873
0.097674
0.124329
0.129159
0.107782
0.071646
0.084615
0.109839
0.343470
0.320259
0.212366
0.211550
0.197680
0.148661
0.145976
0.085511
0.116458
0.081395
0.072361
0.096377
0.114580
0.385152
0.147227
0.190608
0.103667
0.082021
0.113506
0.111717
0.108855
0.105903
0.189624
0.147317
0.235286
0.277996
0.278712
0.316234
0.494454
0.272630
0.173882
0.113327
0.082111
0.106351
0.121422
0.102661
0.080624
0.323586
0.131739
0.138544
0.182555
0.209927
0.176655
0.141860
0.181216
0.214490
0.231932
0.363327
0.336941
0.285868
0.239714
0.451431
0.502057
0.347496
0.332290
0.212970
0.184794
0.121288
0.185242
0.123166
0.170304
0.114669
0.174776
0.168426
0.296601
0.285152
0.363238
0.299553
0.309571
0.318068
0.352594
0.729517
0.945707
0.766190
0.595975
0.523345
0.500268
0.563775
0.454025
0.352415
0.285689
0.320483
0.290877
0.298122
0.275134
0.228265
0.200000
0.402504
0.419857
0.464758
0.728801
0.754562
0.435868
0.697674
0.504651
0.515564
0.518247
0.526208
0.541503
0.507603
0.505456
0.582379
0.440877
0.336225
0.330590
0.380590
0.334347
0.354025
0.212433
0.155009
0.094275
0.201521
0.303936
0.152862
0.390698
0.192039
0.232290
0.201252
0.207335
0.280501
0.305188
0.330501
0.409302
0.514580
0.584526
0.567084
0.467979
0.410644
0.364311
0.328712
0.135510
0.134884
0.179517
0.129785
0.135599
0.250716
0.217263
0.145081
0.207603
0.150537
0.108945
0.460733
0.379964
0.366369
0.501431
0.593828
0.531574
0.517889
0.501521
0.572540
0.429606
0.363685
0.207513
0.173345
0.127639
0.126208
0.117263
0.482200
0.258945
0.194007
0.229428
0.444186
0.248211
0.325224
0.177102
0.144097
0.177728
0.216995
0.403220
0.507782
0.490877
0.452326
0.446601
0.422182
0.366547
0.297943
0.264937
0.279428
0.280411
0.260197
0.276029
0.242218
0.215921
0.217263
0.277191
0.328265
0.386225
0.293739
0.336852
0.632469
0.566100
0.509660
0.663506
0.543918
0.561181
0.435420
0.438104
0.544902
0.384705
0.320483
0.315832
0.280411
0.271914
0.268157
0.340340
0.280456
0.303466
0.293728
0.387835
0.412701
0.411225
0.512097
0.423882
0.508676
0.772987
0.536538
0.554472
0.609839
0.522987
0.618873
0.648256
0.578980
0.519195
0.501771
0.236163
0.206020
0.198962
0.302540
0.204499
0.190814
0.289061
0.372066
0.517111
0.444964
0.453390
0.376002
0.409714
0.394642
0.374123
0.465564
0.396270
0.395081
0.360528
0.417558
0.410501
0.584302
0.977898
0.886682
0.609267
0.533296
0.413898
0.352919
0.452913
0.407092
0.484436
0.489535
0.305116
0.342281
0.790340
0.629723
0.758784
0.505689
0.619580
0.587424
0.580944
0.585910
0.536162
0.698819
0.550425
0.500342
0.418221
0.339361
0.394511
0.393113
0.429875
0.385018
0.387187
0.305758
0.276297
0.316547
0.301968
0.390161
0.337444
0.307826
0.360443
0.415016
0.394180
0.314132
0.263846
0.341556
0.344902
0.380787
0.401860
0.403508
0.335269
0.269634
0.293113
0.260157
0.228361
0.236734
0.405854
0.349568
0.328809
0.301583
0.451279
0.474231
0.432916
0.348202
0.398211
0.440295
0.403336
0.480233
0.828757
0.902970
0.871234
0.645725
0.489991
0.510733
0.399830
0.389597
0.293019
0.256541
0.252904
0.276980
0.307036
0.337320
0.355677
0.214846
0.235992
0.373882
0.459463
0.424687
0.324240
0.229338
0.338166
0.376216
0.488578
0.498900
0.461342
0.440224
0.643005
0.469012
0.416550
0.473686
0.394983
0.383538
0.347493
0.286583
0.231038
0.113685
0.129159
0.257200
0.183877
0.159515
0.180428
0.566198
0.414986
0.384058
0.322977
0.392744
0.315564
0.513640
0.515496
0.640127
0.794290
0.864395
0.942102
0.889025
0.500586
0.339327
0.228867
0.191616
0.211184
0.164662
0.163851
0.178160
0.304545
0.357451
0.322008
0.276872
0.278722
0.349817
0.342277
0.268032
0.262979
0.257996
0.300206
0.304852
0.305606
0.227025
0.229970
0.222937
0.148253
0.146805
0.144480
0.219235
0.216093
0.172183
0.195358
0.194061
0.288855
0.280215
0.342424
0.261547
0.262755
0.387576
0.141896
0.196172
0.195635
0.260085
0.197261
0.197892
0.231625
0.209900
0.144691
0.113667
0.095420
0.087925
0.119674
0.074756
0.135978
0.126683
0.172666
0.345264
0.287346
0.194652
0.153194
0.170054
0.217540
0.327496
0.261664
0.274589
0.350098
0.559410
0.337361
0.303784
0.375349
0.386315
0.383274
0.231619
0.192598
0.115664
0.092939
0.098751
0.090789
0.137523
0.119209
0.099184
0.198787
0.603240
0.463561
0.228292
0.224253
0.170579
0.204655
0.243472
0.234437
0.274240
0.295170
0.173524
0.220125
0.212254
0.114490
0.091324
0.107782
0.105098
0.097227
0.105948
0.135040
0.140508
0.111963
0.120293
0.169186
0.269924
0.166044
0.212002
0.149829
0.182697
0.251769
0.173603
0.344941
0.322809
0.304651
0.174508
0.268605
0.358945
0.301476
0.200112
0.149385
0.134727
0.173804
0.128807
0.300763
0.151073
0.193247
0.184012
0.172753
0.499167
0.747437
0.569097
0.427437
0.279551
0.278891
0.298748
0.400358
0.352415
0.313238
0.261181
0.374597
0.294812
0.306977
0.145438
0.162701
0.197943
0.158855
0.142934
0.177013
0.152057
0.169052
0.287478
0.357469
0.287545
0.250000
0.214043
0.251789
0.252996
0.289557
0.289177
0.258050
0.302460
0.326453
0.277460
0.261986
0.248390
0.178041
0.179852
0.124676
0.162114
0.153016
0.129102
0.198540
0.161028
0.150143
0.212589
0.279322
0.421857
0.311950
0.270014
0.198151
0.223713
0.158408
0.216812
0.262963
0.236575
0.240153
0.272666
0.233019
0.198113
0.151959
0.152227
0.120250
0.093023
0.114490
0.116360
0.155944
0.114135
0.117863
0.200873
0.220266
0.149234
0.275592
0.481808
0.552666
0.301923
0.177505
0.288793
0.353614
0.324660
0.334544
0.485411
0.352889
0.412478
0.140742
0.117630
0.148292
0.136592
0.128515
0.109875
0.136422
0.147272
0.178962
0.199526
0.149589
0.173801
0.263837
0.250063
0.228175
0.231977
0.223989
0.226789
0.226038
0.275921
0.265546
0.258059
0.287361
0.285322
0.203068
0.155675
0.100145
0.091441
0.109149
0.102651
0.080932
0.078301
0.121083
0.088091
0.110637
0.209746
0.198478
0.239489
0.154002
0.131026
0.155271
0.244723
0.164490
0.149374
0.112970
0.114758
0.142531
0.095148
0.085409
0.121881
0.143150
0.136101
0.118855
0.106127
0.239097
0.167621
0.181413
0.131091
0.234249
0.278435
0.166047
0.169186
0.158784
0.159633
0.265912
0.283211
0.366020
0.312844
0.313023
0.316351
0.317236
0.336592
0.221932
0.166386
0.129794
0.138198
0.119591
0.104965
0.104808
0.143996
0.141318
0.175579
0.302369
0.265496
0.178633
0.212617
0.218071
0.267533
0.245439
0.330680
0.373972
0.383989
0.327370
0.335420
0.195617
0.257335
0.173694
0.168166
0.150268
0.140250
0.114937
0.140161
0.166458
0.103846
0.156619
0.187120
0.265832
0.243023
0.265742
0.364669
0.329249
0.425224
0.345975
0.285689
0.297585
0.560107
0.296780
0.432929
0.644653
0.233744
0.142288
0.160961
0.117648
0.114213
0.150197
0.150143
0.164499
0.174213
0.161807
0.190653
0.205349
0.172701
0.182227
0.345877
0.275000
0.248497
0.279517
0.348408
0.241843
0.342621
0.274088
0.295179
0.266565
0.239830
0.176637
0.203229
0.194007
0.116816
0.108408
0.138640
0.116055
0.170394
0.116816
0.218068
0.288193
0.144186
0.107782
0.114669
0.148390
0.111270
0.147943
0.163596
0.123435
0.135242
0.143292
0.140787
0.132021
0.145528
0.145886
0.145796
0.123792
0.132916
0.089267
0.141145
0.082200
0.129606
0.142308
0.190698
0.166458
0.111717
0.131127
0.153220
0.099821
0.154025
0.140340
0.156887
0.327102
0.393918
0.385689
0.361896
0.380233
0.335868
0.280501
0.238819
0.298569
0.245886
0.244097
0.258140
0.254830
0.239535
0.142934
0.218247
0.264132
0.250358
0.251878
0.449911
0.353846
0.311181
0.350626
0.434347
0.407424
0.442934
0.434079
0.416905
0.608766
0.512522
0.349911
0.333095
0.326386
0.295528
0.291682
0.326386
0.304919
0.421377
0.421735
0.437120
0.646422
0.659928
0.393113
0.330680
0.319141
0.373703
0.518694
0.544812
0.460197
0.471467
0.563417
0.537835
0.508676
0.391503
0.304472
0.286673
0.258497
0.288283
0.264401
0.269767
0.204114
0.121199
0.146959
0.151789
0.143918
0.153131
0.202504
0.212791
0.240966
0.436404
0.344812
0.491413
0.559571
0.516726
0.548837
0.494365
0.507961
0.643292
0.470304
0.341413
0.254293
0.259123
0.309034
0.251789
0.141413
0.128533
0.155546
0.138014
0.233721
0.558587
0.200447
0.314222
0.447764
0.587388
0.428801
0.495081
0.505098
0.397496
0.603131
0.563417
0.523614
0.429070
0.419946
0.333542
0.228533
0.166726
0.170483
0.137478
0.154919
0.170841
0.152952
0.209839
0.470572
0.354383
0.186852
0.261717
0.326834
0.428891
0.384436
0.283005
0.374329
0.389893
0.423435
0.441592
0.304830
0.271467
0.235689
0.198301
0.142397
0.133274
0.123256
0.124061
0.123166
0.153309
0.146064
0.172004
0.158140
0.160197
0.127013
0.123792
0.161360
0.261270
0.212075
0.275403
0.354472
0.375760
0.390787
0.450894
0.408318
0.332916
0.381216
0.252773
0.260107
0.265027
0.293470
0.252773
0.234794
0.284884
0.377728
0.206351
0.132648
0.148748
0.177549
0.140787
0.127818
0.204919
0.381664
0.410555
0.438909
0.446959
0.630590
0.578891
0.498390
0.474866
0.448122
0.344812
0.343023
0.352236
0.284615
0.289535
0.274597
0.165921
0.165206
0.182916
0.336136
0.643202
0.450805
0.372630
0.315027
0.255993
0.154472
0.259481
0.217800
0.255903
0.286762
0.268605
0.268426
0.306977
0.329070
0.278354
0.253936
0.269589
0.270930
0.298211
0.185868
0.139356
0.135152
0.209123
0.161896
0.160823
0.134436
0.171377
0.146243
0.147496
0.191592
0.175134
0.201431
0.324150
0.365564
0.444991
0.446512
0.486941
0.412612
0.308408
0.302057
0.352773
0.295796
0.234794
0.170662
0.155456
0.122540
0.272898
0.222451
0.376655
0.371288
0.572809
0.626834
0.508318
0.410644
0.444991
0.398032
0.479159
0.680680
0.708587
0.612254
0.540608
0.467352
0.408229
0.365832
0.330859
0.312165
0.285689
0.258050
0.130501
0.133900
0.162880
0.258140
0.262433
0.188193
0.214043
0.245617
0.378533
0.248211
0.291860
0.342308
0.444365
0.475134
0.427549
0.362075
0.287120
0.234705
0.206530
0.168962
0.147764
0.127102
0.114132
0.174687
0.140519
0.139177
0.169410
0.250984
0.282648
0.206798
0.222630
0.245259
0.235242
0.229517
0.237299
0.480322
0.600805
0.628712
0.684526
0.941503
0.718784
0.488998
0.350358
0.308676
0.327996
0.250984
0.506887
0.184526
0.152683
0.120930
0.151610
0.223166
0.303846
0.321467
0.255546
0.304025
0.391860
0.443739
0.584973
0.758318
0.614222
0.542039
0.497138
0.529964
0.601521
0.483453
0.457245
0.428980
0.417174
0.348748
0.325134
0.328533
0.314043
0.635778
0.463775
0.409481
0.500805
0.489535
0.734526
0.667352
0.729696
0.707245
0.703846
1.000000
0.862791
0.739088
0.798211
0.877460
0.664580
0.624955
0.428623
0.380501
0.366100
0.371646
0.306977
0.210107
0.126386
0.199553
0.146959
0.228265
0.293828
0.214043
0.331216
0.533721
0.577281
0.564937
0.643292
0.836941
0.787299
0.778712
0.752594
0.666369
0.659750
0.477281
0.438193
0.535868
0.412701
0.365832
0.398748
0.273882
0.300537
0.331306
0.384436
0.481574
0.487388
0.492844
0.497048
0.539088
0.565385
0.542218
0.589088
0.619946
0.705903
0.771914
0.763059
0.706619
0.562880
0.558855
0.511538
0.414043
0.399553
0.400716
0.356082
0.330590
0.172272
0.171735
0.228891
0.333810
0.216190
0.256887
0.416458
0.405009
0.468605
0.448748
0.398301
0.386941
0.416995
0.388372
0.510644
0.540698
0.503131
0.445528
0.399106
0.366011
0.414401
0.335242
0.356708
0.327639
0.165474
0.256619
0.285152
0.488193
0.453220
0.346422
0.327728
0.571199
0.363506
0.576386
0.335689
0.411807
0.442397
0.435689
0.381395
0.470125
0.424776
0.292844
0.234615
0.204025
0.250716
0.214490
0.161986
0.173524
0.255277
0.435063
0.139803
0.207424
0.182379
0.252415
0.216547
0.226386
0.215206
0.261360
0.276744
0.330143
0.342487
0.325850
0.539356
0.437835
0.310286
0.475313
0.227281
0.214580
0.161091
0.197317
0.166547
0.422093
0.193739
0.183184
0.198927
0.383900
0.514937
0.292755
0.288640
0.345259
0.357782
0.313506
0.462433
0.431127
0.408587
0.516637
0.527102
0.615832
0.447943
0.518694
0.552236
0.404114
0.278980
0.206798
0.231485
0.187478
0.201342
0.269141
0.268336
0.315385
0.314311
0.361091
0.323614
0.747764
0.500268
0.586404
0.698390
0.655098
0.616547
0.675492
0.604741
0.682111
0.608676
0.499463
0.235510
0.175671
0.193739
0.194454
0.209392
0.193381
0.225760
0.186136
0.187388
0.374955
0.327013
0.332558
0.252326
0.323166
0.285778
0.430590
0.462254
0.662075
0.740608
0.722809
0.901789
0.825492
0.636583
0.429964
0.338998
0.306619
0.238640
0.278086
0.222451
0.268515
0.213059
0.316816
0.389893
0.360644
0.313059
0.220036
0.303846
0.423703
0.520662
0.539267
0.577370
0.591413
0.490966
0.450000
0.432648
0.331306
0.396154
0.260555
0.240519
0.265206
0.186852
0.188462
0.248658
0.244544
0.175313
0.196780
0.318426
0.213059
0.242487
0.206172
0.283989
0.276029
0.338819
0.322898
0.346333
0.378712
0.409481
0.423077
0.678980
0.378175
0.337478
0.291413
0.216458
0.229696
0.203846
0.204025
0.242039
0.210823
0.188819
0.205009
0.229428
0.280054
0.353667
0.295707
0.321020
0.495081
0.477549
0.440966
0.324150
0.441055
0.469678
0.510286
0.340787
0.527818
0.391145
0.310286
0.399374
0.420841
0.357782
0.266369
0.160912
0.260286
0.141950
0.145707
0.184794
0.267442
0.210644
0.218068
0.251073
0.299821
0.286047
0.649463
0.391503
0.286852
0.391682
0.381574
0.325313
0.378354
0.509302
0.531753
0.412701
0.259928
0.163775
0.138372
0.143739
0.143381
0.183095
0.196869
0.193292
0.214848
0.522630
0.456887
0.282737
0.294812
0.271377
0.392218
0.553757
0.605993
0.553131
0.550716
0.466011
0.525581
0.278354
0.183989
0.196154
0.159928
0.149463
0.157782
0.154830
0.206082
0.183005
0.159123
0.189267
0.167889
0.354472
0.307961
0.329606
0.385331
0.362612
0.366816
0.383900
0.434526
0.497138
0.619499
0.723882
0.644097
0.564311
0.437567
0.353488
0.221646
0.160018
0.099553
0.136136
0.146154
0.204830
0.397227
0.180590
0.204830
0.209392
0.195528
0.217084
0.296422
0.255009
0.243202
0.368515
0.379875
0.500179
0.568247
0.627907
0.493828
0.508408
0.412970
0.394723
0.388909
0.377370
0.331574
0.230859
0.167084
0.152504
0.230322
0.171825
0.310376
0.491592
0.423256
0.668426
0.689445
0.513953
0.386941
0.396333
0.565832
0.746780
0.480501
0.638104
0.700626
0.459123
0.418247
0.355814
0.351342
0.295349
0.326208
0.192934
0.122451
0.200447
0.189982
0.219052
0.218784
0.315027
0.247317
0.189088
0.444275
0.444812
0.433274
0.436315
0.599642
0.810733
0.648569
0.493739
0.437299
0.432558
0.290161
0.182290
0.151789
0.144723
0.160644
0.172451
0.151699
0.216190
0.164848
0.173524
0.162880
0.189624
0.211181
0.170125
0.237209
0.271646
0.242755
0.305993
0.246422
0.263775
0.268426
0.238998
0.282916
0.262880
0.218426
0.141503
0.169320
0.157424
0.116905
0.180501
0.121288
0.135599
0.192665
0.184705
0.232558
0.274866
0.438104
0.298390
0.602862
0.314758
0.139088
0.248122
0.316637
0.426476
0.415921
0.334258
0.191055
0.203131
0.201968
0.296780
0.183005
0.150089
0.151163
0.170215
0.179338
0.122361
0.147496
0.173256
0.198390
0.283184
0.511538
0.217352
0.168247
0.203578
0.220751
0.245528
0.271377
0.468784
0.637567
0.276923
0.430322
0.383900
0.244454
0.263238
0.176834
0.188104
0.258050
0.322361
0.161628
0.159839
0.223166
0.209928
0.213238
0.188283
0.265027
0.242397
0.370751
0.311091
0.200984
0.345617
0.398837
0.312343
0.249642
0.358229
0.387299
0.361270
0.187299
0.197048
0.216369
0.145707
0.163953
0.198569
0.135420
0.191145
0.188819
0.151699
0.182379
0.284615
0.368873
0.359571
0.268962
0.358766
0.403041
0.525224
0.632558
0.550984
0.578712
0.419141
0.320841
0.336852
0.334884
0.162612
0.155903
0.157603
0.144902
0.155635
0.133631
0.195975
0.150000
0.430859
0.499195
0.371467
0.328444
0.474687
0.344723
0.375045
0.459392
0.625671
0.548390
0.571825
0.503131
0.706261
0.352594
0.531127
0.474508
0.447764
0.183095
0.150089
0.152057
0.138372
0.172540
0.166011
0.169231
0.175850
0.160465
0.122004
0.141771
0.165564
0.129159
0.154383
0.164580
0.116905
0.150537
0.264758
0.261091
0.281843
0.282021
0.332290
0.378980
0.233005
0.150537
0.175850
0.163148
0.171020
0.191592
0.230143
0.214580
0.202773
0.276118
0.287925
0.393560
0.374150
0.376029
0.463059
0.396869
0.471199
0.480143
0.429249
0.477460
0.293113
0.276834
0.289624
0.323971
0.159034
0.167084
0.246243
0.144097
0.145528
0.143292
0.197585
0.258587
0.162165
0.182469
0.235510
0.232469
0.215027
0.304025
0.274866
0.298032
0.273077
0.316190
0.430233
0.407424
0.352147
0.362791
0.319141
0.208945
0.197853
0.189267
0.222630
0.199374
0.198390
0.217979
0.188372
0.225045
0.188104
0.200179
0.244454
0.362075
0.322182
0.292397
0.205367
0.292576
0.346601
0.229696
0.492665
0.520572
0.781127
0.691771
0.403041
0.254919
0.185242
0.202236
0.194633
0.171914
0.225045
0.171825
0.230948
0.193828
0.258945
0.253667
0.245081
0.209034
0.398390
0.450000
0.423614
0.267800
0.342665
0.533721
0.477549
0.377460
0.329785
0.234079
0.395528
0.305725
0.272630
0.174240
0.175581
0.177013
0.195975
0.213685
0.163596
0.167352
0.218247
0.168962
0.205635
0.236315
0.173166
0.226834
0.255367
0.268157
0.315653
0.502415
0.383810
0.513506
0.523435
0.462254
0.386673
0.300179
0.159839
0.161270
0.154114
0.188283
0.167800
0.177013
0.174776
0.177013
0.195528
0.248301
0.427281
0.209928
0.142129
0.134436
0.156172
0.148211
0.146422
0.164580
0.194186
0.213685
0.348390
0.292039
0.242576
0.205098
0.140429
0.171109
0.145617
0.134973
0.176655
0.180411
0.191771
0.158945
0.151699
0.206708
0.145349
0.117889
0.159571
0.238640
0.237299
0.283810
0.255546
0.300000
0.443292
0.332648
0.548122
0.430590
0.462791
0.173971
0.133989
0.130769
0.143560
0.157066
0.159034
0.150894
0.130859
0.183184
0.130054
0.145170
0.135778
0.246243
0.254741
0.313238
0.464132
0.295886
0.255277
0.331395
0.321377
0.387657
0.317979
0.354114
0.467174
0.227281
0.184436
0.178444
0.158318
0.148837
0.175850
0.158318
0.192934
0.168694
0.235599
0.180769
0.218694
0.164401
0.220304
0.253936
0.181485
0.216190
0.246512
0.332558
0.324240
0.249732
0.365832
0.491592
0.451699
0.323703
0.284705
0.203041
0.234258
0.206977
0.215921
0.214132
0.191950
0.210465
0.196064
0.214132
0.245438
0.207066
0.326923
0.279785
0.226744
0.224419
0.176655
0.428354
0.285599
0.395349
0.362165
0.469052
0.349284
0.368605
0.323345
0.313059
0.304830
0.224866
0.135868
0.163148
0.172987
0.121914
0.148390
0.191413
0.221109
0.337030
0.234347
0.178891
0.208318
0.256530
0.330948
0.431664
0.455725
0.510018
0.672451
0.659928
0.361360
0.271377
0.182111
0.168426
0.126744
0.121556
0.162254
0.331574
0.181127
0.180590
0.161181
0.125850
0.286136
0.133542
0.136404
0.339893
0.145886
0.183184
0.191682
0.220483
0.154562
0.199016
0.307066
0.353757
0.210465
0.214937
0.203131
0.156261
0.162254
0.169499
0.137925
0.153309
0.201878
0.204472
0.192218
0.166369
0.191145
0.081664
0.102683
0.172093
0.119857
0.107871
0.168784
0.262791
0.327907
0.436404
0.578444
0.332021
0.354919
0.277549
0.111986
0.143292
0.096601
0.110644
0.086225
0.222451
0.101431
0.124240
0.089267
0.186583
0.247048
0.173256
0.105277
0.147227
0.105188
0.096243
0.177639
0.277996
0.299911
0.283542
0.312254
0.366369
0.274866
0.192308
0.129159
0.102415
0.108229
0.132200
0.123077
0.115564
0.102415
0.114580
0.155277
0.120930
0.109392
0.122809
0.087746
0.133184
0.142218
0.139624
0.156708
0.188909
0.277102
0.323971
0.311270
0.208318
0.225671
0.160465
0.155546
0.157871
0.133363
0.177549
0.138551
0.180948
0.146333
0.179159
0.172630
0.126208
0.119320
0.133989
0.101342
0.087925
0.110197
0.155277
0.165385
0.265474
0.278265
0.372451
0.269320
0.327281
0.245886
0.169857
0.182648
0.116279
0.109034
0.101521
0.148032
0.134705
0.109123
0.101521
0.176923
0.175045
0.149463
0.160197
0.202504
0.264937
0.125671
0.168336
0.224061
0.134884
0.177370
0.588640
0.373345
0.346422
0.308318
0.285331
0.237299
0.122272
0.108676
0.131485
0.118962
0.094186
0.123703
0.280680
0.134705
0.128533
0.130590
0.274776
0.456887
0.401431
0.563059
0.413953
0.253399
0.127818
0.319052
0.278891
0.242487
0.283542
0.235242
0.289982
0.240966
0.253488
0.218962
0.214401
0.191145
0.238462
0.107335
0.106530
0.166816
0.139445
0.304741
0.525224
0.434884
0.162522
0.114490
0.110733
0.152504
0.129249
0.146064
0.180769
0.185778
0.203309
0.206977
0.138014
0.088998
0.091860
0.119499
0.078175
0.095707
0.312880
0.132469
0.113775
0.086852
0.089982
0.127639
0.062701
0.073166
0.089177
0.079428
0.095259
0.097764
0.286852
0.230322
0.264669
0.226923
0.233005
0.229338
0.173792
0.096422
0.083453
0.078891
0.115474
0.104114
0.322987
0.111449
0.149374
0.166547
0.175492
0.170662
0.145796
0.155456
0.184258
0.211360
0.218336
0.259481
0.243381
0.323077
0.341055
0.326208
0.366100
0.396154
0.471914
0.181127
0.147227
0.179964
0.155814
0.141860
0.230680
0.204383
0.198211
0.221735
0.188998
0.223166
0.193113
0.225939
0.195528
0.172719
0.158050
0.210733
0.204204
0.199106
0.174776
0.334526
0.461360
0.186762
0.125581
0.148927
0.123524
0.115206
0.125850
0.158587
0.148479
0.123345
0.142218
0.153399
0.152057
0.220930
0.321914
0.521288
0.325134
0.243649
0.094812
0.145081
0.191055
0.286762
0.270215
0.196959
0.270125
0.270841
0.174150
0.161986
0.109481
0.087746
0.120662
0.119857
0.083453
0.146691
0.152057
0.154293
0.187835
0.164311
0.178086
0.139803
0.132469
0.176565
0.166369
0.392397
0.337120
0.268515
0.215206
0.299106
0.289535
0.247227
0.281485
0.166190
0.115653
0.131127
0.124150
0.151521
0.118784
0.140966
0.167174
0.269857
0.335689
0.563327
0.425403
0.257871
0.456440
0.274687
0.263238
0.294812
0.471646
0.677460
0.615653
0.323435
0.355635
0.289624
0.331038
0.202683
0.110555
0.118694
0.113596
0.152057
0.242397
0.277460
0.165921
0.163417
0.133095
0.400716
0.572719
0.320751
0.443739
0.318515
0.483184
0.761449
0.423614
0.304651
0.237388
0.271199
0.352952
0.151073
0.114222
0.122361
0.186673
0.115027
0.118962
0.130322
0.461091
0.100805
0.110912
0.086136
0.119141
0.093023
0.101878
0.099195
0.134884
0.096691
0.127013
0.102057
0.102952
0.091234
0.133542
0.106082
0.079964
0.078354
0.121556
0.111002
0.060465
0.066995
0.066547
0.161807
0.136494
0.059750
0.097227
0.104025
0.175760
0.102415
0.063685
0.455456
0.135599
0.077191
0.071020
0.079606
0.076744
0.093023
0.218068
0.200268
0.139803
0.113775
0.111717
0.063238
0.067084
0.055993
0.063238
0.086136
0.084794
0.063417
0.080411
0.157782
0.082290
0.092934
0.060376
0.098569
0.065742
0.057066
0.055277
0.089624
0.063238
0.103757
0.205993
0.190698
0.202773
0.198927
0.080859
0.076029
0.068068
0.074329
0.046869
0.070125
0.075939
0.103488
0.093739
0.087388
0.079517
0.075850
0.052147
0.124687
0.113417
0.068515
0.062791
0.090340
0.178265
0.280769
0.257782
0.169589
0.090877
0.083095
0.079070
0.115564
0.065742
0.061807
0.061538
0.056708
0.094007
0.042665
0.086494
0.066995
0.224687
0.308408
0.069678
0.100358
0.059660
0.075581
0.052594
0.071646
0.096780
0.074955
0.080322
0.102415
0.205814
0.273524
0.375850
0.227549
0.066726
0.099642
0.063417
0.063953
0.078175
0.139177
0.110644
0.316905
0.084347
0.140429
0.409660
0.283453
0.255098
0.279875
0.404293
0.334258
0.294365
0.258855
0.350000
0.254741
0.184705
0.147496
0.157782
0.102057
0.082826
0.107424
0.080411
0.070930
0.096959
0.082469
0.141771
0.128533
0.127549
0.073971
0.080322
0.101431
0.081753
0.108855
0.065832
0.110197
0.207335
0.279696
0.271020
0.253936
0.263775
0.293828
0.176118
0.145438
0.122182
0.098211
0.150537
0.128354
0.277996
0.143023
0.149463
0.114043
0.084884
0.073792
0.126297
0.144275
0.191503
0.102057
0.150179
0.200984
0.255903
0.337299
0.332648
0.319141
0.244097
0.275581
0.157782
0.111896
0.106351
0.130680
0.114848
0.122093
0.117889
0.123524
0.281038
0.228175
0.306530
0.230411
0.191055
0.181216
0.193918
0.202326
0.266547
0.268873
0.353936
0.410733
0.457871
0.411896
0.285778
0.235510
0.289267
0.191324
0.156261
0.132558
0.172451
0.129428
0.163238
0.207513
0.232916
0.260018
0.217889
0.165474
0.168605
0.191860
0.165653
0.225581
0.255277
0.296154
0.316011
0.443202
0.369767
0.402326
0.414937
0.288819
0.238372
0.156619
0.144902
0.150984
0.129159
0.122898
0.119052
0.128801
0.204025
0.193649
0.238819
0.135331
0.434884
0.309302
0.221377
0.154383
0.153041
0.172093
0.341950
0.282826
0.351610
0.349106
0.411896
0.494902
0.391413
0.380590
0.376297
0.138998
0.132469
0.169767
0.197406
0.184526
0.348211
0.339714
0.333721
0.435599
0.294454
0.178444
0.222272
0.191771
0.167889
0.218694
0.382826
0.357513
0.320036
0.482737
0.301431
0.198390
0.176655
0.189714
0.161538
0.155188
0.138640
0.178086
0.220394
0.370751
0.479606
0.160644
0.176208
0.141503
0.142665
0.160018
0.178175
0.441860
0.269231
0.423971
0.473703
0.338283
0.296154
0.311449
0.274687
0.160197
0.155814
0.171467
0.136315
0.125581
0.115116
0.187209
0.421199
0.081395
0.113953
0.160376
0.179159
0.293470
0.259839
0.088909
0.072898
0.095438
0.077549
0.085599
0.114311
0.129785
0.120572
0.203936
0.188462
0.179517
0.123792
0.105635
0.109660
0.145886
0.127370
0.153488
0.195349
0.126029
0.188551
0.123256
0.225850
0.446869
0.355635
0.474508
0.171109
0.131932
0.070572
0.101073
0.169678
0.165385
0.178175
0.256530
0.250894
0.241503
0.149463
0.162791
0.138462
0.091324
0.112343
0.136136
0.146691
0.109660
0.131843
0.137120
0.237209
0.400000
0.163685
0.121825
0.134436
0.170483
0.172004
0.191324
0.334705
0.369410
0.277460
0.341503
0.289714
0.224240
0.380054
0.119499
0.113327
0.108318
0.098569
0.145528
0.134079
0.124329
0.140429
0.228980
0.175671
0.174419
0.152326
0.147674
0.183631
0.172719
0.144186
0.166905
0.230233
0.428265
0.410555
0.555277
0.515116
0.402147
0.379338
0.389356
0.350268
0.272272
0.310286
0.342934
0.303667
0.185778
0.252862
0.289177
0.202594
0.397406
0.351252
0.372898
0.493560
0.479428
0.435242
0.579070
0.674419
0.745081
0.649106
0.500089
0.480590
0.436494
0.261807
0.347853
0.260286
0.146243
0.154293
0.155546
0.162791
0.119141
0.138640
0.188998
0.217263
0.320215
0.319946
0.330411
0.405277
0.608050
0.703131
0.714490
0.853667
0.862701
0.959302
0.832021
0.966011
0.953041
0.501968
0.318336
0.161896
0.115921
0.086852
0.123703
0.153041
0.424597
0.174955
0.271735
0.334258
0.447674
0.309123
0.611181
0.469767
0.627818
0.784258
0.662343
0.709213
0.512165
0.688640
0.669141
0.538372
0.496064
0.472361
0.374150
0.301163
0.137120
0.087925
0.113864
0.117710
0.117710
0.092487
0.086404
0.155098
0.129070
0.067263
0.112522
0.141950
0.108497
0.162970
0.209750
0.451878
0.187209
0.173703
0.205725
0.159123
0.157245
0.161986
0.127818
0.120662
0.077191
0.132558
0.121825
0.331216
0.116547
0.178801
0.253220
0.173703
0.197138
0.161449
0.125581
0.202236
0.118068
0.112880
0.133810
0.210376
0.248211
0.207692
0.175045
0.163417
0.161270
0.155098
0.102594
0.111091
0.103220
0.144186
0.119231
0.114848
0.132200
0.170572
0.118426
0.129428
0.102415
0.142487
0.119499
0.127728
0.147987
0.113148
0.115474
0.142621
0.175962
0.164009
0.136164
0.182080
0.131469
0.150842
0.112183
0.106181
0.088108
0.117713
0.101611
0.121646
0.112433
0.131395
0.131753
0.146780
0.089356
0.065653
0.050268
0.085778
0.076923
0.062612
0.131485
0.121646
0.084168
0.214937
0.431306
0.205993
0.143292
0.080948
0.083900
0.059928
0.112701
0.057335
0.065921
0.093560
0.046601
0.148837
0.103667
0.111896
0.155277
0.077728
0.098211
0.096154
0.106261
0.114937
0.097048
0.122719
0.086315
0.086315
0.105546
0.073256
0.052594
0.080501
0.138462
0.072898
0.047138
0.123524
0.093918
0.099821
0.070841
0.040072
0.101073
0.091950
0.053578
0.065742
0.058855
0.076386
0.077907
0.057245
0.139714
0.182737
0.088998
0.118694
0.057782
0.084973
0.111896
0.074150
0.047227
0.073703
0.066905
0.109392
0.092576
0.081530
0.088931
0.052560
0.123597
0.097934
0.075890
0.139958
0.083530
0.202141
0.076026
0.088013
0.064758
0.190340
0.299105
0.402773
0.524776
0.215027
0.143828
0.060733
0.073792
0.095707
0.065921
0.073792
0.114401
0.140519
0.130859
0.127191
0.102773
0.150268
0.082648
0.133721
0.174061
0.113506
0.202415
0.134615
0.132737
0.185063
0.179338
0.169857
0.104830
0.128623
0.171825
0.157782
0.135242
0.087478
0.086494
0.070036
0.121735
0.082021
0.056798
0.149642
0.119902
0.112724
0.083598
0.110225
0.120572
0.109750
0.073390
0.072182
0.111807
0.125760
0.071825
0.138193
0.216369
0.205188
0.147048
0.088104
0.113238
0.054383
0.088819
0.079159
0.141503
0.133766
0.126386
0.138193
0.163864
0.099553
0.161717
0.362075
0.216682
0.446959
0.128444
0.115385
0.079696
0.105725
0.157066
0.157379
0.321445
0.152236
0.165116
0.087567
0.110465
0.079428
0.066279
0.076029
0.083453
0.149732
0.089714
0.151878
0.163238
0.152773
0.127460
0.117263
0.141145
0.186673
0.106530
0.149911
0.095886
0.112612
0.159034
0.131932
0.202773
0.150000
0.157961
0.131306
0.141771
0.124329
0.135152
0.116458
0.102773
0.106082
0.116369
0.102594
0.104472
0.042308
0.116458
0.053041
0.082379
0.066995
0.130769
0.087299
0.068336
0.128980
0.159213
0.163685
0.131216
0.131664
0.132737
0.163417
0.115295
0.128623
0.110107
0.134794
0.127996
0.125671
0.138104
0.125045
0.149016
0.141234
0.198658
0.181127
0.559481
0.298569
0.218426
0.204830
0.197138
0.149911
0.129785
0.141771
0.141145
0.197317
0.134347
0.120036
0.127370
0.132200
0.129338
0.078533
0.129070
0.090787
0.187567
0.173882
0.380143
0.142039
0.257871
0.369857
0.179696
0.102057
0.183542
0.190519
0.113953
0.145528
0.126744
0.336941
0.491413
0.531932
0.474687
0.162612
0.100000
0.125939
0.159302
0.156530
0.144186
0.329875
0.255277
0.133721
0.083274
0.067352
0.068426
0.112970
0.062970
0.120036
0.078444
0.159839
0.107245
0.096869
0.185868
0.145349
0.118515
0.128712
0.130948
0.154919
0.177639
0.120125
0.145259
0.086404
0.081485
0.192934
0.106977
0.129517
0.100984
0.163953
0.151342
0.106172
0.093113
0.139982
0.079606
0.085599
0.065742
0.165742
0.131127
0.218068
0.124240
0.161538
0.102236
0.116190
0.089356
0.058497
0.161807
0.083989
0.100268
0.313417
0.195438
0.084347
0.070751
0.108408
0.056798
0.088372
0.070125
0.092934
0.094991
0.098390
0.109660
0.175313
0.142934
0.190787
0.180680
0.127639
0.193470
0.111628
0.103041
0.140250
0.125850
0.100626
0.106172
0.126029
0.188104
0.133900
0.180859
0.210197
0.097674
0.271199
0.173792
0.131127
0.307513
0.149642
0.104830
0.131664
0.139714
0.157245
0.196512
0.187388
0.165295
0.141413
0.110197
0.115921
0.089535
0.125403
0.101699
0.150358
0.120125
0.153399
0.102415
0.180859
0.440072
0.493739
0.438372
0.180769
0.136762
0.126476
0.080680
0.094902
0.126565
0.228533
0.141413
0.143381
0.141682
0.121199
0.104919
0.092665
0.059928
0.068426
0.080411
0.115385
0.093918
0.139982
0.384884
0.193113
0.141860
0.329964
0.243023
0.299106
0.327818
0.133005
0.113864
0.263775
0.275671
0.185063
0.252236
0.180590
0.422898
0.065295
0.083542
0.079696
0.070751
0.078175
0.113417
0.094902
0.093918
0.088998
0.114401
0.060912
0.082916
0.077996
0.223792
0.351699
0.267531
0.146691
0.379606
0.108587
0.113685
0.315474
0.198390
0.178801
0.131306
0.098211
0.072093
0.061628
0.060018
0.084973
0.138998
0.100716
0.105546
0.112254
0.119678
0.132737
0.094186
0.068068
0.092039
0.141771
0.060555
0.055188
0.069499
0.088640
0.092308
0.099911
0.108050
0.218784
0.109034
0.086047
0.093470
0.064937
0.047764
0.049016
0.116011
0.087299
0.110018
0.091950
0.122272
0.053488
0.049732
0.069678
0.142218
0.096691
0.093292
0.097853
0.134526
0.086404
0.097138
0.138551
0.176923
0.138640
0.198032
0.148569
0.119589
0.136583
0.094007
0.095975
0.086583
0.138014
0.146154
0.133631
0.145707
0.158497
0.158587
0.151968
0.087835
0.097227
0.119499
0.155814
0.196422
0.210018
0.245707
0.175850
0.153846
0.143739
0.160197
0.112433
0.114222
0.096691
0.130411
0.094275
0.113864
0.130322
0.159481
0.138193
0.124419
0.209034
0.141503
0.097138
0.185242
0.166011
0.108587
0.071109
0.097674
0.094007
0.100089
0.158676
0.150805
0.086404
0.096512
0.120125
0.068784
0.066905
0.098479
0.076118
0.062075
0.085510
0.114669
0.109123
0.086583
0.200089
0.427996
0.250894
0.256887
0.097585
0.081574
0.097227
0.100000
0.104383
0.311360
0.400626
0.277728
0.180769
0.130322
0.157245
0.113864
0.098658
0.135242
0.090608
0.108766
0.119231
0.113596
0.090698
0.115206
0.119320
0.162433
0.148927
0.192308
0.090250
0.116279
0.140787
0.162343
0.149016
0.354651
0.135778
0.170751
0.160912
0.359481
0.172809
0.085868
0.121735
0.134794
0.094007
0.084347
0.053399
0.128712
0.309928
0.119946
0.333900
0.287835
0.100805
0.094633
0.126029
0.371735
0.469589
0.090519
0.122182
0.138372
0.147674
0.187746
0.091324
0.106351
0.062165
0.053578
0.066726
0.098122
0.082558
0.102952
0.106351
0.107424
0.151878
0.078891
0.124329
0.100805
0.061538
0.074240
0.101163
0.053667
0.063596
0.101431
0.139982
0.247585
0.297764
0.133542
0.130859
0.100358
0.081485
0.057066
0.073166
0.100358
0.081485
0.097406
0.121467
0.161628
0.131216
0.101342
0.117442
0.109034
0.084526
0.117442
0.150447
0.085957
0.068605
0.089624
0.091324
0.057156
0.148569
0.172272
0.133631
0.099195
0.099911
0.077818
0.059392
0.075134
0.067263
0.103667
0.125224
0.111181
0.141592
0.175045
0.127102
0.110644
0.120394
0.132379
0.113238
0.104741
0.053041
0.091682
0.126655
0.249016
0.091950
0.111628
0.168873
0.118605
0.149106
0.124150
0.107513
0.101431
0.135599
0.115832
0.122361
0.149821
0.186941
0.143649
0.150537
0.113148
0.206798
0.113417
0.114222
0.125671
0.094991
0.105367
0.189982
0.212612
0.216905
0.212970
0.156708
0.138998
0.153309
0.130590
0.138551
0.133989
0.140966
0.113864
0.158676
0.131664
0.208318
0.185957
0.239714
0.406708
0.145528
0.346064
0.181395
0.115742
0.112433
0.156261
0.174687
0.199463
0.219857
0.568784
0.300716
0.181395
0.169052
0.123077
0.127191
0.126029
0.150000
0.129875
0.147853
0.176744
0.158855
0.456172
0.206530
0.174687
0.176386
0.165653
0.154293
0.320930
0.147496
0.126834
0.109123
0.233631
0.339893
0.119767
0.121288
0.171914
0.093023
0.090161
0.094275
0.110018
0.117710
0.095438
0.094186
0.101968
0.141413
0.438014
0.088909
0.144723
0.338193
0.127460
0.138193
0.267531
0.206440
0.123614
0.128712
0.398032
0.214490
0.216190
0.129696
0.100447
0.108945
0.109213
0.071109
0.062791
0.067621
0.120125
0.093649
0.103220
0.107335
0.147853
0.085778
0.078086
0.088462
0.163596
0.097317
0.097585
0.122898
0.095349
0.231485
0.146154
0.174329
0.252952
0.209213
0.187746
0.191145
0.131395
0.125403
0.109750
0.139088
0.122272
0.145796
0.160555
0.151342
0.143292
0.191771
0.165206
0.100358
0.120572
0.149463
0.118873
0.128533
0.114222
0.182111
0.129606
0.114848
0.189535
0.196422
0.171467
0.178175
0.142665
0.129428
0.119678
0.144812
0.148211
0.146691
0.145975
0.172987
0.166100
0.139445
0.138819
0.138283
0.114669
0.118873
0.147227
0.171914
0.137120
0.192934
0.151699
0.265564
0.175939
0.138462
0.123077
0.163506
0.133095
0.127281
0.125134
0.148032
0.138730
0.099284
0.138462
0.144186
0.157692
0.135599
0.120572
0.110733
0.168962
0.131306
0.122987
0.116547
0.139624
0.196512
0.194544
0.209034
0.158855
0.199106
0.138462
0.108050
0.151789
0.149821
0.099106
0.098569
0.101342
0.152236
0.112254
0.136852
0.087746
0.186404
0.141950
0.113685
0.101610
0.133184
0.171825
0.176744
0.200537
0.184347
0.200000
0.205277
0.542129
0.403667
0.219052
0.137209
0.088730
0.111449
0.163506
0.310107
0.208497
0.149016
0.118784
0.101252
0.094454
0.130143
0.222630
0.169499
0.179517
0.267621
0.124687
0.114937
0.149642
0.360465
0.121825
0.196780
0.163417
0.123435
0.144007
0.086494
0.079338
0.079338
0.080769
0.080054
0.075581
0.120304
0.089624
0.113775
0.129517
0.106351
0.079875
0.072361
0.163506
0.126476
0.138819
0.137209
0.142218
0.114222
0.427996
0.171735
0.207603
0.155188
0.135331
0.150805
0.117979
0.105635
0.084079
0.094902
0.081216
0.105277
0.094633
0.109034
0.130322
0.087657
0.098569
0.155277
0.119946
0.535689
0.317800
0.282558
0.134973
0.117174
0.133453
0.193292
0.212701
0.133989
0.145975
0.105635
0.118605
0.100179
0.070662
0.099284
0.098122
0.109750
0.192844
0.238640
0.116995
0.208855
0.186852
0.292665
0.326297
0.108318
0.135689
0.103220
0.075671
0.063685
0.104114
0.094544
0.116547
0.190698
0.090161
0.112433
0.126923
0.084973
0.084705
0.080680
0.081395
0.139177
0.108497
0.217442
0.125939
0.122719
0.079249
0.048837
0.067710
0.134258
0.060286
0.082648
0.059123
0.067621
0.148390
0.090877
0.136047
0.144991
0.363775
0.136225
0.138372
0.087567
0.071109
0.078265
0.109392
0.069410
0.112970
0.115742
0.154472
0.086136
0.105277
0.082737
0.116816
0.088730
0.115295
0.115564
0.091234
0.088193
0.116100
0.143918
0.193739
0.181395
0.154472
0.122361
0.093739
0.143560
0.087567
0.093202
0.079606
0.136852
0.344007
0.125313
0.136941
0.142397
0.143381
0.229606
0.361449
0.136583
0.120572
0.129338
0.155814
0.133095
0.144007
0.162254
0.158676
0.213596
0.122272
0.120572
0.118694
0.148569
0.077818
0.095438
0.084526
0.147674
0.106440
0.098479
0.096780
0.100179
0.189088
0.083184
0.102236
0.073077
0.111270
0.153488
0.087746
0.097764
0.125045
0.090608
0.107692
0.083989
0.122719
0.103488
0.096959
0.121020
0.075134
0.055098
0.066369
0.106351
0.115385
0.117621
0.448301
0.115832
0.128801
0.106082
0.087209
0.288551
0.211807
0.134705
0.263685
0.133989
0.175045
0.381753
0.210286
0.211538
0.174508
0.094007
0.111091
0.100179
0.109481
0.073703
0.078980
0.091592
0.088372
0.156798
0.122809
0.098658
0.101163
0.075760
0.086583
0.076386
0.128086
0.089624
0.077281
0.080233
0.129517
0.133542
0.172093
0.133453
0.168157
0.094991
0.079606
0.142308
0.069052
0.065832
0.064848
0.136225
0.113685
0.103309
0.101789
0.110733
0.070841
0.063864
0.054383
0.122630
0.082379
0.085242
0.063685
0.078354
0.125492
0.093828
0.118068
0.193560
0.194902
0.091234
0.104830
0.067800
0.061091
0.087478
0.068247
0.060823
0.109839
0.152952
0.115921
0.073703
0.076744
0.060197
0.049553
0.075134
0.089624
0.106261
0.080948
0.122719
0.225492
0.249016
0.270483
0.152952
0.125492
0.158229
0.371109
0.225939
0.101878
0.110644
0.077370
0.093381
0.139356
0.127996
0.130948
0.090877
0.193739
0.106619
0.075403
0.113864
0.083095
0.086047
0.113685
0.103846
0.194544
0.340340
0.195170
0.112165
0.188283
0.116816
0.105009
0.104651
0.080322
0.092308
0.066458
0.097317
0.100626
0.114848
0.115116
0.123882
0.077728
0.103667
0.117174
0.068068
0.085242
0.101073
0.090787
0.086494
0.102862
0.144454
0.455367
0.198032
0.118247
0.082826
0.139893
0.098479
0.072182
0.082111
0.066995
0.147048
0.249284
0.085778
0.067442
0.125492
0.099284
0.088462
0.077639
0.099463
0.125581
0.112612
0.174061
0.111449
0.152326
0.312970
0.248211
0.174597
0.167531
0.151431
0.108587
0.073345
0.133810
0.089624
0.092039
0.104919
0.098032
0.272451
0.154562
0.397585
0.259839
0.147943
0.293023
0.215742
0.279964
0.493381
0.305456
0.351521
0.218515
0.430680
0.207066
0.188640
0.181485
0.156708
0.082558
0.083363
0.130859
0.113059
0.118068
0.094007
0.091682
0.151968
0.113596
0.088372
0.062522
0.089714
0.079696
0.068426
0.076208
0.110107
0.111986
0.364043
0.119231
0.132826
0.173435
0.105009
0.131306
0.083721
0.084436
0.108050
0.067531
0.087925
0.052147
0.104472
0.078980
0.122809
0.137030
0.114848
0.197943
0.097406
0.099284
0.105277
0.155277
0.123256
0.093828
0.156440
0.123166
0.097227
0.128265
0.172451
0.174240
0.129964
0.109928
0.143739
0.093918
0.078265
0.085689
0.161538
0.109928
0.135152
0.160823
0.319141
0.377639
0.256261
0.220304
0.305277
0.174150
0.188998
0.151610
0.153846
0.156708
0.208766
0.178175
0.171109
0.170394
0.097317
0.119857
0.100716
0.085152
0.127013
0.095170
0.096959
0.106351
0.190250
0.136583
0.189535
0.376118
0.142665
0.272809
0.212522
0.116279
0.094275
0.086315
0.255814
0.276744
0.184079
0.223703
0.177639
0.086494
0.090698
0.068426
0.087657
0.065564
0.066279
0.062970
0.095259
0.077818
0.082826
0.073166
0.115027
0.076655
0.055725
0.166011
0.154562
0.413864
0.432379
0.093113
0.101789
0.095796
0.080233
0.120483
0.181306
0.122809
0.171556
0.164043
0.097585
0.076834
0.093292
0.070572
0.081664
0.110018
0.097227
0.123971
0.159839
0.245349
0.165742
0.121646
0.363953
0.489535
0.315027
0.192755
0.317352
0.315206
0.152952
0.185063
0.162701
0.255098
0.207961
0.119678
0.070662
0.091055
0.098390
0.081395
0.089177
0.127102
0.113596
0.271020
0.231038
0.088640
0.155725
0.153131
0.374150
0.147764
0.411717
0.135152
0.364311
0.386136
0.143292
0.230948
0.204114
0.186494
0.168426
0.102236
0.096512
0.089893
0.135152
0.108318
0.100805
0.133184
0.168068
0.117352
0.081485
0.072809
0.128801
0.096422
0.094812
0.127281
0.083900
0.048390
0.078444
0.146333
0.150805
0.206977
0.275313
0.218515
0.162165
0.132826
0.091324
0.060107
0.089088
0.111002
0.086494
0.101699
0.110733
0.109302
0.090787
0.059481
0.123703
0.081753
0.074419
0.076208
0.090787
0.057335
0.071914
0.358140
0.189445
0.239803
0.231306
0.178354
0.143023
0.149374
0.104830
0.125939
0.147406
0.098837
0.102504
0.096601
0.138998
0.118605
0.083453
0.142039
0.087746
0.090787
0.069499
0.116458
0.059928
0.057156
0.091503
0.189982
0.177370
0.180948
0.205009
0.236941
0.139356
0.103399
0.088193
0.149732
0.101342
0.113327
0.078712
0.085599
0.167621
0.147943
0.165206
0.132111
0.080233
0.073971
0.112343
0.064132
0.044275
0.193918
0.073882
0.153667
0.187120
0.141324
0.184347
0.140877
0.126029
0.131753
0.140608
0.110733
0.116726
0.121556
0.123614
0.101163
0.151878
0.139982
0.141682
0.101431
0.073345
0.106887
0.060733
0.055993
0.082111
0.071199
0.100894
0.161717
0.169052
0.228623
0.180501
0.344007
0.501431
0.127996
0.103936
0.141950
0.100716
0.105009
0.104025
0.144544
0.070751
0.085331
0.081038
0.116190
0.095170
0.120394
0.277370
0.265027
0.319141
0.288551
0.215385
0.228623
0.182200
0.264848
0.389535
0.306887
0.257961
0.184079
0.131485
0.106440
0.090966
0.118247
0.119320
0.098837
0.100984
0.146064
0.097406
0.137657
0.132379
0.144991
0.154114
0.146601
0.156530
0.182737
0.405188
0.277907
0.392844
0.292844
0.175403
0.148927
0.127818
0.074776
0.073166
0.081395
0.071556
0.065742
0.080680
0.121199
0.084436
0.090698
0.128086
0.058766
0.087388
0.066995
0.062612
0.203667
0.285689
0.369499
0.090072
0.149642
0.232290
0.196691
0.182737
0.165385
0.141682
0.096333
0.073256
0.083542
0.113864
0.103131
0.127191
0.134794
0.198569
0.130590
0.099553
0.104114
0.106977
0.082021
0.102236
0.099642
0.139714
0.083184
0.134168
0.205814
0.203309
0.219052
0.390161
0.335242
0.196959
0.167621
0.114043
0.097585
0.106440
0.151878
0.127907
0.153488
0.113953
0.125224
0.101699
0.082648
0.199195
0.274061
0.381664
0.311807
0.195886
0.104204
0.129249
0.188909
0.227996
0.187120
0.242218
0.175581
0.197048
0.094365
0.099463
0.135689
0.098927
0.113059
0.102862
0.160286
0.109302
0.133810
0.173882
0.123971
0.120483
0.091324
0.119589
0.107245
0.094544
0.103041
0.171556
0.189982
0.178533
0.186583
0.366369
0.325224
0.143560
0.102415
0.121109
0.107871
0.111181
0.087388
0.124866
0.128712
0.297406
0.110018
0.137030
0.130143
0.079249
0.123614
0.152683
0.111091
0.112075
0.063148
0.076744
0.200268
0.135420
0.169499
0.221467
0.368157
0.449553
0.133095
0.121735
0.155725
0.110823
0.096064
0.116995
0.120215
0.065116
0.083274
0.129249
0.153488
0.116905
0.091771
0.150537
0.095975
0.135957
0.108945
0.121914
0.177281
0.169946
0.188640
0.211628
0.294365
0.351431
0.198748
0.171377
0.149821
0.145438
0.133184
0.134794
0.163238
0.147227
0.131395
0.157156
0.127460
0.278444
0.371020
0.247585
0.246959
0.221109
0.273882
0.278354
0.323166
0.521646
0.314669
0.226476
0.222182
0.216726
0.130054
0.088998
0.092844
0.124687
0.088104
0.077281
0.092934
0.401521
0.135689
0.174776
0.292129
0.142934
0.111628
0.293470
0.300268
0.075224
0.131395
0.174687
0.165564
0.213775
0.250626
0.154114
0.203041
0.150894
0.123703
0.137835
0.158229
0.133274
0.124150
0.181843
0.344902
0.215832
0.125224
0.121199
0.149463
0.098032
0.081127
0.076655
0.127996
0.072540
0.091592
0.141950
0.149284
0.201878
0.190250
0.237567
0.245796
0.149553
0.116905
0.150716
0.099374
0.111628
0.104651
0.083989
0.150000
0.099553
0.117979
0.104472
0.266905
0.321825
0.135063
0.382737
0.121825
0.066100
0.080233
0.167621
0.302862
0.287388
0.285599
0.275671
0.260197
0.165474
0.135420
0.134705
0.107961
0.098479
0.091055
0.160733
0.421020
0.131395
0.120930
0.206708
0.137299
0.153846
0.064848
0.062970
0.105903
0.125224
0.141950
0.153578
0.158408
0.177013
0.234168
0.206530
0.166190
0.163059
0.140519
0.086225
0.086047
0.118873
0.071556
0.074329
0.160376
0.241503
0.160912
0.135778
0.127013
0.083095
0.150358
0.071914
0.093649
0.112343
0.072004
0.118962
0.212254
0.222272
0.176923
0.225850
0.279338
0.429875
0.228444
0.118962
0.072272
0.095617
0.106082
0.114669
0.121109
0.143918
0.114758
0.126118
0.140608
0.122451
0.245438
0.179696
0.166637
0.132558
0.231127
0.199642
0.099553
0.167800
0.236583
0.243381
0.265116
0.195886
0.100984
0.115385
0.081932
0.087209
0.088640
0.132916
0.152147
0.125671
0.108497
0.121377
0.151878
0.105098
0.114669
0.162970
0.168068
0.175671
0.197406
0.173971
0.198032
0.498211
0.360644
0.236852
0.194633
0.161807
0.098748
0.088014
0.114311
0.096601
0.100894
0.089445
0.129249
0.147317
0.146154
0.142665
0.115385
0.124419
0.081574
0.101610
0.105546
0.097943
0.085778
0.129428
0.117442
0.293381
0.233363
0.310197
0.199284
0.139893
0.153757
0.118962
0.121467
0.112701
0.147496
0.101878
0.122004
0.150268
0.152594
0.095081
0.136315
0.093649
0.129338
0.224955
0.076744
0.089267
0.100805
0.107335
0.237925
0.144007
0.221556
0.194723
0.206977
0.211896
0.133721
0.113864
0.136404
0.115295
0.110823
0.128980
0.143023
0.168336
0.167800
0.250358
0.489624
0.179249
0.126565
0.107335
0.352236
0.296691
0.115206
0.151878
0.144812
0.213417
0.355456
0.309392
0.182826
0.170930
0.149016
0.110465
0.106082
0.133095
0.098390
0.091324
0.121467
0.163953
0.129249
0.161538
0.147764
0.165385
0.114669
0.153936
0.105993
0.114490
0.094812
0.113775
0.147138
0.221377
0.314580
0.269946
0.192844
0.202147
0.157156
0.152594
0.148927
0.125671
0.126744
0.111986
0.139893
0.102147
0.118962
0.166190
0.191234
0.210733
0.183900
0.260107
0.454383
0.414669
0.216100
0.210733
0.211360
0.293560
0.302952
0.278891
0.244275
0.210107
0.206977
0.183095
0.134794
0.148211
0.160107
0.171199
0.137209
0.172272
0.309392
0.266726
0.216547
0.234794
0.275671
0.340429
0.312522
0.267531
0.325850
0.264758
0.317531
0.330143
0.295528
0.253131
0.245975
0.190340
0.196422
0.188640
0.158676
0.141055
0.177639
0.163685
0.146959
0.187657
0.207603
0.176297
0.291145
0.233274
0.248390
0.205903
0.222987
0.586762
0.454428
0.322093
0.281306
0.328444
0.299732
0.273703
0.269767
0.225313
0.220930
0.232021
0.190966
0.158766
0.199732
0.167442
0.154919
0.148032
0.188730
0.213775
0.260733
0.315921
0.282826
0.388998
0.435242
0.491682
0.335778
0.192934
0.254204
0.266458
0.307961
0.283810
0.231664
0.216100
0.194097
0.168247
0.184168
0.195975
0.177728
0.169052
0.163238
0.155367
0.222272
0.211717
0.248390
0.263685
0.179785
0.466726
0.231038
0.233542
0.198927
0.223792
0.214401
0.238998
0.253846
0.274597
0.203667
0.248479
0.185242
0.163596
0.187120
0.152952
0.148748
0.153757
0.215206
0.193202
0.186583
0.243113
0.190698
0.184347
0.128801
0.165832
0.139356
0.157692
0.174150
0.163775
0.157692
0.496333
0.485331
0.448927
0.306708
0.201699
0.184347
0.147943
0.175492
0.154651
0.153846
0.183810
0.204025
0.170394
0.296869
0.206977
0.200000
0.146333
0.250626
0.207513
0.198569
0.167979
0.200179
0.395259
0.255009
0.246691
0.278712
0.329249
0.199911
0.167084
0.177191
0.115116
0.136136
0.191055
0.147764
0.140250
0.143649
0.174687
0.177281
0.182200
0.251521
0.183363
0.198211
0.142934
0.182826
0.141860
0.164848
0.246869
0.485152
0.357603
0.185599
0.235420
0.494097
0.311091
0.141771
0.160018
0.107603
0.115564
0.113506
0.130322
0.112165
0.127102
0.117531
0.187209
0.225850
0.169052
0.142308
0.180769
0.321556
0.258945
0.196333
0.183721
0.184347
0.207245
0.244275
0.237746
0.279517
0.191592
0.177907
0.135331
0.138193
0.170841
0.146154
0.173345
0.163596
0.185510
0.182469
0.149732
0.202952
0.199642
0.199553
0.240698
0.190250
0.218157
0.200447
0.184884
0.236494
0.203399
0.243202
0.243828
0.190161
0.231485
0.188998
0.202504
