0.158799
0.140544
0.088987
0.136280
0.158593
0.164739
0.113497
0.120790
0.140295
0.384665
0.793235
0.353947
0.238041
0.390726
0.193248
0.071266
0.089138
0.082697
0.132731
0.108097
0.147923
0.195463
0.078248
0.105920
0.174118
0.159903
0.089768
0.157912
0.134640
0.137502
0.091681
0.138032
0.163783
0.472804
0.417874
0.116827
0.171177
0.429273
0.231177
0.114373
0.307123
0.230877
0.253495
0.295160
0.187227
0.490250
0.258329
0.102571
0.135745
0.129545
0.091118
0.194321
0.097279
0.219117
0.107465
0.396437
0.267063
0.130945
0.253217
0.382140
0.257142
0.311922
0.250295
0.260936
0.261034
0.422066
0.425423
0.325725
0.248930
0.291480
0.504589
0.331235
0.319313
0.211802
0.215306
0.517121
0.316974
0.269145
0.379101
0.523632
0.373280
0.367187
0.400149
0.208623
0.203169
0.381870
0.198478
0.199366
0.199709
0.352136
0.354165
0.499123
0.459760
0.363408
0.329567
0.309295
0.458746
0.327359
0.272004
0.166564
0.328209
0.223140
0.255616
0.596411
0.260101
0.373387
0.572444
0.560582
0.494192
0.421355
0.210243
0.222828
0.218836
0.474552
0.750040
0.580597
0.646100
0.474603
0.484126
0.397625
0.417462
0.448619
0.237056
0.454148
0.453721
0.204436
0.484785
0.497551
0.396594
0.457559
0.271172
0.271467
0.288479
0.455873
0.238656
0.198542
0.276783
0.477833
0.301048
0.489281
0.210953
0.354277
0.357971
0.392791
0.323730
0.273875
0.258628
0.215471
0.215720
0.251093
0.210317
0.331907
0.326381
0.440617
0.333416
0.486122
0.476350
0.256394
0.328694
0.371693
0.470946
0.643393
0.345369
0.328917
0.375734
0.380505
0.298274
0.205415
0.312259
0.371071
0.224500
0.275600
0.334990
0.397109
0.395833
0.592760
0.317580
0.402415
0.649160
0.464576
0.285115
0.371572
0.324848
0.270514
0.188207
0.286714
0.258902
0.351163
0.324979
0.275563
0.165746
0.181065
0.153008
0.257516
0.142933
0.134529
0.175497
0.286854
0.122480
0.473607
0.446567
0.185917
0.366154
0.262704
0.209472
0.225097
0.371039
0.148950
0.169127
0.149840
0.188803
0.292453
0.298314
0.359571
0.191802
0.166231
0.118214
0.190203
0.251350
0.170479
0.294265
0.337180
0.270349
0.244686
0.196942
0.159769
0.202375
0.199686
0.111453
0.114763
0.195431
0.302053
0.401499
0.407631
0.305264
0.219404
0.281905
0.255995
0.233982
0.182598
0.173228
0.202328
0.173600
0.179518
0.225505
0.261576
0.351479
0.355477
0.309961
0.317697
0.224024
0.176397
0.342233
0.248076
0.168232
0.194064
0.249222
0.389864
0.316454
0.175066
0.197403
0.163801
0.349802
0.254611
0.439178
0.291560
0.229142
0.147845
0.203217
0.243105
0.211105
0.609633
0.226682
0.190639
0.262615
0.259735
0.361133
0.289561
0.410265
0.307752
0.328244
0.360012
0.262196
0.284739
0.253585
0.198527
0.343753
0.368709
0.188785
0.169747
0.244439
0.475213
0.244027
0.284490
0.333464
0.438629
0.200383
0.216511
0.151028
0.190590
0.206140
0.269433
0.222375
0.161169
0.252652
0.335781
0.240154
0.247974
0.164168
0.250230
0.247204
0.259285
0.273364
0.144651
0.191363
0.246690
0.148416
0.139032
0.352336
0.192573
0.155542
0.589869
0.317863
0.138719
0.257747
0.240241
0.166178
0.177605
0.127546
0.198528
0.247877
0.287745
0.211196
0.208236
0.235437
0.287308
0.253880
0.184892
0.196492
0.472675
0.175378
0.212074
0.365729
0.393943
0.106152
0.090438
0.192553
0.210019
0.352998
0.159769
0.168896
0.108803
0.360351
0.233358
0.242461
0.162975
0.167984
0.190688
0.171260
0.125328
0.169194
0.141697
0.122708
0.094834
0.146932
0.165489
0.167560
0.145985
0.415414
0.206652
0.118427
0.203564
0.283230
0.276455
0.163916
0.230990
0.139616
0.083843
0.208937
0.230911
0.256749
0.185094
0.128258
0.044938
0.076147
0.134780
0.157288
0.087749
0.088010
0.185349
0.105960
0.221272
0.324279
0.179231
0.124540
0.125894
0.143743
0.125813
0.123882
0.095628
0.134234
0.320726
0.221198
0.235055
0.121773
0.316594
0.298763
0.146666
0.177366
0.164867
0.092487
0.183055
0.128728
0.158847
0.129757
0.357708
0.242503
0.175518
0.390518
0.165665
0.199800
0.210516
0.086991
0.077091
0.201588
0.200927
0.130855
0.131147
0.123337
0.146799
0.161820
0.085007
0.126725
0.125128
0.205576
0.084489
0.089884
0.187182
0.139387
0.467009
0.108000
0.123433
0.231495
0.100172
0.178114
0.137839
0.363076
0.204045
0.136465
0.554106
0.733248
0.189917
0.293658
0.235189
0.165814
0.146220
0.118449
0.132166
0.168690
0.109440
0.111386
0.178819
0.242464
0.389664
0.274201
0.318333
0.202735
0.172029
0.181799
0.159604
0.154190
0.176539
0.167202
0.184212
0.177157
0.187746
0.203752
0.183462
0.089920
0.160693
0.068135
0.149911
0.209726
0.126740
0.173499
0.099393
0.169972
0.165333
0.387315
0.614945
0.272000
0.092571
0.145275
0.349541
0.166032
0.256293
0.193022
0.124558
0.119565
0.140536
0.104813
0.221803
0.159761
0.061320
0.090391
0.197960
0.096000
0.140824
0.089736
0.073895
0.160978
0.228594
0.302237
0.264381
0.289052
0.365877
0.195658
0.162592
0.223245
0.291280
0.316261
0.342628
0.166738
0.101527
0.131853
0.157893
0.111941
0.178438
0.410623
0.134422
0.149868
0.114424
0.108286
0.144351
0.460372
0.210820
0.211756
0.160832
0.145049
0.157237
0.136439
0.214524
0.120218
0.110968
0.150487
0.333301
0.158692
0.233262
0.210668
0.384077
0.230969
0.185794
0.158406
0.166149
0.173547
0.200391
0.245702
0.222907
0.169542
0.415764
0.244827
0.484742
0.311309
0.158026
0.163301
0.146772
0.066957
0.199285
0.174381
0.110709
0.293455
0.523407
0.204352
0.592374
0.133123
0.184442
0.171535
0.142043
0.117361
0.076240
0.136218
0.184733
0.131289
0.136890
0.200320
0.500077
0.267102
0.389117
0.278353
0.266283
0.297050
0.224764
0.165532
0.300442
0.196932
0.208426
0.238345
0.437451
0.641284
0.231917
0.215949
0.328478
0.212301
0.324978
0.220622
0.238820
0.289591
0.494476
0.322347
0.184030
0.336332
0.338210
0.235013
0.268852
0.235816
0.283541
0.304768
0.336883
0.208492
0.210508
0.616299
0.429598
0.227060
0.207811
0.167807
0.229563
0.156160
0.247853
0.213735
0.208260
0.338001
0.465587
0.209104
0.253276
0.548691
0.174098
0.125239
0.182449
0.109549
0.131288
0.123696
0.222876
0.329020
0.416526
0.149387
0.272171
0.263237
0.113549
0.077690
0.100451
0.100234
0.223327
0.201765
0.219463
0.262030
0.362549
0.547832
0.207322
0.166355
0.294259
0.200915
0.285129
0.175788
0.154389
0.099836
0.156833
0.136390
0.152390
0.327273
0.149260
0.173332
0.116215
0.116584
0.114729
0.147858
0.134597
0.228837
0.115249
0.153657
0.138652
0.207685
0.320718
0.448729
0.267909
0.263855
0.146542
0.091251
0.094976
0.254066
0.411551
0.237346
0.237692
0.198397
0.184857
0.152533
0.152088
0.138519
0.196385
0.134528
0.148113
0.245392
0.157396
0.219719
0.377489
0.158529
0.111733
0.179860
0.058692
0.052440
0.140313
0.127413
0.128107
0.272248
0.331897
0.159127
0.116005
0.155954
0.228006
0.184613
0.140777
0.065402
0.094879
0.088654
0.087912
0.113430
0.149768
0.109752
0.366076
0.066150
0.109949
0.291302
0.169943
0.052248
0.155754
0.103079
0.087548
0.078005
0.114209
0.195382
0.119430
0.089208
0.134141
0.580977
0.237349
0.197625
0.165269
0.170522
0.135790
0.137097
0.188422
0.169848
0.429332
0.456537
0.084043
0.076837
0.068791
0.086955
0.101784
0.110147
0.111398
0.144962
0.656808
0.379232
0.375133
0.353282
0.139396
0.226434
0.209746
0.189260
0.193123
0.290744
0.146188
0.203942
0.172543
0.138727
0.340851
0.083220
0.090565
0.469752
0.180371
0.142721
0.119890
0.127660
0.081462
0.330907
0.633916
0.300915
0.189155
0.348075
0.208656
0.163694
0.248491
0.341733
0.270967
0.309941
0.229255
0.159872
0.321692
0.608407
0.498942
0.117976
0.249474
0.157711
0.139217
0.077838
0.077771
0.075259
0.132561
0.076633
0.313701
0.477473
0.459434
0.241519
0.462077
0.327681
0.189281
0.168044
0.101368
0.229980
0.128107
0.178342
0.134584
0.138250
0.089758
0.200407
0.273939
0.098737
0.079075
0.076381
0.174235
0.077713
0.156729
0.097045
0.083944
0.108547
0.112126
0.205319
0.100199
0.124653
0.157001
0.082845
0.178037
0.110208
0.125247
0.165471
0.170027
0.172033
0.132945
0.258663
0.435762
0.138718
0.155063
0.087092
0.129269
0.130428
0.074931
0.061921
0.089390
0.089337
0.151662
0.229499
0.101931
0.109347
0.175066
0.130487
0.114196
0.103200
0.163718
0.157867
0.204142
0.120085
0.116354
0.127673
0.271450
0.298135
0.088333
0.167285
0.111707
0.227635
0.206351
0.308833
0.146735
0.204905
0.234081
0.129157
0.136486
0.267784
0.103693
0.051684
0.093060
0.149716
0.164362
0.088332
0.184669
0.238253
0.242705
0.154474
0.212778
0.607307
0.228975
0.120234
0.199236
0.102758
0.128657
0.158516
0.307210
0.156582
0.424624
0.167086
0.229067
0.423343
0.156674
0.143385
0.210276
0.362662
0.219237
0.144088
0.194043
0.236942
0.294245
0.715539
0.336567
0.249796
0.253923
0.220705
0.190632
0.185821
0.210470
0.277131
0.405577
0.295620
0.248998
0.211019
0.542809
0.266204
0.197459
0.139270
0.212483
0.207698
0.426661
0.334409
0.244388
0.202175
0.497588
0.252338
0.331781
0.302748
0.140052
0.148798
0.162032
0.105159
0.141210
0.153544
0.381200
0.131105
0.277146
0.137094
0.316056
0.185231
0.179543
0.123644
0.125321
0.177767
0.200802
0.250111
0.228384
0.377967
0.240114
0.247518
0.456957
0.136511
0.163170
0.137662
0.121495
0.110418
0.279299
0.228700
0.292213
0.221914
0.228581
0.077108
0.243999
0.200726
0.106590
0.082475
0.199891
0.107159
0.108046
0.071270
0.083391
0.107733
0.114084
0.208589
0.226357
0.069020
0.107260
0.113544
0.141980
0.097863
0.072659
0.197899
0.228700
0.266859
0.297265
0.080387
0.147485
0.142306
0.087813
0.084899
0.099435
0.154103
0.104559
0.116285
0.210844
0.208178
0.220841
0.137613
0.328472
0.226191
0.181318
0.194721
0.301427
0.269016
0.168625
0.087530
0.049380
0.211855
0.239851
0.102380
0.193489
0.160973
0.140668
0.155872
0.144370
0.130968
0.066469
0.039652
0.094936
0.097213
0.180780
0.148341
0.126037
0.290150
0.290433
0.112097
0.264504
0.236678
0.151719
0.261666
0.226524
0.207056
0.154313
0.074884
0.161350
0.196491
0.130553
0.088946
0.115695
0.108050
0.208772
0.144371
0.279235
0.161609
0.100771
0.112273
0.149588
0.160004
0.164098
0.146102
0.243788
0.143128
0.115526
0.290398
0.369744
0.115553
0.451886
0.268857
0.275153
0.264634
0.132132
0.160287
0.119332
0.143760
0.202957
0.180537
0.190116
0.276333
0.203569
0.063259
0.074884
0.082179
0.121856
0.088738
0.092111
0.084217
0.092472
0.190472
0.153536
0.449924
0.241753
0.195652
0.250761
0.134201
0.182788
0.129357
0.124625
0.127763
0.148904
0.110834
0.204456
0.286632
0.135435
0.088923
0.130847
0.118192
0.146734
0.067184
0.054171
0.103969
0.210510
0.103178
0.163309
0.153788
0.161424
0.090813
0.084118
0.286671
0.109798
0.181453
0.082672
0.103435
0.086140
0.074508
0.281553
0.599708
0.140174
0.186499
0.122262
0.090319
0.100880
0.272522
0.147139
0.195798
0.211929
0.079413
0.217554
0.178102
0.123733
0.095083
0.266115
0.184226
0.052399
0.060165
0.056064
0.063388
0.074573
0.043219
0.063250
0.062904
0.256662
0.363613
0.204711
0.126326
0.139314
0.092147
0.119884
0.288871
0.192838
0.246691
0.135560
0.425322
0.256287
0.274205
0.115438
0.095176
0.038505
0.042339
0.068286
0.114463
0.048073
0.057464
0.069056
0.103942
0.245751
0.350146
0.473833
0.251507
0.235948
0.211984
0.092104
0.114662
0.077732
0.073633
0.121099
0.150425
0.094676
0.077233
0.197658
0.190945
0.048428
0.040481
0.086586
0.102817
0.037181
0.070749
0.143331
0.071522
0.213704
0.339068
0.132032
0.048015
0.084174
0.065730
0.133210
0.112554
0.066168
0.077456
0.131726
0.259262
0.063920
0.076343
0.276676
0.124510
0.083490
0.086965
0.123174
0.103531
0.076979
0.076640
0.147487
0.259651
0.175960
0.043727
0.143769
0.059235
0.034967
0.069088
0.070207
0.067608
0.080774
0.059890
0.154859
0.184320
0.213019
0.203918
0.185277
0.078144
0.101755
0.060199
0.107829
0.041791
0.063341
0.071001
0.125919
0.152642
0.263920
0.171764
0.066060
0.119443
0.092687
0.174126
0.234942
0.187561
0.108313
0.072459
0.209528
0.253019
0.069698
0.081817
0.121307
0.097209
0.098942
0.111507
0.090216
0.112405
0.087074
0.089226
0.185110
0.251261
0.257839
0.048719
0.132528
0.385312
0.120756
0.115240
0.102027
0.170473
0.223354
0.338903
0.148512
0.209488
0.140489
0.161872
0.342283
0.163563
0.083989
0.182511
0.219499
0.110088
0.123397
0.124156
0.204342
0.316481
0.247591
0.383567
0.288135
0.434166
0.182970
0.253800
0.199132
0.158841
0.172221
0.153828
0.177775
0.143183
0.261302
0.247745
0.229270
0.256702
0.307938
0.215529
0.239259
0.164134
0.167631
0.298238
0.139355
0.139080
0.317041
0.367651
0.303087
0.151992
0.311165
0.276442
0.138344
0.123024
0.072984
0.359193
0.215203
0.190604
0.157618
0.171015
0.193284
0.234524
0.213469
0.204919
0.171321
0.169582
0.130710
0.132627
0.150805
0.162532
0.198372
0.313399
0.148557
0.260571
0.740021
0.276397
0.152057
0.272427
0.186833
0.214482
0.183506
0.120930
0.225840
0.258549
0.239642
0.145248
0.146956
0.152636
0.146684
0.166959
0.164073
0.212956
0.214046
0.487141
0.402644
0.163749
0.372038
0.318838
0.085495
0.118625
0.099338
0.100812
0.097610
0.094681
0.124894
0.108303
0.164625
0.158140
0.482321
0.168675
0.139160
0.088553
0.141397
0.130993
0.092123
0.105830
0.195607
0.070871
0.216945
0.086410
0.112103
0.098318
0.216003
0.141944
0.076169
0.174210
0.093094
0.127263
0.179817
0.255902
0.203686
0.250571
0.118423
0.127217
0.094317
0.097446
0.061932
0.164893
0.260931
0.158457
0.137891
0.359160
0.216199
0.118090
0.121037
0.125717
0.227152
0.072397
0.133865
0.099756
0.073648
0.125719
0.166946
0.383901
0.307881
0.284683
0.112551
0.315833
0.102852
0.177625
0.200653
0.130126
0.166198
0.189474
0.379446
0.320901
0.113403
0.113690
0.217992
0.195614
0.159946
0.245140
0.174758
0.377674
0.255176
0.121080
0.235518
0.212290
0.289904
0.150601
0.129301
0.458850
0.090545
0.181917
0.190311
0.162107
0.325813
0.224396
0.226232
0.229581
0.347582
0.277709
0.185123
0.147394
0.118748
0.097424
0.093604
0.138213
0.158852
0.092612
0.456467
0.275318
0.184441
0.143594
0.136871
0.286393
0.074048
0.149738
0.176021
0.078373
0.136840
0.088087
0.159187
0.167116
0.270835
0.162904
0.119260
0.133454
0.099697
0.101570
0.073855
0.136093
0.071367
0.185782
0.286802
0.244758
0.159798
0.096001
0.273766
0.122796
0.097339
0.094532
0.128276
0.076496
0.120079
0.124375
0.100918
0.083643
0.102476
0.293605
0.248231
0.103836
0.175129
0.073608
0.114415
0.101706
0.276324
0.090975
0.094452
0.244606
0.088562
0.073743
0.081293
0.093361
0.052487
0.082317
0.051442
0.088249
0.051861
0.060570
0.115541
0.116701
0.380673
0.075686
0.199288
0.166585
0.260430
0.147023
0.215991
0.070016
0.238364
0.277132
0.188876
0.121095
0.161965
0.098404
0.063151
0.102335
0.094091
0.074385
0.071889
0.077268
0.067652
0.068175
0.076729
0.198624
0.317145
0.218472
0.265133
0.074056
0.075904
0.053225
0.104320
0.135284
0.131755
0.099806
0.300087
0.223334
0.215170
0.133016
0.064231
0.100332
0.055692
0.118219
0.167117
0.167472
0.147891
0.154226
0.229761
0.213221
0.550885
0.179204
0.212478
0.165835
0.139593
0.093509
0.080452
0.079919
0.122764
0.135806
0.354028
0.302204
0.283284
0.199328
0.208148
0.169569
0.109005
0.102051
0.117178
0.135031
0.169744
0.224403
0.288860
0.270363
0.500094
0.206907
0.244461
0.486959
0.094112
0.199212
0.101403
0.173358
0.277455
0.517127
0.317256
0.115045
0.143822
0.144846
0.229001
0.214165
0.127352
0.145512
0.131373
0.102739
0.220682
0.158058
0.247973
0.390671
0.463410
0.313454
0.151101
0.289538
0.230647
0.130215
0.159490
0.108151
0.176579
0.225879
0.115719
0.122288
0.134173
0.234171
0.226829
0.347252
0.210241
0.131670
0.127211
0.152002
0.182818
0.158482
0.182650
0.228656
0.263185
0.273083
0.306382
0.208595
0.265473
0.237316
0.212848
0.101167
0.095968
0.087460
0.089899
0.133892
0.083686
0.147952
0.204382
0.083488
0.161485
0.177008
0.162276
0.105664
0.149222
0.243462
0.268839
0.176949
0.193120
0.234617
0.330575
0.103415
0.134968
0.257679
0.406398
0.259717
0.232734
0.178907
0.147908
0.201628
0.340299
0.240689
0.457876
0.227035
0.214895
0.214464
0.199032
0.340741
0.238754
0.361641
0.231845
0.250624
0.478501
0.181871
0.307172
0.256827
0.209328
0.332077
0.232514
0.616860
0.231507
0.174790
0.161047
0.187099
0.182084
0.640356
0.199489
0.290154
0.308126
0.140276
0.144777
0.189925
0.145340
0.399745
0.547917
0.194984
0.152245
0.340099
0.233990
0.185635
0.171302
0.159432
0.203774
0.174747
0.176807
0.269708
0.183708
0.218086
0.185559
0.167189
0.235557
0.069175
0.132618
0.245277
0.330313
0.224693
0.341622
0.213532
0.472384
0.362940
0.272325
0.134579
0.198275
0.115436
0.132795
0.100392
0.137964
0.080452
0.166650
0.156068
0.595651
0.160285
0.196700
0.109159
0.244014
0.160590
0.234839
0.116903
0.124931
0.195509
0.119126
0.326698
0.240809
0.511778
0.128458
0.144096
0.195293
0.110364
0.129803
0.142096
0.093176
0.108689
0.208941
0.265666
0.201733
0.261452
0.167475
0.288623
0.213076
0.278299
0.191319
0.158791
0.154965
0.119289
0.126090
0.150291
0.180851
0.297387
0.142522
0.163801
0.156487
0.143771
0.069529
0.061016
0.066586
0.081356
0.095478
0.319700
0.580676
0.241110
0.212580
0.082161
0.079989
0.077792
0.094895
0.151818
0.076532
0.100176
0.115512
0.209621
0.102479
0.267577
0.277728
0.347698
0.532418
0.240786
0.152832
0.229550
0.106044
0.116249
0.222704
0.316781
0.222603
0.071918
0.091936
0.097845
0.184609
0.162541
0.110393
0.188695
0.108076
0.084684
0.187152
0.114717
0.169223
0.186059
0.297031
0.096942
0.183244
0.117397
0.073781
0.078688
0.184418
0.119428
0.329272
0.106988
0.131524
0.160801
0.101961
0.106821
0.232066
0.055535
0.046430
0.077418
0.052019
0.103876
0.147377
0.168984
0.158837
0.705773
0.422281
0.186932
0.106479
0.087196
0.052000
0.047830
0.130854
0.063949
0.087428
0.103398
0.081108
0.128012
0.102317
0.127253
0.338853
0.140719
0.093468
0.089410
0.125149
0.076199
0.138693
0.175370
0.246460
0.072083
0.099807
0.234292
0.189074
0.102086
0.125440
0.145872
0.203476
0.242739
0.223952
0.177076
0.267036
0.165658
0.140113
0.332595
0.383040
0.273666
0.104996
0.152781
0.225778
0.182208
0.136139
0.238233
0.346171
0.439036
0.234513
0.187790
0.088265
0.155159
0.175549
0.235196
0.165894
0.380311
0.310397
0.386649
0.112725
0.189239
0.323359
0.570307
0.176974
0.095531
0.146816
0.127415
0.088051
0.134629
0.122114
0.165286
0.571130
0.115235
0.101604
0.104720
0.236140
0.173512
0.183551
0.357926
0.186000
0.149135
0.209574
0.643000
0.541281
0.375421
0.436250
0.396094
0.170615
0.059941
0.117198
0.096041
0.164702
0.087843
0.106586
0.099355
0.262797
0.208687
0.171753
0.305061
0.179445
0.110216
0.077917
0.065352
0.128918
0.074409
0.124081
0.365750
0.219799
0.342758
0.186849
0.165769
0.145518
0.066418
0.063992
0.062544
0.090612
0.154075
0.125410
0.153860
0.127824
0.128317
0.196890
0.217028
0.577006
0.144588
0.111648
0.110530
0.073981
0.110163
0.062358
0.060193
0.075709
0.101487
0.082606
0.165701
0.170104
0.090425
0.120307
0.093884
0.074106
0.110800
0.109203
0.136712
0.086620
0.101536
0.248987
0.585630
0.462640
0.377763
0.125741
0.085408
0.088455
0.103995
0.203244
0.195408
0.164203
0.337814
0.196121
0.134113
0.090283
0.063364
0.102322
0.064082
0.138159
0.075484
0.086375
0.159061
0.110707
0.369016
0.091513
0.155140
0.249296
0.078422
0.115174
0.072796
0.079046
0.085560
0.163763
0.101325
0.089525
0.162378
0.108007
0.228526
0.238288
0.184672
0.084823
0.104125
0.124650
0.158357
0.079346
0.099688
0.078282
0.118517
0.289214
0.341746
0.245878
0.145154
0.114438
0.170994
0.169204
0.056585
0.066069
0.086348
0.155596
0.486743
0.081140
0.290909
0.156671
0.098547
0.040661
0.070159
0.068619
0.050542
0.087181
0.069286
0.264589
0.131811
0.098951
0.061520
0.054014
0.092470
0.047770
0.189173
0.107888
0.136166
0.328939
0.335110
0.204002
0.312757
0.194236
0.297191
0.159155
0.131152
0.066690
0.128022
0.095816
0.099545
0.110438
0.171055
0.417070
0.110221
0.141129
0.098098
0.140381
0.224698
0.136715
0.266067
0.305320
0.079192
0.176087
0.456193
0.397155
0.141306
0.217035
0.412607
0.356245
0.323416
0.058630
0.174086
0.108652
0.122197
0.122293
0.163795
0.475290
0.286127
0.162147
0.155498
0.255884
0.067618
0.088754
0.058157
0.119003
0.071384
0.122601
0.353287
0.225313
0.106008
0.159644
0.372485
0.207723
0.098342
0.122541
0.134256
0.151885
0.185057
0.113249
0.165228
0.201936
0.112524
0.277105
0.167704
0.263212
0.236802
0.197249
0.059942
0.141192
0.168909
0.315614
0.100132
0.074869
0.095782
0.152386
0.215955
0.120614
0.059644
0.176509
0.185937
0.066796
0.039905
0.093497
0.049941
0.056341
0.069041
0.094913
0.236220
0.249432
0.146900
0.193980
0.340779
0.117998
0.272964
0.367306
0.317199
0.208479
0.142038
0.331038
0.089225
0.432238
0.159346
0.055305
0.096874
0.105345
0.091289
0.077377
0.090720
0.060708
0.231435
0.186061
0.106898
0.107499
0.082823
0.362629
0.134319
0.065895
0.195870
0.141233
0.175727
0.265331
0.231489
0.226706
0.251573
0.096638
0.092788
0.084848
0.046314
0.074085
0.067410
0.060792
0.090019
0.280780
0.098740
0.104766
0.092071
0.328926
0.093242
0.058548
0.058936
0.081971
0.125213
0.097661
0.301878
0.108091
0.157848
0.072609
0.371434
0.153057
0.071667
0.046453
0.054825
0.089862
0.072136
0.050095
0.125119
0.298834
0.127947
0.085021
0.100650
0.139796
0.067345
0.115978
0.082374
0.104961
0.099167
0.089299
0.080957
0.109561
0.147854
0.088165
0.125209
0.163023
0.130430
0.145469
0.091987
0.123948
0.121936
0.132133
0.212541
0.174155
0.392546
0.185041
0.102515
0.181662
0.126876
0.175567
0.154292
0.163034
0.129893
0.172374
0.430492
0.180368
0.166477
0.396238
0.273546
0.104397
0.053734
0.081647
0.047592
0.061008
0.062628
0.088203
0.388858
0.338710
0.122962
0.083263
0.131423
0.151353
0.210489
0.177046
0.217339
0.058247
0.153767
0.061864
0.132348
0.075251
0.081049
0.065772
0.099729
0.072650
0.057066
0.038804
0.048736
0.074035
0.064196
0.029973
0.069699
0.084510
0.237613
0.305018
0.270867
0.406926
0.116634
0.237565
0.335082
0.242129
0.152016
0.154993
0.100091
0.105029
0.103913
0.072827
0.277371
0.070347
0.068413
0.058689
0.061130
0.035156
0.069114
0.060193
0.140188
0.146770
0.070808
0.082320
0.053022
0.315682
0.193595
0.197264
0.143250
0.534722
0.374997
0.089519
0.167010
0.320997
0.276069
0.093340
0.082897
0.153388
0.070092
0.057113
0.094483
0.051720
0.049449
0.046609
0.077268
0.184543
0.072030
0.146387
0.055040
0.092280
0.147566
0.075700
0.055783
0.074640
0.082592
0.381253
0.226077
0.164278
0.066986
0.155345
0.279223
0.221286
0.114052
0.137122
0.280939
0.129101
0.087233
0.129467
0.212773
0.224661
0.332144
0.235870
0.107796
0.092603
0.124959
0.087650
0.044029
0.064990
0.128026
0.140385
0.075296
0.098231
0.224464
0.116109
0.084926
0.084481
0.044926
0.285376
0.059312
0.036528
0.220260
0.068171
0.108393
0.162171
0.203486
0.105534
0.253176
0.206680
0.061534
0.280575
0.166122
0.099196
0.158404
0.129797
0.081428
0.208624
0.462715
0.296107
0.123087
0.243789
0.053574
0.073726
0.075709
0.047430
0.047337
0.068415
0.126842
0.242388
0.213177
0.057436
0.109934
0.207634
0.130513
0.180989
0.069870
0.083975
0.173324
0.176311
0.109249
0.264466
0.336189
0.621258
0.296535
0.354712
0.136660
0.121513
0.063001
0.095682
0.085970
0.050378
0.095698
0.354819
0.227190
0.258257
0.234771
0.108094
0.110391
0.122118
0.076783
0.154668
0.100875
0.128468
0.171517
0.123174
0.181487
0.202890
0.142999
0.110565
0.082384
0.078561
0.050826
0.114142
0.090431
0.092556
0.086053
0.059711
0.098673
0.321457
0.168869
0.381872
0.202081
0.104344
0.101508
0.108623
0.176674
0.134269
0.127205
0.153660
0.172233
0.255497
0.233288
0.185856
0.157150
0.079309
0.107636
0.099525
0.107463
0.088730
0.065482
0.114903
0.140260
0.308677
0.404299
0.295327
0.263182
0.499397
0.369467
0.591269
0.213034
0.080893
0.146623
0.363767
0.108432
0.254243
0.187554
0.139341
0.064497
0.059019
0.095756
0.054425
0.078366
0.056079
0.061370
0.186032
0.383204
0.254586
0.215853
0.147160
0.085324
0.381679
0.254729
0.166446
0.145095
0.113468
0.142935
0.114765
0.075186
0.116248
0.112588
0.092926
0.204002
0.059239
0.104255
0.104555
0.042051
0.053847
0.096740
0.389206
0.084843
0.090281
0.153883
0.074475
0.207413
0.113612
0.136369
0.129296
0.169970
0.196662
0.217194
0.282947
0.249941
0.126156
0.128795
0.098916
0.129512
0.115156
0.114037
0.105690
0.082773
0.098501
0.143566
0.420421
0.139703
0.149195
0.272552
0.223458
0.092821
0.210736
0.163165
0.217988
0.220238
0.201550
0.274587
0.461684
0.128910
0.100997
0.125769
0.132858
0.109644
0.135592
0.114109
0.080741
0.140713
0.087957
0.085376
0.098981
0.181205
0.475528
0.089091
0.099058
0.128381
0.232263
0.072832
0.178518
0.127900
0.254754
0.147113
0.148772
0.306056
0.304006
0.293077
0.218985
0.133699
0.113900
0.122632
0.090366
0.088649
0.060332
0.222012
0.253944
0.164785
0.069202
0.098157
0.091548
0.060336
0.056828
0.102846
0.230908
0.115159
0.217545
0.106002
0.253575
0.198545
0.085839
0.074598
0.132408
0.045299
0.044904
0.048873
0.049373
0.037443
0.056849
0.086779
0.165197
0.155552
0.206769
0.387112
0.259927
0.384264
0.253380
0.075407
0.094632
0.058069
0.140044
0.181011
0.105226
0.293616
0.137392
0.135911
0.070464
0.043663
0.073405
0.051574
0.064672
0.052880
0.041706
0.050139
0.044108
0.091522
0.278726
0.189711
0.346809
0.176468
0.203540
0.353097
0.285466
0.074301
0.102329
0.139878
0.162539
0.287395
0.194536
0.215225
0.355426
0.080661
0.058541
0.055412
0.085069
0.095424
0.071666
0.090526
0.093449
0.206311
0.150160
0.098426
0.194029
0.231371
0.207737
0.155310
0.089010
0.089962
0.097824
0.116000
0.225703
0.185444
0.116062
0.175773
0.094840
0.095308
0.108107
0.063037
0.117751
0.058222
0.059812
0.148210
0.100412
0.183270
0.122590
0.083061
0.056064
0.140336
0.077645
0.315638
0.242987
0.356111
0.310547
0.239418
0.183978
0.155740
0.219494
0.373235
0.163136
0.192784
0.108523
0.113664
0.077488
0.070810
0.080801
0.085879
0.219314
0.173821
0.041436
0.058996
0.064382
0.138723
0.135100
0.093297
0.101536
0.108367
0.124732
0.163369
0.504479
0.231237
0.465285
0.253531
0.310208
0.222295
0.129985
0.183173
0.149550
0.094728
0.159651
0.142967
0.205480
0.225111
0.176944
0.058538
0.113256
0.181037
0.110403
0.134442
0.088436
0.212963
0.245327
0.364020
0.325046
0.363278
0.176768
0.096509
0.140137
0.147801
0.151337
0.080304
0.166497
0.100822
0.130818
0.189445
0.276317
0.214953
0.196374
0.305801
0.308858
0.087537
0.173520
0.291221
0.262220
0.127516
0.188190
0.274228
0.131087
0.359882
0.286308
0.193452
0.354911
0.173215
0.218376
0.122191
0.107128
0.124337
0.088215
0.155762
0.251717
0.243104
0.314974
0.374102
0.142016
0.120529
0.096805
0.183327
0.321314
0.131193
0.076192
0.155066
0.265575
0.156218
0.416682
0.110288
0.098356
0.197120
0.127556
0.066418
0.088381
0.110094
0.098631
0.127649
0.131112
0.324650
0.377579
0.228171
0.532720
0.398865
0.208726
0.365115
0.285170
0.323573
0.313911
0.325993
0.117643
0.473417
0.115305
0.124553
0.137737
0.081425
0.170902
0.131864
0.093904
0.107068
0.116696
0.101191
0.304967
0.129349
0.072812
0.216872
0.611576
0.126031
0.134658
0.148456
0.108246
0.139162
0.308950
0.209347
0.582922
0.216457
0.203526
0.267414
0.285210
0.086681
0.113354
0.073676
0.080064
0.091521
0.088839
0.218424
0.232555
0.124955
0.118484
0.152310
0.151625
0.062972
0.093941
0.098185
0.092544
0.109907
0.460573
0.324064
0.297872
0.143985
0.114891
0.168222
0.258357
0.092635
0.137840
0.086612
0.147569
0.062224
0.087972
0.079862
0.233904
0.250028
0.052515
0.060390
0.087026
0.138602
0.096048
0.139846
0.084990
0.250364
0.332075
0.173079
0.154302
0.076342
0.117558
0.117083
0.178720
0.116904
0.108803
0.115774
0.078245
0.046360
0.128327
0.111334
0.076711
0.351173
0.131796
0.090307
0.092622
0.082044
0.062799
0.142737
0.061364
0.065602
0.122356
0.066782
0.153656
0.142563
0.094495
0.150152
0.154191
0.124128
0.222890
0.098411
0.070718
0.089573
0.079655
0.148733
0.320846
0.231332
0.101765
0.084932
0.254191
0.189733
0.068141
0.112891
0.118952
0.157725
0.102654
0.083853
0.293823
0.233051
0.216663
0.248683
0.137801
0.073864
0.100825
0.101516
0.090975
0.076797
0.088385
0.077769
0.097760
0.087982
0.129405
0.159623
0.187173
0.289171
0.515511
0.472337
0.222504
0.239562
0.263941
0.147932
0.359426
0.154929
0.059883
0.099020
0.175603
0.082880
0.162648
0.044239
0.059451
0.084279
0.083502
0.080481
0.088797
0.294606
0.087683
0.288537
0.213801
0.310883
0.056778
0.158505
0.090515
0.083656
0.087088
0.278526
0.454747
0.168204
0.140671
0.136038
0.173665
0.117493
0.114986
0.063079
0.086761
0.049687
0.073145
0.140977
0.332542
0.083879
0.188047
0.052926
0.069299
0.113826
0.116696
0.278304
0.180031
0.255973
0.407076
0.253845
0.216116
0.165413
0.116636
0.116744
0.266075
0.086398
0.151303
0.059885
0.126874
0.090398
0.076095
0.112384
0.270056
0.182594
0.106179
0.054092
0.058454
0.156827
0.079848
0.083878
0.088663
0.076072
0.054845
0.209961
0.193535
0.075464
0.114465
0.128604
0.239117
0.079068
0.117492
0.097051
0.058749
0.069546
0.093061
0.096486
0.534755
0.191305
0.299021
0.090728
0.084632
0.148207
0.115937
0.159782
0.120620
0.211812
0.227238
0.234092
0.354943
0.190345
0.242714
0.216184
0.243847
0.143900
0.091011
0.104587
0.064664
0.103064
0.071574
0.173166
0.213017
0.242082
0.075982
0.117563
0.169804
0.082601
0.120761
0.081264
0.083555
0.062875
0.088299
0.110481
0.112763
0.148498
0.369585
0.250197
0.138891
0.135183
0.093870
0.080102
0.113239
0.124901
0.078956
0.141426
0.219557
0.250182
0.080424
0.180513
0.158100
0.115292
0.057878
0.050148
0.093727
0.181979
0.236171
0.159457
0.188768
0.068707
0.096444
0.060315
0.129153
0.096617
0.076104
0.063961
0.051018
0.066844
0.068952
0.044228
0.093177
0.097025
0.451481
0.252767
0.185574
0.257075
0.202393
0.138350
0.064908
0.194641
0.103290
0.066650
0.172773
0.152648
0.290638
0.277372
0.137543
0.093802
0.156894
0.085653
0.079907
0.057946
0.059425
0.050722
0.085052
0.154659
0.465295
0.199676
0.269135
0.413568
0.131794
0.273511
0.067935
0.109630
0.077683
0.114538
0.320366
0.539948
0.369638
0.561228
0.566187
0.232468
0.106356
0.082336
0.113350
0.115128
0.081626
0.095869
0.107048
0.340736
0.382712
0.242528
0.157154
0.202367
0.110687
0.087393
0.236841
0.150579
0.223843
0.229265
0.160536
0.189755
0.296952
0.227491
0.181222
0.092961
0.172229
0.173097
0.077705
0.090411
0.047822
0.066719
0.088342
0.123622
0.230375
0.490997
0.245003
0.257453
0.123279
0.140649
0.107710
0.178643
0.261660
0.321690
0.290756
0.208029
0.206445
0.201774
0.177850
0.092950
0.193086
0.079930
0.104864
0.077584
0.095423
0.111579
0.059837
0.071177
0.328424
0.323780
0.496427
0.277040
0.101679
0.113243
0.088639
0.197290
0.198690
0.189387
0.253006
0.084983
0.193348
0.360619
0.306904
0.120379
0.107480
0.072980
0.116166
0.104186
0.056966
0.095012
0.176193
0.604483
0.209681
0.157371
0.478770
0.121118
0.063436
0.098996
0.138341
0.076916
0.104475
0.110293
0.294320
0.448475
0.237473
0.184459
0.149383
0.088623
0.109614
0.097212
0.108109
0.064914
0.072626
0.083737
0.193362
0.306045
0.056084
0.114581
0.459123
0.147036
0.115208
0.146829
0.091211
0.102265
0.101202
0.113743
0.112152
0.138298
0.158383
0.174813
0.298158
0.134088
0.081158
0.058859
0.100156
0.087480
0.084209
0.102132
0.157337
0.197975
0.229977
0.161453
0.138454
0.151457
0.101992
0.114648
0.267960
0.326514
0.507086
0.265113
0.125843
0.222956
0.311143
0.261025
0.128032
0.225969
0.134021
0.125030
0.212153
0.169247
0.111772
0.087891
0.072051
0.066195
0.190625
0.327179
0.236195
0.410377
0.644037
0.519998
0.536426
0.312909
0.445791
0.449214
0.411401
0.178140
0.193615
0.147431
0.192430
0.212260
0.147112
0.138917
0.162176
0.149736
0.148886
0.142659
0.396777
0.305524
0.335372
0.213778
0.747009
0.275068
0.251731
0.248032
0.102975
0.065026
0.104266
0.096508
0.222003
0.192482
0.174010
0.212989
0.373212
0.084784
0.079717
0.111410
0.097659
0.078488
0.074039
0.084348
0.124695
0.375082
0.082634
0.175322
0.229231
0.094516
0.132649
0.111974
0.225268
0.073417
0.064253
0.238467
0.109732
0.218987
0.115892
0.139509
0.237419
0.077758
0.132164
0.080139
0.116404
0.073321
0.087858
0.113737
0.187965
0.309055
0.198088
0.281599
0.445605
0.062596
0.090050
0.096921
0.061858
0.101754
0.114973
0.120944
0.236004
0.096987
0.081170
0.192403
0.196573
0.117196
0.097727
0.083666
0.128114
0.071335
0.059231
0.109300
0.104606
0.240597
0.203463
0.181364
0.277930
0.131065
0.134093
0.129430
0.068053
0.158124
0.248006
0.224365
0.151255
0.349428
0.277090
0.163364
0.136713
0.148890
0.226144
0.062965
0.090105
0.079869
0.093189
0.101213
0.259147
0.319310
0.199040
0.149170
0.163142
0.114239
0.227532
0.092556
0.125179
0.147643
0.122087
0.135036
0.160296
0.136279
0.140714
0.099655
0.142662
0.117310
0.092499
0.101451
0.074631
0.143950
0.094409
0.086479
0.124275
0.163117
0.286831
0.459471
0.262914
0.319298
0.294341
0.650915
0.459206
0.085240
0.128104
0.218096
0.274915
0.111129
0.171557
0.105449
0.100973
0.088477
0.148117
0.102580
0.110313
0.108623
0.058740
0.058235
0.078685
0.300083
0.241393
0.069353
0.185094
0.307717
0.363774
0.199824
0.100995
0.189153
0.090057
0.116536
0.402192
0.478925
0.328735
0.309592
0.338648
0.181571
0.096528
0.085662
0.086165
0.152164
0.066837
0.084014
0.085046
0.144468
0.304005
0.314962
0.424506
0.277057
0.141761
0.080994
0.082709
0.137137
0.125709
0.068194
0.089614
0.139350
0.137103
0.214760
0.174003
0.082768
0.126384
0.101708
0.071491
0.042488
0.100331
0.046396
0.228011
0.179013
0.160032
0.065222
0.175805
0.078325
0.026684
0.022652
0.006425
0.004670
0.002491
0.001146
0.000468
0.000351
0.000128
0.000073
0.000026
0.000019
0.000011
0.000004
0.000003
0.000001
0.000001
0.000000
0.000000
0.000000
0.000000
0.000000
0.000000
0.000000
0.000000
0.000000
0.000000
0.000000
0.000000
0.000000
0.000000
0.000000
0.000000
0.000000
0.000000
0.000000
0.000000
0.000000
0.048060
0.101870
0.108746
0.143991
0.150678
0.125097
0.099096
0.144846
0.118406
0.103500
0.125494
0.119045
0.091232
0.097337
0.112809
0.151285
0.122491
0.136060
0.093417
0.126476
0.126438
0.122237
0.151329
0.088830
0.112757
0.085841
0.137152
0.098931
0.144536
0.138698
0.120242
0.094069
0.136547
0.123018
0.143531
0.120685
0.150201
0.103607
0.099341
0.110704
0.137611
0.117117
0.090852
0.114380
0.118861
0.123281
0.098148
0.100244
0.143281
0.115441
0.123742
0.153999
0.115242
0.132932
0.117487
0.138953
0.109978
0.106475
0.153167
0.090930
0.130922
0.134286
0.127238
0.110514
0.141719
0.124687
0.147186
0.096803
0.143443
0.110208
0.156600
0.140632
0.150332
0.147495
0.111570
0.093345
0.149423
0.091044
0.151944
0.145678
0.146296
0.119474
0.097178
0.146687
0.093188
0.094302
0.148824
0.151647
0.097910
0.118374
0.095195
0.154774
0.134755
0.119333
0.107018
0.109401
0.130341
0.138814
0.112716
0.128680
0.135001
0.087919
0.113991
0.106329
0.115336
0.253208
0.143481
0.164400
0.201089
0.168843
0.312985
0.558881
0.322805
0.276155
0.538492
0.655610
0.608061
0.106615
0.090534
0.104836
0.074609
0.094056
0.082403
0.098834
0.225054
0.311375
0.164816
0.054828
0.227045
0.212746
0.189340
0.191662
0.114335
0.325995
0.335960
0.267872
0.369482
0.322076
0.310259
0.583616
0.480499
0.294143
0.151803
0.105843
0.095003
0.141460
0.123445
0.098930
0.278905
0.161357
0.255633
0.164354
0.083740
0.438648
0.244158
0.178449
0.175543
0.228551
0.322323
0.240619
0.180713
0.247320
0.226796
0.238770
0.239808
0.095168
0.099632
0.077224
0.098099
0.068914
0.103388
0.106733
0.177314
0.215411
0.176161
0.249831
0.302796
0.110370
0.103764
0.166461
0.154360
0.294364
0.287625
0.254926
0.300917
0.402108
0.320330
0.271478
0.293952
0.242882
0.174243
0.124644
0.191506
0.190302
0.154042
0.236602
0.377855
0.286943
0.207320
0.190047
0.299028
0.130072
0.194450
0.143903
0.210004
0.163567
0.219849
0.458087
0.399920
0.304074
0.213230
0.304246
0.223363
0.177034
0.146046
0.178983
0.172475
0.204475
0.167790
0.218411
0.233400
0.363127
0.629172
0.491211
0.559199
0.315398
0.444818
0.425519
0.464454
0.354518
0.471258
0.520772
0.347152
0.335026
0.385838
0.391698
0.262377
0.165748
0.245479
0.116582
0.144568
0.177836
0.164854
0.143455
0.140589
0.180559
0.136935
0.202437
0.259618
0.240155
0.216410
0.425231
0.340021
0.433801
0.372911
0.441860
0.312982
0.265313
0.234405
0.316046
0.385663
0.282517
0.194435
0.117683
0.169384
0.137069
0.102944
0.184809
0.479427
0.363830
0.108188
0.293454
0.100588
0.216029
0.164080
0.192899
0.220181
0.211190
0.164583
0.124926
0.156420
0.094013
0.090671
0.152941
0.181440
0.076615
0.111647
0.178889
0.151030
0.088779
0.091792
0.105544
0.250929
0.191158
0.180241
0.092024
0.146397
0.409573
0.173201
0.236666
0.296955
0.378230
0.327329
0.261510
0.378546
0.282990
0.177850
0.360424
0.363405
0.188350
0.141398
0.125895
0.123947
0.088133
0.098172
0.137669
0.225257
0.314888
0.263641
0.099298
0.075623
0.151488
0.201214
0.226300
0.233101
0.177715
0.325704
0.338648
0.205635
0.244086
0.324359
0.144372
0.107550
0.170276
0.129264
0.092479
0.130178
0.081807
0.102030
0.075383
0.269560
0.113578
0.089568
0.079298
0.083529
0.064662
0.148889
0.129682
0.196584
0.354999
0.777665
0.515321
0.288201
0.250737
0.414747
0.502350
0.418532
0.175351
0.213140
0.105885
0.123807
0.128742
0.081294
0.139028
0.441851
0.081624
0.164931
0.080492
0.130289
0.148273
0.124610
0.126757
0.189561
0.164847
0.199314
0.276900
0.224404
0.149410
0.260366
0.241713
0.159748
0.130068
0.131758
0.091060
0.131775
0.131156
0.116046
0.056619
0.117193
0.230948
0.136597
0.090236
0.131706
0.099008
0.096508
0.121564
0.257274
0.639510
0.287707
0.237715
0.401478
0.202920
0.209380
0.135105
0.068352
0.081659
0.095629
0.093732
0.118766
0.067253
0.068828
0.065137
0.090851
0.091884
0.124119
0.100012
0.101571
0.075995
0.201660
0.127555
0.153426
0.115124
0.281018
0.170698
0.306704
0.124371
0.112538
0.125396
0.117505
0.104798
0.074163
0.112153
0.101799
0.080874
0.085333
0.098954
0.238445
0.161918
0.069180
0.114262
0.077695
0.073764
0.149966
0.066653
0.101326
0.105166
0.128946
0.173470
0.229614
0.388955
0.357513
0.172088
0.191807
0.137256
0.203969
0.124235
0.075251
0.115023
0.080690
0.112411
0.239335
0.171970
0.176257
0.191430
0.390685
0.187373
0.159799
0.097420
0.216124
0.090621
0.205108
0.273619
0.283479
0.241434
0.119499
0.278117
0.188195
0.115082
0.084698
0.145668
0.128693
0.108226
0.120638
0.336606
0.150571
0.234997
0.265505
0.102896
0.123866
0.160153
0.111179
0.162029
0.202519
0.305708
0.357418
0.349189
0.450665
0.335980
0.220263
0.297798
0.413457
0.149246
0.115943
0.137904
0.075306
0.111841
0.089307
0.120770
0.195467
0.106807
0.082173
0.223624
0.115320
0.083664
0.220486
0.433173
0.354168
0.313458
0.177571
0.200144
0.111342
0.149151
0.097652
0.104825
0.101675
0.134279
0.254253
0.146601
0.099915
0.165921
0.060901
0.098924
0.249380
0.147021
0.114274
0.081164
0.093931
0.159740
0.185097
0.080226
0.105168
0.220037
0.074334
0.081222
0.097868
0.085487
0.126695
0.124340
0.161648
0.343048
0.123223
0.092293
0.171753
0.112853
0.056295
0.081936
0.071557
0.122946
0.120585
0.256548
0.063087
0.073010
0.146159
0.353015
0.096636
0.183059
0.136596
0.116303
0.093791
0.250238
0.165244
0.223275
0.231922
0.106171
0.133954
0.074976
0.097614
0.083296
0.090399
0.073655
0.087587
0.112493
0.175710
0.187705
0.279440
0.265836
0.200769
0.287212
0.256618
0.193553
0.235795
0.232622
0.212720
0.143577
0.194845
0.151896
0.160445
0.120957
0.242090
0.193869
0.108082
0.139039
0.075636
0.194471
0.287020
0.435480
0.365666
0.048255
0.052459
0.104573
0.082205
0.200143
0.254513
0.132102
0.105614
0.085489
0.204044
0.131968
0.080510
0.075126
0.094843
0.154046
0.115414
0.111823
0.107185
0.103789
0.094943
0.126815
0.420028
0.098409
0.065486
0.064127
0.106013
0.104970
0.151356
0.369500
0.206345
0.259329
0.226756
0.320368
0.187983
0.126959
0.097432
0.212252
0.239354
0.164308
0.189000
0.105994
0.205478
0.142162
0.077726
0.182948
0.240512
0.158131
0.075111
0.108842
0.119380
0.116609
0.203015
0.299360
0.226275
0.362595
0.201733
0.302499
0.217007
0.176606
0.103771
0.153756
0.155154
0.110816
0.162988
0.100791
0.173431
0.121854
0.126437
0.173619
0.211682
0.227705
0.099635
0.076549
0.130468
0.286192
0.242402
0.098866
0.192908
0.167155
0.305143
0.181969
0.152512
0.180997
0.151102
0.182279
0.249855
0.112486
0.124688
0.125461
0.087337
0.090768
0.128721
0.137494
0.115093
0.145960
0.483702
0.543124
0.361063
0.127919
0.190355
0.139259
0.192741
0.206425
0.107533
0.223010
0.145284
0.136059
0.180649
0.323225
0.194830
0.141607
0.180381
0.107866
0.071469
0.088335
0.112431
0.065586
0.061262
0.115619
0.227608
0.068781
0.091422
0.078376
0.096136
0.126937
0.187686
0.128830
0.185964
0.203916
0.413313
0.067740
0.158137
0.218206
0.099591
0.173236
0.172587
0.073627
0.051250
0.068941
0.084360
0.063767
0.079610
0.172396
0.312984
0.148239
0.143642
0.290394
0.430653
0.178719
0.239297
0.157062
0.162093
0.388384
0.330686
0.236245
0.146789
0.524449
0.276810
0.162048
0.191157
0.080233
0.083827
0.076710
0.094330
0.070290
0.116772
0.169261
0.106801
0.119529
0.155349
0.165023
0.110655
0.094724
0.128431
0.172080
0.178469
0.227241
0.211808
0.187243
0.221568
0.304662
0.273895
0.117622
0.170651
0.169336
0.080684
0.235382
0.125639
0.131021
0.146701
0.136157
0.210856
0.248525
0.516220
0.643078
0.344191
0.389683
0.334208
0.321451
0.360411
0.295352
0.237560
0.247718
0.251779
0.235912
0.177987
0.278882
0.189466
0.148272
0.235958
0.235909
0.127127
0.127773
0.142119
0.292634
0.332377
0.276686
0.217919
0.315919
0.362836
0.240280
0.523265
0.356440
0.315179
0.462760
0.394789
0.404132
0.313821
0.489980
0.422777
0.295138
0.165673
0.218267
0.226449
0.133434
0.158321
0.112251
0.163435
0.128248
0.180636
0.398373
0.329621
0.247462
0.216467
0.306925
0.406163
0.299205
0.568687
0.665899
0.514370
0.238648
0.237887
0.246023
0.423955
0.211597
0.140498
0.157964
0.124875
0.155257
0.128344
0.118422
0.326884
0.326004
0.356366
0.119201
0.095686
0.264175
0.117628
0.111958
0.216987
0.187392
0.155823
0.224684
0.230669
0.259456
0.242923
0.256478
0.216239
0.141207
0.064283
0.063374
0.064936
0.141922
0.082069
0.097648
0.149741
0.090703
0.143562
0.263546
0.096308
0.131166
0.193983
0.251868
0.157815
0.253865
0.176170
0.281922
0.359884
0.377515
0.148931
0.178033
0.125824
0.121969
0.109516
0.069955
0.079358
0.060682
0.082051
0.094221
0.126474
0.105257
0.089267
0.156324
0.180294
0.125082
0.470582
0.381850
0.325861
0.212791
0.194549
0.213484
0.321878
0.465389
0.240615
0.256258
0.188401
0.124528
0.107334
0.130872
0.130686
0.120639
0.142022
0.139733
0.286380
0.164622
0.070972
0.098042
0.103292
0.086558
0.087567
0.100134
0.214733
0.084671
0.283431
0.239218
0.183694
0.246740
0.168594
0.191927
0.125866
0.078366
0.109083
0.064152
0.060793
0.076879
0.094622
0.161654
0.231022
0.287640
0.130404
0.164062
0.208786
0.276318
0.264825
0.138056
0.214066
0.248091
0.378891
0.394682
0.260130
0.339119
0.333773
0.250890
0.264887
0.249766
0.255786
0.196876
0.202249
0.194344
0.141009
0.143406
0.370419
0.242230
0.222613
0.257566
0.243126
0.185953
0.194563
0.239041
0.442573
0.243742
0.309645
0.357632
0.435959
0.477377
0.448798
0.384984
0.325864
0.199060
0.138625
0.180370
0.161991
0.107844
0.098437
0.099869
0.192666
0.185536
0.287643
0.086216
0.073131
0.089568
0.096366
0.100640
0.156783
0.154072
0.152709
0.187470
0.128893
0.297789
0.226337
0.232806
0.092206
0.115919
0.086252
0.155854
0.144516
0.110448
0.067786
0.175721
0.472407
0.212296
0.139928
0.062541
0.083852
0.073401
0.106783
0.108103
0.217431
0.088161
0.232689
0.246606
0.447291
0.308695
0.185311
0.141005
0.144664
0.138495
0.090734
0.115381
0.062093
0.082343
0.126677
0.097263
0.101566
0.089474
0.080109
0.446473
0.115948
0.120835
0.152400
0.140078
0.321985
0.310296
0.188455
0.346564
0.368814
0.209870
0.192753
0.277329
0.243016
0.167864
0.175137
0.153161
0.096216
0.077382
0.105773
0.112877
0.092934
0.099722
0.172217
0.095728
0.192803
0.175878
0.368338
0.496826
0.236817
0.345559
0.369794
0.257520
0.502642
0.315638
0.279306
0.412056
0.230213
0.153654
0.233231
0.131517
0.125237
0.140829
0.097794
0.165867
0.201496
0.437540
0.132987
0.118641
0.075532
0.156108
0.193340
0.252870
0.413304
0.388232
0.329422
0.295901
0.258920
0.465928
0.403463
0.407217
0.211335
0.262963
0.155391
0.164248
0.139575
0.090044
0.149315
0.223063
0.076213
0.386372
0.125599
0.145740
0.099733
0.131589
0.137500
0.201529
0.180630
0.191357
0.203807
0.346484
0.334025
0.224299
0.149090
0.231309
0.225549
0.125419
0.158591
0.117834
0.152469
0.154063
0.108523
0.188327
0.246724
0.219606
0.071237
0.130140
0.140417
0.124421
0.136832
0.199623
0.216236
0.293818
0.204961
0.184662
0.285528
0.221967
0.279154
0.383577
0.218727
0.170168
0.175408
0.204561
0.167831
0.138180
0.180216
0.168610
0.155588
0.188959
0.373365
0.136897
0.171906
0.125372
0.168242
0.254479
0.329665
0.288746
0.269855
0.334050
0.371523
0.307779
0.213176
0.248217
0.443553
0.210884
0.176130
0.163846
0.156974
0.118750
0.105541
0.197914
0.201419
0.358481
0.229726
0.181051
0.211531
0.140697
0.183623
0.159096
0.116053
0.151043
0.160728
0.203062
0.188782
0.241534
0.223691
0.174803
0.118956
0.172226
0.182446
0.089019
0.125987
0.102765
0.092962
0.083338
0.113397
0.144171
0.124127
0.161491
0.155944
0.204434
0.233473
0.188095
0.265860
0.272494
0.221936
0.295171
0.231433
0.260052
0.177600
0.221242
0.164223
0.132731
0.106958
0.171718
0.090627
0.137168
0.118658
0.081180
0.096095
0.135404
0.180118
0.117656
0.134878
0.227529
0.199534
0.137353
0.209500
0.268463
0.361032
0.202882
0.154839
0.195728
0.210308
0.182740
0.118747
0.091378
0.076432
0.072526
0.067114
0.062585
0.072787
0.147330
0.080050
0.120561
0.111980
0.119470
0.363615
0.140907
0.160729
0.179001
0.141137
0.123705
0.240941
0.312668
0.275832
0.252782
0.171085
0.117559
0.168996
0.147505
0.136170
0.116621
0.117487
0.109723
0.084300
0.100131
0.227621
0.141506
0.078702
0.082214
0.096604
0.197219
0.147623
0.134628
0.177384
0.226315
0.327331
0.271708
0.396543
0.253903
0.213552
0.198622
0.145420
0.138695
0.174093
0.199464
0.132316
0.094315
0.177394
0.143803
0.117595
0.353686
0.101860
0.089245
0.087749
0.102905
0.113536
0.107289
0.107695
0.098408
0.170347
0.289556
0.244577
0.225252
0.250026
0.191992
0.127727
0.134732
0.092246
0.150637
0.106240
0.119951
0.077177
0.091669
0.098910
0.208775
0.111899
0.099883
0.093258
0.095216
0.150665
0.114016
0.191249
0.223486
0.200101
0.235121
0.239653
0.339481
0.173858
0.167972
0.106115
0.134600
0.100255
0.140854
0.083615
0.111243
0.090617
0.112760
0.095418
0.349681
0.106556
0.185727
0.221986
0.194169
0.140727
0.120091
0.114430
0.245081
0.286466
0.171820
0.248555
0.154907
0.229313
0.148120
0.191971
0.113705
0.157195
0.164228
0.096294
0.128857
0.107472
0.102043
0.088578
0.080574
0.137161
0.144513
0.198310
0.138895
0.173058
0.108089
0.141209
0.183497
0.199434
0.217560
0.219592
0.200306
0.180784
0.203096
0.136153
0.113227
0.111949
0.147117
0.105920
0.149277
0.108909
0.083724
0.131162
0.100840
0.091389
0.073097
0.116886
0.185069
0.115897
0.444137
0.337280
0.507308
0.463324
0.525870
0.199140
0.211449
0.143715
0.131487
0.091586
0.144056
0.128083
0.104200
0.068833
0.117249
0.072637
0.142102
0.104813
0.186304
0.064217
0.089859
0.064514
0.075386
0.101096
0.093624
0.098560
0.154913
0.185045
0.241389
0.188574
0.240139
0.320264
0.200602
0.092264
0.119087
0.119116
0.115828
0.131571
0.082812
0.065573
0.067263
0.114443
0.176598
0.212241
0.062133
0.092481
0.154402
0.121967
0.127807
0.176032
0.218653
0.296501
0.280372
0.447295
0.301149
0.251107
0.128610
0.142755
0.143285
0.105192
0.076218
0.100604
0.087356
0.096363
0.104926
0.063107
0.257592
0.196614
0.067455
0.061495
0.127580
0.089803
0.122422
0.173069
0.288339
0.440632
0.130227
0.231779
0.168774
0.317772
0.295851
0.119304
0.114436
0.108964
0.114668
0.108996
0.088015
0.099729
0.101078
0.080455
0.064411
0.093295
0.101827
0.071634
0.189742
0.327266
0.226163
0.130016
0.225838
0.127541
0.110934
0.067254
0.046831
0.082846
0.093014
0.311950
0.064928
0.059532
0.067590
0.114466
0.082111
0.061657
0.048856
0.060911
0.081350
0.152474
0.310206
0.115765
0.119315
0.136494
0.106851
0.111758
0.075545
0.170980
0.090223
0.118905
0.082216
0.091438
0.113322
0.105480
0.062332
0.098339
0.063441
0.084285
0.068585
0.071957
0.050906
0.073827
0.057450
0.129897
0.089827
0.082186
0.289883
0.065275
0.091191
0.060610
0.092701
0.107861
0.104652
0.070523
0.210090
0.138695
0.102614
0.067718
0.086324
0.078216
0.097119
0.051594
0.071802
0.109513
0.084170
0.092020
0.081232
0.090781
0.076062
0.103349
0.133876
0.078488
0.065911
0.085142
0.085235
0.263051
0.075319
0.071508
0.116359
0.123639
0.135974
0.109327
0.061248
0.068975
0.059355
0.065908
0.090542
0.050261
0.087018
0.081237
0.079451
0.088305
0.184958
0.196395
0.077783
0.102665
0.090546
0.073446
0.098089
0.110414
0.164865
0.225047
0.177245
0.266181
0.274611
0.151055
0.096095
0.065786
0.057212
0.088413
0.043253
0.083929
0.088677
0.090602
0.066309
0.181408
0.246613
0.072803
0.076801
0.142052
0.144491
0.081374
0.107351
0.169288
0.186381
0.270942
0.213312
0.113168
0.146644
0.111169
0.101305
0.099994
0.088785
0.092107
0.089014
0.099699
0.115745
0.081499
0.132554
0.131101
0.183589
0.193727
0.095936
0.048027
0.077417
0.232885
0.154734
0.155775
0.157000
0.154917
0.102843
0.106083
0.369053
0.278745
0.279779
0.147210
0.126132
0.104566
0.066453
0.083845
0.086384
0.103057
0.076418
0.098931
0.110896
0.215081
0.124794
0.100898
0.112516
0.126766
0.105335
0.234681
0.144382
0.107486
0.087955
0.149974
0.108938
0.080599
0.093273
0.105339
0.077631
0.088113
0.075554
0.078338
0.057144
0.077460
0.085821
0.101201
0.056914
0.281398
0.096555
0.129386
0.166260
0.139785
0.128361
0.239678
0.218903
0.137960
0.121685
0.098490
0.092556
0.122804
0.091951
0.080595
0.077640
0.078069
0.082115
0.110921
0.057810
0.065966
0.129597
0.062740
0.181418
0.074303
0.067002
0.093793
0.099743
0.076559
0.108138
0.096458
0.154000
0.210748
0.131082
0.099952
0.101610
0.073115
0.092735
0.108614
0.063204
0.074210
0.099778
0.102090
0.057273
0.122590
0.057613
0.128445
0.161284
0.159617
0.329085
0.375195
0.211306
0.124540
0.136494
0.165629
0.216441
0.158215
0.165183
0.218841
0.149401
0.181341
0.115178
0.135495
0.075260
0.071769
0.072695
0.077273
0.106011
0.245833
0.188312
0.088560
0.097275
0.128618
0.147391
0.126068
0.172761
0.188261
0.178031
0.140576
0.246435
0.242741
0.185160
0.294099
0.159153
0.165952
0.118562
0.110858
0.102210
0.076158
0.080073
0.070652
0.276323
0.147224
0.063955
0.080534
0.098346
0.094269
0.127815
0.163522
0.092630
0.119177
0.109691
0.148459
0.161799
0.153888
0.118875
0.191769
0.170962
0.123742
0.107186
0.091988
0.086819
0.075167
0.070233
0.088182
0.116372
0.187184
0.110470
0.097071
0.129287
0.179726
0.142569
0.176554
0.122893
0.152477
0.103309
0.139513
0.279015
0.120335
0.160210
0.115101
0.110213
0.090139
0.097281
0.086262
0.078811
0.119398
0.135579
0.072426
0.069867
0.101086
0.100662
0.119843
0.274764
0.062513
0.068827
0.127470
0.140997
0.140889
0.217406
0.181062
0.224650
0.240471
0.134235
0.141901
0.112616
0.089485
0.073876
0.066105
0.051562
0.074431
0.068992
0.063536
0.077564
0.145905
0.110503
0.087509
0.113740
0.179296
0.218860
0.251286
0.124792
0.238867
0.236615
0.135874
0.198762
0.337997
0.281399
0.224694
0.319871
0.244979
0.090546
0.087488
0.082587
0.052945
0.058983
0.056355
0.062011
0.074240
0.321290
0.428070
0.406732
0.266491
0.144968
0.214849
0.217310
0.153709
0.209221
0.229051
0.253579
0.215387
0.189206
0.290369
0.265227
0.382853
0.125923
0.075283
0.081691
0.132959
0.064797
0.124466
0.088665
0.078003
0.176780
0.201786
0.330628
0.154920
0.142394
0.262066
0.277405
0.202311
0.144955
0.177580
0.165478
0.260976
0.229734
0.324867
0.171772
0.160548
0.127821
0.110506
0.102361
0.079968
0.085444
0.104703
0.202767
0.333521
0.111131
0.128883
0.110954
0.176731
0.111293
0.159757
0.094134
0.093478
0.114119
0.185177
0.111246
0.164642
0.093090
0.097442
0.111807
0.098975
0.083507
0.079087
0.083210
0.093049
0.075256
0.065101
0.235954
0.186058
0.088749
0.101882
0.104796
0.058073
0.081901
0.096914
0.138932
0.116066
0.082882
0.158439
0.178727
0.228680
0.088538
0.108637
0.107252
0.156572
0.089243
0.066423
0.068925
0.094677
0.045696
0.064957
0.062317
0.095473
0.091065
0.094762
0.080929
0.183207
0.218257
0.085647
0.085144
0.070375
0.086848
0.111480
0.199777
0.169298
0.124260
0.157924
0.149194
0.211228
0.113334
0.083882
0.099424
0.083137
0.080213
0.079522
0.112086
0.083003
0.075561
0.158683
0.070803
0.308208
0.106685
0.088345
0.083296
0.088531
0.107235
0.113026
0.111780
0.152969
0.294831
0.140700
0.075765
0.091529
0.098202
0.091099
0.128623
0.081895
0.056421
0.070522
0.097240
0.084984
0.219732
0.087487
0.070432
0.100063
0.099550
0.057218
0.095180
0.113748
0.116906
0.159662
0.127846
0.146034
0.104499
0.175479
0.150887
0.126426
0.087367
0.074112
0.084745
0.080002
0.077244
0.071672
0.113991
0.109457
0.187695
0.376172
0.202049
0.099245
0.115389
0.088550
0.166170
0.168420
0.129173
0.112418
0.079869
0.138982
0.178542
0.141549
0.193009
0.262410
0.097531
0.064413
0.056410
0.054756
0.059011
0.066409
0.131872
0.085841
0.105926
0.337093
0.215981
0.081476
0.081515
0.141480
0.092907
0.235512
0.232744
0.182231
0.277958
0.237743
0.209861
0.134038
0.173367
0.114119
0.115012
0.124641
0.134725
0.105416
0.073919
0.093069
0.067405
0.077111
0.080151
0.073618
0.163029
0.110635
0.105574
0.123504
0.330639
0.158474
0.076013
0.147465
0.129407
0.112763
0.153448
0.106554
0.081852
0.057600
0.079509
0.075397
0.098788
0.097058
0.056898
0.057378
0.113852
0.080538
0.064195
0.058077
0.056252
0.068534
0.078074
0.142591
0.170969
0.105636
0.102708
0.145124
0.121554
0.130635
0.187228
0.141348
0.139903
0.155936
0.092741
0.068079
0.076826
0.058587
0.088485
0.087901
0.063399
0.098901
0.064480
0.067161
0.127951
0.238411
0.089973
0.130159
0.277622
0.152403
0.103350
0.149964
0.128474
0.173396
0.128590
0.235866
0.270286
0.138775
0.141653
0.110477
0.095311
0.072169
0.055237
0.056877
0.066361
0.075214
0.094175
0.076358
0.108703
0.261317
0.073925
0.077110
0.093154
0.106975
0.123280
0.126953
0.072545
0.132503
0.069271
0.207550
0.123725
0.146055
0.070840
0.087672
0.059138
0.044226
0.093177
0.038171
0.099782
0.087426
0.076082
0.048785
0.076888
0.197953
0.073369
0.069199
0.103694
0.084255
0.090134
0.096561
0.102713
0.215861
0.207859
0.139588
0.160257
0.087683
0.070004
0.063700
0.056778
0.076766
0.058104
0.040573
0.110783
0.065752
0.055440
0.100443
0.258128
0.290377
0.203204
0.215577
0.281104
0.111506
0.162946
0.142094
0.223945
0.196075
0.087050
0.184437
0.199964
0.169701
0.114645
0.076322
0.060065
0.070755
0.067281
0.058345
0.056083
0.090386
0.156601
0.092053
0.114779
0.121226
0.150212
0.148670
0.401443
0.135140
0.187004
0.282077
0.303338
0.210836
0.252697
0.230262
0.253409
0.143006
0.160407
0.184930
0.124442
0.085658
0.070821
0.101134
0.119306
0.067147
0.116322
0.085657
0.113572
0.174566
0.212435
0.168891
0.104699
0.127146
0.152744
0.071463
0.160909
0.121939
0.220021
0.175937
0.089545
0.086229
0.083143
0.040885
0.057079
0.054347
0.075611
0.156180
0.094935
0.054334
0.121582
0.046802
0.109220
0.177597
0.132566
0.144175
0.092942
0.085509
0.109804
0.092793
0.200794
0.105445
0.228059
0.205950
0.092356
0.056093
0.081347
0.086979
0.103475
0.088000
0.070011
0.086545
0.052165
0.074286
0.157753
0.176112
0.287211
0.422274
0.169121
0.129155
0.208166
0.129560
0.157871
0.168835
0.114028
0.202613
0.053517
0.097533
0.093955
0.084372
0.065012
0.075584
0.050288
0.076911
0.086220
0.071423
0.123206
0.082215
0.065335
0.109221
0.208637
0.108655
0.078266
0.087240
0.178072
0.124120
0.084461
0.065173
0.069019
0.091704
0.058618
0.078121
0.090775
0.097742
0.064617
0.113273
0.106195
0.076595
0.103185
0.064602
0.122797
0.082297
0.077263
0.071464
0.157810
0.200760
0.354973
0.123958
0.171211
0.093762
0.206004
0.140302
0.132921
0.103771
0.057618
0.055999
0.089031
0.088382
0.071132
0.077276
0.101981
0.059988
0.083646
0.096680
0.069905
0.060895
0.065969
0.061361
0.086416
0.120246
0.130628
0.197105
0.367448
0.095687
0.070628
0.127023
0.134838
0.163639
0.165831
0.148839
0.127611
0.211807
0.105900
0.131898
0.146024
0.124997
0.307922
0.035910
0.108469
0.038263
0.056664
0.047549
0.174160
0.177015
0.192120
0.168376
0.180116
0.146983
0.156381
0.161729
0.171003
0.168319
0.203650
0.138448
0.439871
0.238701
0.176429
0.097923
0.104946
0.119015
0.101923
0.086362
0.112085
0.102744
0.080647
0.185572
0.278835
0.114678
0.149254
0.123550
0.326278
0.257946
0.148277
0.205132
0.337315
0.144950
0.123734
0.197892
0.220794
0.171633
0.145715
0.138502
0.160027
0.169196
0.145949
0.171148
0.156590
0.130129
0.094571
0.171323
0.170396
0.156778
0.145746
0.143231
0.179788
0.198718
0.128499
0.241152
0.148655
0.128043
0.156122
0.282023
0.234556
0.203084
0.151163
0.056736
0.102116
0.097064
0.064278
0.195541
0.090412
0.122253
0.114525
0.112950
0.133027
0.100021
0.169921
0.173247
0.302945
0.259923
0.174392
0.212819
0.353680
0.260353
0.276758
0.277366
0.263155
0.113779
0.130995
0.085975
0.096751
0.074640
0.100191
0.075974
0.100944
0.112996
0.097772
0.132402
0.172147
0.201560
0.156383
0.178495
0.449368
0.513068
0.216777
0.222565
0.303763
0.230507
0.320208
0.142554
0.202577
0.160443
0.196047
0.154619
0.130403
0.135512
0.104056
0.077922
0.157794
0.147554
0.196634
0.165716
0.117140
0.254160
0.328259
0.248584
0.264730
0.206037
0.241476
0.540008
0.515465
0.267037
0.298008
0.373430
0.256003
0.248736
0.225472
0.329441
0.157673
0.225389
0.193078
0.209834
0.133701
0.134573
0.194152
0.184484
0.198249
0.269326
0.207302
0.208080
0.151107
0.204351
0.196701
0.195944
0.234151
0.227244
0.145779
0.154717
0.183840
0.252219
0.176572
0.103563
0.187265
0.097263
0.097957
0.073747
0.089111
0.100752
0.075476
0.084660
0.055277
0.057814
0.117849
0.142092
0.278286
0.113623
0.128907
0.103976
0.112279
0.182084
0.158869
0.165917
0.164208
0.108782
0.087319
0.096829
0.098640
0.106337
0.080793
0.076803
0.079585
0.110515
0.249751
0.252101
0.086177
0.115773
0.062060
0.201304
0.389774
0.156806
0.037777
0.100343
0.125171
0.063835
0.193627
0.103161
0.056933
0.079430
0.078831
0.064478
0.082276
0.191323
0.107540
0.150800
0.157456
0.069519
0.098967
0.152887
0.212106
0.093328
0.170309
0.160472
0.267149
0.201535
0.128077
0.146093
0.157559
0.120546
0.135220
0.117528
0.144763
0.085664
0.085376
0.114207
0.143897
0.083270
0.192809
0.227793
0.139063
0.062855
0.075754
0.074688
0.062966
0.038705
0.040482
0.056983
0.338177
0.123655
0.061875
0.158054
0.181502
0.105625
0.193443
0.157688
0.069314
0.074985
0.091277
0.053090
0.048913
0.063759
0.068279
0.056594
0.207564
0.063046
0.130898
0.069176
0.069052
0.077586
0.068388
0.153566
0.254198
0.189829
0.116963
0.183025
0.153723
0.221744
0.184177
0.209300
0.199688
0.149343
0.100261
0.110204
0.096693
0.088869
0.113166
0.222905
0.146609
0.117419
0.144721
0.092193
0.066392
0.184749
0.226306
0.216884
0.151129
0.252262
0.191350
0.233776
0.263385
0.196749
0.291312
0.311127
0.240447
0.145860
0.217656
0.187757
0.127996
0.080870
0.079503
0.095865
0.086439
0.066604
0.106514
0.102524
0.412564
0.227691
0.174286
0.307210
0.409904
0.372352
0.257768
0.429247
0.365923
0.541766
0.522848
0.184084
0.148482
0.202530
0.240616
0.218988
0.142171
0.197145
0.158353
0.168747
0.141421
0.135523
0.190133
0.181204
0.187676
0.225243
0.221885
0.560448
0.350740
0.370585
0.415780
0.302480
0.193475
0.195412
0.234970
0.263339
0.215366
0.124269
0.125795
0.094606
0.078639
0.075228
0.061764
0.096322
0.064155
0.082191
0.094277
0.274389
0.062966
0.097107
0.071827
0.175493
0.100785
0.100126
0.161619
0.087843
0.241502
0.393126
0.097885
0.293809
0.167490
0.197114
0.110178
0.099305
0.077125
0.081704
0.101846
0.089135
0.213883
0.109197
0.140074
0.060951
0.074577
0.214013
0.259558
0.260692
0.176146
0.150152
0.245268
0.111488
0.179084
0.183471
0.173487
0.064810
0.079404
0.072932
0.088571
0.044956
0.077000
0.054730
0.068429
0.148533
0.052782
0.055211
0.108105
0.400348
0.290374
0.236640
0.059046
0.066811
0.106427
0.075656
0.077120
0.078251
0.149881
0.079537
0.098087
0.103547
0.087634
0.086238
0.105254
0.094332
0.096642
0.099902
0.098559
0.272720
0.283185
0.056811
0.031556
0.079305
0.059779
0.052563
0.046593
0.052909
0.043403
0.153184
0.190788
0.141897
0.157853
0.171190
0.100473
0.108935
0.104417
0.096682
0.063026
0.079072
0.043458
0.063685
0.047464
0.145126
0.259669
0.243501
0.068687
0.060448
0.086539
0.092498
0.125091
0.060685
0.044772
0.068563
0.073491
0.128601
0.120868
0.082705
0.061558
0.091220
0.069403
0.049307
0.080898
0.045223
0.090582
0.040258
0.065189
0.046467
0.053733
0.144736
0.117409
0.217511
0.108985
0.230334
0.192795
0.205153
0.142233
0.212016
0.183300
0.266298
0.092090
0.066023
0.076918
0.064131
0.147888
0.170847
0.088809
0.062994
0.066564
0.073628
0.083952
0.059765
0.091537
0.081488
0.139565
0.297393
0.093167
0.083473
0.063865
0.067944
0.080566
0.089223
0.064600
0.063717
0.063274
0.084239
0.178880
0.143017
0.062495
0.067282
0.039816
0.073768
0.155865
0.043796
0.105725
0.054672
0.067215
0.062892
0.093551
0.073192
0.226501
0.092568
0.208845
0.285159
0.295896
0.334114
0.053663
0.063822
0.129704
0.086969
0.113196
0.245818
0.161750
0.237668
0.118923
0.098875
0.100249
0.080472
0.073888
0.084815
0.100193
0.176373
0.312272
0.067219
0.063191
0.105755
0.101279
0.093000
0.383787
0.112833
0.091021
0.162152
0.181727
0.087425
0.137579
0.144712
0.271889
0.156613
0.151509
0.240358
0.103986
0.096913
0.172076
0.277058
0.108889
0.084472
0.071996
0.074656
0.120211
0.100720
0.059090
0.256720
0.380017
0.392175
0.385808
0.151650
0.233223
0.363305
0.307155
0.144125
0.136507
0.255416
0.077374
0.094133
0.102721
0.054392
0.068870
0.097300
0.085993
0.083920
0.106330
0.081970
0.262290
0.090801
0.305219
0.236508
0.090698
0.090851
0.089741
0.096564
0.075599
0.099002
0.193388
0.181067
0.141246
0.066253
0.065651
0.096724
0.165927
0.150852
0.261492
0.107400
0.112761
0.188141
0.277459
0.179759
0.126877
0.063368
0.212580
0.092961
0.050497
0.054825
0.078588
0.095577
0.124079
0.087706
0.185165
0.088241
0.090658
0.081960
0.121674
0.069090
0.075833
0.071642
0.100858
0.077792
0.059990
0.089204
0.101093
0.086111
0.155216
0.120598
0.094574
0.211906
0.210330
0.223343
0.186134
0.143898
0.201032
0.064700
0.053864
0.242927
0.143791
0.122462
0.133899
0.117526
0.096926
0.065108
0.072426
0.073055
0.050660
0.050843
0.074362
0.261645
0.122840
0.155130
0.190524
0.076571
0.135565
0.112134
0.162465
0.294625
0.183659
0.127497
0.130028
0.306548
0.169891
0.091073
0.044119
0.077572
0.049514
0.049786
0.034387
0.056692
0.121389
0.055609
0.034830
0.061789
0.052697
0.053390
0.166278
0.425802
0.258720
0.249593
0.049191
0.079457
0.092201
0.091927
0.075000
0.151392
0.081351
0.066217
0.055804
0.107116
0.083435
0.077779
0.077278
0.129574
0.068558
0.132090
0.045988
0.126204
0.397789
0.188997
0.115570
0.089633
0.236143
0.152259
0.107768
0.301733
0.124160
0.185123
0.265831
0.118616
0.173151
0.152212
0.091221
0.375797
0.109939
0.273677
0.141994
0.071250
0.129611
0.151814
0.135655
0.080684
0.103961
0.086262
0.095455
0.369494
0.316895
0.287795
0.311680
0.075008
0.167173
0.157841
0.073120
0.085568
0.118901
0.088406
0.057490
0.071322
0.092200
0.089950
0.096111
0.113057
0.090726
0.132138
0.073764
0.052261
0.071604
0.071582
0.033103
0.156059
0.050491
0.075185
0.062092
0.176373
0.063401
0.289260
0.324351
0.350242
0.132512
0.089402
0.166948
0.105655
0.085210
0.061466
0.051068
0.091251
0.246893
0.260784
0.082997
0.086558
0.055606
0.293725
0.228800
0.217303
0.253240
0.274907
0.166865
0.231641
0.074356
0.094663
0.101936
0.070862
0.112482
0.065116
0.060794
0.067273
0.068761
0.080272
0.068855
0.064990
0.190443
0.206527
0.061369
0.126634
0.110128
0.066676
0.164350
0.199032
0.149094
0.456882
0.144803
0.165167
0.286249
0.099056
0.174877
0.122937
0.155712
0.135743
0.125057
0.119723
0.104546
0.163295
0.144568
0.173141
0.146839
0.171530
0.121562
0.161332
0.113927
0.206486
0.151253
0.170864
0.340306
0.148887
0.278175
0.284965
0.431029
0.512440
0.110153
0.096232
0.339133
0.155407
0.058771
0.097328
0.086166
0.091976
0.066104
0.089016
0.104501
0.075872
0.071711
0.083131
0.210381
0.091973
0.326862
0.234953
0.063617
0.174986
0.071564
0.080189
0.188403
0.134513
0.181178
0.265356
0.149195
0.104687
0.113825
0.098654
0.055302
0.081651
0.090297
0.048104
0.099424
0.092625
0.149720
0.091367
0.110629
0.095524
0.105526
0.166877
0.196806
0.271651
0.068332
0.141881
0.228029
0.099083
0.176610
0.109133
0.207385
0.097159
0.069291
0.109699
0.130808
0.142550
0.065366
0.071994
0.215954
0.296769
0.129889
0.074888
0.140671
0.062042
0.061591
0.039361
0.080184
0.071195
0.070398
0.088952
0.081955
0.118784
0.112768
0.074592
0.085134
0.091886
0.059201
0.040208
0.061233
0.108574
0.389202
0.118161
0.305497
0.208229
0.078444
0.095659
0.109374
0.103947
0.087110
0.084920
0.061883
0.072171
0.225249
0.122673
0.147958
0.162333
0.095271
0.338734
0.280113
0.218325
0.235687
0.105169
0.118245
0.070803
0.078546
0.139510
0.334958
0.181825
0.071918
0.386118
0.108604
0.059387
0.033365
0.067858
0.056251
0.104273
0.287095
0.122992
0.100438
0.058474
0.074108
0.085346
0.083530
0.065523
0.087727
0.077327
0.088342
0.073612
0.140802
0.060911
0.059811
0.103331
0.066169
0.062113
0.046853
0.220930
0.259494
0.031553
0.321903
0.110654
0.042739
0.072062
0.056557
0.108894
0.057352
0.062569
0.108082
0.070651
0.064770
0.044699
0.054659
0.052492
0.051300
0.088544
0.087305
0.066450
0.055217
0.063643
0.097302
0.039456
0.094245
0.220887
0.347572
0.163170
0.107344
0.085654
0.239590
0.259181
0.086087
0.096933
0.103807
0.052769
0.124161
0.076163
0.044430
0.087039
0.063964
0.075079
0.099204
0.053226
0.051900
0.148234
0.036035
0.052246
0.088318
0.071435
0.113273
0.315799
0.083169
0.141976
0.165780
0.102055
0.212428
0.103380
0.105925
0.164172
0.106105
0.167736
0.404419
0.230683
0.301622
0.171035
0.222600
0.118878
0.189541
0.085134
0.121779
0.079976
0.054361
0.065163
0.057476
0.092041
0.062459
0.328440
0.594906
0.373500
0.232164
0.373508
0.397572
0.342042
0.122587
0.076001
0.066510
0.076359
0.091128
0.103553
0.139170
0.089789
0.082292
0.109108
0.086703
0.087341
0.080371
0.135858
0.192499
0.195799
0.142168
0.066920
0.278673
0.235197
0.474587
0.307756
0.214375
0.038375
0.066388
0.061034
0.056643
0.078976
0.166701
0.065030
0.267298
0.146672
0.068363
0.107094
0.060377
0.075607
0.118548
0.069189
0.032068
0.159803
0.061524
0.135641
0.160094
0.297897
0.100712
0.095009
0.314251
0.134176
0.131491
0.056023
0.121428
0.134474
0.110583
0.119222
0.159898
0.336631
0.185097
0.198938
0.104331
0.187530
0.176272
0.079454
0.299879
0.178139
0.236968
0.187993
0.292663
0.194618
0.230325
0.141907
0.232587
0.209909
0.181335
0.208998
0.187523
0.138411
0.217478
0.158914
0.131366
0.179893
0.152568
0.141476
0.164727
0.139083
0.126817
0.216122
0.308847
0.307316
0.323963
0.118311
0.166533
0.147418
0.180569
0.121643
0.111523
0.178778
0.169351
0.175578
0.112150
0.114600
0.167119
0.143872
0.146407
0.138135
0.167353
0.179028
0.247444
0.619999
0.158829
0.225226
0.293344
0.203086
0.101989
0.097905
0.293089
0.324652
0.321141
0.201180
0.182479
0.112355
0.149870
0.115166
0.093559
0.107003
0.085410
0.109441
0.161726
0.145914
0.145488
0.093239
0.154003
0.188403
0.188859
0.320824
0.327110
0.291495
0.111536
0.159633
0.189889
0.134667
0.197643
0.389084
0.210519
0.168720
0.110109
0.169952
0.322563
0.185986
0.186811
0.137356
0.142571
0.147492
0.166824
0.139089
0.195995
0.126583
0.072318
0.113042
0.226070
0.318376
0.298552
0.163352
0.231253
0.211858
0.238798
0.368449
0.168331
0.122268
0.142959
0.147404
0.169286
0.136645
0.138132
0.191236
0.148371
0.123698
0.146396
0.158897
0.133244
0.134386
0.161933
0.143810
0.314097
0.132004
0.165195
0.111035
0.518886
0.393806
0.148146
0.182103
0.116802
0.170146
0.101786
0.146375
0.089379
0.100051
0.087149
0.142244
0.176501
0.074282
0.110466
0.112385
0.100263
0.218672
0.154379
0.137800
0.537420
0.225156
0.134343
0.108961
0.186593
0.157089
0.115435
0.306066
0.248064
0.237790
0.115604
0.111916
0.153005
0.262229
0.194531
0.096200
0.156526
0.138586
0.201722
0.085749
0.113660
0.190332
0.184502
0.093385
0.471232
0.229569
0.065713
0.104165
0.219937
0.110633
0.304140
0.346219
0.352901
0.333486
0.203819
0.147659
0.136783
0.177215
0.105905
0.146706
0.085378
0.096541
0.103298
0.104589
0.079788
0.064717
0.116409
0.130441
0.282964
0.273382
0.141210
0.151218
0.205065
0.174236
0.103914
0.116130
0.271567
0.176824
0.109075
0.082706
0.093007
0.148967
0.075261
0.105808
0.086148
0.152306
0.104851
0.125403
0.098300
0.193671
0.287653
0.478293
0.394264
0.328844
0.164049
0.326039
0.137284
0.224941
0.226469
0.362317
0.129860
0.317212
0.298000
0.219295
0.177970
0.119117
0.093606
0.099558
0.122206
0.072393
0.087298
0.303868
0.086227
0.149142
0.104677
0.146963
0.055607
0.251395
0.365970
0.088349
0.113556
0.164862
0.191826
0.234045
0.215223
0.121415
0.183789
0.308799
0.113905
0.130340
0.142571
0.133003
0.119885
0.194762
0.148332
0.108294
0.182647
0.119087
0.121310
0.184660
0.088223
0.086608
0.126584
0.311965
0.193442
0.152106
0.145391
0.379968
0.234084
0.218625
0.194412
0.218194
0.157422
0.284335
0.148021
0.121380
0.172498
0.226932
0.144336
0.356301
0.285312
0.131059
0.123160
0.090541
0.069328
0.085028
0.169686
0.172910
0.246799
0.217825
0.190693
0.295904
0.140972
0.133728
0.098824
0.132412
0.122764
0.091978
0.217494
0.122031
0.192040
0.157391
0.145748
0.238682
0.321499
0.340116
0.200674
0.191585
0.165911
0.150248
0.103882
0.144171
0.299641
0.230921
0.172401
0.186356
0.142314
0.150973
0.233449
0.161478
0.219150
0.317787
0.221886
0.183691
0.255916
0.137925
0.257379
0.168928
0.180527
0.376213
0.298261
0.220067
0.221206
0.132507
0.137434
0.158323
0.189108
0.202859
0.178247
0.187586
0.160950
0.226051
0.178912
0.318887
0.175498
0.096354
0.165030
0.112184
0.108427
0.090668
0.171342
0.120967
0.149489
0.240349
0.437745
0.762052
0.355792
0.392281
0.166693
0.136254
0.353669
0.266756
0.159147
0.159273
0.113226
0.111335
0.167275
0.167159
0.115343
0.144329
0.133228
0.080224
0.165661
0.142717
0.141350
0.140665
0.230051
0.210178
0.126521
0.124306
0.091975
0.135936
0.116638
0.152661
0.122263
0.248559
0.149840
0.194058
0.172492
0.125454
0.196847
0.146232
0.130953
0.104305
0.113048
0.200645
0.151932
0.228385
0.133572
0.183183
0.218387
0.085460
0.135582
0.413963
0.486762
0.362350
0.104132
0.150214
0.623494
0.572519
0.572913
0.295876
0.200949
0.176457
0.134857
0.061859
0.171883
0.147547
0.099295
0.131761
0.130163
0.125105
0.098837
0.133525
0.078946
0.105541
0.199083
0.248080
0.172556
0.091590
0.094605
0.168838
0.096907
0.281936
0.132083
0.201071
0.255114
0.284346
0.210933
0.147545
0.260628
0.190411
0.128449
0.163239
0.167634
0.151835
0.272707
0.301488
0.096102
0.108420
0.134090
0.145357
0.098309
0.172031
0.096765
0.135709
0.211941
0.248914
0.260036
0.180970
0.172444
0.184707
0.336935
0.172746
0.308382
0.212392
0.157799
0.213538
0.202682
0.154755
0.181337
0.280655
0.408013
0.465268
0.192141
0.108976
0.133558
0.131474
0.190099
0.266351
0.138060
0.114322
0.242000
0.256036
0.249290
0.206851
0.210256
0.172308
0.168201
0.136228
0.223621
0.220716
0.133587
0.176176
0.166260
0.112394
0.152441
0.194112
0.220687
0.197304
0.144366
0.211693
0.122895
0.155362
0.101685
0.156624
0.148279
0.129463
0.228516
0.183026
0.187773
0.152047
0.154653
0.127784
0.276947
0.252801
0.109868
0.128569
0.121710
0.134267
0.152561
0.401179
0.418054
0.146706
0.318553
0.432644
0.290990
0.106990
0.153963
0.128956
0.134589
0.174104
0.183112
0.212645
0.110145
0.214783
0.163473
0.217262
0.212806
0.271151
0.232448
0.177826
0.191902
0.198539
0.200081
0.252404
0.498299
0.201091
0.341173
0.417531
0.353045
0.232138
0.150558
0.280051
0.172100
0.141463
0.130032
0.246066
0.148680
0.075764
0.098207
0.210165
0.512982
0.139352
0.180240
0.188489
0.237825
0.276314
0.164060
0.119442
0.079784
0.127418
0.091631
0.160003
0.347035
0.342538
0.208380
0.163947
0.308523
0.151821
0.301784
0.175925
0.089970
0.124512
0.099401
0.084620
0.236794
0.092029
0.095915
0.127287
0.087981
0.189606
0.155910
0.091477
0.123058
0.107485
0.090653
0.091053
0.108291
0.086893
0.096400
0.194165
0.142374
0.197433
0.311867
0.317852
0.350719
0.115379
0.180365
0.281422
0.170476
0.187130
0.239024
0.279163
0.172044
0.134141
0.178595
0.163851
0.180659
0.226771
0.169566
0.307015
0.206985
0.100378
0.206555
0.187993
0.131487
0.150622
0.210047
0.162174
0.169792
0.176525
0.176251
0.195199
0.258516
0.330065
0.217332
0.231483
0.176398
0.179595
0.239466
0.282660
0.308494
0.423179
0.275862
0.131199
0.207314
0.131307
0.158078
0.188941
0.207711
0.211861
0.171860
0.181379
0.162551
0.167311
0.097873
0.082914
0.112602
0.116911
0.056129
0.141238
0.124540
0.124536
0.148974
0.107907
0.102383
0.535657
0.365570
0.304292
0.176012
0.176894
0.107529
0.256830
0.130536
0.146896
0.186388
0.076056
0.058009
0.082654
0.115348
0.091917
0.138001
0.206918
0.125568
0.144121
0.182904
0.090553
0.165373
0.140774
0.156680
0.127518
0.182442
0.292092
0.243815
0.176438
0.089118
0.165422
0.283454
0.106198
0.102856
0.387110
0.281840
0.198526
0.273318
0.238788
0.150492
0.148003
0.128025
0.126229
0.163817
0.127646
0.139093
0.151248
0.081402
0.062695
0.155332
0.190121
0.186324
0.038508
0.077333
0.086375
0.158433
0.103692
0.105600
0.102706
0.243348
0.383512
0.286171
0.153168
0.082586
0.091235
0.115342
0.113457
0.096022
0.086232
0.113024
0.076916
0.096364
0.058351
0.058791
0.189723
0.156020
0.092477
0.092984
0.166864
0.171051
0.190819
0.354633
0.371685
0.295326
0.077813
0.118638
0.175224
0.096381
0.129336
0.068036
0.164462
0.083879
0.135988
0.092223
0.059525
0.075973
0.153574
0.276737
0.241567
0.082778
0.054445
0.060520
0.119386
0.221043
0.186122
0.169501
0.347955
0.118321
0.181194
0.186156
0.187600
0.225850
0.118290
0.169773
0.150772
0.331199
0.141540
0.102113
0.147167
0.135978
0.119857
0.092795
0.105098
0.095796
0.178614
0.308187
0.331311
0.203045
0.146652
0.140701
0.146740
0.189470
0.176880
0.200872
0.112990
0.117531
0.168697
0.144235
0.170836
0.279634
0.146808
0.165523
0.107868
0.100276
0.097107
0.301357
0.145186
0.335628
0.107286
0.069898
0.142679
0.121956
0.139974
0.116338
0.186933
0.114186
0.162743
0.173922
0.143079
0.135406
0.232544
0.179069
0.243669
0.184269
0.167102
0.098442
0.119582
0.243691
0.377266
0.104927
0.091321
0.179392
0.083048
0.116182
0.165054
0.108719
0.111354
0.322970
0.277134
0.115362
0.174385
0.128040
0.090818
0.123202
0.074395
0.114050
0.127899
0.122287
0.152175
0.125292
0.113351
0.238730
0.274228
0.204020
0.264416
0.274110
0.166851
0.088577
0.194374
0.206588
0.259181
0.123812
0.203992
0.096387
0.074236
0.103867
0.070899
0.301015
0.232476
0.109043
0.107053
0.113577
0.080039
0.129257
0.100776
0.294000
0.144794
0.130457
0.196839
0.275014
0.081712
0.105423
0.208189
0.222433
0.111831
0.442509
0.123231
0.096404
0.068091
0.066378
0.059870
0.071055
0.096319
0.072410
0.075892
0.076930
0.324226
0.151031
0.049768
0.084931
0.060594
0.067575
0.161004
0.212545
0.072598
0.095027
0.187605
0.142273
0.134182
0.233157
0.140648
0.119175
0.241034
0.119698
0.148800
0.178817
0.129580
0.236876
0.367148
0.187209
0.200572
0.130910
0.115886
0.227051
0.190892
0.171347
0.425152
0.387493
0.159239
0.127098
0.364408
0.444022
0.412674
0.434012
0.249566
0.114378
0.117273
0.172250
0.232265
0.322604
0.287340
0.210147
0.183021
0.361154
0.308398
0.100910
0.229365
0.164603
0.104933
0.410118
0.099477
0.138645
0.115029
0.187440
0.207014
0.246373
0.245104
0.211829
0.361752
0.243879
0.241998
0.214397
0.189761
0.279865
0.219818
0.353302
0.327014
0.232944
0.345987
0.412266
0.346810
0.199627
0.101157
0.126493
0.107942
0.177989
0.114178
0.173363
0.251431
0.260499
0.379835
0.322163
0.189623
0.208531
0.201263
0.276877
0.369407
0.184562
0.239025
0.237394
0.350291
0.453665
0.179069
0.216023
0.147869
0.177743
0.183998
0.216458
0.400446
0.237980
0.141297
0.150460
0.403648
0.310674
0.186772
0.212523
0.218215
0.271425
0.236853
0.229455
0.260054
0.155814
0.233128
0.235994
0.198628
0.280992
0.206513
0.340391
0.185527
0.257781
0.194874
0.173802
0.355816
0.461502
0.341989
0.169612
0.255739
0.246164
0.276906
0.241972
0.203849
0.228768
0.309315
0.154207
0.190359
0.204912
0.221023
0.247495
0.231400
0.215855
0.168433
0.173523
0.186532
0.127845
0.403636
0.453191
0.242985
0.120139
0.171985
0.284914
0.155752
0.256552
0.219940
0.169835
0.208745
0.338469
0.426466
0.214972
0.181154
0.135580
0.161069
0.124757
0.221933
0.120377
0.118812
0.136034
0.107534
0.109625
0.189275
0.339339
0.400512
0.215343
0.086899
0.107367
0.146928
0.352387
0.335257
0.224096
0.127121
0.228486
0.462719
0.342540
0.434364
0.383739
0.303937
0.195811
0.279319
0.242421
0.192618
0.205715
0.301356
0.139644
0.085199
0.148251
0.165123
0.156337
0.128605
0.202990
0.252856
0.376306
0.223681
0.273492
0.278551
0.229036
0.154797
0.223627
0.108854
0.133829
0.206747
0.293076
0.231141
0.299495
0.118526
0.075936
0.145931
0.135454
0.155047
0.124486
0.130400
0.150631
0.200911
0.187131
0.387956
0.154111
0.116547
0.408819
0.153063
0.190548
0.139166
0.136736
0.161013
0.143541
0.299605
0.155238
0.295017
0.160143
0.248634
0.166089
0.339196
0.300014
0.518089
0.462840
0.199329
0.144418
0.480099
0.239502
0.426529
0.198241
0.280551
0.189106
0.216663
0.188488
0.193439
0.168948
0.167966
0.252048
0.204252
0.169845
0.179425
0.385823
0.158354
0.387876
0.339442
0.114840
0.111358
0.116190
0.158971
0.096259
0.101995
0.062319
0.089274
0.063368
0.064990
0.259283
0.151310
0.098875
0.135466
0.115335
0.100675
0.140154
0.088899
0.185333
0.074448
0.078082
0.103786
0.247985
0.131835
0.093906
0.078064
0.375693
0.464893
0.230102
0.076886
0.129704
0.082578
0.204913
0.197231
0.503210
0.219181
0.289286
0.177519
0.151504
0.157109
0.178708
0.129801
0.147593
0.185071
0.126632
0.139520
0.495148
0.229860
0.067358
0.146956
0.199198
0.166790
0.113708
0.140624
0.133423
0.233325
0.155495
0.184049
0.133307
0.125322
0.132485
0.224611
0.149830
0.148515
0.182270
0.226185
0.132185
0.172970
0.188126
0.185443
0.136907
0.105208
0.138235
0.120143
0.142710
0.356679
0.281890
0.320017
0.079311
0.080049
0.152922
0.196233
0.197581
0.143137
0.225852
0.087536
0.079451
0.131161
0.078596
0.184201
0.145293
0.138424
0.167022
0.145184
0.137903
0.153423
0.155204
0.060856
0.129051
0.090100
0.114027
0.060376
0.066413
0.170083
0.150301
0.209505
0.197439
0.098041
0.216111
0.120243
0.113744
0.162176
0.304298
0.179172
0.404482
0.208460
0.171288
0.208814
0.124814
0.128625
0.117263
0.103492
0.110474
0.156551
0.131774
0.144954
0.104377
0.220454
0.152514
0.332675
0.278629
0.262996
0.167867
0.127885
0.117782
0.117244
0.129160
0.111463
0.212724
0.168258
0.135733
0.245280
0.266961
0.104261
0.261771
0.166977
0.123130
0.149603
0.127836
0.174195
0.400490
0.267096
0.174217
0.223803
0.199908
0.260048
0.221462
0.210317
0.327631
0.248398
0.192917
0.185874
0.181432
0.262796
0.253175
0.250699
0.289112
0.458575
0.481871
0.428771
0.163440
0.214064
0.138004
0.162916
0.075911
0.185946
0.155976
0.197524
0.299520
0.381061
0.420998
0.380202
0.205447
0.363856
0.224713
0.356597
0.285255
0.263482
0.232024
0.202140
0.365732
0.195930
0.239185
0.466850
0.309431
0.444076
0.261180
0.266896
0.152294
0.578187
0.365572
0.463028
0.586695
0.246474
0.246293
0.203812
0.222913
0.277582
0.159059
0.180986
0.348121
0.164132
0.219474
0.307135
0.211850
0.216880
0.316072
0.447206
0.271498
0.236971
0.170100
0.226454
0.208727
0.364570
0.559376
0.215167
0.255125
0.221809
0.218959
0.288369
0.142710
0.187574
0.178678
0.331854
0.289887
0.455901
0.205037
0.205310
0.194538
0.395996
0.407316
0.281381
0.331754
0.439894
0.396145
0.271530
0.169227
0.279097
0.228885
0.271973
0.362895
0.242083
0.158354
0.248993
0.283491
0.162005
0.422260
0.234775
0.390778
0.360885
0.205238
0.454501
0.319781
0.173475
0.459008
0.240772
0.262124
0.341690
0.274773
0.170288
0.273700
0.250907
0.397229
0.243237
0.499453
0.392178
0.311918
0.381417
0.394366
0.444590
0.409825
0.668165
0.386603
0.470188
0.344877
0.494151
0.270179
0.643084
0.318856
0.195250
0.550894
0.499887
0.250478
0.337046
0.251659
0.385954
0.422875
0.408108
0.606960
0.210497
0.279363
0.264238
0.206972
0.298293
0.279807
0.245068
0.394689
0.194266
0.436517
0.242589
0.340676
0.249798
0.408525
0.492801
0.271020
0.293164
0.604299
0.232109
0.241303
0.254909
0.291160
0.616280
0.470331
0.187934
0.438097
0.252222
0.204411
0.207713
0.267639
0.375345
0.492215
0.292524
0.265577
0.323620
0.451671
0.281070
0.205914
0.444238
0.209854
0.334747
0.248398
0.331510
0.396929
0.267423
0.425024
0.519690
0.538246
1.000000
0.426737
0.391947
0.233085
0.418200
0.319587
0.374671
0.502361
0.319450
0.287289
0.474396
0.569440
0.374656
0.263201
0.227699
0.423705
0.581395
0.361825
0.298527
0.466463
0.547110
0.439313
0.385078
0.374641
0.521428
0.246842
0.383894
0.398498
0.285024
0.335996
0.189708
0.343481
0.578143
0.530466
0.324391
0.494212
0.395176
0.431529
0.412205
0.609312
0.535289
0.246957
0.267067
0.506344
0.326893
0.379831
0.454404
0.344408
0.463991
0.348304
0.548092
