0.206226
0.245946
0.223308
0.188903
0.192388
0.222549
0.209919
0.238182
0.270827
0.356272
0.319175
0.305026
0.419700
0.275762
0.248569
0.289221
0.335567
0.423875
0.437748
0.359999
0.363795
0.425566
0.258508
0.193320
0.172338
0.167024
0.175341
0.165540
0.183795
0.182484
0.216407
0.222825
0.310409
0.390816
0.300195
0.276280
0.284804
0.263857
0.345022
0.405620
0.454657
0.515566
0.410210
0.327077
0.396648
0.375356
0.233972
0.191595
0.176273
0.169923
0.167852
0.190387
0.178412
0.230866
0.221100
0.242461
0.233765
0.256127
0.241012
0.217373
0.261683
0.230762
0.273726
0.216165
0.251916
0.387606
0.475812
0.454485
0.501624
0.391782
0.317932
0.272208
0.264650
0.235766
0.248397
0.238561
0.253918
0.294328
0.260889
0.310616
0.288496
0.324869
0.350889
0.236422
0.229486
0.374079
0.249018
0.276521
0.288841
0.390574
0.437921
0.380911
0.485543
0.561705
0.352545
0.285494
0.284148
0.233247
0.227829
0.243979
0.295501
0.341847
0.251571
0.269689
0.233385
0.329113
0.331829
0.344777
0.351603
0.326311
0.307055
0.347690
0.373941
0.474542
0.540488
0.613572
0.551321
0.468123
0.378185
0.303860
0.269209
0.270833
0.250706
0.244870
0.252638
0.276351
0.251015
0.250905
0.309486
0.445810
0.365017
0.299256
0.289176
0.232457
0.236881
0.219205
0.258100
0.324230
0.371045
0.359999
0.453191
0.378354
0.390377
0.257990
0.208331
0.215337
0.216510
0.200084
0.249018
0.304198
0.267100
0.299297
0.283009
0.327043
0.268412
0.391437
0.449101
0.294811
0.405309
0.310030
0.360310
0.624960
0.367453
0.381705
0.436264
0.394336
0.310099
0.244428
0.232729
0.234282
0.243255
0.222860
0.242634
0.226690
0.360482
0.290601
0.346575
0.474742
0.475190
0.420390
0.466080
0.335739
0.314447
0.274692
0.301782
0.447721
0.365658
0.411141
0.368937
0.297399
0.248811
0.216993
0.226104
0.214543
0.204087
0.216234
0.239183
0.244980
0.263408
0.223550
0.201982
0.187833
0.190007
0.213715
0.221307
0.176997
0.173443
0.179447
0.261027
0.336188
0.381533
0.385363
0.408070
0.422495
0.311997
0.291395
0.231487
0.195011
0.182967
0.175444
0.260613
0.274209
0.199428
0.215647
0.206157
0.312514
0.252054
0.230417
0.237181
0.223067
0.212852
0.231418
0.278212
0.284562
0.370283
0.431088
0.432503
0.381153
0.302162
0.219547
0.218857
0.206157
0.200670
0.196943
0.225275
0.237112
0.218167
0.286633
0.267342
0.265202
0.239045
0.208055
0.232902
0.223032
0.228899
0.214060
0.231418
0.482575
0.450827
0.383672
0.393093
0.352027
0.343814
0.269792
0.241495
0.222273
0.215820
0.223308
0.266617
0.244980
0.237112
0.251295
0.262269
0.269447
0.283527
0.256610
0.306234
0.265202
0.299263
0.275624
0.347817
0.375563
0.343124
0.292292
0.391195
0.483438
0.456555
0.306234
0.240011
0.214302
0.220306
0.252745
0.276729
0.252020
0.239942
0.259923
0.240736
0.284735
0.249190
0.255126
0.244014
0.274382
0.268032
0.263235
0.313895
0.426567
0.465390
0.434711
0.338258
0.321797
0.308270
0.241564
0.215820
0.242012
0.212990
0.210368
0.214025
0.223895
0.220824
0.266721
0.299850
0.332116
0.287150
0.293707
0.274416
0.206123
0.227311
0.250881
0.189213
0.274244
0.312204
0.310444
0.332702
0.339155
0.359240
0.227898
0.217890
0.226966
0.208297
0.210264
0.206019
0.240218
0.284079
0.255367
0.271690
0.399305
0.403101
0.394474
0.622441
0.379945
0.303663
0.438119
0.344297
0.616488
0.493661
0.271936
0.288550
0.269905
0.215963
0.193938
0.183777
0.179749
0.183601
0.185821
0.188690
0.210054
0.192197
0.203767
0.250790
0.291470
0.321176
0.406914
0.324895
0.290256
0.370209
0.242902
0.369825
0.315576
0.432734
0.454371
0.451072
0.352887
0.301264
0.210450
0.172204
0.189500
0.168646
0.187119
0.179216
0.217421
0.214174
0.254222
0.205638
0.192698
0.213438
0.228126
0.225620
0.190425
0.200305
0.209253
0.215768
0.274106
0.308750
0.277139
0.344449
0.326663
0.227736
0.183450
0.201533
0.173546
0.176376
0.170164
0.200860
0.200334
0.202970
0.194401
0.196367
0.182691
0.174996
0.149631
0.150080
0.174444
0.196581
0.284588
0.305056
0.467046
0.318346
0.256403
0.289704
0.344470
0.330839
0.280732
0.176134
0.158569
0.151115
0.171786
0.165885
0.196012
0.220168
0.182312
0.221997
0.184796
0.157258
0.170371
0.192699
0.155602
0.216924
0.309443
0.267894
0.315241
0.301886
0.271035
0.436954
0.297123
0.215268
0.191629
0.174236
0.188661
0.171510
0.163366
0.218512
0.349957
0.262683
0.206399
0.193458
0.170682
0.181794
0.159363
0.184555
0.169992
0.177411
0.181828
0.249397
0.260509
0.288531
0.262442
0.277453
0.398028
0.280352
0.187833
0.192871
0.177239
0.180241
0.176652
0.167783
0.183934
0.185763
0.198358
0.257645
0.279110
0.349025
0.231798
0.223550
0.228174
0.319071
0.320452
0.336809
0.271552
0.310996
0.401859
0.502176
0.327906
0.395267
0.223515
0.157569
0.160743
0.155533
0.158017
0.163539
0.177411
0.170026
0.188006
0.265548
0.245532
0.479331
0.298814
0.352476
0.642456
0.502625
0.564396
0.489650
0.408346
0.343780
0.454071
0.328941
0.320969
0.273381
0.178964
0.178654
0.177135
0.170302
0.193838
0.179930
0.201740
0.211368
0.286943
0.195805
0.206157
0.203431
0.197530
0.199497
0.183692
0.189593
0.234041
0.260854
0.311617
0.360033
0.468910
0.370007
0.316897
0.214750
0.171579
0.168611
0.154911
0.156844
0.162676
0.169405
0.212266
0.293086
0.240597
0.225344
0.304025
0.245325
0.225655
0.218960
0.208987
0.210471
0.276867
0.287771
0.385553
0.440155
0.350302
0.494688
0.344711
0.280490
0.165989
0.143109
0.157362
0.179792
0.166541
0.161779
0.201775
0.187591
0.197427
0.246188
0.327975
0.271380
0.304439
0.290015
0.222032
0.256713
0.207365
0.225172
0.360241
0.322867
0.311445
0.317553
0.298642
0.231798
0.215509
0.246533
0.280939
0.191008
0.188903
0.212231
0.223101
0.201257
0.248569
0.258577
0.249190
0.227898
0.405102
0.329355
0.317173
0.261855
0.529646
0.551801
0.401513
0.238734
0.345057
0.334359
0.258249
0.265711
0.211071
0.209194
0.185383
0.188834
0.187971
0.193320
0.221100
0.232350
0.232833
0.188247
0.198151
0.173891
0.194224
0.166084
0.168057
0.148697
0.182988
0.240370
0.259988
0.291084
0.348440
0.334834
0.315345
0.243031
0.243540
0.175897
0.182642
0.177179
0.173482
0.196219
0.186798
0.231763
0.297676
0.330873
0.289152
0.324989
0.339639
0.342710
0.348956
0.313929
0.351096
0.326525
0.449343
0.343918
0.279351
0.342158
0.302058
0.275210
0.196598
0.178619
0.180414
0.172028
0.192802
0.180517
0.207020
0.287081
0.286391
0.365589
0.321176
0.227898
0.377806
0.346609
0.257541
0.281870
0.373389
0.362518
0.619231
0.511977
0.405171
0.339535
0.255229
0.246844
0.174167
0.169164
0.163159
0.186591
0.161779
0.178516
0.196288
0.222730
0.196585
0.241782
0.178383
0.166733
0.166228
0.209479
0.184961
0.164228
0.169162
0.240013
0.280795
0.281334
0.263939
0.288171
0.243127
0.203511
0.185359
0.178574
0.150511
0.152996
0.166627
0.170403
0.193282
0.190929
0.210040
0.194304
0.162693
0.171476
0.159522
0.175080
0.172231
0.181311
0.169826
0.214729
0.276314
0.407801
0.323664
0.521236
0.333803
0.270222
0.156637
0.139313
0.149407
0.148639
0.162059
0.190924
0.192726
0.214392
0.217004
0.236824
0.211638
0.260109
0.191688
0.261246
0.202126
0.299697
0.269009
0.253026
0.295090
0.299712
0.285528
0.294018
0.321452
0.246671
0.212576
0.198203
0.218494
0.195451
0.214245
0.230441
0.225546
0.324417
0.256692
0.209684
0.217325
0.185756
0.207051
0.199323
0.211592
0.177523
0.172463
0.202821
0.297225
0.304156
0.286794
0.411612
0.297455
0.336864
0.281408
0.206444
0.202858
0.201347
0.234810
0.238775
0.295357
0.327540
0.223457
0.250174
0.219732
0.200254
0.168253
0.162819
0.192524
0.151351
0.181553
0.242984
0.263512
0.333106
0.325310
0.334407
0.285811
0.238513
0.198507
0.186820
0.171821
0.212617
0.210326
0.210405
0.220677
0.255422
0.232522
0.263052
0.273918
0.276388
0.363845
0.400910
0.469303
0.538873
0.312145
0.324531
0.421184
0.358287
0.413057
0.476129
0.416042
0.340971
0.298386
0.177173
0.170157
0.172421
0.208252
0.183533
0.194297
0.201409
0.212580
0.287406
0.363481
0.453550
0.428965
0.276256
0.345333
0.298445
0.215606
0.255699
0.309329
0.312533
0.270563
0.262956
0.257241
0.201575
0.177449
0.169700
0.175237
0.180586
0.173857
0.232522
0.340846
0.215371
0.188333
0.212201
0.185713
0.205632
0.237557
0.147145
0.141314
0.151805
0.130479
0.192112
0.316310
0.347231
0.516643
0.423413
0.282478
0.194134
0.152817
0.175484
0.147132
0.150038
0.146539
0.159794
0.184235
0.210846
0.178600
0.174599
0.176894
0.186108
0.206468
0.239424
0.262217
0.237069
0.232276
0.269186
0.354554
0.311776
0.327519
0.369934
0.369765
0.237181
0.217632
0.199109
0.211744
0.195923
0.222936
0.208124
0.255975
0.228930
0.233594
0.210616
0.228447
0.237323
0.182488
0.190262
0.199504
0.182878
0.203825
0.243023
0.357173
0.344963
0.358746
0.405793
0.439456
0.265941
0.212479
0.215478
0.201288
0.185769
0.189911
0.207752
0.348666
0.249946
0.232678
0.239624
0.212925
0.238396
0.250657
0.226635
0.234424
0.238951
0.244856
0.268943
0.292889
0.313526
0.256394
0.251158
0.258836
0.303844
0.204255
0.184706
0.213100
0.203210
0.202423
0.336633
0.400183
0.262812
0.227892
0.234075
0.230317
0.191229
0.179920
0.219029
0.224892
0.260202
0.190706
0.270017
0.376607
0.435335
0.308147
0.304454
0.288552
0.224156
0.173696
0.152557
0.164042
0.154490
0.147851
0.155508
0.179489
0.183295
0.185994
0.225793
0.230403
0.201212
0.247537
0.304733
0.398012
0.415020
0.276173
0.203359
0.222635
0.262166
0.365821
0.326715
0.295042
0.247199
0.192369
0.162194
0.153956
0.178290
0.160555
0.164421
0.175314
0.209460
0.351891
0.462842
0.338341
0.303140
0.241411
0.224569
0.212521
0.211417
0.213432
0.287561
0.345905
0.465928
0.341688
0.274258
0.272706
0.239465
0.181155
0.167395
0.165084
0.154761
0.149380
0.163323
0.175780
0.290895
0.238858
0.208496
0.172776
0.160313
0.172356
0.248594
0.296764
0.283175
0.153465
0.215877
0.317975
0.354100
0.307491
0.358980
0.297106
0.228450
0.183027
0.169392
0.176009
0.166168
0.167603
0.183876
0.212472
0.247637
0.190148
0.210806
0.229241
0.169184
0.156116
0.178039
0.205502
0.152054
0.171037
0.183471
0.234931
0.331543
0.368423
0.386961
0.305426
0.240528
0.186073
0.171614
0.167197
0.170640
0.185017
0.184354
0.228587
0.218063
0.216251
0.238950
0.150684
0.148033
0.156493
0.169817
0.137103
0.138036
0.129323
0.170777
0.214504
0.301331
0.337498
0.393541
0.276728
0.233005
0.236456
0.263995
0.188420
0.158638
0.187402
0.174400
0.208366
0.189282
0.193648
0.190171
0.180461
0.197778
0.152672
0.151514
0.174585
0.182572
0.132714
0.155925
0.186080
0.229644
0.229444
0.258711
0.211970
0.167498
0.151542
0.131831
0.137142
0.135001
0.153773
0.160295
0.203293
0.185038
0.181138
0.188868
0.128374
0.142902
0.203259
0.200808
0.109532
0.132929
0.105460
0.160122
0.154273
0.174349
0.226194
0.215072
0.172189
0.148487
0.132926
0.110359
0.130375
0.112568
0.113121
0.141453
0.125095
0.167093
0.153600
0.245877
0.260613
0.401790
0.251054
0.235594
0.322608
0.203440
0.526958
0.273401
0.292336
0.369546
0.294408
0.412579
0.298739
0.274655
0.222755
0.127339
0.114018
0.119540
0.128201
0.131669
0.122343
0.149321
0.172407
0.189386
0.193424
0.250674
0.216855
0.469807
0.186729
0.166265
0.163608
0.163608
0.326008
0.300333
0.362001
0.238527
0.420597
0.194821
0.111024
0.115299
0.093349
0.095246
0.101923
0.179482
0.295985
0.133688
0.132860
0.135724
0.153151
0.157500
0.173719
0.170456
0.177262
0.191846
0.222501
0.262381
0.332895
0.307053
0.288838
0.257600
0.240473
0.200617
0.157921
0.136035
0.147789
0.126355
0.150667
0.153624
0.176252
0.184620
0.178032
0.162911
0.147975
0.134582
0.157834
0.157838
0.135286
0.131704
0.144807
0.140818
0.172416
0.278115
0.254846
0.259401
0.240128
0.165062
0.119024
0.109481
0.101086
0.110503
0.126530
0.206737
0.225134
0.260490
0.138527
0.154018
0.111121
0.099272
0.135810
0.121382
0.110683
0.103089
0.116720
0.121676
0.228362
0.229395
0.328707
0.311268
0.299944
0.269922
0.220958
0.200065
0.182302
0.179304
0.196924
0.213981
0.223321
0.353328
0.220007
0.228939
0.224036
0.204623
0.203147
0.327246
0.273004
0.350474
0.309460
0.370930
0.296791
0.389873
0.320498
0.380866
0.375937
0.256986
0.173372
0.168507
0.183105
0.174995
0.189662
0.162641
0.174116
0.180181
0.207732
0.296858
0.238256
0.247882
0.240530
0.225138
0.390816
0.319554
0.273830
0.266962
0.245843
0.287392
0.261027
0.261165
0.233144
0.206986
0.218029
0.173788
0.170268
0.175720
0.190904
0.177722
0.197461
0.237595
0.220582
0.213197
0.223170
0.162745
0.159915
0.160709
0.140418
0.194286
0.244393
0.284424
0.378875
0.214233
0.331840
0.251882
0.225241
0.181138
0.195667
0.142488
0.147457
0.152151
0.154083
0.162124
0.158328
0.185245
0.190214
0.170095
0.164332
0.211851
0.198255
0.205847
0.219858
0.166575
0.190904
0.209850
0.256058
0.424358
0.460697
0.326215
0.236663
0.203535
0.157292
0.143730
0.151840
0.168232
0.152944
0.235214
0.325041
0.183002
0.185763
0.170648
0.163953
0.119988
0.118090
0.110257
0.131135
0.117607
0.122956
0.178171
0.209332
0.213646
0.217097
0.233489
0.201292
0.171441
0.125165
0.161641
0.126476
0.124267
0.122990
0.146181
0.190939
0.176134
0.171200
0.154394
0.134171
0.141901
0.112224
0.126614
0.137070
0.122024
0.139520
0.166748
0.288669
0.251709
0.228830
0.226483
0.217890
0.156292
0.126096
0.103631
0.114639
0.127684
0.158466
0.159363
0.181104
0.178360
0.185564
0.181643
0.172591
0.149021
0.140751
0.134614
0.139759
0.150562
0.180413
0.173270
0.288375
0.235033
0.249811
0.232315
0.224413
0.213335
0.195736
0.169957
0.151046
0.150046
0.154118
0.249949
0.267756
0.202775
0.180655
0.192733
0.160640
0.157223
0.184727
0.153566
0.142419
0.142350
0.178688
0.280870
0.364347
0.343814
0.368902
0.316241
0.302093
0.204121
0.162641
0.147941
0.162883
0.170855
0.150770
0.172338
0.198979
0.216648
0.219374
0.216648
0.167473
0.157258
0.242047
0.247913
0.221376
0.195494
0.282664
0.318243
0.375390
0.298193
0.374458
0.315931
0.250018
0.200325
0.161192
0.140866
0.145732
0.145525
0.168957
0.152737
0.167818
0.173891
0.191836
0.239010
0.174961
0.326180
0.508699
0.354132
0.324558
0.273933
0.243220
0.272898
0.198289
0.290015
0.289497
0.297434
0.360862
0.259336
0.170786
0.137933
0.144766
0.125354
0.117805
0.130354
0.158921
0.139762
0.264322
0.283691
0.411396
0.329724
0.378604
0.342106
0.547746
0.334721
0.466370
0.418105
0.580647
0.372219
0.281815
0.284714
0.244666
0.200312
0.136083
0.117579
0.104504
0.112824
0.112869
0.128660
0.196585
0.146232
0.130317
0.163180
0.129399
0.128222
0.110415
0.122835
0.091090
0.087739
0.105981
0.139645
0.216389
0.259583
0.241132
0.255545
0.243495
0.209967
0.200542
0.174362
0.173799
0.182971
0.203613
0.198872
0.235604
0.223888
0.234895
0.222497
0.204739
0.199863
0.185621
0.215571
0.236895
0.194818
0.198220
0.265744
0.260689
0.282329
0.290622
0.361290
0.289818
0.233651
0.191284
0.178426
0.204560
0.183502
0.183547
0.197958
0.254850
0.351986
0.223536
0.234093
0.223578
0.213922
0.182712
0.181666
0.194359
0.227981
0.226214
0.191294
0.254974
0.305592
0.325266
0.311403
0.263153
0.253449
0.204818
0.208784
0.195099
0.177204
0.189196
0.207546
0.233821
0.235518
0.217628
0.209771
0.209068
0.185700
0.200984
0.171753
0.252607
0.291395
0.287254
0.273692
0.330287
0.415110
0.297986
0.486199
0.285218
0.218926
0.217649
0.195805
0.194769
0.232046
0.198030
0.225552
0.268567
0.230973
0.252959
0.248956
0.225338
0.207155
0.210585
0.239507
0.306658
0.224092
0.346092
0.313405
0.297158
0.293352
0.390053
0.405858
0.293427
0.295053
0.252241
0.202530
0.193289
0.234030
0.195522
0.195829
0.217273
0.238486
0.235959
0.224247
0.269872
0.371604
0.364571
0.358805
0.343780
0.281046
0.280235
0.283106
0.301565
0.328006
0.290239
0.377247
0.276031
0.276190
0.171017
0.151598
0.153669
0.148769
0.145214
0.169129
0.210126
0.177722
0.236387
0.289876
0.365417
0.456003
0.492514
0.349129
0.277798
0.463768
0.422426
0.492756
0.400685
0.391264
0.494481
0.363036
0.400340
0.345091
0.192699
0.185970
0.185521
0.178757
0.183002
0.196115
0.220927
0.235490
0.299608
0.282284
0.309719
0.230866
0.253400
0.180069
0.173788
0.163884
0.188454
0.317691
0.213404
0.229417
0.315344
0.336188
0.254539
0.183485
0.148838
0.149804
0.150046
0.170371
0.179033
0.183071
0.230245
0.187937
0.191318
0.174961
0.243013
0.210195
0.144697
0.140003
0.125268
0.141108
0.167749
0.221514
0.153324
0.201326
0.234213
0.244462
0.245843
0.217269
0.208746
0.227035
0.207710
0.200463
0.220893
0.254470
0.253918
0.232902
0.239286
0.211713
0.189248
0.160226
0.146871
0.140556
0.170855
0.167093
0.211092
0.257472
0.271345
0.325110
0.259681
0.265582
0.247154
0.177929
0.129375
0.155015
0.129306
0.151702
0.158431
0.168922
0.197841
0.168266
0.176928
0.150115
0.189455
0.145076
0.140280
0.146043
0.136587
0.160985
0.226932
0.241771
0.222377
0.213784
0.240080
0.227760
0.185659
0.188868
0.147733
0.141349
0.147561
0.160847
0.146043
0.219340
0.249639
0.194597
0.170648
0.157983
0.208400
0.124854
0.177998
0.118194
0.210747
0.234420
0.203552
0.263917
0.178550
0.260716
0.208711
0.380221
0.377202
0.140202
0.123728
0.111022
0.140866
0.120937
0.160959
0.150464
0.191614
0.310195
0.291926
0.223136
0.234645
0.206666
0.348900
0.261223
0.359614
0.280108
0.191610
0.215742
0.178459
0.185199
0.189553
0.306855
0.276901
0.149942
0.130928
0.121161
0.116054
0.126752
0.130375
0.159398
0.145007
0.184175
0.259060
0.354719
0.404447
0.318416
0.377668
0.364071
0.449792
0.316276
0.399408
0.436126
0.238389
0.293293
0.337844
0.238768
0.167093
0.127166
0.123681
0.114881
0.120678
0.131411
0.138382
0.168163
0.164332
0.211437
0.227691
0.199773
0.272484
0.138243
0.149166
0.131057
0.168676
0.147492
0.256713
0.204121
0.203638
0.203241
0.256549
0.266466
0.282054
0.212806
0.136236
0.143434
0.121748
0.120402
0.127477
0.166196
0.149839
0.162055
0.161813
0.155429
0.158845
0.150080
0.153945
0.116813
0.152185
0.142316
0.165454
0.173952
0.268753
0.251673
0.279195
0.266815
0.195697
0.137620
0.127199
0.125854
0.139347
0.121334
0.145766
0.219236
0.259232
0.212818
0.146284
0.168991
0.181656
0.193907
0.158742
0.143282
0.137933
0.231522
0.347783
0.296364
0.252158
0.217407
0.327906
0.278627
0.218201
0.151512
0.146258
0.189339
0.146916
0.136040
0.229934
0.286874
0.248638
0.301213
0.189619
0.218059
0.183983
0.178454
0.298266
0.205072
0.253255
0.357838
0.299891
0.251816
0.282252
0.226656
0.234386
0.369800
0.265375
0.145870
0.143213
0.125234
0.135552
0.119056
0.208297
0.260854
0.254367
0.134758
0.195977
0.145663
0.185003
0.140556
0.136691
0.184865
0.167335
0.193355
0.213922
0.292913
0.368661
0.282906
0.232246
0.359481
0.313584
0.169923
0.131583
0.144317
0.138209
0.124923
0.125268
0.129651
0.158190
0.169612
0.290015
0.254401
0.268550
0.322108
0.327698
0.252710
0.247982
0.331874
0.254746
0.319451
0.306855
0.298987
0.281939
0.298124
0.270551
0.169026
0.166334
0.155049
0.125199
0.115916
0.138865
0.135483
0.154014
0.174478
0.280007
0.271932
0.219788
0.385156
0.264374
0.241253
0.507732
0.542897
0.425808
0.297572
0.281042
0.258335
0.257679
0.358722
0.339052
0.211506
0.139141
0.135966
0.143972
0.121438
0.163642
0.180034
0.176894
0.126372
0.146491
0.217269
0.125510
0.154497
0.127235
0.154290
0.173201
0.207986
0.153669
0.172753
0.190214
0.233627
0.296157
0.266928
0.223067
0.191595
0.183381
0.209056
0.172994
0.168404
0.177618
0.224206
0.208608
0.241046
0.224654
0.171993
0.135448
0.136587
0.113535
0.090552
0.123577
0.152944
0.187350
0.201119
0.220548
0.251088
0.230417
0.237423
0.251778
0.173598
0.128538
0.102941
0.101664
0.110015
0.187971
0.338534
0.255436
0.150218
0.137726
0.143351
0.253676
0.172960
0.161019
0.173512
0.222152
0.318165
0.253159
0.177446
0.237319
0.295812
0.262683
0.259957
0.219340
0.209505
0.183744
0.180862
0.165506
0.134724
0.158431
0.179171
0.170406
0.199083
0.157016
0.172062
0.123905
0.144257
0.143165
0.140463
0.144731
0.161026
0.160367
0.252313
0.213332
0.311224
0.359792
0.362877
0.243130
0.149007
0.134549
0.142625
0.119970
0.122585
0.136229
0.180424
0.176278
0.144216
0.146940
0.154221
0.142833
0.131652
0.120195
0.175962
0.201119
0.111361
0.196184
0.203673
0.151875
0.155809
0.196081
0.257058
0.204570
0.159605
0.106530
0.108290
0.123560
0.130263
0.117499
0.134169
0.148060
0.196175
0.156533
0.181961
0.197419
0.285778
0.296518
0.241308
0.214050
0.369213
0.319996
0.146384
0.231853
0.279210
0.249691
0.230617
0.198489
0.132101
0.109221
0.103320
0.109049
0.117987
0.134586
0.133740
0.139969
0.134810
0.180543
0.185448
0.167522
0.164599
0.167489
0.164919
0.344090
0.419251
0.282630
0.343711
0.404205
0.554734
0.396648
0.460006
0.308511
0.137139
0.120920
0.119885
0.142316
0.121300
0.187453
0.314136
0.260923
0.133999
0.129306
0.149286
0.130548
0.134378
0.146112
0.122266
0.137864
0.124060
0.148976
0.170544
0.194700
0.209574
0.221065
0.189938
0.165885
0.142039
0.142592
0.115329
0.116710
0.121955
0.178412
0.189455
0.235663
0.185624
0.140245
0.110429
0.136656
0.125889
0.132170
0.113431
0.125648
0.104252
0.125406
0.172718
0.179551
0.165816
0.204812
0.207089
0.160398
0.107116
0.112776
0.112120
0.118401
0.122024
0.134758
0.161365
0.156240
0.173175
0.158091
0.163627
0.136614
0.110822
0.133643
0.125832
0.213308
0.124164
0.170855
0.168197
0.169353
0.217942
0.263468
0.265440
0.227189
0.227664
0.142143
0.127425
0.135543
0.143950
0.149862
0.165328
0.163849
0.174651
0.274416
0.212473
0.218581
0.142764
0.214474
0.180172
0.130548
0.143420
0.193976
0.282284
0.190594
0.223688
0.477606
0.355651
0.183554
0.175962
0.187557
0.116123
0.133550
0.120471
0.143661
0.320072
0.197220
0.139727
0.211575
0.151012
0.137967
0.186660
0.212990
0.189662
0.149148
0.105115
0.133585
0.260889
0.262752
0.287771
0.234420
0.221548
0.178930
0.131342
0.112500
0.114984
0.112086
0.116641
0.144766
0.138105
0.146767
0.149804
0.198738
0.156533
0.178447
0.143834
0.164815
0.193078
0.202258
0.172925
0.176376
0.149839
0.152392
0.178792
0.235939
0.157292
0.182312
0.127684
0.104338
0.100827
0.094499
0.105432
0.101077
0.113155
0.151909
0.137208
0.162538
0.189731
0.168577
0.281146
0.403757
0.447480
0.356824
0.378323
0.271759
0.254539
0.186315
0.263719
0.395474
0.406276
0.143316
0.122231
0.098523
0.096177
0.085583
0.101595
0.126786
0.133861
0.156119
0.119678
0.171200
0.188972
0.131549
0.161813
0.156602
0.139106
0.184934
0.220755
0.274900
0.257127
0.262304
0.269723
0.307787
0.291084
0.238492
0.147906
0.173374
0.122300
0.139313
0.129133
0.135690
0.152461
0.179240
0.203224
0.210540
0.176480
0.115744
0.124923
0.138278
0.130479
0.125820
0.151737
0.113604
0.182484
0.164160
0.196081
0.224137
0.262511
0.205778
0.116641
0.113121
0.111292
0.118746
0.134137
0.142488
0.150356
0.182139
0.184348
0.227346
0.194286
0.140038
0.134378
0.119919
0.126924
0.155740
0.146319
0.117158
0.137036
0.171683
0.233040
0.253331
0.212196
0.135759
0.119091
0.119263
0.130237
0.117814
0.119988
0.231798
0.266341
0.279524
0.177618
0.135966
0.132998
0.116710
0.165851
0.141315
0.137519
0.128063
0.216407
0.225621
0.215440
0.211989
0.307787
0.236491
0.252676
0.203604
0.189386
0.165747
0.162400
0.158776
0.161779
0.216027
0.238423
0.283561
0.186315
0.203535
0.202706
0.132618
0.132032
0.131928
0.121852
0.141211
0.164470
0.236801
0.244255
0.278765
0.236560
0.184762
0.291395
0.189904
0.149286
0.111533
0.116710
0.111809
0.095349
0.115605
0.123750
0.132791
0.126303
0.176997
0.197668
0.273071
0.151184
0.155360
0.364692
0.264029
0.342744
0.267963
0.210160
0.331322
0.268481
0.256541
0.204052
0.249432
0.119954
0.115916
0.107875
0.094866
0.095832
0.123508
0.109359
0.127373
0.224171
0.235283
0.290222
0.327284
0.254125
0.133067
0.134482
0.153773
0.203845
0.361379
0.293017
0.238734
0.214302
0.280007
0.185797
0.137657
0.084478
0.093485
0.088343
0.087860
0.086411
0.095935
0.158811
0.111223
0.107323
0.102354
0.175548
0.097661
0.103182
0.112879
0.112396
0.112086
0.155843
0.115813
0.202120
0.233765
0.272656
0.292637
0.235283
0.167921
0.129927
0.126441
0.115813
0.095935
0.105494
0.120402
0.141280
0.106185
0.112948
0.155602
0.154428
0.164712
0.161399
0.177273
0.165057
0.176721
0.156395
0.250605
0.146284
0.253538
0.152530
0.195114
0.160019
0.122438
0.097040
0.119919
0.093796
0.093899
0.100905
0.100870
0.149148
0.139624
0.142937
0.140935
0.145421
0.126407
0.121127
0.126959
0.155981
0.119125
0.216717
0.166403
0.350233
0.379876
0.261924
0.348991
0.261855
0.206123
0.163228
0.191318
0.137174
0.128132
0.129858
0.132308
0.141625
0.155049
0.168473
0.199463
0.190111
0.167197
0.151046
0.187971
0.161917
0.284182
0.332668
0.265720
0.302714
0.251295
0.217442
0.329596
0.410589
0.197496
0.143489
0.145974
0.147319
0.147250
0.153980
0.167783
0.136967
0.168542
0.178516
0.213922
0.184796
0.189317
0.173477
0.322557
0.272311
0.252193
0.243669
0.246809
0.202810
0.197634
0.218684
0.298849
0.362725
0.267825
0.195011
0.137519
0.126131
0.140866
0.128098
0.154463
0.173512
0.173339
0.203914
0.226483
0.211437
0.222032
0.218236
0.294259
0.311169
0.233868
0.321832
0.370007
0.306958
0.214957
0.357790
0.287978
0.256920
0.206848
0.181000
0.140280
0.130651
0.118884
0.118815
0.124198
0.172649
0.146043
0.196564
0.244532
0.251951
0.289773
0.259750
0.390574
0.374700
0.311031
0.304474
0.318968
0.314723
0.310478
0.440750
0.337741
0.215061
0.170061
0.121783
0.117711
0.114605
0.113638
0.122852
0.199325
0.216096
0.169026
0.155809
0.171993
0.162020
0.148113
0.207469
0.198945
0.122231
0.126200
0.129375
0.159018
0.191180
0.263477
0.286357
0.220651
0.238216
0.145870
0.124612
0.119609
0.118918
0.134447
0.124440
0.208746
0.260406
0.256196
0.177653
0.180379
0.271000
0.140280
0.193044
0.273623
0.256817
0.213577
0.205329
0.152875
0.190663
0.342917
0.270068
0.432917
0.265237
0.205364
0.171821
0.180690
0.146250
0.141763
0.136345
0.156085
0.212231
0.237319
0.183071
0.166955
0.176928
0.153013
0.177929
0.205502
0.231556
0.244255
0.342606
0.210713
0.245015
0.234351
0.360758
0.321763
0.260509
0.200532
0.139865
0.139417
0.137243
0.135172
0.136484
0.173581
0.248431
0.281525
0.182174
0.145490
0.159467
0.159087
0.192388
0.160743
0.155015
0.135586
0.219167
0.165092
0.220203
0.295743
0.235111
0.313412
0.313170
0.232246
0.149079
0.155602
0.133343
0.131480
0.159984
0.241219
0.228519
0.215026
0.174340
0.155429
0.162331
0.143903
0.173236
0.197979
0.168819
0.169819
0.150805
0.194942
0.177998
0.146802
0.169060
0.208297
0.273830
0.188696
0.148251
0.133654
0.134447
0.130272
0.142247
0.148251
0.148251
0.157983
0.172787
0.168128
0.172269
0.154532
0.335739
0.297848
0.279213
0.289324
0.259508
0.192975
0.285528
0.369420
0.197634
0.297952
0.218167
0.144593
0.139796
0.135276
0.126959
0.127580
0.122197
0.149700
0.151978
0.138278
0.162331
0.186798
0.277488
0.327767
0.277315
0.294811
0.213404
0.220237
0.250743
0.186315
0.213128
0.370904
0.390263
0.322936
0.353822
0.273002
0.151150
0.127097
0.136035
0.140521
0.151012
0.204915
0.173788
0.195460
0.178792
0.204673
0.228071
0.180448
0.161054
0.157534
0.150529
0.165437
0.240114
0.167473
0.324317
0.266272
0.251468
0.283527
0.381395
0.168025
0.158880
0.152082
0.135241
0.146388
0.144835
0.152979
0.175962
0.235352
0.178930
0.206710
0.149804
0.161019
0.141142
0.162503
0.141798
0.140694
0.148700
0.130651
0.197185
0.172718
0.135966
0.210402
0.196046
0.139520
0.128615
0.112051
0.116434
0.114984
0.121507
0.138589
0.187384
0.201050
0.151460
0.142730
0.123301
0.133102
0.136725
0.142419
0.124716
0.154946
0.177894
0.175099
0.176583
0.294225
0.286736
0.314723
0.218305
0.140210
0.126579
0.114225
0.114398
0.139934
0.121886
0.137312
0.257472
0.180138
0.148148
0.159915
0.182277
0.127477
0.206054
0.195045
0.204466
0.157189
0.218926
0.193941
0.185314
0.181449
0.281594
0.302714
0.184417
0.170820
0.129823
0.134793
0.114018
0.115295
0.167197
0.219823
0.177204
0.172925
0.155705
0.154290
0.127787
0.152634
0.122852
0.122921
0.134931
0.120989
0.142937
0.125130
0.158017
0.145490
0.178826
0.165023
0.184796
0.206226
0.140659
0.117331
0.108221
0.107358
0.110671
0.123267
0.137933
0.120575
0.248604
0.206399
0.246913
0.294742
0.271000
0.284907
0.262442
0.241391
0.273554
0.198082
0.182105
0.158190
0.223205
0.389987
0.215992
0.217752
0.156568
0.126338
0.116606
0.125751
0.143006
0.117504
0.134620
0.134137
0.123681
0.207538
0.209574
0.166058
0.167093
0.167714
0.183036
0.172131
0.276798
0.399892
0.421977
0.377150
0.300988
0.299539
0.240080
0.137450
0.140625
0.108152
0.108531
0.106012
0.140003
0.126717
0.142971
0.148217
0.180966
0.212783
0.289152
0.136380
0.157051
0.123991
0.159432
0.136794
0.165126
0.216579
0.186039
0.231660
0.274071
0.316621
0.475950
0.333669
0.216890
0.144352
0.137588
0.136069
0.141418
0.228450
0.272794
0.229330
0.143567
0.169979
0.145915
0.128995
0.130755
0.134309
0.139313
0.172269
0.164332
0.290946
0.393162
0.350336
0.285183
0.247361
0.209781
0.172891
0.130065
0.128995
0.120230
0.120368
0.114639
0.237492
0.280663
0.227035
0.155360
0.146457
0.160502
0.135621
0.156050
0.181587
0.151840
0.151875
0.146733
0.173167
0.353373
0.290705
0.400409
0.229348
0.237181
0.187661
0.193078
0.171683
0.150839
0.179240
0.117469
0.135103
0.177239
0.158086
0.139865
0.138554
0.127580
0.114018
0.138692
0.180483
0.147112
0.137657
0.128236
0.152082
0.192871
0.157500
0.170613
0.202706
0.246775
0.218960
0.105770
0.103251
0.108566
0.115502
0.107910
0.231729
0.148424
0.306475
0.173512
0.128029
0.131445
0.145421
0.152703
0.163884
0.120920
0.121438
0.117918
0.124750
0.159363
0.157776
0.192837
0.200325
0.260544
0.190870
0.138968
0.132342
0.119643
0.128753
0.114363
0.133481
0.234662
0.151771
0.151944
0.185486
0.188454
0.164643
0.287599
0.182519
0.166299
0.259543
0.339017
0.379842
0.378392
0.268412
0.226380
0.229037
0.239390
0.168439
0.151253
0.144110
0.119816
0.150770
0.119160
0.112327
0.127684
0.175030
0.152323
0.187591
0.176307
0.310789
0.298021
0.411038
0.268239
0.306441
0.362863
0.355444
0.448066
0.446824
0.497828
0.377012
0.320072
0.306717
0.204604
0.201533
0.155671
0.148700
0.136863
0.160433
0.150391
0.164298
0.151668
0.138968
0.124336
0.125648
0.153186
0.207055
0.213163
0.258094
0.233627
0.187661
0.235387
0.268170
0.325559
0.375356
0.280110
0.263304
0.201637
0.138899
0.130410
0.150839
0.154428
0.147388
0.238872
0.178688
0.156154
0.171269
0.249397
0.309443
0.298538
0.265513
0.289048
0.268688
0.404343
0.302541
0.308477
0.361207
0.243220
0.301161
0.343676
0.253435
0.205812
0.174789
0.143834
0.132584
0.131307
0.165402
0.194286
0.284321
0.160260
0.159225
0.201947
0.220755
0.282043
0.267722
0.215371
0.188040
0.289773
0.230210
0.279662
0.328182
0.288393
0.271311
0.270034
0.263857
0.190835
0.139003
0.137760
0.155015
0.125165
0.148872
0.176480
0.175203
0.155429
0.158949
0.145318
0.156499
0.296502
0.227001
0.133654
0.220548
0.153427
0.271449
0.245877
0.334669
0.226173
0.277074
0.183485
0.148872
0.112569
0.121023
0.138451
0.110809
0.127028
0.142557
0.204950
0.168232
0.155222
0.135310
0.180448
0.155256
0.117538
0.135690
0.218615
0.268308
0.215164
0.134447
0.180517
0.194597
0.204846
0.188454
0.168335
0.160881
0.148700
0.119919
0.118159
0.128788
0.125303
0.128167
0.153566
0.185279
0.175203
0.201085
0.233661
0.177480
0.176203
0.190835
0.176238
0.171648
0.195425
0.160847
0.163884
0.246326
0.174823
0.209022
0.246775
0.131031
0.123370
0.113777
0.115605
0.117400
0.126165
0.127408
0.146146
0.142005
0.118366
0.142592
0.163470
0.186763
0.214509
0.314930
0.275107
0.204294
0.252848
0.379255
0.350509
0.240908
0.257300
0.209367
0.204501
0.161503
0.135345
0.137691
0.141004
0.139451
0.149908
0.163228
0.284493
0.278937
0.229624
0.153566
0.160847
0.129720
0.165126
0.154670
0.135828
0.126372
0.130755
0.148941
0.172338
0.222618
0.242668
0.281801
0.188627
0.152496
0.117642
0.111154
0.111326
0.124405
0.112396
0.121403
0.152806
0.161158
0.173477
0.161710
0.179102
0.205916
0.225586
0.176065
0.226069
0.256334
0.281732
0.308649
0.286357
0.308442
0.266100
0.225690
0.176169
0.134620
0.137001
0.116158
0.116848
0.114605
0.114363
0.140625
0.306613
0.197289
0.199497
0.152979
0.128719
0.125579
0.140107
0.168819
0.176687
0.150667
0.143040
0.147595
0.177549
0.203017
0.207469
0.260544
0.236491
0.180690
0.176618
0.177273
0.159984
0.110912
0.114432
0.112086
0.228623
0.200532
0.249294
0.203017
0.133861
0.121714
0.171510
0.187695
0.221410
0.127063
0.141384
0.128236
0.228381
0.186694
0.246464
0.194286
0.164401
0.167645
0.097764
0.089586
0.097833
0.109635
0.090138
0.179068
0.190283
0.142868
0.281560
0.171476
0.201223
0.154014
0.123508
0.112396
0.136104
0.112707
0.129754
0.189317
0.197289
0.354132
0.364278
0.253538
0.230900
0.176790
0.136069
0.133861
0.122231
0.120299
0.145111
0.131031
0.129927
0.167542
0.183416
0.143903
0.140797
0.140590
0.209125
0.418147
0.247361
0.254643
0.214888
0.196771
0.161261
0.148286
0.151219
0.149355
0.142488
0.155360
0.132791
0.133412
0.125613
0.127856
0.123301
0.124681
0.114363
0.145214
0.126269
0.134137
0.145214
0.192009
0.250778
0.135414
0.140349
0.140521
0.124060
0.221583
0.331978
0.279662
0.305388
0.303266
0.274347
0.227104
0.159052
0.136380
0.112465
0.106771
0.099593
0.097040
0.109359
0.113052
0.152910
0.176790
0.289945
0.256092
0.206468
0.202085
0.257403
0.196943
0.242426
0.403273
0.359171
0.287426
0.164936
0.291093
0.194998
0.152075
0.131200
0.117036
0.107538
0.105429
0.111706
0.105391
0.276314
0.171027
0.154152
0.136242
0.150184
0.122387
0.077551
0.072750
0.072350
0.060590
0.060318
0.067153
0.155445
0.078447
0.098027
0.120516
0.091023
0.081867
0.084449
0.063396
0.062946
0.063290
0.081511
0.067983
0.102320
0.104839
0.081131
0.086169
0.066085
0.061771
0.068915
0.079785
0.082822
0.076162
0.064498
0.091760
0.122197
0.122749
0.175479
0.179137
0.145628
0.108635
0.123405
0.065257
0.063531
0.079889
0.128408
0.205899
0.141824
0.144692
0.122195
0.102629
0.129495
0.113233
0.133882
0.117721
0.141959
0.187896
0.175683
0.236627
0.234799
0.184761
0.219926
0.299504
0.181587
0.221479
0.188040
0.129099
0.124233
0.104804
0.120023
0.120333
0.130168
0.170337
0.200187
0.272622
0.219374
0.192009
0.173132
0.185866
0.354443
0.276901
0.271966
0.289324
0.288841
0.316966
0.357894
0.326629
0.306165
0.218443
0.229313
0.190559
0.179413
0.167749
0.159018
0.169060
0.154359
0.173995
0.189697
0.212369
0.286011
0.292603
0.378875
0.456659
0.601666
0.506421
0.452828
0.381015
0.266928
0.256989
0.207779
0.187488
0.345816
0.295122
0.230452
0.185452
0.200049
0.128029
0.135828
0.134620
0.131100
0.184175
0.233661
0.236594
0.179344
0.176065
0.226794
0.232212
0.327871
0.407553
0.335774
0.343090
0.499105
0.591762
0.529611
0.398960
0.303818
0.255609
0.212542
0.207641
0.186763
0.164539
0.155394
0.147768
0.187730
0.199980
0.276107
0.161882
0.158466
0.156464
0.203983
0.252641
0.228416
0.226069
0.297986
0.329148
0.457970
0.484266
0.399892
0.368350
0.394853
0.279110
0.234075
0.238078
0.215026
0.175720
0.161054
0.180379
0.172856
0.187799
0.203431
0.164125
0.200670
0.215337
0.246930
0.295303
0.326564
0.395977
0.389945
0.307231
0.391782
0.386364
0.374407
0.363545
0.461244
0.334236
0.299460
0.215026
0.193009
0.159501
0.149873
0.144593
0.234351
0.174409
0.169198
0.153220
0.139348
0.138278
0.138174
0.226380
0.203259
0.271069
0.329182
0.339742
0.355789
0.320175
0.385018
0.356376
0.379462
0.324800
0.276521
0.266479
0.183934
0.163746
0.188868
0.171821
0.209626
0.189550
0.312165
0.209641
0.236629
0.249863
0.267351
0.291882
0.268138
0.270294
0.299859
0.340540
0.497313
0.339709
0.343780
0.380981
0.403515
0.406276
0.281732
0.228657
0.197116
0.181656
0.161468
0.181897
0.215026
0.232143
0.271069
0.177308
0.190766
0.204225
0.232384
0.258715
0.264426
0.364416
0.478244
0.411631
0.430139
0.395913
0.398953
0.346068
0.407097
0.352969
0.297120
0.236215
0.223584
0.196771
0.179413
0.158949
0.149390
0.160295
0.178585
0.369385
0.469738
0.460075
0.443166
0.440371
0.450672
0.780518
0.628320
0.620532
0.539343
0.557046
0.538653
0.435746
0.463319
0.390471
0.349439
0.333013
0.276867
0.271069
0.249846
0.195045
0.175341
0.246740
0.241253
0.287288
0.388296
0.566950
0.572817
0.535029
0.539722
0.662437
0.603081
0.701156
0.565087
0.555907
0.562671
0.682141
0.607257
0.494170
0.443822
0.334842
0.258818
0.258853
0.199152
0.231591
0.274900
0.230279
0.281939
0.269827
0.394128
0.372353
0.432641
0.381533
0.312860
0.232695
0.210126
0.264685
0.311272
0.392576
0.328458
0.344297
0.328423
0.248914
0.207365
0.176721
0.193320
0.175237
0.172994
0.182657
0.202327
0.226173
0.211161
0.250329
0.345954
0.311962
0.328320
0.438852
0.447859
0.475121
0.540689
0.568779
0.595351
0.595455
0.564465
0.581547
0.500796
0.439370
0.312480
0.255954
0.245429
0.204052
0.184279
0.196184
0.217200
0.224551
0.209884
0.225655
0.284976
0.183174
0.194700
0.215475
0.248224
0.297054
0.343228
0.361759
0.435781
0.499623
0.404343
0.380359
0.560669
0.485302
0.325662
0.273002
0.252124
0.260716
0.226587
0.191008
0.207365
0.244421
0.212647
0.272604
0.267442
0.302910
0.365974
0.411304
0.565829
0.486910
0.600020
0.643502
0.588736
0.674739
0.602570
0.594985
0.590161
0.451069
0.429656
0.371930
0.296192
0.217545
0.205916
0.177998
0.315341
0.234168
0.317608
0.332868
0.221718
0.239685
0.314560
0.387197
0.380641
0.421345
0.354933
0.343036
0.294943
0.313200
0.266996
0.306846
0.268311
0.229452
0.172891
0.147492
0.164591
0.146284
0.137450
0.173736
0.155955
0.165510
0.185832
0.166921
0.221100
0.197530
0.279196
0.253116
0.427926
0.362490
0.382533
0.352372
0.230918
0.206615
0.261790
0.209990
0.171770
0.134871
0.146906
0.126145
0.117055
0.116530
0.106619
0.109358
0.116459
0.124238
0.144473
0.228799
0.212828
0.230262
0.212410
0.177608
0.165268
0.151964
0.178857
0.247993
0.243933
0.232665
0.246680
0.280384
0.207932
0.173916
0.142053
0.137553
0.149877
0.129841
0.120347
0.121017
0.137129
0.256458
0.158293
0.177132
0.158380
0.163784
0.170744
0.176435
0.190652
0.206430
0.235832
0.250574
0.347327
0.383044
0.266662
0.257507
0.242375
0.200363
0.160360
0.146426
0.147423
0.152513
0.151971
0.177173
0.171686
0.193358
0.174012
0.176304
0.253304
0.235180
0.225966
0.268950
0.229451
0.212876
0.283347
0.337026
0.342955
0.302172
0.297889
0.297720
0.278768
0.239110
0.165043
0.144352
0.140963
0.142015
0.140155
0.148146
0.296470
0.269237
0.234364
0.173443
0.162003
0.155011
0.206244
0.225462
0.168656
0.196754
0.165088
0.211334
0.433614
0.447493
0.431326
0.374767
0.386401
0.278010
0.230911
0.196081
0.199366
0.190597
0.179278
0.209132
0.228702
0.300067
0.285798
0.212811
0.213967
0.231798
0.302279
0.368537
0.315437
0.310592
0.330252
0.388114
0.463164
0.532846
0.403149
0.391975
0.351018
0.260224
0.205980
0.172321
0.180636
0.173265
0.164602
0.193274
0.286563
0.192502
0.201821
0.260457
0.270893
0.199105
0.193664
0.223047
0.302123
0.262818
0.319306
0.243103
0.240742
0.257885
0.242631
0.232951
0.250224
0.248311
0.223842
0.156406
0.127073
0.119940
0.115624
0.117906
0.132991
0.137015
0.134905
0.157638
0.226651
0.202366
0.177772
0.196203
0.194534
0.199819
0.201520
0.194614
0.222128
0.168563
0.282352
0.203673
0.186165
0.140952
0.131131
0.114772
0.108966
0.114555
0.116790
0.121479
0.120057
0.122079
0.116801
0.145687
0.174789
0.187295
0.182305
0.230907
0.172157
0.190004
0.186943
0.197551
0.233689
0.191905
0.222896
0.230570
0.202598
0.168861
0.132627
0.106806
0.104390
0.127063
0.105874
0.102112
0.158259
0.185763
0.168059
0.184934
0.257697
0.212205
0.339190
0.178257
0.146103
0.145137
0.129927
0.206330
0.306165
0.182424
0.269469
0.215969
0.183508
0.210609
0.160709
0.123701
0.115002
0.117562
0.113959
0.124167
0.120658
0.134575
0.183944
0.135538
0.127289
0.119797
0.228191
0.326339
0.136770
0.175817
0.203200
0.295239
0.344815
0.251689
0.222556
0.332564
0.280490
0.244152
0.191198
0.160183
0.148937
0.131779
0.153807
0.148389
0.137898
0.159725
0.143532
0.169617
0.208575
0.192217
0.356273
0.286874
0.213888
0.277039
0.426464
0.399995
0.364347
0.500468
0.520941
0.475583
0.429628
0.342843
0.262269
0.236353
0.191008
0.193627
0.169126
0.145480
0.222874
0.186263
0.221048
0.340978
0.231473
0.296399
0.509741
0.490868
0.381961
0.358467
0.490954
0.405969
0.533124
0.490198
0.519759
0.393086
0.336864
0.282571
0.200198
0.195085
0.175585
0.167611
0.165747
0.191577
0.179387
0.175444
0.213508
0.198048
0.292361
0.223515
0.289083
0.326560
0.309374
0.316863
0.283803
0.326008
0.431329
0.377323
0.350820
0.324627
0.327560
0.431398
0.235628
0.189248
0.150701
0.186177
0.151046
0.146508
0.161287
0.169884
0.237783
0.278030
0.309271
0.301713
0.247396
0.196978
0.202396
0.231073
0.282095
0.344047
0.398541
0.331717
0.327585
0.276763
0.291535
0.204469
0.167614
0.157503
0.170420
0.128764
0.126417
0.123919
0.112507
0.144724
0.167031
0.195025
0.250419
0.357735
0.281570
0.485084
0.341585
0.413360
0.508426
0.519510
0.525781
0.561204
0.439542
0.364489
0.301434
0.284445
0.215865
0.197742
0.163024
0.147217
0.179017
0.146328
0.157983
0.274506
0.328220
0.297641
0.222763
0.296268
0.365269
0.344787
0.288469
0.340294
0.421915
0.434397
0.558989
0.495616
0.502090
0.402521
0.404726
0.432461
0.308718
0.262079
0.251494
0.244631
0.246186
0.254831
0.222298
0.261937
0.268177
0.376325
0.405311
0.399789
0.384639
0.448308
0.483887
0.549074
0.593350
0.641145
0.714338
0.742843
0.579477
0.570263
0.506766
0.405862
0.359481
0.271345
0.239321
0.228209
0.189524
0.171510
0.184555
0.221583
0.220134
0.295156
0.323937
0.360310
0.460697
0.560704
0.596697
0.636315
0.614817
0.686113
0.762896
0.782066
0.778624
0.652118
0.628966
0.635565
0.444122
0.381044
0.305282
0.267832
0.237771
0.206125
0.231832
0.233178
0.258301
0.306234
0.350613
0.345609
0.474880
0.499554
0.454865
0.519397
0.500520
0.537031
0.616954
0.621923
0.612675
0.689388
0.587656
0.542380
0.408588
0.368143
0.285770
0.279282
0.240425
0.203811
0.207607
0.207193
0.288047
0.298504
0.261475
0.321314
0.297676
0.463664
0.446996
0.436851
0.412315
0.462629
0.505248
0.439508
0.442683
0.429742
0.459247
0.358895
0.329320
0.247603
0.237112
0.168335
0.268377
0.194010
0.212990
0.310099
0.195011
0.185107
0.206433
0.266376
0.292361
0.533580
0.547625
0.549385
0.526126
0.577303
0.647425
0.649875
0.599596
0.494032
0.467322
0.423358
0.358964
0.247913
0.194873
0.162814
0.176342
0.152254
0.176790
0.169543
0.183830
0.183830
0.231832
0.237078
0.302196
0.502384
0.627652
0.745638
0.740255
0.750090
0.883882
0.822145
0.773211
0.857586
0.776489
0.770105
0.503488
0.377046
0.324075
0.280732
0.243462
0.216855
0.219858
0.227139
0.239286
0.252572
0.362242
0.324420
0.375010
0.501383
0.450861
0.398166
0.318070
0.475156
0.578166
0.546969
0.455606
0.449731
0.420739
0.349528
0.281846
0.256925
0.236235
0.218546
0.212507
0.207037
0.219418
0.210182
0.244324
0.242061
0.236908
0.354540
0.361114
0.433179
0.468727
0.473979
0.520504
0.572482
0.673538
0.795932
0.784202
0.621737
0.622758
0.543898
0.404678
0.341278
0.339632
0.361483
0.275900
0.305695
0.266424
0.267980
0.344598
0.375652
0.459054
0.653161
0.454395
0.462004
0.515673
0.551321
0.571357
0.634398
0.670395
0.728932
0.552218
0.584702
0.630243
0.497209
0.363226
0.338285
0.279869
0.226690
0.211713
0.233485
0.250629
0.248845
0.292130
0.310102
0.377274
0.377478
0.398287
0.416245
0.498715
0.466104
0.494056
0.502370
0.543950
0.622027
0.423906
0.401082
0.490330
0.353598
0.393048
0.230464
0.166305
0.152292
0.146251
0.141850
0.190413
0.174370
0.176598
0.212929
0.218964
0.250969
0.275693
0.344539
0.335273
0.399227
0.488144
0.611732
0.622798
0.601120
0.471949
0.492341
0.475818
0.412411
0.348338
0.310320
0.245163
0.235576
0.223650
0.212904
0.212821
0.232578
0.249342
0.329103
0.453998
0.443421
0.489042
0.476019
0.621450
0.595179
0.603074
0.638391
0.662575
0.670267
0.653402
0.550258
0.519731
0.485450
0.391240
0.342254
0.312570
0.259443
0.238875
0.235739
0.182191
0.210547
0.212217
0.248700
0.342779
0.480067
0.660432
0.564714
0.533842
0.641148
0.741073
0.685803
0.738126
0.730730
0.882991
0.649285
0.597011
0.484687
0.343825
0.301144
0.246840
0.233023
0.224820
0.227156
0.249339
0.263391
0.268150
0.270165
0.354899
0.377571
0.670546
0.753199
0.617437
0.653861
0.715857
0.840204
0.786476
0.809156
0.803286
0.677172
0.722807
0.511806
0.361582
0.347289
0.332371
0.289487
0.297054
0.296720
0.264837
0.303846
0.316694
0.352314
0.461763
0.521954
0.653675
0.648188
0.599430
0.615346
0.565739
0.669114
0.731869
0.791987
0.734236
0.631199
0.602805
0.534770
0.446310
0.347025
0.326457
0.292931
0.296580
0.287275
0.356059
0.317256
0.276356
0.267415
0.315311
0.373890
0.542095
0.677910
0.577378
0.730768
0.646185
0.603979
0.680451
0.601666
0.669925
0.681210
0.531716
0.417733
0.351786
0.299746
0.301264
0.301920
0.283113
0.396993
0.405344
0.332737
0.327526
0.351544
0.390885
0.497552
0.577924
0.615263
0.556908
0.582893
0.624856
0.712544
0.595972
0.639488
0.618541
0.656881
0.578959
0.440233
0.286840
0.291774
0.255989
0.250640
0.273347
0.358481
0.384569
0.427223
0.371767
0.283044
0.276970
0.350405
0.399615
0.285252
0.360033
0.400168
0.394646
0.433762
0.497112
0.561571
0.570643
0.546969
0.509310
0.420352
0.339797
0.321577
0.323188
0.303380
0.319620
0.262214
0.199331
0.211254
0.206364
0.226576
0.280594
0.273795
0.374551
0.545727
0.591389
0.715060
0.632573
0.960447
0.694265
0.656018
0.528072
0.526637
0.588743
0.473796
0.351927
0.279351
0.242703
0.216372
0.214509
0.209332
0.196391
0.158673
0.190732
0.248017
0.400133
0.578476
0.454002
0.492842
0.493696
0.516532
0.576958
0.718169
0.684039
0.674791
0.535616
0.654741
0.552146
0.385432
0.311962
0.244462
0.215785
0.183795
0.165264
0.174996
0.196322
0.203500
0.207745
0.261786
0.339742
0.303404
0.347955
0.440405
0.417664
0.463388
0.648944
0.596904
0.577682
0.510528
0.453277
0.435091
0.537824
0.505731
0.277108
0.243910
0.257438
0.231660
0.225724
0.210678
0.257334
0.257231
0.279455
0.300609
0.265513
0.367487
0.531371
0.523538
0.705953
0.738909
0.554147
0.574646
0.800508
0.723173
0.648495
0.588587
0.467667
0.407587
0.315655
0.279386
0.271759
0.283906
0.262580
0.292913
0.288876
0.273416
0.323316
0.264478
0.300885
0.463181
0.474914
0.390229
0.384777
0.478641
0.567157
0.718997
0.764894
0.629446
0.552836
0.568020
0.478227
0.378220
0.285873
0.244946
0.229451
0.232005
0.223654
0.245912
0.218374
0.231660
0.226345
0.215820
0.247258
0.408829
0.503005
0.618714
0.534546
0.501210
0.642111
0.531302
0.810205
0.613434
0.561843
0.580512
0.500175
0.395060
0.286149
0.252641
0.230521
0.226069
0.180552
0.180345
0.192457
0.210816
0.225621
0.228692
0.207089
0.265237
0.296433
0.439991
0.574577
0.837225
0.608119
0.590623
0.685730
0.645182
0.665577
0.513357
0.482334
0.443166
0.374941
0.299919
0.277039
0.228795
0.210264
0.210506
0.206951
0.204708
0.215992
0.297020
0.289462
0.316828
0.398856
0.434194
0.721275
0.598940
0.674757
0.936508
0.834706
0.579166
0.601287
0.501762
0.471498
0.335877
0.309133
0.296951
0.199256
0.212507
0.173719
0.189006
0.182691
0.180931
0.166506
0.196736
0.238044
0.311100
0.561118
0.576820
0.623441
0.658917
0.726589
0.690320
0.883433
0.812413
0.702674
0.663230
0.534960
0.403101
0.302645
0.255712
0.226276
0.205571
0.198117
0.209539
0.212127
0.279627
0.220030
0.221169
0.272898
0.385812
0.388780
0.478227
0.442821
0.533269
0.631448
0.614366
0.596455
0.552767
0.462974
0.468772
0.497173
0.437955
0.285321
0.259405
0.225793
0.198496
0.178723
0.198979
0.202499
0.204639
0.251468
0.234800
0.301610
0.375114
0.392507
0.384811
0.403964
0.604220
0.596421
0.535167
0.703606
0.713545
0.641662
0.566398
0.631310
0.465148
0.336291
0.258611
0.250295
0.192768
0.196391
0.204846
0.214819
0.250674
0.270241
0.235421
0.232177
0.202914
0.238768
0.255954
0.357342
0.435125
0.429431
0.405793
0.738840
0.466494
0.378806
0.326974
0.581099
0.462180
0.309512
0.261268
0.244911
0.217442
0.180931
0.192181
0.191664
0.198669
0.299746
0.211437
0.198427
0.266548
0.404412
0.268205
0.349819
0.372664
0.281836
0.217994
0.183657
0.227035
0.211575
0.202672
0.180690
0.137070
0.118297
0.121817
0.128098
0.127546
0.140832
0.158190
0.157845
0.155291
0.161641
0.155118
0.157016
0.228450
0.288910
0.255678
0.370869
0.252331
0.245256
0.222549
0.183485
0.201395
0.206641
0.329355
0.439059
0.282871
0.259888
0.170751
0.133136
0.149528
0.132239
0.142868
0.135000
0.171614
0.147733
0.152082
0.166368
0.182001
0.321935
0.250847
0.349543
0.459075
0.297779
0.271138
0.425566
0.473396
0.375287
0.379117
0.298642
0.270724
0.177998
0.248880
0.174720
0.119091
0.231073
0.138451
0.254263
0.156292
0.161537
0.303231
0.211092
0.283803
0.254677
0.242219
0.267549
0.334393
0.375908
0.350785
0.349543
0.300988
0.424427
0.322350
0.344228
0.374044
0.301092
0.204639
0.195701
0.185279
0.184313
0.229865
0.209229
0.207572
0.208608
0.205985
0.263408
0.187488
0.303301
0.395267
0.290049
0.352269
0.478089
0.295639
0.394922
0.452621
0.420079
0.386882
0.388745
0.378082
0.257024
0.213715
0.193182
0.185348
0.180655
0.235697
0.182933
0.211989
0.216579
0.188351
0.215751
0.204604
0.266997
0.387917
0.278316
0.374700
0.362070
0.374355
0.477710
0.450689
0.463664
0.466529
0.461283
0.399029
0.310789
0.285218
0.235697
0.192078
0.200636
0.192043
0.187661
0.178550
0.183243
0.172304
0.224240
0.176203
0.280525
0.236215
0.202983
0.199359
0.242288
0.261890
0.366245
0.403653
0.364796
0.418941
0.452242
0.344435
0.250502
0.191422
0.184003
0.179275
0.167749
0.182381
0.207607
0.196253
0.244048
0.296813
0.274969
0.238285
0.414523
0.344332
0.522054
0.547694
0.518396
0.518672
0.560773
0.593695
0.448273
0.374665
0.408622
0.348680
0.210678
0.174961
0.160433
0.151357
0.166575
0.174167
0.206192
0.197427
0.224827
0.227967
0.224482
0.240943
0.249225
0.321935
0.295329
0.322626
0.374596
0.457694
0.428016
0.369834
0.388434
0.484508
0.378392
0.266548
0.211023
0.190973
0.166230
0.153082
0.160571
0.170648
0.205398
0.168059
0.172546
0.185038
0.245774
0.218339
0.307062
0.354167
0.245325
0.346057
0.320762
0.301057
0.328147
0.321142
0.455210
0.386364
0.420977
0.354167
0.245256
0.214509
0.182070
0.151046
0.148769
0.136587
0.145352
0.288358
0.208849
0.165161
0.212335
0.227311
0.176687
0.232488
0.384811
0.494446
0.413281
0.433607
0.412660
0.405758
0.358343
0.405275
0.331391
0.274451
0.260268
0.156809
0.192906
0.186453
0.163539
0.169716
0.196219
0.207158
0.263235
0.203776
0.227864
0.241874
0.239976
0.339777
0.360517
0.370869
0.469220
0.457418
0.645251
0.552594
0.334186
0.333600
0.418595
0.297296
0.206295
0.171717
0.180931
0.156878
0.150080
0.150874
0.176238
0.206779
0.208815
0.206744
0.235697
0.230176
0.243945
0.220651
0.269896
0.201464
0.216027
0.227139
0.332323
0.465666
0.325076
0.286564
0.251192
0.180793
0.180552
0.142764
0.142212
0.128892
0.146215
0.136829
0.145387
0.143523
0.199635
0.335877
0.219409
0.237457
0.350854
0.584170
0.333427
0.290498
0.270655
0.280386
0.310202
0.348714
0.401824
0.453588
0.444339
0.304853
0.256610
0.221100
0.196805
0.209056
0.165230
0.220927
0.205605
0.180621
0.219961
0.215923
0.212335
0.232488
0.292396
0.349888
0.383465
0.440336
0.318657
0.333013
0.391609
0.565570
0.389849
0.384569
0.467288
0.310685
0.224068
0.191318
0.176273
0.189628
0.154083
0.177756
0.292948
0.201326
0.212300
0.204225
0.201430
0.229727
0.224861
0.231418
0.227553
0.256989
0.310513
0.354305
0.369489
0.346575
0.264409
0.263512
0.325386
0.261648
0.217545
0.180655
0.153600
0.172373
0.125751
0.204225
0.198220
0.226656
0.173684
0.178101
0.241564
0.225759
0.343676
0.353580
0.428948
0.424635
0.519604
0.410348
0.411038
0.417940
0.411625
0.348542
0.395543
0.379566
0.333116
0.229382
0.251778
0.183209
0.172753
0.160812
0.142764
0.139037
0.143075
0.150874
0.311652
0.511908
0.602667
0.689354
0.722276
0.721171
0.907417
0.783943
0.844162
0.923326
0.705987
0.436816
0.522951
0.391299
0.320659
0.294604
0.287012
0.251157
0.232246
0.253538
0.218443
0.323040
0.334255
0.206641
0.213680
0.219271
0.247948
0.489098
0.357721
0.252469
0.237388
0.357204
0.530198
0.510286
0.379152
0.311031
0.299919
0.212127
0.188903
0.190835
0.174478
0.166886
0.189697
0.186246
0.201499
0.231073
0.202120
0.153151
0.174202
0.183071
0.155498
0.302472
0.310582
0.373423
0.225379
0.203811
0.228761
0.261027
0.359171
0.457004
0.378082
0.245498
0.200532
0.146767
0.128926
0.125165
0.155360
0.151598
0.182760
0.217304
0.181863
0.161606
0.188006
0.172925
0.170820
0.184693
0.152806
0.154601
0.189559
0.197979
0.422150
0.416525
0.412625
0.510735
0.361621
0.308304
0.222446
0.204294
0.150839
0.155671
0.156947
0.157051
0.208055
0.188799
0.164022
0.178550
0.219996
0.194873
0.291153
0.306096
0.186522
0.293914
0.258887
0.352165
0.384811
0.481989
0.370145
0.377944
0.308028
0.204397
0.173305
0.168301
0.162848
0.188178
0.167335
0.187937
0.179551
0.176756
0.152910
0.194804
0.166886
0.202810
0.224654
0.242219
0.243048
0.233144
0.218926
0.243945
0.356583
0.479159
0.342434
0.263615
0.346057
0.251847
0.189869
0.140728
0.145249
0.134551
0.148872
0.131031
0.146664
0.168197
0.216786
0.312583
0.216027
0.300609
0.386329
0.519155
0.329182
0.464631
0.443822
0.547452
0.442924
0.644423
0.425946
0.452932
0.338327
0.281732
0.202085
0.332909
0.350647
0.198876
0.158914
0.159363
0.176445
0.179137
0.180483
0.206710
0.224378
0.357790
0.490443
0.524952
0.569055
0.574301
0.593004
0.493411
0.559634
0.507905
0.467874
0.392541
0.445478
0.332806
0.270241
0.228692
0.209608
0.235249
0.194390
0.212818
0.217787
0.199911
0.188420
0.179792
0.215578
0.260233
0.279972
0.293258
0.226932
0.331253
0.289014
0.389953
0.416904
0.490374
0.401168
0.470014
0.437265
0.296571
0.229451
0.183209
0.194459
0.186556
0.197116
0.195045
0.311134
0.210298
0.189248
0.183657
0.210333
0.243772
0.283630
0.267791
0.306648
0.284597
0.300436
0.307856
0.453588
0.511666
0.408898
0.373803
0.351993
0.314033
0.248293
0.196184
0.176652
0.182312
0.160847
0.206295
0.213611
0.192630
0.199911
0.187868
0.200049
0.218063
0.335152
0.402997
0.442683
0.381360
0.353960
0.544209
0.648426
0.796332
0.545037
0.634795
0.446582
0.388676
0.299919
0.246222
0.229486
0.212300
0.200636
0.209022
0.256368
0.207124
0.220065
0.188351
0.188696
0.237526
0.284942
0.271587
0.231211
0.222515
0.296847
0.326008
0.417353
0.399546
0.347403
0.392196
0.312652
0.251916
0.186625
0.186418
0.191871
0.205640
0.184727
0.214474
0.230141
0.191871
0.179482
0.219858
0.212576
0.286529
0.360344
0.291671
0.315310
0.297848
0.336602
0.319382
0.281974
0.274727
0.339742
0.326594
0.320210
0.260785
0.193941
0.195839
0.172304
0.169509
0.152392
0.170337
0.182519
0.299332
0.203293
0.242703
0.321659
0.364209
0.390988
0.598457
0.527127
0.565363
0.670408
0.492652
0.529197
0.415973
0.473430
0.416559
0.362656
0.358550
0.431191
0.278454
0.210126
0.281836
0.205847
0.192561
0.197565
0.187868
0.198393
0.254125
0.325731
0.377461
0.427154
0.515911
0.456901
0.497069
0.614573
0.713579
0.592728
0.576716
0.423634
0.521398
0.660539
0.505524
0.360033
0.299021
0.300195
0.196771
0.336878
0.188592
0.292396
0.221134
0.231107
0.245394
0.234282
0.268239
0.345229
0.335394
0.315896
0.304612
0.273036
0.267653
0.326525
0.354581
0.298849
0.337499
0.288876
0.181863
0.159398
0.146836
0.132411
0.130030
0.134793
0.143489
0.190283
0.184486
0.170855
0.190283
0.211782
0.226725
0.200222
0.172718
0.196426
0.209988
0.239597
0.176687
0.325110
0.268998
0.247982
0.329700
0.227070
0.182519
0.147250
0.126614
0.149114
0.132929
0.121541
0.145559
0.136311
0.153842
0.191767
0.155533
0.210954
0.191077
0.189904
0.217269
0.173270
0.172511
0.244255
0.328768
0.399201
0.353649
0.541827
0.409761
0.342261
0.364727
0.203431
0.175375
0.166886
0.183795
0.165402
0.277453
0.226794
0.193527
0.220893
0.228726
0.254194
0.245981
0.201257
0.339190
0.257887
0.328803
0.238630
0.353373
0.352476
0.407311
0.310064
0.268067
0.245325
0.197703
0.161848
0.151253
0.132032
0.138105
0.139072
0.186177
0.304577
0.148286
0.167680
0.169371
0.165506
0.153462
0.216993
0.230797
0.294708
0.296951
0.311445
0.325938
0.286288
0.330977
0.549350
0.434953
0.359067
0.236767
0.181552
0.140659
0.125130
0.153600
0.125924
0.128374
0.125199
0.129513
0.202327
0.276211
0.329217
0.273071
0.341744
0.558081
0.645941
0.481333
0.341157
0.358343
0.654155
0.611708
0.370490
0.537065
0.404274
0.283975
0.289462
0.163504
0.128236
0.122680
0.126200
0.137726
0.135069
0.152634
0.170475
0.196598
0.186453
0.307890
0.335187
0.363208
0.354029
0.397407
0.356030
0.436195
0.409623
0.418733
0.396924
0.414006
0.460110
0.317035
0.201637
0.183140
0.139969
0.177687
0.148217
0.161986
0.173753
0.173201
0.209160
0.155947
0.204604
0.184175
0.200015
0.349163
0.367073
0.375425
0.385467
0.379945
0.523089
0.388365
0.396199
0.412694
0.444098
0.366625
0.260992
0.225690
0.181828
0.151944
0.145111
0.165920
0.182415
0.169923
0.192457
0.202948
0.213853
0.273899
0.322591
0.338362
0.324558
0.364692
0.427809
0.383293
0.434366
0.481333
0.517947
0.429397
0.327906
0.331943
0.279144
0.193044
0.187522
0.148079
0.166299
0.254539
0.220306
0.169785
0.182036
0.193424
0.194769
0.222515
0.308787
0.323902
0.406034
0.602391
0.528852
0.481954
0.670822
0.701674
0.626444
0.617540
0.520259
0.412867
0.276694
0.258370
0.243324
0.199256
0.182381
0.213163
0.192354
0.206330
0.227898
0.246706
0.268067
0.289186
0.391437
0.459834
0.580133
0.598008
0.555976
0.622337
0.552525
0.537514
0.562567
0.516498
0.569642
0.401203
0.423220
0.306372
0.258922
0.221859
0.205605
0.300747
0.257507
0.203362
0.207434
0.214992
0.256196
0.213853
0.204225
0.222584
0.236042
0.371732
0.485750
0.702260
0.539377
0.549523
0.585965
0.481816
0.397303
0.382257
0.262683
0.260509
0.226380
0.199877
0.229313
0.247258
0.271242
0.248535
0.249156
0.188075
0.245256
0.380946
0.534581
0.448963
0.563603
0.586724
0.506111
0.466218
0.378979
0.297054
0.223861
0.312342
0.290049
0.262338
0.217166
0.132066
0.132204
0.151737
0.149148
0.128650
0.138899
0.130341
0.146595
0.191491
0.237871
0.235180
0.206779
0.135448
0.257024
0.219719
0.192871
0.226242
0.355099
0.430639
0.481506
0.343849
0.338155
0.201050
0.139900
0.145214
0.154601
0.128201
0.135931
0.160778
0.146974
0.203811
0.186384
0.214509
0.187868
0.177170
0.194079
0.181104
0.168094
0.208228
0.248569
0.458281
0.423737
0.466460
0.312998
0.241978
0.347748
0.257438
0.177446
0.138416
0.144662
0.154773
0.148769
0.172718
0.194804
0.180655
0.177273
0.183554
0.164091
0.194183
0.304922
0.366038
0.210540
0.271345
0.351544
0.337050
0.331736
0.339535
0.387710
0.349750
0.295225
0.210609
0.177480
0.147975
0.219305
0.186798
0.196874
0.283354
0.258508
0.184796
0.244532
0.201430
0.209608
0.292706
0.353339
0.390471
0.431019
0.356203
0.447687
0.360137
0.451379
0.374079
0.299781
0.353649
0.318139
0.278316
0.235904
0.233178
0.202568
0.188972
0.180586
0.192457
0.179930
0.177860
0.194459
0.292154
0.297641
0.205433
0.221238
0.348749
0.458730
0.337223
0.424393
0.403895
0.533787
0.477917
0.606498
0.510804
0.429845
0.370628
0.340674
0.302024
0.240770
0.245187
0.237112
0.388434
0.377909
0.302507
0.253556
0.291697
0.350095
0.402721
0.496793
0.625823
0.597387
0.610017
0.746639
0.650980
0.570677
0.464838
0.488752
0.504420
0.502556
0.432468
0.447273
0.416835
0.340432
0.313274
0.253124
0.226759
0.208504
0.234662
0.197979
0.342537
0.445202
0.517257
0.556804
0.662126
0.659020
0.640869
0.671409
0.577924
0.449826
0.478434
0.386157
0.532752
0.594350
0.501797
0.399098
0.402652
0.356203
0.282077
0.270862
0.321763
0.331046
0.244221
0.277764
0.250398
0.385570
0.493618
0.539101
0.523848
0.623200
0.580133
0.540344
0.541758
0.472223
0.555735
0.476260
0.572817
0.433710
0.341019
0.282664
0.275935
0.238941
0.190663
0.183865
0.218581
0.202189
0.270517
0.202051
0.159363
0.177308
0.179171
0.203224
0.208677
0.219754
0.359792
0.215923
0.355444
0.584170
0.450171
0.272104
0.425221
0.257990
0.145214
0.111844
0.115847
0.105632
0.138830
0.113604
0.167507
0.139106
0.172649
0.174685
0.178171
0.180414
0.195874
0.160433
0.223826
0.264340
0.144593
0.183312
0.302783
0.264340
0.241357
0.298883
0.275969
0.209332
0.187971
0.134793
0.124819
0.113397
0.130513
0.127994
0.145007
0.172200
0.171786
0.181967
0.163987
0.164298
0.164229
0.193424
0.164367
0.130962
0.162124
0.187177
0.171614
0.216959
0.208504
0.453967
0.451759
0.377081
0.314067
0.182657
0.157845
0.137588
0.143075
0.152323
0.193803
0.185279
0.168991
0.165437
0.171476
0.156499
0.151944
0.153082
0.164470
0.192457
0.189075
0.221341
0.240908
0.263408
0.190939
0.239321
0.377185
0.273657
0.193665
0.142695
0.144179
0.133102
0.166817
0.132549
0.166506
0.211334
0.175099
0.158880
0.183071
0.197461
0.160812
0.226518
0.417146
0.274796
0.171096
0.277281
0.203673
0.220030
0.221479
0.252331
0.362898
0.239666
0.183485
0.138451
0.116296
0.144835
0.130617
0.121714
0.141384
0.145076
0.127994
0.149804
0.159639
0.294501
0.217545
0.164332
0.374044
0.320314
0.421632
0.285977
0.351406
0.289876
0.346886
0.269309
0.325076
0.281801
0.229624
0.293811
0.240528
0.132549
0.119022
0.145835
0.120368
0.135448
0.139106
0.143972
0.141625
0.212783
0.308063
0.332944
0.349025
0.323764
0.298538
0.297607
0.265720
0.350854
0.203328
0.198255
0.187695
0.161917
0.128995
0.111809
0.109325
0.125165
0.104563
0.103803
0.120230
0.153358
0.160226
0.121817
0.168163
0.144110
0.124302
0.137174
0.136898
0.122852
0.135828
0.147009
0.247154
0.236663
0.352131
0.295053
0.439991
0.306820
0.274727
0.220030
0.187971
0.154532
0.128443
0.135172
0.124267
0.151357
0.169647
0.170371
0.195736
0.150080
0.226863
0.267135
0.336050
0.339259
0.278972
0.297054
0.281008
0.345643
0.382948
0.379807
0.301333
0.214578
0.176376
0.144593
0.133999
0.158259
0.115640
0.110705
0.155049
0.175203
0.180793
0.146043
0.178723
0.164919
0.204812
0.186556
0.248086
0.184244
0.174582
0.171924
0.180655
0.329010
0.293189
0.208711
0.248638
0.302093
0.230210
0.147768
0.141004
0.127408
0.119263
0.116779
0.173581
0.147733
0.144041
0.148907
0.149631
0.151322
0.195287
0.234420
0.211403
0.257058
0.223688
0.256782
0.206710
0.409382
0.496724
0.580995
0.284666
0.245084
0.171855
0.136035
0.148872
0.137933
0.130651
0.145870
0.282077
0.177135
0.174375
0.183588
0.218650
0.276004
0.175134
0.188385
0.219374
0.215716
0.193631
0.294639
0.323592
0.201223
0.232522
0.314343
0.339501
0.328837
0.176583
0.161951
0.135724
0.140280
0.143109
0.142039
0.152530
0.240045
0.242357
0.268377
0.275659
0.221134
0.186142
0.224585
0.328872
0.371456
0.276314
0.236249
0.237319
0.217097
0.157879
0.203500
0.213232
0.255264
0.206779
0.159260
0.138830
0.138796
0.144455
0.138416
0.130617
0.175755
0.157223
0.234524
0.281387
0.184796
0.221997
0.423323
0.342434
0.245084
0.314309
0.315137
0.348162
0.526609
0.259750
0.283492
0.222515
0.204777
0.189041
0.143523
0.121196
0.124681
0.119436
0.129064
0.133999
0.164401
0.138416
0.154083
0.156878
0.135483
0.161572
0.200808
0.311410
0.205778
0.139762
0.161848
0.237319
0.347058
0.347334
0.301126
0.257956
0.262649
0.182036
0.151184
0.128546
0.119194
0.115882
0.130410
0.140901
0.185763
0.171303
0.211782
0.189282
0.225862
0.248017
0.247810
0.247499
0.386467
0.228692
0.271725
0.319037
0.485025
0.395026
0.277971
0.240666
0.286909
0.276659
0.180690
0.154221
0.149390
0.144076
0.154877
0.167266
0.189800
0.189731
0.131342
0.172511
0.150011
0.143558
0.192388
0.175341
0.198531
0.168957
0.174616
0.360379
0.363174
0.255781
0.219788
0.269965
0.278488
0.246947
0.125372
0.153496
0.128270
0.118332
0.221997
0.174133
0.248983
0.206019
0.181207
0.167749
0.168888
0.172994
0.209712
0.164919
0.164263
0.194459
0.166886
0.224137
0.230245
0.255091
0.383914
0.400720
0.270448
0.156913
0.134896
0.125406
0.151978
0.140107
0.130479
0.153635
0.221997
0.192078
0.155533
0.148803
0.140003
0.161641
0.174029
0.170509
0.183761
0.180552
0.171441
0.153255
0.202637
0.225724
0.323488
0.324317
0.304060
0.313101
0.179792
0.128305
0.134344
0.147319
0.135310
0.144490
0.149804
0.287564
0.289945
0.261752
0.182139
0.202292
0.213232
0.393921
0.415697
0.448584
0.514876
0.333600
0.205812
0.249846
0.291050
0.343745
0.482092
0.239459
0.157223
0.136484
0.120747
0.122093
0.140003
0.124026
0.113846
0.135966
0.135138
0.146905
0.244532
0.480988
0.235318
0.258887
0.214578
0.266859
0.342468
0.283975
0.282871
0.323385
0.278834
0.256506
0.239838
0.149010
0.162124
0.139348
0.121576
0.139762
0.138520
0.181380
0.170855
0.192561
0.171096
0.187488
0.149010
0.145456
0.153980
0.174892
0.158155
0.150046
0.140210
0.172062
0.304750
0.274209
0.285873
0.250605
0.216648
0.153738
0.129030
0.137933
0.150425
0.122404
0.127753
0.162469
0.179999
0.175444
0.144421
0.162641
0.159708
0.250640
0.304336
0.229555
0.157983
0.288565
0.162124
0.149804
0.153186
0.212162
0.339673
0.391368
0.294708
0.174547
0.126062
0.119678
0.112534
0.114329
0.120471
0.159777
0.152116
0.164022
0.140280
0.130375
0.140659
0.148251
0.155394
0.172028
0.170717
0.152496
0.152151
0.186487
0.209298
0.262304
0.307752
0.258749
0.184693
0.173477
0.163780
0.137208
0.125682
0.120092
0.115019
0.165954
0.177756
0.167956
0.155740
0.145594
0.205295
0.234696
0.202914
0.203569
0.307476
0.243462
0.206882
0.356548
0.212093
0.200325
0.304922
0.353891
0.225862
0.165851
0.114398
0.131687
0.114087
0.121714
0.122300
0.141487
0.145663
0.160295
0.151150
0.131721
0.127615
0.202775
0.150011
0.169750
0.248983
0.177791
0.199256
0.220203
0.180345
0.208366
0.234938
0.304301
0.264133
0.171786
0.128961
0.124543
0.113673
0.137243
0.125061
0.120437
0.138899
0.140072
0.158155
0.341571
0.195977
0.207917
0.377806
0.376874
0.258542
0.263926
0.443200
0.380497
0.420597
0.229175
0.231660
0.276694
0.257196
0.179413
0.134827
0.121403
0.125096
0.123128
0.154014
0.115053
0.121472
0.229486
0.234386
0.216959
0.313653
0.224413
0.201568
0.210229
0.282906
0.367384
0.296744
0.310685
0.552698
0.526816
0.292775
0.345264
0.251019
0.168266
0.147630
0.132204
0.127649
0.144076
0.121541
0.134862
0.170440
0.180241
0.146043
0.146181
0.148976
0.168508
0.160605
0.202810
0.225206
0.151529
0.262269
0.227553
0.493739
0.369618
0.309478
0.432261
0.367936
0.186798
0.160467
0.147837
0.134827
0.149562
0.140349
0.170855
0.201154
0.218270
0.160433
0.160398
0.169474
0.144938
0.152116
0.193216
0.236767
0.212645
0.230038
0.172045
0.201404
0.314296
0.335543
0.298492
0.310271
0.156326
0.140176
0.155705
0.165299
0.134206
0.131963
0.168784
0.199014
0.173305
0.168266
0.180414
0.151081
0.163953
0.171890
0.169474
0.213887
0.178309
0.156809
0.161468
0.208124
0.238699
0.244117
0.292603
0.206813
0.192975
0.163366
0.124854
0.124405
0.121196
0.147802
0.236560
0.251261
0.188006
0.184969
0.176411
0.193044
0.167611
0.138830
0.138727
0.150425
0.134206
0.170820
0.188903
0.224171
0.300954
0.237250
0.387606
0.325041
0.232488
0.249811
0.282077
0.184106
0.175927
0.205743
0.203500
0.197047
0.186901
0.216234
0.302852
0.211092
0.208228
0.289324
0.185003
0.198013
0.217131
0.214233
0.351337
0.471360
0.355651
0.293603
0.358964
0.530025
0.432227
0.235042
0.205398
0.204881
0.205778
0.199704
0.219823
0.229934
0.179171
0.204812
0.224482
0.228795
0.252227
0.208297
0.199704
0.215095
0.260406
0.333116
0.252296
0.342641
0.273899
0.306544
0.255574
0.355202
0.273726
0.339190
0.338051
0.185866
0.153686
0.175919
0.164276
0.140873
0.161558
0.174547
0.220789
0.265927
0.327457
0.459420
0.437921
0.623027
0.456935
0.437403
0.282112
0.373527
0.339846
0.382464
0.292844
0.404757
0.211403
0.153289
0.144973
0.157154
0.249984
0.148941
0.156326
0.326594
0.234179
0.183795
0.210816
0.205571
0.203121
0.199152
0.270448
0.266307
0.212645
0.248880
0.337982
0.352165
0.333876
0.441061
0.586758
0.354754
0.289428
0.226242
0.189351
0.178619
0.198600
0.188213
0.214543
0.239114
0.188316
0.230072
0.274485
0.219892
0.212749
0.249949
0.227933
0.222446
0.193182
0.202396
0.351889
0.414006
0.354167
0.296951
0.319865
0.300436
0.244359
0.209746
0.185245
0.192664
0.184141
0.211610
0.230072
0.246050
0.229831
0.212887
0.302921
0.198565
0.219616
0.244980
0.271725
0.213094
0.220755
0.234144
0.344504
0.289359
0.385570
0.423530
0.418457
0.361103
0.335636
0.225206
0.177273
0.150080
0.155740
0.153635
0.197530
0.246637
0.237699
0.247120
0.219581
0.340294
0.260337
0.214785
0.278834
0.191008
0.286598
0.235249
0.249259
0.352303
0.365210
0.382844
0.386157
0.275693
0.197047
0.177342
0.164988
0.161434
0.187108
0.152599
0.178964
0.237906
0.193769
0.204018
0.197392
0.200325
0.252538
0.260820
0.302334
0.210816
0.189697
0.194735
0.203880
0.265858
0.274244
0.251192
0.216062
0.227208
0.288565
0.207469
0.181932
0.170855
0.153945
0.156223
0.156085
0.167611
0.206088
0.200705
0.309581
0.313446
0.320037
0.333254
0.288427
0.318346
0.283872
0.240425
0.221479
0.246430
0.268964
0.213749
0.275486
0.259198
0.240183
0.142039
0.142039
0.145111
0.151046
0.143213
0.140694
0.164712
0.214440
0.189869
0.230797
0.270275
0.282353
0.232350
0.411832
0.496897
0.341122
0.334704
0.328941
0.424393
0.341122
0.450689
0.512909
0.440164
0.261993
0.222411
0.187695
0.166230
0.174064
0.189697
0.168542
0.193389
0.246499
0.219512
0.226518
0.225793
0.227726
0.213956
0.382016
0.245325
0.194976
0.206261
0.209988
0.328872
0.413454
0.337223
0.296847
0.358308
0.316759
0.212680
0.178447
0.170509
0.164988
0.192078
0.191284
0.223550
0.231625
0.209160
0.190973
0.213542
0.237078
0.216510
0.204708
0.189662
0.142730
0.158604
0.163884
0.350854
0.366142
0.287564
0.340501
0.348784
0.312963
0.292120
0.200498
0.200187
0.188696
0.170889
0.189766
0.245877
0.272242
0.260820
0.213439
0.216993
0.201326
0.164367
0.235628
0.195183
0.175651
0.235766
0.277453
0.214716
0.319485
0.359999
0.451138
0.506973
0.348024
0.235939
0.187281
0.195874
0.168750
0.169267
0.183899
0.268688
0.323868
0.223481
0.203466
0.300885
0.258439
0.244842
0.237457
0.195322
0.191215
0.156637
0.193941
0.231315
0.475121
0.367177
0.324489
0.687974
0.411694
0.347024
0.298021
0.244601
0.248983
0.228209
0.222308
0.318208
0.332737
0.263684
0.252710
0.225793
0.230555
0.212058
0.291947
0.327043
0.246913
0.213059
0.230141
0.297986
0.369696
0.344228
0.326284
0.386744
0.323212
0.265375
0.197289
0.172269
0.197599
0.176376
0.178032
0.223274
0.249328
0.232419
0.225655
0.326387
0.395267
0.336809
0.526920
0.531544
0.419148
0.592556
0.440923
0.587518
0.391609
0.437644
0.377185
0.382637
0.276625
0.239631
0.170958
0.190318
0.168439
0.176203
0.187453
0.192457
0.254332
0.319140
0.207055
0.289152
0.321728
0.371836
0.245498
0.317725
0.317277
0.383845
0.354926
0.337465
0.594557
0.440440
0.380049
0.402825
0.310582
0.271138
0.207710
0.187937
0.195322
0.199290
0.196184
0.236042
0.307097
0.243427
0.221894
0.258301
0.217787
0.265030
0.247223
0.248983
0.210644
0.201637
0.241046
0.331805
0.510321
0.423599
0.379738
0.405309
0.409796
0.221617
0.148182
0.154773
0.149252
0.148355
0.135207
0.212369
0.218305
0.202465
0.164815
0.177963
0.178067
0.193285
0.178895
0.240287
0.299815
0.163642
0.227277
0.288427
0.384535
0.331080
0.494930
0.410106
0.347886
0.167093
0.146319
0.149493
0.144386
0.140901
0.148907
0.196840
0.268550
0.181656
0.157016
0.154497
0.141556
0.307545
0.294052
0.260647
0.284217
0.189662
0.230383
0.249673
0.356168
0.351855
0.367487
0.327181
0.253607
0.238354
0.192871
0.174720
0.159708
0.168473
0.184313
0.214819
0.258611
0.220513
0.168128
0.199911
0.222860
0.167783
0.216131
0.276349
0.241391
0.211299
0.257576
0.314481
0.525608
0.404654
0.503764
0.421908
0.314481
0.226759
0.197427
0.187971
0.164056
0.166299
0.170993
0.224758
0.261821
0.227898
0.171752
0.153531
0.160502
0.169233
0.207572
0.194493
0.209298
0.184279
0.164919
0.190697
0.256989
0.256161
0.414903
0.464665
0.291257
0.227829
0.179344
0.150736
0.158707
0.147250
0.154359
0.194355
0.246913
0.248362
0.262131
0.321832
0.218270
0.223274
0.190249
0.231729
0.368005
0.324869
0.276452
0.255540
0.513185
0.452794
0.374182
0.432088
0.349060
0.335739
0.224482
0.204777
0.213991
0.212852
0.229727
0.221617
0.271690
0.304025
0.276383
0.206192
0.225379
0.271276
0.213094
0.248224
0.360379
0.353787
0.382533
0.522571
0.568537
0.394163
0.300954
0.257058
0.198565
0.176307
0.143592
0.145007
0.173305
0.153807
0.140038
0.178826
0.220513
0.181173
0.179827
0.217062
0.172131
0.158224
0.158742
0.161675
0.170544
0.188075
0.208021
0.272173
0.232729
0.292016
0.262856
0.260682
0.252124
0.192595
0.128684
0.134965
0.134068
0.125958
0.163332
0.189800
0.239873
0.183381
0.169336
0.177170
0.165989
0.187937
0.183140
0.163021
0.156947
0.163987
0.261752
0.215992
0.364761
0.398994
0.313895
0.327560
0.289635
0.225552
0.180276
0.151909
0.160260
0.168922
0.152703
0.205916
0.268895
0.243255
0.243289
0.188903
0.263304
0.269067
0.248535
0.262580
0.262683
0.343262
0.277212
0.337499
0.441095
0.409623
0.369420
0.485923
0.334428
0.229244
0.194700
0.182933
0.185866
0.171303
0.175375
0.248880
0.235732
0.349646
0.329873
0.337913
0.301610
0.270655
0.226000
0.189938
0.172477
0.208366
0.257231
0.314723
0.315482
0.407104
0.385536
0.269723
0.286391
0.182864
0.145525
0.146905
0.142764
0.138071
0.132722
0.156947
0.212887
0.223464
0.178386
0.216532
0.264161
0.164985
0.278297
0.199281
0.167451
0.151674
0.143233
0.170571
0.182136
0.168040
0.159612
0.186595
0.167595
0.142946
0.136937
0.132931
0.123268
0.127270
0.126649
0.136725
0.156430
0.245808
0.201292
0.218443
0.249570
0.211368
0.156706
0.144214
0.136000
0.133447
0.151012
0.179965
0.238734
0.140970
0.179171
0.282043
0.192699
0.158052
0.141625
0.142143
0.138934
0.141453
0.141384
0.138312
0.145974
0.176134
0.178240
0.157362
0.138243
0.159087
0.194355
0.199014
0.158811
0.206675
0.246878
0.177756
0.316138
0.260130
0.269275
0.364299
0.240259
0.211996
0.245360
0.139210
0.144110
0.138140
0.136311
0.145456
0.150166
0.144585
0.131963
0.131307
0.129513
0.124060
0.128512
0.129375
0.127028
0.120437
0.162020
0.191284
0.219047
0.215811
0.209436
0.190922
0.181544
0.167313
0.181276
0.204225
0.148389
0.141349
0.138520
0.188489
0.228450
0.200601
0.177204
0.139693
0.212576
0.210264
0.283458
0.215371
0.171269
0.179516
0.325041
0.267515
0.521053
0.368109
0.305751
0.396510
0.267860
0.208866
0.160881
0.150373
0.152289
0.143903
0.174305
0.211058
0.273140
0.255057
0.255471
0.256368
0.227657
0.230038
0.254815
0.223723
0.266600
0.176928
0.268360
0.339664
0.490047
0.441846
0.315849
0.562406
0.450694
0.355723
0.288979
0.228036
0.273140
0.179206
0.178032
0.254263
0.309478
0.173926
0.170164
0.297054
0.272587
0.227553
0.254436
0.350164
0.328734
0.243151
0.287116
0.313136
0.393921
0.403722
0.320279
0.269930
0.362242
0.259370
0.160674
0.143661
0.153151
0.150046
0.151253
0.199566
0.206226
0.210713
0.176411
0.218029
0.189800
0.174064
0.204294
0.216407
0.160191
0.180586
0.178205
0.226656
0.477951
0.381188
0.471739
0.286771
0.372008
0.263235
0.173236
0.146353
0.183174
0.142039
0.141901
0.150805
0.192250
0.214957
0.232074
0.255989
0.289566
0.358205
0.324075
0.317380
0.297503
0.294673
0.298952
0.351372
0.358239
0.229969
0.459454
0.520604
0.507008
0.328009
0.259681
0.209436
0.193665
0.179654
0.166506
0.167093
0.178378
0.240425
0.218063
0.246395
0.278454
0.296709
0.274278
0.304439
0.295674
0.482920
0.574473
0.487407
0.672444
0.488062
0.656812
0.472292
0.295398
0.238838
0.155809
0.157810
0.139589
0.126821
0.123715
0.158259
0.233903
0.211644
0.145214
0.193320
0.181828
0.154049
0.169923
0.200774
0.244739
0.174685
0.172442
0.284769
0.566122
0.532061
0.361655
0.405862
0.369006
0.291222
0.227415
0.204087
0.219271
0.217614
0.229486
0.246844
0.311307
0.306682
0.256886
0.298124
0.259232
0.231936
0.264478
0.244393
0.233213
0.248569
0.342537
0.345609
0.420183
0.412453
0.530577
0.396095
0.389953
0.332530
0.198462
0.213197
0.196253
0.192699
0.209332
0.249811
0.306096
0.278454
0.314620
0.327975
0.284390
0.260475
0.258991
0.272035
0.245567
0.265824
0.293293
0.346506
0.518913
0.674826
0.623303
0.674687
0.436954
0.392507
0.262649
0.213646
0.221686
0.219029
0.229175
0.267618
0.353373
0.313136
0.301437
0.281042
0.273209
0.277384
0.274071
0.279834
0.337775
0.276694
0.287219
0.321383
0.462595
0.445340
0.454795
0.461249
0.396372
0.283492
0.221652
0.221721
0.240252
0.211161
0.207124
0.233696
0.329217
0.270172
0.232902
0.230245
0.217097
0.191146
0.219374
0.200532
0.212473
0.211713
0.210713
0.266307
0.351096
0.378944
0.366245
0.443235
0.368695
0.240666
0.202741
0.199877
0.191215
0.200636
0.203155
0.259716
0.274175
0.269551
0.282181
0.274313
0.332599
0.277764
0.321004
0.407725
0.417043
0.531406
0.514772
0.517775
0.476019
0.342054
0.434056
0.571747
0.410865
0.300367
0.264478
0.259232
0.258094
0.273657
0.239942
0.248328
0.245118
0.196805
0.207607
0.208642
0.235456
0.280386
0.309719
0.327560
0.388434
0.303887
0.258439
0.562326
0.694530
0.463630
0.520846
0.553457
0.494654
0.481575
0.241874
0.206468
0.171821
0.179516
0.177584
0.215820
0.289911
0.279420
0.214750
0.234972
0.232936
0.221376
0.229865
0.264374
0.237457
0.193976
0.183278
0.260613
0.397200
0.385294
0.407967
0.431743
0.453036
0.278488
0.234800
0.225759
0.215371
0.216338
0.216476
0.292327
0.345885
0.318208
0.297227
0.291257
0.294777
0.289911
0.317656
0.316207
0.355099
0.231763
0.229313
0.394267
0.597042
0.532441
0.521916
0.678518
0.526540
0.368178
0.185728
0.160364
0.168025
0.168439
0.161192
0.382568
0.319416
0.262442
0.205502
0.224102
0.290118
0.247913
0.279662
0.264236
0.250674
0.268688
0.335221
0.436609
0.445064
0.406897
0.413523
0.421287
0.392886
0.299815
0.208815
0.194804
0.212404
0.220444
0.201637
0.274278
0.384811
0.266272
0.231970
0.212921
0.253883
0.223308
0.364727
0.330873
0.316932
0.289462
0.345678
0.332564
0.525160
0.499933
0.429259
0.523814
0.381015
0.348784
0.287185
0.217166
0.196943
0.215337
0.194252
0.252193
0.321866
0.285666
0.257127
0.233972
0.270517
0.277143
0.270310
0.216890
0.216821
0.234282
0.269551
0.272553
0.361517
0.368316
0.315655
0.337465
0.373837
0.306544
0.266514
0.201292
0.172856
0.162089
0.189282
0.197703
0.257369
0.255436
0.259267
0.202499
0.178654
0.175410
0.303404
0.274382
0.209229
0.191146
0.176100
0.217476
0.324317
0.412315
0.541448
0.510597
0.497380
0.496759
0.418043
0.350923
0.307994
0.228657
0.208573
0.215716
0.226000
0.274140
0.328044
0.296709
0.340156
0.310064
0.390574
0.386433
0.516360
0.595489
0.635278
0.692943
0.636900
0.630964
0.588725
0.655777
0.355409
0.237181
0.177308
0.176065
0.168508
0.163746
0.171510
0.206054
0.349370
0.238216
0.201292
0.193527
0.191215
0.203707
0.223654
0.203742
0.308097
0.182243
0.236940
0.282423
0.432882
0.356168
0.507422
0.382257
0.322867
0.262821
0.210920
0.199014
0.199946
0.223308
0.180276
0.214440
0.256230
0.228795
0.204570
0.240252
0.208124
0.202948
0.275279
0.212645
0.164574
0.198082
0.202499
0.328561
0.401237
0.417526
0.417733
0.409589
0.379497
0.301403
0.228519
0.192871
0.183795
0.200498
0.202672
0.249846
0.302231
0.279972
0.253952
0.268136
0.264236
0.352752
0.319071
0.447514
0.334152
0.310030
0.261372
0.366521
0.474638
0.445547
0.471636
0.455796
0.505972
0.349784
0.243772
0.231418
0.204087
0.225172
0.196564
0.272967
0.272725
0.188489
0.170613
0.198703
0.208435
0.229071
0.244601
0.360137
0.324765
0.235145
0.261441
0.288013
0.456107
0.422184
0.402204
0.513219
0.383672
0.337016
0.200394
0.213059
0.189835
0.169543
0.196253
0.194010
0.245291
0.223308
0.229002
0.264236
0.368799
0.388158
0.401341
0.625857
0.347507
0.462284
0.473637
0.571885
0.516636
0.457798
0.639247
0.507525
0.540275
0.346161
0.216890
0.212438
0.205260
0.231591
0.219236
0.242323
0.409416
0.350992
0.312307
0.317898
0.375287
0.398925
0.391195
0.380428
0.433676
0.433124
0.601114
0.540413
0.595627
0.899031
0.696877
0.730868
0.692460
0.520708
0.366004
0.303197
0.201878
0.214198
0.191387
0.201430
0.219892
0.212473
0.271552
0.274796
0.271483
0.424324
0.422978
0.430915
0.452621
0.455900
0.487303
0.443200
0.469427
0.436851
0.351268
0.324144
0.358964
0.327008
0.311410
0.268239
0.238941
0.264340
0.249363
0.235249
0.282284
0.320141
0.385087
0.480263
0.491927
0.538169
0.465045
0.565673
0.502660
0.492928
0.737736
0.578580
0.534822
0.466391
0.452276
0.479297
0.534373
0.356341
0.273312
0.298366
0.281456
0.279386
0.303335
0.285977
0.314481
0.368040
0.369006
0.298228
0.306475
0.380739
0.362656
0.307649
0.264650
0.288738
0.285425
0.315586
0.429397
0.417112
0.469979
0.431743
0.417043
0.397476
0.310064
0.273761
0.296088
0.275417
0.270586
0.313239
0.385743
0.384604
0.357273
0.363312
0.298711
0.310685
0.300298
0.304094
0.296537
0.297123
0.458695
0.472278
0.534422
0.558868
0.455279
0.458767
0.438098
0.457925
0.371221
0.289418
0.284969
0.303176
0.307773
0.378240
0.407570
0.348252
0.338358
0.297852
0.290101
0.358450
0.313353
0.368719
0.442089
0.389245
0.345957
0.456652
0.589057
0.434580
0.429400
0.391036
0.392469
0.328378
0.280738
0.300892
0.270672
0.261310
0.263701
0.321735
0.342299
0.300971
0.287488
0.281549
0.313419
0.289966
0.316059
0.330725
0.291488
0.275327
0.311074
0.362698
0.437515
0.501042
0.534032
0.428200
1.000000
0.752795
0.476262
0.389733
0.326281
0.320302
0.299859
0.324589
0.391245
0.472470
0.501962
0.453151
0.471726
0.467202
0.462598
0.480113
0.594368
0.482395
0.410005
0.427419
0.681845
0.536127
0.570487
0.550567
0.432214
0.376779
0.350310
0.330532
0.305551
0.326342
0.321397
0.301371
0.341826
0.406258
0.454680
0.399502
0.429868
0.551209
0.467944
0.439667
0.484805
0.496603
0.481273
0.671105
0.783885
0.774733
0.814439
0.814439
0.854145
0.736034
0.378910
