0.211979
0.188560
0.139755
0.202257
0.145922
0.170659
0.131170
0.157580
0.172533
0.166942
0.200737
0.194380
0.152589
0.209354
0.320537
0.280659
0.196342
0.134433
0.200802
0.360479
0.147000
0.207487
0.280657
0.222028
0.109501
0.155430
0.119390
0.154726
0.101881
0.142435
0.129311
0.115198
0.148514
0.404522
0.339736
0.462158
0.362364
0.439648
0.424666
0.297945
0.402710
0.337064
0.473191
0.322585
0.426487
0.362208
0.349583
0.174249
0.180370
0.127107
0.180361
0.134386
0.153429
0.235752
0.209013
0.273817
0.367460
0.263716
0.247448
0.274915
0.299139
0.448782
0.366607
0.374839
0.229616
0.477556
0.363932
0.319485
0.188140
0.237972
0.161622
0.263259
0.194710
0.169601
0.120200
0.129933
0.128072
0.130321
0.245867
0.365320
0.232401
0.368336
0.177953
0.172004
0.204963
0.196354
0.221454
0.245495
0.293812
0.406576
0.453914
0.355771
0.314942
0.337351
0.299117
0.194599
0.177696
0.149545
0.157274
0.194832
0.191245
0.232557
0.351525
0.242842
0.330828
0.269836
0.275843
0.238043
0.293277
0.253688
0.342814
0.333717
0.341474
0.347145
0.306966
0.440097
0.379053
0.411975
0.343822
0.355969
0.227332
0.176709
0.195282
0.250598
0.210971
0.183045
0.214517
0.365241
0.209240
0.322099
0.304674
0.176730
0.229401
0.316698
0.274363
0.288483
0.360618
0.257326
0.220772
0.245241
0.181697
0.285179
0.202372
0.212210
0.144354
0.176640
0.205861
0.162792
0.207953
0.173261
0.179974
0.355489
0.402984
0.337818
0.287382
0.238349
0.279582
0.238671
0.208696
0.151971
0.297520
0.351238
0.254096
0.211694
0.238329
0.407188
0.404768
0.244391
0.213389
0.246155
0.193795
0.230029
0.194487
0.142777
0.274595
0.209645
0.470962
0.295562
0.368378
0.473527
0.378089
0.217711
0.171998
0.227440
0.172262
0.254852
0.366256
0.397013
0.459543
0.226443
0.250234
0.146957
0.164449
0.273524
0.227569
0.205553
0.229347
0.215326
0.300506
0.255100
0.300817
0.385130
0.244756
0.271276
0.182284
0.336543
0.311198
0.398931
0.518874
0.593096
0.401227
0.323530
0.247464
0.323077
0.212697
0.222036
0.247041
0.117427
0.133250
0.214336
0.172373
0.160024
0.180966
0.193151
0.279568
0.440785
0.300304
0.341528
0.293533
0.312113
0.353125
0.159121
0.207517
0.262516
0.202727
0.301482
0.258199
0.239765
0.201719
0.219294
0.191355
0.184502
0.126387
0.135153
0.220387
0.184312
0.253959
0.367708
0.338856
0.464597
0.226990
0.242277
0.277560
0.254071
0.150790
0.169267
0.245223
0.352100
0.306544
0.241290
0.450946
0.235292
0.389456
0.183506
0.208058
0.173627
0.208934
0.173664
0.206170
0.191512
0.185898
0.282232
0.342662
0.179518
0.149403
0.146425
0.190490
0.181637
0.309667
0.191994
0.233961
0.173095
0.206032
0.160264
0.161184
0.313426
0.312927
0.239291
0.197745
0.299524
0.149546
0.138230
0.202187
0.193851
0.300439
0.313229
0.332997
0.191568
0.200749
0.213206
0.153003
0.131614
0.144774
0.174099
0.246889
0.355317
0.519215
0.385676
0.339954
0.304129
0.274146
0.273840
0.197102
0.152636
0.236775
0.157314
0.238573
0.143120
0.214223
0.372161
0.161023
0.244472
0.327918
0.278015
0.384193
0.450448
0.245651
0.311424
0.219851
0.211092
0.317424
0.191204
0.193876
0.292416
0.320063
0.147991
0.169900
0.191139
0.193127
0.124569
0.139801
0.129067
0.212232
0.229906
0.225469
0.288438
0.259241
0.289131
0.557216
0.459105
0.449477
0.469184
0.341680
0.562043
0.526035
0.235928
0.253499
0.250978
0.165657
0.151974
0.152739
0.141186
0.144277
0.130608
0.088436
0.147571
0.127872
0.128382
0.162030
0.156182
0.215474
0.297249
0.364550
0.154349
0.178284
0.262526
0.221726
0.314618
0.164644
0.192232
0.282802
0.239719
0.241549
0.172330
0.188832
0.105942
0.115868
0.115879
0.131294
0.123152
0.202847
0.209377
0.243187
0.305920
0.316921
0.242679
0.198434
0.337845
0.130424
0.176462
0.209907
0.241396
0.282207
0.275410
0.223860
0.292148
0.275864
0.161431
0.162948
0.106059
0.159906
0.108913
0.113414
0.181919
0.262346
0.237368
0.331093
0.235703
0.382584
0.301290
0.188423
0.208246
0.293549
0.238995
0.379470
0.402646
0.218260
0.260264
0.244784
0.242563
0.120430
0.140271
0.094422
0.156062
0.135058
0.093256
0.130171
0.115970
0.129696
0.273629
0.218683
0.285027
0.119497
0.153312
0.138442
0.127587
0.171683
0.157537
0.282802
0.279444
0.205054
0.174866
0.171006
0.223693
0.214462
0.152069
0.105267
0.110860
0.160833
0.103040
0.086918
0.123200
0.264787
0.250281
0.153119
0.161595
0.209614
0.296025
0.120447
0.166050
0.218169
0.177856
0.205034
0.339582
0.218808
0.173470
0.172487
0.184174
0.278747
0.160284
0.119733
0.134699
0.156786
0.125002
0.098267
0.136379
0.155195
0.154781
0.158543
0.251634
0.283806
0.471409
0.433913
0.158183
0.224437
0.235259
0.271435
0.277694
0.282413
0.331668
0.449238
0.395792
0.298050
0.233169
0.183270
0.147771
0.143254
0.161007
0.124065
0.123695
0.105277
0.135346
0.265949
0.274293
0.297347
0.410910
0.661392
0.358094
0.308331
0.357648
0.416314
0.335777
0.478043
0.314945
0.388310
0.213971
0.272626
0.204192
0.178868
0.164337
0.140393
0.100155
0.161791
0.216288
0.228003
0.233911
0.213865
0.227855
0.176125
0.155273
0.171782
0.167433
0.191297
0.263100
0.210532
0.246115
0.369347
0.452496
0.219356
0.257814
0.221910
0.136522
0.107067
0.144361
0.102105
0.106889
0.116649
0.134128
0.230291
0.188514
0.191221
0.286215
0.212058
0.244388
0.277514
0.442855
0.364437
0.358221
0.188991
0.359871
0.241748
0.428712
0.160603
0.173949
0.313487
0.137056
0.138681
0.100400
0.165384
0.147929
0.137904
0.162958
0.164528
0.188019
0.149166
0.144821
0.136700
0.168843
0.279821
0.240499
0.311159
0.300069
0.147032
0.291761
0.541689
0.514332
0.402552
0.326430
0.207335
0.270007
0.235967
0.213246
0.172854
0.185997
0.100862
0.126049
0.174172
0.316957
0.168500
0.355419
0.203677
0.259378
0.167029
0.215261
0.185594
0.202335
0.184947
0.265481
0.188549
0.228276
0.385928
0.425457
0.148183
0.164490
0.188108
0.152130
0.170203
0.105947
0.153474
0.237545
0.357397
0.337776
0.177349
0.149067
0.186928
0.183753
0.127944
0.185561
0.096252
0.180676
0.198152
0.211269
0.216642
0.149194
0.333926
0.231133
0.309151
0.248418
0.208314
0.191120
0.209907
0.187732
0.168364
0.278610
0.200322
0.137613
0.444369
0.363803
0.242318
0.153063
0.489123
0.252747
0.237502
0.215241
0.211026
0.198789
0.184292
0.156307
0.182273
0.187168
0.250955
0.138607
0.135405
0.106397
0.128217
0.085131
0.132792
0.099533
0.099503
0.168744
0.174664
0.202993
0.365935
0.608456
0.245464
0.381662
0.185776
0.203033
0.223099
0.321628
0.220310
0.333767
0.255386
0.231550
0.267229
0.210780
0.145028
0.107013
0.115189
0.162655
0.116726
0.183132
0.249356
0.214235
0.276585
0.158034
0.194982
0.191417
0.207544
0.257264
0.228097
0.205775
0.164901
0.169016
0.179562
0.206999
0.193826
0.155663
0.262423
0.164750
0.130676
0.167047
0.094770
0.112178
0.108132
0.141129
0.159945
0.304266
0.149434
0.163653
0.179312
0.135784
0.089908
0.125597
0.185698
0.169658
0.106679
0.184241
0.163314
0.233099
0.232979
0.235806
0.133119
0.134933
0.109517
0.119159
0.118421
0.129872
0.153571
0.126234
0.230998
0.140812
0.205891
0.201238
0.171642
0.143272
0.116335
0.184436
0.084193
0.130758
0.191711
0.349250
0.262044
0.326483
0.254138
0.270512
0.158204
0.177463
0.123416
0.178137
0.102864
0.156538
0.097420
0.166034
0.336845
0.326454
0.418993
0.220105
0.184218
0.134334
0.179953
0.280066
0.193954
0.242292
0.252652
0.160341
0.148429
0.301058
0.335685
0.382520
0.275467
0.200758
0.108759
0.113619
0.137275
0.124720
0.150680
0.102035
0.141768
0.297653
0.470183
0.353995
0.340258
0.336350
0.176692
0.159953
0.140171
0.102855
0.327192
0.175609
0.150567
0.207527
0.270081
0.120615
0.163969
0.208962
0.092998
0.155768
0.153121
0.089575
0.100785
0.176505
0.210307
0.143831
0.187844
0.185086
0.217698
0.180910
0.198719
0.125940
0.140207
0.198719
0.141907
0.150799
0.326541
0.227125
0.234811
0.231013
0.185944
0.186921
0.101337
0.150067
0.128734
0.091192
0.125986
0.108283
0.134095
0.142779
0.155451
0.149338
0.264091
0.203342
0.418296
0.420523
0.283443
0.277151
0.319824
0.324485
0.209072
0.219311
0.299473
0.282167
0.223086
0.263882
0.158887
0.139022
0.130677
0.101561
0.160107
0.131369
0.120189
0.178359
0.163197
0.245301
0.191987
0.164346
0.222811
0.148296
0.203454
0.178888
0.170403
0.299944
0.358289
0.334892
0.156386
0.179220
0.151294
0.146343
0.098446
0.107784
0.126878
0.140396
0.094611
0.099242
0.146224
0.250364
0.169769
0.155475
0.146443
0.164262
0.135530
0.202028
0.203676
0.211920
0.163468
0.464233
0.284466
0.252402
0.250904
0.335109
0.295610
0.300534
0.227598
0.183938
0.119142
0.096395
0.095274
0.164433
0.149391
0.218163
0.171327
0.102766
0.177748
0.404685
0.318253
0.243362
0.272346
0.202382
0.309515
0.454162
0.557541
0.426958
0.234543
0.383284
0.339714
0.188255
0.228006
0.134163
0.196485
0.161936
0.105568
0.172714
0.142873
0.210454
0.203895
0.133953
0.139701
0.247716
0.187444
0.210964
0.218821
0.268629
0.137903
0.460905
0.272230
0.290411
0.232875
0.243553
0.234061
0.184126
0.131462
0.222472
0.160013
0.116749
0.206691
0.138840
0.174299
0.349266
0.217742
0.168763
0.140058
0.191131
0.171113
0.075864
0.134342
0.109840
0.196740
0.294073
0.168269
0.182824
0.180425
0.150071
0.228842
0.141424
0.125803
0.108501
0.076306
0.110155
0.116059
0.099884
0.093400
0.086463
0.140061
0.315856
0.245362
0.239151
0.216172
0.321419
0.242341
0.180638
0.309857
0.266895
0.318414
0.544033
0.314282
0.142958
0.169762
0.107254
0.132837
0.087050
0.136980
0.098169
0.154950
0.125527
0.124534
0.132612
0.180980
0.253604
0.198097
0.208253
0.191152
0.292382
0.459688
0.600674
0.356979
0.221685
0.414445
0.349407
0.384619
0.296672
0.378775
0.195304
0.143260
0.075651
0.079934
0.092084
0.128895
0.184670
0.157727
0.175962
0.293136
0.361202
0.288786
0.470986
0.231586
0.204787
0.238497
0.277335
0.147563
0.251914
0.282752
0.248262
0.154646
0.177993
0.138390
0.163754
0.104490
0.144130
0.124278
0.096121
0.093862
0.126539
0.126629
0.187993
0.191874
0.117898
0.188771
0.173218
0.309023
0.114558
0.149568
0.166743
0.231487
0.368561
0.236796
0.279640
0.174615
0.225700
0.141853
0.156352
0.125821
0.118595
0.190758
0.130312
0.105354
0.155836
0.154060
0.334349
0.219720
0.241772
0.213825
0.240029
0.170860
0.078151
0.213576
0.281898
0.394227
0.366117
0.193471
0.301516
0.393598
0.251936
0.114967
0.092875
0.238171
0.112778
0.094530
0.095689
0.132646
0.209184
0.185354
0.279490
0.167668
0.247923
0.333137
0.185348
0.301419
0.262304
0.248786
0.175734
0.148210
0.431490
0.529186
0.313661
0.489993
0.366374
0.168301
0.105245
0.153794
0.133848
0.087705
0.119931
0.138357
0.113886
0.145655
0.350862
0.298692
0.116335
0.168029
0.096205
0.191504
0.119971
0.196913
0.131789
0.210091
0.298212
0.422492
0.108951
0.269443
0.147103
0.170909
0.117510
0.099726
0.151536
0.094009
0.104835
0.127085
0.063751
0.128110
0.093364
0.117189
0.232517
0.231680
0.525935
0.502156
0.371104
0.407348
0.206184
0.230438
0.138982
0.143919
0.217518
0.093773
0.160977
0.116496
0.125584
0.123404
0.106621
0.103511
0.122167
0.089856
0.090638
0.105068
0.160279
0.104448
0.135086
0.187240
0.207607
0.194347
0.193949
0.194652
0.180324
0.273230
0.187631
0.287361
0.224844
0.190930
0.185918
0.219381
0.175319
0.147951
0.114693
0.106438
0.095693
0.080160
0.182869
0.166924
0.382141
0.204202
0.082460
0.124028
0.185693
0.082910
0.229625
0.163297
0.256931
0.374443
0.380726
0.179078
0.246443
0.224325
0.341658
0.183555
0.162716
0.127789
0.122084
0.109505
0.078315
0.072884
0.082773
0.098484
0.240894
0.202005
0.309633
0.387273
0.215835
0.156124
0.268287
0.282862
0.211709
0.233218
0.261456
0.104656
0.208053
0.277870
0.252879
0.160552
0.104939
0.080350
0.135650
0.115216
0.082106
0.088441
0.178730
0.261835
0.395233
0.274192
0.174128
0.221608
0.184714
0.135272
0.142096
0.121854
0.152646
0.089707
0.217901
0.257795
0.326239
0.276683
0.249520
0.129928
0.076236
0.149471
0.099750
0.092361
0.123828
0.091198
0.155595
0.138641
0.286843
0.265219
0.259753
0.186546
0.138443
0.154155
0.270100
0.193072
0.290664
0.370407
0.186140
0.484760
0.174881
0.195474
0.258435
0.190559
0.155447
0.198048
0.110877
0.219591
0.146026
0.163768
0.148729
0.122896
0.131078
0.207366
0.193943
0.315633
0.348412
0.352857
0.216464
0.296549
0.220659
0.187651
0.298411
0.170952
0.226116
0.315318
0.296540
0.221025
0.154600
0.123468
0.174084
0.110820
0.110290
0.161283
0.158637
0.192823
0.152181
0.276515
0.155452
0.296171
0.174460
0.175226
0.188430
0.227360
0.180592
0.297759
0.324046
0.244041
0.489820
0.303059
0.202081
0.268264
0.172225
0.167630
0.200352
0.120096
0.188427
0.151353
0.181858
0.112528
0.148488
0.183685
0.202786
0.395647
0.221476
0.196761
0.176155
0.193013
0.166383
0.160835
0.219798
0.234597
0.471086
0.507577
0.428369
0.261792
0.157990
0.139322
0.103530
0.163092
0.172485
0.132002
0.109910
0.152767
0.261349
0.096690
0.140318
0.116200
0.268721
0.191189
0.393740
0.157909
0.181780
0.390284
0.235242
0.289414
0.192157
0.275947
0.311523
0.118903
0.131583
0.114410
0.086823
0.077592
0.101584
0.103243
0.159104
0.205769
0.255227
0.125383
0.169479
0.186538
0.168159
0.192640
0.134317
0.229526
0.271114
0.201229
0.288222
0.296647
0.574553
0.468966
0.262949
0.217665
0.235783
0.221457
0.226583
0.175368
0.119741
0.124695
0.100870
0.150468
0.152171
0.244351
0.264082
0.199539
0.206517
0.199719
0.120679
0.210878
0.129967
0.180279
0.455153
0.207257
0.353431
0.393953
0.351903
0.110560
0.123811
0.134937
0.156586
0.151001
0.145711
0.157489
0.235263
0.137489
0.215359
0.187615
0.191915
0.156220
0.257596
0.116976
0.168988
0.187822
0.136931
0.180527
0.156628
0.357304
0.221515
0.407091
0.194017
0.140812
0.128343
0.096697
0.149724
0.126082
0.104166
0.160097
0.217859
0.167056
0.243761
0.137306
0.106924
0.298316
0.461234
0.243157
0.194069
0.262682
0.191287
0.207105
0.143733
0.151327
0.142688
0.131039
0.318271
0.325961
0.193871
0.159825
0.141784
0.133551
0.118448
0.094277
0.113365
0.168221
0.165536
0.257863
0.208515
0.333556
0.321139
0.244371
0.170742
0.175706
0.226642
0.242278
0.198656
0.274272
0.361456
0.328743
0.203650
0.224689
0.280976
0.183445
0.113036
0.139239
0.104920
0.146754
0.127404
0.122109
0.191644
0.260257
0.210991
0.223976
0.244523
0.342139
0.350172
0.230904
0.264395
0.206022
0.296011
0.326688
0.278892
0.331508
0.199203
0.139769
0.180851
0.131792
0.152886
0.122408
0.103225
0.093181
0.083443
0.252763
0.251977
0.189396
0.145212
0.196044
0.107136
0.234871
0.249803
0.222104
0.213632
0.237971
0.212446
0.159558
0.206225
0.345935
0.293362
0.213810
0.090620
0.097350
0.134695
0.097935
0.106356
0.125816
0.163280
0.193512
0.231507
0.288386
0.318409
0.155376
0.132909
0.259167
0.162134
0.137514
0.157687
0.217900
0.382569
0.338568
0.360288
0.252969
0.255511
0.322838
0.140624
0.142280
0.148371
0.136934
0.093815
0.124604
0.099968
0.140340
0.251511
0.120094
0.249341
0.218535
0.143104
0.171059
0.117416
0.139405
0.176817
0.103398
0.390127
0.267585
0.540122
0.354508
0.366947
0.119190
0.094386
0.148767
0.114127
0.131709
0.095271
0.091697
0.112651
0.157315
0.264730
0.160715
0.116284
0.165053
0.140123
0.140689
0.180643
0.099166
0.156220
0.293397
0.266884
0.213489
0.433732
0.459613
0.353074
0.189578
0.135705
0.098238
0.124479
0.149859
0.161710
0.157396
0.132259
0.216959
0.297460
0.191390
0.127420
0.129190
0.249479
0.128954
0.183408
0.110242
0.178475
0.257740
0.229921
0.260131
0.420281
0.227307
0.224008
0.157060
0.237867
0.160020
0.129616
0.129778
0.166594
0.182645
0.189602
0.160973
0.204010
0.190794
0.273467
0.332340
0.338343
0.229832
0.469738
0.334545
0.189655
0.131723
0.211380
0.195073
0.387130
0.205855
0.190161
0.262468
0.167657
0.211356
0.088311
0.138980
0.113025
0.129314
0.166755
0.181620
0.204140
0.128858
0.140875
0.263083
0.262491
0.459405
0.239911
0.303189
0.199462
0.332056
0.366647
0.218094
0.227021
0.311325
0.140062
0.101393
0.116645
0.116248
0.129502
0.120262
0.162324
0.123661
0.191045
0.135500
0.192807
0.407471
0.395195
0.303289
0.288671
0.244386
0.198561
0.146985
0.177064
0.232962
0.269749
0.311782
0.459181
0.347943
0.248276
0.136942
0.170675
0.157296
0.105032
0.137222
0.134658
0.163288
0.261917
0.312994
0.264538
0.224026
0.198630
0.357218
0.275829
0.184291
0.199604
0.202544
0.248415
0.286524
0.289409
0.350887
0.442331
0.344884
0.242535
0.276512
0.236912
0.216320
0.147528
0.154635
0.130025
0.126175
0.265590
0.284469
0.196668
0.242998
0.117084
0.185634
0.101532
0.222587
0.227739
0.292466
0.209851
0.219827
0.226227
0.183633
0.234842
0.428684
0.266837
0.238267
0.197320
0.173792
0.167792
0.183748
0.141754
0.173870
0.138327
0.273554
0.222513
0.224981
0.233493
0.296055
0.236646
0.144939
0.216847
0.186610
0.258354
0.357438
0.388915
0.228238
0.278147
0.273181
0.287805
0.242245
0.260304
0.189935
0.176626
0.165623
0.197597
0.156120
0.136333
0.338033
0.349103
0.284071
0.316267
0.341401
0.263898
0.301229
0.140488
0.129873
0.148982
0.337943
0.113797
0.227097
0.152839
0.099493
0.091035
0.161380
0.117237
0.106495
0.076378
0.090298
0.115886
0.090230
0.105725
0.208212
0.153996
0.174474
0.392292
0.316190
0.265842
0.141579
0.143058
0.168803
0.228176
0.322795
0.268950
0.290108
0.201041
0.233070
0.221244
0.112398
0.168671
0.255969
0.136870
0.128676
0.072496
0.096826
0.119401
0.250432
0.184206
0.271168
0.194253
0.262478
0.130784
0.264098
0.103099
0.286676
0.271581
0.225592
0.226730
0.249473
0.297545
0.177466
0.155048
0.154909
0.123826
0.119830
0.135437
0.110699
0.066952
0.135371
0.138292
0.182065
0.226670
0.238043
0.378804
0.287779
0.129735
0.112022
0.120226
0.118007
0.185246
0.137914
0.457483
0.213477
0.219066
0.338369
0.226314
0.124956
0.149645
0.076530
0.113570
0.107910
0.075951
0.167519
0.221933
0.229356
0.264597
0.231515
0.152521
0.339399
0.103381
0.260506
0.216446
0.234892
0.313063
0.395164
0.237373
0.322536
0.487636
0.248071
0.230371
0.238883
0.144999
0.132422
0.142963
0.139992
0.093850
0.149364
0.312681
0.311062
0.237530
0.257862
0.133767
0.172026
0.197869
0.318491
0.249680
0.304333
0.290711
0.285473
0.309054
0.174983
0.473296
0.307149
0.184444
0.118347
0.093237
0.095562
0.081192
0.077853
0.086888
0.149601
0.140927
0.383834
0.186889
0.146803
0.159799
0.121461
0.182462
0.193704
0.251775
0.110234
0.185872
0.270193
0.281634
0.456854
0.420125
0.195026
0.176973
0.176457
0.106001
0.163524
0.089282
0.096391
0.111920
0.151454
0.279104
0.169200
0.164418
0.166290
0.105907
0.212255
0.144759
0.167555
0.282993
0.194571
0.171596
0.245098
0.151819
0.196134
0.318473
0.199103
0.298254
0.136453
0.191671
0.198450
0.114111
0.107189
0.117567
0.150572
0.108546
0.121530
0.180300
0.180943
0.187160
0.233739
0.242780
0.242379
0.221122
0.180909
0.237057
0.186136
0.294238
0.306995
0.363886
0.274271
0.161955
0.191080
0.134247
0.119824
0.156492
0.108824
0.149452
0.095679
0.147736
0.178563
0.332515
0.196476
0.364981
0.715850
0.330105
0.353826
0.259995
0.344425
0.177848
0.286858
0.464355
0.424161
0.217979
0.260367
0.131471
0.103417
0.133232
0.093063
0.083724
0.071986
0.091145
0.141311
0.240744
0.309221
0.154615
0.307380
0.282028
0.208955
0.163924
0.205946
0.126030
0.127743
0.141657
0.246732
0.174327
0.213203
0.316355
0.244858
0.136010
0.225896
0.122231
0.134183
0.067836
0.096209
0.116916
0.113477
0.153369
0.138119
0.190974
0.206924
0.261720
0.293108
0.162989
0.216891
0.145282
0.180023
0.246223
0.251413
0.206534
0.227109
0.224215
0.240113
0.188563
0.205263
0.156731
0.209387
0.082835
0.075208
0.107554
0.167644
0.259725
0.240999
0.133263
0.300753
0.142437
0.228919
0.129344
0.158426
0.105801
0.168875
0.275927
0.308157
0.232703
0.226723
0.345991
0.178873
0.385155
0.149439
0.144579
0.084386
0.120878
0.127365
0.072770
0.150126
0.239781
0.276671
0.212533
0.135884
0.162779
0.112685
0.151391
0.114339
0.213827
0.117631
0.242385
0.227530
0.226226
0.159621
0.227767
0.292008
0.252270
0.120746
0.096489
0.110771
0.133361
0.103433
0.106563
0.130419
0.197742
0.269952
0.159947
0.119578
0.178762
0.120990
0.143637
0.209521
0.128465
0.138592
0.196034
0.177151
0.156929
0.118517
0.184072
0.226736
0.271481
0.126325
0.180761
0.246184
0.140841
0.114322
0.091043
0.104104
0.191279
0.178102
0.185867
0.230940
0.379183
0.258197
0.331983
0.299634
0.322711
0.371986
0.333885
0.157519
0.179827
0.270116
0.243380
0.176719
0.139164
0.099837
0.119642
0.138684
0.106128
0.124101
0.124119
0.091669
0.103268
0.167403
0.139004
0.227847
0.245467
0.241188
0.281278
0.321724
0.325100
0.407862
0.290789
0.261939
0.170541
0.197476
0.169955
0.307933
0.325130
0.288117
0.119051
0.135486
0.139054
0.150369
0.119739
0.094713
0.111443
0.210454
0.240081
0.125565
0.145312
0.125726
0.148210
0.149051
0.127851
0.099828
0.269827
0.354558
0.251367
0.298840
0.328942
0.350741
0.218931
0.214005
0.201482
0.097073
0.094605
0.124102
0.083559
0.089023
0.126811
0.131605
0.157034
0.191474
0.253534
0.235336
0.299667
0.130429
0.125131
0.096349
0.198666
0.347842
0.201943
0.220310
0.331126
0.208747
0.229962
0.136763
0.171707
0.110970
0.109506
0.117580
0.125346
0.118966
0.168821
0.365172
0.270969
0.209766
0.207004
0.408353
0.289254
0.100513
0.167478
0.107673
0.148395
0.102991
0.153995
0.245032
0.289103
0.231891
0.151362
0.122794
0.177260
0.100402
0.126142
0.145028
0.110679
0.096400
0.126843
0.330906
0.495491
0.263719
0.168230
0.171872
0.155575
0.172104
0.131611
0.157567
0.167696
0.184044
0.193528
0.162915
0.132964
0.270620
0.212416
0.136492
0.164867
0.172939
0.135714
0.126889
0.143384
0.192438
0.186619
0.337594
0.202168
0.117644
0.295795
0.212110
0.135356
0.168012
0.137494
0.118481
0.205143
0.210099
0.156106
0.142855
0.107783
0.179997
0.346244
0.112182
0.091984
0.100599
0.128152
0.112791
0.128689
0.084620
0.162624
0.108690
0.225137
0.231228
0.219820
0.164507
0.209712
0.172565
0.104273
0.163213
0.185092
0.162638
0.190574
0.416169
0.133703
0.182651
0.210937
0.086407
0.093843
0.106707
0.091247
0.112048
0.139677
0.136512
0.099872
0.108260
0.212661
0.381899
0.382378
0.589183
0.449492
0.462790
0.375292
0.218096
0.199162
0.312401
0.188188
0.293018
0.216100
0.188590
0.106584
0.182763
0.077367
0.081737
0.121192
0.073443
0.084062
0.136568
0.154491
0.211153
0.175369
0.196819
0.123532
0.305511
0.197065
0.318633
0.199480
0.111601
0.167501
0.257968
0.190632
0.414622
0.332274
0.337163
0.218791
0.223911
0.159847
0.140968
0.151889
0.132748
0.088534
0.154278
0.171344
0.293517
0.150192
0.169515
0.206446
0.133832
0.124763
0.161845
0.129394
0.108375
0.229373
0.175039
0.324498
0.270393
0.197223
0.321426
0.200763
0.103119
0.110899
0.079667
0.137937
0.153138
0.101257
0.101215
0.118776
0.468839
0.169177
0.334695
0.259465
0.218188
0.153352
0.286549
0.167728
0.197928
0.384963
0.174169
0.233442
0.192919
0.225253
0.191452
0.156849
0.109773
0.218183
0.242234
0.070172
0.107281
0.117413
0.083220
0.222854
0.366307
0.182425
0.183894
0.228687
0.224259
0.212479
0.176694
0.234390
0.159762
0.171479
0.159346
0.171328
0.141616
0.164049
0.117985
0.154721
0.195172
0.209487
0.140872
0.084487
0.104449
0.104453
0.103321
0.122723
0.169903
0.236645
0.215001
0.282632
0.214996
0.181476
0.141966
0.191003
0.180707
0.183911
0.217566
0.251024
0.222049
0.214527
0.156545
0.179005
0.093962
0.084021
0.131038
0.112145
0.081596
0.111901
0.081174
0.111507
0.250270
0.376340
0.326280
0.124924
0.187332
0.205239
0.260839
0.295289
0.252836
0.357916
0.340524
0.255236
0.203424
0.399562
0.136457
0.317298
0.260000
0.121696
0.109036
0.081488
0.089521
0.105253
0.105570
0.115231
0.146139
0.281007
0.255616
0.375328
0.171417
0.216392
0.167242
0.141382
0.105942
0.151548
0.223673
0.196115
0.320355
0.174905
0.352069
0.174620
0.116649
0.145834
0.076596
0.066885
0.102294
0.084712
0.116032
0.189534
0.155931
0.127062
0.131421
0.189466
0.269037
0.309885
0.150986
0.214947
0.259351
0.272310
0.271851
0.218772
0.426369
0.263229
0.325206
0.176215
0.128813
0.087291
0.076221
0.103792
0.132297
0.109989
0.120220
0.098375
0.242510
0.218241
0.201626
0.209360
0.102047
0.212446
0.290766
0.167012
0.204524
0.211529
0.221932
0.225165
0.181432
0.276866
0.191670
0.143932
0.186453
0.120305
0.103003
0.088123
0.090945
0.161373
0.156955
0.161514
0.425775
0.183360
0.291814
0.267975
0.245943
0.283990
0.195158
0.283165
0.271249
0.255155
0.219333
0.175730
0.426311
0.392659
0.495151
0.266372
0.167158
0.093928
0.173964
0.116133
0.094646
0.131495
0.135152
0.181664
0.166700
0.184772
0.157225
0.154494
0.210131
0.205129
0.262958
0.159536
0.090051
0.244631
0.324809
0.279419
0.351159
0.268295
0.201512
0.103872
0.168001
0.091568
0.114826
0.083181
0.089172
0.112519
0.116421
0.165824
0.200650
0.164735
0.128439
0.218144
0.174324
0.117447
0.119199
0.112391
0.098899
0.114703
0.134643
0.170844
0.217880
0.209335
0.228310
0.193850
0.178471
0.131711
0.098010
0.113897
0.126713
0.111027
0.120598
0.139459
0.252605
0.321614
0.321996
0.269529
0.223521
0.295200
0.147643
0.224383
0.142787
0.221935
0.124445
0.147757
0.243879
0.186978
0.353228
0.143507
0.140728
0.151936
0.178276
0.088801
0.100027
0.126084
0.113369
0.147363
0.191525
0.156915
0.138067
0.290521
0.370296
0.440944
0.363840
0.211533
0.274554
0.451507
0.208927
0.249767
0.251427
0.355526
0.343330
0.316041
0.219713
0.147093
0.149771
0.142326
0.108472
0.153320
0.158035
0.149648
0.367678
0.229549
0.184576
0.221179
0.179834
0.202891
0.134901
0.183687
0.307979
0.239648
0.254159
0.374432
0.246543
0.359249
0.211383
0.255969
0.151721
0.261418
0.240993
0.151523
0.168910
0.221239
0.195268
0.252150
0.417376
0.390715
0.217840
0.162041
0.178909
0.231072
0.265776
0.203704
0.284328
0.237835
0.446756
0.436930
0.524525
0.241000
0.287763
0.330715
0.249602
0.206344
0.218550
0.233935
0.170224
0.223364
0.145995
0.221691
0.290695
0.220802
0.379901
0.302198
0.280017
0.248014
0.313045
0.205905
0.244959
0.275173
0.292507
0.341353
0.319885
0.281583
0.370286
0.268849
0.178707
0.252500
0.206539
0.172119
0.266865
0.265887
0.203539
0.216328
0.291813
0.602539
0.448113
0.358567
0.305938
0.299984
0.151338
0.306721
0.278363
0.212939
0.239115
0.287707
0.331867
0.441886
0.453709
0.201087
0.114500
0.123648
0.114408
0.115396
0.115512
0.162474
0.145414
0.130824
0.169855
0.340645
0.178763
0.209164
0.189382
0.148800
0.149245
0.119363
0.217263
0.210587
0.165745
0.190380
0.273932
0.390424
0.265566
0.183446
0.179286
0.134866
0.121199
0.143307
0.106074
0.101751
0.180736
0.117891
0.288815
0.285542
0.344942
0.317173
0.317531
0.327724
0.292137
0.246711
0.260549
0.261138
0.167514
0.244654
0.131386
0.366497
0.324596
0.276842
0.114457
0.108293
0.158242
0.152134
0.120235
0.102730
0.142759
0.106808
0.189167
0.211383
0.282577
0.231045
0.447501
0.228008
0.141876
0.264141
0.243442
0.178396
0.501790
0.304111
0.331307
0.601274
0.569778
0.344980
0.135896
0.108374
0.118370
0.159304
0.089928
0.107191
0.114634
0.190477
0.356793
0.156274
0.223797
0.257373
0.281750
0.207641
0.109367
0.155853
0.183941
0.294330
0.319453
0.298972
0.212819
0.209785
0.322899
0.225991
0.136813
0.103355
0.113942
0.144598
0.128257
0.106225
0.150188
0.175964
0.216084
0.179747
0.202136
0.188936
0.301777
0.167090
0.382641
0.266881
0.181241
0.213243
0.214272
0.172470
0.125230
0.258175
0.243964
0.216784
0.118961
0.136593
0.130020
0.097327
0.123840
0.099383
0.140982
0.151996
0.266919
0.333193
0.278212
0.180038
0.235275
0.107112
0.152720
0.107309
0.124135
0.182700
0.160678
0.179978
0.255635
0.455254
0.217180
0.211030
0.114976
0.104660
0.155992
0.134295
0.096463
0.110452
0.147126
0.122940
0.286577
0.207973
0.164376
0.253801
0.209884
0.130281
0.150599
0.193495
0.177124
0.248411
0.338018
0.135178
0.155720
0.135897
0.184048
0.193883
0.196112
0.159521
0.086449
0.136212
0.100912
0.124248
0.141970
0.205872
0.175191
0.365018
0.238963
0.123714
0.215466
0.117598
0.152643
0.110787
0.142231
0.115147
0.256570
0.153859
0.180686
0.145985
0.166239
0.160386
0.102818
0.121347
0.156321
0.083147
0.112414
0.108957
0.171296
0.259395
0.182088
0.236207
0.179356
0.203508
0.214729
0.250609
0.225483
0.220143
0.258427
0.284242
0.294300
0.162221
0.226451
0.153827
0.269301
0.175514
0.117846
0.145474
0.200514
0.126071
0.137102
0.120069
0.135095
0.141370
0.110313
0.218871
0.335657
0.583116
0.425225
0.202042
0.349566
0.189762
0.228914
0.128779
0.172695
0.265789
0.202165
0.167793
0.186789
0.207096
0.091935
0.105078
0.066751
0.129470
0.104885
0.110522
0.137194
0.118366
0.096493
0.136450
0.111860
0.104241
0.161476
0.138408
0.105175
0.135016
0.135880
0.198955
0.276940
0.243468
0.310891
0.214039
0.411133
0.263916
0.193108
0.149410
0.139006
0.102645
0.096382
0.117339
0.093797
0.143329
0.297651
0.106440
0.158553
0.191485
0.192066
0.122687
0.094527
0.158073
0.119626
0.184782
0.232431
0.214149
0.476239
0.313000
0.244283
0.292935
0.142941
0.139098
0.078962
0.134543
0.118643
0.124945
0.112919
0.156213
0.289356
0.247026
0.244396
0.166684
0.146553
0.160804
0.261564
0.316788
0.281814
0.158278
0.371280
0.339644
0.248485
0.382474
0.313464
0.273879
0.140217
0.093257
0.153715
0.141750
0.150826
0.125573
0.140905
0.151088
0.337715
0.291677
0.163167
0.269717
0.189363
0.152135
0.107480
0.167286
0.222889
0.193710
0.342199
0.336765
0.159358
0.237239
0.203065
0.271244
0.169424
0.086292
0.155672
0.091585
0.110640
0.110834
0.131213
0.104805
0.274853
0.198477
0.200847
0.088663
0.236980
0.171313
0.248378
0.169260
0.111023
0.149473
0.258170
0.198500
0.304991
0.154631
0.315141
0.335211
0.197228
0.183773
0.173912
0.094436
0.085696
0.126682
0.120931
0.147923
0.361076
0.181616
0.127801
0.220399
0.155161
0.226614
0.271089
0.380824
0.240978
0.314239
0.340653
0.326446
0.400332
0.456256
0.200003
0.177356
0.206470
0.128689
0.114822
0.142425
0.075137
0.112915
0.120311
0.108884
0.133830
0.124860
0.262616
0.208776
0.207007
0.225422
0.216994
0.333392
0.346430
0.299930
0.217437
0.316194
0.256040
0.503190
0.341430
0.241989
0.282365
0.112515
0.175369
0.130010
0.129163
0.149737
0.103267
0.153446
0.283112
0.169529
0.132672
0.146996
0.109378
0.123956
0.309907
0.300973
0.284879
0.253657
0.574929
0.369435
0.354777
0.306387
0.440842
0.299368
0.161641
0.129901
0.174086
0.081700
0.092401
0.175470
0.135025
0.276381
0.264434
0.141890
0.250944
0.152916
0.260821
0.209505
0.196061
0.318974
0.224852
0.411079
0.610822
0.331161
0.294832
0.263727
0.193136
0.374708
0.260870
0.169247
0.121788
0.113789
0.122548
0.088754
0.114786
0.190595
0.213982
0.249322
0.164474
0.160441
0.227488
0.245391
0.164043
0.226751
0.162916
0.190518
0.190626
0.333723
0.456397
0.132552
0.187927
0.268013
0.162679
0.136092
0.130637
0.092466
0.107374
0.127607
0.154749
0.293315
0.428599
0.252158
0.202536
0.089720
0.157945
0.184299
0.170639
0.164962
0.205486
0.129674
0.224968
0.299402
0.350923
0.174656
0.172240
0.201470
0.167900
0.131532
0.135494
0.099039
0.085444
0.128422
0.105239
0.186794
0.270228
0.310660
0.306488
0.214235
0.243018
0.378124
0.280731
0.149040
0.143363
0.150752
0.209769
0.129643
0.141763
0.215029
0.146960
0.275583
0.141622
0.108931
0.121085
0.100378
0.086002
0.106658
0.087432
0.122088
0.196554
0.260265
0.321010
0.309135
0.379069
0.300613
0.269030
0.244761
0.270227
0.226508
0.237995
0.321566
0.180406
0.121287
0.258013
0.204773
0.168706
0.214882
0.179878
0.140297
0.125624
0.150508
0.156508
0.192009
0.123152
0.229587
0.262525
0.273594
0.283801
0.241337
0.382539
0.266566
0.412629
0.432258
0.197786
0.158037
0.144794
0.182542
0.422864
0.218266
0.129975
0.128946
0.133648
0.138170
0.070965
0.108244
0.112533
0.174222
0.146585
0.230877
0.253408
0.208582
0.232843
0.246929
0.136810
0.127007
0.116056
0.172270
0.212896
0.280298
0.451144
0.525142
0.297304
0.169852
0.129141
0.079984
0.136048
0.121096
0.089168
0.097806
0.137257
0.121129
0.237688
0.206402
0.166977
0.125435
0.177399
0.159640
0.162199
0.161786
0.210133
0.184044
0.143998
0.188326
0.176274
0.218863
0.196096
0.268335
0.148389
0.116972
0.111640
0.111887
0.122769
0.137927
0.098450
0.126814
0.174549
0.216108
0.345246
0.213000
0.223056
0.146868
0.129498
0.124924
0.141148
0.154092
0.221642
0.372003
0.377804
0.408927
0.320278
0.301871
0.220886
0.213806
0.207133
0.177783
0.149322
0.106919
0.102551
0.305474
0.313814
0.125264
0.210520
0.160772
0.203666
0.204110
0.151754
0.367605
0.294497
0.249455
0.200661
0.288936
0.174733
0.122733
0.243358
0.139398
0.211929
0.135077
0.114848
0.091087
0.150071
0.118166
0.112602
0.163111
0.285040
0.245320
0.295108
0.224266
0.399788
0.205370
0.108594
0.137873
0.260633
0.203527
0.267140
0.205672
0.160179
0.200639
0.242208
0.145949
0.234168
0.104378
0.180308
0.088441
0.132361
0.123516
0.234736
0.143524
0.173895
0.232976
0.261664
0.366390
0.260422
0.212324
0.240628
0.254036
0.365750
0.204176
0.149364
0.296417
0.284321
0.149503
0.137001
0.178971
0.180422
0.163608
0.124020
0.128408
0.113377
0.083248
0.150262
0.108043
0.096575
0.254804
0.337713
0.112240
0.285347
0.389568
0.141651
0.128304
0.166166
0.115424
0.196738
0.202153
0.172620
0.135842
0.231995
0.185388
0.085761
0.085424
0.212395
0.110834
0.118278
0.111891
0.116959
0.113232
0.148633
0.137600
0.272835
0.110999
0.313300
0.233097
0.307026
0.275486
0.397531
0.596787
0.193948
0.309729
0.298496
0.426068
0.299482
0.287803
0.109783
0.096092
0.177074
0.117850
0.107316
0.098693
0.166624
0.152310
0.125407
0.273623
0.247901
0.292243
0.224556
0.406024
0.145564
0.126077
0.252710
0.146049
0.202189
0.178807
0.242895
0.257182
0.347893
0.268380
0.159454
0.151656
0.163613
0.160009
0.166914
0.139891
0.166416
0.160149
0.152912
0.266554
0.188076
0.202677
0.299949
0.193989
0.103803
0.207307
0.237709
0.263502
0.300340
0.245371
0.375733
0.392837
0.256175
0.244029
0.281596
0.149777
0.091573
0.109910
0.121486
0.132720
0.113966
0.115921
0.211143
0.125265
0.162722
0.160940
0.411781
0.306241
0.110545
0.205503
0.242064
0.367028
0.358156
0.335240
0.275797
0.269287
0.363475
0.191095
0.223305
0.200117
0.138879
0.177148
0.103968
0.151753
0.279769
0.192409
0.211473
0.204277
0.209972
0.254073
0.356246
0.320259
0.328436
0.362209
0.231090
0.203030
0.296630
0.200095
0.293217
0.214785
0.322583
0.274010
0.240701
0.278913
0.214661
0.146075
0.212782
0.212884
0.225096
0.251722
0.220480
0.383995
0.231591
0.189203
0.228248
0.359892
0.320479
0.260839
0.362498
0.373433
0.426103
0.494075
0.330624
0.325756
0.242799
0.221299
0.180481
0.167423
0.220137
0.174541
0.226716
0.190480
0.181340
0.165978
0.178245
0.245832
0.267099
0.194115
0.513461
0.429491
0.362489
0.263450
0.393700
0.454628
0.447291
0.520359
0.412251
0.596353
0.415636
0.402569
0.349968
0.187394
0.163336
0.233023
0.187391
0.217401
0.200931
0.199333
0.192387
0.225217
0.319789
0.344306
0.419392
0.359557
0.314905
0.256045
0.455222
0.256019
0.437025
0.333415
0.498973
0.268059
0.249909
0.310861
0.241399
0.171467
0.199931
0.222271
0.227710
0.134544
0.134760
0.212247
0.255722
0.273496
0.220977
0.582851
0.333218
0.440465
0.312639
0.570334
0.427688
0.645192
0.404832
0.554027
0.378274
0.555262
0.521561
0.450853
0.304540
0.246589
0.147867
0.184033
0.165616
0.120169
0.173846
0.159300
0.380595
0.529575
0.248144
0.399697
0.219104
0.613754
0.442509
0.468543
0.402489
0.534894
0.420173
0.348064
0.273484
0.421214
0.489817
0.506386
0.228315
0.176005
0.229204
0.199791
0.120144
0.219564
0.150881
0.249854
0.163099
0.256679
0.473231
0.235384
0.389794
0.352110
0.249032
0.399907
0.680697
0.321372
0.365285
0.356943
0.620243
0.349520
0.414484
0.409098
0.277846
0.177739
0.172035
0.144301
0.124049
0.123404
0.159153
0.168160
0.375221
0.192706
0.250658
0.246710
0.277481
0.224458
0.451645
0.256243
0.380143
0.513458
0.388527
0.429033
0.518516
0.450836
0.314716
0.292151
0.331515
0.262800
0.311376
0.242862
0.160638
0.163288
0.253886
0.244673
0.595074
0.325879
0.448044
0.492302
0.279731
0.480620
0.540696
0.450756
0.565861
0.358922
0.655700
0.472591
0.484050
0.491679
0.571540
0.507026
0.401776
0.284813
0.294040
0.260488
0.254037
0.238205
0.262632
0.347491
0.310711
0.283460
0.357721
0.465157
0.407720
0.525745
0.674604
0.825643
0.685166
0.435368
0.364405
0.511688
0.470689
0.385397
0.367681
0.435954
0.353089
0.336253
0.282610
0.260794
0.304223
0.215685
0.209449
0.222860
0.358247
0.508580
0.504692
0.343096
0.442719
0.340992
0.428300
0.317721
0.527103
0.254534
0.276085
0.237679
0.178707
0.527578
0.462902
0.475826
0.417644
0.305718
0.348340
0.286044
0.259889
0.167412
0.286822
0.201304
0.400098
0.365671
0.409096
0.577588
0.417619
0.569847
0.416238
0.650919
0.646010
0.643089
0.690070
0.504018
0.431774
0.279687
0.344687
0.492183
0.534549
0.284888
0.221409
0.215685
0.200253
0.343389
0.192145
0.262737
0.240941
0.402312
0.276483
0.323830
0.185322
0.205791
0.252152
0.326292
0.296650
0.591578
0.320202
0.633006
0.473182
0.379058
0.301617
0.364463
0.274193
0.181478
0.173725
0.219776
0.159646
0.144698
0.261155
0.256124
0.251870
0.265560
0.276231
0.382027
0.533125
0.684789
0.637732
0.362572
0.545827
0.514978
0.336262
0.401140
0.566135
0.348160
0.359561
0.243671
0.296830
0.276815
0.228302
0.242620
0.124737
0.197218
0.220034
0.207430
0.279943
0.238783
0.380081
0.401653
0.426301
0.505376
0.648051
0.430071
0.312645
0.297727
0.393087
0.436595
0.537240
0.392538
0.317782
0.174876
0.207138
0.260514
0.155951
0.258363
0.164846
0.202671
0.117662
0.178319
0.320095
0.291122
0.296066
0.249232
0.368658
0.322121
0.236281
0.377263
0.477828
0.346713
0.290086
0.248324
0.441419
0.257103
0.419323
0.335679
0.251353
0.294797
0.152577
0.245283
0.185445
0.133677
0.184200
0.201512
0.203689
0.285414
0.226527
0.263994
0.360289
0.270154
0.266642
0.347169
0.332833
0.173638
0.255376
0.319783
0.175538
0.173422
0.239116
0.211871
0.165898
0.180627
0.146833
0.134725
0.091496
0.159601
0.112948
0.157871
0.228713
0.317940
0.252337
0.305095
0.297979
0.328748
0.503154
0.573178
0.504112
0.545849
0.503076
0.411931
0.330719
0.232402
0.445064
0.345540
0.200202
0.181061
0.194292
0.180141
0.176237
0.173152
0.315377
0.204366
0.255440
0.288325
0.222240
0.395072
0.364378
0.210315
0.239910
0.256273
0.427285
0.269966
0.351531
0.324770
0.433559
0.414888
0.480838
0.258466
0.354851
0.281062
0.155704
0.183678
0.215066
0.246117
0.222133
0.174163
0.161942
0.397775
0.497738
0.506408
0.401416
0.414886
0.191796
0.203115
0.385515
0.491283
0.582023
0.528860
0.305949
0.304062
0.335739
0.554703
0.764598
0.432800
0.313672
0.319682
0.223889
0.184043
0.196912
0.249886
0.258297
0.222451
0.208476
0.346377
0.347017
0.276101
0.291013
0.221233
0.349203
0.420213
0.371048
0.326090
0.412717
0.366809
0.278896
0.323170
0.366198
0.198072
0.228898
0.167094
0.171200
0.212081
0.148663
0.188018
0.254633
0.179317
0.266214
0.232768
0.287149
0.177434
0.308109
0.402159
0.456834
0.285185
0.411096
0.250896
0.154617
0.216414
0.219640
0.245847
0.221612
0.233760
0.218139
0.113329
0.118327
0.147852
0.254056
0.258238
0.216791
0.340011
0.227424
0.347362
0.445975
0.444042
0.298829
0.162831
0.309803
0.310307
0.205470
0.388071
0.359149
0.330745
0.232628
0.175002
0.199596
0.196092
0.176517
0.150029
0.170934
0.148907
0.136926
0.179106
0.193629
0.166553
0.376751
0.466204
0.427825
0.399893
0.448138
0.396323
0.389265
0.351017
0.417023
0.270010
0.477480
0.403011
0.457688
0.335165
0.179568
0.178356
0.177054
0.120667
0.154273
0.114313
0.203419
0.213748
0.192196
0.181226
0.174274
0.142467
0.284852
0.412068
0.206830
0.155288
0.244802
0.241686
0.334349
0.360124
0.234514
0.216577
0.191249
0.303724
0.200389
0.333019
0.192110
0.108137
0.158315
0.132096
0.123533
0.144952
0.166564
0.237124
0.237080
0.274878
0.303661
0.196062
0.258496
0.230868
0.327183
0.226404
0.584454
0.323049
0.239457
0.264151
0.232757
0.251586
0.220740
0.354313
0.247844
0.164231
0.171999
0.159129
0.121603
0.220429
0.240716
0.225846
0.217190
0.373365
0.286824
0.252301
0.240819
0.374989
0.417578
0.478733
0.336342
0.577650
0.264597
0.302639
0.401539
0.332675
0.323290
0.236111
0.268745
0.199639
0.197781
0.201414
0.212115
0.237680
0.213859
0.224861
0.188514
0.364690
0.324338
0.433244
0.386605
0.261965
0.449396
0.404459
0.430174
0.443776
0.458069
0.228144
0.240498
0.297174
0.257291
0.181301
0.209087
0.153639
0.144192
0.171878
0.139917
0.249437
0.159285
0.285683
0.387172
0.244781
0.512827
0.400791
0.460010
0.348562
0.237319
0.435638
0.356078
0.192943
0.261936
0.183795
0.240816
0.250351
0.180210
0.188588
0.172894
0.155853
0.182245
0.127391
0.111634
0.128197
0.126959
0.143487
0.223645
0.399179
0.334844
0.275457
0.202300
0.287274
0.200341
0.335427
0.232627
0.368585
0.459710
0.691948
0.229744
0.269817
0.298542
0.160942
0.107045
0.192672
0.192887
0.142682
0.147109
0.139051
0.218640
0.276348
0.193608
0.178145
0.274588
0.147404
0.320458
0.504128
0.236925
0.206552
0.331061
0.421618
0.356093
0.680757
0.336155
0.311217
0.202439
0.168290
0.236673
0.172799
0.138244
0.154564
0.153708
0.224256
0.211435
0.289254
0.291688
0.413307
0.515818
0.270152
0.286815
0.539167
0.399890
0.609481
0.317264
0.426468
0.636209
0.306452
0.365485
0.347081
0.410297
0.488589
0.409722
0.265825
0.253347
0.232334
0.183514
0.261625
0.246124
0.196794
0.484697
0.210676
0.323065
0.397206
0.328440
0.430626
0.371356
0.510037
0.473175
0.408034
0.583922
0.567029
0.537005
0.400772
0.346161
0.210066
0.265186
0.284277
0.287072
0.167081
0.169475
0.160394
0.314401
0.277713
0.335047
0.313254
0.545351
0.599057
0.561222
0.463392
0.656242
0.553687
0.717332
0.804512
0.815301
0.569314
0.368486
0.583085
0.412979
0.308145
0.320149
0.266904
0.230126
0.239434
0.157309
0.275792
0.308658
0.278500
0.459350
0.507649
0.847086
0.506148
0.529534
0.699639
0.705902
0.903696
0.680003
1.000000
0.881203
0.759818
0.460482
0.480966
0.429332
0.461513
0.316248
0.297869
0.196540
0.213430
0.261942
0.170505
0.368089
0.242463
0.318382
0.298174
0.305289
0.390379
0.383965
0.455890
0.414939
0.441532
0.378294
0.714825
0.527373
0.607860
0.254054
0.281509
0.347746
0.374485
0.176543
0.166475
0.207094
0.264404
0.215917
0.227839
0.219017
0.400614
0.398167
0.312504
0.504947
0.572563
0.257169
0.390566
0.551684
0.623072
0.635570
0.575563
0.702277
0.353001
0.305692
0.366713
0.474885
0.339042
0.267603
0.250850
0.135213
0.150440
0.121269
0.129408
0.188959
0.162590
0.191607
0.278998
0.249696
0.448105
0.370179
0.611281
0.321883
0.495296
0.495448
0.572166
0.755208
0.640915
0.441659
0.668926
0.533219
0.487383
0.359179
0.305665
0.329344
0.317412
0.194644
0.296484
0.188058
0.281201
0.421819
0.310794
0.538882
0.548386
0.452983
0.338663
0.373891
0.426019
0.447827
0.421000
0.447406
0.410199
0.406162
0.336420
0.306410
0.293264
0.164097
0.223602
0.210367
0.219776
0.189282
0.242306
0.274218
0.295810
0.367275
0.445231
0.432307
0.546551
0.322586
0.337651
0.578917
0.546563
0.764329
0.646432
0.656627
0.692116
0.481408
0.422104
0.486657
0.216172
0.346835
0.347773
0.207793
0.220672
0.260200
0.186153
0.587780
0.427478
0.495147
0.616483
0.644848
0.551882
0.502688
0.553079
0.711885
0.534416
0.548982
0.631458
0.300968
0.513965
0.343937
0.326401
0.284289
0.203238
0.186965
0.268605
0.240125
0.178799
0.254899
0.200885
0.347950
0.361479
0.289166
0.389791
0.562284
0.335303
0.433528
0.598598
0.475171
0.707207
0.355870
0.596348
0.451943
0.292295
0.507522
0.298878
0.371860
0.209154
0.177788
0.243548
0.184485
0.169876
0.164017
0.179817
0.197912
0.174415
0.310900
0.254500
0.318484
0.350487
0.431987
0.320679
0.212165
0.358573
0.435759
0.363677
0.349069
0.434948
0.371025
0.245294
0.239112
0.318486
0.283103
0.208215
0.201478
0.141893
0.168358
0.250671
0.155600
0.279913
0.324806
0.391880
0.568748
0.381379
0.326525
0.372949
0.515138
0.296832
0.467966
0.440559
0.535659
0.322362
0.481019
0.449392
0.542888
0.403644
0.360409
0.180151
0.192782
0.277151
0.250976
0.232655
0.273999
0.281169
0.243984
0.286989
0.471904
0.369261
0.375648
0.394314
0.403290
0.545510
0.595520
0.530428
0.571270
0.705837
0.468258
0.585807
0.608909
0.387534
0.256972
0.213443
0.248884
0.153884
0.277353
0.224518
0.247188
0.423126
0.403114
0.405005
0.535891
0.276291
0.789023
0.387328
0.738393
0.748156
0.598826
0.741427
0.455756
0.432571
0.798789
0.544049
0.421681
0.411661
0.355018
0.240447
0.210815
0.321204
0.291324
0.242502
0.276536
0.430017
0.344998
0.447204
0.508089
0.462504
0.464459
0.504890
0.490824
0.729684
0.611374
0.469616
0.613423
0.527996
0.437756
0.536385
0.431196
0.430753
0.250759
0.329846
0.234617
0.279845
0.324401
0.341561
0.254628
0.532385
0.670152
0.530896
0.295182
0.385166
0.563309
0.784459
0.547915
0.467012
0.362368
0.455964
0.430475
0.741228
0.373817
0.358333
0.305213
0.318879
0.283886
0.222152
0.228141
0.295884
0.232866
0.162573
0.184785
0.276810
0.308212
0.379448
0.382979
0.323427
0.513120
0.495449
0.603529
0.838803
0.756227
0.658160
0.719585
0.651690
0.548524
0.489154
0.440215
0.356631
0.316053
0.324692
0.281557
0.325128
0.274764
0.287116
0.309824
0.289763
0.224580
0.356859
0.332105
0.378567
0.429934
0.326404
0.285510
0.385364
0.349595
0.485565
0.666467
0.668727
0.440312
0.299363
0.231527
0.377727
0.339804
0.231162
0.160545
0.242122
0.225935
0.198978
0.254870
0.468532
0.403316
0.376943
0.453446
0.343735
0.373035
0.559661
0.447256
0.508023
0.413368
0.549850
0.703381
0.537771
0.263810
0.283460
0.416953
0.206731
0.269126
0.215057
0.172753
0.219877
0.227651
0.216050
0.334922
0.380511
0.181581
0.347089
0.379424
0.462062
0.484452
0.633642
0.549472
0.492816
0.639063
0.593238
0.436878
0.480755
0.353315
0.241160
0.247603
0.223227
0.166564
0.247652
0.159100
0.196146
0.136573
0.277501
0.175132
0.334065
0.292698
0.471705
0.376065
0.383376
0.385153
0.447060
0.748723
0.860601
0.619823
0.898145
0.573680
0.596527
0.337537
0.694307
0.343375
0.274375
0.259944
0.262799
0.226219
0.240038
0.385865
0.415441
0.432899
0.203535
0.304588
0.311580
0.369621
0.389471
0.450055
0.580746
0.671774
0.454944
0.723126
0.515083
0.698343
0.534590
0.487786
0.507707
0.330054
0.302691
0.216259
0.326641
0.269830
0.261968
0.329808
0.391115
0.226396
0.338147
0.515989
0.303855
0.680053
0.369739
0.294879
0.443649
0.467205
0.436992
0.446310
0.503088
0.622267
0.315862
0.297917
0.420148
0.252769
0.212828
0.259306
0.179069
0.140824
0.162458
0.189577
0.276462
0.244665
0.338875
0.335515
0.430981
0.375996
0.268905
0.367567
0.416146
0.528708
0.415019
0.427144
0.554094
0.532223
0.533588
0.423532
0.397705
0.273107
0.321009
0.185680
0.217395
0.230088
0.189281
0.156628
0.275286
0.240524
0.362182
0.345619
0.235293
0.373063
0.391860
0.422224
0.585622
0.430097
0.335071
0.455867
0.666368
0.594376
0.369816
0.377906
0.385524
0.220037
0.203170
0.265330
0.157266
0.141746
0.120544
0.098193
0.165060
0.152354
0.208871
0.269607
0.299543
0.415557
0.505132
0.360839
0.356650
0.442174
0.320603
0.450443
0.391208
0.419681
0.324583
0.302715
0.233954
0.248920
0.172323
0.196548
0.204077
0.101315
0.095920
0.172105
0.183732
0.200088
0.218951
0.224122
0.219839
0.213073
0.412599
0.418930
0.382545
0.564414
0.395307
0.475561
0.478800
0.504338
0.493448
0.347511
0.362890
0.318784
0.261300
0.341833
0.206784
0.191142
0.162417
0.131518
0.185453
0.308514
0.327721
0.189592
0.177040
0.310021
0.346136
0.285695
0.537492
0.458644
0.382956
0.600272
0.386185
0.375903
0.504840
0.326074
0.509250
0.206275
0.352801
0.209591
0.212379
0.165178
0.179482
0.187015
0.231021
0.210322
0.167026
0.176165
0.248706
0.310907
0.271103
0.330695
0.400173
0.417621
0.386066
0.472305
0.470756
0.341444
0.460713
0.470547
0.388385
0.250238
0.206062
0.116346
0.211699
0.237823
0.184105
0.171354
0.237015
0.250780
0.317435
0.478563
0.367978
0.419485
0.401029
0.438801
0.582881
0.372945
0.357799
0.361470
0.352616
0.575969
0.345774
0.568184
0.266400
0.146468
0.151074
0.372860
0.239825
0.233207
0.223518
0.159246
0.378770
0.336932
0.251620
0.346826
0.203883
0.216881
0.307739
0.274509
0.228533
0.308391
0.314787
0.273325
0.249038
0.206769
0.146149
0.223639
0.148243
0.128866
0.167647
0.161634
0.175809
0.216139
0.135596
0.166614
0.196565
0.180242
0.128981
0.178056
0.256991
0.192742
0.159413
0.413403
0.454212
0.285097
0.337368
0.247185
0.419654
0.363992
0.230263
0.284727
0.119849
0.226061
0.168270
0.179868
0.183876
0.208127
0.118081
0.163519
0.144934
0.174369
0.154657
0.198178
0.308825
0.303141
0.315372
0.469627
0.222364
0.195881
0.183443
0.380381
0.208448
0.265709
0.198545
0.211384
0.178947
0.286579
0.372211
0.251017
0.214632
0.220611
0.196497
0.144428
0.174143
0.241211
0.248412
0.201395
0.302185
0.341279
0.273618
0.186819
0.244294
0.292527
0.187915
0.182032
0.304358
0.400813
0.402229
0.445156
0.292596
0.294105
0.274005
0.172836
0.212111
0.187007
0.199310
0.179995
0.174666
0.285500
0.271490
0.321946
0.355530
0.284122
0.386222
0.269764
0.170153
0.292814
0.600623
0.579459
0.505048
0.640292
0.538152
0.652443
0.627364
0.596776
0.337589
0.207039
0.154590
0.196843
0.181122
0.229188
0.415485
0.427423
0.223395
0.442780
0.288918
0.205013
0.222416
0.402830
0.252774
0.256234
0.408136
0.679597
0.381682
0.542995
0.641819
0.253586
0.604249
0.313964
0.229132
0.153065
0.111043
0.195819
0.225135
0.198684
0.159487
0.205498
0.412432
0.431387
0.384681
0.253694
0.265343
0.275768
0.248598
0.283262
0.292108
0.320376
0.244500
0.245116
0.290870
0.372207
0.388186
0.175746
0.150814
0.151143
0.147774
0.215625
0.177759
0.132388
0.184885
0.406391
0.248325
0.172655
0.315355
0.367994
0.284894
0.563808
0.480160
0.504461
0.397282
0.766433
0.435373
0.355656
0.352909
0.532473
0.231630
0.244329
0.207146
0.191796
0.150581
0.160601
0.197887
0.135861
0.251901
0.421049
0.230097
0.250936
0.228477
0.298554
0.358930
0.480884
0.329930
0.451537
0.384359
0.417984
0.421449
0.297065
0.400821
0.296842
0.162910
0.129880
0.167225
0.191123
0.135122
0.107157
0.148518
0.153210
0.155332
0.172569
0.352833
0.304741
0.326646
0.300309
0.575504
0.609418
0.337981
0.424241
0.451954
0.375805
0.431337
0.458027
0.413005
0.371504
0.242012
0.216726
0.389881
0.265245
0.437646
0.226503
0.170837
0.222137
0.189923
0.239671
0.505383
0.456593
0.471501
0.288053
0.391757
0.389369
0.340534
0.360768
0.322231
0.300778
0.300958
0.437892
0.327176
0.377421
0.300646
0.142775
0.171458
0.121625
0.158726
0.142358
0.166670
0.111734
0.191088
0.195094
0.242999
0.361319
0.175530
0.308789
0.366328
0.496473
0.554986
0.361236
0.463084
0.408119
0.446680
0.307752
0.459865
0.239512
0.303232
0.285355
0.215575
0.127518
0.170757
0.166278
0.188804
0.193547
0.118315
0.148934
0.419494
0.280663
0.239953
0.231138
0.283058
0.246482
0.208906
0.301889
0.377346
0.312110
0.370500
0.381547
0.363765
0.296089
0.412443
0.249889
0.168501
0.304802
0.223451
0.140722
0.121160
0.148682
0.220200
0.187535
0.202758
0.322689
0.248556
0.220135
0.197953
0.210940
0.240279
0.232831
0.483378
0.440444
0.504061
0.531809
0.352251
0.337672
0.382646
0.238148
0.263622
0.224084
0.179407
0.165350
0.109894
0.179716
0.202370
0.235004
0.242068
0.309072
0.512757
0.366691
0.463015
0.284743
0.244837
0.339174
0.229407
0.349053
0.309632
0.251927
0.404606
0.347084
0.238466
0.163459
0.147340
0.132002
0.176996
0.196368
0.111248
0.146002
0.238981
0.132172
0.194298
0.263569
0.160473
0.477956
0.518853
0.447706
0.425514
0.412724
0.388775
0.244032
0.199253
0.220533
0.153554
0.255212
0.230925
0.194182
0.165563
0.194119
0.213724
0.117862
0.147484
0.110108
0.155160
0.122870
0.177211
0.233680
0.256267
0.212420
0.261303
0.387900
0.481612
0.628983
0.526750
0.367591
0.321301
0.490341
0.423552
0.307346
0.224257
0.333616
0.193019
0.158668
0.268582
0.166598
0.151819
0.106389
0.217745
0.185445
0.290251
0.573777
0.496484
0.545358
0.329750
0.557702
0.478845
0.498342
0.561368
0.450493
0.758906
0.458070
0.278562
0.377107
0.413652
0.263477
0.267026
0.329904
0.289482
0.249801
0.167361
0.184317
0.243931
0.300477
0.270975
0.372887
0.412295
0.318928
0.304573
0.491068
0.347354
0.294489
0.401445
0.584541
0.478426
0.354859
0.276075
0.201174
0.342753
0.405553
0.217241
0.262784
0.274216
0.167439
0.186160
0.180210
0.352444
0.222182
0.288780
0.209774
0.272377
0.276383
0.344154
0.440507
0.242058
0.399470
0.289053
0.573919
0.436261
0.409892
0.239621
0.415344
0.307282
0.274196
0.200641
0.207501
0.119314
0.143630
0.130665
0.198335
0.196432
0.288205
0.327943
0.210541
0.258473
0.251088
0.128532
0.216253
0.271045
0.458791
0.653820
0.435554
0.362921
0.644813
0.317184
0.551762
0.374253
0.274699
0.164580
0.229899
0.183591
0.138981
0.197148
0.144919
0.221171
0.259393
0.277642
0.203284
0.217997
0.185094
0.279882
0.199367
0.312658
0.344408
0.349596
0.448573
0.451433
0.380152
0.270726
0.316252
0.467241
0.346693
0.167050
0.183563
0.152684
0.172177
0.186895
0.157368
0.277524
0.305536
0.128582
0.209284
0.201282
0.277962
0.187949
0.290434
0.289316
0.322325
0.448358
0.513065
0.489787
0.315520
0.310986
0.150827
0.206956
0.189720
0.231502
0.173111
0.188948
0.211107
0.169085
0.191755
0.169347
0.220925
0.243812
0.251787
0.414850
0.194946
0.478177
0.485203
0.487430
0.210434
0.256283
0.237747
0.225679
0.434788
0.320207
0.290550
0.305738
0.218052
0.169325
0.178264
0.258464
0.178892
0.173260
0.339785
0.264838
0.215306
0.163679
0.372864
0.365154
0.298246
0.244808
0.224350
0.292089
0.336831
0.616035
0.544073
0.241416
0.324015
0.435019
0.389017
0.289930
0.304994
0.201154
0.115678
0.205491
0.189379
0.177284
0.229109
0.153146
0.263365
0.163083
0.216610
0.168641
0.197098
0.177935
0.223576
0.239035
0.154041
0.185512
0.382986
0.381938
0.503762
0.397924
0.432960
0.300569
0.325192
0.191393
0.118652
0.111006
0.111338
0.116007
0.121034
0.269738
0.380487
0.159732
0.182191
0.165931
0.226041
0.343293
0.317781
0.339770
0.167505
0.192619
0.402683
0.424434
0.331599
0.332442
0.290974
0.221573
0.203615
0.195729
0.207356
0.148186
0.182276
0.188382
0.205500
0.260267
0.329501
0.150874
0.256065
0.222267
0.374788
0.225047
0.308891
0.173956
0.254480
0.227061
0.338809
0.267938
0.453676
0.380019
0.473754
0.269784
0.250878
0.216475
0.206174
0.139820
0.196920
0.106324
0.157824
0.231962
0.280033
0.292389
0.302399
0.355480
0.215786
0.241376
0.329759
0.341406
0.346171
0.336852
0.336995
0.341793
0.269619
0.356172
0.305979
0.333299
0.278608
0.142866
0.117647
0.115539
0.122653
0.110316
0.134803
0.309214
0.487632
0.271388
0.116150
0.121012
0.130660
0.079072
0.252759
0.272627
0.197886
0.245166
0.257350
0.303818
0.347710
0.192081
0.156031
0.167537
0.182974
0.200591
0.187390
0.117006
0.087885
0.087721
0.102918
0.107167
0.139045
0.128954
0.233147
0.183222
0.194000
0.308419
0.245152
0.303383
0.132872
0.158384
0.217352
0.187817
0.278520
0.151038
0.172325
0.106259
0.180303
0.113246
0.103587
0.159852
0.123454
0.083865
0.138265
0.139382
0.177238
0.106484
0.114620
0.174657
0.089099
0.207334
0.191063
0.134143
0.135908
0.206372
0.184178
0.285124
0.268106
0.255456
0.202547
0.147166
0.160422
0.157380
0.090747
0.126396
0.143403
0.136584
0.174453
0.144747
0.113398
0.104321
0.132816
0.168687
0.167821
0.154903
0.178737
0.116812
0.224376
0.256158
0.275392
0.145523
0.296611
0.295278
0.201321
0.142309
0.182651
0.189437
0.148014
0.098011
0.098489
0.110279
0.102004
0.182290
0.224151
0.170696
0.143596
0.163951
0.356688
0.282922
0.167378
0.130007
0.134676
0.136912
0.224551
0.144095
0.161260
0.208067
0.117421
0.287685
0.143753
0.099359
0.098649
0.105783
0.121424
0.152839
0.142525
0.307599
0.237276
0.198447
0.169703
0.231296
0.305398
0.230903
0.321177
0.209043
0.243482
0.210664
0.322560
0.358418
0.163659
0.147921
0.147330
0.103970
0.084362
0.124961
0.124995
0.100623
0.135918
0.119817
0.159635
0.174923
0.164446
0.096166
0.138325
0.128471
0.099065
0.131221
0.145966
0.114728
0.146447
0.268746
0.271750
0.484629
0.362442
0.208405
0.197217
0.210301
0.107966
0.127838
0.120527
0.088622
0.169094
0.144543
0.117347
0.260725
0.202606
0.156485
0.171867
0.117804
0.224608
0.142313
0.262242
0.399420
0.198395
0.379554
0.209772
0.178341
0.311461
0.376461
0.194589
0.187643
0.216665
0.125813
0.155355
0.125911
0.151208
0.131300
0.128102
0.087002
0.221262
0.229420
0.161752
0.191885
0.174463
0.325036
0.278504
0.169631
0.274716
0.234969
0.219383
0.187489
0.270286
0.286498
0.301444
0.188741
0.190431
0.212048
0.228883
0.100298
0.148152
0.146997
0.137385
0.113491
0.200298
0.152914
0.209588
0.241244
0.347951
0.345466
0.392458
0.344616
0.270103
0.328528
0.440917
0.448808
0.555886
0.697261
0.436298
0.350206
0.228047
0.187960
0.148072
0.142554
0.184560
0.158056
0.180236
0.155158
0.416684
0.146596
0.152298
0.227341
0.216881
0.236975
0.309078
0.169705
0.290545
0.423539
0.340406
0.417467
0.678067
0.278171
0.311012
0.355173
0.253411
0.155759
0.118617
0.188621
0.252163
0.132496
0.124810
0.224324
0.269648
0.211216
0.209276
0.249678
0.160455
0.279808
0.265252
0.210119
0.389522
0.327973
0.564243
0.502608
0.543480
0.394904
0.401595
0.198433
0.269405
0.185620
0.221209
0.171436
0.177746
0.193168
0.160636
0.255832
0.318242
0.320476
0.277530
0.321123
0.178397
0.223694
0.257656
0.325941
0.411347
0.426209
0.386352
0.277578
0.351488
0.581312
0.441379
0.667070
0.264551
0.240589
0.144552
0.223296
0.202648
0.113583
0.174506
0.294663
0.218188
0.272078
0.179845
0.161192
0.208315
0.174303
0.259487
0.256682
0.370032
0.306846
0.543255
0.472964
0.536970
0.382243
0.517980
0.438383
0.256204
0.192133
0.176107
0.173986
0.187987
0.218571
0.183543
0.234271
0.375669
0.143132
0.156732
0.176424
0.224820
0.222031
0.208237
0.313145
0.382220
0.315286
0.502013
0.374684
0.317465
0.212047
0.363871
0.301278
0.356927
0.219157
0.223590
0.234539
0.188932
0.218538
0.202453
0.194420
0.182929
0.352592
0.384705
0.252573
0.216378
0.299836
0.367012
0.253540
0.339901
0.494160
0.200569
0.226232
0.188723
0.479567
0.263509
0.228026
0.171000
0.149236
0.093446
0.151087
0.136304
0.087238
0.106271
0.145263
0.185435
0.252825
0.217948
0.296260
0.237063
0.189770
0.219062
0.341084
0.185657
0.188730
0.205198
0.308808
0.294606
0.188219
0.164817
0.167601
0.162728
0.099358
0.116613
0.130321
0.090321
0.090883
0.163087
0.130841
0.275446
0.363129
0.173879
0.213997
0.247373
0.140264
0.192140
0.143957
0.242298
0.145740
0.235648
0.219708
0.203264
0.246930
0.262476
0.146844
0.182745
0.100493
0.109970
0.145401
0.148186
0.105372
0.094056
0.262794
0.170863
0.226060
0.176700
0.195844
0.266315
0.539198
0.360930
0.356441
0.338640
0.380480
0.282623
0.439178
0.371318
0.404786
0.318689
0.459720
0.296285
0.197443
0.145727
0.219803
0.210430
0.238948
0.119082
0.212165
0.194130
0.307501
0.201232
0.135407
0.144098
0.183314
0.124215
0.305531
0.273555
0.209900
0.279531
0.300963
0.391023
0.201231
0.454649
0.356001
0.243605
0.184968
0.124957
0.162460
0.138237
0.086950
0.107115
0.145347
0.225812
0.198065
0.143045
0.243237
0.134706
0.184198
0.169047
0.205261
0.265080
0.276512
0.393309
0.378498
0.446338
0.310631
0.455051
0.301200
0.194788
0.233183
0.213685
0.140066
0.222306
0.117705
0.187962
0.137210
0.503577
0.275991
0.234367
0.279113
0.405730
0.470586
0.387316
0.388519
0.462464
0.494947
0.565823
0.465624
0.534339
0.331155
0.344248
0.397128
0.353905
0.380685
0.180740
0.228788
0.230910
0.247924
0.137147
0.224950
0.297222
0.218903
0.208330
0.228668
0.295588
0.291860
0.420160
0.373932
0.377172
0.403524
0.361013
0.320135
0.488708
0.312103
0.343870
0.359222
0.335111
0.134874
0.251257
0.164235
0.136091
0.191222
0.123182
0.110226
0.152386
0.220688
0.313848
0.461649
0.277061
0.734171
0.328532
0.510114
0.310653
0.328116
0.292771
0.526327
0.563547
0.378252
0.336609
0.322064
0.245154
0.218065
0.202379
0.231243
0.154828
0.184489
0.171018
0.144944
0.217037
0.173214
0.180135
0.164670
0.414272
0.288979
0.213245
0.153897
0.236407
0.374017
0.423250
0.296612
0.219757
0.344346
0.471420
0.323429
0.210408
0.142571
0.178914
0.155055
0.182297
0.099711
0.140500
0.207582
0.324249
0.175702
0.278001
0.204899
0.256624
0.215373
0.194151
0.107267
0.126736
0.182612
0.250269
0.272353
0.223180
0.192157
0.327732
0.236706
0.205827
0.180173
0.124519
0.154313
0.103473
0.127623
0.117045
0.177441
0.261287
0.196663
0.187427
0.205068
0.094693
0.103490
0.102868
0.185298
0.180071
0.262859
0.223781
0.217705
0.196457
0.310575
0.278131
0.289432
0.192039
0.103806
0.116988
0.098970
0.100216
0.113473
0.136902
0.331942
0.156130
0.254979
0.114216
0.192706
0.127780
0.122886
0.170451
0.110326
0.252033
0.193580
0.147873
0.163290
0.208127
0.160131
0.239439
0.197522
0.295467
0.137635
0.153406
0.131711
0.146707
0.112377
0.139691
0.208974
0.227029
0.141512
0.158857
0.134268
0.089212
0.121964
0.171144
0.169007
0.196315
0.188019
0.180032
0.153988
0.107400
0.276331
0.298706
0.244183
0.207995
0.192491
0.119596
0.141329
0.150031
0.116618
0.099890
0.169211
0.281228
0.322627
0.308526
0.400153
0.334890
0.278099
0.177377
0.192625
0.180374
0.120159
0.195935
0.228003
0.243335
0.185032
0.226958
0.178346
0.212042
0.125960
0.128022
0.155813
0.098399
0.146826
0.112479
0.116439
0.115111
0.179799
0.229092
0.169893
0.316424
0.299724
0.369911
0.271270
0.202117
0.272749
0.348156
0.307635
0.292032
0.368533
0.245689
0.198033
0.105302
0.131571
0.117836
0.087698
0.106829
0.139015
0.177878
0.231069
0.169912
0.295916
0.147385
0.158566
0.151057
0.143169
0.161012
0.180985
0.394776
0.416954
0.321675
0.229449
0.284333
0.260433
0.283667
0.308150
0.246308
0.185601
0.135575
0.168695
0.198619
0.137558
0.136095
0.246312
0.276570
0.368638
0.121765
0.231191
0.184211
0.324720
0.172022
0.165794
0.263188
0.328849
0.355671
0.328875
0.274579
0.314509
0.231592
0.194694
0.133115
0.156974
0.181566
0.163356
0.127244
0.119269
0.173321
0.247898
0.244508
0.202791
0.246375
0.119182
0.236731
0.258364
0.164806
0.298290
0.203999
0.251377
0.175661
0.244033
0.156305
0.121801
0.268489
0.223074
0.143113
0.159359
0.134992
0.177546
0.128403
0.131128
0.145325
0.210052
0.341386
0.149260
0.155386
0.261063
0.172159
0.266965
0.157661
0.096302
0.179849
0.288296
0.322315
0.218768
0.229630
0.173815
0.320873
0.177916
0.159972
0.123151
0.156327
0.106484
0.123919
0.102225
0.140580
0.142907
0.180446
0.249559
0.181369
0.242435
0.177354
0.129878
0.215484
0.181564
0.296588
0.178438
0.294865
0.325022
0.176764
0.233779
0.253897
0.316688
0.219349
0.232734
0.173197
0.125617
0.165109
0.203222
0.157141
0.172480
0.166368
0.448900
0.152905
0.298374
0.238489
0.477446
0.285549
0.195257
0.237410
0.402324
0.367643
0.150528
0.193139
0.287949
0.273126
0.373484
0.246734
0.118782
0.143095
0.149540
0.186441
0.210841
0.124919
0.189833
0.125520
0.250021
0.259395
0.390278
0.420158
0.469560
0.309063
0.190295
0.265714
0.216017
0.221043
0.293260
0.343223
0.335872
0.220161
0.228414
0.117284
0.124921
0.207592
0.110740
0.132666
0.177194
0.111005
0.200080
0.217497
0.155506
0.187821
0.199659
0.170368
0.268110
0.320772
0.236665
0.214959
0.123485
0.199761
0.503137
0.244319
0.293242
0.260547
0.207022
0.186705
0.193178
0.161695
0.156413
0.107818
0.126047
0.206462
0.219335
0.182639
0.247079
0.179982
0.232201
0.230372
0.180899
0.302833
0.210137
0.197941
0.238938
0.363091
0.346572
0.286488
0.368237
0.399521
0.227261
0.201398
0.164151
0.149475
0.162586
0.143824
0.104961
0.166536
0.142624
0.345303
0.323389
0.270872
0.248591
0.212659
0.290646
0.239205
0.267812
0.187085
0.254475
0.255977
0.312996
0.298025
0.239926
0.230424
0.137040
0.170210
0.138132
0.177101
0.175446
0.102714
0.158008
0.147709
0.188963
0.252063
0.206837
0.131811
0.184843
0.106506
0.135645
0.147539
0.230886
0.156465
0.117467
0.198555
0.132008
0.252792
0.245444
0.191722
0.272504
0.167868
0.150291
0.112113
0.145780
0.114730
0.146434
0.153485
0.152425
0.234310
0.128717
0.098936
0.208983
0.273673
0.124915
0.104595
0.173842
0.206322
0.156117
0.182182
0.216287
0.241175
0.345028
0.399920
0.180225
0.269510
0.138679
0.092305
0.091445
0.083173
0.113858
0.143595
0.126103
0.142997
0.216652
0.249963
0.287370
0.283662
0.238436
0.114396
0.123890
0.125503
0.301636
0.321316
0.349122
0.209569
0.181943
0.237973
0.185387
0.182375
0.169477
0.112313
0.115277
0.128028
0.150924
0.181719
0.157041
0.154010
0.171122
0.309698
0.194557
0.086744
0.209111
0.262336
0.226963
0.161768
0.290983
0.155664
0.445192
0.318814
0.244465
0.293406
0.192799
0.134856
0.110552
0.127093
0.138141
0.100836
0.107847
0.128813
0.212389
0.323031
0.164998
0.115140
0.126858
0.128313
0.115398
0.154798
0.142688
0.240833
0.270641
0.165107
0.263827
0.324011
0.373341
0.271927
0.192817
0.161204
0.149518
0.095354
0.104602
0.103726
0.145289
0.138009
0.169068
0.188716
0.187457
0.182566
0.169578
0.240970
0.094873
0.150780
0.105036
0.151901
0.167996
0.214701
0.220772
0.193709
0.216591
0.246570
0.245858
0.144567
0.173205
0.139146
0.121138
0.103898
0.163421
0.112599
0.276842
0.207565
0.174192
0.176720
0.119120
0.242478
0.225052
0.119314
0.106577
0.098131
0.138911
0.252130
0.411706
0.178300
0.200444
0.326957
0.199164
0.124715
0.102236
0.124826
0.087924
0.118968
0.133824
0.147687
0.329460
0.199223
0.197535
0.158338
0.168929
0.147982
0.117707
0.215973
0.183970
0.115878
0.177674
0.153081
0.288587
0.280528
0.317737
0.236774
0.234128
0.157946
0.167866
0.098585
0.089193
0.144444
0.134573
0.115944
0.226802
0.283701
0.148422
0.082803
0.158218
0.084239
0.066099
0.128968
0.124629
0.121471
0.166357
0.294789
0.213971
0.240406
0.203593
0.137357
0.186976
0.142848
0.148341
0.085894
0.107834
0.073476
0.165795
0.151493
0.100838
0.115618
0.287310
0.420188
0.223868
0.279000
0.158271
0.203743
0.216056
0.288220
0.215268
0.192684
0.179641
0.327575
0.145010
0.153371
0.184692
0.160801
0.127202
0.074161
0.138442
0.085923
0.086762
0.077974
0.135329
0.261191
0.219956
0.333027
0.175095
0.200932
0.241858
0.301419
0.102593
0.110806
0.109910
0.246871
0.312135
0.230965
0.130428
0.182812
0.159680
0.159445
0.106596
0.151663
0.114058
0.169254
0.101224
0.169663
0.127829
0.227575
0.132640
0.161141
0.132054
0.105311
0.181646
0.199408
0.211817
0.139418
0.166333
0.257582
0.272427
0.232383
0.247261
0.264164
0.228868
0.194446
0.130150
0.213974
0.138034
0.133844
0.118091
0.173705
0.122296
0.320088
0.318202
0.242653
0.194077
0.167708
0.141151
0.102325
0.165913
0.130770
0.117588
0.225426
0.187463
0.288553
0.244889
0.311644
0.259098
0.161010
0.191931
0.119344
0.144890
0.115758
0.131434
0.191416
0.264963
0.324724
0.218081
0.296465
0.192870
0.290344
0.202831
0.101951
0.139065
0.208251
0.086804
0.207040
0.188757
0.350713
0.210279
0.186878
0.253471
0.105338
0.121697
0.136970
0.091275
0.122599
0.090030
0.103512
0.149983
0.171606
0.170684
0.119343
0.089601
0.254941
0.252685
0.190429
0.238021
0.091192
0.242651
0.288961
0.360062
0.364183
0.226461
0.219658
0.183107
0.116979
0.118379
0.159191
0.139371
0.138336
0.112916
0.118690
0.168095
0.355697
0.238350
0.209272
0.406742
0.357011
0.159350
0.254320
0.202334
0.126846
0.184980
0.163281
0.290944
0.226526
0.226529
0.208694
0.193792
0.152043
0.110542
0.157239
0.107262
0.097283
0.110711
0.136744
0.199689
0.186923
0.255669
0.318875
0.182513
0.244993
0.140927
0.143824
0.144909
0.140473
0.317164
0.255976
0.166009
0.190525
0.122071
0.250402
0.333590
0.482482
0.228888
0.163708
0.139618
0.155714
0.142098
0.102095
0.136333
0.174425
0.186770
0.258924
0.365402
0.455217
0.490583
0.465845
0.216561
0.274940
0.291283
0.259837
0.219512
0.413420
0.269600
0.279837
0.366280
0.131382
0.146402
0.155411
0.126954
0.162642
0.123541
0.155949
0.128547
0.209054
0.203248
0.107431
0.086150
0.259264
0.160379
0.265465
0.189920
0.256486
0.254140
0.255663
0.320485
0.266570
0.177265
0.278194
0.274528
0.140675
0.214593
0.123457
0.194363
0.131978
0.148073
0.138999
0.174932
0.406992
0.214192
0.171697
0.143943
0.126467
0.130288
0.187501
0.197145
0.125389
0.311566
0.301280
0.188040
0.322544
0.199606
0.273130
0.310532
0.216095
0.176479
0.117989
0.170828
0.178618
0.126393
0.126862
0.189501
0.332718
0.272096
0.282168
0.161445
0.153201
0.239442
0.145806
0.136324
0.174581
0.227869
0.206460
0.247467
0.206308
0.186109
0.246583
0.276612
0.110038
0.153158
0.129059
0.085720
0.151611
0.121425
0.122478
0.245626
0.203129
0.241103
0.252696
0.349136
0.268125
0.200564
0.212707
0.245253
0.168194
0.203923
0.248469
0.194240
0.370910
0.561856
0.180283
0.326199
0.350099
0.092828
0.116584
0.085866
0.103664
0.077247
0.099989
0.264843
0.248238
0.206943
0.172774
0.155007
0.136915
0.135663
0.254390
0.181073
0.230278
0.289355
0.343216
0.234810
0.249765
0.237550
0.229400
0.241177
0.108085
0.119094
0.121558
0.157645
0.154376
0.117033
0.146291
0.167572
0.167350
0.257843
0.201598
0.495473
0.469671
0.408101
0.349581
0.194846
0.214170
0.167403
0.171195
0.264273
0.446742
0.221314
0.285403
0.235326
0.130030
0.181157
0.131755
0.141478
0.102437
0.109736
0.121185
0.109351
0.124772
0.214512
0.309263
0.229753
0.221375
0.141324
0.239951
0.178169
0.143687
0.250950
0.239049
0.410099
0.380216
0.237506
0.426342
0.135820
0.256535
0.136379
0.201068
0.212719
0.142789
0.156471
0.146399
0.140398
0.200983
0.243344
0.201794
0.196047
0.144414
0.108606
0.140869
0.111196
0.156742
0.154485
0.264271
0.282738
0.245284
0.180713
0.237315
0.335741
0.172060
0.166008
0.133956
0.124667
0.085635
0.161523
0.107543
0.179923
0.137448
0.252643
0.249030
0.142634
0.162062
0.142325
0.307737
0.148035
0.160757
0.132173
0.123596
0.223722
0.139872
0.306663
0.290902
0.140266
0.156727
0.193809
0.150717
0.144032
0.145024
0.120308
0.076129
0.162472
0.151401
0.192795
0.241497
0.276976
0.306637
0.230734
0.163940
0.214878
0.159482
0.163256
0.162307
0.218124
0.147964
0.141212
0.126925
0.117374
0.198364
0.176131
0.107448
0.086469
0.107062
0.088594
0.131265
0.180429
0.170946
0.248508
0.182969
0.093166
0.111678
0.156958
0.091033
0.125801
0.178926
0.110326
0.163255
0.238509
0.254750
0.180486
0.200305
0.288581
0.171290
0.118300
0.149586
0.136209
0.097045
0.166674
0.151861
0.147569
0.166586
0.220790
0.361571
0.411677
0.156924
0.243509
0.186057
0.180921
0.172352
0.212303
0.214419
0.345820
0.177194
0.218954
0.249651
0.127914
0.149018
0.120407
0.133169
0.178501
0.089174
0.117596
0.154138
0.145251
0.185767
0.138334
0.301357
0.304454
0.349861
0.319999
0.265487
0.316905
0.395322
0.375303
0.287243
0.230391
0.208908
0.239970
0.391338
0.238100
0.304254
0.133371
0.174569
0.155692
0.144710
0.078257
0.160546
0.269191
0.149423
0.152834
0.300555
0.145012
0.242150
0.148354
0.206103
0.160866
0.156246
0.240089
0.192607
0.110928
0.316330
0.235835
0.182830
0.290831
0.236445
0.169897
0.105668
0.155663
0.128994
0.132354
0.149514
0.110811
0.127223
0.239744
0.197297
0.116551
0.166571
0.074145
0.128116
0.154091
0.169766
0.210141
0.332560
0.288816
0.427636
0.338394
0.331275
0.198093
0.281012
0.155502
0.100127
0.157587
0.088701
0.112158
0.146932
0.140335
0.165306
0.269527
0.281922
0.183200
0.176050
0.216463
0.140597
0.188934
0.129199
0.120439
0.234926
0.209364
0.209391
0.221006
0.202860
0.206067
0.151208
0.106113
0.149076
0.162305
0.110681
0.084156
0.131294
0.154157
0.295254
0.209607
0.235895
0.259167
0.184573
0.198220
0.172329
0.212535
0.188109
0.216779
0.416837
0.308081
0.324728
0.287581
0.353629
0.294105
0.176606
0.130457
0.139437
0.137939
0.143793
0.147459
0.291149
0.188061
0.205903
0.289570
0.298666
0.293254
0.161887
0.150018
0.159757
0.155409
0.125286
0.176390
0.177990
0.192614
0.311219
0.288097
0.132768
0.311854
0.151439
0.134633
0.160538
0.133745
0.075931
0.136396
0.137614
0.135527
0.159957
0.213296
0.304470
0.113474
0.102179
0.119345
0.161987
0.078653
0.160346
0.129085
0.209884
0.117450
0.156379
0.152372
0.323879
0.232369
0.203244
0.161645
0.132659
0.164276
0.090676
0.122457
0.175660
0.103645
0.169649
0.288278
0.450484
0.414016
0.714255
0.354714
0.462399
0.412637
0.173871
0.245932
0.224036
0.243390
0.175392
0.336329
0.414992
0.351196
0.171699
0.190097
0.175335
0.104292
0.096308
0.081660
0.141282
0.120537
0.189120
0.234640
0.298791
0.378500
0.551540
0.349137
0.476369
0.279130
0.229120
0.273943
0.266299
0.176373
0.193467
0.397154
0.349549
0.306167
0.313258
0.186910
0.132196
0.138712
0.085563
0.155217
0.110696
0.169320
0.187708
0.167473
0.128966
0.189590
0.172889
0.232582
0.166797
0.221291
0.154076
0.189496
0.198689
0.202983
0.201388
0.210370
0.338724
0.204011
0.225629
0.129851
0.160915
0.124616
0.159154
0.182378
0.193583
0.120677
0.151004
0.271049
0.170768
0.128804
0.126691
0.251482
0.110358
0.157243
0.181949
0.359715
0.364863
0.386787
0.286001
0.257704
0.158992
0.220298
0.248671
0.122116
0.151021
0.153562
0.104610
0.142682
0.182221
0.109404
0.190387
0.146562
0.283368
0.356629
0.365134
0.285437
0.171884
0.151848
0.155021
0.225527
0.287769
0.342434
0.335985
0.176050
0.198932
0.212076
0.243000
0.277876
0.141294
0.171395
0.131985
0.121249
0.153181
0.154574
0.214804
0.210175
0.410881
0.551958
0.226977
0.125435
0.238450
0.256032
0.157218
0.099341
0.151875
0.122523
0.096087
0.179848
0.142663
0.181545
0.105449
0.126372
0.146739
0.117297
0.113304
0.123549
0.073106
0.118421
0.190127
0.200998
0.161496
0.329048
0.335130
0.131322
0.176265
0.190983
0.096214
0.251713
0.158176
0.161788
0.302526
0.307435
0.205496
0.285529
0.157733
0.149871
0.158471
0.165575
0.133045
0.142220
0.173461
0.193187
0.111964
0.278222
0.337215
0.355804
0.310246
0.268852
0.345927
0.148801
0.171952
0.252451
0.314237
0.206378
0.284322
0.255262
0.237486
0.145472
0.121755
0.165771
0.151364
0.130069
0.089583
0.145709
0.145324
0.173263
0.177028
0.158023
0.235309
0.211651
0.292732
0.148733
0.230964
0.230984
0.150911
0.092163
0.192504
0.197999
0.210454
0.244782
0.356321
0.146074
0.291713
0.190353
0.122259
0.116298
0.177590
0.168589
0.130309
0.152414
0.190276
0.201528
0.269255
0.159126
0.207886
0.149085
0.120066
0.219027
0.141917
0.277169
0.507256
0.372506
0.212649
0.261474
0.165402
0.193559
0.183940
0.126218
0.144934
0.135344
0.156630
0.081763
0.124191
0.126773
0.193651
0.257294
0.255322
0.173537
0.174773
0.138642
0.301726
0.327592
0.133021
0.162042
0.173384
0.223086
0.461966
0.345836
0.123349
0.273734
0.205751
0.174976
0.132994
0.144546
0.115806
0.094188
0.116315
0.189667
0.148711
0.351047
0.237221
0.159650
0.139568
0.070623
0.098346
0.126710
0.274778
0.171948
0.207470
0.293189
0.396330
0.473120
0.312342
0.309874
0.191039
0.206375
0.138440
0.091551
0.128251
0.142835
0.218239
0.181936
0.241367
0.390644
0.273245
0.240550
0.156607
0.194043
0.117400
0.254383
0.167722
0.141771
0.254748
0.339535
0.342339
0.218519
0.178622
0.248604
0.249898
0.122965
0.122131
0.124706
0.124985
0.096578
0.113211
0.179523
0.250179
0.471837
0.212718
0.171419
0.191799
0.141378
0.103280
0.114600
0.193410
0.187754
0.219295
0.147823
0.337547
0.216096
0.389806
0.258323
0.185068
0.152998
0.129016
0.145470
0.135132
0.112922
0.144985
0.100401
0.113699
0.203103
0.263153
0.531309
0.480484
0.317206
0.420650
0.222977
0.184318
0.190544
0.169465
0.208110
0.128917
0.273618
0.132311
0.229381
0.226104
0.137755
0.138034
0.148442
0.149215
0.083437
0.139501
0.134744
0.205447
0.272789
0.249661
0.392556
0.301648
0.381741
0.193082
0.139961
0.213080
0.131239
0.173615
0.278833
0.232792
0.332528
0.188073
0.324218
0.189700
0.132833
0.172806
0.081058
0.136347
0.119347
0.176301
0.145979
0.171682
0.263976
0.129207
0.120628
0.241774
0.147775
0.178919
0.165422
0.231231
0.180745
0.280185
0.366436
0.354530
0.296323
0.387750
0.366280
0.303379
0.105887
0.134863
0.186397
0.105014
0.157672
0.172302
0.258631
0.215372
0.224530
0.212426
0.127419
0.132093
0.126445
0.294078
0.186791
0.269154
0.225334
0.359826
0.416408
0.433718
0.256765
0.256941
0.163163
0.299788
0.153974
0.161028
0.142637
0.149692
0.137416
0.151531
0.217745
0.283106
0.263097
0.358598
0.229593
0.333755
0.244657
0.164500
0.091744
0.131644
0.222637
0.240825
0.347291
0.409700
0.236389
0.361367
0.337217
0.355405
0.215284
0.180855
0.145141
0.105563
0.164048
0.133522
0.196190
0.248810
0.347032
0.218721
0.209299
0.210619
0.154692
0.154805
0.149256
0.119254
0.203684
0.308902
0.299075
0.285077
0.254080
0.363747
0.500798
0.237041
0.245953
0.185930
0.168066
0.115871
0.136490
0.144853
0.181149
0.317674
0.382082
0.163897
0.158612
0.119112
0.100208
0.123849
0.094419
0.193418
0.137297
0.169112
0.150648
0.179718
0.136854
0.130731
0.187429
0.201402
0.123896
0.091259
0.095210
0.131208
0.111673
0.155893
0.107802
0.147289
0.229183
0.193118
0.358397
0.313462
0.312932
0.193666
0.353156
0.247164
0.181262
0.267481
0.251305
0.283651
0.457083
0.463559
0.295577
0.325290
0.189532
0.222172
0.150202
0.142545
0.150588
0.167769
0.193726
0.128907
0.194731
0.378669
0.239323
0.534300
0.328070
0.245461
0.410104
0.399685
0.187877
0.246659
0.190517
0.198233
0.299169
0.336835
0.489536
0.335904
0.133261
0.165974
0.138797
0.095803
0.145661
0.131720
0.143398
0.127705
0.210878
0.263740
0.216666
0.150680
0.232964
0.233478
0.249264
0.231343
0.344837
0.345424
0.241812
0.343511
0.274162
0.356234
0.304412
0.227662
0.189591
0.145915
0.154746
0.107302
0.093490
0.192341
0.219227
0.185092
0.346252
0.191417
0.193694
0.208034
0.116362
0.152166
0.173409
0.201073
0.207498
0.259059
0.287559
0.316817
0.390890
0.167080
0.132493
0.202873
0.154007
0.103591
0.098570
0.080902
0.136994
0.118706
0.112959
0.183514
0.228004
0.242804
0.261936
0.291379
0.195027
0.206853
0.172983
0.135353
0.237334
0.177981
0.245453
0.379301
0.287039
0.344763
0.211825
0.196925
0.141948
0.202600
0.122387
0.154124
0.147408
0.214009
0.167638
0.242157
0.259064
0.228565
0.239305
0.169136
0.184725
0.291051
0.344637
0.228418
0.206837
0.186710
0.363498
0.254727
0.346945
0.248456
0.299059
0.184100
0.184144
0.095279
0.146738
0.103015
0.137990
0.203897
0.175162
0.209296
0.285842
0.242903
0.116998
0.176344
0.153035
0.185398
0.129798
0.180697
0.160781
0.209074
0.225922
0.195474
0.317530
0.250983
0.291160
0.200136
0.209149
0.153665
0.150917
0.114998
0.131912
0.133939
0.142591
0.187681
0.152875
0.502452
0.370959
0.286412
0.273842
0.218819
0.325746
0.239488
0.347385
0.486247
0.260034
0.252449
0.194740
0.248623
0.197051
0.191798
0.163898
0.153344
0.128533
0.149068
0.148942
0.104929
0.113970
0.157788
0.326121
0.163695
0.186226
0.310463
0.417302
0.265696
0.407945
0.443710
0.461293
0.201130
0.258909
0.193325
0.522161
0.226481
0.182896
0.265691
0.146102
0.151584
0.082763
0.159586
0.134124
0.174731
0.142813
0.179399
0.289882
0.227995
0.137203
0.132176
0.171991
0.178111
0.279537
0.178656
0.279985
0.329543
0.376698
0.230433
0.261821
0.283172
0.258054
0.264910
0.168466
0.161642
0.139491
0.143822
0.147527
0.148817
0.109139
0.189440
0.269256
0.143965
0.247764
0.408191
0.370061
0.352328
0.209299
0.249436
0.261806
0.326838
0.538079
0.274726
0.207253
0.192283
0.374708
0.429379
0.145307
0.203590
0.244611
0.184546
0.138525
0.150757
0.135190
0.221607
0.410470
0.337045
0.358511
0.240461
0.283367
0.111480
0.189949
0.347254
0.381783
0.422846
0.340290
0.306108
0.229691
0.471490
0.237057
0.324113
0.137882
0.144289
0.140962
0.130028
0.100545
0.111830
0.135599
0.216314
0.216143
0.249925
0.177033
0.159630
0.219149
0.278315
0.308284
0.259388
0.388866
0.392415
0.201784
0.237409
0.210924
0.185561
0.236812
0.417161
0.192490
0.170615
0.106075
0.124232
0.180393
0.110159
0.117183
0.179319
0.405164
0.326249
0.256045
0.302731
0.481717
0.304775
0.815478
0.368869
0.211413
0.247260
0.240353
0.197799
0.197734
0.234040
0.164059
0.158102
0.147907
0.175244
0.100745
0.095111
0.106762
0.098559
0.116285
0.201789
0.211701
0.299735
0.288525
0.201347
0.205599
0.126209
0.190455
0.117816
0.141654
0.155882
0.242102
0.184376
0.418789
0.284132
0.205406
0.177208
0.185270
0.117642
0.148876
0.084071
0.144025
0.159976
0.178911
0.175359
0.213154
0.251210
0.240834
0.264170
0.095247
0.164111
0.131583
0.267510
0.211681
0.169243
0.170478
0.271101
0.267143
0.349232
0.351896
0.319186
0.270455
0.155607
0.139570
0.104096
0.130796
0.205830
0.201060
0.214903
0.223990
0.226950
0.274963
0.169939
0.260402
0.225994
0.215733
0.196880
0.178910
0.220415
0.242716
0.209611
0.224545
0.289176
0.213769
0.172077
0.143977
0.218342
0.185297
0.166910
0.144807
0.184173
0.212795
0.255122
0.188619
0.195991
0.201216
0.247494
0.282945
0.494234
0.437802
0.346365
0.366499
0.146249
0.199206
0.241654
0.270143
0.269331
0.298504
0.314260
0.338771
0.144996
0.256423
0.204228
0.159118
0.219617
0.168537
0.257417
0.223891
0.195797
0.380772
0.378315
0.272581
0.258964
0.279390
0.290845
0.356154
0.380179
0.488023
0.534090
0.439876
0.406440
0.307536
0.258209
0.197010
0.191498
0.146733
0.151048
0.181629
0.249548
0.179980
0.255223
0.219274
0.215417
0.231998
0.374130
0.430571
0.387628
0.411986
0.468643
0.402733
0.433449
0.284905
0.241394
0.312834
0.442671
0.339234
0.301632
0.257832
0.167252
0.380558
0.174591
0.157850
0.275996
0.259729
0.240224
0.265296
0.433846
0.312357
0.294905
0.236605
0.296125
0.267507
0.389383
0.374997
0.381485
0.434651
0.350349
0.441225
0.286214
0.374261
0.252287
0.241329
0.215826
0.204056
0.168834
0.233386
0.164703
0.201463
0.284885
0.362370
0.311835
0.461371
0.390353
0.441303
0.398132
0.309409
0.350909
0.461343
0.353181
0.509113
0.247119
0.410860
0.367090
0.301010
0.194838
0.189575
0.125647
0.223873
0.194111
0.139017
0.114489
0.224665
0.199191
0.232025
0.259481
0.495673
0.387200
0.393906
0.226211
0.269942
0.431195
0.242505
0.317524
0.251273
0.540930
0.339520
0.267065
0.289094
0.379772
0.268610
