0.216696
0.128907
0.133592
0.148223
0.122488
0.123124
0.179452
0.191424
0.206865
0.149091
0.193795
0.200272
0.257236
0.207559
0.258393
0.180204
0.181187
0.180204
0.194893
0.178469
0.157708
0.209351
0.160946
0.254518
0.138103
0.125611
0.122951
0.152676
0.115953
0.121331
0.148223
0.183154
0.165515
0.183558
0.282393
0.345603
0.520718
0.199173
0.400139
0.198074
0.271232
0.210682
0.477402
0.282046
0.204089
0.205708
0.205824
0.160541
0.171240
0.129543
0.104618
0.100685
0.124512
0.139201
0.322528
0.278345
0.317208
0.179915
0.155105
0.128734
0.148512
0.150305
0.153891
0.125900
0.187780
0.225255
0.268513
0.324957
0.290894
0.279733
0.200040
0.230287
0.157071
0.142960
0.120117
0.147471
0.178816
0.175578
0.392389
0.318133
0.134286
0.153197
0.120175
0.166093
0.160136
0.139317
0.142960
0.133071
0.202469
0.327155
0.466414
0.241506
0.351676
0.228205
0.261631
0.157939
0.137582
0.114160
0.144580
0.147818
0.130989
0.330104
0.299338
0.262846
0.148223
0.151809
0.239193
0.240806
0.273389
0.218171
0.263199
0.243837
0.324969
0.407697
0.580042
0.534083
0.582581
0.580164
0.392759
0.268120
0.205801
0.174641
0.159061
0.151271
0.147376
0.145428
0.144455
0.143968
0.143724
0.143603
0.143481
0.123413
0.184484
0.223809
0.136078
0.176214
0.199346
0.264812
0.207906
0.237169
0.251974
0.293670
0.211376
0.230171
0.175231
0.138218
0.106006
0.133360
0.159096
0.134401
0.197438
0.228262
0.208947
0.291993
0.393315
0.425932
0.415985
0.197438
0.141515
0.202759
0.354625
0.189226
0.201775
0.216233
0.232195
0.282740
0.344562
0.308360
0.240118
0.144291
0.125380
0.148339
0.143770
0.138681
0.166671
0.206460
0.210971
0.192349
0.212995
0.284128
0.323280
0.315762
0.294653
0.281873
0.452708
0.486829
0.279154
0.418067
0.227453
0.346991
0.266778
0.158922
0.106468
0.114044
0.141168
0.129659
0.116936
0.185583
0.383425
0.254692
0.183096
0.130642
0.153775
0.155047
0.165573
0.135963
0.133245
0.313044
0.199693
0.376717
0.239366
0.240060
0.321314
0.269323
0.235434
0.167886
0.171414
0.114276
0.107047
0.161987
0.121736
0.222537
0.180551
0.376254
0.181187
0.142324
0.169390
0.159096
0.415753
0.453575
0.390365
0.193505
0.174363
0.286094
0.344852
0.296678
0.274933
0.265506
0.219530
0.164994
0.138565
0.123529
0.109418
0.124049
0.149438
0.144695
0.384698
0.242026
0.169043
0.124917
0.142035
0.141399
0.148801
0.188648
0.148801
0.169679
0.179163
0.248157
0.272909
0.307319
0.215597
0.232426
0.212243
0.207906
0.109071
0.130411
0.134054
0.107972
0.117283
0.189226
0.404765
0.244108
0.149958
0.153312
0.119249
0.140242
0.119943
0.120811
0.233872
0.250759
0.143654
0.207906
0.334673
0.368967
0.451609
0.268976
0.241101
0.195934
0.131105
0.152214
0.113697
0.120522
0.152907
0.164705
0.394471
0.318480
0.139895
0.174652
0.150999
0.168580
0.133071
0.121331
0.156609
0.143944
0.118960
0.217043
0.447561
0.487002
0.555417
0.303502
0.373247
0.170257
0.115548
0.126074
0.126131
0.141168
0.122546
0.118729
0.193679
0.289391
0.345661
0.170315
0.188474
0.115664
0.145447
0.113524
0.170084
0.448428
0.121563
0.159038
0.152734
0.236185
0.194604
0.171067
0.187317
0.146315
0.153023
0.172859
0.122488
0.133245
0.126941
0.160715
0.137004
0.191192
0.206171
0.368331
0.197959
0.216580
0.128965
0.276552
0.159616
0.190093
0.147471
0.383715
0.279559
0.331666
0.217737
0.165399
0.192175
0.188358
0.113293
0.111442
0.134806
0.104907
0.118151
0.156898
0.158922
0.165920
0.164358
0.157476
0.168753
0.151057
0.230055
0.332533
0.317786
0.210392
0.271405
0.304369
0.250586
0.334557
0.265622
0.178411
0.156493
0.195414
0.141977
0.116416
0.119943
0.133765
0.126016
0.178354
0.216696
0.249776
0.146662
0.147124
0.153139
0.164069
0.161814
0.141225
0.133592
0.177891
0.160252
0.263077
0.408640
0.359772
0.308186
0.309632
0.184831
0.174976
0.145540
0.132817
0.120209
0.109441
0.137229
0.180088
0.315253
0.313217
0.230842
0.105954
0.115496
0.112870
0.108666
0.105503
0.104126
0.110638
0.166249
0.226666
0.300798
0.273890
0.274956
0.222815
0.319565
0.181599
0.143539
0.103924
0.117341
0.132088
0.103519
0.148744
0.422751
0.269959
0.176329
0.116936
0.138334
0.141919
0.094208
0.119134
0.116473
0.112367
0.112367
0.302981
0.182055
0.223173
0.369777
0.315126
0.219414
0.160426
0.133649
0.152040
0.108550
0.137640
0.099702
0.162218
0.439349
0.240234
0.156956
0.127519
0.146951
0.147934
0.127751
0.164994
0.123529
0.152792
0.149785
0.125380
0.161004
0.156320
0.148281
0.149958
0.194084
0.143539
0.128734
0.133129
0.097215
0.105023
0.128676
0.148454
0.158980
0.181823
0.138912
0.254460
0.367695
0.378972
0.322818
0.281410
0.187722
0.097852
0.134864
0.099355
0.178180
0.160426
0.166440
0.131163
0.164243
0.131163
0.150247
0.164705
0.133823
0.135442
0.108377
0.111789
0.175057
0.133823
0.142729
0.278576
0.232831
0.166498
0.281294
0.176156
0.205592
0.469074
0.340109
0.446231
0.198479
0.268745
0.268571
0.181650
0.381575
0.147009
0.165052
0.115201
0.136078
0.107220
0.123992
0.181534
0.404534
0.302981
0.130700
0.164647
0.120001
0.111847
0.132782
0.125437
0.121042
0.171356
0.164705
0.193274
0.292687
0.226585
0.325478
0.250990
0.154180
0.168985
0.118208
0.118960
0.120695
0.123008
0.115606
0.151751
0.404650
0.324032
0.094786
0.124628
0.115722
0.143018
0.219530
0.390886
0.446289
0.173206
0.221554
0.412110
0.415985
0.413498
0.326345
0.204204
0.197959
0.169100
0.127461
0.137813
0.108088
0.118266
0.140358
0.144348
0.142266
0.199520
0.146777
0.279791
0.261400
0.183558
0.163375
0.133649
0.173206
0.185698
0.174594
0.459301
0.331030
0.218547
0.390654
0.188763
0.160599
0.169852
0.113235
0.148107
0.105543
0.110575
0.141804
0.160946
0.283203
0.389382
0.205014
0.118902
0.151404
0.122025
0.139606
0.114276
0.120695
0.137640
0.131221
0.245034
0.231096
0.215308
0.182517
0.382095
0.169621
0.157765
0.181245
0.146488
0.124107
0.137293
0.126710
0.170141
0.449816
0.178874
0.135789
0.141746
0.158170
0.157303
0.158922
0.107914
0.103750
0.132204
0.103288
0.125669
0.191250
0.166267
0.186739
0.245496
0.268571
0.208253
0.107972
0.107394
0.159327
0.118902
0.121389
0.115953
0.190903
0.234855
0.180378
0.179626
0.137698
0.195761
0.169043
0.153717
0.145158
0.172223
0.243241
0.244745
0.271232
0.191713
0.166267
0.190036
0.177717
0.144175
0.153659
0.119423
0.105138
0.158980
0.216176
0.166324
0.188532
0.201544
0.186913
0.173149
0.170315
0.222595
0.224619
0.211491
0.209583
0.162739
0.235781
0.536738
0.380823
0.311136
0.331666
0.315242
0.200272
0.219414
0.166787
0.129890
0.122546
0.127866
0.115490
0.199000
0.438308
0.207616
0.115259
0.137177
0.104791
0.127172
0.106642
0.120926
0.126016
0.134980
0.153312
0.167423
0.210508
0.177544
0.273776
0.257988
0.168985
0.210971
0.139259
0.154411
0.155973
0.122372
0.111616
0.186970
0.388688
0.217506
0.153717
0.103924
0.133071
0.103750
0.118093
0.152445
0.110112
0.119770
0.212879
0.210855
0.303733
0.200503
0.247810
0.352659
0.215308
0.194489
0.154238
0.118266
0.120637
0.144059
0.110170
0.243183
0.360293
0.199115
0.103577
0.134286
0.126363
0.109244
0.136888
0.103866
0.111963
0.146951
0.110459
0.260995
0.615967
0.449469
0.457566
0.406732
0.268282
0.156493
0.141283
0.160136
0.135963
0.145389
0.130064
0.173206
0.467224
0.277420
0.135500
0.144522
0.116069
0.123702
0.135616
0.119018
0.138623
0.122893
0.238441
0.211665
0.306509
0.210103
0.405806
0.395512
0.228552
0.199289
0.118845
0.139317
0.126710
0.124801
0.154411
0.174941
0.362664
0.213400
0.147934
0.161293
0.163838
0.162218
0.136541
0.143886
0.152907
0.124570
0.194951
0.216233
0.307666
0.213689
0.163086
0.178527
0.162392
0.174768
0.134748
0.146083
0.129196
0.132377
0.125322
0.167886
0.164069
0.166093
0.185409
0.197380
0.188301
0.382500
0.307434
0.260533
0.197207
0.247116
0.127924
0.579013
0.348784
0.307029
0.280195
0.154700
0.208368
0.170199
0.164358
0.142960
0.124396
0.141283
0.120579
0.158749
0.167539
0.135037
0.176908
0.198768
0.435995
0.279675
0.332244
0.191077
0.163896
0.189110
0.264754
0.303444
0.214730
0.326866
0.253361
0.176387
0.231559
0.129717
0.118324
0.130816
0.108955
0.133187
0.117514
0.166209
0.198132
0.309863
0.164590
0.100801
0.130122
0.149727
0.162276
0.127519
0.165978
0.134575
0.164821
0.194142
0.226817
0.267530
0.281757
0.283665
0.158864
0.166729
0.125784
0.139837
0.110343
0.126305
0.110401
0.149033
0.169679
0.211780
0.183443
0.136194
0.143134
0.176734
0.308591
0.510135
0.363416
0.188879
0.145910
0.204436
0.240581
0.199809
0.218200
0.348842
0.249371
0.193448
0.121736
0.127346
0.107914
0.125553
0.145332
0.166209
0.275338
0.261516
0.170141
0.159269
0.142382
0.185351
0.221670
0.160657
0.130122
0.188185
0.153023
0.191308
0.343290
0.304890
0.449643
0.423098
0.214903
0.152445
0.166267
0.138160
0.112888
0.150826
0.135616
0.154989
0.273198
0.236012
0.219356
0.203742
0.204725
0.241737
0.247867
0.143597
0.165631
0.138797
0.178874
0.139837
0.349073
0.233005
0.268513
0.652517
0.212301
0.161062
0.185351
0.112888
0.143307
0.134690
0.157765
0.158286
0.336582
0.308417
0.177139
0.158980
0.163606
0.297892
0.189862
0.128560
0.095480
0.121852
0.124223
0.233988
0.380881
0.391985
0.245959
0.218605
0.174247
0.118208
0.105543
0.131510
0.102883
0.116300
0.129023
0.099355
0.133129
0.148107
0.172223
0.184773
0.143886
0.219588
0.345430
0.319579
0.146026
0.162508
0.397363
0.248330
0.129717
0.307492
0.159443
0.158112
0.156551
0.136021
0.214614
0.104791
0.121389
0.146893
0.107105
0.121042
0.106700
0.155568
0.122777
0.182517
0.206807
0.222479
0.161871
0.385565
0.317786
0.529509
0.389903
0.372033
0.353584
0.504583
0.179857
0.188532
0.228783
0.151173
0.179221
0.144291
0.115779
0.148801
0.136194
0.157650
0.280600
0.193505
0.105485
0.128271
0.100801
0.101958
0.125958
0.118845
0.139144
0.111269
0.112367
0.319984
0.217737
0.326114
0.277998
0.197265
0.224735
0.175115
0.192754
0.146026
0.114334
0.097967
0.143365
0.148801
0.374404
0.280253
0.136310
0.104502
0.123760
0.090796
0.102073
0.131625
0.196860
0.165804
0.158286
0.214672
0.244860
0.171529
0.276726
0.303849
0.141630
0.178585
0.104271
0.133418
0.115085
0.098950
0.127693
0.151751
0.376775
0.249718
0.125033
0.092358
0.133360
0.090738
0.098719
0.122025
0.088020
0.107625
0.174247
0.215250
0.263598
0.316340
0.380534
0.176214
0.192291
0.133823
0.120926
0.119654
0.128040
0.101032
0.110575
0.159789
0.377874
0.259376
0.127866
0.096521
0.093745
0.132204
0.089755
0.127635
0.088656
0.086343
0.132609
0.180088
0.279675
0.624064
0.250817
0.164474
0.187780
0.128445
0.153833
0.124628
0.138797
0.106122
0.118382
0.178064
0.372148
0.225024
0.133302
0.092126
0.130816
0.095076
0.125264
0.114391
0.095712
0.137062
0.114970
0.122777
0.319579
0.294711
0.153601
0.321777
0.207212
0.164821
0.187491
0.152850
0.122661
0.076627
0.082353
0.090970
0.141688
0.123124
0.141168
0.261227
0.274181
0.419628
0.526039
0.376948
0.167018
0.155915
0.133823
0.413324
0.535465
0.517885
0.189515
0.229130
0.152156
0.164994
0.199751
0.145274
0.108088
0.099933
0.106237
0.091027
0.146719
0.173206
0.235434
0.285343
0.150941
0.168869
0.241275
0.156377
0.228378
0.111673
0.232658
0.136194
0.273776
0.211260
0.275569
0.344273
0.209351
0.170893
0.185178
0.097389
0.100165
0.072695
0.075066
0.139606
0.236301
0.151635
0.155047
0.100049
0.120406
0.139953
0.164879
0.124975
0.108782
0.153775
0.185698
0.203453
0.290027
0.270364
0.381864
0.209583
0.185236
0.286094
0.218489
0.155857
0.128676
0.111963
0.164185
0.173322
0.385218
0.227048
0.104502
0.138797
0.118324
0.131394
0.214556
0.418125
0.355261
0.099818
0.153197
0.274470
0.331782
0.174941
0.469942
0.216291
0.135327
0.091548
0.126074
0.094150
0.111442
0.111616
0.087847
0.109996
0.345141
0.261284
0.118671
0.094555
0.062401
0.090391
0.075933
0.060839
0.101379
0.081138
0.085996
0.190440
0.250933
0.254171
0.231732
0.130411
0.139606
0.116011
0.090160
0.084724
0.097794
0.077900
0.077957
0.150421
0.348900
0.211896
0.118787
0.063152
0.091085
0.059856
0.066796
0.092358
0.086285
0.078015
0.137293
0.152907
0.255906
0.319174
0.164763
0.155857
0.165804
0.108666
0.151462
0.093688
0.095712
0.079635
0.108724
0.128445
0.128329
0.135442
0.179568
0.166498
0.212821
0.184889
0.386780
0.221727
0.258277
0.172455
0.222074
0.261631
0.305873
0.310152
0.174826
0.234682
0.117746
0.114565
0.155626
0.113293
0.102420
0.114854
0.096059
0.109360
0.090680
0.073851
0.134806
0.148628
0.244571
0.352081
0.209004
0.329410
0.317150
0.162334
0.291415
0.331724
0.186566
0.213689
0.153601
0.177660
0.119828
0.130295
0.133129
0.087442
0.098719
0.101668
0.085707
0.086806
0.111384
0.123240
0.129833
0.235087
0.294943
0.394240
0.409450
0.385160
0.267588
0.124743
0.117457
0.176098
0.405112
0.141977
0.171992
0.113697
0.265217
0.116473
0.107799
0.071249
0.113003
0.076685
0.077321
0.156898
0.350577
0.266431
0.065061
0.102536
0.107509
0.072348
0.065350
0.098777
0.069572
0.111326
0.071422
0.130411
0.208368
0.355088
0.359830
0.157592
0.187202
0.172975
0.125033
0.148454
0.108782
0.108955
0.137987
0.157071
0.348958
0.218026
0.126305
0.102305
0.098083
0.112946
0.112483
0.135211
0.184021
0.109129
0.198190
0.274297
0.220571
0.214036
0.248908
0.227568
0.166440
0.156840
0.158286
0.106295
0.137062
0.107683
0.121216
0.170373
0.345256
0.249255
0.151924
0.159211
0.111095
0.125553
0.187086
0.099066
0.126883
0.096637
0.101958
0.212185
0.427667
0.270595
0.480583
0.306278
0.166729
0.157823
0.155105
0.135905
0.119596
0.154932
0.117052
0.152734
0.448024
0.230055
0.133534
0.101900
0.125264
0.098835
0.100627
0.149900
0.095076
0.103114
0.130874
0.181361
0.293612
0.377237
0.391638
0.248330
0.206460
0.186103
0.161756
0.158112
0.131336
0.127461
0.158922
0.216291
0.362664
0.199000
0.122430
0.149033
0.121447
0.158922
0.132262
0.123702
0.158517
0.163317
0.155047
0.225371
0.238441
0.190440
0.163028
0.210045
0.174016
0.163549
0.135674
0.131915
0.136021
0.110575
0.138450
0.141688
0.126016
0.164647
0.208889
0.197496
0.170778
0.231675
0.300494
0.201949
0.216176
0.307955
0.296793
0.277420
0.274239
0.195240
0.175809
0.176561
0.363647
0.194373
0.142498
0.126594
0.142556
0.113177
0.142556
0.178354
0.137813
0.170315
0.147009
0.188532
0.144233
0.247173
0.473470
0.295463
0.526733
0.207848
0.176272
0.190787
0.301535
0.211896
0.271926
0.285632
0.199462
0.162045
0.148744
0.113697
0.104040
0.159038
0.110690
0.147356
0.403493
0.262499
0.105428
0.126363
0.098488
0.091837
0.129601
0.119423
0.077957
0.088772
0.103056
0.267704
0.167655
0.261978
0.275222
0.401932
0.149322
0.149264
0.090912
0.092705
0.098025
0.074603
0.070728
0.147587
0.398057
0.229246
0.106411
0.095596
0.054246
0.085302
0.255848
0.479658
0.332996
0.067201
0.082353
0.181014
0.233872
0.122141
0.320736
0.191308
0.154758
0.103519
0.096868
0.206228
0.177660
0.158517
0.081601
0.119770
0.217853
0.337680
0.112020
0.078998
0.080675
0.062632
0.095480
0.072232
0.060203
0.095018
0.075586
0.321256
0.509325
0.391522
0.336003
0.377064
0.280542
0.169621
0.103693
0.067663
0.108840
0.073157
0.069109
0.094844
0.199231
0.294133
0.084203
0.062458
0.080386
0.065292
0.101437
0.105081
0.084839
0.178354
0.082757
0.349015
0.279270
0.234797
0.384119
0.514241
0.278981
0.159443
0.109129
0.112310
0.164358
0.258566
0.171414
0.157592
0.273429
0.238152
0.229303
0.204551
0.244282
0.170662
0.137004
0.161698
0.123876
0.177197
0.158344
0.270133
0.151809
0.181997
0.154411
0.192985
0.209930
0.158633
0.136599
0.107914
0.107625
0.146372
0.109649
0.115548
0.181303
0.169274
0.215424
0.243472
0.273140
0.205708
0.300263
0.351097
0.323859
0.306335
0.168464
0.114449
0.157476
0.236475
0.188474
0.152676
0.181997
0.143597
0.123702
0.147066
0.112483
0.110864
0.154527
0.144175
0.138797
0.206055
0.179799
0.154527
0.213110
0.372784
0.181245
0.305815
0.268166
0.307781
0.563283
0.435069
0.469132
0.443975
0.297719
0.288581
0.163722
0.185872
0.120290
0.141225
0.120984
0.136599
0.184715
0.197149
0.263019
0.256542
0.180031
0.190845
0.169390
0.181823
0.168985
0.155857
0.177717
0.312986
0.193390
0.293323
0.250528
0.317671
0.216349
0.215077
0.166614
0.126189
0.156204
0.125900
0.128155
0.179568
0.185814
0.439754
0.335541
0.218547
0.168638
0.113061
0.160021
0.123818
0.142440
0.149842
0.165110
0.188763
0.282451
0.290432
0.222132
0.458029
0.328080
0.208715
0.143597
0.126825
0.154180
0.122199
0.123240
0.159211
0.167134
0.415696
0.357459
0.169679
0.122604
0.153891
0.111211
0.136310
0.150016
0.124049
0.137235
0.147009
0.123066
0.127057
0.395570
0.197669
0.231443
0.138160
0.152156
0.147413
0.102999
0.109244
0.149958
0.110170
0.144117
0.418414
0.320736
0.135847
0.116242
0.146604
0.152156
0.147818
0.111731
0.145968
0.236937
0.124628
0.330278
0.274123
0.391464
0.377411
0.227395
0.174826
0.123298
0.137640
0.149900
0.136830
0.118787
0.104387
0.171298
0.405748
0.276147
0.184310
0.130411
0.139144
0.144059
0.131857
0.130931
0.154064
0.160483
0.185525
0.153891
0.273256
0.187086
0.216465
0.218836
0.172744
0.123876
0.079924
0.081080
0.101032
0.086112
0.077900
0.134054
0.139375
0.102189
0.150421
0.157303
0.220339
0.340861
0.258913
0.279386
0.220513
0.119481
0.211838
0.310268
0.368158
0.331839
0.412399
0.140445
0.116257
0.160136
0.075586
0.094092
0.094960
0.076859
0.063268
0.111673
0.097042
0.090738
0.154932
0.172802
0.273776
0.276089
0.265275
0.369257
0.315299
0.187722
0.332302
0.233583
0.319926
0.208426
0.464217
0.229477
0.194893
0.118787
0.115722
0.079924
0.094844
0.065408
0.078420
0.121620
0.293265
0.273371
0.087095
0.053726
0.081774
0.064136
0.053263
0.093225
0.065813
0.103866
0.136310
0.208253
0.388052
0.186739
0.296851
0.169390
0.246248
0.153197
0.113871
0.118266
0.112136
0.126363
0.102015
0.127635
0.359136
0.256369
0.120637
0.114334
0.123008
0.112020
0.336235
0.495851
0.343637
0.122257
0.119885
0.319810
0.272330
0.144406
0.367406
0.165573
0.185756
0.164532
0.138623
0.122372
0.106642
0.132146
0.116242
0.156262
0.440390
0.183443
0.122546
0.125148
0.104155
0.128040
0.096290
0.134922
0.239655
0.216176
0.179337
0.369372
0.332765
0.236012
0.323801
0.238730
0.175346
0.201081
0.131915
0.168117
0.164185
0.157303
0.119539
0.174421
0.431137
0.311020
0.129312
0.092820
0.137466
0.103230
0.101090
0.127924
0.095827
0.112194
0.136078
0.205650
0.254345
0.341382
0.294943
0.268860
0.157476
0.306104
0.155741
0.132204
0.119828
0.101264
0.129601
0.144291
0.362375
0.297719
0.136715
0.118440
0.092242
0.121852
0.103924
0.151115
0.162912
0.208889
0.163375
0.126883
0.147587
0.166556
0.227164
0.285053
0.238672
0.208600
0.181650
0.111384
0.132262
0.112599
0.132955
0.171645
0.345777
0.201313
0.134228
0.116300
0.130411
0.140821
0.102305
0.146604
0.115490
0.117341
0.099297
0.137813
0.096868
0.108666
0.148570
0.163491
0.158228
0.117572
0.128213
0.100801
0.100743
0.123645
0.128445
0.100570
0.095712
0.149900
0.150479
0.115201
0.117688
0.106700
0.091837
0.134343
0.200098
0.267472
0.656739
0.428014
0.413035
0.305468
0.203915
0.210797
0.289391
0.209698
0.161409
0.153081
0.131221
0.126420
0.153659
0.170257
0.344042
0.326866
0.140242
0.138970
0.109707
0.149611
0.117514
0.128734
0.158864
0.150941
0.136657
0.172281
0.251627
0.259145
0.160136
0.200272
0.175173
0.152098
0.178816
0.120984
0.145852
0.104791
0.144291
0.151867
0.465836
0.258046
0.190325
0.130931
0.130064
0.128965
0.137987
0.149148
0.110922
0.086574
0.126131
0.136021
0.261169
0.189920
0.212590
0.394818
0.156551
0.143076
0.100627
0.120348
0.104097
0.086806
0.127057
0.132262
0.348958
0.203048
0.123066
0.085360
0.104734
0.061186
0.090160
0.104502
0.053437
0.063037
0.090044
0.175115
0.358847
0.215771
0.436110
0.259896
0.201081
0.206807
0.180378
0.138103
0.183443
0.134922
0.134575
0.160136
0.424313
0.249602
0.126189
0.146835
0.130180
0.127982
0.132898
0.122372
0.138392
0.128849
0.152329
0.246306
0.302981
0.319232
0.341266
0.259202
0.250643
0.201486
0.182807
0.141341
0.164590
0.127780
0.154527
0.207038
0.429286
0.245381
0.145158
0.115375
0.145910
0.130642
0.147240
0.166585
0.164488
0.207624
0.206839
0.355972
0.222921
0.207490
0.190030
0.179161
0.210218
0.172397
0.149738
0.105046
0.098060
0.131064
0.125646
0.141237
0.106925
0.161299
0.201816
0.176977
0.183477
0.244022
0.349727
0.206477
0.374571
0.164711
0.165041
0.190510
0.288853
0.225290
0.194714
0.164370
0.265772
0.147315
0.169977
0.130357
0.126076
0.156552
0.138334
0.142614
0.180696
0.147891
0.217918
0.235669
0.287021
0.278693
0.446520
0.372495
0.182402
0.181072
0.330509
0.377816
0.307608
0.255443
0.192927
0.176850
0.218142
0.165631
0.153023
0.127057
0.121216
0.151751
0.130931
0.130469
0.347859
0.198190
0.126016
0.103924
0.091606
0.110979
0.077900
0.101206
0.133360
0.107220
0.110343
0.213747
0.225776
0.238210
0.257178
0.241622
0.128445
0.186334
0.101958
0.108724
0.128849
0.091837
0.081543
0.121158
0.312639
0.254402
0.125669
0.130758
0.082410
0.104734
0.181766
0.443686
0.304948
0.099760
0.107220
0.275569
0.215366
0.370992
0.156493
0.187491
0.174999
0.110575
0.132551
0.094092
0.092415
0.110054
0.094266
0.118555
0.364919
0.206402
0.104907
0.082873
0.082931
0.114160
0.112020
0.081080
0.112367
0.166498
0.188185
0.167539
0.231732
0.550502
0.251569
0.189746
0.185236
0.203048
0.112830
0.130758
0.086921
0.088367
0.121563
0.129486
0.332533
0.212359
0.117457
0.107683
0.076338
0.074950
0.126652
0.073215
0.072059
0.102825
0.070960
0.069514
0.262268
0.194257
0.239540
0.296446
0.264754
0.196628
0.104444
0.120984
0.103982
0.086632
0.128271
0.243877
0.307145
0.194720
0.099355
0.105948
0.076916
0.073678
0.118382
0.197612
0.099876
0.097331
0.088714
0.248214
0.200561
0.163028
0.141746
0.160715
0.164185
0.112946
0.125437
0.089408
0.118093
0.083972
0.128329
0.118787
0.098777
0.165746
0.151462
0.158806
0.158806
0.203626
0.226527
0.157303
0.229014
0.342596
0.208889
0.344562
0.246479
0.218720
0.182113
0.178585
0.207790
0.153544
0.097042
0.093977
0.109996
0.090044
0.102594
0.140676
0.079635
0.093861
0.148570
0.162450
0.266142
0.177313
0.401816
0.234566
0.388225
0.194431
0.242084
0.533268
0.436689
0.304369
0.311830
0.371743
0.190845
0.142556
0.083625
0.112425
0.055114
0.068242
0.108088
0.134748
0.265448
0.234797
0.102536
0.130353
0.086343
0.101958
0.083509
0.082931
0.109938
0.088772
0.132666
0.188879
0.176040
0.231212
0.253940
0.222711
0.212301
0.148975
0.124570
0.118208
0.088425
0.096174
0.077495
0.113408
0.367522
0.196975
0.117283
0.078594
0.102767
0.092762
0.077495
0.105428
0.089524
0.108030
0.179973
0.154411
0.167308
0.163953
0.355724
0.242663
0.179048
0.140011
0.081080
0.091548
0.128040
0.091548
0.087500
0.141515
0.328138
0.264523
0.091317
0.106237
0.077726
0.098835
0.158922
0.099933
0.105890
0.075991
0.070208
0.185640
0.342885
0.306046
0.462019
0.415696
0.169447
0.133592
0.108088
0.084030
0.085707
0.119885
0.090738
0.114160
0.326172
0.163838
0.099355
0.121331
0.105138
0.103172
0.117746
0.134170
0.101206
0.232426
0.144695
0.186045
0.360524
0.256022
0.465778
0.270191
0.219935
0.190383
0.104618
0.089235
0.110690
0.098950
0.065697
0.103056
0.139664
0.279039
0.158228
0.157939
0.318480
0.235087
0.368100
0.235434
0.137293
0.084782
0.135442
0.202354
0.208253
0.313044
0.148165
0.286557
0.188243
0.145158
0.118787
0.118208
0.101379
0.102073
0.087500
0.118324
0.110459
0.120175
0.293265
0.316687
0.252205
0.300205
0.242258
0.240465
0.438308
0.311945
0.290837
0.277015
0.256137
0.203163
0.174594
0.346066
0.176040
0.133013
0.130469
0.103056
0.116404
0.099575
0.136287
0.132117
0.165445
0.137831
0.166966
0.246028
0.230506
0.294873
0.316693
0.239037
0.455154
0.474210
0.369534
0.495897
0.493792
0.493289
0.395871
0.152850
0.165631
0.138450
0.094555
0.083625
0.119943
0.094035
0.098777
0.158112
0.152271
0.175578
0.195356
0.106700
0.128445
0.086170
0.159038
0.106006
0.144753
0.119654
0.108782
0.137698
0.164011
0.148050
0.313854
0.223115
0.180262
0.111673
0.119423
0.092358
0.083047
0.114854
0.089466
0.134343
0.350750
0.178238
0.120579
0.123066
0.084203
0.092126
0.335945
0.363763
0.379377
0.198016
0.184542
0.170431
0.205188
0.182113
0.330133
0.141066
0.201118
0.142747
0.103982
0.110748
0.102247
0.087210
0.138970
0.125264
0.368447
0.173033
0.135211
0.106526
0.069283
0.053841
0.082642
0.059162
0.058873
0.169043
0.205130
0.099991
0.209207
0.415233
0.267472
0.453344
0.162334
0.132493
0.126305
0.082700
0.095480
0.127982
0.097100
0.199289
0.314316
0.122372
0.146026
0.075702
0.105312
0.075875
0.075760
0.115259
0.078536
0.072984
0.115722
0.198479
0.170315
0.140647
0.362201
0.173438
0.268860
0.153370
0.102767
0.112946
0.119163
0.094020
0.091136
0.195414
0.388862
0.145852
0.129312
0.084955
0.111847
0.071018
0.097158
0.129023
0.132609
0.088136
0.134170
0.174363
0.150883
0.136830
0.109534
0.127635
0.119712
0.156609
0.135066
0.099572
0.134343
0.089524
0.090854
0.120290
0.113003
0.133071
0.136165
0.124064
0.126420
0.221380
0.177255
0.195934
0.146026
0.413556
0.208137
0.193737
0.402510
0.269612
0.199173
0.195848
0.146763
0.187028
0.118845
0.147413
0.115664
0.133881
0.097013
0.118917
0.093283
0.087702
0.150551
0.106620
0.153070
0.203968
0.410575
0.214945
0.233980
0.285801
0.119539
0.219125
0.255386
0.286152
0.202122
0.166729
0.139780
0.130642
0.094729
0.093109
0.115837
0.096174
0.090738
0.107105
0.283955
0.197669
0.118035
0.129196
0.095365
0.071307
0.106411
0.095480
0.079981
0.092820
0.126074
0.210566
0.225660
0.148744
0.296909
0.142729
0.129254
0.140474
0.084724
0.095770
0.088541
0.092473
0.074140
0.128849
0.329410
0.182460
0.133534
0.092705
0.083914
0.117052
0.094439
0.107452
0.133418
0.105023
0.110632
0.287020
0.435127
0.218605
0.308649
0.169737
0.147124
0.120869
0.128734
0.110632
0.088598
0.083047
0.120637
0.130469
0.352023
0.379955
0.111153
0.113177
0.086401
0.079635
0.096464
0.050603
0.071133
0.056270
0.114218
0.344967
0.388399
0.305526
0.359656
0.209409
0.239482
0.151809
0.155279
0.184773
0.134228
0.128213
0.126305
0.197554
0.436920
0.170546
0.144175
0.118151
0.158402
0.115143
0.116242
0.133071
0.136021
0.195819
0.311830
0.358037
0.345719
0.392910
0.197438
0.225429
0.231096
0.190614
0.150883
0.124570
0.154932
0.137698
0.127230
0.166035
0.423272
0.194720
0.173033
0.126478
0.186103
0.118498
0.096174
0.128387
0.095712
0.093688
0.125148
0.231096
0.169852
0.091548
0.131221
0.116126
0.100570
0.129023
0.094497
0.122777
0.081601
0.079345
0.099471
0.082757
0.117630
0.081832
0.068589
0.077495
0.085823
0.112483
0.100627
0.073273
0.079519
0.113755
0.095191
0.154758
0.135442
0.088714
0.310846
0.120753
0.091317
0.087384
0.083104
0.120522
0.084145
0.076801
0.083394
0.085765
0.133765
0.080155
0.076512
0.072232
0.093803
0.161524
0.257063
0.420900
0.134459
0.203857
0.282624
0.395339
0.372784
0.301651
0.382153
0.242894
0.362317
0.234046
0.201602
0.129486
0.155163
0.143134
0.137756
0.158749
0.339242
0.256311
0.214441
0.171819
0.141977
0.166556
0.123066
0.132493
0.172628
0.145274
0.139375
0.363069
0.456236
0.243472
0.303444
0.241275
0.206575
0.174016
0.172455
0.146662
0.152445
0.159616
0.101379
0.199867
0.356187
0.201255
0.126594
0.142093
0.122719
0.115259
0.314432
0.467224
0.379840
0.190383
0.111558
0.176040
0.209236
0.177023
0.260070
0.212706
0.139086
0.120926
0.091201
0.123124
0.102189
0.092994
0.090044
0.177833
0.345256
0.179221
0.202412
0.103403
0.125148
0.123182
0.076974
0.079981
0.122546
0.166729
0.077495
0.117630
0.359367
0.255906
0.306104
0.251453
0.394471
0.246884
0.096984
0.125148
0.126594
0.099124
0.097447
0.161871
0.424717
0.194199
0.136541
0.089871
0.091027
0.122025
0.085533
0.082295
0.079924
0.138970
0.080328
0.102709
0.124107
0.193621
0.139201
0.200330
0.163086
0.174421
0.088136
0.088830
0.113871
0.085186
0.092358
0.138565
0.325651
0.190036
0.106526
0.075760
0.076338
0.095365
0.082295
0.081196
0.105138
0.085360
0.087268
0.147413
0.137640
0.118671
0.172686
0.137351
0.150883
0.159847
0.127172
0.104040
0.097562
0.126825
0.133418
0.124454
0.325362
0.276205
0.169910
0.112194
0.219183
0.091201
0.108030
0.074430
0.090218
0.041928
0.049735
0.063846
0.082642
0.063962
0.090102
0.062285
0.055750
0.100338
0.059336
0.053263
0.053784
0.056675
0.101437
0.057948
0.075528
0.075760
0.056849
0.089466
0.132204
0.146835
0.050487
0.072984
0.086054
0.051760
0.050661
0.051760
0.120059
0.281179
0.317786
0.377642
0.272504
0.169679
0.137177
0.103866
0.138507
0.098141
0.103461
0.155279
0.368389
0.149900
0.081485
0.076049
0.123529
0.081022
0.078189
0.181997
0.253882
0.195992
0.251280
0.241622
0.382905
0.662638
0.397883
0.320042
0.375271
0.273660
0.188734
0.190336
0.150525
0.148009
0.139884
0.181135
0.429697
0.364011
0.177405
0.141260
0.148073
0.132389
0.139647
0.134806
0.153902
0.150213
0.146795
0.258399
0.459301
0.395183
0.392337
0.273660
0.101235
0.111225
0.083856
0.124396
0.088136
0.129919
0.129558
0.142382
0.311309
0.203568
0.107741
0.079981
0.083422
0.071842
0.072579
0.082410
0.101148
0.089755
0.071018
0.183327
0.231270
0.199578
0.410259
0.169447
0.249198
0.284880
0.146662
0.092011
0.136194
0.094613
0.093803
0.148281
0.344852
0.146777
0.105312
0.074603
0.072753
0.121158
0.074140
0.068184
0.076801
0.105254
0.072926
0.206171
0.136541
0.188243
0.322181
0.203857
0.205650
0.146257
0.135963
0.093572
0.116358
0.091259
0.059162
0.105370
0.406847
0.175751
0.133707
0.072521
0.097389
0.085707
0.064483
0.075008
0.122025
0.096521
0.104907
0.263656
0.199751
0.110343
0.104040
0.546916
0.219935
0.248793
0.122604
0.093109
0.085186
0.084319
0.116473
0.098372
0.079808
0.078189
0.120637
0.120348
0.134575
0.100685
0.094439
0.144985
0.137640
0.227742
0.377411
0.125842
0.169447
0.222595
0.101321
0.131278
0.134228
0.069225
0.103866
0.071422
0.056039
0.054767
0.065755
0.102883
0.056270
0.073331
0.087384
0.052107
0.138392
0.103924
0.180320
0.184310
0.148454
0.294191
0.288581
0.301073
0.296041
0.282856
0.473527
0.260186
0.116763
0.178469
0.071596
0.061591
0.103635
0.058584
0.073042
0.057658
0.059393
0.137640
0.081601
0.049678
0.052627
0.052280
0.050025
0.114970
0.088251
0.116763
0.095827
0.206286
0.155394
0.279328
0.493711
0.205072
0.240349
0.187260
0.105370
0.083278
0.104849
0.125264
0.121505
0.188937
0.386664
0.245034
0.181361
0.140358
0.110170
0.130931
0.199115
0.677327
0.427609
0.242663
0.240581
0.269381
0.571842
0.436631
0.562328
0.471055
0.280289
0.205553
0.151268
0.152059
0.109688
0.091509
0.122526
0.135693
0.345092
0.193395
0.108897
0.084550
0.108724
0.082063
0.095654
0.084435
0.067432
0.119770
0.180667
0.288234
0.276552
0.281757
0.552584
0.284359
0.254055
0.192927
0.099124
0.106700
0.131568
0.094700
0.100035
0.139548
0.364804
0.276726
0.124223
0.125264
0.091085
0.103693
0.191713
0.167250
0.112194
0.153833
0.220860
0.396785
0.224966
0.170488
0.322239
0.218373
0.214961
0.284070
0.159443
0.104387
0.120753
0.107683
0.136252
0.124859
0.380476
0.260475
0.116763
0.090970
0.122951
0.085765
0.092589
0.128676
0.137698
0.112136
0.190498
0.302172
0.310789
0.256947
0.198479
0.170720
0.148859
0.162797
0.154816
0.108261
0.124107
0.113871
0.125090
0.120348
0.137004
0.153717
0.130469
0.301535
0.258046
0.383483
0.247463
0.260012
0.450626
0.177602
0.299800
0.180956
0.319637
0.560391
0.291993
0.197959
0.216580
0.197033
0.152387
0.114507
0.136599
0.097909
0.121563
0.121447
0.160946
0.120811
0.155799
0.249255
0.249198
0.283608
0.403493
0.283376
0.320389
0.246306
0.164937
0.190556
0.378452
0.455021
0.409218
0.297372
0.173438
0.165978
0.103403
0.094439
0.120406
0.100223
0.076454
0.122488
0.277188
0.253593
0.099413
0.091027
0.100165
0.123529
0.092531
0.093688
0.139722
0.105138
0.093745
0.208542
0.191597
0.138103
0.273024
0.162161
0.201775
0.184195
0.122951
0.071018
0.106353
0.099008
0.129312
0.128560
0.329006
0.193274
0.136715
0.127866
0.093109
0.091606
0.142093
0.093977
0.093688
0.128213
0.126999
0.361102
0.351155
0.132088
0.358500
0.183154
0.150941
0.143654
0.105254
0.146546
0.097505
0.131972
0.095423
0.158517
0.297372
0.205014
0.122488
0.088483
0.088367
0.110112
0.083104
0.081659
0.096174
0.113235
0.082006
0.127635
0.250007
0.357401
0.156898
0.101842
0.127404
0.123645
0.093977
0.124975
0.098777
0.099644
0.116069
0.161582
0.354278
0.179799
0.096001
0.159500
0.183385
0.091548
0.087673
0.133707
0.082006
0.086979
0.089061
0.080328
0.215366
0.288465
0.230923
0.147818
0.158459
0.248908
0.120984
0.122083
0.135211
0.145910
0.125900
0.151230
0.257352
0.265795
0.089003
0.088714
0.119249
0.087557
0.109938
0.097909
0.133881
0.107509
0.125553
0.250817
0.367811
0.323222
0.394818
0.383888
0.241275
0.209004
0.122257
0.121216
0.125380
0.181014
0.117514
0.121852
0.149611
0.202932
0.306856
0.183848
0.118208
0.097909
0.111789
0.104560
0.080097
0.087268
0.118613
0.139548
0.154122
0.101206
0.159732
0.097215
0.099182
0.090102
0.095133
0.125264
0.091721
0.106411
0.081312
0.067952
0.088367
0.075586
0.046266
0.052743
0.085533
0.221843
0.193390
0.057080
0.326230
0.158170
0.203857
0.058468
0.347685
0.228089
0.102825
0.283434
0.104387
0.144291
0.073504
0.073042
0.065350
0.081427
0.061591
0.098256
0.061475
0.055287
0.072753
0.053668
0.065466
0.162045
0.271405
0.218258
0.095249
0.165978
0.392274
0.152156
0.280889
0.259087
0.385218
0.239771
0.153659
0.171182
0.108897
0.102362
0.092184
0.130816
0.104271
0.111384
0.221785
0.212937
0.085013
0.082584
0.091374
0.049620
0.185062
0.449296
0.381228
0.261921
0.129023
0.157534
0.114276
0.268398
0.228262
0.195877
0.230344
0.150247
0.113582
0.103519
0.118208
0.087037
0.106989
0.115317
0.328716
0.174594
0.107162
0.074487
0.073042
0.122430
0.065177
0.045745
0.046786
0.084608
0.052801
0.198306
0.270191
0.199983
0.334731
0.296793
0.172223
0.110459
0.144001
0.227164
0.120232
0.095191
0.124454
0.113987
0.293208
0.178122
0.095018
0.121794
0.086863
0.077148
0.080618
0.151693
0.172975
0.197322
0.194026
0.275800
0.370182
0.629674
0.388746
0.682763
0.315126
0.289275
0.238557
0.232658
0.141862
0.108666
0.136483
0.126016
0.227221
0.173380
0.095770
0.117167
0.203626
0.228899
0.260937
0.230691
0.354047
0.564208
0.551543
0.683342
0.914149
0.528294
0.533036
0.353179
0.374982
0.308996
0.303791
0.181361
0.201313
0.318133
0.175867
0.134690
0.163491
0.171819
0.181419
0.320736
0.363763
0.397363
0.323916
0.357170
0.458722
0.473874
0.530550
0.444380
0.452592
0.392447
0.443339
0.299396
0.353873
0.370182
0.202354
0.161698
0.153486
0.114218
0.097620
0.099529
0.137119
0.226412
0.245323
0.384524
0.491166
0.462424
0.768007
0.629674
0.644479
0.810976
0.622560
0.587919
0.555707
0.661134
0.414944
0.506145
0.358269
0.401700
0.274875
0.182864
0.192811
0.099182
0.103866
0.115375
0.271694
0.181708
0.132435
0.079288
0.109418
0.151173
0.147124
0.177081
0.255733
0.322991
0.322124
0.418703
0.451378
0.596189
0.377700
0.340861
0.347223
0.309169
0.329873
0.184831
0.142556
0.127172
0.077495
0.138681
0.351271
0.213920
0.120232
0.114565
0.166729
0.215366
0.267183
0.322239
0.382558
0.393372
0.445363
0.401989
0.482202
0.404650
0.444033
0.336466
0.328716
0.214614
0.149033
0.181823
0.114160
0.116589
0.127404
0.152387
0.277246
0.235144
0.141457
0.086921
0.108666
0.150826
0.129139
0.138507
0.148397
0.284591
0.263424
0.341266
0.408177
0.432351
0.549229
0.648874
0.583119
0.382963
0.260937
0.242952
0.215944
0.153717
0.118613
0.142903
0.359830
0.255154
0.141110
0.134922
0.111500
0.187896
0.198421
0.201024
0.290143
0.276783
0.240985
0.386028
0.445479
0.384235
0.416043
0.280947
0.355782
0.227511
0.170720
0.138970
0.106700
0.104734
0.138450
0.135211
0.175173
0.265911
0.100280
0.109996
0.147124
0.134633
0.254113
0.367059
0.410896
0.531764
0.579418
0.606483
0.665703
0.524073
0.515745
0.531880
0.473123
0.454906
0.232658
0.161756
0.179279
0.147818
0.128040
0.139317
0.259665
0.227337
0.314085
0.258856
0.232079
0.256253
0.390192
0.522742
0.526733
0.445305
0.412457
0.422751
0.555996
0.583466
0.517769
0.450395
0.425411
0.471156
0.371975
0.280716
0.247347
0.173380
0.165341
0.182170
0.168406
0.136021
0.130584
0.145794
0.160946
0.268629
0.453691
0.612382
0.699014
0.473123
0.568719
0.769280
0.694792
0.804788
0.655467
0.588324
0.402973
0.359136
0.369719
0.295868
0.295405
0.303039
0.242605
0.246537
0.277824
0.295347
0.145968
0.165399
0.148744
0.223058
0.283145
0.240928
0.231096
0.274470
0.332475
0.322297
0.381459
0.587283
0.548940
0.309169
0.392968
0.353295
0.207848
0.172455
0.147703
0.163086
0.095712
0.139317
0.258219
0.420553
0.246190
0.173149
0.192638
0.177139
0.523783
0.788943
0.611572
0.388341
0.398230
0.697279
0.530550
0.566405
0.635977
0.506087
0.349709
0.361391
0.311136
0.299222
0.240985
0.182460
0.155336
0.191944
0.339704
0.232079
0.129428
0.093109
0.142266
0.086690
0.100801
0.115953
0.156030
0.169216
0.254692
0.202874
0.358269
0.436052
0.274817
0.240696
0.375792
0.308996
0.257468
0.220976
0.198074
0.127808
0.103346
0.143597
0.300032
0.255212
0.148050
0.164127
0.164011
0.166729
0.235376
0.202180
0.276205
0.315242
0.350693
0.275974
0.322991
0.367926
0.490993
0.474164
0.413903
0.320909
0.253188
0.184889
0.201371
0.165457
0.122314
0.162508
0.116242
0.334962
0.165573
0.147356
0.116184
0.174305
0.286383
0.326461
0.354220
0.359194
0.311714
0.385854
0.257525
0.287482
0.285111
0.281641
0.265738
0.163838
0.137351
0.169447
0.103346
0.098893
0.084666
0.137698
0.099933
0.117167
0.163549
0.273140
0.362606
0.316340
0.424139
0.230634
0.292225
0.349536
0.215366
0.262615
0.293555
0.229419
0.304369
0.152214
0.257178
0.134228
0.125437
0.124107
0.153659
0.099124
0.110343
0.099702
0.151867
0.103461
0.107394
0.106700
0.215308
0.160599
0.165226
0.119828
0.159905
0.201833
0.126478
0.212937
0.311078
0.143423
0.132493
0.154700
0.229419
0.121736
0.110170
0.112888
0.095538
0.120175
0.094497
0.118960
0.220860
0.158749
0.124339
0.093977
0.091490
0.105543
0.264350
0.181881
0.161524
0.174247
0.173669
0.250990
0.260243
0.368447
0.187317
0.171819
0.212995
0.317208
0.163953
0.126420
0.127057
0.153891
0.111558
0.152214
0.165746
0.213457
0.132840
0.154758
0.165688
0.196397
0.216233
0.248561
0.259896
0.240928
0.344273
0.494694
0.454906
0.479311
0.461383
0.485036
0.382674
0.343637
0.202296
0.160599
0.167655
0.142266
0.122025
0.139895
0.321343
0.311931
0.171067
0.128040
0.141804
0.116069
0.147992
0.131105
0.157997
0.123645
0.136830
0.305237
0.306914
0.275742
0.333748
0.566290
0.543157
0.617471
0.386548
0.299222
0.277477
0.237863
0.212821
0.212706
0.328312
0.274412
0.246942
0.236532
0.263771
0.283029
0.316456
0.252263
0.320793
0.310442
0.429344
0.522222
0.354162
0.461903
0.524015
0.517827
0.397132
0.320967
0.273834
0.263887
0.197149
0.180667
0.167828
0.209641
0.202122
0.344852
0.215366
0.212359
0.266605
0.260301
0.223058
0.204898
0.257815
0.293786
0.132724
0.260417
0.291646
0.334615
0.458376
0.425527
0.217101
0.204551
0.150421
0.166729
0.135153
0.146372
0.115895
0.086863
0.145389
0.324379
0.240638
0.126767
0.160079
0.148021
0.147254
0.176329
0.200272
0.279328
0.366365
0.274412
0.219530
0.187838
0.225544
0.272446
0.170604
0.153717
0.140485
0.128688
0.147604
0.103265
0.089738
0.074777
0.102137
0.139525
0.133574
0.151687
0.175393
0.184657
0.248376
0.277101
0.246161
0.245745
0.254582
0.301125
0.351508
0.380285
0.336431
0.315901
0.207836
0.197854
0.171067
0.125842
0.142729
0.111847
0.148281
0.151230
0.261169
0.206980
0.210797
0.137177
0.156667
0.124223
0.245901
0.199057
0.164590
0.166903
0.200330
0.276263
0.222884
0.277015
0.345256
0.202238
0.167076
0.137466
0.112599
0.090102
0.091085
0.123298
0.071191
0.115722
0.137004
0.173206
0.124107
0.164474
0.127172
0.161467
0.183963
0.497470
0.433045
0.267646
0.225949
0.420264
0.423908
0.276263
0.323569
0.436746
0.271926
0.204667
0.174190
0.191539
0.124859
0.153428
0.167076
0.221438
0.194373
0.415696
0.314548
0.299974
0.362375
0.481682
0.371165
0.322008
0.305121
0.431021
0.512333
0.839314
0.631004
0.495735
0.593066
0.587051
0.337623
0.310731
0.256311
0.243414
0.220571
0.151288
0.105485
0.080618
0.172917
0.367522
0.285632
0.189573
0.242489
0.314201
0.202816
0.255790
0.398520
0.433334
0.413729
0.418356
0.403204
0.517422
0.497354
0.383252
0.189226
0.305699
0.210855
0.172628
0.126941
0.172859
0.129890
0.153891
0.173380
0.228725
0.148859
0.183096
0.181072
0.194489
0.277246
0.304890
0.334326
0.357690
0.401122
0.450453
0.576121
0.329931
0.429980
0.395281
0.325247
0.312003
0.219819
0.179857
0.170604
0.129775
0.151751
0.133418
0.158286
0.200966
0.186913
0.231501
0.266778
0.390481
0.506087
0.532342
0.455484
0.480120
0.398288
0.483070
0.465373
0.401353
0.410664
0.337449
0.335194
0.292109
0.166151
0.200156
0.126305
0.139201
0.144695
0.141746
0.171182
0.180031
0.245323
0.274759
0.337680
0.427493
0.383888
0.791256
0.613828
0.523899
0.619900
0.699824
0.538935
0.584391
0.463176
0.413267
0.369835
0.324032
0.295694
0.285400
0.259723
0.197496
0.162218
0.149785
0.198942
0.229940
0.174768
0.257352
0.214441
0.289391
0.290143
0.365266
0.522858
0.528468
0.505451
0.565654
0.569297
0.537258
0.395801
0.379551
0.384871
0.328427
0.367290
0.312813
0.243357
0.206460
0.238036
0.194778
0.188648
0.214498
0.206749
0.336813
0.304080
0.409218
0.391927
0.446983
0.416390
0.494636
0.626377
0.386375
0.442125
0.616488
0.574444
0.456756
0.361276
0.368563
0.364630
0.291531
0.261747
0.221496
0.178469
0.227626
0.300552
0.206633
0.176040
0.154642
0.185062
0.277651
0.442009
0.423850
0.421537
0.459416
0.446693
0.633953
0.582194
0.658474
0.592950
0.510771
0.610820
0.436399
0.359651
0.339785
0.279143
0.249273
0.213891
0.267363
0.581893
0.312535
0.214111
0.194714
0.198473
0.311598
0.459827
0.436532
0.624313
0.495926
0.461678
0.560605
0.715415
0.592551
0.688656
0.534748
0.569760
0.426568
0.359078
0.283411
0.275505
0.205575
0.213099
0.218697
0.356158
0.288691
0.195506
0.184640
0.197132
0.171940
0.278813
0.277755
0.329139
0.380320
0.392123
0.459336
0.578041
0.469300
0.549900
0.406824
1.000000
0.974323
0.603201
0.417929
0.276830
0.256768
0.189079
0.182386
0.155473
0.216042
0.241468
0.177901
0.222773
0.228467
0.251006
0.271904
0.276744
0.312813
0.375965
0.409276
0.327155
0.337623
0.305410
0.205535
0.340861
0.250990
0.163838
0.193158
0.244802
0.178064
0.128155
0.111963
0.115953
0.105485
0.096001
0.154411
0.150074
0.168696
0.265622
0.454848
0.403204
0.594685
0.666339
0.681722
0.636960
0.552468
0.445942
0.500477
0.626146
0.499205
0.354625
0.343059
0.341613
0.242605
0.217217
0.192349
0.389093
0.290085
0.283434
0.281583
0.289449
0.303849
0.215713
0.294480
0.274007
0.309574
0.336292
0.430963
0.359541
0.424949
0.533441
0.446115
0.356591
0.333459
0.283706
0.196900
0.187549
0.178984
0.156302
0.186814
0.392950
0.289524
0.168933
0.162340
0.139820
0.150027
0.313819
0.655790
0.517763
0.333956
0.357164
0.455790
0.414504
0.410242
0.376341
0.379395
0.449284
0.356198
0.376792
0.345008
0.306642
0.261660
0.240459
0.312223
0.541434
0.330064
0.388948
0.319793
0.346355
0.419345
0.473111
0.381569
0.460544
0.649388
0.478883
0.608756
0.465148
0.566695
0.550756
0.583940
0.331157
0.321950
0.275777
0.250019
0.210178
0.169812
0.148940
0.195402
0.418784
0.253402
0.165012
0.139780
0.149443
0.158777
0.170743
0.199109
0.237030
0.247827
0.227407
0.380112
0.533777
0.549686
0.327490
0.445947
0.466200
0.303681
0.328838
0.249718
0.227279
0.179001
0.180910
0.217459
0.467733
0.365208
0.211931
0.205228
0.239083
0.223272
0.382298
0.289165
0.328254
0.344643
0.335726
0.378035
0.580088
0.548408
0.461203
0.492126
0.498071
0.432704
0.315418
0.228842
0.194951
0.218255
0.246186
0.220623
0.257086
0.300639
0.293630
0.295504
0.367111
0.577856
0.417483
0.540919
0.682491
0.662967
0.816014
0.660076
0.658780
0.718272
0.778492
0.708047
0.525397
0.423127
0.330741
0.348611
0.324610
0.225544
0.254807
0.216812
0.163259
0.248388
0.207038
0.298760
0.271000
0.343290
0.531186
0.605847
0.538010
0.559234
0.572998
0.688431
0.742388
0.630888
0.620189
0.434086
0.381286
0.421247
0.297372
0.238846
0.201775
0.187780
0.147934
0.169505
0.277824
0.260822
0.248677
0.295174
0.202990
0.310095
0.355608
0.432640
0.417488
0.524420
0.484284
0.743198
0.733887
0.727178
0.871469
0.829136
0.569933
0.489489
0.358269
0.265217
0.265622
0.216985
0.208079
0.201949
0.161871
0.286383
0.369314
0.296041
0.316283
0.336235
0.418472
0.364225
0.328427
0.325131
0.305584
0.432004
0.392216
0.331666
0.429344
0.346644
0.292225
0.288061
0.243183
0.217679
0.222711
0.137871
0.194489
0.123471
0.180840
0.227568
0.124454
0.131857
0.119712
0.208484
0.184021
0.262499
0.339589
0.401932
0.299916
0.445248
0.420380
0.576931
0.530897
0.243472
0.362201
0.345545
0.228147
0.255386
0.242547
0.235954
0.141168
0.166498
0.123355
0.157361
0.111616
0.152676
0.108724
0.124512
0.198248
0.228436
0.278056
0.303675
0.354856
0.434260
0.468033
0.445999
0.425238
0.407021
0.258913
0.192638
0.159789
0.120406
0.144811
0.098025
0.125727
0.076685
0.119076
0.167944
0.113466
0.089813
0.104444
0.127057
0.217506
0.167365
0.159847
0.128155
0.121100
0.188937
0.304601
0.213631
0.209814
0.166093
0.151173
0.125033
0.114218
0.085013
0.114334
0.080039
0.064945
0.074314
0.108261
0.066564
0.075239
0.082931
0.083683
0.168522
0.264870
0.177717
0.221959
0.422462
0.613481
0.432235
0.651765
0.634474
0.566058
0.245034
0.210450
0.172686
0.109244
0.101495
0.075818
0.071018
0.103577
0.081832
0.064540
0.061013
0.091432
0.111673
0.275974
0.386780
0.390192
0.400139
0.256484
0.503831
0.483590
0.578839
0.369199
0.454616
0.423098
0.476419
0.368331
0.393372
0.255096
0.181303
0.142960
0.113061
0.103519
0.147471
0.273198
0.084319
0.182460
0.257583
0.278461
0.247867
0.439869
0.559234
0.420958
0.607871
0.392042
0.593471
0.751178
0.599890
0.602897
0.282335
0.342133
0.336003
0.278229
0.244860
0.175982
0.120059
0.114507
0.163549
0.365093
0.278865
0.277304
0.263366
0.276841
0.585779
0.814157
0.750716
0.656161
0.519793
0.752451
0.647370
0.627881
0.585259
0.445190
0.369257
0.327386
0.251164
0.337449
0.292514
0.243299
0.257815
0.235954
0.256542
0.314837
0.268860
0.230865
0.202701
0.251974
0.180551
0.128040
0.116531
0.140589
0.139491
0.153312
0.356765
0.561027
0.563109
0.536449
0.418356
0.363763
0.331839
0.308186
0.253014
0.181997
0.188937
0.123702
0.184426
0.300263
0.274007
0.164821
0.174305
0.258913
0.292976
0.266316
0.319752
0.386606
0.367811
0.400139
0.386086
0.386837
0.546049
0.506549
0.461672
0.454790
0.305352
0.227511
0.189920
0.124686
0.122025
0.136541
0.097158
0.133187
0.235838
0.205708
0.135153
0.164590
0.296099
0.314779
0.273082
0.316630
0.369546
0.525056
0.369141
0.403435
0.345545
0.292167
0.309285
0.231790
0.418182
0.263713
0.265506
0.173843
0.145736
0.110285
0.134054
0.128155
0.191134
0.177023
0.200850
0.204494
0.233005
0.282393
0.268976
0.363647
0.636613
0.637712
0.534309
0.585259
0.544719
0.426337
0.333169
0.374172
0.335772
0.334037
0.211260
0.176503
0.158806
0.120059
0.113119
0.138334
0.104791
0.145563
0.261227
0.359194
0.379666
0.562646
0.715323
0.514068
0.382789
0.433334
0.510019
0.553393
0.525865
0.342480
0.306046
0.305584
0.280427
0.242720
0.201081
0.172917
0.099413
0.065928
0.107972
0.126767
0.197149
0.144522
0.153254
0.155915
0.300494
0.287077
0.339531
0.386722
0.425758
0.425122
0.413267
0.634300
0.411994
0.368620
0.374288
0.216349
0.155915
0.158170
0.132204
0.088483
0.081774
0.089697
0.106411
0.106179
0.150247
0.225082
0.226817
0.296041
0.183790
0.203857
0.260128
0.287135
0.342827
0.383310
0.586531
0.530376
0.508631
0.404361
0.418761
0.212127
0.199925
0.113929
0.100859
0.104734
0.097678
0.061822
0.138160
0.167365
0.121678
0.106700
0.081196
0.100454
0.109649
0.182575
0.189284
0.235491
0.267472
0.309516
0.524882
0.464911
0.498800
0.697337
0.232831
0.216291
0.264176
0.233120
0.195587
0.185236
0.238672
0.193621
0.181361
0.173727
0.312697
0.134864
0.118151
0.085302
0.108550
0.129543
0.111847
0.154758
0.236995
0.168869
0.203510
0.394529
0.251222
0.229708
0.165226
0.086285
0.090044
0.106006
0.061764
0.071422
0.056560
0.088598
0.060492
0.057254
0.084782
0.222826
0.126016
0.064945
0.099818
0.121620
0.086343
0.093398
0.244051
0.309401
0.270075
0.295232
0.186103
0.178643
0.164069
0.244051
0.147760
0.256253
0.138854
0.134806
0.093225
0.085476
0.140878
0.131105
0.179568
0.175751
0.179337
0.099124
0.164763
0.130758
0.375387
0.222248
0.328832
0.204609
0.270942
0.188474
0.133707
0.228899
0.253130
0.181823
0.198884
0.118208
0.108435
0.122314
0.091779
0.096579
0.143134
0.123587
0.139028
0.163549
0.319984
0.405055
0.461903
0.472660
0.189168
0.180204
0.188532
0.486424
0.416910
0.267935
0.210103
0.178411
0.233930
0.229130
0.195761
0.130064
0.106642
0.103924
0.121273
0.100165
0.116416
0.282104
0.241332
0.075181
0.121216
0.155452
0.120175
0.229940
0.227337
0.238788
0.288812
0.524246
0.404129
0.480120
0.441431
0.479253
0.329642
0.234219
0.153659
0.170257
0.121389
0.084782
0.118671
0.082642
0.086863
0.165052
0.165746
0.136657
0.126016
0.140821
0.294249
0.563745
0.620305
0.475899
0.340398
0.358442
0.464737
0.417431
0.433276
0.654830
0.462250
0.283376
0.194893
0.127461
0.144001
0.115143
0.086459
0.105890
0.154064
0.254634
0.206633
0.104155
0.111789
0.147240
0.119423
0.095249
0.124223
0.106237
0.093572
0.100917
0.179221
0.142266
0.144985
0.124049
0.150594
0.116936
0.155741
0.138797
0.126710
0.094208
0.122199
0.099066
0.195183
0.259954
0.097967
0.122141
0.110864
0.085938
0.127172
0.121331
0.119481
0.148859
0.130874
0.150710
0.150247
0.252783
0.164532
0.298413
0.190267
0.126883
0.134112
0.133823
0.142613
0.101726
0.118382
0.129833
0.114449
0.199751
0.145274
0.088483
0.061764
0.123529
0.088483
0.094150
0.126074
0.130237
0.137119
0.168522
0.276147
0.375907
0.328485
0.254749
0.171472
0.148107
0.153370
0.113755
0.115317
0.223347
0.202065
0.217968
0.195587
0.230344
0.145158
0.143307
0.142209
0.218605
0.137987
0.181939
0.210103
0.280716
0.300841
0.211433
0.228089
0.203568
0.289275
0.239019
0.226180
0.175751
0.173553
0.147645
0.246190
0.222132
0.157997
0.108319
0.147992
0.119885
0.123066
0.160252
0.206749
0.322181
0.204436
0.228725
0.233525
0.251337
0.307203
0.228667
0.315415
0.286615
0.275627
0.254634
0.225024
0.232600
0.155915
0.156493
0.124628
0.093745
0.121967
0.114796
0.119192
0.303097
0.204089
0.098141
0.098835
0.131105
0.095307
0.110864
0.169390
0.231038
0.536217
0.473470
0.315820
0.305699
0.437556
0.302056
0.234103
0.177139
0.183154
0.138218
0.103288
0.133071
0.109013
0.102594
0.126999
0.314258
0.160252
0.123587
0.081890
0.085129
0.096579
0.101668
0.106758
0.127519
0.115432
0.108319
0.322471
0.463638
0.335541
0.459416
0.182575
0.170257
0.171992
0.116416
0.116126
0.117919
0.070381
0.102362
0.114565
0.239597
0.374635
0.132840
0.143944
0.107162
0.109129
0.105196
0.117514
0.111616
0.183905
0.130642
0.197785
0.320331
0.351618
0.391059
0.339357
0.190151
0.277130
0.224330
0.228436
0.169274
0.141515
0.119249
0.129717
0.298008
0.249082
0.170951
0.099702
0.092936
0.104676
0.077495
0.093919
0.120753
0.080791
0.100338
0.216523
0.400197
0.277824
0.582945
0.212763
0.227511
0.282682
0.198826
0.141862
0.133534
0.110401
0.108030
0.117110
0.211318
0.201660
0.095307
0.082063
0.074256
0.073909
0.071365
0.176445
0.174074
0.218258
0.254229
0.235781
0.382847
0.387242
0.330047
0.318249
0.246942
0.180435
0.153486
0.144753
0.114160
0.136368
0.108608
0.138507
0.119828
0.162855
0.207443
0.208195
0.387821
0.282971
0.339184
0.308764
0.459706
0.295058
0.283203
0.369604
0.476650
0.359772
0.353526
0.255212
0.290490
0.167712
0.184599
0.204725
0.151404
0.138623
0.141977
0.125437
0.124165
0.123008
0.160368
0.209062
0.279386
0.533962
0.426626
0.572825
0.529856
0.478212
0.501865
0.562184
0.555417
0.622040
0.593644
0.442009
0.285690
0.230402
0.185409
0.179510
0.134575
0.121736
0.131510
0.170257
0.336697
0.194662
0.084030
0.119712
0.118902
0.106815
0.164532
0.138739
0.131568
0.165573
0.149553
0.259607
0.280600
0.267010
0.303039
0.192291
0.196050
0.252552
0.260822
0.181708
0.134922
0.124165
0.100974
0.115028
0.361738
0.152965
0.115490
0.106931
0.118440
0.090680
0.288350
0.598039
0.397421
0.134864
0.167655
0.144927
0.209641
0.391291
0.365497
0.244571
0.180435
0.275106
0.233294
0.221959
0.151057
0.115143
0.102536
0.186855
0.291299
0.193101
0.160773
0.115201
0.090333
0.119134
0.158864
0.177081
0.219009
0.256080
0.214961
0.560333
0.465142
0.444785
0.609953
0.249255
0.236070
0.210103
0.167308
0.151924
0.164069
0.111847
0.116300
0.118729
0.306509
0.237805
0.101148
0.096984
0.114565
0.086806
0.079692
0.108782
0.087442
0.087500
0.116242
0.086054
0.222421
0.201255
0.311078
0.166787
0.183096
0.132030
0.125669
0.111384
0.099760
0.112425
0.111442
0.127172
0.228899
0.187838
0.112657
0.096117
0.096579
0.059972
0.087789
0.151867
0.169505
0.156262
0.170257
0.370124
0.404997
0.307666
0.290894
0.221265
0.210566
0.198132
0.126536
0.112657
0.142151
0.109187
0.123355
0.124743
0.181245
0.175288
0.193563
0.323280
0.212243
0.235954
0.177081
0.207327
0.302808
0.422635
0.218142
0.180667
0.191019
0.173727
0.174479
0.235607
0.150016
0.193158
0.095133
0.078941
0.116878
0.121505
0.102999
0.102767
0.131047
0.116705
0.114276
0.155336
0.254171
0.248735
0.344620
0.399792
0.519041
0.454501
0.546396
0.471214
0.630078
0.424660
0.315068
0.357343
0.249371
0.170141
0.185583
0.134690
0.118498
0.142209
0.099991
0.114681
0.368967
0.190209
0.129833
0.087673
0.089639
0.123992
0.099297
0.124743
0.138970
0.150883
0.120290
0.145274
0.200040
0.399676
0.256542
0.262730
0.194604
0.177023
0.133592
0.117861
0.125322
0.096811
0.098372
0.145100
0.332013
0.175693
0.123529
0.087789
0.091721
0.116126
0.100743
0.134748
0.166498
0.181419
0.159963
0.328080
0.509672
0.389613
0.390018
0.219009
0.166729
0.163606
0.106584
0.107105
0.142151
0.109302
0.105370
0.139086
0.313507
0.171587
0.131568
0.091259
0.106700
0.110112
0.122546
0.197380
0.268745
0.282740
0.274528
0.484978
0.510771
0.352948
0.356938
0.290952
0.263077
0.271232
0.249255
0.179279
0.154411
0.094382
0.112483
0.137293
0.366191
0.284822
0.102941
0.127057
0.094439
0.088656
0.131336
0.119539
0.134054
0.131047
0.109649
0.127866
0.179510
0.223231
0.409855
0.262962
0.248561
0.174884
0.127577
0.142729
0.132666
0.105370
0.102478
0.149495
0.314721
0.196686
0.070960
0.078131
0.092762
0.093745
0.137409
0.137466
0.157187
0.196455
0.177255
0.286499
0.460689
0.250759
0.241969
0.322760
0.201486
0.170778
0.096117
0.091664
0.101611
0.108261
0.082989
0.059798
0.092358
0.062921
0.074719
0.102247
0.085996
0.132782
0.108782
0.118151
0.320331
0.167134
0.241564
0.321892
0.261574
0.246884
0.158170
0.271810
0.210335
0.129023
0.097215
0.114738
0.120869
0.078420
0.084550
0.067548
0.088541
0.071307
0.061996
0.093109
0.121620
0.095365
0.119192
0.236995
0.253014
0.332475
0.363763
0.363358
0.412804
0.401238
0.277535
0.246769
0.237284
0.217274
0.162450
0.135616
0.113061
0.106411
0.117977
0.094150
0.149264
0.117746
0.177255
0.158459
0.321430
0.323974
0.323569
0.361044
0.362259
0.280138
0.247810
0.347917
0.371686
0.613712
0.428129
0.323627
0.205882
0.159038
0.148686
0.111442
0.136657
0.127404
0.102478
0.157014
0.265911
0.192233
0.116531
0.083104
0.100280
0.086516
0.370587
0.504121
0.398866
0.109187
0.098199
0.302692
0.249834
0.322933
0.155047
0.155047
0.139201
0.124107
0.131278
0.109244
0.097678
0.092994
0.124859
0.125727
0.304601
0.249024
0.121505
0.098430
0.093456
0.083914
0.109187
0.093688
0.086690
0.081427
0.107625
0.082179
0.116011
0.274528
0.287077
0.149900
0.163259
0.123645
0.124628
0.110632
0.095076
0.125380
0.097620
0.117804
0.244976
0.261053
0.123760
0.080213
0.108840
0.086632
0.092589
0.065292
0.085996
0.058642
0.064020
0.140011
0.163664
0.141341
0.349305
0.408756
0.216002
0.152503
0.127924
0.101611
0.093919
0.143944
0.097967
0.111731
0.320736
0.270306
0.139433
0.096232
0.113582
0.070844
0.082468
0.125727
0.143018
0.151809
0.206171
0.186103
0.187954
0.288350
0.199462
0.259318
0.157881
0.142498
0.122430
0.107394
0.120637
0.106237
0.069803
0.104791
0.126825
0.160079
0.107278
0.201371
0.185814
0.272735
0.437383
0.283087
0.245207
0.305642
0.464737
0.288350
0.265275
0.197901
0.153370
0.278114
0.142382
0.143770
0.162450
0.121389
0.123529
0.129543
0.150594
0.109129
0.106237
0.133592
0.206055
0.182286
0.203221
0.263656
0.206922
0.276032
0.247463
0.400775
0.510829
0.442934
0.439869
0.433508
0.341150
0.228262
0.336292
0.204204
0.118613
0.097389
0.102883
0.143654
0.107278
0.129196
0.354162
0.157592
0.134054
0.090218
0.087615
0.087847
0.093572
0.144406
0.195298
0.170720
0.283550
0.262383
0.257872
0.461267
0.284591
0.183385
0.205766
0.139664
0.159096
0.098719
0.106642
0.106526
0.100512
0.124570
0.312928
0.135095
0.157303
0.087847
0.106006
0.120232
0.134806
0.149495
0.224677
0.302981
0.288928
0.330509
0.443455
0.435185
0.279039
0.302808
0.311425
0.177660
0.155857
0.115432
0.113061
0.095307
0.114738
0.131336
0.298875
0.226065
0.123298
0.122141
0.133649
0.116416
0.198132
0.282451
0.242142
0.287135
0.293323
0.364399
0.594859
0.481797
0.533904
0.358269
0.398809
0.302866
0.256022
0.221670
0.172513
0.111847
0.142729
0.126536
0.355030
0.262441
0.152156
0.108261
0.096117
0.124165
0.168638
0.255443
0.282624
0.290490
0.337507
0.379030
0.468901
0.427782
0.381633
0.322644
0.472486
0.307203
0.276494
0.238557
0.244051
0.173091
0.133187
0.150826
0.371281
0.227106
0.172859
0.087095
0.132840
0.076165
0.145968
0.148859
0.180031
0.220050
0.338953
0.574097
0.633780
0.499552
0.418992
0.250354
0.246537
0.221323
0.153775
0.168811
0.130700
0.127751
0.105717
0.130527
0.081948
0.054535
0.080849
0.133939
0.131972
0.130237
0.107452
0.151057
0.213168
0.191077
0.160426
0.163259
0.167828
0.132319
0.129312
0.078767
0.069398
0.104444
0.134343
0.090796
0.066622
0.068936
0.099760
0.065061
0.073620
0.058757
0.090738
0.064598
0.088830
0.256253
0.156146
0.097562
0.244802
0.057080
0.081080
0.306972
0.203163
0.188243
0.167770
0.109996
0.100396
0.075124
0.062979
0.062285
0.112020
0.059162
0.062401
0.061186
0.063673
0.149148
0.098893
0.063037
0.087615
0.207038
0.218373
0.127924
0.133649
0.127346
0.143886
0.240176
0.203626
0.366307
0.169158
0.166787
0.153659
0.164358
0.105254
0.120695
0.070497
0.079519
0.058295
0.154642
0.342712
0.219588
0.129370
0.142556
0.129370
0.087500
0.307145
0.454212
0.374693
0.363011
0.307203
0.205188
0.434664
0.364688
0.453228
0.206865
0.266258
0.183674
0.175751
0.165457
0.166209
0.118498
0.114218
0.133013
0.406327
0.221670
0.120522
0.090507
0.105138
0.072637
0.138854
0.142960
0.103866
0.145447
0.112657
0.278114
0.241679
0.224793
0.168406
0.304369
0.229997
0.148628
0.144638
0.096984
0.131221
0.106758
0.119943
0.113813
0.301882
0.155973
0.135558
0.088830
0.084724
0.093572
0.088656
0.087615
0.136021
0.249834
0.269959
0.313044
0.436862
0.543041
0.837637
0.593124
0.520545
0.395107
0.257525
0.213226
0.179395
0.180493
0.135847
0.215655
0.393604
0.215019
0.146777
0.110459
0.160483
0.158806
0.179163
0.263424
0.286152
0.368910
0.368216
0.543215
0.508574
0.405806
0.405228
0.416216
0.297661
0.323396
0.251684
0.271983
0.259723
0.208773
0.179452
0.218373
0.175867
0.259607
0.263366
0.385507
0.320446
0.285169
0.368158
0.416447
0.366307
0.338259
0.607408
0.618338
0.404303
0.362606
0.319695
0.319868
0.304658
0.246884
0.258219
0.243241
0.229188
0.168291
0.125842
0.163086
0.175115
0.139144
0.122893
0.293323
0.369025
0.450106
0.460920
0.355782
0.389729
0.646098
0.452650
0.495417
0.538184
0.437036
0.452939
0.343117
0.413151
0.306451
0.242778
0.135500
0.108840
0.126016
0.155336
0.128734
0.234103
0.245843
0.122488
0.114160
0.135327
0.138450
0.153486
0.162276
0.161004
0.122141
0.130527
0.161120
0.189226
0.262094
0.266374
0.275048
0.203453
0.182055
0.140531
0.111037
0.139086
0.102305
0.107741
0.150247
0.360813
0.193852
0.191713
0.126825
0.112136
0.132840
0.120984
0.134401
0.108435
0.115375
0.135674
0.286557
0.324321
0.249487
0.409218
0.212706
0.193158
0.113871
0.121736
0.094902
0.107625
0.119539
0.093977
0.122372
0.371049
0.197669
0.122083
0.099587
0.102883
0.075991
0.055172
0.069283
0.059683
0.071307
0.054304
0.081716
0.117283
0.208137
0.308996
0.270769
0.195530
0.129428
0.100280
0.105659
0.099991
0.120753
0.102825
0.139953
0.327155
0.142845
0.078015
0.052280
0.068993
0.048868
0.064193
0.051123
0.074950
0.084319
0.075586
0.223173
0.202469
0.384871
0.495272
0.396380
0.186797
0.131857
0.118440
0.089524
0.087731
0.103056
0.098083
0.126016
0.384119
0.181129
0.077957
0.064367
0.089119
0.090680
0.212821
0.108840
0.131857
0.118208
0.110922
0.169274
0.310384
0.298528
0.200908
0.145216
0.182864
0.118960
0.100512
0.112020
0.106411
0.066218
0.103577
0.133823
0.370645
0.094555
0.107105
0.110922
0.217448
0.290432
0.173843
0.130353
0.315299
0.144001
0.137929
0.261747
0.181766
0.170431
0.112946
0.119596
0.115664
0.072059
0.078825
0.062401
0.068473
0.061707
0.063846
0.065524
0.069803
0.080907
0.067027
0.068936
0.098314
0.086921
0.094092
0.170315
0.298586
0.265911
0.360119
0.370645
0.281757
0.152214
0.275858
0.275742
0.163780
0.125322
0.102709
0.091837
0.116300
0.104444
0.112020
0.131105
0.328948
0.164532
0.140069
0.074661
0.081601
0.091895
0.097678
0.099991
0.168406
0.180840
0.151635
0.405286
0.313507
0.214845
0.321661
0.174710
0.215077
0.214498
0.138160
0.100396
0.106989
0.104213
0.095249
0.135674
0.379319
0.211433
0.117399
0.092300
0.126710
0.104791
0.432525
0.593702
0.420785
0.171182
0.160252
0.158922
0.153254
0.220455
0.283550
0.234855
0.161929
0.161120
0.099818
0.104097
0.106122
0.122951
0.106700
0.112657
0.366654
0.206460
0.110228
0.065524
0.083567
0.061707
0.162276
0.072637
0.078709
0.059162
0.066102
0.247752
0.381690
0.282393
0.283318
0.169158
0.155799
0.140069
0.106815
0.117572
0.103519
0.123240
0.108840
0.124165
0.339704
0.327039
0.133592
0.059740
0.067721
0.077032
0.068589
0.054073
0.077379
0.083220
0.103346
0.101842
0.190614
0.184195
0.164127
0.293265
0.148686
0.121967
0.108146
0.100454
0.102131
0.103982
0.121967
0.119423
0.268571
0.190151
0.140474
0.129081
0.122661
0.115028
0.136830
0.119076
0.123298
0.212359
0.183443
0.272446
0.197496
0.147413
0.176329
0.139259
0.128098
0.133707
0.103403
0.096232
0.078478
0.100454
0.093167
0.100165
0.136772
0.116878
0.134517
0.178180
0.162970
0.280600
0.280253
0.295000
0.301188
0.146719
0.140589
0.136136
0.173843
0.180146
0.130816
0.148165
0.138681
0.186508
0.137756
0.100859
0.109534
0.104676
0.106237
0.105601
0.133939
0.150826
0.180320
0.230865
0.172397
0.212706
0.186334
0.146083
0.174305
0.150594
0.164474
0.165110
0.255675
0.393893
0.174132
0.195587
0.189399
0.125495
0.121216
0.095076
0.100859
0.103982
0.099297
0.159963
0.149495
0.124107
0.110459
0.101842
0.140242
0.231848
0.261921
0.392736
0.179626
0.331897
0.163896
0.248966
0.124743
0.170488
0.147587
0.128213
0.161814
0.128907
0.119885
0.115317
0.102420
0.096868
0.141804
0.130411
0.319348
0.255906
0.138392
0.107625
0.102883
0.095885
0.110285
0.127693
0.142613
0.096059
0.077900
0.324726
0.261458
0.263598
0.255096
0.135211
0.161698
0.125669
0.125958
0.110979
0.119307
0.117283
0.112194
0.135037
0.344794
0.212301
0.109649
0.094844
0.103577
0.108146
0.170257
0.102131
0.081543
0.071712
0.063326
0.156724
0.249487
0.171819
0.294364
0.138276
0.162392
0.115722
0.098777
0.124512
0.096695
0.100917
0.105775
0.156435
0.345777
0.228552
0.122430
0.124339
0.099587
0.109187
0.107972
0.106642
0.080560
0.086921
0.071943
0.149380
0.172975
0.172802
0.225429
0.122430
0.160310
0.116936
0.114912
0.120522
0.124281
0.100627
0.117052
0.117283
0.361507
0.172802
0.118035
0.095654
0.114044
0.092531
0.188648
0.079808
0.124570
0.184426
0.125958
0.197785
0.202122
0.156030
0.124570
0.165688
0.118498
0.115201
0.124107
0.109071
0.100917
0.106006
0.101264
0.103461
0.124801
0.137119
0.292109
0.317613
0.365266
0.508400
0.549634
0.426105
0.311598
0.295290
0.244802
0.224966
0.201428
0.335251
0.160773
0.166903
0.168233
0.153486
0.127404
0.133187
0.123645
0.127114
0.108955
0.114623
0.111095
0.136194
0.219761
0.183616
0.281815
0.245439
0.373420
0.641587
0.275395
0.375502
0.257988
0.331782
0.296099
0.244745
0.175635
0.153948
0.205188
0.164474
0.114334
0.121331
0.105601
0.107452
0.126074
0.130006
0.361102
0.192522
0.133765
0.094960
0.102594
0.149380
0.113466
0.120926
0.121505
0.120753
0.128560
0.244108
0.188590
0.221033
0.254055
0.207038
0.148801
0.147818
0.114391
0.113350
0.114623
0.115490
0.099702
0.116242
0.286499
0.236243
0.114449
0.125322
0.110575
0.111269
0.333227
0.392794
0.272735
0.124223
0.107336
0.286326
0.284649
0.504872
0.183211
0.189457
0.125611
0.155626
0.110517
0.120579
0.107509
0.107278
0.105543
0.143250
0.369257
0.177544
0.116184
0.101032
0.095480
0.097042
0.174132
0.096059
0.086401
0.083625
0.097678
0.112425
0.173264
0.224619
0.168406
0.155973
0.198479
0.159038
0.102709
0.115722
0.105832
0.116358
0.107105
0.218836
0.298181
0.168638
0.101958
0.095712
0.110690
0.096059
0.097158
0.090854
0.087210
0.092011
0.117225
0.104271
0.131741
0.147703
0.422578
0.351213
0.134343
0.116531
0.116647
0.118035
0.124801
0.096984
0.107914
0.114218
0.355782
0.252610
0.100338
0.104907
0.099760
0.094439
0.096348
0.120984
0.095538
0.121967
0.291184
0.178411
0.163664
0.153833
0.154122
0.164127
0.131221
0.124628
0.116126
0.129659
0.114218
0.104907
0.120579
0.133418
0.119596
0.148223
0.133476
0.269439
0.201255
0.195934
0.265969
0.486655
0.272388
0.208600
0.288870
0.241043
0.229535
0.282162
0.184195
0.190440
0.164590
0.128560
0.141515
0.104618
0.113235
0.116936
0.110575
0.141688
0.079172
0.107625
0.164185
0.321430
0.213689
0.194604
0.321892
0.364630
0.445421
0.210161
0.267472
0.234450
0.366770
0.229593
0.419686
0.160830
0.162334
0.135847
0.134170
0.118671
0.105081
0.121331
0.098777
0.155105
0.268860
0.243357
0.084203
0.112714
0.089697
0.094497
0.133707
0.124223
0.149264
0.161177
0.126131
0.126074
0.204262
0.178585
0.232658
0.117514
0.123587
0.097938
0.113408
0.126710
0.113293
0.120522
0.132493
0.140127
0.247520
0.196802
0.214094
0.131683
0.137987
0.120637
0.130411
0.121216
0.106526
0.114276
0.136599
0.231964
0.421190
0.443513
0.426626
0.315531
0.250990
0.151115
0.125958
0.102709
0.116184
0.105081
0.103114
0.157014
0.456062
0.220860
0.099066
0.116011
0.125322
0.224503
0.228089
0.111095
0.110748
0.073562
0.096868
0.101264
0.157071
0.231732
0.257121
0.158344
0.165746
0.128271
0.125437
0.139317
0.099413
0.145447
0.098777
0.134806
0.374808
0.154527
0.136830
0.126131
0.144117
0.142209
0.169332
0.112888
0.108782
0.109938
0.112425
0.259839
0.210450
0.230344
0.242316
0.241911
0.160252
0.149148
0.125264
0.120984
0.146141
0.102073
0.139548
0.144638
0.356591
0.203684
0.126478
0.124165
0.107105
0.103577
0.125206
0.122083
0.133129
0.132088
0.123529
0.138912
0.208889
0.306162
0.157592
0.163375
0.249834
0.138912
0.114334
0.113293
0.120348
0.107972
0.153717
0.114276
0.125495
0.201775
0.223520
0.238036
0.261400
0.178469
0.166498
0.201544
0.351560
0.238961
0.313680
0.388254
0.462829
0.366481
0.375676
0.214209
0.252321
0.154758
0.162681
0.153891
0.148165
0.158286
0.144406
0.197554
0.212821
0.243414
0.181650
0.308244
0.217043
0.335656
0.274123
0.346239
0.287367
0.242316
0.223925
0.207443
0.432004
0.244918
0.406905
0.246017
0.190093
0.183501
0.158864
0.153139
0.153370
0.148686
0.149958
0.204956
0.433623
0.250065
0.159153
0.150247
0.162681
0.150016
0.140474
0.162103
0.177081
0.245554
0.208021
0.233005
0.376023
0.352890
0.258856
0.220108
0.204320
0.206980
0.155741
0.172050
0.144638
0.159153
0.172166
0.197901
0.395859
0.250007
0.186913
0.161351
0.140878
0.136830
0.232311
0.531591
0.402510
0.230634
0.182633
0.271463
0.311540
0.234508
0.426105
0.228667
0.207559
0.170835
0.156493
0.180378
0.155105
0.146141
0.155336
0.281526
0.378972
0.211607
0.151751
0.146083
0.164879
0.132030
0.143481
0.128618
0.158749
0.129659
0.147413
0.448371
0.455715
0.481566
0.279212
0.184773
0.191713
0.174363
0.154411
0.153775
0.133707
0.132088
0.152734
0.171703
0.455021
0.250586
0.147587
0.130469
0.140821
0.121736
0.136194
0.123934
0.157014
0.140647
0.148223
0.204609
0.418472
0.435416
0.187317
0.421594
0.251222
0.151982
0.147587
0.133360
0.148744
0.126420
0.115606
0.149842
0.216927
0.212012
0.158980
0.136078
0.213110
0.212359
0.138103
0.179684
0.132840
0.150016
0.151751
0.163375
0.220860
0.145563
0.177660
0.162103
0.170315
0.137177
0.157361
0.130469
0.146893
0.119307
0.129890
0.112946
0.143712
0.146199
0.158749
0.220455
0.293670
0.193158
0.282740
0.296331
0.304427
0.361565
0.229766
0.190325
0.240291
0.416910
0.172859
0.157650
0.178527
0.158980
0.158980
0.154585
0.130874
0.109649
0.118555
0.144811
0.135384
0.156667
0.141572
0.170141
0.184889
0.229766
0.231212
0.385507
0.381575
0.263135
0.541306
0.310731
0.242431
0.232658
0.250239
0.270769
0.183096
0.158633
0.135847
0.128329
0.140474
0.127230
0.137582
0.144927
0.168522
0.446636
0.185409
0.163953
0.111847
0.136830
0.110459
0.108608
0.158459
0.236070
0.125206
0.219472
0.246248
0.298875
0.205882
0.330047
0.223636
0.262788
0.123471
0.110401
0.125495
0.137062
0.115548
0.114912
0.177660
0.322586
0.160483
0.136136
0.126652
0.117457
0.143134
0.117225
0.125900
0.120753
0.157534
0.164300
0.270422
0.210797
0.245554
0.279039
0.169852
0.162161
0.130989
0.144348
0.134748
0.121389
0.142440
0.127982
0.130584
0.169100
0.179741
0.126305
0.132262
0.143365
0.107105
0.115085
0.111673
0.120984
0.115664
0.136830
0.266374
0.197669
0.370645
0.375849
0.190325
0.149206
0.148281
0.161062
0.116763
0.125437
0.117746
0.173727
0.152965
0.371628
0.223520
0.118035
0.113177
0.145447
0.118208
0.119018
0.139086
0.123182
0.124396
0.144695
0.282220
0.338432
0.457450
0.423966
0.258451
0.223115
0.177949
0.135847
0.130989
0.167944
0.133476
0.127230
0.157071
0.361391
0.230749
0.161351
0.122604
0.161814
0.143886
0.136599
0.149900
0.169679
0.122141
0.161351
0.258277
0.334557
0.207559
0.193332
0.408409
0.221438
0.178238
0.116473
0.127057
0.114334
0.160426
0.121678
0.124107
0.109649
0.146835
0.173380
0.114391
0.133129
0.187086
0.332996
0.188590
0.127866
0.200387
0.317324
0.261689
0.298875
0.361738
0.227568
0.200040
0.353873
0.141862
0.109591
0.108203
0.135963
0.125380
0.118960
0.115548
0.158575
0.116705
0.134112
0.136830
0.159038
0.122546
0.109244
0.148050
0.127577
0.122777
0.201313
0.189399
0.184021
0.279964
0.498858
0.209930
0.257063
0.212821
0.145910
0.136772
0.176734
0.133592
0.166382
0.174768
0.396842
0.295579
0.208079
0.144117
0.192696
0.141746
0.141919
0.204378
0.270133
0.236185
0.203857
0.190730
0.249024
0.288408
0.294364
0.235665
0.297198
0.200503
0.146604
0.160946
0.177544
0.149438
0.150247
0.180378
0.421941
0.266721
0.179568
0.141746
0.132319
0.173958
0.273371
0.530723
0.398866
0.165457
0.161814
0.492728
0.240638
0.371049
0.381170
0.233641
0.191308
0.169679
0.197612
0.155741
0.154411
0.106006
0.121273
0.143944
0.337044
0.254634
0.106237
0.159847
0.102709
0.110690
0.128387
0.132262
0.128618
0.118498
0.169852
0.299106
0.449932
0.374924
0.272677
0.161929
0.217043
0.137813
0.151520
0.132030
0.161235
0.124570
0.128213
0.164763
0.387821
0.227742
0.163317
0.118324
0.115259
0.159096
0.115895
0.132782
0.148107
0.116242
0.118324
0.252667
0.267472
0.408987
0.278808
0.175867
0.164821
0.191655
0.146546
0.140300
0.140763
0.137351
0.133418
0.201197
0.364688
0.273834
0.166729
0.118151
0.132435
0.150594
0.127404
0.196397
0.155047
0.194951
0.174537
0.246132
0.213862
0.331666
0.205245
0.278981
0.203857
0.205130
0.137119
0.119770
0.173264
0.130237
0.150247
0.200908
0.148917
0.149148
0.216638
0.220282
0.357806
0.336350
0.197322
0.284302
0.342365
0.241564
0.266894
0.329989
0.345488
0.369835
0.392910
0.338432
0.195819
0.182980
0.131452
0.124223
0.157129
0.183154
0.134806
0.177833
0.137119
0.172339
0.159963
0.159038
0.192869
0.204551
0.234797
0.406269
0.234624
0.575774
0.421421
0.364110
0.339300
0.290490
0.343579
0.292051
0.476708
0.252957
0.156724
0.179799
0.140184
0.140358
0.170141
0.177023
0.385912
0.281815
0.174999
0.162450
0.156956
0.158459
0.181303
0.153312
0.171472
0.202354
0.262788
0.277767
0.250528
0.350114
0.282162
0.247694
0.222132
0.268571
0.159211
0.177544
0.131625
0.147413
0.163549
0.167886
0.436920
0.226585
0.301188
0.222017
0.193216
0.175635
0.159153
0.161929
0.124049
0.118440
0.183154
0.159616
0.248619
0.212706
0.368967
0.348611
0.224272
0.163144
0.129370
0.176040
0.158459
0.137062
0.180898
0.173611
0.406616
0.201024
0.216349
0.292109
0.294133
0.257583
0.314490
0.250239
0.318712
0.210566
0.162797
0.300090
0.349709
0.193679
0.277593
0.358847
0.176676
0.167134
0.151288
0.186334
0.136368
0.124223
0.123529
0.166903
0.144753
0.160368
0.190036
0.186392
0.162218
0.171472
0.225718
0.181534
0.215539
0.364341
0.375792
0.205997
0.151751
0.174132
0.423445
0.185351
0.137640
0.142903
0.170951
0.126420
0.138450
0.129081
0.190556
0.144695
0.120811
0.161235
0.182633
0.172397
0.141515
0.127635
0.103924
0.145505
0.101726
0.099529
0.124281
0.283665
0.316977
0.134401
0.150189
0.173553
0.140358
0.107741
0.100685
0.137409
0.117919
0.122314
0.096753
0.141977
0.123529
0.103808
0.110401
0.137235
0.094150
0.100338
0.143770
0.173467
0.196180
0.208086
0.240440
0.456178
0.314605
0.224503
0.262036
0.225255
0.172166
0.151647
0.139652
0.131874
0.138611
0.133337
0.132626
0.143122
0.167285
0.156146
0.162988
0.166654
0.171847
0.208432
0.436000
0.556667
0.560414
0.512535
0.534054
0.572125
0.541624
0.506688
0.635966
0.455339
0.425573
0.246271
0.204447
0.164942
0.135384
0.132030
0.142989
0.133490
0.191633
0.180685
0.139153
0.138049
0.138596
0.142803
0.136194
0.126652
0.185583
0.224764
0.235318
0.282653
0.442226
0.192349
0.191100
0.158002
0.165041
0.132175
0.116126
0.123182
0.114490
0.110505
0.132342
0.281699
0.226337
0.154348
0.117381
0.131909
0.127172
0.123332
0.201249
0.534887
0.411613
0.195634
0.236428
0.328115
0.253639
0.189775
0.311026
0.340942
0.160611
0.194633
0.157777
0.163375
0.174490
0.163045
0.199422
0.383414
0.289582
0.195113
0.145042
0.163254
0.153561
0.144661
0.166984
0.164705
0.137015
0.131660
0.154041
0.303791
0.298233
0.235266
0.298788
0.340057
0.216395
0.145794
0.163375
0.138392
0.127288
0.173322
0.136368
0.209872
0.291993
0.292167
0.189573
0.203857
0.143886
0.186161
0.214151
0.171414
0.130469
0.177486
0.146835
0.247173
0.207385
0.249313
0.297834
0.164994
0.162450
0.208310
0.135384
0.144233
0.169447
0.135963
0.134690
0.224850
0.257525
0.258798
0.196802
0.156320
0.131278
0.120464
0.144638
0.112657
0.109591
0.177660
0.144522
0.209814
0.235260
0.221554
0.245554
0.234971
0.206228
0.168175
0.148397
0.144811
0.140994
0.168002
0.128098
0.123702
0.213053
0.157014
0.362837
0.412688
0.233120
0.394182
0.378741
0.247578
0.376428
0.183790
0.213804
0.301940
0.451262
0.296157
0.240176
0.379146
0.189168
0.185872
0.178238
0.148917
0.176966
0.158286
0.153486
0.186161
0.140589
0.157361
0.300841
0.194373
0.175635
0.224330
0.186508
0.268803
0.187260
0.179799
0.249660
0.494231
0.433392
0.247000
0.220166
0.260880
0.202354
0.192002
0.135327
0.142903
0.158922
0.140069
0.131799
0.155741
0.248561
0.223925
0.194142
0.189168
0.140994
0.168175
0.142613
0.133302
0.225487
0.222017
0.218836
0.373073
0.253304
0.233120
0.364514
0.223462
0.213168
0.176676
0.201833
0.143828
0.146257
0.166209
0.170835
0.179799
0.301998
0.265217
0.244051
0.148107
0.182922
0.137177
0.196339
0.150479
0.184715
0.153833
0.193737
0.236822
0.258335
0.293844
0.376890
0.192927
0.203337
0.174537
0.147818
0.170604
0.136425
0.147760
0.199000
0.217968
0.242200
0.207501
0.157997
0.181997
0.145736
0.194893
0.150710
0.144638
0.233467
0.207732
0.167018
0.297661
0.239713
0.204089
0.580748
0.229766
0.226412
0.194026
0.134286
0.192927
0.151751
0.151115
0.193621
0.236012
0.305815
0.269497
0.150132
0.186970
0.171876
0.189515
0.140474
0.138623
0.196571
0.152850
0.178122
0.369314
0.420496
0.194778
0.427956
0.174768
0.174537
0.199925
0.160426
0.136946
0.143539
0.176676
0.147818
0.160599
0.253593
0.226643
0.221380
0.152618
0.146315
0.260359
0.185236
0.186450
0.180204
0.214672
0.137871
0.296331
0.261978
0.229130
0.193563
0.174884
0.225255
0.170720
0.157129
0.178758
0.127288
0.134633
0.182633
0.146257
0.187260
0.298181
0.236532
0.218489
0.223694
0.213689
0.438886
0.250759
0.192811
0.221727
0.300147
0.519677
0.686349
0.362259
0.321661
0.289564
0.266142
0.241969
0.212185
0.214730
0.213284
0.157592
0.149611
0.202816
0.190209
0.157534
0.202990
0.170315
0.178816
0.250643
0.376254
0.259260
0.326403
0.311656
0.202412
0.271232
0.275742
0.291531
0.337507
0.267068
0.209178
0.223578
0.156030
0.146430
0.180725
0.146257
0.164243
0.252205
0.320851
0.251684
0.154469
0.192522
0.134633
0.136252
0.180320
0.185178
0.170373
0.200677
0.188127
0.289159
0.321025
0.222653
0.290085
0.348206
0.206286
0.220976
0.166151
0.149958
0.164358
0.185467
0.153312
0.304890
0.370587
0.195356
0.157708
0.125553
0.142960
0.168696
0.218720
0.484400
0.351734
0.291473
0.194778
0.335888
0.247925
0.200619
0.218662
0.226817
0.351155
0.322355
0.182922
0.197959
0.152965
0.159269
0.165341
0.217274
0.385218
0.245728
0.141168
0.145563
0.133707
0.149727
0.135442
0.136136
0.153486
0.139780
0.162623
0.259549
0.225949
0.207790
0.253708
0.309632
0.376081
0.332533
0.246942
0.251395
0.220629
0.145042
0.186392
0.246364
0.365093
0.252610
0.136483
0.138912
0.146546
0.142382
0.159443
0.130816
0.166209
0.138623
0.147009
0.381054
0.407021
0.326287
0.679814
0.539687
0.304196
0.220050
0.176561
0.181187
0.159674
0.166440
0.150132
0.250759
0.279444
0.251627
0.337044
0.152965
0.135674
0.128907
0.152156
0.121158
0.134806
0.124975
0.165862
0.314027
0.249660
0.319810
0.362779
0.367869
0.241622
0.223173
0.221727
0.156782
0.156435
0.160483
0.162565
0.195934
0.192580
0.315357
0.337160
0.359772
0.331724
0.406616
0.236648
0.228147
0.287482
0.293439
0.276726
0.123702
0.249776
0.241969
0.198248
0.274354
0.175635
0.199867
0.176561
0.167018
0.163491
0.161524
0.169968
0.202354
0.169158
0.193448
0.183790
0.229650
0.304485
0.227742
0.286326
0.218315
0.185409
0.213400
0.201602
0.324495
0.381633
0.350577
0.417199
0.289217
0.216233
0.195934
0.156204
0.211896
0.148628
0.145389
0.197612
0.256080
0.380302
0.192869
0.153948
0.129196
0.139548
0.132030
0.142093
0.175520
0.134575
0.147009
0.203163
0.325998
0.237631
0.338374
0.381575
0.267241
0.319637
0.221727
0.192522
0.142498
0.143944
0.166324
0.199462
0.208600
0.404939
0.187375
0.153197
0.131568
0.122661
0.163491
0.205188
0.147124
0.158459
0.133418
0.168175
0.226007
0.229766
0.266142
0.612787
0.242026
0.231848
0.224272
0.170026
0.180609
0.165978
0.153775
0.166903
0.239424
0.323512
0.230923
0.148165
0.143886
0.137987
0.150305
0.167828
0.132030
0.123587
0.153428
0.136078
0.399734
0.412920
0.448775
0.445652
0.238094
0.446636
0.245381
0.160599
0.139259
0.152387
0.179741
0.144985
0.291704
0.305063
0.352948
0.202874
0.121620
0.121216
0.138334
0.134980
0.188011
0.174826
0.186508
0.123529
0.369951
0.352254
0.560044
0.430963
0.295637
0.289853
0.230865
0.178354
0.164300
0.168349
0.156204
0.215366
0.195587
0.235723
0.209525
0.197438
0.160888
0.168811
0.178122
0.196686
0.220166
0.198595
0.380592
0.371917
0.414018
0.729607
0.468265
0.534771
0.277477
0.381806
0.266084
0.189689
0.240581
0.263887
0.151693
0.206344
0.182749
0.254518
0.232369
0.295752
0.335541
0.474048
0.520371
0.386201
0.348842
0.193621
0.155973
0.179105
0.254113
0.316919
0.308880
0.345719
0.366249
0.415985
0.406674
0.224966
0.183905
0.177081
0.168696
0.177486
0.231212
0.327560
0.291126
0.207732
0.213110
0.315299
0.288003
0.322702
0.212879
0.333112
0.188416
0.233467
0.238441
0.220513
0.161004
0.352774
0.270653
0.184368
0.176272
0.172397
0.181939
0.169852
0.192233
0.185351
0.167770
0.167597
0.164243
0.237169
0.148165
0.196918
0.187954
0.229824
0.212474
0.215135
0.279848
0.396785
0.342018
0.365151
0.294711
0.678137
0.382905
0.426568
0.477749
0.364225
0.312350
0.337507
0.311193
0.331782
0.362837
0.440679
0.419512
0.585432
0.604343
0.352081
0.223520
0.191077
0.241564
0.172859
0.164937
0.216985
0.435243
0.421999
0.414481
0.378972
0.387011
0.280485
0.242547
0.193910
0.182749
0.214325
0.173669
0.187896
0.250990
0.321372
0.272157
0.195992
0.273140
0.208484
0.180956
0.195587
0.190845
0.210682
0.195703
0.202296
0.453922
0.295290
0.308302
0.342480
0.236937
0.256369
0.209236
0.276147
0.195472
0.215886
0.182402
0.199925
0.391522
0.277362
0.282624
0.185120
0.252321
0.210219
0.195472
0.255733
0.199867
0.207212
0.209409
0.201371
0.546916
0.322644
0.381228
0.736200
0.266200
0.239019
0.206922
0.163953
0.197380
0.198942
0.169794
0.182460
0.209756
0.264870
0.281699
0.219298
0.224561
0.213168
0.261400
0.310152
0.351040
0.211029
0.277188
0.360755
0.369083
0.343984
0.288465
0.263366
0.294653
0.371743
0.272851
0.222711
0.203221
0.183038
0.239771
0.187722
0.200272
0.199867
0.234335
0.378683
0.236822
0.246190
0.273198
0.237573
0.322124
0.418529
0.396611
0.470173
0.421652
0.695718
0.424255
0.390250
0.434549
0.361796
0.229188
0.305121
0.298123
0.217448
0.265448
0.179048
0.219067
0.209583
0.201775
0.175982
0.236070
0.285285
0.253477
0.253998
0.272851
0.567562
0.258682
0.234566
0.253824
0.323222
0.357112
0.391927
0.265448
0.347107
0.318075
