0.140635
0.130225
0.086692
0.163770
0.118900
0.150200
0.154780
0.193401
0.108098
0.231459
0.278161
0.369703
0.312215
0.332542
0.317662
0.230453
0.110884
0.089369
0.149725
0.087873
0.165548
0.113912
0.145291
0.146614
0.146635
0.137505
0.149820
0.116461
0.117065
0.091015
0.128339
0.322184
0.600874
0.511666
0.436754
0.321855
0.388000
0.369264
0.506013
0.304887
0.873863
0.418860
0.169024
0.139160
0.142547
0.093818
0.103643
0.088379
0.121185
0.125049
0.078187
0.115625
0.092001
0.131031
0.131617
0.340091
0.430232
0.329572
0.292681
0.370572
0.469650
0.338800
0.511257
0.445459
0.451523
0.560578
0.366805
0.266969
0.155533
0.181089
0.133610
0.160164
0.146859
0.134707
0.179848
0.179175
0.140088
0.163985
0.199553
0.369015
0.574541
0.480476
0.425896
0.307854
0.420411
0.511684
0.364554
0.506392
0.484985
0.319811
0.312860
0.113811
0.135983
0.154545
0.137524
0.128217
0.154763
0.109759
0.172356
0.130921
0.183668
0.181791
0.157300
0.355295
0.500428
0.534398
0.427180
0.335322
0.495211
0.597091
0.533852
0.524867
0.590034
0.851760
0.608321
0.514097
0.318295
0.134016
0.114467
0.187101
0.205635
0.122548
0.174001
0.164455
0.230698
0.204154
0.188150
0.505474
0.539268
0.413913
0.330968
0.574255
0.446070
0.526223
0.418885
0.513179
0.313398
0.567073
0.730543
0.806485
0.302637
0.162485
0.143315
0.139328
0.181689
0.106307
0.119597
0.200434
0.134433
0.168380
0.207901
0.140296
0.118561
0.124366
0.419587
0.273587
0.411772
0.644532
0.384640
0.290641
0.307995
0.205791
0.119529
0.215644
0.134008
0.165598
0.169786
0.197618
0.136986
0.137556
0.134047
0.210860
0.223489
0.170806
0.176118
0.143149
0.174577
0.252346
0.342861
0.260589
0.289488
0.411486
0.368246
0.525382
0.299823
0.152699
0.164686
0.269753
0.122573
0.199100
0.166449
0.124030
0.130077
0.170792
0.184435
0.164927
0.175931
0.172600
0.176646
0.388158
0.347680
0.396953
0.363188
0.473354
0.359616
0.290772
0.359656
0.397444
0.309453
0.517657
0.317475
0.159990
0.152881
0.182566
0.156798
0.143735
0.143053
0.104811
0.140531
0.194967
0.160792
0.136505
0.144450
0.209515
0.473736
0.386825
0.537953
0.319248
0.286917
0.420694
0.488855
0.382484
0.523943
0.685244
0.625356
0.361127
0.090538
0.123916
0.105638
0.121854
0.125709
0.129130
0.160631
0.167875
0.189663
0.186897
0.106050
0.375059
0.567582
0.454654
0.445193
0.456066
0.394306
0.513643
0.430185
0.563691
0.548326
0.554530
0.817609
0.379176
0.158463
0.174989
0.151710
0.115675
0.113736
0.193481
0.168466
0.177910
0.149076
0.144263
0.132735
0.295213
0.335178
0.500854
0.358945
0.342648
0.476952
0.564722
0.392649
0.392395
0.318481
0.533619
0.533552
0.200508
0.141563
0.143473
0.189087
0.127970
0.180112
0.125582
0.212767
0.191062
0.190046
0.143915
0.210043
0.332402
0.717689
0.352784
0.480598
0.557611
0.468922
0.600386
0.393507
0.354864
0.548512
0.569518
0.536654
0.247960
0.425483
0.321426
0.160173
0.197272
0.233581
0.144970
0.109060
0.145285
0.121379
0.118796
0.174734
0.184650
0.123926
0.186379
0.253734
0.496965
0.368568
0.311886
0.282007
0.339650
0.275967
0.097508
0.109772
0.182018
0.177284
0.154769
0.103479
0.155021
0.171058
0.145713
0.133492
0.188772
0.159052
0.178097
0.165813
0.134405
0.131654
0.139936
0.310900
0.385906
0.315238
0.344564
0.249810
0.278372
0.097791
0.270888
0.173942
0.236357
0.120899
0.158824
0.120464
0.113853
0.120705
0.160893
0.128386
0.133613
0.099889
0.168352
0.196112
0.275021
0.357611
0.412037
0.434727
0.396747
0.392118
0.400278
0.333635
0.300206
0.476863
0.692361
0.620324
0.141578
0.126763
0.104194
0.098559
0.147223
0.097682
0.086201
0.121658
0.105282
0.085098
0.090316
0.144277
0.289091
0.413622
0.423017
0.402026
0.367746
0.377849
0.711425
0.776834
0.448779
0.436306
0.559967
0.642645
0.312587
0.116266
0.110819
0.086718
0.139407
0.083678
0.130184
0.166132
0.084701
0.152275
0.142869
0.119175
0.369823
0.277149
0.421768
0.485426
0.269434
0.434842
0.459414
0.459161
0.486462
0.694528
0.607490
0.637982
0.312077
0.137971
0.112626
0.051012
0.151631
0.090134
0.148005
0.099392
0.092804
0.164391
0.118006
0.202703
0.245393
0.382304
0.459482
0.433497
0.642388
0.695280
0.428560
0.451596
0.522116
0.395424
0.551147
0.879693
0.550855
0.586929
0.136350
0.111973
0.084918
0.087801
0.101979
0.102002
0.142808
0.108973
0.134923
0.126908
0.339944
0.354773
0.495367
0.359606
0.506517
0.373187
0.473571
0.270635
0.290463
0.349829
0.267962
0.222397
0.100130
0.055365
0.066881
0.061131
0.112027
0.145428
0.113748
0.102166
0.141382
0.088872
0.128402
0.133251
0.105653
0.140764
0.195034
0.409357
0.297138
0.271155
0.449844
0.355037
0.406568
0.293466
0.140633
0.106778
0.118328
0.077465
0.079037
0.115519
0.076796
0.086825
0.127731
0.084015
0.084951
0.086917
0.115318
0.083039
0.176175
0.399648
0.445644
0.511684
0.554639
0.308795
0.444343
0.332716
0.426512
0.385044
0.218836
0.336162
0.223676
0.304367
0.229273
0.250200
0.119466
0.075582
0.095246
0.087775
0.074002
0.087354
0.078088
0.061182
0.463123
0.518706
0.675797
0.456042
0.319548
0.442199
0.463425
0.389969
0.691572
0.770233
0.859242
0.758390
0.258743
0.084166
0.126749
0.081642
0.158015
0.096746
0.142938
0.103625
0.089880
0.144891
0.092052
0.086629
0.315494
0.538470
0.502259
0.725347
0.847215
0.696101
0.619984
0.479519
0.415992
0.633056
0.865434
0.784099
0.741746
0.241715
0.189944
0.193269
0.218197
0.156961
0.180761
0.159913
0.170505
0.114072
0.079104
0.155696
0.337007
0.453657
0.303925
0.516449
0.368287
0.429976
0.509941
0.481244
0.454081
0.590418
0.402873
0.336764
0.407309
0.178325
0.163949
0.092414
0.130464
0.097631
0.112422
0.127883
0.108650
0.165746
0.133918
0.094292
0.261076
0.537701
0.464065
0.417585
0.330803
0.526904
0.317439
0.322403
0.613182
0.759376
0.468619
0.833158
0.309320
0.141367
0.094729
0.084641
0.122605
0.103605
0.109223
0.127492
0.138842
0.148578
0.094861
0.348006
0.513776
0.307658
0.271698
0.308754
0.499439
0.368194
0.487711
0.479591
0.394488
0.161718
0.332415
0.160321
0.099507
0.126369
0.120864
0.134236
0.161885
0.131491
0.107720
0.121800
0.129151
0.104451
0.151575
0.164756
0.189440
0.108329
0.076783
0.203041
0.450003
0.266052
0.261168
0.335850
0.134266
0.140832
0.095248
0.105758
0.093873
0.122971
0.087966
0.099056
0.146284
0.117592
0.156282
0.131292
0.117856
0.136914
0.076737
0.115880
0.106729
0.096176
0.154109
0.226737
0.224191
0.219284
0.214664
0.184150
0.172724
0.236223
0.260712
0.152353
0.152104
0.130012
0.155113
0.098891
0.093391
0.180212
0.149123
0.133469
0.159586
0.112245
0.115248
0.125226
0.414787
0.368286
0.420930
0.378819
0.453815
0.269763
0.380306
0.460121
0.465510
0.498371
0.482742
0.310677
0.127976
0.120045
0.143511
0.082519
0.107137
0.107083
0.128803
0.150092
0.094493
0.147646
0.107126
0.110466
0.357090
0.424468
0.462235
0.384038
0.418910
0.333802
0.439693
0.496998
0.380933
0.364759
0.565094
0.358456
0.130625
0.113566
0.076865
0.145529
0.112487
0.081247
0.107428
0.142453
0.138236
0.065462
0.098874
0.148803
0.297244
0.336090
0.364939
0.563192
0.678855
0.709248
0.408925
0.269751
0.392335
0.444290
0.171178
0.118098
0.121283
0.136035
0.143107
0.106451
0.102203
0.103887
0.158243
0.161881
0.128147
0.194415
0.160272
0.198815
0.241113
0.550441
0.398633
0.399571
0.542440
0.503362
0.628712
0.670535
0.520482
0.803042
0.817192
0.704056
0.410927
0.141750
0.130733
0.117553
0.163209
0.178260
0.114208
0.124849
0.101225
0.189121
0.100731
0.144901
0.368274
0.411352
0.512644
0.362731
0.717325
0.783051
0.629839
0.591877
0.801364
0.466271
0.918122
0.500791
0.196640
0.261691
0.235677
0.184500
0.180241
0.180923
0.160279
0.147638
0.172870
0.198067
0.166956
0.153484
0.137515
0.185596
0.357826
0.505143
0.321422
0.251195
0.177917
0.147706
0.328348
0.363301
0.143472
0.117915
0.156470
0.169096
0.121558
0.121033
0.182846
0.168613
0.101322
0.170851
0.113228
0.120339
0.153552
0.098085
0.145244
0.162505
0.260132
0.238760
0.393596
0.301690
0.372703
0.279104
0.296783
0.210557
0.109816
0.173941
0.204400
0.174254
0.149848
0.129330
0.106479
0.166797
0.143697
0.104757
0.169387
0.176203
0.097640
0.185677
0.430364
0.373789
0.509758
0.349462
0.297316
0.296414
0.323860
0.454058
0.494659
0.470146
0.455890
0.407195
0.272038
0.098285
0.074333
0.079842
0.132886
0.116438
0.124822
0.124231
0.120052
0.136317
0.126735
0.116178
0.491743
0.300710
0.390779
0.512643
0.555440
0.709622
0.546735
0.449580
0.570867
0.479502
0.493765
0.373894
0.252861
0.225830
0.144601
0.206008
0.178465
0.153490
0.165404
0.108762
0.184400
0.170380
0.184747
0.123429
0.543756
0.531531
0.623363
0.613453
0.478298
0.656857
0.349328
0.530896
0.460610
0.367511
0.749410
0.604728
0.468890
0.173822
0.154174
0.143281
0.159579
0.175690
0.155681
0.176075
0.194330
0.185763
0.151945
0.109699
0.614649
0.503434
0.457935
0.387273
0.336771
0.524628
0.519487
0.398143
0.445690
0.375461
0.706413
1.000000
0.581592
0.142218
0.124558
0.126123
0.169460
0.186914
0.113034
0.133469
0.182821
0.188062
0.145264
0.165715
0.315835
0.610543
0.715973
0.750268
0.558671
0.344697
0.384304
0.351954
0.315095
0.257104
0.195253
0.130197
0.093583
0.137672
0.096680
0.096400
0.126530
0.144353
0.128489
0.139118
0.101056
0.117742
0.094357
0.103493
0.159447
0.092241
0.139968
0.171782
0.377697
0.223838
0.274131
0.256525
0.255985
0.178042
0.128153
0.136730
0.082267
0.081419
0.105925
0.119847
0.127380
0.125794
0.129175
0.116139
0.094345
0.087878
0.114023
0.135576
0.090043
0.100534
0.088771
0.080747
0.096426
0.082106
0.063543
0.140162
0.114195
0.125334
0.095275
0.117324
0.102412
0.124293
0.132426
0.140624
0.108922
0.075380
0.109435
0.093932
0.135750
0.240745
0.512603
0.495836
0.426236
0.470437
0.540849
0.661028
0.432564
0.595654
0.620033
0.368445
0.524481
0.688547
0.770119
0.604594
0.434580
0.180135
0.160962
0.124624
0.137426
0.152765
0.144652
0.198378
0.176334
0.168881
0.151955
0.168243
0.400610
0.602646
0.665341
0.600100
0.484329
0.344962
0.189309
0.484355
0.323184
0.424801
0.534373
0.406356
0.405532
0.299340
0.082657
0.128889
0.106167
0.148825
0.106471
0.118361
0.173600
0.094066
0.110772
0.116596
0.410571
0.476687
0.427034
0.282642
0.415942
0.299710
0.464822
0.445270
0.436601
0.278019
0.410957
0.368492
0.153681
0.089902
0.138291
0.086364
0.081143
0.084675
0.145500
0.139886
0.103221
0.094566
0.117767
0.116555
0.415385
0.406794
0.360028
0.326805
0.383584
0.427592
0.484471
0.483057
0.489119
0.451850
0.734732
0.778282
0.507544
0.303180
0.327003
0.071297
0.115505
0.116673
0.091861
0.122566
0.104287
0.138226
0.101005
0.085003
0.308989
0.358716
0.263022
0.365984
0.419600
0.387898
0.698006
0.666887
0.528437
0.324685
0.564200
0.651038
0.234365
0.062088
0.056648
0.053685
0.049692
0.062873
0.064008
0.065004
0.048202
0.078279
0.070208
0.060127
0.058562
0.044500
0.039871
0.343074
0.404947
0.515025
0.673436
0.378091
0.712197
0.324035
0.038648
0.039798
0.058518
0.074897
0.050877
0.062040
0.058123
0.068995
0.046638
0.080127
0.073081
0.078544
0.076319
0.060949
0.094276
0.089986
0.205432
0.283196
0.336338
0.376608
0.300902
0.344235
0.307418
0.308126
0.332525
0.214736
0.083455
0.074262
0.047270
0.047050
0.051097
0.043061
0.044065
0.047909
0.063699
0.044485
0.057002
0.043848
0.267133
0.539230
0.265518
0.612600
0.482270
0.479388
0.418653
0.274119
0.393172
0.433176
0.431399
0.373832
0.075675
0.120435
0.135382
0.075939
0.097488
0.080590
0.092116
0.132316
0.125599
0.124675
0.129845
0.127346
0.454257
0.335407
0.435834
0.321171
0.276473
0.409493
0.337553
0.387704
0.369228
0.418155
0.618687
0.500941
0.220666
0.060584
0.077379
0.055267
0.067862
0.078765
0.084917
0.069215
0.088125
0.122802
0.090181
0.084952
0.439760
0.518217
0.301898
0.399461
0.291245
0.386942
0.400104
0.370261
0.395568
0.362600
0.486597
0.447280
0.256871
0.105681
0.081301
0.114038
0.089652
0.123222
0.095567
0.113062
0.072935
0.121054
0.115276
0.099931
0.485472
0.791240
0.528152
0.745086
0.397090
0.357648
0.452128
0.396850
0.362686
0.501335
0.311002
0.594097
0.619026
0.288967
0.113561
0.198315
0.128967
0.165579
0.187975
0.105177
0.157384
0.169308
0.131475
0.396943
0.395531
0.347147
0.482663
0.376788
0.553699
0.342227
0.341303
0.276810
0.268549
0.389722
0.301600
0.139970
0.187139
0.162367
0.141165
0.151142
0.139505
0.150289
0.105050
0.153124
0.174569
0.104382
0.200698
0.191229
0.123525
0.091252
0.150253
0.124287
0.119680
0.110345
0.375800
0.320392
0.434345
0.423353
0.423212
0.101651
0.161241
0.099856
0.124146
0.154070
0.176579
0.151200
0.098698
0.116355
0.119339
0.131136
0.141141
0.158864
0.095108
0.093125
0.211190
0.347340
0.242461
0.356283
0.235100
0.382161
0.332634
0.477002
0.115494
0.102652
0.088781
0.134916
0.125191
0.133263
0.148319
0.102955
0.081798
0.109986
0.103529
0.168112
0.148456
0.239391
0.296986
0.347475
0.369538
0.362535
0.343394
0.443630
0.457021
0.275068
0.343193
0.366374
0.413971
0.356377
0.072329
0.101340
0.113041
0.136081
0.074461
0.121766
0.094757
0.110446
0.137766
0.115170
0.124376
0.135361
0.381720
0.269717
0.377804
0.358593
0.414056
0.262095
0.463982
0.469263
0.474405
0.531180
0.488047
0.612328
0.755876
0.100770
0.102331
0.110807
0.094489
0.076982
0.089060
0.114212
0.134927
0.098367
0.090618
0.085557
0.373562
0.357805
0.470134
0.370772
0.403757
0.437711
0.250851
0.671141
0.701175
0.570270
0.693050
0.460221
0.635293
0.401354
0.076239
0.122128
0.103927
0.109637
0.087695
0.129402
0.114259
0.096763
0.084757
0.113461
0.467702
0.376385
0.787343
0.568770
0.675080
0.433835
0.470956
0.284866
0.272338
0.495892
0.687983
0.423492
0.787614
0.288803
0.071705
0.143418
0.094892
0.124109
0.101677
0.127548
0.105624
0.108807
0.099365
0.120060
0.438614
0.392790
0.480031
0.329619
0.335442
0.427935
0.471541
0.360608
0.482511
0.485796
0.349729
0.466534
0.234004
0.222727
0.140575
0.105749
0.144966
0.191646
0.220550
0.216214
0.177001
0.184313
0.089238
0.100513
0.101728
0.208231
0.377719
0.336979
0.320131
0.491489
0.368424
0.335568
0.491986
0.447339
0.077246
0.131343
0.137659
0.113971
0.110855
0.127736
0.104662
0.111952
0.126983
0.085375
0.153471
0.105690
0.093132
0.134554
0.066346
0.165400
0.533884
0.742716
0.596649
0.453389
0.300199
0.410398
0.379253
0.208386
0.069444
0.123312
0.263796
0.105394
0.071515
0.100591
0.085499
0.087898
0.122832
0.073506
0.070327
0.106331
0.083818
0.075317
0.288788
0.322777
0.591632
0.686265
0.735542
0.585086
0.334660
0.341930
0.310717
0.375955
0.266147
0.387841
0.261237
0.038998
0.059660
0.029823
0.049366
0.055919
0.044228
0.098967
0.090083
0.099587
0.092118
0.085199
0.323028
0.450968
0.510714
0.304519
0.393315
0.230980
0.332427
0.354750
0.378742
0.382510
0.452369
0.275669
0.328413
0.045754
0.067350
0.057805
0.088993
0.056687
0.116580
0.076217
0.085173
0.091725
0.097255
0.109392
0.438024
0.374790
0.459629
0.260106
0.389004
0.457390
0.283147
0.452127
0.463220
0.580049
0.472974
0.455483
0.383764
0.116728
0.065710
0.093782
0.105334
0.111468
0.089599
0.079540
0.110011
0.113191
0.090665
0.272992
0.502579
0.406824
0.607552
0.349589
0.440318
0.386728
0.302592
0.647999
0.702363
0.664871
0.459891
0.550261
0.876253
0.370653
0.159244
0.118682
0.125027
0.084025
0.094672
0.139104
0.186109
0.142173
0.093218
0.116382
0.344029
0.512259
0.353411
0.522134
0.423376
0.426236
0.347135
0.486900
0.580278
0.554806
0.460203
0.232677
0.120948
0.117086
0.085308
0.115912
0.095881
0.083741
0.136657
0.105220
0.123716
0.174680
0.080917
0.154103
0.159477
0.153414
0.406202
0.264366
0.405492
0.476482
0.282492
0.434068
0.278796
0.379163
0.354754
0.101745
0.160795
0.106834
0.160622
0.083609
0.110755
0.116387
0.135668
0.100639
0.139812
0.141372
0.143051
0.146711
0.107781
0.107732
0.134020
0.472619
0.534815
0.357063
0.465338
0.770756
0.617562
0.342601
0.493673
0.270100
0.198165
0.192944
0.195946
0.210609
0.259119
0.246522
0.353982
0.258315
0.157776
0.277476
0.162020
0.277483
0.354517
0.500451
0.569058
0.317914
0.444540
0.423794
0.225882
0.379604
0.457732
0.539990
0.622652
0.255230
0.134456
0.123097
0.165547
0.160537
0.172241
0.155096
0.101396
0.145546
0.184936
0.161539
0.170919
0.269776
0.419959
0.410039
0.321283
0.501584
0.652459
0.320876
0.509836
0.356715
0.329865
0.392886
0.643672
0.568951
0.120908
0.136482
0.147963
0.147362
0.152862
0.180711
0.153276
0.224729
0.181738
0.170969
0.157245
0.456372
0.465245
0.405992
0.353243
0.471656
0.363591
0.519681
0.367962
0.399857
0.329317
0.669377
0.548997
0.611915
0.670360
0.303528
0.122847
0.126748
0.192104
0.150398
0.123120
0.125311
0.176714
0.144622
0.284271
0.393959
0.459313
0.480935
0.554413
0.398557
0.401093
0.608890
0.307105
0.423561
0.686942
0.512790
0.427327
0.198829
0.175086
0.194270
0.141458
0.122912
0.101352
0.102458
0.094502
0.127364
0.104630
0.135544
0.103105
0.335334
0.293639
0.389490
0.476376
0.308841
0.360055
0.575142
0.306849
0.532984
0.621710
0.508538
0.352234
0.085852
0.188015
0.124363
0.083702
0.106079
0.133522
0.127075
0.127585
0.092149
0.117551
0.151555
0.134285
0.106443
0.102585
0.107915
0.346779
0.424283
0.266669
0.472144
0.399902
0.702646
0.667516
0.740777
0.490450
0.293824
0.093649
0.150459
0.096281
0.136586
0.160937
0.154563
0.171560
0.096660
0.143350
0.115226
0.144894
0.145822
0.130269
0.114449
0.250549
0.389206
0.371158
0.230792
0.278308
0.441067
0.415779
0.219383
0.149353
0.101474
0.062757
0.035053
0.057454
0.040539
0.072195
0.063971
0.085446
0.080611
0.083104
0.075396
0.055997
0.394861
0.412321
0.400105
0.247092
0.520723
0.226711
0.377834
0.292804
0.342130
0.384640
0.280742
0.427631
0.523017
0.099773
0.057818
0.054718
0.085668
0.071046
0.088654
0.061667
0.072972
0.078348
0.106148
0.109086
0.261751
0.466700
0.286104
0.433457
0.401585
0.322710
0.339331
0.329047
0.437693
0.568431
0.559763
0.224501
0.195663
0.330852
0.425955
0.102475
0.077884
0.116401
0.070536
0.139798
0.131633
0.141169
0.099583
0.146965
0.377284
0.444793
0.828337
0.736854
0.542872
0.349255
0.882766
0.675162
0.513431
0.399569
0.533635
0.679915
0.481957
0.249104
0.189510
0.106678
0.123123
0.119969
0.140536
0.109959
0.100076
0.103929
0.137134
0.087846
0.323201
0.423722
0.489351
0.449443
0.423653
0.273091
0.448542
0.243596
0.404243
0.468993
0.200407
0.131661
0.230704
0.240611
0.142455
0.101470
0.110303
0.107288
0.070429
0.127980
0.125856
0.119492
0.088350
0.078498
0.298867
0.496000
0.274656
0.307871
0.370779
0.429768
0.293359
0.256914
0.434056
0.294976
0.545221
0.707388
0.551195
0.064982
0.089375
0.107028
0.104061
0.072992
0.107322
0.119070
0.102286
0.141016
0.111730
0.110287
0.132911
0.090835
0.233419
0.426162
0.453809
0.347912
0.418745
0.391644
0.395770
0.151048
0.098458
0.119585
0.081712
0.113302
0.098971
0.074951
0.114635
0.088292
0.133459
0.140291
0.073716
0.074262
0.106708
0.066471
0.121938
0.103609
0.096479
0.343005
0.269799
0.494255
0.321769
0.229961
0.368111
0.423025
0.611523
0.137969
0.173823
0.124996
0.058627
0.096584
0.109844
0.114002
0.077388
0.095938
0.118534
0.112166
0.070041
0.100720
0.258328
0.308591
0.317534
0.442546
0.405914
0.643190
0.429947
0.473607
0.309751
0.558645
0.792471
0.587247
0.435375
0.102833
0.074659
0.066925
0.086093
0.051076
0.062958
0.094728
0.084227
0.123132
0.119086
0.158276
0.388541
0.315405
0.464812
0.426370
0.273454
0.389238
0.245746
0.279396
0.442683
0.244478
0.438676
0.505847
0.503476
0.161689
0.079461
0.064267
0.055855
0.052530
0.071704
0.098450
0.116436
0.106910
0.071422
0.077783
0.364084
0.502062
0.322972
0.437389
0.381189
0.273358
0.595483
0.605863
0.828649
0.547974
0.458633
0.777205
0.499707
0.105072
0.080241
0.096408
0.075044
0.100885
0.096926
0.092954
0.101617
0.086707
0.062242
0.114537
0.252726
0.389067
0.445900
0.373529
0.454833
0.342649
0.446084
0.505118
0.449298
0.347956
0.304988
0.411217
0.284227
0.084983
0.083449
0.086124
0.103574
0.070737
0.089882
0.078168
0.100901
0.054637
0.091453
0.107330
0.428420
0.272675
0.482429
0.520538
0.492263
0.305696
0.458324
0.726716
0.565572
0.280028
0.307376
0.046275
0.056826
0.070199
0.092977
0.084245
0.080228
0.101400
0.120154
0.100500
0.078139
0.070171
0.076364
0.074699
0.075212
0.086040
0.082772
0.387559
0.220192
0.327245
0.325388
0.282308
0.441967
0.094309
0.028410
0.033000
0.065940
0.052323
0.054166
0.063664
0.056703
0.079163
0.098345
0.083538
0.046414
0.055721
0.064235
0.092097
0.096800
0.084031
0.184514
0.412362
0.265435
0.454911
0.394936
0.405420
0.326770
0.231869
0.143963
0.206080
0.088618
0.074127
0.100950
0.056326
0.066850
0.051334
0.048490
0.075587
0.057167
0.067052
0.072435
0.079030
0.279461
0.423864
0.334899
0.543613
0.524671
0.548541
0.425143
0.488664
0.299128
0.396847
0.564593
0.434222
0.487649
0.083176
0.051066
0.060990
0.086458
0.065351
0.050968
0.067258
0.069281
0.089644
0.089249
0.057550
0.303447
0.610888
0.753444
0.579198
0.568452
0.259823
0.354812
0.424867
0.394240
0.370515
0.438598
0.502537
0.630920
0.284861
0.041774
0.074326
0.060507
0.062054
0.053914
0.079430
0.070355
0.092008
0.092844
0.048764
0.403078
0.254510
0.400383
0.378482
0.626997
0.699642
0.620142
0.424319
0.333537
0.340950
0.746464
0.502338
0.557806
0.131454
0.069996
0.056195
0.058886
0.054713
0.062426
0.076079
0.061987
0.077484
0.097071
0.062879
0.393284
0.326591
0.463846
0.329733
0.437054
0.274485
0.242674
0.300156
0.297247
0.333666
0.543711
0.510254
0.298142
0.112582
0.126407
0.081554
0.078631
0.098456
0.093189
0.100481
0.062572
0.124379
0.073165
0.068897
0.444595
0.375464
0.324873
0.381858
0.263857
0.309114
0.253797
0.349435
0.625968
0.419122
0.457245
0.063079
0.065917
0.068706
0.058089
0.063052
0.043580
0.078971
0.085861
0.065556
0.115330
0.079083
0.093783
0.066092
0.090262
0.072956
0.057821
0.076961
0.453095
0.291356
0.358044
0.341536
0.401586
0.353840
0.017517
0.028176
0.024501
0.049015
0.039002
0.083150
0.049399
0.055648
0.041992
0.063116
0.036337
0.052770
0.043555
0.051622
0.053694
0.057008
0.071952
0.044327
0.030866
0.039117
0.046985
0.028280
0.042125
0.069458
0.097379
0.024229
0.049726
0.067478
0.027995
0.043810
0.064256
0.044248
0.049536
0.066403
0.064782
0.069111
0.072978
0.088183
0.388009
0.258679
0.280113
0.319891
0.415946
0.247586
0.409039
0.516618
0.324142
0.475005
0.562676
0.772005
0.282331
0.078972
0.046245
0.057850
0.055111
0.080774
0.077541
0.074900
0.101241
0.080249
0.076948
0.092742
0.298865
0.587105
0.589685
0.601158
0.433395
0.298110
0.398420
0.361167
0.457875
0.392402
0.433748
0.524284
0.469912
0.058500
0.044285
0.037836
0.074071
0.052517
0.071888
0.060793
0.098546
0.073437
0.089751
0.060024
0.321426
0.399201
0.238686
0.386050
0.397538
0.253351
0.430123
0.329518
0.337988
0.351381
0.288550
0.393956
0.602311
0.077402
0.044207
0.048442
0.059289
0.069251
0.053291
0.075776
0.061791
0.067655
0.046442
0.082082
0.314389
0.463488
0.408570
0.388072
0.289548
0.315128
0.247222
0.291084
0.434133
0.413595
0.615692
0.605189
0.039096
0.049606
0.039860
0.121142
0.077658
0.074256
0.081497
0.047307
0.081920
0.051157
0.072239
0.092457
0.294313
0.515676
0.312576
0.353472
0.648703
0.681910
0.551122
0.613012
0.391211
0.652175
0.442998
0.132433
0.123436
0.078437
0.061786
0.086657
0.071720
0.040963
0.065672
0.064355
0.045702
0.038731
0.044213
0.053974
0.046659
0.045294
0.120641
0.257580
0.733442
0.874698
0.336546
0.114005
0.199020
0.466592
0.244309
0.029279
0.039906
0.071511
0.076457
0.088660
0.057899
0.041422
0.071458
0.061568
0.065778
0.065786
0.090785
0.048691
0.033575
0.034779
0.052742
0.052948
0.067889
0.135262
0.121638
0.073823
0.279544
0.542545
0.599992
0.196836
0.033301
0.028719
0.035530
0.053333
0.079821
0.045276
0.059751
0.061294
0.071317
0.083793
0.085719
0.103047
0.316281
0.350686
0.336900
0.419748
0.268687
0.417384
0.303265
0.517952
0.361079
0.516359
0.509657
0.447307
0.459227
0.090909
0.087535
0.044583
0.044138
0.043163
0.057235
0.041824
0.080619
0.044916
0.052293
0.177920
0.251142
0.476209
0.739245
0.394713
0.363115
0.267277
0.290135
0.310952
0.402058
0.348512
0.375740
0.445809
0.594233
0.118146
0.051539
0.041807
0.042028
0.032862
0.066188
0.075289
0.070092
0.090674
0.082617
0.080247
0.401687
0.267597
0.347249
0.420641
0.327319
0.325992
0.605106
0.539796
0.368512
0.387650
0.248911
0.079596
0.069239
0.083409
0.118907
0.076136
0.097236
0.091925
0.122209
0.066627
0.083657
0.103971
0.107867
0.101307
0.370276
0.405280
0.367819
0.499497
0.318868
0.302977
0.435255
0.324207
0.409137
0.282280
0.283638
0.344690
0.079531
0.058297
0.076095
0.075470
0.083991
0.091066
0.084894
0.090500
0.100708
0.093639
0.114079
0.104671
0.221280
0.276203
0.236690
0.558310
0.535682
0.259806
0.344075
0.383096
0.407977
0.567196
0.417167
0.254842
0.033946
0.062874
0.037222
0.035840
0.042187
0.042237
0.041334
0.061381
0.034334
0.047501
0.032400
0.036920
0.034138
0.040696
0.034209
0.036871
0.079262
0.292424
0.385701
0.331964
0.275288
0.538851
0.306188
0.374089
0.168319
0.047986
0.055602
0.043426
0.030499
0.041028
0.029259
0.043579
0.048810
0.035979
0.040609
0.039581
0.035331
0.020614
0.032209
0.046804
0.274644
0.335730
0.530765
0.492355
0.620909
0.332861
0.064008
0.030413
0.033006
0.049697
0.042815
0.042531
0.026686
0.041951
0.049018
0.038670
0.040176
0.035910
0.035850
0.082917
0.362208
0.389197
0.379245
0.345737
0.395474
0.281607
0.338200
0.328384
0.262019
0.417804
0.426891
0.669289
0.515195
0.197192
0.044672
0.036678
0.034897
0.050471
0.027567
0.042828
0.045267
0.047339
0.042347
0.092410
0.312276
0.379812
0.412335
0.390557
0.494308
0.480905
0.469673
0.567577
0.453473
0.286710
0.502042
0.389112
0.387700
0.142706
0.070365
0.094299
0.068004
0.139360
0.118353
0.090324
0.144997
0.109021
0.092887
0.188054
0.439761
0.430077
0.427657
0.443701
0.352333
0.203569
0.378477
0.258688
0.276626
0.524521
0.381960
0.169351
0.076045
0.128133
0.122004
0.121110
0.137068
0.104384
0.106343
0.109217
0.161157
0.154640
0.172066
0.162698
0.456108
0.463551
0.470957
0.374177
0.333872
0.469657
0.620039
0.383495
0.378487
0.469288
0.341550
0.742048
0.545837
0.505289
0.145981
0.079491
0.083267
0.098831
0.086099
0.086958
0.105817
0.142519
0.082392
0.071371
0.289099
0.382223
0.664729
0.522634
0.599554
0.412826
0.412696
0.338916
0.399715
0.424994
0.764886
0.522624
0.716974
0.518985
0.054843
0.057868
0.076714
0.083053
0.110218
0.081795
0.130284
0.127444
0.080525
0.119678
0.105687
0.101627
0.250573
0.558455
0.444741
0.348208
0.238014
0.464996
0.280243
0.224124
0.100420
0.098126
0.099242
0.102920
0.095281
0.091336
0.130032
0.093479
0.252042
0.112657
0.077897
0.080851
0.121700
0.165559
0.086505
0.092075
0.088645
0.251773
0.746773
0.516907
0.498419
0.257034
0.333038
0.269180
0.119963
0.077457
0.103410
0.140856
0.123101
0.096408
0.092420
0.123860
0.089670
0.106750
0.087488
0.097541
0.107458
0.144119
0.322387
0.286959
0.469422
0.296371
0.317041
0.405545
0.431823
0.415342
0.399186
0.475158
0.514460
0.670879
0.504027
0.142817
0.061092
0.072966
0.068064
0.093696
0.107485
0.081414
0.118171
0.116953
0.072051
0.067239
0.315264
0.467144
0.590423
0.460660
0.555986
0.436307
0.387320
0.327456
0.425240
0.560278
0.343730
0.652052
0.519859
0.253933
0.058089
0.065211
0.059908
0.065720
0.056802
0.083307
0.098575
0.068684
0.079509
0.080708
0.502045
0.354567
0.315901
0.377757
0.355108
0.494626
0.338821
0.702093
0.452928
0.537470
0.347818
0.311373
0.374270
0.122424
0.047553
0.055421
0.055489
0.066930
0.063855
0.088264
0.058850
0.081867
0.087399
0.054513
0.219761
0.340131
0.309165
0.418554
0.254936
0.323948
0.435221
0.362534
0.288567
0.420286
0.279456
0.262448
0.151688
0.162891
0.121726
0.044174
0.048111
0.064025
0.058284
0.059620
0.076688
0.099529
0.063509
0.070186
0.272953
0.418751
0.226225
0.296901
0.499059
0.496261
0.441090
0.520657
0.470892
0.282498
0.031692
0.060410
0.041868
0.040614
0.036395
0.037912
0.027316
0.024490
0.027681
0.055345
0.032470
0.049399
0.058725
0.064462
0.038863
0.052229
0.033525
0.139813
0.316267
0.314053
0.256710
0.247369
0.194574
0.188689
0.104980
0.055036
0.051548
0.062040
0.030015
0.046640
0.040575
0.044262
0.070957
0.026618
0.033279
0.032435
0.033444
0.045761
0.038134
0.035758
0.168475
0.245257
0.256628
0.336036
0.136395
0.129709
0.150194
0.091252
0.053613
0.115325
0.193916
0.049363
0.027726
0.030524
0.032049
0.035631
0.031134
0.039708
0.038508
0.027485
0.042160
0.028760
0.283975
0.384533
0.331677
0.363631
0.254557
0.262652
0.309163
0.386553
0.358323
0.311282
0.234549
0.217966
0.093607
0.036912
0.041155
0.028252
0.026294
0.035517
0.037326
0.040331
0.052536
0.027443
0.044140
0.035034
0.340338
0.431971
0.252206
0.348312
0.591403
0.609179
0.570353
0.330988
0.346171
0.557069
0.255187
0.316041
0.084521
0.087911
0.067730
0.089116
0.034921
0.026562
0.032938
0.021135
0.033613
0.054319
0.040459
0.042389
0.340100
0.355454
0.363607
0.615590
0.402992
0.299376
0.406561
0.711790
0.688894
0.463287
0.265706
0.581232
0.086502
0.037710
0.049310
0.058329
0.035875
0.043961
0.039253
0.026397
0.032847
0.050973
0.056143
0.036353
0.190618
0.468818
0.393173
0.379428
0.431851
0.408751
0.635219
0.445546
0.339323
0.444710
0.565240
0.311114
0.028577
0.040382
0.104359
0.034600
0.064722
0.042776
0.038061
0.029426
0.037368
0.029999
0.032872
0.045088
0.351699
0.391913
0.287314
0.272246
0.380949
0.296748
0.204794
0.367266
0.277469
0.223949
0.231574
0.133546
0.089212
0.074043
0.048377
0.037028
0.044445
0.050916
0.045741
0.066651
0.044882
0.029536
0.040294
0.032557
0.023286
0.063067
0.152950
0.341300
0.361061
0.284885
0.372945
0.304689
0.300028
0.270660
0.097528
0.123206
0.076269
0.049301
0.063438
0.066290
0.052320
0.056925
0.047430
0.054463
0.045857
0.049089
0.037963
0.026936
0.035276
0.057378
0.080413
0.200562
0.152450
0.223336
0.237851
0.247922
0.191413
0.093729
0.086950
0.116186
0.151632
0.145501
0.164119
0.067812
0.060920
0.056881
0.046364
0.062926
0.039512
0.065112
0.049034
0.024017
0.287957
0.316337
0.305922
0.371729
0.497790
0.349280
0.427415
0.534068
0.481559
0.500877
0.461778
0.284523
0.252261
0.078208
0.031776
0.037308
0.031182
0.025367
0.031563
0.030954
0.027986
0.038268
0.036164
0.030010
0.341103
0.366068
0.408461
0.522493
0.319652
0.237881
0.614179
0.464030
0.584784
0.486423
0.400486
0.411263
0.171505
0.081406
0.059176
0.057849
0.048274
0.048223
0.033163
0.040752
0.048288
0.029612
0.042092
0.035296
0.072904
0.347621
0.319257
0.373163
0.267445
0.322067
0.351751
0.383429
0.212701
0.053831
0.032175
0.049872
0.034587
0.050543
0.195682
0.103625
0.044083
0.037415
0.044564
0.043388
0.044031
0.053989
0.043365
0.024177
0.196740
0.297736
0.322437
0.610079
0.738264
0.512692
0.262114
0.449667
0.446621
0.722984
0.598549
0.508991
0.591545
0.211962
0.046865
0.025473
0.046964
0.033777
0.040573
0.038657
0.030152
0.031985
0.034361
0.059896
0.261592
0.424718
0.513709
0.498714
0.264568
0.397414
0.358925
0.308164
0.383824
0.349442
0.543039
0.481857
0.191077
0.075260
0.068073
0.086188
0.074670
0.083309
0.053591
0.079197
0.098690
0.087327
0.077451
0.060276
0.101435
0.086756
0.362809
0.278173
0.335918
0.244354
0.228746
0.262811
0.182723
0.092838
0.085504
0.135092
0.085690
0.071091
0.037993
0.075868
0.051940
0.044949
0.062822
0.077017
0.066853
0.043464
0.077344
0.067973
0.064308
0.070538
0.052108
0.051306
0.046007
0.097290
0.266742
0.182798
0.202492
0.200438
0.058570
0.047014
0.065800
0.065491
0.066206
0.072150
0.056994
0.057464
0.056585
0.084085
0.088031
0.107061
0.177667
0.207032
0.369372
0.393881
0.283989
0.314847
0.420404
0.268017
0.351275
0.233177
0.342216
0.248013
0.343127
0.379939
0.105110
0.073830
0.142722
0.035415
0.034663
0.031905
0.055148
0.037609
0.031730
0.050438
0.034516
0.042577
0.419809
0.327259
0.365327
0.506599
0.533657
0.438180
0.316367
0.425183
0.275101
0.355573
0.381328
0.532573
0.476124
0.314302
0.071991
0.051511
0.064284
0.037925
0.061217
0.056465
0.079425
0.050520
0.111864
0.072928
0.161601
0.327015
0.421722
0.458346
0.777971
0.725735
0.648590
0.427448
0.425880
0.370892
0.442759
0.576481
0.277106
0.029626
0.046697
0.043785
0.025839
0.042623
0.048737
0.028309
0.053494
0.055711
0.037729
0.140586
0.473928
0.592500
0.417741
0.553960
0.284275
0.312069
0.642296
0.312337
0.331242
0.388353
0.463550
0.362695
0.165786
0.034072
0.058123
0.047325
0.029939
0.038702
0.039953
0.035654
0.036730
0.048379
0.037484
0.025834
0.389911
0.346462
0.364752
0.378172
0.481770
0.414309
0.375015
0.294241
0.389060
0.411725
0.243223
0.040311
0.034731
0.039060
0.024550
0.023177
0.052913
0.028613
0.030781
0.025495
0.038695
0.036616
0.031786
0.018488
0.023927
0.038201
0.053993
0.029432
0.036714
0.028049
0.039781
0.034568
0.033670
0.018583
0.034223
0.026120
0.034792
0.049228
0.046132
0.041923
0.045734
0.033787
0.032167
0.037524
0.025870
0.045978
0.033458
0.047038
0.033072
0.024663
0.022474
0.035145
0.029174
0.034734
0.029961
0.031207
0.022127
0.027745
0.027451
0.035588
0.027281
0.040113
0.040715
0.037283
0.037424
0.043683
0.035842
0.055459
0.037854
0.033182
0.032618
0.023648
0.026133
0.026136
0.134404
0.029618
0.034244
0.041172
0.025500
0.048178
0.147699
0.105950
0.094401
0.081415
0.062892
0.035659
0.043130
0.037628
0.032421
0.041224
0.034672
0.028854
0.041413
0.039457
0.043856
0.092466
0.380785
0.383028
0.297653
0.425589
0.544619
0.301669
0.498954
0.547978
0.542513
0.461435
0.686304
0.494273
0.068881
0.039700
0.053122
0.029303
0.036158
0.039683
0.053629
0.061034
0.037698
0.037193
0.034523
0.050469
0.257608
0.663057
0.587650
0.450975
0.344346
0.313181
0.276871
0.414015
0.345158
0.529434
0.350084
0.229205
0.040881
0.025550
0.034628
0.027158
0.040845
0.029682
0.031611
0.056034
0.058817
0.074782
0.051633
0.049626
0.268015
0.440243
0.260013
0.403464
0.320302
0.401268
0.459618
0.344665
0.490456
0.456839
0.324382
0.109208
0.068037
0.065639
0.064959
0.049232
0.073222
0.067581
0.039839
0.054539
0.073056
0.064109
0.067791
0.092450
0.186124
0.550704
0.652368
0.326899
0.319849
0.344865
0.430208
0.435338
0.365701
0.411311
0.059277
0.110079
0.063687
0.061705
0.056717
0.091566
0.047054
0.069279
0.076742
0.079110
0.055335
0.056325
0.062475
0.053366
0.149417
0.350676
0.129674
0.057805
0.064169
0.071568
0.073637
0.196289
0.125487
0.098117
0.133235
0.049541
0.066837
0.059805
0.086717
0.077029
0.070566
0.070633
0.068735
0.047222
0.055467
0.072640
0.064197
0.059515
0.047090
0.066632
0.181599
0.219961
0.287338
0.173325
0.191952
0.160806
0.475915
0.388470
0.137677
0.060017
0.069287
0.056866
0.053011
0.051576
0.073968
0.070871
0.059093
0.040067
0.054579
0.069813
0.068490
0.097956
0.404390
0.456777
0.459426
0.460997
0.487301
0.384129
0.450707
0.397223
0.311237
0.429069
0.574399
0.407538
0.264472
0.090473
0.133813
0.083062
0.082845
0.087953
0.082888
0.051854
0.046976
0.038046
0.058199
0.039666
0.235668
0.402476
0.359207
0.482773
0.295908
0.398024
0.307937
0.273885
0.472243
0.324239
0.500481
0.258779
0.177631
0.101960
0.070739
0.054908
0.041004
0.050524
0.061778
0.054179
0.066752
0.059400
0.043369
0.030571
0.355875
0.458381
0.335923
0.622717
0.418123
0.469701
0.463854
0.292679
0.053895
0.075655
0.053520
0.068315
0.066799
0.104325
0.135950
0.073191
0.062256
0.055157
0.025883
0.033408
0.038708
0.054039
0.046525
0.039148
0.217874
0.419028
0.414117
0.357868
0.332230
0.468630
0.349473
0.383130
0.390140
0.429413
0.658639
0.246330
0.051917
0.068913
0.086141
0.100453
0.064316
0.078113
0.077529
0.072091
0.113215
0.088422
0.078993
0.086597
0.393265
0.328367
0.456385
0.360096
0.419294
0.195832
0.249811
0.291148
0.314164
0.351117
0.326268
0.173323
0.123609
0.081622
0.075776
0.063707
0.068130
0.060380
0.071348
0.053426
0.068776
0.082212
0.053735
0.077332
0.075490
0.041989
0.048763
0.025389
0.057855
0.070162
0.090093
0.107283
0.095420
0.059146
0.118078
0.107388
0.066263
0.083070
0.063306
0.075814
0.080666
0.110292
0.156296
0.089671
0.086317
0.064730
0.083716
0.098033
0.041879
0.030262
0.040272
0.040152
0.056180
0.044812
0.069957
0.043053
0.095766
0.075904
0.089247
0.086723
0.071483
0.073844
0.049241
0.067965
0.041630
0.076184
0.052898
0.064919
0.045915
0.078519
0.049990
0.102577
0.410525
0.359654
0.393698
0.420042
0.366354
0.286443
0.308135
0.323549
0.287809
0.337095
0.483774
0.491840
0.296059
0.087857
0.042149
0.034772
0.062258
0.047363
0.047585
0.046751
0.039351
0.048484
0.036941
0.046544
0.213347
0.242155
0.289683
0.356440
0.441325
0.436959
0.363537
0.424498
0.319337
0.477198
0.312554
0.218169
0.118827
0.084224
0.031729
0.134746
0.329646
0.019165
0.015302
0.015737
0.230559
0.228594
0.398820
0.271817
0.345129
0.451682
0.426711
0.486308
0.499120
0.394923
0.588554
0.630368
0.369139
0.541307
0.518562
0.537405
0.309054
0.054691
0.088633
0.064418
0.059172
0.041882
0.044501
0.039833
0.047963
0.055790
0.050377
0.042741
0.247884
0.229433
0.256509
0.364073
0.358706
0.269976
0.316012
0.275609
0.340150
0.332839
0.274616
0.373271
0.310733
0.284087
0.183532
0.267177
0.278883
0.186822
0.163695
0.095981
0.101230
0.112298
0.132991
0.078064
0.125627
0.112794
0.296953
0.337689
0.278407
0.178289
0.229180
0.348657
0.212632
0.189578
0.185825
0.139464
0.072437
0.052423
0.009708
0.023507
0.013589
0.011621
0.018937
0.021402
0.015347
0.015749
0.019880
0.022811
0.014920
0.024475
0.020105
0.014784
0.018587
0.022852
0.017950
0.030654
0.018069
0.030005
0.031584
0.026929
0.016458
0.022751
0.025861
0.013883
0.016045
0.011950
0.013242
0.014038
0.011121
0.009781
0.010754
0.008021
0.008867
0.008123
0.014808
0.010046
0.009459
0.011100
0.013803
0.012941
0.010733
0.014361
0.015284
0.017976
0.012752
0.014525
0.014726
0.013653
0.014848
0.037802
0.050422
0.053158
0.043534
0.060590
0.056539
0.061926
0.394060
0.342077
0.294480
0.395014
0.380487
0.417257
0.269991
0.416542
0.399351
0.359158
0.539765
0.560378
0.431271
0.063406
0.106563
0.123609
0.291279
0.101238
0.050340
0.044741
0.037301
0.019930
0.012572
0.027445
0.271250
0.452816
0.406081
0.400863
0.459262
0.375785
0.325358
0.294395
0.414864
0.396010
0.440541
0.251029
0.240476
0.112084
0.012958
0.406046
0.761252
0.632986
0.015808
0.050746
0.052193
0.079239
0.057349
0.102631
0.088694
0.290097
0.282165
0.422641
0.329638
0.408931
0.405312
0.321831
0.342740
0.346930
0.172790
0.206475
0.162718
0.035658
0.031949
0.043429
0.051134
0.038963
0.037356
0.032836
0.036025
0.028245
0.051586
0.037303
0.237655
0.377721
0.345235
0.212154
0.328497
0.268451
0.441329
0.417946
0.373119
0.479057
0.502629
0.316467
0.222968
0.080932
0.263190
0.383233
0.455500
0.298413
0.214124
0.142852
0.130252
0.095423
0.084870
0.105192
0.078254
0.094331
0.124237
0.202843
0.460280
0.334426
0.323242
0.295279
0.456880
0.454505
0.463746
0.273016
0.114252
0.074703
0.057578
0.057708
0.043977
0.039731
0.029562
0.041402
0.028831
0.037970
0.013207
0.012669
0.013212
0.010526
0.012487
0.054912
0.116251
0.138602
0.131302
0.089536
0.100960
0.068372
0.056834
0.055624
0.038602
0.019946
0.023151
0.021658
0.008711
0.014152
0.033643
0.038269
0.049155
0.033020
0.053697
0.037290
0.032098
0.046426
0.091092
0.097299
0.242176
0.182599
0.258396
0.204230
0.193665
0.234947
0.101011
0.053942
0.044641
0.053665
0.043023
0.035856
0.022126
0.013045
0.030330
0.027735
0.026945
0.029660
0.071934
0.089046
0.349437
0.363184
0.420067
0.222649
0.326484
0.369123
0.292709
0.405222
0.249600
0.237215
0.274792
0.195589
0.176730
0.050328
0.025855
0.035732
0.319917
0.781925
0.498347
0.015956
0.012553
0.016129
0.016212
0.010582
0.053394
0.077728
0.057834
0.096161
0.254735
0.345626
0.330503
0.397852
0.227119
0.404866
0.394330
0.375472
0.281021
0.099546
0.043429
0.042476
0.092060
0.015495
0.019642
0.012304
0.010756
0.010544
0.051668
0.053566
0.269267
0.416472
0.323269
0.306014
0.436910
0.599184
0.379443
0.580714
0.444551
0.389034
0.346325
0.292101
0.305082
0.054922
0.055948
0.049463
0.039325
0.047917
0.041045
0.055855
0.056362
0.071179
0.057059
0.073157
0.311432
0.335034
0.468783
0.177741
0.399563
0.245942
0.448626
0.265095
0.278102
0.312326
0.398988
0.367472
0.163318
0.086469
0.050802
0.030921
0.031862
0.019093
0.025368
0.029319
0.028382
0.028988
0.030520
0.022175
0.399561
0.389370
0.416847
0.541175
0.531149
0.489844
0.475513
0.340162
0.579345
0.555043
0.455146
0.235641
0.147859
0.084667
0.034952
0.050685
0.022274
0.048709
0.030213
0.048065
0.047794
0.035390
0.048665
0.050310
0.053990
0.049688
0.098537
0.136123
0.294510
0.399023
0.189563
0.128007
0.097517
0.054291
0.047274
0.043877
0.055511
0.046424
0.055439
0.054655
0.051769
0.057378
0.061760
0.053253
0.049084
0.062319
0.062947
0.054788
0.053414
0.051295
0.105677
0.176320
0.299880
0.171250
0.232590
0.190178
0.184135
0.175696
0.059805
0.048148
0.036380
0.049699
0.037443
0.046093
0.047247
0.040652
0.037230
0.049294
0.046601
0.044673
0.047119
0.058560
0.273337
0.200954
0.129741
0.422698
0.349752
0.286876
0.331259
0.283922
0.241298
0.379822
0.397618
0.237876
0.267652
0.067443
0.036007
0.046686
0.135903
0.065879
0.069930
0.058603
0.026185
0.008680
0.014122
0.015682
0.013870
0.010563
0.010178
0.016163
0.022037
0.016107
0.031002
0.033103
0.008445
0.023574
0.025894
0.023852
0.017037
0.019621
0.019391
0.021015
0.019165
0.029519
0.035624
0.034317
0.049730
0.054828
0.042106
0.058530
0.285959
0.405112
0.510443
0.306561
0.369530
0.408586
0.430474
0.449697
0.254393
0.445036
0.300322
0.288465
0.236367
0.050419
0.032413
0.045261
0.058857
0.030131
0.042518
0.050221
0.039989
0.042108
0.039389
0.063451
0.175080
0.320670
0.227543
0.369680
0.380373
0.268972
0.247475
0.326779
0.236465
0.369068
0.299928
0.268801
0.174566
0.066761
0.070105
0.056845
0.358114
0.555026
0.011513
0.015585
0.027191
0.045274
0.041673
0.012363
0.197030
0.679226
0.260506
0.146898
0.271950
0.393719
0.403259
0.465540
0.476799
0.320585
0.382813
0.278068
0.108047
0.070659
0.043261
0.039929
0.045753
0.042969
0.044374
0.026218
0.017905
0.033132
0.021626
0.030698
0.021120
0.027499
0.022671
0.094536
0.361669
0.284398
0.228599
0.110925
0.129842
0.205079
0.109440
0.096216
0.048584
0.050593
0.033768
0.048346
0.026403
0.028055
0.017015
0.023609
0.031794
0.033017
0.024571
0.023503
0.016613
0.011055
0.014363
0.009881
0.030172
0.040322
0.047203
0.062204
0.008359
0.048651
0.035717
0.037845
0.051594
0.034952
0.047496
0.046791
0.040181
0.045102
0.017508
0.032555
0.014692
0.035315
0.033015
0.022919
0.303645
0.222921
0.357782
0.353701
0.215125
0.368073
0.233922
0.385976
0.402926
0.317779
0.397907
0.258240
0.044503
0.030060
0.029169
0.036648
0.035394
0.032162
0.038509
0.032923
0.043205
0.028491
0.024764
0.052411
0.254795
0.288811
0.367442
0.365854
0.353531
0.334208
0.239432
0.383437
0.241906
0.321742
0.284830
0.245698
0.262816
0.043379
0.031201
0.048365
0.150094
0.039026
0.030607
0.027806
0.029489
0.017378
0.038473
0.034871
0.402519
0.429259
0.498180
0.341234
0.573667
0.469589
0.376044
0.303305
0.330505
0.269879
0.251308
0.168643
0.136365
0.071532
0.043295
0.051454
0.033993
0.024504
0.031755
0.039826
0.031985
0.036492
0.038027
0.042790
0.355025
0.281541
0.342591
0.340180
0.202738
0.305126
0.421502
0.330680
0.265157
0.217083
0.403734
0.340049
0.152855
0.051050
0.069071
0.098757
0.193313
0.040713
0.035479
0.027620
0.052198
0.040854
0.049982
0.051421
0.219174
0.352445
0.295646
0.302064
0.471874
0.420536
0.361215
0.411344
0.443359
0.322288
0.276937
0.249846
0.132479
0.064413
0.044056
0.060804
0.048054
0.040887
0.045473
0.046023
0.033469
0.052792
0.028012
0.028019
0.026494
0.075537
0.102710
0.134509
0.199654
0.169507
0.201715
0.181366
0.161299
0.135890
0.106778
0.065849
0.057854
0.039882
0.028594
0.019092
0.019417
0.017563
0.019386
0.010952
0.012918
0.011947
0.010531
0.027544
0.020330
0.034274
0.078161
0.033970
0.103165
0.104346
0.114477
0.034953
0.037025
0.029500
0.015965
0.033942
0.018215
0.015289
0.022512
0.033233
0.019558
0.033432
0.029419
0.036984
0.030999
0.026597
0.039538
0.036518
0.241741
0.228124
0.257864
0.351673
0.437752
0.381301
0.307171
0.434434
0.553930
0.649170
0.607921
0.317808
0.037877
0.038635
0.043206
0.039780
0.033742
0.025281
0.040993
0.025293
0.037739
0.024545
0.040444
0.048747
0.280045
0.347857
0.363228
0.384886
0.274142
0.263821
0.307922
0.442226
0.325844
0.346064
0.374072
0.234721
0.053062
0.039110
0.044235
0.044367
0.055470
0.034042
0.037073
0.045755
0.028540
0.050475
0.024732
0.041213
0.427894
0.450914
0.506055
0.554008
0.476697
0.368467
0.389132
0.235161
0.394012
0.405273
0.572977
0.288378
0.036146
0.033860
0.021295
0.023958
0.043125
0.094880
0.030713
0.037917
0.039880
0.026147
0.028695
0.025183
0.306593
0.385687
0.322875
0.218941
0.298711
0.300757
0.381195
0.374477
0.397415
0.278134
0.354338
0.223772
0.211628
0.025132
0.044617
0.042612
0.038458
0.034759
0.032405
0.023320
0.027250
0.034494
0.028798
0.043627
0.223188
0.533594
0.426607
0.318168
0.388952
0.327390
0.448989
0.335203
0.492086
0.391580
0.462619
0.062110
0.058262
0.040889
0.053316
0.084129
0.062822
0.039709
0.051351
0.062141
0.046030
0.041779
0.045628
0.062774
0.089356
0.050464
0.035233
0.046753
0.211041
0.199056
0.435669
0.207541
0.099627
0.037794
0.040106
0.057672
0.049413
0.031533
0.046182
0.031484
0.036775
0.040003
0.054259
0.044778
0.033127
0.044284
0.050160
0.030051
0.028323
0.048295
0.062799
0.045691
0.057009
0.047714
0.052623
0.039657
0.191631
0.216219
0.187910
0.052007
0.043254
0.023784
0.038588
0.041053
0.039873
0.031565
0.032235
0.029862
0.052863
0.035566
0.032139
0.031001
0.191048
0.262611
0.256955
0.381302
0.381351
0.310455
0.377283
0.334272
0.295773
0.236395
0.232694
0.140362
0.031075
0.034496
0.033500
0.042012
0.042187
0.028174
0.025313
0.041369
0.035204
0.031978
0.028626
0.031177
0.342294
0.308977
0.394612
0.222191
0.558741
0.354452
0.289035
0.520119
0.339826
0.338821
0.289384
0.235762
0.029356
0.049880
0.067069
0.052110
0.045013
0.039894
0.050060
0.032124
0.028454
0.028784
0.051656
0.036978
0.348414
0.320539
0.374520
0.375553
0.407543
0.321640
0.258490
0.315204
0.234085
0.368750
0.387898
0.200882
0.153999
0.026493
0.032042
0.045144
0.038553
0.042293
0.030579
0.021123
0.033923
0.024222
0.026095
0.114312
0.220404
0.290491
0.230674
0.405617
0.691163
0.488729
0.386746
0.449797
0.521271
0.285888
0.408268
0.454026
0.389255
0.045180
0.036536
0.046183
0.031544
0.035075
0.025361
0.034345
0.035661
0.030906
0.039726
0.037467
0.224087
0.291530
0.323989
0.262779
0.372306
0.315829
0.283272
0.386033
0.418973
0.328867
0.540972
0.364833
0.047658
0.047543
0.053528
0.055910
0.053912
0.036340
0.054188
0.054981
0.047520
0.046178
0.043691
0.042772
0.032300
0.041353
0.103137
0.209803
0.600914
0.270396
0.159879
0.150204
0.213744
0.065807
0.034882
0.032101
0.030886
0.036751
0.040213
0.037848
0.040533
0.028781
0.039131
0.030516
0.024040
0.032410
0.024815
0.026008
0.015398
0.029796
0.040325
0.028118
0.036049
0.046994
0.057865
0.036339
0.027648
0.040122
0.032619
0.028500
0.037362
0.035592
0.025464
0.041184
0.032045
0.036287
0.029228
0.022146
0.023012
0.032185
0.029312
0.022670
0.381637
0.435363
0.432448
0.264190
0.403804
0.477609
0.555413
0.345859
0.330707
0.416810
0.424355
0.292355
0.042428
0.030048
0.038873
0.042502
0.024393
0.050741
0.035363
0.036777
0.037090
0.021652
0.031052
0.032127
0.239563
0.335442
0.344305
0.487694
0.446152
0.299546
0.642371
0.586903
0.227617
0.436827
0.248905
0.336260
0.151281
0.071983
0.034767
0.030911
0.034052
0.036082
0.042297
0.031856
0.042462
0.044606
0.028261
0.040728
0.389903
0.272164
0.726008
0.740930
0.484371
0.258231
0.453684
0.356379
0.318342
0.376309
0.332387
0.039858
0.021755
0.035686
0.040132
0.023152
0.027413
0.027300
0.033865
0.027075
0.022765
0.021570
0.035168
0.036134
0.177367
0.317420
0.239710
0.430923
0.441037
0.191559
0.320045
0.359572
0.354322
0.310894
0.514785
0.293804
0.254028
0.052191
0.039693
0.026357
0.033956
0.029378
0.036456
0.034255
0.042685
0.029955
0.024761
0.033624
0.219393
0.384471
0.224377
0.408091
0.436752
0.387910
0.368118
0.471934
0.432018
0.396089
0.590110
0.288356
0.145592
0.045092
0.032647
0.041659
0.030485
0.055464
0.044675
0.047918
0.029715
0.038926
0.049362
0.040749
0.041470
0.030258
0.045368
0.283075
0.271559
0.173550
0.178502
0.150366
0.062636
0.018154
0.021567
0.024206
0.018378
0.032483
0.032928
0.032295
0.027837
0.034834
0.030850
0.030938
0.030489
0.027035
0.035284
0.033458
0.025825
0.079217
0.215286
0.453196
0.320383
0.348714
0.302963
0.150030
0.163798
0.081436
0.017245
0.020102
0.017779
0.027786
0.023873
0.026607
0.050405
0.036284
0.022146
0.036594
0.021210
0.030722
0.020724
0.082208
0.219280
0.268860
0.432138
0.404912
0.370511
0.297165
0.275525
0.368429
0.222014
0.496606
0.211342
0.135707
0.112209
0.053121
0.033989
0.043532
0.039392
0.059502
0.040650
0.040579
0.039066
0.042437
0.048257
0.026196
0.326117
0.349752
0.248197
0.260822
0.312859
0.375607
0.326370
0.501020
0.510658
0.482421
0.507601
0.521721
0.145704
0.039214
0.048947
0.047463
0.042612
0.040771
0.041620
0.028127
0.058246
0.043570
0.046920
0.033326
0.319980
0.441027
0.403619
0.330698
0.483726
0.622495
0.498095
0.479612
0.288958
0.624174
0.673617
0.233641
0.023001
0.045186
0.042753
0.026945
0.042302
0.047395
0.046236
0.030092
0.035392
0.042066
0.031476
0.082929
0.383169
0.292222
0.431316
0.363035
0.359769
0.401900
0.415594
0.556808
0.557761
0.484920
0.397126
0.309026
0.216967
0.041427
0.035077
0.040005
0.032936
0.063926
0.031213
0.045157
0.027303
0.045113
0.042075
0.073520
0.316070
0.292262
0.409260
0.410369
0.383726
0.238775
0.367747
0.397160
0.262165
0.326290
0.328409
0.275410
0.058780
0.053151
0.041796
0.043092
0.043132
0.041162
0.045714
0.038446
0.027895
0.034366
0.051814
0.036595
0.029855
0.025329
0.026863
0.224923
0.171405
0.029797
0.044613
0.056674
0.044668
0.061447
0.033741
0.045488
0.030773
0.044174
0.039428
0.043485
0.038340
0.032721
0.039526
0.042050
0.041546
0.034116
0.030433
0.031279
0.040160
0.089710
0.101672
0.077863
0.102569
0.081075
0.152485
0.159143
0.168091
0.199216
0.071345
0.027418
0.055455
0.048135
0.029948
0.035005
0.024809
0.046232
0.026469
0.041791
0.050124
0.034651
0.046783
0.043493
0.279885
0.306982
0.265621
0.245173
0.382717
0.330898
0.303613
0.423772
0.307618
0.334931
0.329387
0.259567
0.070528
0.047226
0.050038
0.041323
0.066496
0.027621
0.040598
0.048874
0.030701
0.035913
0.045343
0.029128
0.372194
0.325169
0.327320
0.289669
0.369064
0.332481
0.313589
0.361711
0.504843
0.547866
0.419152
0.327728
0.080797
0.036894
0.038652
0.074379
0.047329
0.031149
0.038173
0.048127
0.049542
0.031956
0.035568
0.032951
0.358207
0.205794
0.379614
0.253039
0.269520
0.307653
0.336698
0.351952
0.278897
0.323091
0.487499
0.129268
0.032093
0.038011
0.039667
0.039979
0.066445
0.040814
0.030778
0.030400
0.036560
0.047257
0.036868
0.029090
0.313299
0.351194
0.359473
0.259871
0.392602
0.344337
0.209337
0.293654
0.444066
0.413049
0.353417
0.231352
0.025338
0.059001
0.038086
0.027241
0.045209
0.046655
0.044099
0.049452
0.048498
0.055091
0.031424
0.035114
0.586792
0.400336
0.272000
0.197831
0.206317
0.163829
0.315833
0.190157
0.234752
0.259775
0.244523
0.098067
0.031245
0.041357
0.047366
0.044880
0.062937
0.029543
0.044085
0.033476
0.041795
0.040090
0.036273
0.041403
0.021960
0.110865
0.095588
0.143552
0.162854
0.138224
0.266234
0.422492
0.328586
0.157057
0.037112
0.032615
0.081597
0.039978
0.031853
0.044637
0.029320
0.041765
0.037674
0.035926
0.037414
0.034886
0.037208
0.026822
0.036045
0.030336
0.055499
0.233467
0.204394
0.245836
0.233218
0.226037
0.191468
0.077276
0.049813
0.047904
0.059572
0.056397
0.059580
0.045647
0.066568
0.051905
0.045626
0.049612
0.039410
0.028736
0.029158
0.047175
0.431959
0.360020
0.257057
0.302705
0.268029
0.335306
0.382263
0.327983
0.307310
0.261110
0.302805
0.153719
0.040334
0.035991
0.033742
0.033994
0.041754
0.037806
0.048368
0.032331
0.034581
0.029213
0.033721
0.044888
0.214779
0.284834
0.402241
0.281181
0.537438
0.259641
0.396146
0.704270
0.594102
0.395816
0.511545
0.394833
0.094208
0.032993
0.033478
0.049712
0.045906
0.043593
0.029516
0.030790
0.042050
0.030112
0.028620
0.042244
0.260861
0.299698
0.377657
0.333699
0.299006
0.257986
0.330457
0.400844
0.453168
0.306151
0.575880
0.321522
0.096658
0.039727
0.050116
0.028707
0.036496
0.026878
0.027644
0.067614
0.048969
0.045816
0.044116
0.037492
0.176114
0.255133
0.281111
0.465810
0.289207
0.353453
0.468779
0.736683
0.311647
0.436026
0.626020
0.334890
0.035548
0.057005
0.036827
0.045731
0.028103
0.023993
0.047050
0.046457
0.045996
0.056231
0.038248
0.040357
0.319036
0.349086
0.417592
0.249299
0.291927
0.404461
0.370777
0.700391
0.556148
0.382200
0.391140
0.338618
0.040450
0.036852
0.026453
0.033076
0.048282
0.054758
0.030397
0.034247
0.032245
0.043595
0.033065
0.030639
0.052979
0.029390
0.030558
0.267262
0.161340
0.142750
0.161025
0.158765
0.262123
0.242515
0.099814
0.050333
0.075569
0.059780
0.054941
0.039574
0.058495
0.056869
0.035791
0.062938
0.049956
0.033305
0.042689
0.042366
0.049903
0.048888
0.145425
0.179949
0.146209
0.038572
0.298335
0.490076
0.184454
0.094534
0.018185
0.016594
0.039263
0.028163
0.027322
0.037402
0.035755
0.033917
0.036593
0.047194
0.027905
0.036364
0.034804
0.023239
0.269301
0.211503
0.269185
0.361525
0.407884
0.313067
0.298796
0.263678
0.394170
0.388052
0.575374
0.343908
0.144442
0.030123
0.053614
0.025587
0.022314
0.037464
0.020935
0.027018
0.025686
0.048112
0.028977
0.061213
0.342104
0.244223
0.367710
0.410444
0.386442
0.396064
0.272973
0.311683
0.239719
0.414279
0.493518
0.318706
0.313388
0.323894
0.032224
0.055571
0.028893
0.039352
0.029186
0.037071
0.029811
0.025059
0.030326
0.050638
0.160612
0.192246
0.252286
0.250548
0.263478
0.418096
0.295991
0.329840
0.278835
0.342958
0.270454
0.129455
0.040612
0.039171
0.037677
0.039242
0.044535
0.042409
0.031631
0.021011
0.030177
0.037939
0.042361
0.038037
0.211233
0.355067
0.334871
0.230781
0.364860
0.338604
0.386249
0.363815
0.415702
0.062387
0.042377
0.019946
0.034847
0.021654
0.021878
0.020396
0.021317
0.052610
0.031829
0.020854
0.029198
0.035399
0.030607
0.021553
0.252145
0.359074
0.248474
0.313336
0.242673
0.306956
0.372259
0.283348
0.025434
0.028739
0.035706
0.019494
0.035082
0.020045
0.032792
0.031807
0.021461
0.034100
0.035488
0.024956
0.030377
0.021873
0.020542
0.024756
0.034219
0.029466
0.056563
0.156996
0.147081
0.172636
0.363084
0.259024
0.121733
0.025775
0.043655
0.041645
0.061782
0.050434
0.031147
0.045615
0.047006
0.047727
0.045711
0.041282
0.043268
0.055946
0.036798
0.054438
0.047477
0.029548
0.030210
0.036436
0.024405
0.041149
0.034616
0.029586
0.074879
0.037319
0.029960
0.029417
0.048099
0.053911
0.050343
0.046348
0.031756
0.052713
0.066037
0.053047
0.038680
0.046557
0.043242
0.045021
0.041814
0.025412
0.034117
0.151211
0.037664
0.042294
0.040717
0.035525
0.046481
0.045156
0.043405
0.024504
0.057265
0.033323
0.049271
0.052318
0.046575
0.038354
0.032468
0.039585
0.042091
0.051057
0.055749
0.045741
0.150653
0.280418
0.277102
0.373402
0.293626
0.333563
0.240855
0.451807
0.457307
0.654317
0.335048
0.136266
0.067608
0.070086
0.035040
0.032868
0.067547
0.033801
0.049375
0.049226
0.052948
0.029431
0.045494
0.050933
0.248979
0.299173
0.363246
0.447577
0.369584
0.314777
0.262436
0.440979
0.242873
0.601563
0.517678
0.498980
0.216902
0.030893
0.024720
0.027131
0.040894
0.039386
0.020606
0.032396
0.034789
0.025048
0.032555
0.043251
0.261753
0.201233
0.325719
0.374849
0.378063
0.343826
0.359693
0.358440
0.275910
0.311331
0.364111
0.383677
0.197634
0.036177
0.020745
0.028832
0.040737
0.034376
0.023517
0.036065
0.026299
0.033992
0.046002
0.025131
0.283345
0.385300
0.193616
0.223183
0.375976
0.316348
0.569981
0.356683
0.317708
0.296703
0.492241
0.312087
0.032203
0.039540
0.047344
0.037251
0.026279
0.022797
0.027106
0.037624
0.033094
0.035722
0.026565
0.030486
0.033443
0.026387
0.145118
0.246278
0.194123
0.246458
0.080730
0.172192
0.325399
0.143934
0.091177
0.022616
0.026085
0.021414
0.036073
0.032754
0.038445
0.034519
0.038142
0.031369
0.030677
0.036046
0.021878
0.027583
0.077479
0.018647
0.019112
0.018662
0.014153
0.024153
0.034705
0.025216
0.027518
0.028120
0.034952
0.026586
0.031644
0.025250
0.027903
0.052411
0.030922
0.023218
0.039398
0.025200
0.038414
0.031221
0.032955
0.042797
0.253629
0.292240
0.369565
0.486228
0.303354
0.434706
0.245558
0.265185
0.266908
0.391606
0.278144
0.180016
0.054228
0.044817
0.043929
0.041374
0.033400
0.039393
0.023669
0.031289
0.025473
0.020789
0.054700
0.022450
0.222108
0.382803
0.236878
0.247806
0.367339
0.289010
0.390475
0.446558
0.410867
0.546022
0.304091
0.194665
0.074660
0.045044
0.028895
0.020954
0.032489
0.023571
0.052215
0.021784
0.037827
0.037137
0.022239
0.035935
0.310583
0.326775
0.391930
0.562578
0.355744
0.317696
0.726772
0.510098
0.483703
0.326878
0.217116
0.244150
0.083135
0.038736
0.038875
0.036942
0.022209
0.036013
0.028702
0.026611
0.030858
0.058509
0.038364
0.038425
0.182689
0.303542
0.346754
0.534280
0.682535
0.387667
0.397277
0.446785
0.374598
0.274721
0.468478
0.298137
0.301160
0.028302
0.045016
0.126871
0.043693
0.048528
0.033730
0.041919
0.042005
0.040580
0.029330
0.039079
0.294393
0.256701
0.270879
0.305509
0.329058
0.431894
0.381028
0.321092
0.399840
0.325962
0.262636
0.211088
0.035403
0.053795
0.037032
0.039229
0.040960
0.036960
0.044697
0.038032
0.049410
0.026766
0.027747
0.033596
0.030305
0.027215
0.108988
0.140317
0.242388
0.267914
0.192861
0.218668
0.068609
0.023655
0.026475
0.031822
0.034107
0.025208
0.039749
0.030973
0.034716
0.034864
0.038055
0.041723
0.034315
0.031437
0.033208
0.035597
0.055001
0.020760
0.119855
0.226437
0.350291
0.277024
0.182110
0.371875
0.217336
0.172663
0.015314
0.015112
0.027077
0.028695
0.026885
0.022211
0.029626
0.038825
0.021068
0.022936
0.023894
0.032057
0.031794
0.033848
0.305766
0.337329
0.422187
0.277287
0.378225
0.293683
0.420854
0.572047
0.342443
0.385469
0.608264
0.276506
0.117179
0.054434
0.027480
0.022817
0.040327
0.025486
0.025444
0.045186
0.030565
0.033226
0.029238
0.035787
0.236512
0.351581
0.233689
0.286083
0.388878
0.379139
0.417051
0.287791
0.371074
0.520437
0.465800
0.381424
0.102969
0.037217
0.038560
0.034855
0.025783
0.031716
0.026223
0.025007
0.023768
0.047315
0.023347
0.031361
0.312936
0.366242
0.479920
0.426322
0.405440
0.296142
0.363902
0.319034
0.240522
0.320517
0.229921
0.127576
0.055377
0.032515
0.041947
0.038728
0.025524
0.043663
0.032697
0.036518
0.033750
0.028708
0.030426
0.053563
0.178844
0.407928
0.356160
0.237266
0.364325
0.340754
0.242736
0.359545
0.359028
0.470263
0.361743
0.201601
0.052877
0.055196
0.045523
0.044464
0.067207
0.045381
0.040175
0.031732
0.045700
0.046890
0.047477
0.032989
0.299225
0.340780
0.683761
0.562667
0.551218
0.416616
0.387426
0.503979
0.399031
0.264782
0.217232
0.028241
0.047102
0.035087
0.048971
0.045800
0.035409
0.055642
0.026713
0.029981
0.031024
0.030542
0.036098
0.033318
0.033477
0.020367
0.230887
0.233828
0.165956
0.210837
0.167026
0.231722
0.163782
0.090240
0.025078
0.028465
0.039822
0.029723
0.029979
0.029758
0.033077
0.029740
0.055832
0.024001
0.036053
0.026742
0.032788
0.031318
0.032483
0.019343
0.136640
0.122356
0.199264
0.136716
0.219880
0.226322
0.074806
0.039249
0.041317
0.053700
0.053995
0.025725
0.039047
0.036490
0.029905
0.036692
0.033965
0.021818
0.043144
0.032612
0.051401
0.038021
0.242691
0.366080
0.338022
0.330848
0.332654
0.377763
0.268579
0.243747
0.258547
0.372348
0.445553
0.461721
0.184298
0.030837
0.025280
0.033987
0.032280
0.025857
0.021317
0.027497
0.031674
0.034278
0.030572
0.031168
0.185642
0.376071
0.257404
0.377565
0.517269
0.382347
0.251189
0.393460
0.343551
0.297137
0.410707
0.489810
0.325820
0.072247
0.033663
0.022930
0.024236
0.029796
0.046527
0.032490
0.032365
0.028115
0.036125
0.025069
0.309740
0.591111
0.596705
0.237828
0.275795
0.519308
0.709087
0.424333
0.361888
0.426142
0.373363
0.478242
0.289934
0.030764
0.032643
0.035583
0.038966
0.041444
0.035371
0.032420
0.027253
0.026030
0.037041
0.036553
0.177603
0.275537
0.319301
0.303424
0.254709
0.215248
0.240761
0.358253
0.325453
0.309392
0.314724
0.370110
0.169462
0.029961
0.030630
0.036371
0.035941
0.045635
0.022060
0.027019
0.026370
0.023110
0.035542
0.035451
0.233073
0.240101
0.258534
0.350702
0.392683
0.286737
0.384860
0.287354
0.316003
0.373041
0.210980
0.130805
0.034961
0.033737
0.048536
0.035565
0.027730
0.034134
0.032814
0.051633
0.027951
0.032162
0.026946
0.031187
0.132498
0.165098
0.231261
0.236486
0.182733
0.091848
0.086651
0.219197
0.197593
0.026071
0.020066
0.023308
0.024753
0.035307
0.032536
0.025952
0.036014
0.028058
0.035294
0.053002
0.022388
0.023413
0.035398
0.028340
0.022116
0.072718
0.129080
0.024540
0.089649
0.105329
0.163708
0.203761
0.244009
0.232901
0.082708
0.047340
0.035186
0.027412
0.023401
0.037051
0.046279
0.029807
0.042938
0.031608
0.032791
0.030146
0.044857
0.022655
0.343792
0.430303
0.311186
0.329604
0.267643
0.206909
0.228548
0.382326
0.355398
0.230253
0.438098
0.266082
0.052059
0.036085
0.025702
0.028273
0.035429
0.025265
0.023979
0.025497
0.044433
0.038563
0.038743
0.035452
0.298325
0.223310
0.287305
0.249073
0.373013
0.246660
0.518701
0.592280
0.679076
0.532686
0.257487
0.515252
0.453161
0.035952
0.023657
0.026977
0.034699
0.021897
0.043195
0.033803
0.028676
0.023474
0.023225
0.025234
0.218934
0.450536
0.352391
0.254280
0.375353
0.330866
0.264903
0.208155
0.222881
0.358897
0.268736
0.228513
0.058345
0.034091
0.053393
0.035994
0.033523
0.024176
0.030134
0.026884
0.049225
0.033210
0.021177
0.024078
0.235780
0.297770
0.315295
0.436323
0.269168
0.290976
0.406169
0.219279
0.409335
0.209412
0.434915
0.324361
0.389356
0.042878
0.058027
0.054716
0.045706
0.046792
0.054275
0.060567
0.041003
0.056393
0.095918
0.041103
0.258112
0.518926
0.472861
0.370532
0.399964
0.347381
0.321609
0.329436
0.224194
0.273632
0.370215
0.221322
0.046168
0.054892
0.059430
0.039194
0.060108
0.039780
0.056427
0.050043
0.062942
0.064586
0.073592
0.036635
0.057206
0.066446
0.151900
0.199702
0.224397
0.385221
0.418536
0.332812
0.092516
0.036597
0.023442
0.062383
0.047428
0.036367
0.046686
0.036698
0.061271
0.045912
0.064298
0.057203
0.048974
0.053650
0.054055
0.077891
0.038209
0.039534
0.039123
0.019502
0.021214
0.122391
0.141125
0.174197
0.085669
0.021903
0.227642
0.479709
0.048925
0.044925
0.062935
0.045621
0.056468
0.051028
0.045195
0.057145
0.056095
0.070496
0.054290
0.082021
0.338457
0.246955
0.363258
0.394910
0.489983
0.304056
0.302297
0.316881
0.280968
0.399002
0.559964
0.325436
0.071653
0.075955
0.074138
0.061823
0.055606
0.055294
0.050948
0.054773
0.091939
0.074772
0.053559
0.075666
0.424270
0.590153
0.522811
0.486968
0.509518
0.256668
0.388305
0.363371
0.282697
0.432975
0.284973
0.265581
0.048080
0.070657
0.047618
0.061567
0.060944
0.087443
0.083748
0.069783
0.048280
0.064528
0.089936
0.065020
0.246320
0.637873
0.513027
0.379981
0.400963
0.372009
0.378498
0.351719
0.264553
0.396461
0.332455
0.145704
0.039105
0.033151
0.023197
0.029229
0.031499
0.063176
0.038096
0.048275
0.052476
0.041704
0.064438
0.050336
0.262006
0.516131
0.421758
0.322749
0.452749
0.326296
0.590160
0.740174
0.491318
0.448378
0.297946
0.553272
0.287904
0.029609
0.038880
0.034832
0.023611
0.027825
0.024175
0.022755
0.032697
0.037668
0.023579
0.026488
0.227430
0.379316
0.312907
0.255284
0.287561
0.379679
0.320015
0.296471
0.392738
0.361629
0.210262
0.037386
0.032698
0.021404
0.060433
0.038487
0.029278
0.041325
0.039651
0.058426
0.057981
0.058783
0.045055
0.059720
0.040741
0.057432
0.212189
0.157204
0.264433
0.486986
0.589114
0.274382
0.230685
0.120149
0.040912
0.047799
0.029893
0.025513
0.041395
0.028111
0.032672
0.059080
0.051382
0.062548
0.034544
0.050778
0.062584
0.065867
0.057683
0.264100
0.221961
0.192085
0.243054
0.211281
0.128192
0.282047
0.179307
0.217991
0.149107
0.039097
0.026159
0.034303
0.026443
0.050044
0.056490
0.059143
0.039394
0.040097
0.045989
0.059951
0.055125
0.062222
0.289842
0.365080
0.236642
0.508311
0.360536
0.276371
0.357856
0.400044
0.749992
0.360035
0.210242
0.260648
0.035518
0.039263
0.026727
0.036810
0.040938
0.052989
0.031910
0.052829
0.049434
0.037877
0.068717
0.044948
0.212196
0.271097
0.442910
0.336921
0.295547
0.309908
0.267318
0.435269
0.534312
0.205407
0.287063
0.208373
0.089109
0.032444
0.101841
0.042500
0.043238
0.038755
0.045129
0.048976
0.057312
0.053268
0.041428
0.036052
0.298070
0.391157
0.306114
0.450541
0.376586
0.501584
0.564676
0.641888
0.307170
0.269061
0.584347
0.340328
0.439754
0.044826
0.051791
0.027964
0.036649
0.023584
0.047634
0.034568
0.035993
0.053039
0.057163
0.043378
0.297946
0.432664
0.502797
0.404779
0.388458
0.371964
0.431502
0.311147
0.267391
0.433415
0.653281
0.484714
0.042098
0.037613
0.029910
0.031089
0.031697
0.024615
0.051686
0.031293
0.027290
0.031368
0.021256
0.027030
0.232314
0.331338
0.301038
0.296201
0.450142
0.318437
0.279363
0.348099
0.406754
0.443288
0.276807
0.099413
0.025616
0.027197
0.037084
0.028203
0.030381
0.036576
0.027545
0.025410
0.036146
0.033089
0.029895
0.020566
0.020836
0.019458
0.284785
0.177530
0.191571
0.175143
0.219286
0.267487
0.172470
0.259174
0.130523
0.021955
0.036230
0.029206
0.031016
0.033483
0.047758
0.032895
0.029296
0.023488
0.125450
0.070659
0.032393
0.033686
0.031859
0.016318
0.015296
0.184953
0.140167
0.261603
0.178720
0.291483
0.425898
0.352791
0.136011
0.018812
0.041162
0.033555
0.011574
0.028357
0.021380
0.055065
0.030911
0.020251
0.023917
0.032189
0.041797
0.028113
0.246359
0.338895
0.433093
0.482650
0.347436
0.512082
0.318569
0.547860
0.653202
0.408169
0.423610
0.592134
0.191299
0.071538
0.047825
0.097144
0.086385
0.075894
0.084523
0.078134
0.109229
0.065916
0.096271
0.091658
0.317908
0.387972
0.382636
0.351333
0.407641
0.591265
0.437223
0.406205
0.321305
0.301977
0.481129
0.601811
0.112412
0.075440
0.091646
0.102445
0.081659
0.088529
0.085260
0.090499
0.083665
0.087565
0.069824
0.075149
0.319599
0.260488
0.301327
0.253610
0.276622
0.253368
0.311574
0.535958
0.372390
0.335702
0.432193
0.467734
0.386007
0.191086
0.030727
0.052143
0.023418
0.037548
0.039190
0.030189
0.040971
0.072921
0.050927
0.053161
0.244198
0.585536
0.593219
0.262670
0.432931
0.415040
0.396297
0.314264
0.342737
0.406165
0.610232
0.491924
0.065511
0.038468
0.061437
0.043069
0.048201
0.068862
0.049937
0.085044
0.079987
0.067464
0.090560
0.083947
0.250540
0.431340
0.415996
0.541882
0.489135
0.335700
0.426545
0.471908
0.459430
0.394433
0.470634
0.516969
0.039574
0.069683
0.083510
0.069961
0.073389
0.053743
0.078226
0.063160
0.083775
0.054417
0.080811
0.087606
0.075167
0.162662
0.224233
0.259512
0.173301
0.062681
0.039851
0.043561
0.127397
0.140546
0.047785
0.095685
0.054415
0.067972
0.076997
0.074996
0.090117
0.084114
0.092788
0.077517
0.085284
0.081754
0.071536
0.084113
0.085737
0.058926
0.049540
0.072511
0.033299
0.061491
0.040237
0.039271
0.053892
0.481209
0.704662
0.627937
0.124849
0.074198
0.048633
0.060674
0.066610
0.040267
0.090557
0.071517
0.060519
0.063906
0.069870
0.107346
0.233894
0.435623
0.428788
0.441416
0.481626
0.334362
0.324621
0.484753
0.333740
0.436553
0.369480
0.530207
0.219569
0.047487
0.064347
0.092158
0.075933
0.064252
0.077954
0.088421
0.093914
0.068423
0.098224
0.100547
0.195109
0.290195
0.345141
0.291568
0.289453
0.290072
0.342423
0.236211
0.372945
0.297047
0.201940
0.277233
0.160702
0.062113
0.067173
0.071368
0.087213
0.120347
0.088794
0.088333
0.078484
0.094147
0.104452
0.113076
0.288367
0.418841
0.499939
0.509816
0.348730
0.413624
0.533974
0.501665
0.564695
0.307571
0.473800
0.414699
0.072191
0.077576
0.065000
0.055113
0.073124
0.091898
0.085566
0.101630
0.090878
0.084149
0.084150
0.063568
0.314549
0.487357
0.357283
0.477444
0.544505
0.423076
0.402234
0.437943
0.331894
0.495254
0.235937
0.143558
0.102173
0.072644
0.081707
0.085199
0.073649
0.085731
0.087986
0.064060
0.065503
0.086828
0.106668
0.076033
0.269112
0.490551
0.511482
0.489212
0.629721
0.194253
0.313520
0.343855
0.252349
0.303872
0.381945
0.227161
0.089027
0.098334
0.074638
0.092409
0.132406
0.169890
0.075582
0.073720
0.108270
0.067995
0.110902
0.060320
0.071505
0.091455
0.059880
0.198141
0.236819
0.513231
0.414014
0.267888
0.238302
0.590935
0.433069
0.194652
0.068767
0.095479
0.100979
0.064071
0.111964
0.064245
0.070769
0.082616
0.124922
0.084587
0.071877
0.079998
0.099367
0.112486
0.117071
0.252220
0.177473
0.232606
0.171227
0.288573
0.502264
0.099357
0.086437
0.124376
0.073362
0.092357
0.081069
0.098664
0.080515
0.087171
0.091345
0.133348
0.074371
0.060105
0.099127
0.077543
0.106173
0.415119
0.281302
0.428301
0.480915
0.727858
0.430111
0.576743
0.614444
0.719019
0.324329
0.312527
0.167802
0.123490
0.093241
0.094432
0.057242
0.122739
0.096659
0.099479
0.097002
0.094268
0.082641
0.101949
0.098527
0.295577
0.436691
0.492137
0.474868
0.358673
0.359261
0.574134
0.443127
0.404690
0.256340
0.661513
0.473495
0.201611
0.084477
0.094481
0.058451
0.105656
0.103136
0.102447
0.084336
0.074452
0.061047
0.067909
0.096003
0.517407
0.318809
0.412909
0.425793
0.323214
0.419144
0.303024
0.294896
0.389127
0.299731
0.382529
0.247154
0.056051
0.066956
0.067455
0.052746
0.060581
0.086414
0.079160
0.067229
0.123147
0.127044
0.085655
0.100000
0.429085
0.425430
0.500891
0.492016
0.331005
0.428993
0.428305
0.246551
0.360319
0.449893
0.808640
0.677305
0.195021
0.087367
0.167206
0.165340
0.147162
0.106939
0.113958
0.158458
0.128576
0.099877
0.161785
0.144494
0.536371
0.445978
0.487241
0.332823
0.473650
0.453776
0.415805
0.436208
0.319751
0.261941
0.369969
0.098424
0.074614
0.128170
0.115177
0.119710
0.128155
0.074343
0.080911
0.095188
0.096740
0.080254
0.107531
0.099634
0.063831
0.077299
0.270020
0.058358
0.071739
0.076422
0.060608
0.070777
0.066411
0.083133
0.106039
0.086533
0.085089
0.074021
0.072505
0.062544
0.077102
0.084416
0.101810
0.105311
0.081843
0.093840
0.063714
0.106467
0.084136
0.067092
0.108467
0.313966
0.045856
0.224470
0.429266
0.545497
0.631748
0.281932
0.054526
0.093809
0.058314
0.098933
0.106058
0.103363
0.083749
0.112000
0.067779
0.066731
0.111987
0.125836
0.069028
0.108458
0.406762
0.415929
0.365468
0.669046
0.315187
0.388884
0.539019
0.447483
0.632586
0.551109
0.450726
0.434622
0.106487
0.076525
0.062258
0.069469
0.052511
0.055513
0.073160
0.088331
0.061426
0.080733
0.088751
0.062649
0.223665
0.421978
0.328630
0.403275
0.276118
0.333743
0.708551
0.553843
0.486798
0.543455
0.278063
0.263469
0.084611
0.036529
0.039822
0.046209
0.097607
0.034927
0.056064
0.061346
0.056882
0.057183
0.074722
0.065448
0.250031
0.564202
0.427621
0.345740
0.371667
0.443854
0.440981
0.458367
0.339967
0.429864
0.623543
0.551026
0.191922
0.082392
0.115454
0.092128
0.087183
0.079970
0.095248
0.082233
0.100876
0.107364
0.100303
0.125650
0.427243
0.543484
0.394552
0.310888
0.256760
0.383626
0.439904
0.457407
0.357475
0.358495
0.351080
0.538784
0.397078
0.077275
0.116527
0.064092
0.065052
0.084907
0.131281
0.100203
0.083563
0.119872
0.091492
0.107587
0.399431
0.433292
0.257468
0.533429
0.599176
0.368419
0.370996
0.444761
0.199881
0.410977
0.640598
0.052577
0.051475
0.060889
0.061445
0.088758
0.059523
0.086696
0.080309
0.064695
0.081408
0.062389
0.060737
0.083482
0.085458
0.048333
0.255508
0.246181
0.252298
0.203899
0.181565
0.169620
0.229669
0.191162
0.165975
0.074582
0.066632
0.082836
0.108882
0.094386
0.106024
0.069090
0.124780
0.119720
0.098036
0.114999
0.075660
0.085579
0.092823
0.068278
0.090953
0.065247
0.062040
0.052353
0.050135
0.069255
0.039676
0.072019
0.082980
0.085065
0.096637
0.081161
0.077403
0.055914
0.076032
0.062527
0.073238
0.062064
0.111608
0.127219
0.093819
0.102262
0.321236
0.332823
0.384069
0.628287
0.674324
0.373427
0.213220
0.332281
0.251129
0.453293
0.669663
0.437733
0.041905
0.057493
0.053178
0.075681
0.054185
0.055737
0.092547
0.082521
0.070929
0.068806
0.053243
0.074194
0.339501
0.358463
0.500672
0.333716
0.343290
0.312928
0.486646
0.261620
0.283094
0.334166
0.457364
0.388731
0.163715
0.075304
0.086881
0.086383
0.096955
0.082994
0.117063
0.106406
0.104935
0.096741
0.095472
0.139631
0.266798
0.335145
0.389082
0.376369
0.287591
0.397059
0.326463
0.293340
0.244920
0.223251
0.225990
0.032889
0.103513
0.083572
0.084173
0.083638
0.082454
0.058477
0.102979
0.101313
0.063241
0.038005
0.074309
0.072155
0.093029
0.021187
0.050103
0.051380
0.079765
0.083835
0.119991
0.079943
0.086863
0.097631
0.095326
0.044560
0.018861
0.012383
0.016054
0.012501
0.043742
0.044322
0.044474
0.050976
0.048461
0.041060
0.040110
0.271073
0.315035
0.440254
0.320544
0.176212
0.305589
0.451332
0.411400
0.339425
0.327612
0.247483
0.222046
0.042780
0.043759
0.040185
0.041763
0.049572
0.032194
0.040363
0.050581
0.023075
0.035011
0.026769
0.034115
0.040318
0.043161
0.036462
0.028574
0.033169
0.023279
0.026464
0.018347
0.039135
0.029971
0.024008
0.029573
0.036628
0.033283
0.024464
0.026912
0.033492
0.032902
0.055724
0.035086
0.042154
0.026055
0.028220
0.035030
0.027855
0.032171
0.011706
0.015270
0.015837
0.019537
0.183441
0.172106
0.385391
0.496556
0.180642
0.034630
0.038950
0.035698
0.024542
0.028646
0.024072
0.053454
0.038891
0.025290
0.028393
0.038040
0.033325
0.039627
0.026981
0.246158
0.408289
0.456466
0.338219
0.381418
0.496557
0.473771
0.523790
0.549311
0.336116
0.491518
0.188452
0.061613
0.026787
0.032832
0.028783
0.065101
0.042659
0.049901
0.057377
0.057008
0.041735
0.058286
0.264421
0.429520
0.432711
0.342257
0.278722
0.478332
0.397709
0.437000
0.345254
0.473700
0.295420
0.482449
0.267965
0.076217
0.056623
0.074829
0.052661
0.055542
0.047141
0.042591
0.054944
0.069990
0.049257
0.066306
0.263693
0.417232
0.346673
0.505977
0.419221
0.417189
0.571093
0.559778
0.405393
0.482426
0.368349
0.390842
0.292389
0.083163
0.071296
0.047190
0.048889
0.044628
0.070468
0.062521
0.048523
0.107628
0.103861
0.080455
0.095173
0.348973
0.336953
0.394039
0.390945
0.408299
0.503614
0.482469
0.442471
0.308264
0.395078
0.445195
0.302110
0.076816
0.066302
0.080480
0.047304
0.057129
0.035419
0.040252
0.041367
0.029486
0.037248
0.031537
0.029226
0.285755
0.164190
0.244215
0.298230
0.262592
0.204227
0.419759
0.403757
0.489455
0.299164
0.496613
0.615550
0.329295
0.078960
0.068511
0.355407
0.067722
0.053804
0.083948
0.091560
0.110740
0.059349
0.056341
0.072373
0.075377
0.066634
0.321108
0.148968
0.538209
0.279301
0.329634
0.332286
0.283885
0.162177
0.130721
0.089192
0.083893
0.066156
0.067125
0.083495
0.073247
0.106035
0.057474
0.075390
0.064238
0.100251
0.075483
0.087407
0.061588
0.065759
0.129038
0.064347
0.132464
0.059868
0.064470
0.254186
0.363272
0.590276
0.277982
0.051577
0.072469
0.080516
0.062793
0.067448
0.071640
0.068087
0.038397
0.058917
0.071925
0.051127
0.046452
0.052449
0.330376
0.249051
0.288129
0.214515
0.228815
0.245373
0.398220
0.401972
0.364965
0.427628
0.366595
0.176290
0.074865
0.069824
0.091869
0.077199
0.099583
0.079571
0.121103
0.086716
0.112130
0.112537
0.098260
0.096097
0.285319
0.454807
0.443715
0.356221
0.515951
0.298888
0.593474
0.392171
0.360431
0.388203
0.278051
0.196377
0.099872
0.048649
0.063729
0.038031
0.073682
0.076897
0.095431
0.066976
0.108170
0.089506
0.089691
0.099911
0.358052
0.491026
0.246624
0.546116
0.487876
0.653213
0.513291
0.657582
0.486457
0.529162
0.456994
0.289366
0.115906
0.071231
0.071431
0.113888
0.092352
0.074473
0.063971
0.076218
0.080700
0.083784
0.110186
0.300078
0.400211
0.413318
0.418541
0.509067
0.347733
0.423093
0.405484
0.464803
0.354666
0.421277
0.459814
0.271161
0.134727
0.067307
0.091484
0.073821
0.079056
0.057521
0.064238
0.072534
0.069944
0.087228
0.089666
0.284505
0.366245
0.472810
0.497987
0.385419
0.407249
0.368978
0.356806
0.438994
0.379716
0.313579
0.263912
0.173234
0.103109
0.137320
0.119378
0.109777
0.159484
0.106585
0.130224
0.124743
0.123817
0.152732
0.145995
0.061861
0.139285
0.045547
0.113896
0.094178
0.533293
0.505197
0.364073
0.349474
0.367390
0.179286
0.169954
0.081583
0.115247
0.140788
0.137283
0.123730
0.078138
0.105572
0.091908
0.079389
0.081097
0.081512
0.079918
0.094746
0.095796
0.071201
0.071090
0.232758
0.268948
0.408444
0.253887
0.491387
0.619632
0.204096
0.086321
0.054199
0.121294
0.072814
0.063029
0.094304
0.088469
0.094933
0.078095
0.089378
0.075402
0.085966
0.095348
0.097310
0.263802
0.374250
0.530293
0.840778
0.488499
0.504575
0.629714
0.418103
0.592345
0.600087
0.723182
0.554972
0.250117
0.112032
0.116198
0.132171
0.081776
0.143204
0.098966
0.124444
0.147002
0.115486
0.157666
0.112194
0.353406
0.499791
0.541451
0.591063
0.518504
0.394910
0.567251
0.330891
0.450349
0.528570
0.808295
0.731388
0.491033
0.109352
0.119890
0.093545
0.133082
0.092434
0.136928
0.137883
0.113488
0.129324
0.096996
0.091397
0.320841
0.438232
0.437970
0.300652
0.645431
0.327453
0.362798
0.387968
0.392700
0.519349
0.648921
0.380583
0.136462
0.091524
0.061225
0.076610
0.102474
0.086675
0.107280
0.104198
0.074544
0.087759
0.087265
0.144412
0.249470
0.465965
0.600862
0.429608
0.495872
0.396906
0.382350
0.397009
0.413015
0.415507
0.496785
0.594891
0.419728
0.206957
0.174107
0.129000
0.167752
0.211459
0.141121
0.190539
0.167866
0.128842
0.168044
0.140043
0.452551
0.690378
0.531729
0.656236
0.666937
0.351325
0.476051
0.414980
0.446591
0.497256
0.261812
0.303125
0.121758
0.124204
0.089584
0.114212
0.150115
0.071459
0.129875
0.124637
0.143320
0.111335
0.106691
0.161033
0.096400
0.140015
0.555176
0.538564
0.491584
0.445926
0.356323
0.612307
0.470366
0.197886
0.168082
0.127210
0.100314
0.203451
0.126177
0.115876
0.131377
0.154026
0.168056
0.149696
0.162027
0.187234
0.194824
0.163208
0.167432
0.160136
0.148151
0.153469
0.151759
0.189528
0.444454
0.431683
0.615894
0.156213
0.088099
0.122994
0.145848
0.149324
0.143086
0.143738
0.106458
0.139140
0.147589
0.104839
0.129449
0.113127
0.104404
0.109862
0.336839
0.294123
0.481791
0.429851
0.411218
0.422091
0.565708
0.390474
0.267869
0.332459
0.431745
0.361061
0.187705
0.133445
0.142430
0.098441
0.182883
0.158692
0.147270
0.143104
0.173911
0.143805
0.177662
0.182010
0.352748
0.298959
0.400867
0.272923
0.351967
0.386597
0.401354
0.420382
0.263245
0.366351
0.862595
0.254941
0.137933
0.101712
0.177684
0.107583
0.140850
0.162297
0.177142
0.130408
0.171195
0.160723
0.142744
0.147390
0.256829
0.435241
0.403131
0.552840
0.436613
0.349369
0.336841
0.368749
0.323067
0.538775
0.650743
0.734959
0.136026
0.159619
0.110029
0.143698
0.126151
0.110041
0.126011
0.168924
0.160993
0.131308
0.148834
0.161583
0.318106
0.341052
0.755653
0.612437
0.302084
0.427703
0.473917
0.406138
0.414159
0.496461
0.765746
0.525328
0.172342
0.097544
0.079160
0.124111
0.134878
0.156006
0.105589
0.106661
0.107773
0.107920
0.157253
0.129382
0.390959
0.517479
0.484078
0.822913
0.434544
0.545890
0.542238
0.545045
0.494238
0.319165
0.286311
0.230169
0.118595
0.150984
0.176992
0.104135
0.135594
0.097173
0.099695
0.130510
0.163657
0.131154
0.119230
0.175039
0.137571
0.127029
0.298136
0.401593
0.647568
0.468721
0.302146
0.230855
0.101713
0.119947
0.125673
0.132278
0.178892
0.106786
0.184868
0.141150
0.166670
0.101155
0.136420
0.207085
0.172941
0.120161
0.111818
0.150828
0.121722
0.139329
0.237776
0.333305
0.340768
0.229452
0.314499
0.115428
0.185613
0.148444
0.143687
0.147079
0.145356
0.180379
0.120726
0.160646
0.134611
0.190537
0.194226
0.165149
0.179480
0.199866
0.115746
0.162183
0.139317
0.104801
0.178268
0.184272
0.156121
0.217199
0.129108
0.196753
0.343842
0.607523
0.530615
0.125650
0.182611
0.145200
0.115861
0.176494
0.132128
0.178107
0.195274
0.194688
0.212597
0.190775
0.126296
0.140627
0.314582
0.501857
0.385948
0.309675
0.712701
0.502956
0.388909
0.493634
0.356084
0.448895
0.324152
0.380732
0.122008
0.145162
0.127087
0.173413
0.238193
0.227433
0.210035
0.182127
0.192855
0.162733
0.205571
0.237554
0.431886
0.496871
0.494964
0.802356
0.365319
0.428087
0.346830
0.591528
0.696323
0.569090
0.495314
0.188569
0.148218
0.139464
0.137742
0.214241
0.178272
0.304295
0.163307
0.135202
0.206839
0.211111
0.183924
0.169269
0.544422
0.518357
0.545377
0.580917
0.349946
0.462604
0.378266
0.278053
0.271247
0.517285
0.505764
0.380327
0.179130
0.192581
0.148442
0.139652
0.196199
0.154953
0.166081
0.135548
0.168666
0.119639
0.131751
0.163417
0.486057
0.367612
0.424380
0.349232
0.350002
0.591090
0.417788
0.403801
0.441802
0.719952
0.753906
0.551854
0.177985
0.178826
0.158987
0.153025
0.181820
0.139198
0.192762
0.154993
0.212162
0.132110
0.189959
0.172486
0.173809
0.193384
0.308871
0.395226
0.314422
0.409996
0.355916
0.302028
0.305690
0.266022
0.206006
0.179839
0.135881
0.169745
0.233046
0.170957
0.161372
0.196126
0.172224
0.216359
0.127356
0.220070
0.128599
0.231244
0.235835
0.204856
0.123410
0.360229
0.407910
0.261776
0.344346
0.315975
0.242838
0.184613
0.158770
0.172781
0.223989
0.142033
0.186546
0.148782
0.162057
