0.167697
0.170154
0.177985
0.161025
0.155934
0.153933
0.155056
0.151088
0.178933
0.169698
0.229108
0.208954
0.196735
0.191503
0.207479
0.215414
0.251299
0.273455
0.346524
0.256039
0.206671
0.184691
0.225000
0.186622
0.157338
0.148701
0.145154
0.151650
0.141608
0.148104
0.145225
0.157479
0.184305
0.203336
0.373490
0.395471
0.458427
0.297928
0.196489
0.198841
0.297999
0.458778
0.497051
0.279775
0.226053
0.237324
0.194944
0.222683
0.195365
0.144979
0.134726
0.155126
0.146032
0.162886
0.150737
0.155126
0.231882
0.169733
0.201721
0.187640
0.253230
0.286692
0.202739
0.224438
0.244277
0.373736
0.511271
0.412395
0.424403
0.298947
0.304740
0.191573
0.169382
0.171348
0.164045
0.208111
0.170751
0.189080
0.248244
0.280583
0.236798
0.219312
0.215098
0.314993
0.251053
0.167240
0.237956
0.396594
0.368961
0.423385
0.604424
0.535744
0.481671
0.333322
0.237500
0.179389
0.163308
0.173069
0.159515
0.211236
0.189291
0.198947
0.186763
0.390765
0.243890
0.219189
0.305880
0.256785
0.315926
0.360956
0.427032
0.381413
0.505383
0.336336
0.398017
0.555908
0.539062
0.505402
0.339374
0.258627
0.219043
0.321600
0.217120
0.207489
0.266139
0.220324
0.202578
0.251622
0.179182
0.248580
0.225070
0.198069
0.216749
0.267591
0.207971
0.216994
0.192240
0.271735
0.460727
0.419356
0.406145
0.343715
0.271770
0.185393
0.168715
0.168855
0.164853
0.150035
0.163553
0.166959
0.171067
0.169031
0.172437
0.211622
0.587149
0.484656
0.466959
0.382128
0.253441
0.445154
0.376545
0.587008
0.480618
0.417697
0.487465
0.651756
0.238659
0.169628
0.166011
0.156426
0.164185
0.181847
0.171489
0.234340
0.187219
0.182233
0.228652
0.349298
0.375562
0.193188
0.273350
0.386236
0.372191
0.323982
0.308076
0.667872
0.461938
0.385112
0.242029
0.216433
0.322612
0.190204
0.198104
0.183813
0.197226
0.209410
0.180091
0.176615
0.245857
0.352879
0.315098
0.219698
0.311025
0.333462
0.342205
0.255794
0.330267
0.241889
0.253511
0.274087
0.369874
0.266538
0.332795
0.437711
0.380478
0.265801
0.178476
0.153757
0.165098
0.155091
0.162289
0.174895
0.240801
0.244277
0.252985
0.203862
0.268083
0.256320
0.223244
0.169874
0.198947
0.207584
0.285323
0.373279
0.557584
0.287816
0.324649
0.329986
0.337992
0.227598
0.156987
0.172612
0.144803
0.157690
0.178441
0.171594
0.162605
0.205267
0.186060
0.163272
0.187219
0.174368
0.153933
0.155864
0.166433
0.199473
0.251404
0.305126
0.375246
0.340028
0.466503
0.354916
0.240625
0.199122
0.228336
0.166362
0.172683
0.155232
0.177704
0.184305
0.209831
0.232830
0.176721
0.214782
0.329249
0.395365
0.293434
0.188834
0.146559
0.214958
0.353687
0.265274
0.286552
0.394347
0.387816
0.493645
0.331917
0.298174
0.208919
0.159937
0.164642
0.157022
0.167029
0.207163
0.212114
0.245576
0.178371
0.253336
0.353617
0.243118
0.235077
0.180267
0.325421
0.461833
0.323841
0.310218
0.369101
0.358181
0.258392
0.265520
0.237605
0.216222
0.168153
0.159621
0.171594
0.197367
0.205899
0.242381
0.168153
0.230969
0.245576
0.285253
0.289817
0.378336
0.361341
0.246840
0.199824
0.197402
0.232725
0.299824
0.358919
0.485709
0.302528
0.287465
0.239993
0.181461
0.188062
0.160920
0.176229
0.151791
0.157479
0.186587
0.186728
0.173069
0.186412
0.201334
0.234621
0.565169
0.501053
0.223104
0.272823
0.149298
0.218294
0.386025
0.264256
0.343048
0.423560
0.648041
0.393848
0.262449
0.207494
0.183159
0.177996
0.164249
0.171052
0.158073
0.180130
0.167915
0.194373
0.211799
0.380312
0.341046
0.257209
0.224073
0.311819
0.424157
0.533153
0.337865
0.381506
0.483473
0.246587
0.202971
0.248067
0.175873
0.145855
0.153159
0.141327
0.144873
0.171418
0.213132
0.208989
0.204459
0.185779
0.153897
0.186060
0.209129
0.229424
0.150386
0.190765
0.190625
0.289168
0.294917
0.287364
0.273422
0.273702
0.221244
0.200422
0.146524
0.168188
0.184305
0.130197
0.165801
0.187781
0.159691
0.183076
0.259059
0.217381
0.127985
0.137254
0.130372
0.130723
0.242170
0.137184
0.165449
0.225316
0.280302
0.512114
0.317275
0.406917
0.222999
0.162992
0.227704
0.161657
0.156145
0.139080
0.174122
0.151826
0.150772
0.138659
0.200808
0.159164
0.143855
0.169733
0.175808
0.285358
0.235815
0.287114
0.268153
0.423596
0.315660
0.328090
0.329003
0.413694
0.195646
0.164080
0.146805
0.147156
0.143996
0.130653
0.148385
0.145137
0.162403
0.191156
0.334412
0.199334
0.249439
0.156320
0.155899
0.160990
0.130407
0.124333
0.153511
0.192486
0.170716
0.194733
0.173420
0.260112
0.353441
0.215976
0.154775
0.209129
0.138027
0.141257
0.133603
0.147472
0.137254
0.130162
0.156320
0.301580
0.371489
0.578265
0.313940
0.327598
0.373209
0.341222
0.226334
0.260463
0.299684
0.215449
0.269838
0.255758
0.364080
0.231145
0.232444
0.152423
0.210393
0.157233
0.139642
0.152037
0.138694
0.156390
0.154354
0.135183
0.164150
0.145119
0.218610
0.200211
0.226475
0.159024
0.257338
0.205478
0.250211
0.229459
0.343890
0.431847
0.215449
0.160428
0.177405
0.150606
0.137610
0.146629
0.155881
0.169724
0.148644
0.192598
0.319403
0.178153
0.177314
0.182091
0.193398
0.195927
0.360674
0.275281
0.233848
0.320997
0.361412
0.373631
0.517942
0.407022
0.290379
0.317820
0.268004
0.162074
0.166643
0.154073
0.162044
0.181671
0.161324
0.221638
0.423284
0.278513
0.264222
0.217697
0.248280
0.353827
0.433006
0.329916
0.304143
0.333708
0.432233
0.294874
0.206917
0.258058
0.278818
0.346699
0.384972
0.193048
0.166257
0.147612
0.159568
0.176712
0.155407
0.151088
0.151650
0.200597
0.181180
0.155460
0.337719
0.438979
0.425667
0.336482
0.331917
0.279178
0.296840
0.505267
0.461657
0.416854
0.299789
0.296454
0.158216
0.152212
0.140555
0.162676
0.154424
0.156917
0.155864
0.154846
0.198279
0.195154
0.192872
0.162360
0.152493
0.169909
0.177317
0.131706
0.161728
0.161622
0.175843
0.196454
0.345014
0.360042
0.204108
0.170576
0.162500
0.144487
0.151545
0.154143
0.154529
0.190133
0.166994
0.167521
0.197753
0.161096
0.175527
0.195716
0.196945
0.157479
0.179319
0.208708
0.299052
0.251580
0.238272
0.237289
0.352142
0.468504
0.220084
0.161376
0.145541
0.152353
0.160463
0.152669
0.199754
0.191222
0.158603
0.149263
0.274895
0.204881
0.312992
0.394031
0.262992
0.361517
0.287956
0.266994
0.301615
0.359375
0.257725
0.265765
0.403020
0.389115
0.259937
0.163343
0.193258
0.165836
0.159410
0.147823
0.149930
0.152388
0.165871
0.137535
0.170506
0.194733
0.172051
0.137746
0.234761
0.213834
0.281004
0.180513
0.177809
0.228195
0.365625
0.502669
0.296454
0.452704
0.411973
0.257865
0.162676
0.171629
0.163097
0.137781
0.147296
0.173174
0.139361
0.151791
0.345892
0.177353
0.157971
0.175140
0.130653
0.131987
0.114853
0.138834
0.122542
0.153476
0.181952
0.398104
0.349298
0.299052
0.201194
0.239677
0.172858
0.179986
0.224579
0.141187
0.157233
0.175000
0.143961
0.164923
0.224895
0.139291
0.184480
0.142065
0.127633
0.136938
0.175737
0.125808
0.278546
0.259551
0.347086
0.238308
0.364185
0.281987
0.214291
0.160990
0.157971
0.147542
0.148876
0.149192
0.146541
0.201361
0.188022
0.215272
0.292204
0.176334
0.164922
0.215484
0.260850
0.175772
0.195716
0.213975
0.214221
0.200035
0.336060
0.307935
0.213413
0.189221
0.251018
0.353160
0.258322
0.164923
0.154881
0.172893
0.198244
0.209726
0.161763
0.231987
0.195260
0.154565
0.159305
0.164642
0.172823
0.207690
0.183392
0.335323
0.298244
0.258181
0.370471
0.513659
0.314712
0.346664
0.205442
0.249544
0.195190
0.137254
0.155583
0.151404
0.177353
0.176159
0.151896
0.177704
0.340485
0.174157
0.135709
0.154178
0.148209
0.142135
0.258673
0.188202
0.213027
0.256742
0.243961
0.395471
0.451124
0.343188
0.237535
0.196594
0.161903
0.166643
0.149192
0.165133
0.169277
0.216889
0.175983
0.169593
0.171559
0.190765
0.221805
0.253265
0.581706
0.467205
0.278722
0.377528
0.361447
0.350386
0.221032
0.401018
0.361728
0.260007
0.193715
0.185674
0.176124
0.151229
0.150070
0.138588
0.145049
0.154670
0.155267
0.158462
0.158076
0.193153
0.159164
0.213308
0.317626
0.305653
0.205372
0.255056
0.266713
0.187289
0.340274
0.245330
0.270471
0.319206
0.301053
0.187324
0.144593
0.144101
0.134867
0.145962
0.152458
0.165379
0.158673
0.170295
0.190801
0.167240
0.191538
0.186552
0.188483
0.184761
0.213167
0.263167
0.249930
0.290204
0.288624
0.364045
0.362008
0.207022
0.184656
0.212816
0.208532
0.132549
0.131952
0.121559
0.151721
0.136973
0.129038
0.158567
0.244522
0.194487
0.227563
0.256847
0.370260
0.208041
0.239712
0.154740
0.299930
0.293434
0.211692
0.374789
0.403336
0.229389
0.214501
0.156777
0.166362
0.158603
0.149157
0.150140
0.169417
0.183919
0.173771
0.275386
0.383041
0.194733
0.144136
0.137360
0.169768
0.150456
0.176229
0.215063
0.207971
0.370681
0.283848
0.589326
0.457409
0.345506
0.347086
0.295154
0.228546
0.156320
0.212746
0.145225
0.177528
0.199789
0.161306
0.191819
0.312044
0.158041
0.145400
0.161868
0.153827
0.170541
0.144909
0.144347
0.228757
0.320681
0.295471
0.267029
0.318996
0.371945
0.237184
0.146138
0.156250
0.162324
0.158251
0.148701
0.187535
0.231390
0.149263
0.172928
0.219874
0.159515
0.156390
0.219874
0.169206
0.154775
0.328265
0.241503
0.205478
0.181671
0.175913
0.165941
0.320787
0.221945
0.183813
0.146910
0.151018
0.124684
0.117907
0.134340
0.115801
0.120435
0.119944
0.119487
0.147191
0.179494
0.177317
0.338448
0.163272
0.195014
0.312465
0.133919
0.122683
0.157760
0.166994
0.178827
0.246629
0.245857
0.206882
0.159270
0.121103
0.126791
0.114221
0.114853
0.122156
0.113659
0.128230
0.114396
0.159586
0.176685
0.309796
0.266257
0.273455
0.428897
0.319242
0.331355
0.290379
0.143785
0.226685
0.376861
0.212640
0.239256
0.199017
0.176510
0.120541
0.137640
0.134059
0.122577
0.145365
0.154705
0.123420
0.121840
0.143223
0.238237
0.134831
0.135850
0.115871
0.146032
0.118048
0.104529
0.225632
0.164642
0.192697
0.298666
0.238975
0.152423
0.165555
0.148034
0.114185
0.138378
0.111728
0.133006
0.150456
0.148525
0.136412
0.137886
0.177985
0.127879
0.124333
0.117416
0.126475
0.100246
0.104319
0.094277
0.110885
0.144382
0.215555
0.212008
0.393048
0.420892
0.459235
0.322858
0.180302
0.191573
0.135288
0.149789
0.146735
0.177388
0.156426
0.153125
0.170751
0.156145
0.199895
0.237500
0.322226
0.137395
0.146559
0.123666
0.137079
0.210183
0.407900
0.444487
0.303933
0.341784
0.282198
0.156320
0.146805
0.138202
0.143223
0.133427
0.135042
0.158778
0.133532
0.169031
0.188272
0.162921
0.157128
0.223174
0.262395
0.279213
0.282374
0.263027
0.161447
0.139431
0.190098
0.270435
0.207093
0.354143
0.371910
0.210112
0.182479
0.146032
0.137816
0.146699
0.151580
0.144487
0.122577
0.125562
0.159270
0.148455
0.260007
0.133813
0.118926
0.297893
0.239221
0.108883
0.270857
0.262079
0.395646
0.296383
0.368680
0.331952
0.291924
0.269944
0.134164
0.134375
0.131180
0.119242
0.134445
0.121559
0.128301
0.222647
0.259586
0.187044
0.281987
0.144206
0.138237
0.133041
0.130548
0.194242
0.195400
0.215941
0.290133
0.330864
0.314958
0.320997
0.250105
0.186341
0.138694
0.133954
0.120154
0.130302
0.129951
0.131215
0.242697
0.174508
0.326685
0.384902
0.284796
0.419312
0.491046
0.221489
0.284831
0.332935
0.308216
0.215695
0.364431
0.286166
0.375421
0.262044
0.170260
0.166643
0.140660
0.125913
0.116538
0.123069
0.150421
0.138764
0.126299
0.152669
0.286798
0.128160
0.161728
0.195962
0.132128
0.234972
0.146032
0.161728
0.212781
0.169733
0.281601
0.525527
0.353933
0.297753
0.312886
0.238764
0.154810
0.131390
0.131566
0.120400
0.148104
0.147226
0.154038
0.148350
0.164537
0.141222
0.147226
0.107163
0.135569
0.125000
0.324754
0.165414
0.213694
0.227493
0.409551
0.429073
0.305056
0.273279
0.472647
0.360990
0.302633
0.124824
0.139221
0.131777
0.154178
0.154565
0.175316
0.181987
0.185885
0.151229
0.126159
0.169171
0.184235
0.131777
0.138483
0.112992
0.239888
0.370716
0.386973
0.425527
0.350562
0.252282
0.204846
0.144206
0.156145
0.144628
0.148139
0.140625
0.168926
0.146735
0.205021
0.140169
0.200316
0.181145
0.144312
0.223947
0.190204
0.203511
0.178336
0.155126
0.229986
0.181566
0.236236
0.237676
0.262851
0.263729
0.310534
0.189150
0.174544
0.172507
0.151404
0.168469
0.152317
0.232198
0.177704
0.166117
0.184902
0.221699
0.207163
0.229986
0.313764
0.252879
0.547402
0.332444
0.228511
0.373525
0.263694
0.286692
0.240871
0.277844
0.339396
0.195014
0.161798
0.167837
0.156671
0.157444
0.174860
0.156706
0.168610
0.145716
0.183392
0.246454
0.309375
0.312851
0.327633
0.338378
0.526475
0.426475
0.371910
0.383392
0.421419
0.332058
0.304846
0.391362
0.225386
0.205162
0.185990
0.141819
0.160147
0.153546
0.153055
0.137816
0.165801
0.170295
0.253090
0.283673
0.329740
0.259902
0.206671
0.360253
0.155056
0.244066
0.209937
0.222999
0.330056
0.464853
0.398490
0.245049
0.214712
0.222963
0.167486
0.152142
0.149579
0.147507
0.162360
0.167556
0.157303
0.160077
0.223806
0.169733
0.143610
0.165941
0.172191
0.134937
0.232093
0.250808
0.195014
0.275702
0.337886
0.257479
0.285218
0.210218
0.282654
0.318785
0.312500
0.154424
0.170541
0.149719
0.174403
0.157865
0.175140
0.179213
0.188413
0.174263
0.253652
0.151650
0.221454
0.253476
0.275808
0.153827
0.155197
0.295751
0.407058
0.397718
0.283883
0.415133
0.207338
0.174719
0.299403
0.159656
0.157549
0.149192
0.157760
0.169979
0.154459
0.165098
0.327247
0.153406
0.163694
0.139396
0.144733
0.128055
0.112746
0.130302
0.137184
0.172647
0.316327
0.249860
0.303195
0.210885
0.269206
0.167978
0.152985
0.156110
0.154424
0.158883
0.176159
0.166257
0.192802
0.211271
0.235534
0.185674
0.169979
0.162886
0.280442
0.125000
0.279635
0.223876
0.341397
0.352809
0.363132
0.417170
0.398876
0.310253
0.351545
0.311798
0.187781
0.200702
0.139747
0.168785
0.175632
0.316152
0.191749
0.188237
0.199930
0.159235
0.149017
0.139712
0.162395
0.183919
0.144909
0.231320
0.165941
0.321594
0.208532
0.180267
0.186131
0.253687
0.240801
0.163062
0.230407
0.148666
0.142591
0.141924
0.151791
0.142591
0.152739
0.154881
0.184305
0.228406
0.211482
0.255758
0.225948
0.388975
0.286271
0.265239
0.219347
0.215028
0.166538
0.381110
0.333146
0.373982
0.284305
0.347191
0.271067
0.165239
0.170435
0.162114
0.174368
0.167240
0.170892
0.168048
0.150808
0.191117
0.163659
0.329705
0.369768
0.293504
0.360393
0.351053
0.173596
0.210253
0.378301
0.382093
0.372999
0.526369
0.365379
0.158532
0.247121
0.131074
0.136447
0.117100
0.138624
0.239150
0.142135
0.156390
0.168153
0.132268
0.136412
0.120962
0.169206
0.213553
0.183251
0.183497
0.147261
0.224965
0.305723
0.226615
0.381847
0.251931
0.317591
0.239291
0.144031
0.146032
0.134094
0.150702
0.147507
0.175737
0.227353
0.173209
0.196383
0.142065
0.136517
0.140555
0.142591
0.129284
0.159656
0.276053
0.136271
0.314817
0.283357
0.283181
0.244593
0.247718
0.298596
0.188308
0.222015
0.153792
0.145330
0.132128
0.168434
0.239466
0.181917
0.166608
0.214993
0.159305
0.188940
0.197718
0.142486
0.123806
0.135218
0.113764
0.250913
0.246805
0.247788
0.333567
0.287992
0.199754
0.181566
0.210709
0.157479
0.139326
0.144382
0.134902
0.161131
0.152985
0.159059
0.172612
0.221594
0.186517
0.149333
0.163729
0.205513
0.176721
0.309445
0.301053
0.242486
0.218820
0.336166
0.394171
0.245435
0.361482
0.439817
0.306671
0.175843
0.152528
0.165098
0.165765
0.189396
0.164256
0.169136
0.188097
0.330021
0.162044
0.161236
0.177107
0.180478
0.167697
0.230021
0.176721
0.164677
0.181426
0.215801
0.221383
0.229494
0.334129
0.204143
0.255864
0.200456
0.167100
0.154073
0.160779
0.151756
0.156039
0.176264
0.180758
0.291362
0.392205
0.287324
0.210990
0.634445
0.417591
0.254600
0.406706
0.288202
0.528195
0.390695
0.264221
0.424895
0.334129
0.259164
0.236271
0.224649
0.168855
0.163448
0.154951
0.192240
0.239993
0.188378
0.174228
0.189221
0.180407
0.179284
0.184586
0.196735
0.296594
0.244066
0.287430
0.314221
0.393785
0.277282
0.405162
0.387535
0.324965
0.189747
0.175632
0.154038
0.159586
0.146243
0.150808
0.192310
0.182514
0.205091
0.187008
0.223069
0.161482
0.167662
0.154284
0.257549
0.260885
0.143329
0.242170
0.349754
0.342381
0.265976
0.393013
0.274508
0.393574
0.243504
0.372893
0.170049
0.171489
0.164642
0.193434
0.163308
0.184902
0.206847
0.251791
0.163027
0.177107
0.143223
0.221348
0.205583
0.137395
0.304284
0.258743
0.184515
0.181952
0.176826
0.284164
0.317152
0.367398
0.241968
0.197226
0.215169
0.193855
0.173771
0.181496
0.284656
0.317065
0.208006
0.228862
0.213729
0.251369
0.174192
0.183146
0.151159
0.218188
0.222437
0.156777
0.218645
0.331917
0.231566
0.280478
0.314624
0.226378
0.209199
0.185183
0.179213
0.152774
0.167556
0.168329
0.171524
0.183392
0.168750
0.193715
0.195892
0.171980
0.166503
0.146735
0.257935
0.148174
0.138413
0.132549
0.209515
0.266678
0.365309
0.404284
0.325211
0.308146
0.208778
0.157058
0.161903
0.140555
0.162184
0.153406
0.156039
0.158989
0.171348
0.233497
0.169874
0.175737
0.215660
0.194101
0.141046
0.279143
0.247226
0.199684
0.172121
0.207795
0.177037
0.180618
0.365204
0.442978
0.170400
0.156355
0.140695
0.223315
0.198841
0.168610
0.172437
0.156706
0.142346
0.159937
0.188799
0.182971
0.255583
0.254635
0.360393
0.414642
0.272647
0.243715
0.297893
0.335358
0.256671
0.271348
0.333638
0.255723
0.271910
0.225878
0.141327
0.141643
0.159515
0.135850
0.141011
0.153476
0.156566
0.135779
0.228371
0.263027
0.171664
0.354705
0.283251
0.202704
0.195049
0.167065
0.166292
0.185885
0.302037
0.356636
0.340695
0.472367
0.286728
0.202493
0.132690
0.136833
0.147858
0.135534
0.159691
0.161236
0.170962
0.185042
0.320506
0.264466
0.151088
0.220716
0.238588
0.191152
0.206390
0.134340
0.199438
0.263378
0.279600
0.279916
0.168961
0.236798
0.163027
0.144698
0.144452
0.138202
0.215063
0.170576
0.157514
0.236482
0.175421
0.391713
0.172507
0.179143
0.176264
0.231742
0.187324
0.162921
0.170190
0.181952
0.145997
0.247296
0.222015
0.174544
0.226334
0.215063
0.208041
0.178055
0.156285
0.139572
0.159094
0.161938
0.156215
0.169768
0.153652
0.217170
0.145751
0.161728
0.181461
0.164923
0.138694
0.146805
0.295400
0.215239
0.182374
0.344768
0.291643
0.242626
0.348174
0.459691
0.447226
0.269031
0.170400
0.148560
0.154108
0.178195
0.172051
0.167170
0.169417
0.206987
0.175140
0.144206
0.280864
0.277704
0.251475
0.194979
0.217732
0.149228
0.269803
0.452914
0.295190
0.275597
0.233322
0.365063
0.209375
0.147086
0.157830
0.137289
0.154565
0.147191
0.161973
0.150211
0.155899
0.213483
0.276966
0.182444
0.171875
0.201966
0.164221
0.304810
0.380337
0.313624
0.305513
0.239993
0.171067
0.172928
0.213869
0.191854
0.273876
0.178230
0.164747
0.146313
0.149649
0.139537
0.143855
0.171454
0.145787
0.142065
0.226404
0.262044
0.318680
0.310499
0.485393
0.405021
0.267135
0.336482
0.462746
0.353792
0.399789
0.309937
0.272051
0.223596
0.300000
0.214993
0.247367
0.174860
0.147156
0.153827
0.150176
0.183989
0.132619
0.204424
0.234726
0.268610
0.193188
0.476088
0.422683
0.434445
0.278862
0.385534
0.234094
0.282725
0.252142
0.239537
0.206250
0.333462
0.298279
0.153581
0.154389
0.141187
0.137816
0.148209
0.165344
0.152388
0.157830
0.198385
0.160323
0.183497
0.181390
0.165520
0.161201
0.183919
0.142978
0.144522
0.183251
0.295330
0.270049
0.456601
0.369312
0.320049
0.208497
0.153968
0.156531
0.130197
0.131390
0.250421
0.147612
0.147331
0.156636
0.333567
0.153336
0.153546
0.118961
0.132268
0.110955
0.120997
0.098666
0.160077
0.137324
0.123279
0.168890
0.297542
0.267451
0.226369
0.234691
0.223244
0.133181
0.129565
0.124508
0.158146
0.159586
0.172156
0.127423
0.308989
0.208006
0.304284
0.159867
0.140239
0.187254
0.225351
0.280056
0.320435
0.330583
0.289080
0.210042
0.200351
0.233989
0.306636
0.135534
0.133251
0.148174
0.146699
0.130162
0.154705
0.144593
0.133497
0.155583
0.197226
0.156952
0.147788
0.165765
0.175808
0.136412
0.177844
0.168469
0.135920
0.160112
0.167942
0.184515
0.183181
0.197331
0.161587
0.191749
0.185779
0.160779
0.135534
0.145927
0.140976
0.141257
0.123525
0.132900
0.262851
0.155197
0.158287
0.163483
0.160955
0.276404
0.220084
0.159445
0.132374
0.162535
0.152739
0.152598
0.146840
0.157198
0.139853
0.128933
0.160499
0.207093
0.208322
0.139747
0.139045
0.149719
0.118680
0.136060
0.154108
0.162816
0.167451
0.185709
0.103933
0.187676
0.163624
0.154494
0.361973
0.146278
0.127669
0.190239
0.172823
0.159375
0.120119
0.126721
0.111025
0.108919
0.107163
0.107268
0.109024
0.121980
0.104459
0.125070
0.140520
0.135534
0.242240
0.165555
0.143557
0.117934
0.130934
0.123350
0.254143
0.141046
0.122753
0.162640
0.180653
0.180267
0.168961
0.159024
0.137008
0.288097
0.223631
0.112008
0.148455
0.121138
0.150878
0.142310
0.347858
0.161798
0.156882
0.170962
0.190414
0.253511
0.241854
0.201510
0.185147
0.141924
0.156636
0.212395
0.294768
0.243855
0.303722
0.373701
0.207444
0.223069
0.162289
0.140765
0.132233
0.161938
0.160463
0.185323
0.200456
0.204143
0.160604
0.115274
0.225211
0.248560
0.239396
0.190414
0.344242
0.259551
0.178020
0.246032
0.281847
0.300913
0.292065
0.185534
0.133497
0.119417
0.129705
0.112746
0.131496
0.112465
0.126299
0.247647
0.243961
0.148244
0.130513
0.128827
0.104354
0.233743
0.183813
0.115133
0.257584
0.221313
0.165309
0.355653
0.394136
0.495857
0.438904
0.232619
0.196735
0.135569
0.122086
0.139712
0.133392
0.143539
0.138904
0.141819
0.162360
0.265871
0.208848
0.203687
0.338237
0.172191
0.112956
0.123069
0.151650
0.123806
0.124192
0.166222
0.176896
0.223806
0.193153
0.136798
0.131039
0.137430
0.131847
0.138588
0.142872
0.159410
0.140169
0.149965
0.164396
0.119487
0.178090
0.112535
0.118890
0.202423
0.105899
0.095049
0.242205
0.149789
0.241257
0.170787
0.137254
0.250000
0.186798
0.131180
0.133919
0.127142
0.115344
0.131952
0.132022
0.118329
0.139466
0.116889
0.136060
0.149403
0.190520
0.137044
0.337956
0.488062
0.210218
0.178617
0.201966
0.208919
0.148297
0.150834
0.124614
0.210955
0.182953
0.421673
0.262254
0.121454
0.116275
0.105205
0.113891
0.102037
0.115590
0.153020
0.187360
0.286131
0.302949
0.278230
0.338869
0.313483
0.204354
0.296559
0.241994
0.261447
0.272893
0.173455
0.242486
0.414607
0.222367
0.179600
0.145576
0.118329
0.131601
0.105056
0.134656
0.132268
0.134726
0.124860
0.177072
0.142486
0.141046
0.146454
0.156110
0.124789
0.147226
0.135323
0.157865
0.271278
0.275913
0.378652
0.253617
0.365660
0.250913
0.232233
0.262395
0.165344
0.143961
0.146805
0.161236
0.216046
0.164431
0.173455
0.184656
0.260534
0.164361
0.255829
0.184656
0.104635
0.108883
0.160463
0.139853
0.166643
0.303020
0.453371
0.297823
0.368364
0.169663
0.254881
0.124122
0.134656
0.127669
0.128195
0.138027
0.142521
0.204424
0.167837
0.174965
0.195892
0.131426
0.117662
0.124614
0.152177
0.217978
0.176580
0.191959
0.326966
0.328020
0.380513
0.317837
0.440765
0.240871
0.144628
0.119171
0.127879
0.120997
0.126580
0.154108
0.150632
0.195471
0.181110
0.169558
0.123420
0.110358
0.102282
0.138062
0.178511
0.141046
0.132058
0.150737
0.139045
0.177844
0.137079
0.133146
0.185674
0.216749
0.140836
0.134937
0.119663
0.140379
0.118294
0.105162
0.120295
0.137921
0.135674
0.147156
0.151931
0.128336
0.133287
0.170997
0.383708
0.363272
0.348069
0.337254
0.233111
0.322788
0.372612
0.181390
0.152985
0.148596
0.131566
0.109480
0.130302
0.120892
0.206987
0.159340
0.115520
0.119101
0.117029
0.144382
0.199473
0.170295
0.214501
0.225808
0.261903
0.322437
0.305864
0.256601
0.283392
0.135428
0.145857
0.154881
0.166713
0.140520
0.130407
0.127423
0.125772
0.113027
0.109656
0.115204
0.114817
0.108111
0.145892
0.131531
0.117662
0.135077
0.119944
0.221208
0.113659
0.103757
0.097507
0.119171
0.107338
0.131320
0.148947
0.137605
0.165660
0.144242
0.114431
0.132971
0.115449
0.102774
0.117451
0.099579
0.119909
0.125176
0.108954
0.156812
0.165976
0.158778
0.116292
0.120646
0.127809
0.189993
0.224017
0.170506
0.173209
0.191784
0.262781
0.421032
0.420576
0.520997
0.265098
0.122121
0.129003
0.108111
0.135815
0.123279
0.145471
0.159480
0.154389
0.207584
0.229705
0.152739
0.147086
0.142626
0.206461
0.300913
0.414431
0.159761
0.189466
0.232935
0.255407
0.170190
0.320541
0.356742
0.397261
0.201159
0.175702
0.153371
0.164607
0.154705
0.162992
0.168399
0.206777
0.275070
0.247507
0.163097
0.149122
0.146945
0.164888
0.159410
0.152212
0.216994
0.368785
0.363588
0.315625
0.454249
0.312746
0.240309
0.221559
0.375421
0.207514
0.199754
0.179319
0.193926
0.187149
0.177949
0.195857
0.235499
0.358497
0.333848
0.216433
0.363904
0.375421
0.226931
0.243434
0.223806
0.215976
0.235674
0.350632
0.377879
0.434621
0.447051
0.256706
0.238272
0.203897
0.197858
0.203862
0.198525
0.229846
0.247963
0.334480
0.375562
0.282233
0.322191
0.193610
0.225913
0.186587
0.175808
0.132690
0.196454
0.232690
0.259726
0.228230
0.236728
0.443188
0.241187
0.187149
0.152879
0.173701
0.176264
0.167662
0.139853
0.114361
0.140520
0.189958
0.221383
0.410007
0.449263
0.345084
0.249754
0.296980
0.155407
0.200843
0.363167
0.349719
0.408778
0.346489
0.238940
0.361517
0.405442
0.209059
0.307935
0.189010
0.172753
0.167100
0.154038
0.177633
0.171559
0.239115
0.170084
0.158673
0.245435
0.263448
0.142310
0.134305
0.157198
0.246980
0.199473
0.124263
0.256250
0.175878
0.166397
0.222015
0.248385
0.221875
0.114782
0.115098
0.124157
0.099087
0.115625
0.125176
0.109586
0.146173
0.149895
0.126264
0.108532
0.108287
0.104986
0.169136
0.164888
0.110955
0.118574
0.114817
0.232865
0.249824
0.168785
0.166468
0.290660
0.190871
0.192416
0.119101
0.105758
0.124860
0.115169
0.124965
0.134726
0.184902
0.254354
0.142100
0.116117
0.110253
0.173912
0.122367
0.166924
0.196313
0.211306
0.162079
0.411236
0.355829
0.246383
0.197437
0.165976
0.264747
0.146910
0.128020
0.138062
0.113378
0.121875
0.171945
0.152177
0.130758
0.154740
0.139150
0.161447
0.126685
0.130723
0.126194
0.162008
0.124052
0.151510
0.154740
0.329881
0.340379
0.378301
0.236622
0.169136
0.141713
0.185147
0.129143
0.133778
0.131917
0.114326
0.141854
0.209235
0.159867
0.138132
0.140204
0.136587
0.146805
0.238518
0.216819
0.179670
0.278125
0.374473
0.279319
0.369979
0.355442
0.323104
0.184902
0.320962
0.213027
0.128511
0.146559
0.133357
0.118785
0.126756
0.150737
0.194874
0.139817
0.173666
0.141854
0.123034
0.117978
0.130794
0.126334
0.133392
0.111798
0.138132
0.159691
0.393855
0.294558
0.326369
0.350878
0.393855
0.252107
0.126791
0.133181
0.137324
0.138553
0.124298
0.129705
0.155934
0.153265
0.186376
0.150316
0.233883
0.384480
0.347542
0.333181
0.283146
0.219838
0.160077
0.152107
0.193153
0.328230
0.175421
0.183778
0.171348
0.140660
0.152739
0.125562
0.127739
0.127423
0.121664
0.133392
0.125632
0.130091
0.156601
0.168048
0.198525
0.157479
0.279178
0.282058
0.264712
0.217872
0.225983
0.349684
0.195541
0.285253
0.218399
0.341994
0.276369
0.170225
0.142591
0.150456
0.133076
0.143364
0.130372
0.165730
0.158427
0.262500
0.194522
0.187851
0.190625
0.164431
0.234761
0.325562
0.305548
0.302247
0.607374
0.438027
0.263588
0.476791
0.396489
0.245506
0.192767
0.182514
0.158287
0.237781
0.151299
0.143855
0.119347
0.155513
0.142451
0.127107
0.301475
0.144909
0.119803
0.174157
0.122156
0.114537
0.270822
0.218574
0.139185
0.128722
0.267697
0.241397
0.166468
0.195927
0.295892
0.171419
0.170365
0.123806
0.127247
0.127072
0.123560
0.141573
0.151685
0.150105
0.159586
0.135147
0.134445
0.117486
0.135147
0.119171
0.124614
0.201369
0.186341
0.200351
0.142310
0.314291
0.331355
0.237851
0.163027
0.139291
0.125632
0.113237
0.133287
0.118574
0.130407
0.242381
0.220892
0.136868
0.158954
0.146067
0.123209
0.120576
0.133251
0.218469
0.184164
0.109445
0.184094
0.168364
0.123069
0.133462
0.208427
0.275562
0.262219
0.221735
0.268434
0.132374
0.130267
0.115625
0.137008
0.132760
0.172261
0.175948
0.173104
0.150211
0.230548
0.120225
0.113624
0.115169
0.231355
0.173841
0.187430
0.331145
0.234937
0.281496
0.192416
0.156285
0.216713
0.286236
0.158216
0.142942
0.133708
0.125070
0.109445
0.125492
0.154389
0.136447
0.122296
0.190765
0.152985
0.252669
0.273666
0.300176
0.217416
0.249368
0.259656
0.167978
0.122788
0.147156
0.286517
0.260428
0.282514
0.188869
0.156742
0.136622
0.113518
0.116959
0.171559
0.131250
0.136447
0.160393
0.133743
0.127247
0.141678
0.216749
0.227317
0.317275
0.249579
0.271629
0.224263
0.150983
0.172261
0.336728
0.198315
0.183462
0.325211
0.205372
0.241503
0.136166
0.134726
0.122402
0.106426
0.136938
0.122577
0.165204
0.252282
0.170997
0.135358
0.121278
0.191081
0.206970
0.149254
0.275575
0.225035
0.239150
0.284235
0.245084
0.243645
0.308919
0.366187
0.434480
0.250281
0.215485
0.223069
0.217240
0.224333
0.167451
0.162851
0.161657
0.169347
0.124298
0.129459
0.140204
0.203546
0.120506
0.138869
0.189431
0.230337
0.407303
0.349017
0.332549
0.347051
0.488167
0.235955
0.146138
0.131004
0.135077
0.111798
0.117065
0.137676
0.245716
0.212851
0.160007
0.322472
0.155829
0.127598
0.114256
0.229529
0.265274
0.222156
0.128862
0.132479
0.156461
0.272753
0.259656
0.292135
0.361025
0.212605
0.135604
0.134059
0.108357
0.115239
0.112254
0.108357
0.138659
0.136938
0.178125
0.207584
0.140344
0.132233
0.168539
0.131390
0.127669
0.118996
0.117416
0.168399
0.202001
0.186868
0.183146
0.167416
0.319593
0.236482
0.110499
0.148420
0.145471
0.146032
0.135393
0.143223
0.135428
0.201404
0.236587
0.156566
0.116222
0.125316
0.120330
0.145190
0.106777
0.123350
0.172577
0.219803
0.122788
0.228827
0.205513
0.228125
0.303476
0.265414
0.258954
0.136798
0.120822
0.120014
0.115098
0.131320
0.108041
0.125140
0.109199
0.183427
0.250105
0.145506
0.190379
0.343013
0.395681
0.399298
0.312254
0.276650
0.301826
0.316081
0.278020
0.280372
0.283954
0.322051
0.241327
0.295365
0.271664
0.173631
0.185920
0.133848
0.122612
0.133743
0.109164
0.129494
0.196138
0.289150
0.190414
0.278090
0.302282
0.335779
0.284235
0.228581
0.301756
0.286166
0.323560
0.341081
0.368785
0.463202
0.532514
0.304881
0.232374
0.215765
0.216713
0.246419
0.237114
0.252739
0.136271
0.527142
0.336096
0.229213
0.248982
0.229284
0.229143
0.378090
0.230548
0.259867
0.336271
0.473244
0.436025
0.474860
0.372577
0.467591
0.314993
0.178160
0.139782
0.118961
0.134129
0.155969
0.132163
0.215098
0.310288
0.479775
0.250808
0.222331
0.290344
0.334480
0.388272
0.373279
0.362886
0.402317
0.524614
0.576685
0.611025
0.645365
0.583287
0.317135
0.268996
0.233883
0.220084
0.172472
0.183427
0.219733
0.206039
0.294347
0.326475
0.355794
0.245242
0.189967
0.162329
0.134691
0.169417
0.169206
0.123841
0.246173
0.341011
0.370857
0.489677
0.472367
0.214888
0.337992
0.165204
0.170154
0.139888
0.141397
0.136166
0.125211
0.150562
0.161938
0.163588
0.296559
0.149965
0.163834
0.218223
0.295716
0.220330
0.175948
0.146243
0.172015
0.172156
0.168434
0.161798
0.188799
0.221489
0.335955
0.176018
0.126826
0.109129
0.117837
0.169452
0.111938
0.130934
0.157725
0.132830
0.201615
0.181250
0.233603
0.143855
0.182830
0.174192
0.180021
0.144417
0.178476
0.249403
0.306004
0.359410
0.245541
0.213764
0.177001
0.282338
0.181250
0.153055
0.168188
0.160288
0.208111
0.181706
0.185077
0.148666
0.208287
0.340063
0.329916
0.377423
0.215906
0.158181
0.153195
0.368961
0.219979
0.135007
0.215695
0.260604
0.204740
0.162992
0.285077
0.196348
0.254986
0.221278
0.115028
0.101264
0.122858
0.116257
0.107479
0.119031
0.136552
0.234094
0.317978
0.151194
0.141678
0.151931
0.118996
0.120049
0.132093
0.195751
0.224228
0.194452
0.179494
0.179775
0.178511
0.139361
0.142310
0.140485
0.242978
0.103862
0.137992
0.135428
0.264642
0.181039
0.182444
0.136201
0.168680
0.153125
0.143258
0.214396
0.226018
0.146138
0.161412
0.127563
0.326791
0.430267
0.225808
0.289115
0.362781
0.148385
0.130197
0.244101
0.144242
0.121735
0.137219
0.139572
0.154354
0.204389
0.316994
0.226194
0.153371
0.135709
0.184129
0.128265
0.257795
0.147191
0.144136
0.165976
0.159375
0.209726
0.208427
0.330513
0.297858
0.251826
0.160428
0.127669
0.122683
0.095822
0.117486
0.130091
0.134551
0.127774
0.150597
0.139853
0.125316
0.093785
0.117205
0.187746
0.116643
0.152142
0.162324
0.242135
0.280864
0.199824
0.369417
0.194101
0.208146
0.214993
0.211657
0.104073
0.106952
0.096840
0.105337
0.111236
0.132900
0.112079
0.197402
0.164747
0.130758
0.126404
0.149368
0.098490
0.132479
0.105249
0.201238
0.292736
0.166433
0.213167
0.218294
0.162395
0.310253
0.278897
0.164993
0.124350
0.104591
0.099715
0.109443
0.094627
0.131723
0.129678
0.278129
0.219946
0.206426
0.124298
0.301510
0.222718
0.208357
0.185534
0.245997
0.187149
0.133251
0.286587
0.223525
0.292170
0.254565
0.148525
0.152037
0.164782
0.114466
0.107971
0.116573
0.098631
0.106742
0.104389
0.201229
0.156742
0.374368
0.394909
0.251685
0.342626
0.310463
0.281882
0.333848
0.243434
0.204881
0.129951
0.144171
0.163588
0.220822
0.275000
0.185744
0.189010
0.140379
0.120190
0.106461
0.103546
0.112816
0.109235
0.303055
0.132935
0.325983
0.347893
0.149544
0.177247
0.164923
0.156496
0.150983
0.121559
0.124052
0.178476
0.180407
0.281426
0.339361
0.246454
0.139431
0.138308
0.124157
0.121383
0.134445
0.119417
0.126510
0.104670
0.135183
0.170927
0.280056
0.261622
0.253195
0.324087
0.396489
0.215274
0.220295
0.236376
0.223525
0.321208
0.240871
0.375527
0.294558
0.459305
0.292662
0.144487
0.142310
0.137254
0.125597
0.139923
0.165555
0.128336
0.141503
0.221699
0.189361
0.215414
0.375105
0.331706
0.200948
0.228336
0.210920
0.169768
0.196419
0.349438
0.187535
0.233883
0.359235
0.203371
0.381039
0.254881
0.170927
0.125878
0.123560
0.115590
0.125298
0.118794
0.158888
0.095947
0.106576
0.102633
0.121313
0.104846
0.190906
0.127704
0.218574
0.155267
0.124087
0.199754
0.131847
0.274298
0.205197
0.241503
0.201756
0.151053
0.106952
0.107338
0.096559
0.126475
0.129354
0.105688
0.103652
0.128195
0.119382
0.150878
0.377528
0.180442
0.123771
0.147718
0.176650
0.276791
0.271032
0.139326
0.149403
0.121840
0.234621
0.170084
0.149508
0.108146
0.111973
0.106355
0.109024
0.114326
0.185218
0.214817
0.256390
0.200246
0.223912
0.196629
0.324965
0.442626
0.372191
0.295541
0.352914
0.457303
0.649122
0.492416
0.436587
0.393855
0.345084
0.314431
0.331355
0.447647
0.445225
0.289150
0.297999
0.308146
0.304389
0.182725
0.138237
0.391397
0.490590
0.489923
0.501264
0.652107
0.722051
0.792100
0.650527
0.670084
0.487746
0.526791
0.523771
0.504775
0.554565
0.417065
0.378687
0.258813
0.290414
0.258638
0.235639
0.229529
0.221910
0.284270
0.327669
0.341011
0.264256
0.502914
0.500808
0.539361
0.497331
0.409761
0.391889
0.463237
0.594066
0.551756
0.646208
0.663202
0.776369
0.550000
0.429143
0.332044
0.345751
0.305379
0.194529
0.212781
0.223662
0.224673
0.393838
0.259452
0.211573
0.202493
0.270260
0.342170
0.439659
0.449166
0.604938
0.572413
0.463682
0.593235
0.570792
0.444490
0.433130
0.447078
0.473644
0.377043
0.262644
0.155093
0.184200
0.179600
0.144382
0.110218
0.169136
0.256390
0.207865
0.301650
0.335428
0.510815
0.458146
0.521875
0.500105
0.422823
0.410639
0.420716
0.375597
0.364747
0.465801
0.401615
0.299930
0.254846
0.186201
0.145014
0.129108
0.162219
0.190730
0.144066
0.151615
0.127633
0.135393
0.141117
0.209884
0.343127
0.317648
0.395365
0.462886
0.416081
0.370997
0.555162
0.319803
0.358848
0.453160
0.316713
0.249824
0.257040
0.252221
0.168526
0.196138
0.140133
0.147893
0.137605
0.155478
0.122367
0.176440
0.198701
0.395014
0.270330
0.273631
0.301053
0.399649
0.278406
0.336763
0.421331
0.348007
0.325742
0.402460
0.366486
0.182155
0.201088
0.146243
0.124579
0.149860
0.157619
0.191591
0.144900
0.159160
0.143660
0.161138
0.160081
0.223457
0.396700
0.341714
0.351651
0.410112
0.558883
0.558638
0.723947
0.347893
0.549298
0.523894
0.427818
0.402317
0.271524
0.330583
0.234308
0.202328
0.221584
0.222623
0.236018
0.246749
0.281875
0.352110
0.391180
0.373037
0.516808
0.430351
0.392314
0.586359
0.669779
0.571390
0.640407
0.495162
0.515523
0.620829
0.593466
0.441117
0.408367
0.423978
0.364210
0.380527
0.319600
0.359480
0.318662
0.333048
0.447742
0.468550
0.580186
0.737672
0.422152
0.418845
0.573588
0.568497
0.634547
0.754217
0.683230
0.606278
0.845765
0.732767
0.666608
0.518606
0.524098
0.487577
0.420404
0.445618
0.401464
0.372928
0.363353
0.600597
0.502008
0.515671
0.464747
0.625372
0.572911
0.500032
0.511141
0.448139
0.389512
0.524726
0.551187
0.284094
0.359498
0.410700
0.544522
0.357514
0.346454
0.381039
0.451053
0.342662
0.307549
0.362395
0.356355
0.381074
0.379424
0.350772
0.440063
0.536482
0.628687
0.599087
0.656987
0.751229
0.578301
0.557128
0.543750
0.705537
0.900411
0.787230
0.731429
0.723044
0.404923
0.410435
0.374480
0.344203
0.385260
0.325481
0.291931
0.399305
0.193750
0.156608
0.186605
0.233308
0.393406
0.515456
0.418743
0.448294
0.656664
0.541275
0.447054
0.747279
0.656124
0.614853
0.526896
0.453055
0.413167
0.371699
0.338869
0.263869
0.297472
0.273736
0.277247
0.235147
0.295260
0.211201
0.297367
0.437079
0.509410
0.569944
0.619277
0.678968
0.608041
0.523174
0.682472
0.415716
0.501629
0.539800
0.535779
0.347981
0.281647
0.308476
0.273641
0.269558
0.241110
0.185021
0.208725
0.347180
0.311394
0.263880
0.225987
0.396506
0.389108
0.337040
0.444298
0.397848
0.378725
0.268167
0.274842
0.337395
0.338343
0.354926
0.337072
0.288673
0.288775
0.204986
0.211376
0.192022
0.148497
0.142272
0.157858
0.154519
0.169031
0.203423
0.221180
0.266278
0.363462
0.442310
0.363754
0.349891
0.417142
0.257465
0.297015
0.338553
0.333929
0.325133
0.368497
0.256580
0.193926
0.171173
0.203125
0.165765
0.128160
0.139501
0.163027
0.156338
0.217741
0.291016
0.216084
0.175475
0.276589
0.391385
0.248291
0.352586
0.301510
0.369558
0.270927
0.239361
0.258251
0.428722
0.327985
0.190239
0.135112
0.133919
0.142732
0.177054
0.214791
0.205973
0.217997
0.216899
0.224706
0.205794
0.187605
0.167732
0.151071
0.168581
0.211397
0.252767
0.243509
0.262906
0.377047
0.268615
0.278145
0.364863
0.240946
0.182444
0.175351
0.150035
0.146454
0.148841
0.138097
0.125281
0.130056
0.141854
0.148912
0.137535
0.143978
0.143566
0.231812
0.234410
0.232637
0.273903
0.276716
0.301264
0.231127
0.277063
0.263057
0.284039
0.301763
0.315260
0.199361
0.156668
0.168186
0.150930
0.137614
0.121647
0.179525
0.141817
0.127487
0.148420
0.146032
0.130758
0.143364
0.224684
0.130478
0.205302
0.252598
0.288694
0.327353
0.284515
0.310499
0.343504
0.305899
0.325176
0.354705
0.239888
0.236324
0.236947
0.159375
0.141538
0.142697
0.166784
0.161376
0.162061
0.163351
0.256886
0.209605
0.219006
0.222542
0.261973
0.244698
0.265555
0.247261
0.264466
0.251124
0.344136
0.267029
0.149368
0.202177
0.157268
0.144312
0.138202
0.145822
0.157374
0.149403
0.158076
0.265660
0.215151
0.281715
0.123736
0.156145
0.131303
0.119522
0.208638
0.336025
0.425369
0.425219
0.191784
0.206250
0.326352
0.351835
0.198617
0.174298
0.173977
0.185068
0.178131
0.167492
0.172507
0.262686
0.264680
0.198627
0.243308
0.179059
0.190467
0.362079
0.255067
0.282788
0.358880
0.376380
0.309294
0.282472
0.233810
0.306341
0.308862
0.370302
0.394308
0.160225
0.150653
0.160105
0.149417
0.137226
0.134680
0.157303
0.213237
0.170425
0.199336
0.212310
0.209744
0.199463
0.202044
0.217904
0.208020
0.214828
0.235218
0.227082
0.329077
0.335607
0.243006
0.248009
0.159645
0.174122
0.140449
0.131566
0.159902
0.138588
0.139291
0.229459
0.171050
0.202906
0.140274
0.183813
0.151229
0.174965
0.239045
0.172893
0.158708
0.298876
0.367907
0.361763
0.282268
0.142205
0.223666
0.293381
0.232874
0.125215
0.132727
0.142592
0.128038
0.145444
0.145106
0.141128
0.151164
0.193823
0.131145
0.125316
0.308708
0.183251
0.141959
0.160288
0.153827
0.179846
0.182865
0.292662
0.164923
0.192029
0.412535
0.317872
0.302177
0.174544
0.175843
0.170119
0.171313
0.256987
0.251264
0.330197
0.285077
0.245365
0.228441
0.265169
0.269171
0.271524
0.204670
0.259902
0.386306
0.755583
0.714747
0.671629
0.664185
0.773069
0.787465
0.626685
0.273631
0.286131
0.274473
0.244417
0.268961
0.197928
0.172683
0.155969
0.188869
0.332514
0.152317
0.161973
0.183216
0.335183
0.276931
0.260955
0.380969
0.432830
0.512535
0.501053
0.423174
0.442205
0.342767
0.387360
0.207444
0.210920
0.260463
0.187184
0.227037
0.230407
0.175737
0.172858
0.290449
0.239361
0.262324
0.276404
0.374965
0.439782
0.324754
0.388167
0.355197
0.610077
0.556636
0.376966
0.342521
0.255513
0.301334
0.306987
0.298806
0.317381
0.285147
0.179213
0.131636
0.184305
0.162149
0.172507
0.198806
0.273209
0.245576
0.150492
0.172437
0.150211
0.249157
0.301756
0.255829
0.378230
0.239115
0.312711
0.359902
0.344382
0.460709
0.316678
0.259726
0.202528
0.159937
0.136201
0.160042
0.141011
0.157619
0.383954
0.279705
0.238799
0.315976
0.337395
0.436973
0.406917
0.519242
0.408006
0.707444
0.655583
0.625597
0.570225
0.621945
0.576264
0.588308
0.479389
0.364045
0.368890
0.292135
0.267170
0.267697
0.230653
0.216819
0.197156
0.186552
0.366643
0.312254
0.468996
0.391292
0.376615
0.436271
0.438940
0.352247
0.483778
0.656566
0.509164
0.359515
0.417626
0.405197
0.386236
0.393258
0.479986
0.359340
0.246454
0.230267
0.323912
0.290730
0.273912
0.178933
0.217802
0.185463
0.197788
0.333848
0.295681
0.399860
0.400527
0.373174
0.400632
0.377809
0.359199
0.295049
0.428265
0.348455
0.477914
0.285253
0.341081
0.460077
0.424157
0.404881
0.442029
0.319312
0.288869
0.233883
0.229635
0.208216
0.290239
0.343750
0.383357
0.454494
0.459726
0.552177
0.710253
0.910428
0.885147
0.719206
0.721559
0.677388
0.733111
0.605478
0.498947
0.364888
0.316468
0.222367
0.217135
0.264466
0.267837
0.269803
0.350000
0.427598
0.610428
0.629529
0.533813
0.660463
0.656426
0.863518
0.809515
0.683532
0.720822
0.694206
0.748771
0.771629
0.740836
0.565695
0.532093
0.508251
0.448525
0.384235
0.408287
0.382128
0.345611
0.288237
0.226159
0.246103
0.219733
0.342486
0.328722
0.400597
0.480934
0.508076
0.706952
0.606004
0.662289
0.728687
0.677001
0.711201
0.635428
0.611728
0.459164
0.480723
0.263764
0.209059
0.205056
0.199930
0.188553
0.187711
0.298315
0.363869
0.447015
0.492029
0.434129
0.468118
0.595014
0.798771
0.616749
0.682935
0.633603
0.590765
0.779213
0.758462
0.729389
0.605091
0.437324
0.382619
0.370646
0.287044
0.283076
0.295787
0.304705
0.271735
0.263448
0.381215
0.468434
0.702317
0.598385
0.803020
0.663378
0.670190
0.768961
0.904494
0.825597
0.858638
0.666538
0.940063
0.844382
0.582971
0.449122
0.453265
0.384375
0.388132
0.329213
0.314958
0.346594
0.328406
0.469663
0.556917
0.622086
0.438553
0.549860
0.513378
0.589221
0.682865
0.705021
0.761587
0.571524
0.787149
0.659515
0.665836
0.586482
0.292942
0.305478
0.274684
0.312114
0.274438
0.318469
0.235428
0.309129
0.327037
0.353406
0.262746
0.352669
0.356882
0.334024
0.487430
0.500176
0.508919
0.765063
0.953757
0.734972
0.754249
0.625527
0.827844
0.660253
0.473736
0.430232
0.396067
0.420506
0.341292
0.397226
0.370787
0.402282
0.295822
0.292346
0.283427
0.511763
0.636728
0.645822
0.743890
0.771067
0.681074
0.664115
0.623385
0.629284
0.631531
0.597647
0.642135
0.600632
0.453897
0.431742
0.428933
0.320014
0.252985
0.208813
0.404389
0.183848
0.134340
0.145822
0.300492
0.335499
0.454108
0.492029
0.472858
0.414572
0.383392
0.474544
0.516959
0.687956
0.402563
0.521243
0.583567
0.391994
0.284831
0.273104
0.210358
0.179881
0.238904
0.191819
0.160393
0.171980
0.164291
0.158743
0.188202
0.192521
0.301721
0.253511
0.340098
0.521454
0.520576
0.709024
0.602844
0.470927
0.605091
0.517416
0.775562
0.537605
0.516854
0.326650
0.295576
0.263202
0.271103
0.250211
0.232900
0.266503
0.229284
0.355829
0.357198
0.552563
0.681250
0.734129
0.731706
0.581461
0.617626
0.785779
0.780267
0.883181
0.692240
0.701053
0.649157
0.583287
0.514677
0.338799
0.292135
0.264993
0.354494
0.249965
0.255021
0.259305
0.261973
0.300737
0.572542
0.492275
0.450456
0.525667
0.490730
0.520049
0.663448
0.706180
0.780197
0.777037
0.642767
0.751475
0.708673
0.575597
0.427704
0.421313
0.315274
0.278020
0.269522
0.318083
0.240485
0.242556
0.276194
0.285323
0.361412
0.490836
0.499228
0.569768
0.580126
0.570822
0.663097
0.908462
0.912430
0.760358
0.696629
0.802177
1.000000
0.603687
0.564677
0.470997
0.403687
0.443610
0.344979
0.492416
0.363413
0.451615
0.512570
0.493434
0.320541
0.382128
0.285077
0.344452
0.377844
0.377177
0.458322
0.705723
0.563202
0.714993
0.718855
0.799052
0.811868
0.723560
0.670576
0.615449
0.547999
0.579003
0.531601
0.474087
0.550878
0.456390
0.272472
0.258251
0.283954
0.469031
0.579424
0.615765
0.644101
0.708287
0.680758
0.803125
0.772928
0.562921
0.668610
0.573841
0.706636
0.600632
0.573596
0.408427
0.433041
0.375667
0.463483
0.433708
0.387605
0.374228
0.671067
0.513378
0.548315
0.275562
0.484059
0.636903
0.634656
0.696805
0.772718
0.789431
0.673596
0.776756
0.549192
0.645260
0.715695
0.584024
0.569031
0.480618
0.483497
0.430091
0.463518
0.434902
0.399789
0.313343
0.402423
0.492029
0.410428
0.445049
0.394838
0.485604
0.404986
0.492029
0.633813
0.569171
0.446243
0.457128
0.598034
0.599754
0.705583
0.426475
0.237711
0.355302
0.424579
0.455618
0.354319
0.352177
0.277458
0.266046
0.357900
0.384059
0.340765
0.271454
0.438097
0.510112
0.466573
0.383638
0.462395
0.643610
0.673034
0.634199
0.531917
0.508357
0.618434
0.533392
0.368188
0.358146
0.340414
0.286412
0.307338
0.267275
0.224192
0.169347
0.220576
0.235323
0.298596
0.464326
0.671383
0.521419
0.555829
0.767135
0.688132
0.618855
0.608076
0.577493
0.456426
0.603441
0.702914
0.678862
0.624965
0.347367
0.292591
0.238869
0.230126
0.271875
0.198947
0.359515
0.301264
0.239958
0.341749
0.306180
0.387605
0.493434
0.479424
0.539221
0.581250
0.657760
0.746945
0.722121
0.590765
0.565625
0.750386
0.680126
0.382338
0.369768
0.317451
0.284691
0.228090
0.226475
0.244417
0.268645
0.405126
0.586236
0.462992
0.396524
0.646103
0.654319
0.589712
0.849403
0.754178
0.721524
0.897683
0.848947
0.840239
0.916433
0.956952
0.891889
0.589817
0.531742
0.523385
0.607444
0.494417
0.476931
0.366573
0.535955
0.491397
0.445927
0.393083
0.419628
0.473209
0.500456
0.455723
0.557760
0.426791
0.612395
0.871208
0.640520
0.527844
0.541117
0.759375
0.510850
0.413413
0.394101
0.285920
0.256742
0.216468
0.225176
0.185955
0.160428
0.167451
0.202247
0.345435
0.301510
0.322156
0.344487
0.364572
0.496103
0.493504
0.616643
0.750737
0.785674
0.509375
0.623350
0.679319
0.635007
0.492837
0.344909
0.283603
0.446629
0.346805
0.354881
0.216257
0.211412
0.255618
0.197507
0.181426
0.225246
0.412956
0.414326
0.458848
0.627423
0.584621
0.615625
0.710393
0.615344
0.575737
0.478406
0.591011
0.778055
0.594206
0.421699
0.299719
0.279213
0.209375
0.175667
0.190555
0.202317
0.228371
0.269382
0.243434
0.392029
0.598947
0.473947
0.502563
0.727493
0.767029
0.603968
0.533883
0.416327
0.496875
0.444874
0.512605
0.524298
0.417170
0.271840
0.365414
0.290485
0.203687
0.160604
0.140344
0.164431
0.146454
0.163694
0.276861
0.531390
0.495506
0.592907
0.616608
0.604249
0.641292
0.507303
0.608357
0.602949
0.661728
0.680407
0.590414
0.461341
0.365239
0.258392
0.261166
0.327809
0.312430
0.227563
0.184551
0.175000
0.167556
0.187640
0.272015
0.244136
0.376475
0.444558
0.623596
0.500527
0.431566
0.567626
0.495225
0.451721
0.464853
0.468434
0.548069
0.515414
0.383427
0.231917
0.273771
0.193574
0.233322
0.235463
0.201264
0.181110
0.194242
0.206777
0.276334
0.217732
0.276896
0.313904
0.421348
0.644768
0.643926
0.732865
0.901124
0.936728
0.691889
0.838237
0.670857
0.491011
0.427704
0.397647
0.440660
0.285358
0.264361
0.248420
0.254740
0.314115
0.205723
0.167907
0.229881
0.277317
0.336798
0.413202
0.422331
0.531285
0.462570
0.678862
0.752423
0.715801
0.546489
0.526826
0.549930
0.434902
0.359831
0.334480
0.287395
0.290063
0.240204
0.293364
0.265098
0.207163
0.173034
0.194628
0.224649
0.235042
0.245857
0.187324
0.331004
0.266187
0.222191
0.257795
0.213132
0.170962
0.153055
0.170260
0.214782
0.154178
0.174895
0.142626
0.130513
0.124122
0.141503
0.150211
0.154003
0.142065
0.155337
0.160007
0.168048
0.262044
0.181285
0.240941
0.329354
0.226685
0.334937
0.304986
0.232444
0.301791
0.243434
0.196594
0.207514
0.176369
0.168926
0.191152
0.156882
0.173420
0.174754
0.171875
0.175492
0.158392
0.168574
0.177704
0.163167
0.201545
0.253862
0.335850
0.403265
0.253371
0.231390
0.155583
0.268820
0.403441
0.299438
0.265976
0.235604
0.187149
0.267802
0.225035
0.205056
0.238553
0.153371
0.209972
0.168153
0.325070
0.310674
0.337360
0.421208
0.458919
0.439993
0.413624
0.424684
0.540660
0.446032
0.412711
0.342697
0.343013
0.264326
0.413764
0.395787
0.281636
0.200772
0.177423
0.209480
0.182409
0.196348
0.245295
0.223736
0.176580
0.156742
0.270506
0.126088
0.152528
0.251580
0.251440
0.316959
0.423806
0.278441
0.357725
0.506531
0.450176
0.620997
0.706566
0.581426
0.326475
0.268434
0.185112
0.176229
0.159761
0.169593
0.189115
0.166959
0.151826
0.154881
0.147051
0.164677
0.138062
0.162816
0.277985
0.383251
0.607268
0.569031
0.513308
0.539853
0.368083
0.428792
0.434586
0.501369
0.510604
0.325176
0.294136
0.259726
0.245471
0.183532
0.222999
0.237992
0.309129
0.205302
0.149087
0.116468
0.124087
0.249789
0.249052
0.189326
0.210920
0.236482
0.200386
0.253617
0.473736
0.464431
0.422577
0.530899
0.391819
0.256074
0.211412
0.254881
0.180056
0.180442
0.167029
0.175737
0.174298
0.150140
0.194031
0.204565
0.167381
0.317416
0.381426
0.419698
0.413764
0.418996
0.383497
0.440976
0.488834
0.379389
0.303546
0.443153
0.589221
0.203617
0.185042
0.183216
0.181636
0.155688
0.211096
0.209867
0.264291
0.172402
0.174508
0.199333
0.190590
0.148736
0.201756
0.283462
0.258181
0.363308
0.458251
0.526299
0.563272
0.480688
0.532233
0.372402
0.313553
0.233392
0.198455
0.222261
0.198104
0.212254
0.198876
0.191152
0.173666
0.267978
0.246699
0.258743
0.359937
0.248350
0.193645
0.314080
0.285534
0.303441
0.387500
0.489677
0.421489
0.379038
0.423244
0.433111
0.320822
0.271735
0.208392
0.272191
0.211728
0.172542
0.166573
0.176334
0.219277
0.196875
0.366889
0.400843
0.420154
0.345435
0.275070
0.259726
0.243188
0.301721
0.372086
0.434796
0.361622
0.439853
0.425772
0.432654
0.431847
0.192626
0.211166
0.173315
0.170049
0.168890
0.182303
0.192310
0.153827
0.142205
0.164958
0.203265
0.230267
0.369803
0.309621
0.350421
0.361447
0.390379
0.353511
0.319768
0.374930
0.364256
0.362886
0.494347
0.269066
0.181004
0.146103
0.151440
0.139150
0.166117
0.199544
0.152879
0.147963
0.157163
0.136447
0.150597
0.138062
0.172542
0.268680
0.230197
0.185499
0.239501
0.200316
0.230513
0.244206
0.216292
0.203406
0.478757
0.488167
0.331531
0.305864
0.306987
0.256671
0.232444
0.232654
0.259129
0.254600
0.205688
0.200808
0.207128
0.177212
0.383919
0.425105
0.342697
0.325632
0.448876
0.419979
0.621594
0.476721
0.730548
0.611201
0.353792
0.241538
0.229073
0.215695
0.241222
0.183216
0.205548
0.173490
0.174192
0.189642
0.166924
0.189747
0.262079
0.324473
0.258673
0.349930
0.275281
0.344628
0.353897
0.520857
0.532198
0.450948
0.403406
0.386517
0.349544
0.313483
0.405407
0.185534
0.161517
0.145787
0.207233
0.183392
0.145962
0.258427
0.316117
0.177598
0.136271
0.177072
0.167662
0.289396
0.382549
0.491046
0.544136
0.462430
0.430688
0.511552
0.441327
0.349122
0.451440
0.261657
0.280934
0.248560
0.244066
0.209586
0.223350
0.170892
0.162395
0.188975
0.177247
0.314853
0.240028
0.295892
0.550597
0.513729
0.619628
0.551124
0.642451
0.472963
0.530548
0.406531
0.547086
0.509375
0.581250
0.426756
0.419242
0.303862
0.255864
0.282479
0.233006
0.187781
0.253336
0.279213
0.316749
0.287781
0.274333
0.331145
0.580337
0.492100
0.753792
0.664572
0.932584
0.829459
0.777528
0.730267
0.688378
0.762746
0.783427
0.600737
0.491713
0.386587
0.350000
0.360007
0.303265
0.266924
0.206882
0.220049
0.233989
0.257690
0.205688
0.168434
0.152388
0.239958
0.382233
0.392310
0.391924
0.451018
0.384094
0.485920
0.398385
0.352353
0.403371
0.332900
0.204108
0.183006
0.189853
0.179073
0.180337
0.218294
0.172472
0.190941
0.191433
0.175562
0.172577
0.167978
0.177563
0.188799
0.163167
0.243855
0.328581
0.402774
0.403055
0.348876
0.372999
0.380302
0.447753
0.433813
0.312430
0.172823
0.135990
0.159621
0.152739
0.158673
0.166538
0.193504
0.247577
0.197472
0.155723
0.192767
0.231215
0.224263
0.204319
0.251334
0.544874
0.718294
0.415976
0.438588
0.485639
0.404073
0.322999
0.273104
0.226685
0.180232
0.158041
0.143469
0.188483
0.180337
0.139993
0.194136
0.287395
0.226650
0.218504
0.221383
0.295857
0.230232
0.310639
0.241924
0.330232
0.476159
0.376194
0.395997
0.304810
0.343188
0.294242
0.254073
0.276931
0.148244
0.148806
0.156917
0.160709
0.175492
0.154775
0.191643
0.192029
0.219909
0.130162
0.117451
0.151931
0.223350
0.183919
0.293785
0.281566
0.263624
0.407795
0.306285
0.312816
0.269277
0.187044
0.176791
0.336271
0.174614
0.135288
0.135428
0.131847
0.135183
0.121735
0.110709
0.106742
0.133567
0.220997
0.175035
0.274192
0.333427
0.465133
0.365204
0.375070
0.394522
0.301931
0.355583
0.368610
0.263694
0.191362
0.201299
0.128792
0.241152
0.158006
0.126650
0.208848
0.169312
0.148455
0.173736
0.193996
0.249403
0.199087
0.319417
0.271524
0.334586
0.534164
0.358638
0.377072
0.339712
0.379284
0.327879
0.364712
0.423315
0.502879
0.295049
0.285499
0.172788
0.164326
0.157865
0.159831
0.243926
0.203862
0.295330
0.362430
0.237676
0.211552
0.335183
0.251756
0.224017
0.265414
0.314923
0.411833
0.684867
0.508603
0.418785
0.445049
0.540063
0.397542
0.350000
0.153897
0.129459
0.114466
0.113167
0.130758
0.203441
0.292662
0.212079
0.194733
0.155267
0.134867
0.191397
0.166503
0.174544
0.278301
0.197999
0.259340
0.430197
0.443223
0.460850
0.391187
0.404494
0.360955
0.368504
0.265274
0.224508
0.141292
0.143539
0.152493
0.209340
0.183813
0.188237
0.166959
0.111341
0.088237
0.135077
0.255758
0.127388
0.154494
0.252528
0.279600
0.352949
0.432514
0.411447
0.484024
0.546419
0.353652
0.355969
0.226124
0.178722
0.215836
0.189923
0.230864
0.271138
0.184937
0.204951
0.220822
0.149860
0.122718
0.137114
0.157690
0.171313
0.146875
0.147402
0.212535
0.309761
0.335007
0.501264
0.293539
0.291362
0.253406
0.138729
0.136096
0.129529
0.175913
0.171980
0.137044
0.130478
0.108357
0.160604
0.175246
0.138237
0.123666
0.112816
0.162008
0.119803
0.130723
0.185920
0.140274
0.204951
0.380302
0.306390
0.328897
0.292310
0.251650
0.214431
0.147261
0.137289
0.121243
0.128265
0.167872
0.196489
0.210112
0.284691
0.278301
0.274684
0.284410
0.361341
0.404249
0.600211
0.657374
0.504635
0.428792
0.503687
0.487044
0.590836
0.546208
0.547086
0.461271
0.293294
0.224157
0.172331
0.217697
0.177212
0.151053
0.140063
0.200246
0.208006
0.191538
0.309164
0.426475
0.307549
0.524403
0.605372
0.602739
0.488518
0.613729
0.808989
0.711657
0.668294
0.569944
0.590555
0.618153
0.515239
0.438659
0.400246
0.244382
0.251721
0.205232
0.320962
0.217872
0.243610
0.248912
0.231601
0.242942
0.326194
0.458497
0.556601
0.469628
0.335112
0.503406
0.337711
0.416327
0.336131
0.275105
0.291819
0.208848
0.226440
0.232163
0.162851
0.128090
0.117205
0.163834
0.132935
0.136060
0.175351
0.151615
0.135007
0.112114
0.109129
0.122577
0.106496
0.200772
0.114501
0.112816
0.152809
0.191538
0.249789
0.222753
0.322331
0.227563
0.135815
0.104775
0.118364
0.115414
0.114010
0.138237
0.123736
0.110744
0.196243
0.197647
0.145822
0.128406
0.119171
0.109691
0.100316
0.124122
0.124824
0.238588
0.312605
0.248666
0.289115
0.345435
0.269944
0.394558
0.184375
0.115379
0.174754
0.119417
0.113904
0.177282
0.139431
0.144382
0.180829
0.321629
0.250983
0.215344
0.259094
0.245681
0.194663
0.289361
0.262149
0.411060
0.394417
0.306145
0.242942
0.277844
0.397437
0.224438
0.146629
0.132479
0.143820
0.112254
0.117451
0.137184
0.141152
0.126194
0.166678
0.170506
0.144522
0.149473
0.122858
0.284375
0.127669
0.116433
0.120997
0.210779
0.127914
0.192416
0.255618
0.250878
0.272788
0.301615
0.337711
0.273525
0.232760
0.159445
0.129951
0.131180
0.205899
0.141573
0.130302
0.122507
0.149614
0.347612
0.245892
0.319136
0.230232
0.359305
0.325878
0.393013
0.327458
0.395049
0.485534
0.357760
0.308883
0.304143
0.253160
0.242767
0.179178
0.178020
0.174789
0.147121
0.158989
0.156320
0.192416
0.185850
0.284375
0.201369
0.307549
0.317346
0.256180
0.402212
0.360112
0.450000
0.441397
0.559305
0.589537
0.679143
0.439817
0.379038
0.414923
0.276510
0.228897
0.229108
0.163062
0.179635
0.260885
0.204951
0.272753
0.393610
0.280864
0.268855
0.263413
0.305091
0.191187
0.216819
0.269417
0.370997
0.496489
0.652686
0.506505
0.666156
0.591874
0.465091
0.439936
0.325797
0.233720
0.231045
0.214540
0.170490
0.153591
0.140314
0.186728
0.174403
0.162500
0.212465
0.215555
0.215973
0.405593
0.441331
0.423926
0.415070
0.623315
0.381829
0.362834
0.385723
0.497159
0.602644
0.466299
0.274024
0.228371
0.151756
0.146348
0.159656
0.240906
0.216397
0.173350
0.211412
0.151334
0.149333
0.102739
0.131426
0.219347
0.357233
0.477914
0.383462
0.580478
0.614326
0.636938
0.759129
0.861096
0.763237
0.620506
0.400000
0.331706
0.252317
0.187360
0.136692
0.198841
0.122507
0.172612
0.153511
0.193258
0.117240
0.123876
0.149684
0.341994
0.463027
0.559515
0.502458
0.591292
0.613448
0.548525
0.579705
0.624087
0.515590
0.376475
0.330688
0.250983
0.268083
0.222331
0.204178
0.286412
0.192662
0.208603
0.302598
0.223525
0.376615
0.259305
0.235815
0.393820
0.546770
0.319768
0.516257
0.570927
0.557514
0.634902
0.519417
0.530091
0.551615
0.456987
0.272753
0.312465
0.256039
0.294487
0.221173
0.269101
0.192662
0.165063
0.171454
0.284586
0.436868
0.511447
0.574192
0.472718
0.371138
0.397226
0.513588
0.494838
0.391924
0.402879
0.669347
0.344171
0.312851
0.248350
0.184235
0.182479
0.200808
0.155126
0.132865
0.120927
0.134270
0.126018
0.203511
0.150667
0.269663
0.159340
0.179108
0.218890
0.350246
0.437535
0.470014
0.395787
0.372402
0.293294
0.283427
0.554670
0.431461
0.184621
0.167135
0.142591
0.159375
0.148139
0.169031
0.176756
0.159586
0.157128
0.178441
0.207690
0.230372
0.306987
0.239010
0.199403
0.189291
0.191994
0.227212
0.320857
0.270716
0.347051
0.366678
0.340344
0.245787
0.196840
0.148947
0.166046
0.118610
0.103862
0.124087
0.118785
0.131461
0.124157
0.152107
0.173596
0.107233
0.118996
0.112851
0.111692
0.122226
0.140063
0.164221
0.259305
0.336798
0.431882
0.400421
0.592907
0.552072
0.377774
0.183357
0.212746
0.142170
0.151088
0.232971
0.193680
0.138202
0.151299
0.190871
0.122156
0.132760
0.091222
0.121067
0.212360
0.301861
0.326299
0.433883
0.493013
0.452669
0.375140
0.437676
0.438062
0.343188
0.204003
0.154670
0.172753
0.163975
0.160253
0.176404
0.155267
0.141117
0.176931
0.273350
0.161271
0.133778
0.166222
0.140274
0.139501
0.134375
0.133708
0.265590
0.573841
0.605723
0.414537
0.436657
0.704213
0.560428
0.286657
0.282128
0.197156
0.261306
0.150913
0.252528
0.229143
0.217205
0.489642
0.595892
0.500843
0.419171
0.484410
0.449684
0.398560
0.651510
0.678090
0.746383
0.689747
0.818434
0.842346
0.745365
0.901545
0.651861
0.609129
0.525562
0.500492
0.433076
0.360639
0.305723
0.285815
0.334235
0.219558
0.330934
0.329143
0.360990
0.656004
0.765590
0.594522
0.672577
0.808322
0.756145
0.848244
0.742697
0.317346
0.530162
0.604951
0.494101
0.458673
0.367591
0.310358
0.354284
0.246770
0.161447
0.176299
0.145400
0.206390
0.249298
0.272051
0.370716
0.237184
0.384340
0.485779
0.541749
0.450667
0.596770
0.482690
0.495014
0.671770
0.598560
0.749754
0.624789
0.406390
0.351404
0.310183
0.242697
0.175737
0.179389
0.181145
0.171629
0.296699
0.302809
0.149860
0.146875
0.144909
0.213659
0.301685
0.312851
0.211552
0.212008
0.262500
0.420787
0.339396
0.346348
0.281777
0.278090
0.168118
0.146489
0.134024
0.139677
0.135885
0.124895
0.138975
0.127001
0.164537
0.268574
0.198560
0.209551
0.184235
0.261657
0.366397
0.251826
0.220857
0.258111
0.259621
0.249614
0.276229
0.400948
0.312465
0.439677
0.244628
0.253722
0.153933
0.142100
0.131074
0.142732
0.133146
0.148420
0.176685
0.209937
0.128968
0.126826
0.154881
0.337992
0.211447
0.231847
0.222349
0.218057
0.207448
0.187678
0.208130
0.268110
0.298820
0.279975
0.164707
0.149014
0.177948
0.164711
0.156004
0.137184
0.129845
0.141362
0.184937
0.297928
0.132479
0.160990
0.126580
0.219593
0.326299
0.198209
0.120997
0.143785
0.132830
0.421699
0.515871
0.322507
0.395857
0.434761
0.273139
0.206952
0.175000
0.246173
0.162711
0.107760
0.128265
0.114221
0.120892
0.136552
0.117767
0.159867
0.197191
0.119452
0.277247
0.149579
0.139501
0.119944
0.138097
0.205548
0.261306
0.247928
0.182479
0.153617
0.213799
0.191362
0.294382
0.127212
0.128195
0.116239
0.115283
0.117385
0.119174
0.141188
0.144558
0.183533
0.244101
0.224719
0.124684
0.123841
0.212921
0.225281
0.224965
0.215098
0.236552
0.180337
0.183989
0.150983
0.136886
0.145646
0.120822
0.100983
0.091994
0.104126
0.088176
0.092683
0.098308
0.095822
0.123683
0.136701
0.185639
0.196699
0.201053
0.167240
0.151141
0.251826
0.282022
0.249298
0.251615
0.301369
0.196945
0.169206
0.250772
0.119874
0.105372
0.109867
0.119803
0.101615
0.105162
0.124473
0.230829
0.164853
0.180723
0.237851
0.132338
0.206390
0.296699
0.246664
0.219979
0.193715
0.282093
0.333462
0.177739
0.445962
0.349930
0.264221
0.186306
0.195190
0.110463
0.112816
0.116152
0.127388
0.188272
0.120541
0.140765
0.294101
0.297156
0.182725
0.142907
0.152879
0.201159
0.256285
0.232022
0.258427
0.332830
0.384586
0.369417
0.333603
0.272858
0.203687
0.191292
0.191433
0.158006
0.134305
0.130794
0.128564
0.140107
0.141713
0.159972
0.164150
0.214361
0.174649
0.126685
0.236060
0.221489
0.212465
0.253792
0.145330
0.213729
0.243750
0.178792
0.157409
0.183497
0.332725
0.128792
0.104670
0.108216
0.096243
0.108076
0.101440
0.209410
0.203160
0.146489
0.343048
0.153546
0.295260
0.316573
0.318469
0.396032
0.411060
0.216327
0.149368
0.195154
0.307374
0.328862
0.359480
0.344628
0.282128
0.156496
0.163518
0.127001
0.139537
0.133216
0.144698
0.142767
0.135218
0.198701
0.204354
0.173876
0.165485
0.196313
0.157233
0.100386
0.113378
0.119698
0.187044
0.229670
0.333462
0.318329
0.267872
0.343188
0.324824
0.164256
0.107619
0.111552
0.093926
0.111482
0.090871
0.103933
0.091046
0.095787
0.144874
0.282444
0.285955
0.340449
0.359691
0.218680
0.193855
0.171032
0.244909
0.154354
0.228371
0.214958
0.273209
0.182971
0.199930
0.165906
0.143539
0.133076
0.133251
0.112992
0.110077
0.103652
0.109972
0.113448
0.094417
0.208006
0.279775
0.293855
0.370260
0.263799
0.260183
0.249192
0.228476
0.286973
0.283006
0.265344
0.332233
0.434761
0.181917
0.193961
0.144558
0.198841
0.148244
0.135709
0.114958
0.146454
0.273806
0.343048
0.284199
0.141397
0.145435
0.146980
0.222858
0.161166
0.233989
0.227598
0.231882
0.115309
0.147402
0.300737
0.258778
0.356706
0.364642
0.136728
0.318539
0.206250
0.147121
0.183497
0.173315
0.141468
0.108322
0.168961
0.209129
0.153301
0.127774
0.114221
0.270611
0.198912
0.170681
0.197577
0.255372
0.280583
0.271699
0.387395
0.536763
0.265660
0.331145
0.258146
0.130513
0.135077
0.128301
0.130829
0.119452
0.127985
0.147331
0.189396
0.253265
0.124473
0.170576
0.150632
0.139326
0.206636
0.202493
0.248982
0.309937
0.220927
0.198806
0.364537
0.256390
0.237886
0.186306
0.322051
0.388378
0.237289
0.202914
0.158462
0.177212
0.268434
0.271699
0.179881
0.313659
0.155091
0.153546
0.272086
0.286798
0.216397
0.203476
0.148701
0.137535
0.210007
0.138992
0.206259
0.370471
0.439537
0.393188
0.265449
0.165098
0.233076
0.128722
0.110358
0.131320
0.131110
0.127879
0.135463
0.366503
0.159691
0.120119
0.099754
0.146699
0.192100
0.119663
0.109024
0.185112
0.311482
0.207514
0.347367
0.411025
0.357093
0.314712
0.244733
0.155337
0.132479
0.093399
0.096735
0.188659
0.150808
0.093890
0.202949
0.288202
0.338799
0.153371
0.192310
0.228441
0.329565
0.295892
0.336517
0.257303
0.143680
0.228862
0.228476
0.139045
0.103160
0.109515
0.094838
0.096559
0.175281
0.117205
0.090379
0.110674
0.162289
0.095260
0.101159
0.127528
0.128968
0.127388
0.106074
0.114853
0.169628
0.271243
0.254916
0.321805
0.327107
0.240976
0.266819
0.334235
0.356426
0.309375
0.219417
0.296278
0.121313
0.132479
0.149017
0.120646
0.156987
0.148420
0.168680
0.157409
0.148069
0.130337
0.133041
0.207619
0.143083
0.106496
0.104635
0.126299
0.175702
0.209059
0.257093
0.332760
0.309726
0.260463
0.158462
0.136271
0.127423
0.164326
0.154740
0.129565
0.137781
0.157022
0.114607
0.149754
0.114572
0.111587
0.079459
0.199333
0.236815
0.209094
0.159867
0.121875
0.160288
0.210251
0.270380
0.249259
0.223476
0.420885
0.257560
0.313813
0.123058
0.115672
0.108995
0.112047
0.209078
0.133191
0.118750
0.143223
0.084270
0.092662
0.124526
0.173271
0.226545
0.129565
0.065695
0.080723
0.161060
0.324438
0.355232
0.376931
0.475667
0.328230
0.336728
0.193504
0.113097
0.118469
0.112149
0.108146
0.246840
0.170049
0.139256
0.239115
0.203546
0.141468
0.164853
0.165801
0.154565
0.109410
0.242942
0.236376
0.187324
0.173139
0.149473
0.165028
0.249965
0.336692
0.238202
0.172402
0.258778
0.154494
0.131426
0.141608
0.165941
0.198350
0.261763
0.240590
0.354705
0.274684
0.238518
0.334515
0.246699
0.126440
0.105829
0.110288
0.157584
0.172015
0.156355
0.174754
0.168188
0.327949
0.186166
0.136728
0.130056
0.138624
0.213764
0.126685
0.138518
0.263659
0.130162
0.129389
0.252247
0.230372
0.219979
0.296313
0.385569
0.220857
0.266678
0.271138
0.194979
0.130302
0.156636
0.177388
0.243083
0.128687
0.092486
0.097472
0.075878
0.089466
0.086236
0.106039
0.087711
0.088343
0.092100
0.094909
0.183076
0.240625
0.160288
0.402423
0.439782
0.450281
0.300211
0.393276
0.380978
0.282303
0.283427
0.269312
0.271419
0.209164
0.167275
0.126018
0.107268
0.125386
0.114256
0.109410
0.132830
0.147472
0.322121
0.168329
0.127458
0.223701
0.165923
0.202063
0.116081
0.155302
0.121805
0.137640
0.236341
0.178020
0.246464
0.276526
0.303337
0.391479
0.166730
0.121501
0.096218
0.106503
0.092911
0.106464
0.101282
0.110962
0.113195
0.207272
0.133160
0.122231
0.209878
0.231187
0.128526
0.177242
0.115779
0.153051
0.212974
0.225983
0.220305
0.249034
0.428502
0.391713
0.181812
0.125597
0.120295
0.115590
0.102844
0.118645
0.116362
0.140976
0.152247
0.166924
0.194171
0.115941
0.092486
0.162324
0.144522
0.141433
0.115098
0.124684
0.085358
0.106777
0.153933
0.236517
0.200035
0.203020
0.117767
0.107338
0.086587
0.106285
0.094452
0.091959
0.116362
0.110744
0.107865
0.135183
0.109656
0.111060
0.087289
0.094838
0.137992
0.081671
0.071103
0.139817
0.186482
0.141257
0.336517
0.163483
0.310183
0.140713
0.100316
0.123701
0.103617
0.111236
0.106320
0.106531
0.134410
0.125421
0.111166
0.125948
0.120049
0.142521
0.102282
0.124824
0.120400
0.220435
0.129459
0.164537
0.314572
0.166292
0.147331
0.199157
0.150000
0.172823
0.311201
0.163624
0.108181
0.109621
0.096559
0.108813
0.107022
0.114501
0.104635
0.115239
0.148982
0.158392
0.327985
0.404494
0.216959
0.203371
0.271454
0.239431
0.236131
0.241678
0.193083
0.317591
0.297647
0.302107
0.165081
0.162123
0.199157
0.176756
0.164150
0.154354
0.148701
0.168890
0.207374
0.168926
0.166011
0.186692
0.226440
0.563237
0.339817
0.264326
0.231320
0.387676
0.331074
0.322507
0.381636
0.268820
0.471629
0.235042
0.158357
0.146910
0.141081
0.133181
0.150421
0.135358
0.163518
0.152669
0.244909
0.191959
0.138378
0.130688
0.192029
0.245260
0.149579
0.147823
0.159024
0.240274
0.276650
0.217626
0.262044
0.256250
0.295716
0.322893
0.252423
0.221699
0.147999
0.159515
0.144838
0.158848
0.207935
0.254810
0.162219
0.251615
0.196419
0.175035
0.147718
0.177739
0.258708
0.162570
0.327914
0.236868
0.259094
0.301650
0.367907
0.381355
0.273596
0.336166
0.186587
0.159059
0.239045
0.148385
0.140976
0.149298
0.149228
0.190906
0.177353
0.195857
0.157163
0.153652
0.135534
0.184199
0.206777
0.151440
0.125351
0.190765
0.198947
0.179494
0.266433
0.209445
0.229986
0.352563
0.223104
0.163764
0.150211
0.144628
0.139150
0.141573
0.154319
0.161622
0.141819
0.162324
0.255688
0.137500
0.176966
0.169558
0.113904
0.128371
0.143926
0.213237
0.196629
0.158251
0.304213
0.382584
0.504284
0.340133
0.141538
0.093750
0.167275
0.099895
0.104249
0.096138
0.107058
0.190660
0.135657
0.189861
0.128722
0.145787
0.169909
0.157935
0.183743
0.200456
0.104249
0.134235
0.100492
0.126053
0.238378
0.160569
0.174824
0.179178
0.252212
0.140555
0.111903
0.116573
0.117310
0.112219
0.118469
0.105091
0.136692
0.132093
0.156777
0.144803
0.194803
0.263132
0.223806
0.258427
0.451721
0.236517
0.220892
0.375316
0.243364
0.225667
0.275492
0.206110
0.147367
0.132760
0.132760
0.117029
0.111096
0.104810
0.105688
0.111868
0.103968
0.118083
0.141152
0.156531
0.238624
0.136903
0.173806
0.242837
0.182058
0.200281
0.142767
0.213167
0.333462
0.290765
0.296243
0.287605
0.364185
0.214361
0.149087
0.168469
0.154775
0.166819
0.151615
0.167346
0.192275
0.166152
0.202353
0.148596
0.185779
0.193926
0.275667
0.131917
0.119242
0.104389
0.297296
0.321594
0.296875
0.435463
0.274789
0.384796
0.489150
0.160253
0.124965
0.115063
0.120084
0.115906
0.110007
0.136763
0.206320
0.170190
0.300000
0.126966
0.116187
0.166924
0.121699
0.112395
0.138343
0.188694
0.115379
0.126896
0.207198
0.206215
0.378652
0.233392
0.259375
0.131110
0.141222
0.130478
0.113237
0.115730
0.121840
0.136025
0.160288
0.157022
0.143223
0.160885
0.111833
0.118329
0.190274
0.206882
0.111587
0.120435
0.218574
0.211096
0.206039
0.263518
0.233146
0.321770
0.245716
0.153090
0.166117
0.115449
0.133603
0.117907
0.122296
0.120892
0.143188
0.116362
0.164712
0.132619
0.125808
0.170857
0.127177
0.116046
0.232338
0.177037
0.206390
0.236271
0.275527
0.160253
0.284972
0.392802
0.252774
0.135288
0.129284
0.134059
0.134305
0.144628
0.123560
0.127949
0.236692
0.141257
0.164782
0.122823
0.118785
0.109340
0.261552
0.271419
0.151931
0.244171
0.159199
0.211868
0.222823
0.322051
0.243399
0.271594
0.175456
0.157374
0.137079
0.123560
0.113764
0.139817
0.112500
0.133216
0.150456
0.130478
0.155232
0.171454
0.403933
0.488062
0.438834
0.324684
0.290028
0.183076
0.217100
0.286341
0.186728
0.253476
0.191046
0.250105
0.271805
0.164747
0.124157
0.145330
0.132093
0.150035
0.191257
0.181250
0.176369
0.154740
0.393258
0.246032
0.235077
0.301650
0.138132
0.173420
0.289958
0.195787
0.184270
0.159726
0.213343
0.394347
0.306742
0.146524
0.207865
0.121348
0.146383
0.113799
0.115836
0.118469
0.103546
0.135639
0.155969
0.133883
0.132690
0.127001
0.107058
0.106004
0.238764
0.218855
0.124017
0.189221
0.150000
0.229354
0.327844
0.242275
0.277177
0.209726
0.266292
0.236201
0.126053
0.112605
0.112465
0.105056
0.108216
0.125562
0.143188
0.165590
0.158287
0.279073
0.121454
0.103722
0.170330
0.120225
0.208954
0.158813
0.113097
0.167486
0.201475
0.246454
0.383813
0.429213
0.251510
0.274403
0.113904
0.115941
0.100948
0.098385
0.099614
0.106496
0.124965
0.257268
0.187851
0.150562
0.107163
0.108673
0.113378
0.136025
0.135288
0.134059
0.189115
0.206952
0.320506
0.278581
0.361728
0.223841
0.251475
0.209445
0.179213
0.127704
0.168961
0.129143
0.116362
0.129424
0.137535
0.118399
0.179705
0.128265
0.135183
0.161692
0.123420
0.198034
0.236201
0.148455
0.203195
0.147823
0.160042
0.211131
0.167626
0.203546
0.137254
0.144593
0.112254
0.117310
0.121770
0.107690
0.114853
0.123174
0.124789
0.112430
0.150562
0.184515
0.121419
0.110112
0.088729
0.095014
0.116222
0.095927
0.143680
0.124965
0.166011
0.166678
0.212711
0.202142
0.132338
0.110112
0.117310
0.095190
0.102247
0.110499
0.109656
0.117135
0.135990
0.095225
0.114466
0.115309
0.239572
0.116573
0.112465
0.111587
0.102563
0.108146
0.122367
0.114150
0.146173
0.130197
0.162184
0.195927
0.182549
0.131952
0.133673
0.130478
0.123420
0.123455
0.129916
0.116994
0.114115
0.132725
0.150808
0.364291
0.250386
0.241608
0.126580
0.245400
0.147367
0.109902
0.156461
0.248525
0.222753
0.219979
0.302317
0.313553
0.264712
0.161341
0.110639
0.126650
0.115730
0.116608
0.125246
0.110358
0.142346
0.113483
0.126861
0.229494
0.118364
0.111657
0.090976
0.105899
0.137149
0.106671
0.156320
0.164185
0.185393
0.182444
0.132795
0.141608
0.133427
0.169979
0.113483
0.114642
0.113659
0.111166
0.115028
0.144909
0.127739
0.137992
0.123982
0.112430
0.111587
0.095997
0.098912
0.101756
0.094347
0.118223
0.113518
0.139256
0.219628
0.148736
0.150386
0.300211
0.182900
0.127633
0.135147
0.115695
0.112570
0.127423
0.125878
0.129459
0.130899
0.130442
0.103230
0.113413
0.120716
0.118294
0.101159
0.103722
0.121945
0.102633
0.125632
0.157058
0.181636
0.168294
0.206706
0.137851
0.150281
0.206285
0.163202
0.132374
0.126861
0.128336
0.120857
0.140239
0.121664
0.128581
0.139221
0.173982
0.184515
0.274719
0.202212
0.209129
0.183497
0.203827
0.232549
0.302704
0.200351
0.280618
0.182549
0.161096
0.161798
0.156496
0.197612
0.186587
0.187711
0.292978
0.238062
0.269171
0.233708
0.235850
0.274052
0.221770
0.224614
0.175667
0.187008
0.177177
0.154529
0.259305
0.363027
0.292872
0.227493
0.173490
0.167170
0.157303
0.169628
0.157725
0.166011
0.177914
0.143539
0.160358
0.153230
0.147015
0.148139
0.132479
0.153722
0.175843
0.163869
0.107971
0.131232
0.117802
0.135727
0.140160
0.250733
0.233846
0.183724
0.186420
0.195896
0.183429
0.181110
0.221770
0.162886
0.179617
0.163211
0.145141
0.173326
0.165414
0.170769
0.177291
0.195966
0.249228
0.308392
0.318601
0.250601
0.139109
0.179605
0.170622
0.157672
0.272644
0.392440
0.249189
0.212152
0.218968
0.201945
0.168834
0.126429
0.126294
0.166114
0.150824
0.151290
0.225983
0.288904
0.225772
0.174473
0.176334
0.179740
0.171173
0.162096
0.153169
0.154095
0.112254
0.204582
0.141705
0.210073
0.218186
0.181022
0.288264
0.238360
0.147779
0.145220
0.182898
0.165466
0.185717
0.157817
0.176486
0.198004
0.235220
0.251440
0.260534
0.204846
0.175702
0.168065
0.140019
0.137970
0.131502
0.123248
0.121875
0.156250
0.142170
0.149824
0.284041
0.156487
0.126488
0.158111
0.168504
0.173841
0.155899
0.175702
0.151053
0.172928
0.190344
0.133287
0.119277
0.104881
0.102072
0.130056
0.114677
0.107128
0.117521
0.136412
0.153617
0.231215
0.227914
0.364150
0.335323
0.210183
0.242258
0.199719
0.134375
0.126650
0.189115
0.173666
0.182479
0.199824
0.198947
0.213518
0.215730
0.164677
0.182549
0.186376
0.162781
0.152142
0.153862
0.294101
0.178371
0.238975
0.208989
0.340590
0.227739
0.189185
0.191819
0.299298
0.191784
0.185815
0.139537
0.156636
0.203371
0.203968
0.188834
0.214747
0.185042
0.141994
0.141117
0.323947
0.286622
0.320154
0.429459
0.290590
0.340871
0.293539
0.310218
0.330899
0.216573
0.181952
0.142065
0.136833
0.131250
0.126615
0.129038
0.121910
0.189607
0.196840
0.135639
0.191327
0.225983
0.223806
0.195471
0.132479
0.124544
0.175140
0.164853
0.139256
0.219803
0.201510
0.213167
0.206566
0.170787
0.149719
0.143890
0.151088
0.132865
0.149122
0.144452
0.133638
0.146103
0.131636
0.135428
0.205513
0.205618
0.256882
0.186973
0.174438
0.260323
0.277949
0.169277
0.142591
0.161552
0.303160
0.277809
0.283638
0.271770
0.188272
0.244347
0.147823
0.128722
0.124719
0.142978
0.130688
0.132584
0.178090
0.167170
0.160534
0.139010
0.116994
0.105618
0.097893
0.120119
0.105829
0.131074
0.141959
0.235218
0.227177
0.190695
0.199192
0.349087
0.221348
0.164782
0.153020
0.149368
0.143715
0.156004
0.199403
0.195927
0.212500
0.205653
0.242205
0.180513
0.153195
0.146945
0.150562
0.176545
0.178897
0.164045
0.218574
0.194803
0.221770
0.250211
0.357444
0.367416
0.187921
0.158603
0.146559
0.165449
0.141924
0.155126
0.156777
0.153897
0.177914
0.192275
0.176791
0.161096
0.145190
0.141573
0.162956
0.146173
0.154249
0.172612
0.194628
0.282900
0.313027
0.262360
0.224473
0.225527
0.358322
0.188343
0.152423
0.169593
0.152001
0.152633
0.165239
0.195225
0.185850
0.205267
0.179073
0.162184
0.159586
0.162289
0.192275
0.183076
0.244487
0.197472
0.191222
0.228546
0.255232
0.221594
0.230232
0.217767
0.312114
0.300105
0.174895
0.153160
0.170400
0.153195
0.147928
0.159937
0.201861
0.253827
0.233673
0.244558
0.287851
0.177563
0.239115
0.211060
0.204424
0.140098
0.232690
0.240906
0.191327
0.199649
0.186482
0.204003
0.151334
0.153933
0.160288
0.167978
0.158567
0.165239
0.139396
0.137816
0.167310
0.170892
0.229740
0.249333
0.217310
0.201404
0.391784
0.281706
0.169312
0.156426
0.188799
0.298771
0.248631
0.217381
0.209375
0.209515
0.176475
0.166713
0.146664
0.169066
0.150281
0.154529
0.150281
0.143153
0.144628
0.193223
0.240485
0.183357
0.160569
0.181215
0.232303
0.253301
0.260007
0.276791
0.254635
0.357093
0.348841
0.229003
0.221699
0.407654
0.174789
0.160007
0.155864
0.136728
0.134480
0.142697
0.131355
0.151861
0.153020
0.151334
0.167591
0.162114
0.147507
0.157338
0.150808
0.166081
0.151440
0.146735
0.174684
0.241784
0.249122
0.223806
0.209831
0.183251
0.179494
0.201229
0.237921
0.172015
0.153265
0.143153
0.168645
0.147226
0.213027
0.182760
0.273806
0.200983
0.151966
0.140906
0.241011
0.199579
0.160323
0.241046
0.226931
0.313975
0.310007
0.237851
0.259059
0.335885
0.237956
0.162465
0.148666
0.142591
0.161692
0.146524
0.135183
0.152247
0.150351
0.181390
0.196454
0.160569
0.154178
0.201721
0.204038
0.164431
0.185112
0.209515
0.360815
0.266292
0.258954
0.313904
0.216257
0.237640
0.228968
0.213308
0.167662
0.172647
0.142100
0.157268
0.153371
0.157479
0.210077
0.189853
0.287851
0.320014
0.340274
0.214712
0.206671
0.208497
0.195857
0.213413
0.172331
0.196699
0.175035
0.170260
0.206390
0.248525
0.359796
0.207268
0.319768
0.217662
0.218855
0.219417
0.165520
0.169136
0.181039
0.219382
0.232374
0.181039
0.212079
0.208287
0.206531
0.285779
0.196524
0.236868
0.241397
0.255794
0.280583
0.288729
0.303265
0.182409
0.176159
0.203968
0.195541
0.191046
0.199860
0.186903
0.160990
0.150632
0.146910
0.146664
0.247437
0.216152
0.198209
0.321559
0.256847
0.224228
0.219522
0.210428
0.222191
0.285709
0.314080
0.241959
0.220822
0.238869
0.242907
0.224192
0.162711
0.182163
0.182690
0.176966
0.148736
0.172226
0.226685
0.163167
0.170014
0.220084
0.226826
0.152704
0.223104
0.233989
0.209059
0.280197
0.205618
0.260147
0.319066
0.359621
0.396348
0.461482
0.358673
0.291397
0.313869
0.148666
0.158427
0.139642
0.145541
0.149614
0.165133
0.175737
0.282233
0.165625
0.142662
0.137114
0.127282
0.133146
0.182233
0.207584
0.223350
0.258392
0.277598
0.416713
0.371208
0.249895
0.221138
0.193083
0.147367
0.137008
0.152388
0.165555
0.213027
0.207374
0.217065
0.180337
0.235779
0.183392
0.216222
0.162570
0.150000
0.239501
0.128441
0.194101
0.230126
0.267275
0.256320
0.285428
0.277669
0.348209
0.271138
0.246524
0.158603
0.171032
0.186938
0.191749
0.212079
0.274649
0.241503
0.191678
0.239080
0.173069
0.211517
0.183743
0.125667
0.109551
0.123701
0.121208
0.169277
0.266468
0.233532
0.271594
0.302809
0.277282
0.261060
0.219277
0.204073
0.186903
0.198385
0.180162
0.187289
0.205337
0.243364
0.278511
0.318539
0.212640
0.267837
0.252809
0.204003
0.207690
0.150913
0.205688
0.266222
0.214080
0.248806
0.238588
0.235604
0.270997
0.271489
0.205794
0.174684
0.146770
0.156110
0.155583
0.208181
0.199298
0.261938
0.200597
0.228195
0.240485
0.243645
0.187851
0.199192
0.204213
0.156110
0.142416
0.136692
0.160042
0.187324
0.204600
0.209972
0.303265
0.152633
0.164993
0.159796
0.198596
0.174368
0.177598
0.138308
0.150211
0.144522
0.152669
0.166503
0.185253
0.153617
0.268329
0.155337
0.147753
0.138097
0.126369
0.131110
0.177388
0.209410
0.202739
0.175105
0.167170
0.157619
0.265520
0.259445
0.144944
0.156390
0.145225
0.146664
0.141362
0.135358
0.150316
0.162395
0.151334
0.253897
0.201685
0.453652
0.334305
0.415695
0.297121
0.124965
0.141257
0.122647
0.157900
0.181039
0.169312
0.196067
0.204565
0.174368
0.173209
0.171032
0.158532
0.181952
0.153546
0.152142
0.159831
0.207374
0.206390
0.361692
0.356882
0.330548
0.318645
0.211060
0.172893
0.158603
0.196173
0.214045
0.206320
0.254846
0.222928
0.299192
0.294803
0.182584
0.181074
0.164045
0.167591
0.260358
0.336447
0.351615
0.318785
0.216503
0.183392
0.207128
0.162008
0.173490
0.206285
0.284059
0.182795
0.239817
0.307549
0.477879
0.540871
0.346138
0.373596
0.230618
0.271489
0.213975
0.184902
0.152247
0.173350
0.165871
0.207935
0.312430
0.236833
0.241433
0.243996
0.216959
0.195716
0.203406
0.213272
0.247191
0.247121
0.270962
0.569979
0.321629
0.474684
0.264677
0.249789
0.274719
0.203933
0.223490
0.175492
0.158146
0.292346
0.322542
0.310183
0.252879
0.162044
0.228125
0.263869
0.289291
0.257374
0.239993
0.209972
0.222191
0.256531
0.214642
0.314010
0.415871
0.330794
0.237044
0.267381
0.238729
0.190063
0.197683
0.193153
0.200667
0.201369
0.171559
0.192135
0.200492
0.215379
0.262535
0.307584
0.203336
0.372015
0.343610
0.228371
0.242907
0.362500
0.296243
0.196103
0.345611
0.317942
0.288097
0.338694
0.262149
0.184972
0.164747
0.168750
0.219979
0.213904
0.250105
0.278862
0.234937
0.226334
0.298279
0.244452
0.258392
0.299228
0.308673
0.218048
0.236271
0.275105
0.283006
0.270435
0.533076
0.504740
0.328055
0.390063
0.301826
0.250035
0.182584
0.171419
0.171980
0.158673
0.145471
0.278652
0.420330
0.389221
0.248244
0.284902
0.498841
0.337676
0.438272
0.322472
0.563940
0.587008
0.367205
0.414572
0.454108
0.485762
0.517416
0.335147
0.307022
0.274087
0.286938
