0.130039
0.119946
0.117935
0.118849
0.100747
0.115411
0.109999
0.180760
0.180138
0.168144
0.137755
0.188513
0.320234
0.119068
0.119653
0.249656
0.258944
0.327950
0.333911
0.443288
0.296171
0.219852
0.175970
0.160172
0.124225
0.108354
0.132050
0.123639
0.110182
0.146495
0.128649
0.122030
0.312847
0.313395
0.378196
0.474737
0.417544
0.517157
0.630119
0.802139
0.494302
0.604520
0.571718
0.630228
0.314931
0.215464
0.129564
0.124151
0.109158
0.107586
0.099833
0.135085
0.123274
0.130990
0.109304
0.174141
0.168583
0.310653
0.372893
0.434987
0.172898
0.172642
0.236198
0.328681
0.429575
0.385070
0.362215
0.475688
0.520778
0.375453
0.218060
0.210673
0.183283
0.184819
0.188257
0.199227
0.148287
0.166718
0.175458
0.422480
0.232688
0.290430
0.209357
0.208406
0.386533
0.233127
0.299316
0.264027
0.316431
0.350220
0.337348
0.420140
0.426540
0.325390
0.249839
0.258067
0.235577
0.188184
0.160537
0.146093
0.140022
0.187379
0.143240
0.244938
0.260297
0.377318
0.504263
0.444286
0.407650
0.353496
0.371905
0.425755
0.472551
0.491583
0.594412
0.683326
0.535248
0.412632
0.315374
0.214277
0.195983
0.197514
0.203234
0.213920
0.181104
0.222913
0.161830
0.236278
0.248123
0.160118
0.168253
0.239453
0.332192
0.287761
0.458464
0.263003
0.336946
0.284652
0.500518
0.405659
0.504358
0.275291
0.389715
0.250241
0.194547
0.194181
0.191365
0.168619
0.134574
0.143094
0.141814
0.157210
0.264064
0.236747
0.278362
0.414106
0.426357
0.515146
0.606824
0.514159
0.259968
0.307691
0.447091
0.319612
0.418604
0.329047
0.360789
0.181235
0.157063
0.160391
0.137755
0.136804
0.139291
0.202628
0.300084
0.204310
0.233090
0.328023
0.296574
0.472836
0.479747
0.530651
0.688592
0.510136
0.446982
0.582287
0.510867
0.449212
0.542902
0.399588
0.255543
0.180394
0.178164
0.188257
0.188878
0.168107
0.187672
0.218645
0.214696
0.267063
0.171362
0.192096
0.199922
0.271524
0.314785
0.373149
0.527726
0.374283
0.237478
0.358704
0.472543
0.465083
0.238210
0.201458
0.163207
0.165621
0.162585
0.144996
0.171728
0.152785
0.171106
0.169899
0.109999
0.128796
0.138304
0.239014
0.277375
0.329559
0.252984
0.220693
0.254044
0.253898
0.235284
0.335483
0.285493
0.203250
0.156003
0.131136
0.122323
0.112559
0.111718
0.112486
0.124298
0.107769
0.107805
0.123603
0.117971
0.183832
0.180577
0.136292
0.247864
0.225155
0.158453
0.116618
0.153297
0.341883
0.304473
0.194108
0.296354
0.333325
0.279386
0.270537
0.186282
0.184161
0.143569
0.140900
0.154138
0.129454
0.124371
0.139510
0.128576
0.190158
0.134464
0.188951
0.355925
0.594427
0.512440
0.339542
0.242525
0.238612
0.429209
0.305314
0.321843
0.269074
0.466839
0.275071
0.158636
0.156661
0.136621
0.133111
0.141631
0.149384
0.127808
0.176262
0.142253
0.210929
0.170484
0.161817
0.160391
0.333289
0.211734
0.292844
0.207017
0.244134
0.273645
0.277777
0.271305
0.207272
0.365762
0.530834
0.269549
0.240989
0.251192
0.228263
0.242781
0.227970
0.199154
0.308312
0.261138
0.202482
0.231518
0.477443
0.318369
0.270720
0.239636
0.156186
0.275985
0.424419
0.286481
0.302864
0.654218
0.569634
0.457843
0.243695
0.327474
0.214330
0.190158
0.165365
0.179224
0.140315
0.131721
0.139108
0.307508
0.178602
0.220072
0.247864
0.263442
0.385619
0.556030
0.331899
0.499751
0.484611
0.424309
0.443434
0.491267
0.535186
0.382108
0.334349
0.174397
0.155930
0.164706
0.151944
0.145179
0.148104
0.156222
0.179407
0.167120
0.192937
0.274559
0.306118
0.432537
0.442228
0.465010
0.444349
0.389934
0.476785
0.523630
0.557420
0.517633
0.475286
0.385473
0.330656
0.176664
0.180248
0.170082
0.161342
0.161525
0.165401
0.243805
0.195095
0.105757
0.238758
0.387630
0.320490
0.274559
0.334605
0.350111
0.186501
0.275985
0.244244
0.487500
0.405439
0.470605
0.312737
0.410193
0.205481
0.133038
0.104770
0.101296
0.109048
0.115229
0.099321
0.102978
0.129490
0.170557
0.252837
0.192572
0.162768
0.242744
0.341809
0.255178
0.201129
0.340530
0.263442
0.179297
0.324000
0.426009
0.557200
0.467606
0.373880
0.114753
0.112486
0.115192
0.119690
0.133184
0.114936
0.128467
0.143131
0.124371
0.357242
0.285969
0.295550
0.272365
0.322245
0.273133
0.240806
0.244134
0.195205
0.395749
0.453436
0.410312
0.445213
0.364263
0.373734
0.214111
0.113400
0.120275
0.119361
0.106964
0.125358
0.135707
0.183759
0.132306
0.190158
0.223436
0.164085
0.173117
0.236454
0.148470
0.248559
0.251228
0.277448
0.268269
0.321697
0.230238
0.252435
0.388581
0.194912
0.175128
0.141522
0.120458
0.110767
0.094787
0.098041
0.107878
0.142216
0.147811
0.109231
0.148872
0.140607
0.246438
0.195717
0.215171
0.277302
0.227276
0.272511
0.273901
0.418860
0.431915
0.374429
0.289918
0.241501
0.182735
0.152745
0.123398
0.118556
0.106013
0.106657
0.098714
0.112709
0.165902
0.160245
0.162209
0.204789
0.277836
0.202032
0.341692
0.378583
0.306414
0.311128
0.315293
0.443720
0.553240
0.558275
0.445683
0.310543
0.217987
0.122360
0.117752
0.117715
0.104770
0.109816
0.125834
0.122140
0.142728
0.195497
0.196850
0.165291
0.216415
0.423248
0.185221
0.377245
0.504687
0.310250
0.545023
0.390848
0.496276
0.432903
0.368614
0.320746
0.136804
0.114717
0.100967
0.126016
0.099394
0.100747
0.110292
0.154613
0.153297
0.279130
0.298548
0.181053
0.180321
0.214733
0.226215
0.234992
0.277850
0.452723
0.507357
0.751893
0.531090
0.653011
0.327328
0.249400
0.132782
0.144008
0.125504
0.124992
0.118410
0.125322
0.145032
0.149421
0.147044
0.157429
0.211441
0.232688
0.504760
0.510063
0.522862
0.644856
0.522094
0.387191
0.406134
0.444897
0.481027
0.403940
0.397906
0.474152
0.232286
0.188586
0.186538
0.208260
0.177688
0.170630
0.136987
0.156222
0.132379
0.182625
0.271451
0.320161
0.209832
0.357498
0.234260
0.152858
0.220949
0.233931
0.544803
0.473494
0.422992
0.354353
0.248047
0.161269
0.146714
0.132635
0.171947
0.275876
0.146678
0.115594
0.129015
0.135707
0.148982
0.331826
0.259749
0.311165
0.392384
0.341078
0.277375
0.238978
0.344113
0.317967
0.381231
0.321258
0.358192
0.419555
0.536356
0.551166
0.260700
0.172313
0.115594
0.127260
0.111060
0.117898
0.116582
0.298841
0.319283
0.191511
0.181199
0.234260
0.258652
0.258798
0.347112
0.268452
0.396407
0.515987
0.283592
0.466473
0.300706
0.299170
0.471812
0.351939
0.196704
0.170960
0.153297
0.160245
0.124700
0.143460
0.124883
0.121555
0.109780
0.169387
0.193011
0.503188
0.374392
0.569049
0.541768
0.539976
0.441533
0.430891
0.546193
0.523337
0.543414
0.613151
0.315809
0.199812
0.186099
0.119178
0.120275
0.122908
0.132672
0.116472
0.124225
0.146129
0.128869
0.216817
0.191438
0.183466
0.247498
0.213965
0.383315
0.272036
0.289699
0.205407
0.240696
0.396553
0.506333
0.326048
0.275144
0.176518
0.177030
0.145727
0.125980
0.127223
0.115887
0.125285
0.118995
0.130588
0.110438
0.337165
0.380828
0.267794
0.299792
0.317637
0.264357
0.272146
0.337787
0.243549
0.279825
0.369894
0.576838
0.426320
0.385729
0.381889
0.295001
0.195351
0.119983
0.123530
0.110584
0.111937
0.107257
0.127260
0.141448
0.205444
0.240258
0.182113
0.147336
0.306594
0.248339
0.207309
0.240221
0.337714
0.325463
0.381670
0.443764
0.528603
0.395054
0.302315
0.215171
0.156588
0.132526
0.142655
0.143350
0.137206
0.139510
0.144008
0.134208
0.286005
0.239965
0.228153
0.236747
0.258176
0.154357
0.293648
0.249692
0.289553
0.463876
0.524946
0.740849
0.616442
0.473567
0.384814
0.210893
0.143460
0.131355
0.120019
0.125504
0.138194
0.126016
0.140571
0.129454
0.204420
0.167047
0.130880
0.298292
0.455100
0.299463
0.152858
0.167412
0.385034
0.303485
0.374283
0.403574
0.708376
0.485818
0.319393
0.304436
0.168363
0.146349
0.127662
0.128723
0.123018
0.135707
0.132343
0.191877
0.135305
0.187196
0.151103
0.123420
0.260700
0.209211
0.143058
0.237442
0.133915
0.191182
0.233529
0.199337
0.292003
0.223399
0.128796
0.137280
0.119617
0.120385
0.125139
0.131392
0.111535
0.109926
0.119544
0.156222
0.169753
0.298658
0.284469
0.279167
0.226069
0.279569
0.390300
0.201348
0.329559
0.326304
0.314785
0.466985
0.324878
0.230311
0.290576
0.348575
0.289297
0.125248
0.121555
0.115777
0.138816
0.112267
0.137280
0.110365
0.282092
0.229835
0.259383
0.193449
0.401673
0.401234
0.411254
0.387045
0.256823
0.292515
0.391031
0.553690
0.390373
0.381377
0.216927
0.125980
0.106598
0.126016
0.110219
0.102429
0.102283
0.111425
0.112669
0.110255
0.210783
0.186940
0.228153
0.255726
0.374283
0.147409
0.259603
0.361849
0.253313
0.308203
0.314931
0.329047
0.322976
0.273682
0.141192
0.137572
0.128467
0.134354
0.134610
0.143204
0.127040
0.139620
0.127187
0.171033
0.269915
0.233492
0.245962
0.350293
0.324403
0.271268
0.253093
0.256714
0.331936
0.349196
0.396809
0.377281
0.606056
0.547253
0.450127
0.353548
0.269110
0.241172
0.231591
0.245889
0.223875
0.226215
0.240002
0.242050
0.263479
0.170813
0.347587
0.400320
0.364190
0.226983
0.281251
0.359765
0.462194
0.400210
0.554275
0.469545
0.357242
0.270756
0.288967
0.258981
0.206797
0.195936
0.193047
0.190816
0.202116
0.233017
0.350001
0.221571
0.339286
0.309702
0.219852
0.275035
0.208735
0.187306
0.327950
0.414289
0.340383
0.231518
0.186428
0.202628
0.232286
0.322720
0.179151
0.127223
0.142290
0.119471
0.115448
0.106013
0.101844
0.106598
0.152675
0.124078
0.172934
0.132050
0.545827
0.385144
0.401965
0.432939
0.345576
0.244134
0.171691
0.201421
0.318515
0.230713
0.220254
0.180248
0.142948
0.114717
0.104953
0.112340
0.107147
0.103344
0.104002
0.101844
0.114643
0.310799
0.212794
0.239270
0.197947
0.127260
0.301364
0.311750
0.289077
0.149567
0.238868
0.219633
0.296318
0.634251
0.380243
0.309995
0.342760
0.143058
0.138779
0.125760
0.118264
0.129527
0.128467
0.128137
0.131831
0.122286
0.182040
0.258981
0.260261
0.334423
0.258615
0.154138
0.176189
0.221534
0.284177
0.136658
0.274413
0.335337
0.457221
0.335264
0.277192
0.238575
0.116399
0.107403
0.116253
0.110840
0.106159
0.121226
0.148872
0.113912
0.204274
0.119544
0.206139
0.262418
0.269696
0.187525
0.267538
0.179114
0.157429
0.206834
0.264320
0.258432
0.329961
0.217146
0.230750
0.155783
0.126163
0.113802
0.125541
0.114168
0.123530
0.115009
0.128832
0.139803
0.228921
0.162439
0.151030
0.197362
0.230091
0.292917
0.183795
0.256458
0.439302
0.153004
0.410449
0.384632
0.310982
0.464718
0.298622
0.150591
0.110475
0.165291
0.107878
0.107439
0.114058
0.140863
0.158526
0.118959
0.170009
0.173556
0.300450
0.126857
0.124736
0.106123
0.283263
0.292003
0.320490
0.262089
0.196741
0.465083
0.596292
0.291418
0.238539
0.194802
0.095445
0.096066
0.109451
0.108025
0.100820
0.107586
0.147446
0.104916
0.176774
0.242525
0.294782
0.223911
0.372344
0.250716
0.100345
0.128174
0.127296
0.125504
0.207858
0.264576
0.460183
0.197765
0.157978
0.106086
0.099541
0.108975
0.095628
0.099723
0.098407
0.124078
0.141741
0.132709
0.141558
0.282495
0.188147
0.096981
0.204676
0.102978
0.380024
0.168217
0.108792
0.266002
0.229177
0.310506
0.213635
0.333069
0.181089
0.123932
0.114717
0.106379
0.101296
0.100052
0.119727
0.110438
0.105721
0.117459
0.149530
0.271451
0.426101
0.331278
0.275437
0.236857
0.245816
0.181382
0.211624
0.344991
0.482819
0.583091
0.487683
0.319978
0.295367
0.200288
0.127735
0.089923
0.097968
0.092812
0.084401
0.084876
0.139291
0.084218
0.152346
0.153626
0.341553
0.334532
0.360825
0.142692
0.268525
0.247315
0.202372
0.241282
0.292003
0.212429
0.221571
0.245597
0.224679
0.150079
0.105465
0.099723
0.094677
0.116472
0.092739
0.105501
0.149384
0.187525
0.234809
0.182698
0.225813
0.243951
0.248339
0.253240
0.330400
0.292990
0.310616
0.485379
0.389605
0.366055
0.192937
0.304729
0.377574
0.215354
0.122396
0.086193
0.088497
0.086632
0.098736
0.086266
0.159477
0.363312
0.392969
0.275693
0.127077
0.122762
0.226142
0.168509
0.163829
0.301730
0.137060
0.203177
0.165218
0.167193
0.261212
0.485452
0.188586
0.161379
0.230347
0.130624
0.100308
0.102027
0.100235
0.123566
0.133769
0.123164
0.231883
0.187160
0.273023
0.188805
0.201677
0.202372
0.188366
0.282934
0.287761
0.250351
0.435938
0.256531
0.407597
0.333691
0.291747
0.147300
0.114168
0.113766
0.103965
0.134135
0.126784
0.114314
0.130441
0.128064
0.126126
0.185807
0.169387
0.284945
0.300925
0.190268
0.120787
0.156588
0.172678
0.201604
0.381560
0.544072
0.405476
0.374795
0.198423
0.127479
0.128503
0.136402
0.125834
0.116253
0.118739
0.139254
0.150993
0.268562
0.287249
0.165730
0.276534
0.421895
0.361228
0.284067
0.175567
0.170704
0.136183
0.132379
0.238466
0.301730
0.346893
0.260590
0.336909
0.355340
0.184746
0.129564
0.125797
0.133550
0.115119
0.106306
0.106159
0.132599
0.182077
0.216927
0.141522
0.207784
0.307837
0.199410
0.146678
0.422480
0.509624
0.315078
0.256055
0.385765
0.500043
0.451004
0.331716
0.144557
0.142948
0.129783
0.119617
0.123859
0.133074
0.124188
0.136621
0.122945
0.259749
0.386094
0.413009
0.309336
0.211844
0.193157
0.155637
0.106525
0.227934
0.383388
0.221169
0.339615
0.488560
0.342504
0.306557
0.138413
0.114973
0.131977
0.109853
0.115082
0.105136
0.116070
0.127772
0.206724
0.319832
0.243220
0.273864
0.184965
0.155747
0.292917
0.250351
0.347697
0.318369
0.681278
0.291052
0.375233
0.337129
0.252106
0.251740
0.220876
0.168071
0.156771
0.143606
0.165621
0.152529
0.153809
0.171106
0.207675
0.220840
0.219450
0.188220
0.189025
0.228665
0.283994
0.132672
0.270390
0.279935
0.292003
0.455612
0.489767
0.358083
0.328242
0.183905
0.115923
0.116033
0.107147
0.120092
0.117386
0.111901
0.110365
0.132233
0.132928
0.190853
0.180577
0.256933
0.288090
0.286627
0.148177
0.099138
0.194071
0.149274
0.170374
0.178895
0.320417
0.251119
0.153187
0.294160
0.268269
0.149896
0.117715
0.115485
0.128430
0.118739
0.134098
0.175860
0.150847
0.235869
0.190231
0.173190
0.237990
0.267428
0.237259
0.157283
0.209576
0.202519
0.177323
0.290284
0.230457
0.202994
0.165877
0.181491
0.114753
0.113034
0.171728
0.138633
0.106635
0.113693
0.213270
0.263881
0.151797
0.159989
0.227897
0.266587
0.204457
0.169460
0.169424
0.166206
0.263406
0.283336
0.368797
0.319137
0.177286
0.383425
0.298768
0.202848
0.125980
0.118264
0.104770
0.092190
0.100491
0.107037
0.100711
0.100894
0.120165
0.199300
0.210161
0.477078
0.383498
0.237698
0.274925
0.198752
0.190561
0.154650
0.333143
0.434877
0.375453
0.568829
0.419884
0.286773
0.130807
0.099870
0.090179
0.093982
0.100491
0.092300
0.085937
0.130514
0.113693
0.173117
0.158087
0.165621
0.105136
0.123639
0.255214
0.146605
0.139364
0.170630
0.155162
0.218426
0.300413
0.410815
0.303705
0.160647
0.117459
0.120202
0.104075
0.121738
0.178383
0.115777
0.099687
0.131429
0.149932
0.357351
0.392421
0.290540
0.219889
0.410230
0.262930
0.153699
0.225338
0.291015
0.185953
0.203360
0.418897
0.250789
0.382364
0.451224
0.229799
0.136548
0.114241
0.115850
0.109378
0.133403
0.113290
0.149676
0.150774
0.371065
0.213197
0.303339
0.158746
0.130514
0.144374
0.170082
0.230128
0.346746
0.196009
0.165584
0.206724
0.216744
0.187160
0.164853
0.162146
0.134135
0.125980
0.142765
0.127187
0.121518
0.127735
0.271049
0.218243
0.280886
0.135707
0.378671
0.315882
0.233346
0.317455
0.203579
0.395090
0.223290
0.308897
0.429063
0.592416
0.451955
0.221242
0.237661
0.158234
0.128211
0.132453
0.128137
0.138998
0.130844
0.130222
0.165072
0.156771
0.267136
0.243037
0.308239
0.422663
0.534198
0.259566
0.403135
0.447932
0.254483
0.330583
0.320417
0.255617
0.268599
0.272694
0.179151
0.136951
0.122250
0.125322
0.122689
0.127369
0.132014
0.124663
0.226142
0.149969
0.319100
0.158965
0.177944
0.208991
0.335958
0.146458
0.121153
0.120860
0.135378
0.121299
0.124225
0.124919
0.243878
0.342029
0.282239
0.199995
0.136183
0.130149
0.127845
0.142180
0.136329
0.132087
0.131429
0.139291
0.129637
0.132123
0.173154
0.148031
0.279313
0.464900
0.404854
0.278106
0.232030
0.259420
0.497337
0.384193
0.362215
0.274559
0.181345
0.157978
0.141485
0.130039
0.136000
0.132672
0.160464
0.257335
0.272950
0.376257
0.357863
0.316431
0.439010
0.347478
0.316650
0.296245
0.321916
0.298439
0.290357
0.358192
0.393664
0.709985
0.380499
0.283555
0.261138
0.226471
0.230823
0.243183
0.241026
0.235650
0.239197
0.304765
0.346783
0.269586
0.407816
0.269586
0.251923
0.447896
0.313176
0.269878
0.316723
0.333362
0.272438
0.188074
0.324732
0.233383
0.417580
0.475542
0.209723
0.237734
0.148835
0.136183
0.154357
0.169424
0.154028
0.118483
0.313615
0.276753
0.189134
0.160464
0.183978
0.248998
0.238356
0.156259
0.224167
0.353877
0.273901
0.280520
0.329705
0.353694
0.322209
0.384339
0.333728
0.138779
0.113071
0.118191
0.137060
0.150591
0.131429
0.123932
0.132379
0.178858
0.156734
0.319283
0.404306
0.427746
0.292259
0.257006
0.372674
0.335446
0.328754
0.243147
0.242269
0.287651
0.214952
0.210235
0.172861
0.171362
0.148762
0.129710
0.125943
0.117862
0.148799
0.149347
0.134135
0.222375
0.135232
0.125943
0.122030
0.225008
0.355888
0.284433
0.393152
0.386131
0.291198
0.373003
0.269805
0.330363
0.364884
0.484501
0.212831
0.126053
0.134537
0.126638
0.116472
0.126090
0.125504
0.149530
0.147300
0.165438
0.223838
0.190561
0.313322
0.330546
0.585322
0.294124
0.455027
0.432354
0.235101
0.113949
0.184344
0.171545
0.214349
0.243101
0.191927
0.167840
0.146056
0.124517
0.119763
0.117020
0.123310
0.139657
0.136695
0.139583
0.145361
0.393628
0.215793
0.167997
0.199959
0.247023
0.349160
0.261906
0.290247
0.305533
0.298804
0.401490
0.337421
0.290650
0.265527
0.216963
0.233931
0.211478
0.215903
0.218389
0.230201
0.241026
0.260553
0.276095
0.307252
0.405439
0.317747
0.284908
0.147738
0.168985
0.457623
0.246621
0.164194
0.281032
0.240002
0.389934
0.265600
0.143204
0.118812
0.129710
0.114534
0.117020
0.122433
0.113546
0.120421
0.193376
0.180906
0.245524
0.165255
0.171508
0.341188
0.306082
0.217548
0.205737
0.204128
0.244682
0.348758
0.380572
0.336361
0.293246
0.252728
0.265710
0.187452
0.121080
0.120897
0.113181
0.113985
0.110548
0.124371
0.115082
0.181930
0.163682
0.159111
0.128905
0.141448
0.175348
0.344150
0.140571
0.136877
0.251740
0.547217
0.296793
0.359984
0.620062
0.435133
0.300669
0.122835
0.113656
0.096103
0.100052
0.115338
0.100528
0.105648
0.141704
0.179956
0.194327
0.229762
0.369200
0.154211
0.493570
0.414472
0.358887
0.328608
0.571572
0.476127
0.480662
0.349635
0.456709
0.393701
0.391031
0.311640
0.159258
0.153809
0.172239
0.150700
0.147300
0.157868
0.165621
0.223326
0.197691
0.252325
0.166754
0.249546
0.340530
0.179992
0.335264
0.260297
0.196558
0.172166
0.233748
0.288967
0.220584
0.216817
0.167668
0.120129
0.100235
0.102247
0.105318
0.102759
0.114753
0.097566
0.198057
0.118666
0.110036
0.162329
0.183247
0.238137
0.146056
0.259895
0.305533
0.502457
0.335812
0.311750
0.386826
0.311933
0.440399
0.440180
0.342358
0.238064
0.230969
0.208370
0.209467
0.204420
0.200068
0.219596
0.203469
0.241501
0.377684
0.278692
0.334276
0.280081
0.216927
0.239380
0.206358
0.203396
0.286810
0.459196
0.543048
0.498983
0.389386
0.317125
0.427381
0.319429
0.230677
0.213343
0.217877
0.222851
0.212575
0.208882
0.222412
0.262821
0.241135
0.244865
0.229324
0.311055
0.367079
0.507869
0.334313
0.363019
0.260663
0.197106
0.176518
0.250460
0.267026
0.200763
0.153809
0.165877
0.116472
0.172751
0.101040
0.106306
0.092410
0.110401
0.136036
0.170850
0.220949
0.189463
0.305716
0.333874
0.276424
0.222631
0.198203
0.190451
0.285749
0.326560
0.278692
0.419043
0.264027
0.339944
0.284140
0.176884
0.281946
0.178639
0.103709
0.093580
0.104989
0.098078
0.105465
0.109231
0.143387
0.188915
0.436267
0.425808
0.334240
0.297269
0.412899
0.172715
0.276863
0.227056
0.207090
0.694334
0.409498
0.362727
0.399771
0.214038
0.126053
0.102685
0.104404
0.105574
0.120385
0.114753
0.167522
0.153955
0.292697
0.199227
0.216342
0.145508
0.428112
0.454332
0.367335
0.457660
0.477297
0.347368
0.202519
0.192572
0.369748
0.349562
0.249144
0.191109
0.102685
0.106415
0.113144
0.099723
0.099138
0.093397
0.132343
0.136841
0.200544
0.204237
0.274486
0.249180
0.401197
0.157831
0.137865
0.210344
0.328279
0.290101
0.224131
0.379987
0.406756
0.176737
0.144557
0.111901
0.102247
0.110987
0.095481
0.096396
0.105611
0.327804
0.164121
0.140242
0.134683
0.207858
0.167120
0.120019
0.197326
0.243915
0.151907
0.246621
0.315480
0.111974
0.161781
0.134464
0.200580
0.283372
0.311750
0.213124
0.105721
0.089484
0.107769
0.085717
0.090252
0.086010
0.079172
0.096908
0.130880
0.185989
0.193376
0.187123
0.175842
0.246721
0.418120
0.437657
0.252508
0.205627
0.556140
0.604886
0.254593
0.195461
0.169241
0.323671
0.247206
0.121445
0.125212
0.098370
0.095079
0.098736
0.119105
0.116216
0.281178
0.305679
0.298768
0.289406
0.348794
0.304180
0.133184
0.261248
0.342577
0.371467
0.384156
0.698612
0.607812
0.407560
0.385400
0.277265
0.112267
0.115594
0.115594
0.096469
0.107878
0.112632
0.135378
0.129417
0.165291
0.172422
0.225264
0.370187
0.208516
0.283848
0.215793
0.301547
0.218207
0.353987
0.242744
0.231371
0.199703
0.249619
0.221352
0.110840
0.122067
0.111096
0.102429
0.112340
0.102612
0.099504
0.083267
0.107586
0.307581
0.343748
0.183923
0.241528
0.322752
0.238610
0.146878
0.377720
0.284250
0.180065
0.363495
0.277997
0.221096
0.176189
0.301730
0.223399
0.102576
0.101954
0.093635
0.108427
0.098699
0.089228
0.109871
0.115923
0.263333
0.140278
0.172569
0.247242
0.560967
0.297342
0.181821
0.134098
0.151322
0.199886
0.393701
0.355157
0.305387
0.377976
0.288748
0.113108
0.105282
0.094311
0.085681
0.094275
0.111572
0.102466
0.289114
0.158892
0.249254
0.217036
0.260334
0.264503
0.321514
0.144447
0.107586
0.107257
0.229068
0.174178
0.332302
0.230457
0.325061
0.268489
0.154211
0.116435
0.105757
0.110146
0.095628
0.095006
0.094055
0.109926
0.114168
0.121701
0.145471
0.247133
0.297451
0.176006
0.140242
0.087253
0.170960
0.181053
0.115485
0.156881
0.239563
0.094275
0.122963
0.437026
0.183590
0.121342
0.089341
0.091715
0.090325
0.104349
0.086988
0.088181
0.093166
0.211076
0.190853
0.123274
0.253386
0.345905
0.214550
0.186648
0.276278
0.216159
0.185624
0.107220
0.101625
0.245377
0.467387
0.451004
0.338555
0.193559
0.116143
0.093945
0.112961
0.095225
0.097164
0.090289
0.127187
0.098955
0.216707
0.265051
0.233273
0.231774
0.133952
0.105172
0.138779
0.131026
0.162402
0.254520
0.256823
0.211222
0.287249
0.334715
0.327877
0.246474
0.144264
0.112669
0.111718
0.119507
0.110840
0.111389
0.131173
0.123566
0.218901
0.180394
0.148799
0.166498
0.205334
0.262126
0.189866
0.318369
0.428441
0.383279
0.400100
0.312298
0.279606
0.159331
0.389788
0.207272
0.129234
0.137462
0.110987
0.115046
0.108354
0.131538
0.120165
0.147080
0.190963
0.254410
0.358412
0.359180
0.311750
0.273535
0.230274
0.181199
0.220510
0.335684
0.407012
0.555628
0.444020
0.289187
0.166754
0.129234
0.131685
0.138925
0.108280
0.103819
0.091422
0.118081
0.110840
0.136695
0.282495
0.363019
0.245706
0.184271
0.366164
0.284799
0.198898
0.140900
0.364007
0.418385
0.396846
0.270427
0.365652
0.298000
0.169204
0.168253
0.121701
0.111901
0.115302
0.120824
0.112047
0.120129
0.156003
0.118593
0.177323
0.142472
0.125578
0.197947
0.191365
0.214403
0.141887
0.151688
0.259164
0.228263
0.299865
0.370699
0.513720
0.258250
0.125943
0.178639
0.189317
0.094019
0.081256
0.099467
0.083889
0.082938
0.119763
0.115887
0.097749
0.179151
0.255982
0.300889
0.151724
0.136073
0.259603
0.374319
0.315151
0.160172
0.264686
0.182333
0.419006
0.425662
0.458099
0.161635
0.112230
0.095299
0.100930
0.105684
0.086485
0.103344
0.112742
0.125943
0.194071
0.125395
0.180614
0.184673
0.242415
0.188257
0.114095
0.107037
0.105136
0.107001
0.226873
0.242854
0.254483
0.384522
0.239782
0.120714
0.146129
0.098955
0.105172
0.098809
0.107842
0.086668
0.131246
0.099614
0.155162
0.302059
0.449249
0.325463
0.305972
0.211076
0.171910
0.145946
0.163573
0.114022
0.263186
0.199483
0.231262
0.422298
0.417982
0.291381
0.133732
0.100711
0.112340
0.088753
0.095079
0.086595
0.125504
0.121445
0.189610
0.327548
0.300011
0.262236
0.194547
0.360094
0.149969
0.138340
0.098553
0.155052
0.111828
0.288711
0.178602
0.189610
0.146568
0.132891
0.104550
0.093178
0.095591
0.088533
0.096505
0.086924
0.084438
0.160647
0.208626
0.184198
0.167595
0.217073
0.401526
0.268599
0.207017
0.444385
0.339250
0.265673
0.461207
0.613992
0.452613
0.484501
0.444385
0.216598
0.171910
0.159550
0.155308
0.156881
0.145215
0.150993
0.185112
0.178383
0.298841
0.288199
0.262126
0.269330
0.157685
0.379549
0.231481
0.338665
0.303705
0.256531
0.275400
0.212721
0.314785
0.354791
0.276827
0.222997
0.147190
0.124736
0.121189
0.119800
0.113254
0.095299
0.119690
0.120860
0.181235
0.197253
0.198496
0.377757
0.303814
0.230421
0.234333
0.232578
0.483258
0.426284
0.353219
0.548972
0.301145
0.161635
0.221644
0.220657
0.163134
0.123713
0.115119
0.098480
0.104953
0.114351
0.114973
0.124919
0.174031
0.261431
0.152346
0.263735
0.174214
0.103417
0.157466
0.104258
0.111133
0.150810
0.171252
0.123164
0.119909
0.130588
0.176262
0.159331
0.121372
0.108171
0.114497
0.108427
0.098626
0.105794
0.116508
0.153370
0.182040
0.108427
0.371430
0.296025
0.221132
0.289479
0.422736
0.135853
0.126272
0.107732
0.161561
0.177396
0.339652
0.403903
0.357132
0.189025
0.160867
0.156881
0.162073
0.159038
0.145764
0.103088
0.116472
0.117606
0.369894
0.208406
0.334459
0.261248
0.289955
0.219194
0.114936
0.305570
0.250022
0.216780
0.245048
0.526958
0.431440
0.280264
0.422700
0.249034
0.214952
0.141485
0.107769
0.104843
0.124700
0.129564
0.149165
0.121043
0.209686
0.187525
0.304838
0.303778
0.272804
0.187818
0.224204
0.383900
0.207602
0.284213
0.421457
0.543121
0.242415
0.308276
0.334020
0.164633
0.103965
0.105501
0.119690
0.105757
0.095555
0.096761
0.095262
0.131575
0.214440
0.231774
0.140132
0.143313
0.150664
0.199264
0.241464
0.290064
0.235175
0.350001
0.379402
0.385436
0.462231
0.374429
0.401819
0.158599
0.113949
0.109597
0.115704
0.104953
0.107439
0.117350
0.131575
0.155272
0.303156
0.155893
0.149750
0.260444
0.337750
0.254227
0.165986
0.290357
0.385765
0.435536
0.375270
0.342724
0.203798
0.178164
0.136475
0.124810
0.101369
0.098151
0.107842
0.115448
0.106415
0.111133
0.124956
0.115850
0.255434
0.250204
0.289150
0.379219
0.388179
0.279569
0.148762
0.115997
0.205188
0.235321
0.168217
0.172861
0.341188
0.300157
0.223217
0.186867
0.115521
0.112011
0.112815
0.114351
0.108975
0.124919
0.115082
0.131977
0.227459
0.219706
0.258579
0.279898
0.370626
0.414947
0.411473
0.215537
0.368761
0.309263
0.242086
0.316504
0.235540
0.200434
0.172898
0.138816
0.122396
0.111864
0.119471
0.125578
0.121848
0.112413
0.108207
0.137170
0.261650
0.541841
0.221863
0.177213
0.182552
0.285896
0.313505
0.176189
0.201860
0.260334
0.281471
0.379549
0.553946
0.398491
0.258213
0.137170
0.117642
0.116179
0.135597
0.120714
0.122067
0.118885
0.133330
0.137938
0.242781
0.151395
0.361154
0.360642
0.391982
0.170630
0.158928
0.239490
0.153516
0.286627
0.303376
0.471592
0.294197
0.155528
0.259749
0.196594
0.172422
0.138304
0.125431
0.124407
0.115375
0.124444
0.146861
0.148835
0.318003
0.232542
0.127516
0.101150
0.098407
0.121043
0.114351
0.124407
0.236454
0.271524
0.193742
0.240623
0.397796
0.351646
0.309556
0.127260
0.123310
0.094567
0.092263
0.093799
0.109048
0.093543
0.101442
0.126711
0.187635
0.253861
0.177761
0.312116
0.319100
0.391616
0.170082
0.118410
0.145690
0.324256
0.221790
0.257152
0.437839
0.273206
0.174397
0.146532
0.133696
0.097676
0.100930
0.085023
0.105794
0.091934
0.114388
0.097237
0.170704
0.202811
0.233858
0.292259
0.159148
0.124334
0.090252
0.245597
0.222595
0.129564
0.139949
0.196631
0.287505
0.311165
0.307325
0.216744
0.112815
0.104733
0.088204
0.086961
0.081439
0.081768
0.134720
0.100272
0.161159
0.179261
0.206834
0.133696
0.249692
0.126638
0.104916
0.086266
0.116326
0.132233
0.139986
0.159916
0.211917
0.494119
0.394249
0.167997
0.112120
0.098151
0.111499
0.099431
0.093068
0.100857
0.118922
0.277741
0.210198
0.316394
0.201531
0.121080
0.106306
0.349928
0.300084
0.261760
0.151907
0.160355
0.188513
0.208955
0.146714
0.300011
0.302717
0.272438
0.139072
0.114241
0.093104
0.095628
0.095957
0.101406
0.182296
0.258359
0.140571
0.218097
0.231956
0.410120
0.341627
0.297744
0.157795
0.113766
0.105574
0.144484
0.167851
0.193998
0.264430
0.426430
0.423541
0.277338
0.130917
0.107695
0.116838
0.106489
0.103673
0.097968
0.260480
0.151322
0.138230
0.173995
0.137316
0.158599
0.154394
0.228044
0.277046
0.280593
0.235467
0.334386
0.428551
0.214806
0.330400
0.231445
0.261797
0.246255
0.164597
0.117679
0.112047
0.109451
0.126711
0.108829
0.144593
0.110365
0.256640
0.279606
0.198789
0.258761
0.395127
0.383571
0.215647
0.262382
0.224460
0.280410
0.146422
0.448298
0.275071
0.219852
0.187818
0.133732
0.114534
0.109451
0.101954
0.117532
0.108683
0.104148
0.107915
0.110657
0.332558
0.293173
0.226910
0.201933
0.158087
0.137170
0.159696
0.288236
0.143423
0.145910
0.154504
0.228190
0.420652
0.332375
0.189390
0.135817
0.117240
0.091130
0.092080
0.085498
0.101515
0.093543
0.104404
0.082390
0.267904
0.233273
0.330546
0.219194
0.150664
0.119288
0.175714
0.249510
0.252947
0.221388
0.170009
0.315334
0.209979
0.438973
0.507540
0.237259
0.120897
0.106489
0.125797
0.106050
0.100016
0.088021
0.111243
0.112230
0.151980
0.163646
0.194400
0.218170
0.125614
0.151980
0.179553
0.157795
0.173007
0.262418
0.143313
0.111243
0.138523
0.136914
0.252435
0.294855
0.256896
0.148397
0.114205
0.115704
0.107878
0.115229
0.220218
0.229616
0.132562
0.126784
0.262492
0.341553
0.357571
0.240660
0.187342
0.203652
0.246292
0.182515
0.120531
0.150627
0.275839
0.186392
0.385473
0.168912
0.106781
0.088826
0.080415
0.098114
0.082573
0.081768
0.091605
0.099394
0.111901
0.132453
0.313249
0.218536
0.297451
0.121116
0.098114
0.076356
0.140607
0.198679
0.393262
0.503590
0.491120
0.331534
0.396736
0.456160
0.268635
0.173154
0.202701
0.124115
0.109816
0.112669
0.133294
0.145508
0.375928
0.200690
0.151651
0.380902
0.449578
0.306740
0.228556
0.349562
0.344296
0.358741
0.322757
0.441972
0.381816
0.388581
0.340712
0.179480
0.181711
0.157100
0.149932
0.152492
0.129454
0.125651
0.160318
0.127845
0.313176
0.266258
0.325573
0.238722
0.388435
0.413704
0.325573
0.370187
0.387301
0.328645
0.380938
0.332411
0.313139
0.470459
0.288492
0.184015
0.137243
0.137389
0.143679
0.159367
0.125395
0.118118
0.111096
0.135012
0.271817
0.225191
0.226471
0.323086
0.253240
0.211880
0.247974
0.198715
0.200178
0.168948
0.386753
0.363970
0.511855
0.428917
0.275327
0.165621
0.124846
0.113620
0.133952
0.119397
0.108134
0.112778
0.122835
0.129308
0.198496
0.134574
0.189244
0.289041
0.324549
0.191548
0.164341
0.143313
0.277521
0.186063
0.430526
0.601449
0.451406
0.367993
0.263662
0.145983
0.128869
0.134976
0.108317
0.102283
0.101003
0.101735
0.133220
0.132343
0.173190
0.253093
0.373954
0.153114
0.266002
0.175750
0.165950
0.226947
0.274084
0.149165
0.171984
0.184198
0.276936
0.306228
0.182515
0.144337
0.101771
0.094567
0.092666
0.087912
0.099541
0.095737
0.208406
0.147153
0.117240
0.173958
0.127625
0.147665
0.181089
0.247791
0.219011
0.166535
0.135890
0.173337
0.142070
0.203323
0.269366
0.244902
0.179663
0.142765
0.129820
0.098736
0.088460
0.094238
0.111499
0.079135
0.083670
0.089118
0.143240
0.211624
0.240477
0.144923
0.161744
0.197874
0.230750
0.147848
0.132270
0.128576
0.125175
0.131685
0.269366
0.533540
0.397979
0.397979
0.137682
0.124883
0.102722
0.104039
0.105648
0.121226
0.133330
0.165365
0.108207
0.247352
0.234626
0.230091
0.242708
0.250716
0.113510
0.113766
0.224094
0.151651
0.111169
0.184527
0.224277
0.208040
0.265600
0.152456
0.124663
0.101040
0.115302
0.104039
0.098919
0.103600
0.127333
0.123457
0.258432
0.192572
0.276241
0.387996
0.371942
0.359948
0.234553
0.282348
0.255726
0.288529
0.365250
0.249327
0.253971
0.215574
0.327584
0.123749
0.111937
0.097749
0.089667
0.085206
0.103746
0.082207
0.163134
0.160501
0.195241
0.308971
0.169863
0.154723
0.400320
0.151322
0.110475
0.252508
0.229068
0.133988
0.174068
0.189354
0.133440
0.237222
0.143643
0.104880
0.108829
0.096066
0.094933
0.091093
0.108390
0.095262
0.119763
0.212575
0.257994
0.216671
0.472434
0.281690
0.138852
0.087144
0.085169
0.106635
0.093726
0.103124
0.117313
0.114643
0.376623
0.144008
0.168802
0.119653
0.116655
0.086997
0.096688
0.092190
0.089411
0.083341
0.190999
0.281873
0.120860
0.124846
0.228190
0.195241
0.188037
0.116033
0.088497
0.090289
0.230457
0.458793
0.266002
0.252837
0.172934
0.186830
0.318808
0.131136
0.107695
0.095079
0.083011
0.093616
0.083194
0.083231
0.124663
0.091057
0.110621
0.189171
0.424675
0.318442
0.344516
0.390446
0.285969
0.248559
0.161123
0.170082
0.255617
0.201604
0.198715
0.258506
0.352853
0.217073
0.136768
0.135415
0.150444
0.132672
0.131611
0.127772
0.135305
0.143862
0.223802
0.259859
0.430270
0.186794
0.131831
0.139620
0.144996
0.225959
0.189975
0.204347
0.148726
0.262309
0.241903
0.251850
0.472982
0.405220
0.212136
0.140754
0.129417
0.126711
0.147300
0.120677
0.126199
0.105830
0.170009
0.176811
0.377098
0.418787
0.170155
0.181272
0.279642
0.408621
0.192023
0.411766
0.433524
0.312664
0.220766
0.362690
0.296757
0.202921
0.122433
0.139145
0.113254
0.107220
0.104477
0.101369
0.139327
0.150700
0.128540
0.117240
0.248157
0.285128
0.179754
0.136429
0.083647
0.063893
0.091170
0.117662
0.115220
0.066277
0.086109
0.364879
0.204180
0.097830
0.068753
0.064327
0.063850
0.077453
0.060412
0.048893
0.047430
0.073394
0.073211
0.196704
0.318625
0.173519
0.289479
0.242561
0.078769
0.135780
0.201604
0.175202
0.169131
0.092702
0.082317
0.140498
0.186648
0.151103
0.100016
0.062423
0.066336
0.144904
0.180678
0.218879
0.216202
0.231869
0.266269
0.273047
0.306861
0.441959
0.372795
0.443824
0.291009
0.240273
0.242112
0.234072
0.301288
0.363274
0.288528
0.290613
0.266587
0.238063
0.226654
0.240331
0.226142
0.228336
0.223436
0.222631
0.214330
0.223765
0.321441
0.339213
0.299243
0.254556
0.361959
0.397577
0.358046
0.421932
0.460146
0.484026
0.496788
0.418970
0.513208
0.528347
0.367005
0.328754
0.284396
0.286334
0.285237
0.279679
0.262821
0.264174
0.245450
0.256567
0.320965
0.341590
0.389568
0.488304
0.495984
0.469764
0.425077
0.469471
0.420945
0.332155
0.342724
0.357827
0.340420
0.457587
0.405951
0.327328
0.320344
0.300925
0.289882
0.274194
0.265856
0.257957
0.253898
0.246401
0.254337
0.305021
0.442520
0.565465
0.467241
0.567147
0.504760
0.350805
0.366311
0.354938
0.503444
0.432537
0.522716
0.438461
0.380755
0.426686
0.321367
0.293209
0.283336
0.284616
0.267172
0.255873
0.252874
0.253166
0.266331
0.253788
0.285493
0.269403
0.393518
0.601778
0.518839
0.490645
0.549338
0.540232
0.517816
0.422480
0.355486
0.659557
0.467936
0.581336
0.403428
0.210637
0.190231
0.185697
0.186099
0.164231
0.196265
0.151066
0.157722
0.336690
0.304363
0.328700
0.475185
0.543130
0.457550
0.291491
0.406427
0.344698
0.506699
0.372674
0.214038
0.271378
0.396041
0.337019
0.268160
0.286993
0.199593
0.184563
0.171837
0.153992
0.151724
0.168546
0.191987
0.258688
0.229104
0.211332
0.221022
0.284908
0.272475
0.261687
0.292478
0.387777
0.331351
0.349708
0.468813
0.458757
0.291856
0.378049
0.298951
0.292478
0.252143
0.202994
0.209832
0.179773
0.270646
0.231518
0.243000
0.258250
0.173775
0.231006
0.418714
0.484867
0.424455
0.379256
0.406975
0.476639
0.407743
0.512367
0.435828
0.566598
0.592745
0.434768
0.262126
0.278476
0.262901
0.271385
0.226255
0.245118
0.233650
0.246496
0.317531
0.261533
0.414593
0.625215
0.380236
0.362281
0.340987
0.555529
0.582883
0.408924
0.346936
0.389601
0.476796
0.549097
0.560309
0.484326
0.294358
0.298036
0.219450
0.201860
0.185880
0.180541
0.217329
0.254483
0.214586
0.424894
0.482234
0.429831
0.590990
0.490060
0.552373
0.596841
0.579142
0.532187
0.704829
0.703000
0.595634
0.564075
0.682705
0.642077
0.405659
0.398893
0.320380
0.322318
0.327109
0.322647
0.320234
0.312042
0.233858
0.292551
0.245048
0.384120
0.364446
0.419299
0.394725
0.394359
0.581994
0.468813
0.375965
0.567220
0.593769
0.484282
0.501689
0.460183
0.347697
0.355267
0.304473
0.311494
0.251960
0.290247
0.278472
0.255873
0.414984
0.392275
0.458025
0.365835
0.342870
0.449724
0.342548
0.341235
0.662277
0.460223
0.571736
0.614930
0.683699
0.751860
0.489102
0.333406
0.344199
0.274755
0.186394
0.187155
0.180301
0.178066
0.235404
0.233331
0.299546
0.348150
0.341169
0.454200
0.540174
0.657542
0.432484
0.439206
0.543410
0.607272
0.570587
0.636273
0.447038
0.408815
0.401084
0.383429
0.300882
0.255686
0.302076
0.253851
0.204836
0.202781
0.250829
0.247006
0.246301
0.236198
0.294965
0.313651
0.254812
0.260078
0.259913
0.243403
0.305972
0.326633
0.475652
0.382072
0.402660
0.361484
0.288858
0.294050
0.211990
0.212868
0.191767
0.185660
0.166352
0.161817
0.182168
0.222787
0.309469
0.249777
0.337043
0.264497
0.326860
0.327522
0.305288
0.282206
0.316869
0.301167
0.458753
0.423872
0.641750
0.452884
0.436420
0.455813
0.262338
0.238305
0.201526
0.185866
0.220869
0.166132
0.181393
0.243242
0.247297
0.222679
0.321916
0.310042
0.444041
0.392768
0.525773
0.390973
0.436435
0.609596
0.485383
0.409663
0.338668
0.441332
0.342303
0.238733
0.261903
0.186573
0.161103
0.152941
0.142386
0.145281
0.185492
0.170821
0.134358
0.174344
0.226536
0.420099
0.410173
0.213745
0.272438
0.207309
0.212685
0.234224
0.228080
0.293209
0.303412
0.307418
0.178795
0.153100
0.162972
0.171966
0.192060
0.170512
0.167893
0.171008
0.171742
0.158323
0.162145
0.314062
0.206390
0.176463
0.114695
0.154109
0.224112
0.182914
0.193746
0.183612
0.176328
0.237040
0.191617
0.228943
0.150481
0.132963
0.118155
0.111192
0.113890
0.113302
0.110923
0.109770
0.237550
0.132949
0.112610
0.109594
0.149605
0.168861
0.230436
0.432255
0.210573
0.134746
0.172092
0.187419
0.226019
0.191161
0.237343
0.231159
0.205195
0.282795
0.124415
0.126609
0.126678
0.132350
0.167782
0.124173
0.156411
0.144554
0.231749
0.174086
0.315480
0.255971
0.177732
0.194206
0.192793
0.227300
0.215601
0.289178
0.336278
0.334496
0.222174
0.204753
0.407586
0.328853
0.228892
0.195234
0.199524
0.213242
0.229774
0.237108
0.231413
0.230577
0.252557
0.337051
0.359898
0.315718
0.499804
0.337473
0.289088
0.353012
0.372504
0.541709
0.524229
0.408782
0.517468
0.655629
0.559358
0.466590
0.368040
0.279721
0.241632
0.211269
0.175463
0.172224
0.200536
0.195754
0.226403
0.305643
0.219944
0.227614
0.227020
0.306411
0.464663
0.350074
0.328114
0.309579
0.393657
0.377077
0.289816
0.254834
0.393053
0.202937
0.161031
0.134400
0.120563
0.120638
0.106282
0.103771
0.116466
0.169252
0.173013
0.141770
0.207635
0.312569
0.377557
0.349190
0.360949
0.300344
0.542095
0.362601
0.428662
0.571212
0.400048
0.285875
0.271948
0.275806
0.163953
0.148075
0.126733
0.108803
0.108304
0.117503
0.114974
0.117341
0.136652
0.158817
0.201024
0.251642
0.222509
0.178911
0.178936
0.178109
0.308316
0.400678
0.260912
0.163353
0.166184
0.169354
0.169689
0.269813
0.189687
0.117574
0.113613
0.113044
0.104971
0.105282
0.211931
0.148612
0.143462
0.190397
0.249770
0.222246
0.193546
0.208081
0.202667
0.177999
0.173514
0.156029
0.257953
0.363268
0.283259
0.290929
0.275126
0.255075
0.158014
0.113680
0.118056
0.112784
0.106199
0.102379
0.127699
0.237753
0.270070
0.313066
0.469362
0.368285
0.497118
0.246730
0.129618
0.182378
0.278975
0.377350
0.300395
0.207675
0.293063
0.261577
0.248297
0.257227
0.180388
0.128651
0.117726
0.112707
0.120651
0.106180
0.131945
0.112142
0.159744
0.153187
0.168692
0.171190
0.205737
0.238948
0.241132
0.182460
0.215791
0.243487
0.190683
0.268087
0.174138
0.288834
0.251788
0.334583
0.239007
0.233889
0.148165
0.156871
0.157951
0.158066
0.241823
0.214674
0.224072
0.283451
0.279237
0.388821
0.323788
0.310376
0.307715
0.372887
0.523830
0.576782
0.581906
0.490890
0.568730
0.353124
0.417090
0.373438
0.369558
0.281207
0.306444
0.227528
0.192656
0.158786
0.276571
0.307120
0.261837
0.294208
0.248109
0.304383
0.374492
0.338696
0.334436
0.298795
0.352115
0.372688
0.427066
0.488738
0.553672
0.724560
0.442243
0.274990
0.198461
0.199015
0.158852
0.172432
0.143741
0.135827
0.177207
0.191684
0.188315
0.310651
0.477528
0.406169
0.506405
0.447616
0.323092
0.315724
0.496578
0.485519
0.536148
0.579950
0.522961
0.415302
0.470985
0.504318
0.310177
0.140724
0.152576
0.148755
0.161550
0.156220
0.215529
0.187574
0.149589
0.156864
0.240610
0.249380
0.205608
0.217877
0.275230
0.261042
0.338227
0.351726
0.262838
0.486366
0.286945
0.366680
0.396610
0.340110
0.190636
0.190760
0.169800
0.154251
0.174744
0.152032
0.149852
0.150624
0.141821
0.223271
0.253766
0.308298
0.228534
0.363667
0.264338
0.308247
0.386076
0.459843
0.420974
0.332327
0.246705
0.363718
0.401468
0.357534
0.295915
0.234480
0.209101
0.180431
0.161123
0.142984
0.149896
0.167657
0.216799
0.299305
0.235056
0.323914
0.351350
0.546142
0.492711
0.544858
0.533734
0.603763
0.509507
0.416578
0.378093
0.501941
0.505090
0.401874
0.301222
0.262060
0.322048
0.234845
0.261980
0.310141
0.396590
0.425625
0.294782
0.306374
0.580348
0.410120
0.514341
0.532955
0.702854
0.785354
0.655497
0.571389
0.598176
0.688044
0.559504
0.478723
0.390812
0.325683
0.352744
0.291783
0.248815
0.237424
0.211688
0.219701
0.183281
0.233236
0.289169
0.246794
0.306667
0.412753
0.440326
0.510246
0.531236
0.418750
0.409608
0.567220
0.510941
0.551240
0.492473
0.419299
0.398162
0.382767
0.373295
0.317385
0.276907
0.320749
0.234085
0.229759
0.314317
0.386270
0.305376
0.325869
0.358470
0.381501
0.708420
0.668399
0.590595
0.541395
0.485778
0.606005
0.490425
0.619481
0.463215
0.517497
0.455440
0.486271
0.371474
0.374795
0.315297
0.296720
0.236857
0.229506
0.226142
0.235357
0.265051
0.426613
0.318149
0.290942
0.500336
0.542390
0.386570
0.420908
0.590149
0.468521
0.561479
0.558224
0.622403
0.457075
0.405403
0.320197
0.303339
0.210527
0.235869
0.180650
0.169533
0.167449
0.183283
0.197947
0.159660
0.237003
0.227678
0.377830
0.396736
0.349160
0.320490
0.418604
0.397467
0.352195
0.426247
0.466839
0.514415
0.418897
0.490828
0.302937
0.228848
0.208004
0.183887
0.158371
0.150239
0.143496
0.142765
0.134500
0.181747
0.172495
0.259420
0.422517
0.369712
0.432610
0.452211
0.351537
0.445830
0.516636
0.515292
0.513976
0.401179
0.395191
0.384997
0.392275
0.370809
0.332228
0.318661
0.262967
0.236198
0.215391
0.273828
0.221352
0.190853
0.235613
0.280593
0.245231
0.215318
0.242744
0.321934
0.199803
0.226814
0.267911
0.244174
0.259367
0.223007
0.265751
0.292588
0.283482
0.223838
0.199154
0.160172
0.207638
0.146714
0.161543
0.219843
0.229941
0.180394
0.190268
0.173190
0.201641
0.206761
0.408610
0.410786
0.442805
0.459002
0.570157
0.623587
0.679940
0.490243
0.421051
0.425870
0.375588
0.318822
0.292010
0.277435
0.260821
0.229957
0.231823
0.247461
0.290955
0.362237
0.388830
0.382664
0.472839
0.655688
0.700969
0.632895
0.469234
0.478434
0.615330
0.520097
0.507163
0.455063
0.401965
0.297813
0.317787
0.259434
0.254786
0.238301
0.201846
0.198207
0.172711
0.229832
0.245816
0.315145
0.278056
0.327020
0.315113
0.273052
0.383458
0.412067
0.332715
0.318336
0.394337
0.412742
0.521527
0.354731
0.464349
0.704838
0.424316
0.244598
0.305058
0.295586
0.258688
0.198423
0.168637
0.169012
0.158124
0.275035
0.242872
0.205142
0.179183
0.312298
0.205810
0.260151
0.362851
0.429845
0.446199
0.451129
0.509310
0.425863
0.394648
0.600399
0.709261
0.578962
0.335145
0.291559
0.207119
0.203703
0.193583
0.333251
0.298522
0.203623
0.421102
0.329113
0.541944
0.431381
0.337706
0.366779
0.446009
0.597152
0.554867
0.512455
0.515340
0.522694
0.457539
0.573722
0.410742
0.328136
0.346819
0.282458
0.261906
0.246730
0.223070
0.181053
0.224496
0.267209
0.313871
0.376075
0.377172
0.466509
0.521363
0.527397
0.611578
0.581519
0.515603
0.524736
0.615491
0.719200
0.473165
0.509770
0.421054
0.440911
0.333325
0.292405
0.266222
0.244280
0.228738
0.249144
0.292990
0.248449
0.330181
0.305862
0.469435
0.510904
0.452759
0.515256
0.465668
0.562539
0.667967
0.491778
0.755916
0.548863
0.499202
0.588101
0.483441
0.376916
0.348758
0.319521
0.279214
0.296687
0.253898
0.249462
0.339476
0.405059
0.286510
0.418977
0.405864
0.461653
0.540766
0.435462
0.528702
0.471358
0.528969
0.679666
0.588704
0.653413
0.489167
0.486436
0.398440
0.538678
0.350010
0.312065
0.252428
0.265432
0.229825
0.298177
0.388798
0.306720
0.262870
0.289138
0.462463
0.476718
0.413085
0.375820
0.472581
0.424382
0.690860
0.465705
0.376623
0.414691
0.346819
0.324293
0.357168
0.294745
0.312298
0.280154
0.285786
0.228885
0.243000
0.334276
0.479308
0.593513
0.643338
0.703192
0.749978
0.902532
0.794246
0.847469
0.991174
0.836391
0.858905
0.801559
0.869739
0.890244
1.000000
0.939814
0.941609
0.730718
0.718250
0.714885
0.282678
0.257792
0.209256
0.390871
0.313370
0.345838
0.274087
0.305297
0.399763
0.387919
0.319482
0.310478
0.231485
0.182115
0.341774
0.296062
0.421640
0.413741
0.274011
0.285384
0.244646
0.215903
0.200068
0.207346
0.178127
0.180979
0.191475
0.198679
0.246584
0.349014
0.260041
0.235065
0.304582
0.438717
0.454369
0.368395
0.339835
0.368102
0.332448
0.430087
0.415276
0.420689
0.427088
0.448225
0.365396
0.297598
0.237552
0.261943
0.209905
0.248998
0.173483
0.175860
0.216232
0.245743
0.229324
0.284543
0.372856
0.380463
0.380682
0.321258
0.277448
0.280776
0.452503
0.303302
0.440107
0.353000
0.493314
0.382255
0.202080
0.194254
0.169424
0.151066
0.134720
0.115997
0.121226
0.146751
0.123420
0.124115
0.120312
0.114022
0.148177
0.199849
0.194291
0.232615
0.279459
0.290467
0.301803
0.293100
0.247681
0.334423
0.297269
0.296574
0.275656
0.217000
0.245487
0.206614
0.164816
0.171837
0.153297
0.189281
0.208114
0.165767
0.153699
0.181930
0.241611
0.279130
0.269403
0.326012
0.339798
0.327548
0.323562
0.363093
0.292880
0.329339
0.321879
0.354133
0.344991
0.272036
0.340237
0.253752
0.306630
0.260517
0.243841
0.312371
0.282202
0.380280
0.225411
0.187708
0.197984
0.202189
0.251009
0.233639
0.234407
0.294928
0.311092
0.372344
0.542353
0.482746
0.446104
0.547290
0.378122
0.189719
0.205700
0.177103
0.174251
0.168071
0.157502
0.153662
0.142948
0.301291
0.207638
0.413631
0.313103
0.320307
0.403977
0.472251
0.367847
0.352634
0.539757
0.535588
0.699234
0.577642
0.335812
0.512879
0.326853
0.325719
0.206541
0.181491
0.152785
0.164560
0.143496
0.146861
0.209320
0.211624
0.332338
0.506955
0.458099
0.431257
0.339469
0.297525
0.365031
0.343272
0.333618
0.470495
0.389203
0.379914
0.566342
0.355523
0.359692
0.299390
0.276315
0.204347
0.208333
0.163463
0.156076
0.189061
0.192389
0.268964
0.159184
0.159989
0.319356
0.351500
0.298000
0.342577
0.526117
0.527799
0.519351
0.371759
0.301657
0.456855
0.307874
0.256933
0.284250
0.201604
0.220876
0.231883
0.193888
0.166608
0.157356
0.147300
0.240148
0.369675
0.252837
0.225045
0.281398
0.224387
0.335264
0.266843
0.256970
0.281836
0.357132
0.410376
0.330107
0.251301
0.300340
0.219048
0.370955
0.297086
0.263918
0.197545
0.170118
0.178164
0.134830
0.191548
0.166974
0.219669
0.197106
0.259091
0.291418
0.445702
0.460439
0.307800
0.380938
0.337604
0.386387
0.425881
0.333252
0.393810
0.177469
0.442118
0.522825
0.409864
0.315699
0.323013
0.293027
0.274157
0.268562
0.298951
0.330437
0.403135
0.340566
0.399954
0.465924
0.584919
0.431074
0.419957
0.328645
0.453491
0.522460
0.720371
0.641894
0.436706
0.428258
0.548899
0.384741
0.236820
0.270720
0.198423
0.199666
0.190890
0.204091
0.194108
0.214915
0.247681
0.274047
0.348575
0.518803
0.409645
0.345064
0.600096
0.496569
0.514341
0.475176
0.401965
0.342212
0.435316
0.437364
0.423504
0.342980
0.257994
0.186757
0.197362
0.213818
0.146166
0.160976
0.143240
0.159623
0.196009
0.172349
0.149676
0.201751
0.258432
0.328791
0.229762
0.295221
0.357753
0.397833
0.337933
0.169753
0.169607
0.121189
0.219669
0.140534
0.120714
0.112596
0.126309
0.105099
0.091276
0.086778
0.106123
0.102759
0.114058
0.133842
0.230238
0.124371
0.214659
0.193925
0.258506
0.235613
0.193852
0.163061
0.300048
0.252618
0.181674
0.242342
0.307691
0.173922
0.145873
0.150847
0.141887
0.152858
0.130917
0.187745
0.267648
0.194802
0.110621
0.126784
0.301181
0.116508
0.234553
0.213306
0.203542
0.173666
0.140644
0.373332
0.274340
0.276095
0.195973
0.245085
0.223143
0.136256
0.137243
0.125651
0.132123
0.132672
0.126748
0.134354
0.118447
0.120495
0.120056
0.122433
0.186136
0.301035
0.215903
0.385546
0.312225
0.326816
0.288309
0.211478
0.251228
0.282751
0.314748
0.152492
0.170813
0.181382
0.124773
0.126857
0.127187
0.113766
0.102649
0.109963
0.155674
0.204091
0.268013
0.268306
0.263698
0.294087
0.327657
0.566781
0.262272
0.213562
0.341042
0.304838
0.252874
0.367591
0.299938
0.543633
0.329851
0.205590
0.191658
0.174690
0.150993
0.139474
0.115850
0.117240
0.125980
0.103490
0.180175
0.131465
0.222631
0.283372
0.411071
0.410157
0.317930
0.444349
0.396773
0.438900
0.423797
0.470715
0.424309
0.381706
0.284433
0.219816
0.187123
0.169826
0.186940
0.149384
0.157319
0.154942
0.145361
0.162110
0.159038
0.179809
0.205993
0.211332
0.396261
0.382364
0.370370
0.235687
0.308678
0.309409
0.376733
0.337421
0.491596
0.429246
0.305131
0.153516
0.154174
0.141485
0.139730
0.121628
0.106525
0.113766
0.137645
0.117825
0.187233
0.174397
0.164304
0.171033
0.172166
0.161781
0.263113
0.280008
0.395419
0.323854
0.599730
0.376696
0.366201
0.335008
0.377062
0.204274
0.176884
0.161525
0.159404
0.149750
0.137462
0.154686
0.152017
0.126236
0.157941
0.319100
0.283299
0.178127
0.136146
0.148506
0.237332
0.321002
0.252289
0.311274
0.273974
0.232944
0.213343
0.202043
0.273243
0.260480
0.190305
0.167595
0.163353
0.151103
0.134171
0.148762
0.149750
0.133586
0.121592
0.198386
0.247023
0.302315
0.202226
0.314456
0.421310
0.369273
0.295294
0.296135
0.300084
0.293685
0.366969
0.422261
0.439083
0.256385
0.194839
0.181674
0.188769
0.145800
0.142070
0.143131
0.125760
0.118300
0.133403
0.143423
0.188659
0.344808
0.237552
0.227970
0.159696
0.136585
0.255397
0.281580
0.303558
0.180979
0.253569
0.300816
0.182406
0.164158
0.144191
0.143094
0.105428
0.114790
0.099358
0.102868
0.153516
0.223509
0.214403
0.456928
0.443873
0.482015
0.630850
0.388289
0.275656
0.288967
0.339469
0.284872
0.369748
0.332228
0.565575
0.392421
0.477626
0.417617
0.201495
0.160281
0.143752
0.192974
0.147482
0.135963
0.199374
0.270427
0.161196
0.173812
0.142253
0.287505
0.420286
0.279130
0.265856
0.207821
0.170960
0.240806
0.205444
0.248157
0.362873
0.261650
0.274303
0.169570
0.131794
0.131538
0.140169
0.127369
0.096908
0.107842
0.092556
0.175494
0.276827
0.251923
0.227203
0.376075
0.468228
0.569670
0.411912
0.286590
0.312152
0.294197
0.231481
0.251777
0.432866
0.219011
0.261833
0.178566
0.134683
0.132599
0.125834
0.182735
0.149530
0.113364
0.129637
0.135890
0.162000
0.317564
0.183137
0.134976
0.268233
0.151907
0.156222
0.124334
0.319210
0.253934
0.291893
0.225484
0.223399
0.241684
0.205151
0.172130
0.150737
0.137938
0.156369
0.124151
0.111681
0.103417
0.095006
0.125504
0.142619
0.355340
0.325171
0.269257
0.305094
0.337860
0.300121
0.259968
0.233163
0.183466
0.272292
0.384961
0.438827
0.407268
0.311274
0.194693
0.211624
0.180687
0.157685
0.138048
0.109560
0.118081
0.124517
0.217804
0.162110
0.184344
0.279715
0.232286
0.444897
0.547839
0.442191
0.359838
0.317820
0.331424
0.353475
0.245341
0.278472
0.445665
0.258761
0.244390
0.199008
0.224826
0.191438
0.193669
0.168327
0.165840
0.152895
0.149603
0.147190
0.143789
0.188695
0.339396
0.292588
0.485123
0.613151
0.474847
0.409681
0.498690
0.620428
0.577898
0.486586
0.504395
0.454149
0.356437
0.294014
0.310250
0.292112
0.267684
0.226032
0.178822
0.186136
0.197655
0.284287
0.302827
0.413448
0.339396
0.410376
0.581226
0.345320
0.286920
0.268708
0.271451
0.399332
0.435243
0.478870
0.471629
0.301181
0.309848
0.170338
0.167559
0.168144
0.185075
0.164999
0.163756
0.166571
0.237661
0.243695
0.239855
0.451589
0.222741
0.596146
0.264430
0.208882
0.413960
0.391068
0.296025
0.331972
0.413119
0.482856
0.435536
0.535405
0.290284
0.211734
0.191767
0.180504
0.141778
0.151541
0.129929
0.110365
0.130076
0.275803
0.147848
0.200946
0.263808
0.178383
0.155052
0.126163
0.223948
0.197253
0.175677
0.335044
0.420579
0.256531
0.346307
0.501762
0.251923
0.188695
0.139291
0.138194
0.134391
0.120056
0.122542
0.104441
0.104843
0.226325
0.155710
0.249107
0.371211
0.523264
0.322062
0.318808
0.458830
0.218938
0.213014
0.297342
0.448262
0.371211
0.348575
0.299170
0.173702
0.170996
0.166864
0.176189
0.147592
0.129710
0.129637
0.145581
0.119836
0.230311
0.168912
0.157429
0.153443
0.341590
0.220108
0.103380
0.262492
0.271890
0.347404
0.387777
0.303156
0.264942
0.297049
0.280922
0.189134
0.122104
0.110913
0.115521
0.133294
0.111791
0.110328
0.126382
0.129125
0.115960
0.179590
0.305423
0.280776
0.300450
0.249071
0.260809
0.184161
0.208662
0.200178
0.202482
0.322903
0.340054
0.183649
0.146458
0.150042
0.124700
0.132233
0.131392
0.140351
0.128174
0.127150
0.116691
0.120531
0.129600
0.194217
0.281836
0.229689
0.268050
0.352341
0.209723
0.150481
0.225594
0.266441
0.320599
0.263442
0.426759
0.318808
0.298366
0.180029
0.155454
0.155454
0.151103
0.141046
0.122030
0.115814
0.137645
0.150664
0.186026
0.157100
0.171362
0.194876
0.162768
0.164926
0.139913
0.187525
0.177798
0.285493
0.276753
0.262748
0.254702
0.233566
0.240440
0.179846
0.131721
0.120275
0.112596
0.112998
0.125907
0.105648
0.234845
0.191219
0.283007
0.255434
0.303924
0.151688
0.153955
0.116253
0.100382
0.264247
0.132709
0.212648
0.300157
0.351829
0.362471
0.383461
0.296939
0.215939
0.199776
0.149932
0.139510
0.152456
0.127040
0.120385
0.114534
0.130441
0.309300
0.224533
0.253240
0.376916
0.453601
0.330290
0.192755
0.207528
0.195607
0.315334
0.333837
0.385253
0.435974
0.336434
0.481027
0.271268
0.222339
0.225228
0.179005
0.165803
0.166827
0.132891
0.169168
0.130770
0.296427
0.185770
0.150335
0.130002
0.231920
0.298951
0.299755
0.250351
0.227532
0.249619
0.259164
0.367225
0.409279
0.354828
0.319758
0.288821
0.181821
0.145069
0.137024
0.152419
0.137718
0.137243
0.136804
0.153004
0.210783
0.140169
0.141778
0.364702
0.216927
0.119215
0.170777
0.149859
0.163500
0.185807
0.190231
0.132964
0.197472
0.202409
0.190561
0.213599
0.149676
0.140900
0.133988
0.127443
0.122835
0.141119
0.289735
0.225667
0.131392
0.370991
0.450675
0.206212
0.169607
0.147117
0.136841
0.265527
0.264357
0.307581
0.347916
0.328498
0.276205
0.339506
0.203323
0.193449
0.225008
0.138413
0.114058
0.122725
0.103819
0.111096
0.115521
0.126675
0.110731
0.211222
0.261650
0.175494
0.188293
0.176737
0.239709
0.470166
0.430818
0.615125
0.430964
0.403867
0.394505
0.350805
0.288565
0.406390
0.263113
0.236016
0.201312
0.163317
0.149311
0.149530
0.182698
0.200288
0.156295
0.323781
0.339871
0.315260
0.353694
0.293173
0.301657
0.322062
0.321733
0.252947
0.550289
0.432281
0.244865
0.383388
0.228190
0.145654
0.138413
0.128357
0.119983
0.122360
0.134464
0.120312
0.128723
0.137901
0.299609
0.160830
0.217621
0.175092
0.125907
0.151615
0.103234
0.132087
0.124078
0.306484
0.341188
0.259164
0.272914
0.193852
0.182918
0.139510
0.109341
0.102429
0.121884
0.097566
0.093543
0.088753
0.085498
0.091349
0.218938
0.119324
0.139401
0.113656
0.112486
0.151797
0.210929
0.231079
0.112267
0.202409
0.223655
0.398893
0.354828
0.338555
0.197618
0.233273
0.125834
0.107805
0.110913
0.092117
0.095299
0.097200
0.095737
0.108463
0.253130
0.168363
0.255799
0.413740
0.287249
0.270354
0.134062
0.286590
0.149530
0.241172
0.301986
0.242964
0.348831
0.195205
0.168144
0.112011
0.100930
0.105574
0.102978
0.095811
0.084182
0.079208
0.094055
0.106854
0.237040
0.151578
0.161598
0.171069
0.250351
0.188184
0.225264
0.150700
0.125066
0.118264
0.166644
0.267172
0.173556
0.311933
0.205444
0.136219
0.133220
0.129015
0.107147
0.103124
0.098480
0.092190
0.098992
0.245560
0.321331
0.304655
0.253861
0.285311
0.243732
0.330144
0.227203
0.182991
0.247462
0.213928
0.288346
0.263077
0.439010
0.165401
0.146495
0.103856
0.097529
0.099979
0.118995
0.110219
0.105209
0.095847
0.098955
0.095481
0.146056
0.129820
0.202555
0.162805
0.205298
0.199374
0.202372
0.358156
0.307435
0.275839
0.316723
0.439266
0.449834
0.368944
0.244865
0.261175
0.140571
0.141448
0.141997
0.154906
0.135341
0.146714
0.131173
0.135744
0.223070
0.215574
0.258432
0.259017
0.267245
0.423468
0.254117
0.251484
0.204493
0.318698
0.379512
0.575631
0.636518
0.527653
0.306923
0.291856
0.226435
0.211807
0.166096
0.187489
0.162914
0.162914
0.154101
0.176518
0.226069
0.241318
0.311311
0.207309
0.190890
0.214403
0.289662
0.214989
0.223838
0.318698
0.334496
0.306557
0.451260
0.365470
0.307069
0.236674
0.237552
0.200690
0.193852
0.185843
0.178895
0.170704
0.158124
0.146934
0.374685
0.386387
0.296391
0.309007
0.519059
0.279094
0.224643
0.314200
0.318954
0.362507
0.414216
0.594866
0.546742
0.502676
0.363751
0.197545
0.190487
0.261541
0.258396
0.194583
0.178749
0.171764
0.175823
0.198313
0.226764
0.218243
0.314858
0.245670
0.619952
0.417397
0.347295
0.519827
0.459708
0.419665
0.460256
0.500299
0.537087
0.485745
0.423212
0.289077
0.251960
0.248230
0.212173
0.215830
0.197765
0.159623
0.220840
0.219925
0.341956
0.223619
0.265344
0.327292
0.275729
0.385436
0.483075
0.364153
0.391616
0.426978
0.477407
0.463876
0.535698
0.535369
0.475725
0.383864
0.281288
0.304802
0.268781
0.206614
0.202701
0.228007
0.193705
0.297305
0.200800
0.250131
0.226398
0.261394
0.304399
0.234480
0.230640
0.211588
0.347624
0.261285
0.252216
0.242964
0.280301
0.202701
0.170594
0.136256
0.122616
0.152090
0.141046
0.109231
0.110109
0.110694
0.091495
0.099797
0.139949
0.155637
0.292953
0.521728
0.317711
0.329010
0.248230
0.392896
0.173263
0.406427
0.304582
0.351756
0.343784
0.356108
0.221937
0.140461
0.119251
0.114278
0.109048
0.125285
0.098663
0.111718
0.115521
0.126090
0.193303
0.143240
0.298914
0.353621
0.385692
0.450675
0.265892
0.208918
0.411473
0.225740
0.299499
0.384632
0.290540
0.289589
0.240148
0.168948
0.125358
0.124773
0.137682
0.121482
0.105611
0.087692
0.106159
0.126163
0.207236
0.290759
0.219267
0.179773
0.190561
0.211076
0.171398
0.149128
0.150774
0.184380
0.196156
0.214733
0.332777
0.370991
0.450675
0.380390
0.266843
0.231737
0.186428
0.174141
0.188842
0.131575
0.143752
0.264868
0.382767
0.187489
0.270939
0.309848
0.346819
0.340274
0.206285
0.282531
0.321550
0.467131
0.528457
0.304107
0.585761
0.364921
0.212173
0.199593
0.286810
0.146093
0.139510
0.146202
0.140095
0.139547
0.145873
0.148177
0.203360
0.351866
0.210893
0.167997
0.199081
0.172898
0.249656
0.286371
0.304582
0.245377
0.338153
0.321367
0.593842
0.494960
0.430964
0.336068
0.280959
0.237661
0.209247
0.242123
0.201677
0.201202
0.243585
0.325353
0.359326
0.333216
0.393445
0.401344
0.328498
0.377976
0.448920
0.463328
0.404525
0.378086
0.445738
0.395237
0.368029
0.368614
0.422700
0.336105
0.285018
0.266807
0.234370
0.237808
0.196850
0.244426
0.200251
0.303339
0.247206
0.351756
0.405768
0.479711
0.463108
0.459890
0.338665
0.377940
0.537160
0.406463
0.405622
0.464132
0.544474
0.390702
0.371686
0.306959
0.372491
0.268525
0.243659
0.215391
0.180321
0.176701
0.150042
0.212392
0.351537
0.203104
0.314968
0.465449
0.450236
0.533686
0.564331
0.374283
0.410596
0.363568
0.431038
0.528677
0.614687
0.605764
0.422590
0.261285
0.243732
0.208918
0.223399
0.174763
0.159989
0.162293
0.185697
0.185551
0.219596
0.215793
0.207455
0.301767
0.337823
0.396846
0.329998
0.240331
0.231225
0.216086
0.455502
0.340822
0.241684
0.284104
0.150481
0.139108
0.150810
0.138633
0.138742
0.133403
0.132745
0.109999
0.142655
0.129527
0.305789
0.143643
0.275327
0.146239
0.127369
0.176701
0.229360
0.130112
0.264722
0.201933
0.236710
0.280118
0.280557
0.282458
0.175604
0.131026
0.112888
0.105062
0.106635
0.102685
0.110694
0.090069
0.099065
0.110475
0.180906
0.153736
0.231591
0.142692
0.131246
0.161964
0.127516
0.117167
0.113437
0.103380
0.206724
0.286298
0.451480
0.368541
0.211149
0.138413
0.114497
0.102759
0.104039
0.090069
0.087546
0.079208
0.114168
0.106781
0.317564
0.113473
0.125285
0.142216
0.140388
0.230823
0.186611
0.228153
0.258469
0.143972
0.322684
0.275876
0.256787
0.304253
0.154906
0.113802
0.108939
0.107074
0.100345
0.089009
0.095043
0.090325
0.117862
0.117679
0.243915
0.210454
0.240002
0.181967
0.093543
0.217110
0.119215
0.089082
0.098699
0.145215
0.183649
0.221461
0.267648
0.304436
0.236308
0.223838
0.163902
0.150627
0.127077
0.125980
0.124590
0.123054
0.150371
0.136146
0.144667
0.157063
0.254995
0.420177
0.438900
0.293868
0.262894
0.209979
0.165328
0.189537
0.195973
0.240989
0.336105
0.403062
0.213124
0.166132
0.161635
0.145361
0.125870
0.122469
0.128576
0.127150
0.120568
0.203323
0.265088
0.190524
0.287102
0.340493
0.370809
0.386094
0.606020
0.418641
0.376477
0.271085
0.660946
0.506662
0.360679
0.309446
0.216598
0.214330
0.155345
0.138194
0.153407
0.141558
0.128869
0.126346
0.237040
0.156222
0.239526
0.163756
0.240952
0.209028
0.272073
0.210747
0.144630
0.311933
0.182954
0.201019
0.270683
0.211551
0.329083
0.367042
0.390519
0.212685
0.149311
0.136402
0.147080
0.141595
0.142509
0.129600
0.145800
0.247389
0.594171
0.256129
0.279057
0.367554
0.307983
0.351573
0.246036
0.246584
0.203030
0.334093
0.377318
0.510392
0.496459
0.443983
0.211661
0.212282
0.156076
0.147775
0.147994
0.144337
0.157429
0.139839
0.148031
0.143533
0.251192
0.292441
0.320417
0.225411
0.358668
0.217146
0.162878
0.280630
0.175640
0.173190
0.222485
0.231335
0.335885
0.212941
0.247279
0.180979
0.208991
0.147775
0.122616
0.125504
0.116582
0.119507
0.128869
0.134756
0.250972
0.296537
0.298256
0.305277
0.273279
0.173775
0.201933
0.219816
0.228373
0.481941
0.215500
0.246182
0.190670
0.302717
0.219048
0.186940
0.187123
0.138084
0.132562
0.131685
0.127662
0.133220
0.127406
0.119873
0.255141
0.220803
0.150518
0.158197
0.188842
0.178456
0.184015
0.233492
0.271707
0.347112
0.358851
0.344589
0.265015
0.354206
0.217804
0.176884
0.170777
0.149750
0.158928
0.142948
0.125578
0.137938
0.153626
0.161415
0.289955
0.250936
0.240660
0.283555
0.671003
0.414728
0.250131
0.296683
0.333362
0.393591
0.351061
0.212136
0.218975
0.252581
0.198167
0.195168
0.189463
0.168875
0.153662
0.156222
0.159075
0.157904
0.150152
0.140498
0.153041
0.164158
0.271195
0.417434
0.304290
0.360679
0.308641
0.404415
0.222046
0.271817
0.262089
0.485269
0.405622
0.415569
0.389276
0.220840
0.153407
0.139401
0.143533
0.131465
0.128869
0.126967
0.141960
0.151944
0.223509
0.250460
0.211697
0.227056
0.266587
0.323306
0.191840
0.293502
0.187818
0.272475
0.223363
0.423066
0.393591
0.377172
0.333143
0.179407
0.139181
0.134683
0.134062
0.130002
0.142875
0.132635
0.149640
0.203762
0.225594
0.309300
0.244097
0.266404
0.196375
0.275839
0.222522
0.186940
0.225191
0.332155
0.414582
0.432720
0.352561
0.447018
0.376330
0.188586
0.150883
0.113729
0.119397
0.131026
0.124188
0.126016
0.119909
0.159111
0.230567
0.307947
0.474152
0.188622
0.254373
0.266039
0.291088
0.180906
0.358412
0.326158
0.317272
0.303083
0.283336
0.243439
0.232468
0.175458
0.154101
0.119178
0.116691
0.117715
0.112596
0.125907
0.148579
0.141851
0.207017
0.261724
0.331716
0.193120
0.349416
0.272475
0.319758
0.207894
0.123164
0.237076
0.488451
0.431257
0.656521
0.477626
0.291966
0.263698
0.173739
0.139583
0.133111
0.135085
0.156076
0.129234
0.157100
0.207419
0.292515
0.254117
0.189683
0.146605
0.132270
0.124334
0.148909
0.117350
0.203616
0.175421
0.145032
0.197362
0.308751
0.279642
0.216671
0.175567
0.132197
0.128832
0.152017
0.113327
0.117240
0.116143
0.141229
0.127955
0.091678
0.121409
0.125102
0.218060
0.106964
0.109560
0.174251
0.174141
0.133513
0.195168
0.307288
0.383791
0.517596
0.365140
0.281654
0.132343
0.111243
0.110475
0.105867
0.102905
0.111828
0.122396
0.105501
0.119471
0.120787
0.126053
0.365799
0.559175
0.516755
0.408731
0.179590
0.162585
0.374465
0.164085
0.189098
0.196265
0.356254
0.282824
0.271743
0.158307
0.104550
0.090874
0.104112
0.099723
0.099723
0.103490
0.240477
0.228373
0.163353
0.204054
0.191914
0.088643
0.100345
0.133879
0.338738
0.229177
0.383827
0.153041
0.152968
0.162585
0.337677
0.342541
0.354097
0.170338
0.129673
0.104221
0.115302
0.103563
0.103709
0.098736
0.129673
0.127479
0.203433
0.282422
0.243915
0.267355
0.349708
0.234224
0.171654
0.193413
0.190305
0.193669
0.343784
0.348977
0.311238
0.374392
0.316175
0.111169
0.117020
0.095445
0.092336
0.095445
0.103929
0.101588
0.084255
0.093763
0.285932
0.257738
0.224533
0.315224
0.123054
0.131282
0.118081
0.208040
0.138194
0.230640
0.280374
0.222814
0.216122
0.388508
0.283957
0.140534
0.133001
0.109670
0.104331
0.106964
0.105428
0.110950
0.132964
0.114936
0.178127
0.214330
0.276315
0.529262
0.363787
0.167120
0.129820
0.105392
0.136695
0.229945
0.165365
0.259749
0.460914
0.382291
0.204164
0.190085
0.187379
0.111572
0.103453
0.115667
0.090691
0.098224
0.113217
0.103197
0.234955
0.250789
0.132197
0.233200
0.173044
0.140607
0.310945
0.175531
0.240623
0.176884
0.245450
0.167449
0.177469
0.156186
0.218536
0.145105
0.126528
0.123274
0.119471
0.131282
0.113766
0.130149
0.103271
0.088387
0.109341
0.129746
0.284981
0.295148
0.394505
0.236418
0.215391
0.423724
0.151286
0.122981
0.186538
0.318442
0.274194
0.187745
0.171947
0.161123
0.135963
0.142436
0.107366
0.101369
0.099833
0.101698
0.096798
0.116253
0.172093
0.271597
0.370260
0.240075
0.137901
0.087327
0.094531
0.107659
0.201568
0.158380
0.403538
0.344077
0.609750
0.417068
0.479308
0.135963
0.108829
0.114607
0.151322
0.105574
0.111316
0.097529
0.116545
0.143496
0.176408
0.154211
0.162768
0.232871
0.242964
0.260133
0.216744
0.315224
0.274779
0.224862
0.226233
0.322876
0.369168
0.223237
0.206387
0.131090
0.125006
0.112157
0.115631
0.104624
0.106013
0.114314
0.113802
0.194547
0.299682
0.242196
0.171837
0.129088
0.213416
0.327913
0.247462
0.262144
0.127004
0.156917
0.253313
0.164651
0.325235
0.430379
0.406829
0.197326
0.132233
0.125395
0.113546
0.116362
0.107549
0.099138
0.110109
0.262345
0.240989
0.268452
0.335117
0.304436
0.212758
0.255470
0.127260
0.226691
0.176664
0.194291
0.199154
0.243732
0.526848
0.298036
0.254885
0.157649
0.112047
0.108646
0.119873
0.113071
0.100784
0.100382
0.110877
0.147007
0.233383
0.260992
0.277521
0.163463
0.246547
0.220181
0.143862
0.197106
0.219779
0.261065
0.299426
0.388727
0.396517
0.560162
0.331863
0.141302
0.113327
0.125395
0.108975
0.120056
0.106269
0.107330
0.162951
0.170228
0.164450
0.244536
0.347734
0.427234
0.205225
0.156442
0.185441
0.209942
0.138633
0.175787
0.246182
0.388837
0.369309
0.356656
0.205005
0.113400
0.119251
0.123603
0.116179
0.117386
0.115375
0.114717
0.117569
0.121226
0.144081
0.190926
0.343711
0.390410
0.214221
0.178017
0.176920
0.151286
0.187891
0.159879
0.294380
0.274376
0.218060
0.233712
0.218170
0.155052
0.123146
0.119544
0.133001
0.116673
0.114744
0.116815
0.113773
0.113696
0.134008
0.168775
0.348689
0.407417
0.298733
0.253423
0.159404
0.229580
0.404854
0.335190
0.155857
0.422005
0.468959
0.406646
0.204347
0.156039
0.114278
0.120750
0.129820
0.115338
0.116582
0.110877
0.129125
0.123127
0.269440
0.262674
0.447567
0.275071
0.209393
0.234333
0.226325
0.295513
0.232980
0.292588
0.342724
0.438827
0.312298
0.401197
0.303814
0.138194
0.131904
0.112961
0.125066
0.119617
0.116728
0.135378
0.131282
0.202921
0.203213
0.147117
0.222229
0.292734
0.184746
0.206943
0.150518
0.218938
0.251960
0.224131
0.153882
0.286115
0.407414
0.319283
0.225045
0.240440
0.109926
0.128320
0.113327
0.121336
0.115704
0.117606
0.124590
0.126711
0.224679
0.254446
0.181455
0.258871
0.206870
0.139730
0.124517
0.183795
0.232834
0.336105
0.354279
0.454661
0.474737
0.219523
0.177323
0.159331
0.203433
0.120970
0.112888
0.111645
0.130880
0.110621
0.114570
0.129637
0.269403
0.253276
0.189463
0.281727
0.338921
0.125504
0.131173
0.242379
0.280776
0.215830
0.174434
0.216524
0.291198
0.237149
0.143058
0.127187
0.133623
0.115265
0.113327
0.131282
0.105574
0.097712
0.112925
0.120897
0.131721
0.206797
0.255068
0.105574
0.109487
0.087985
0.100564
0.096834
0.118447
0.111425
0.303193
0.391287
0.450456
0.309629
0.371028
0.290650
0.268416
0.204054
0.142692
0.140022
0.138596
0.135817
0.157795
0.158343
0.193376
0.224204
0.350476
0.553726
0.446067
0.211039
0.149091
0.148397
0.411363
0.521399
0.453564
0.506150
0.273279
0.316723
0.171289
0.148397
0.114497
0.114497
0.122067
0.117642
0.112559
0.124151
0.116582
0.123895
0.140827
0.257555
0.139218
0.183356
0.236418
0.289004
0.253459
0.196229
0.215610
0.191438
0.180467
0.364190
0.428917
0.344113
0.460293
0.326158
0.171984
0.123859
0.119946
0.134244
0.118447
0.117094
0.117167
0.167083
0.175933
0.233602
0.180065
0.442557
0.287505
0.341078
0.334642
0.120385
0.131685
0.237369
0.263662
0.285420
0.404525
0.559212
0.436669
0.320014
0.278692
0.187050
0.131319
0.123018
0.111791
0.127406
0.120239
0.132818
0.142070
0.240989
0.191840
0.264357
0.199703
0.217146
0.328023
0.245597
0.174580
0.123530
0.163024
0.389532
0.374502
0.353219
0.405293
0.351902
0.256750
0.232871
0.137938
0.130624
0.119763
0.125943
0.140315
0.117606
0.129180
0.234416
0.270194
0.204614
0.309007
0.251850
0.269842
0.337458
0.248120
0.147482
0.334825
0.306923
0.347222
0.282275
0.358997
0.262199
0.138706
0.129088
0.103965
0.115814
0.115777
0.111645
0.125834
0.192499
0.145581
0.254154
0.194656
0.191548
0.197216
0.288675
0.226800
0.209723
0.281142
0.214257
0.381670
0.309739
0.302315
0.412863
0.288273
0.169277
0.206212
0.135195
0.138267
0.135378
0.157539
0.119909
0.124188
0.217402
0.158526
0.405037
0.202372
0.423614
0.184563
0.125175
0.172495
0.229397
0.209796
0.266587
0.353841
0.444751
0.384412
0.286042
0.271670
0.198606
0.301840
0.224277
0.122908
0.119580
0.105355
0.117423
0.149421
0.135012
0.144100
0.122679
0.175860
0.308422
0.271414
0.141046
0.140681
0.244353
0.214221
0.335520
0.203286
0.307252
0.269714
0.436770
0.308692
0.191427
0.127473
0.098002
0.118847
0.106671
0.096450
0.087006
0.108102
0.174180
0.132783
0.133587
0.218902
0.354206
0.344717
0.207410
0.271305
0.204237
0.261138
0.249071
0.271853
0.312847
0.443800
0.284250
0.339396
0.180504
0.139218
0.126638
0.107659
0.102759
0.107439
0.117240
0.102283
0.204859
0.134610
0.340164
0.286682
0.233593
0.410006
0.316959
0.326623
0.150732
0.298658
0.244902
0.274706
0.438205
0.371211
0.439887
0.362800
0.218097
0.115448
0.097749
0.093068
0.105209
0.102759
0.104989
0.091569
0.231664
0.144703
0.163938
0.191584
0.274998
0.303412
0.299828
0.135853
0.128942
0.298439
0.201787
0.251228
0.295696
0.308130
0.323159
0.318076
0.204457
0.173300
0.096396
0.097749
0.090508
0.082719
0.088862
0.081695
0.112742
0.128357
0.200471
0.170082
0.188988
0.180614
0.224058
0.225045
0.180467
0.243256
0.299719
0.253532
0.203177
0.307727
0.308495
0.256458
0.365945
0.192755
0.131429
0.114973
0.110475
0.107001
0.145581
0.219194
0.121848
0.125504
0.236930
0.226617
0.248815
0.252691
0.176811
0.252106
0.148872
0.147080
0.171179
0.304399
0.309007
0.267355
0.444422
0.353073
0.413667
0.377245
0.152419
0.103453
0.094092
0.093690
0.122433
0.092154
0.154540
0.134171
0.146056
0.181711
0.143313
0.166535
0.103673
0.121445
0.127187
0.129637
0.262711
0.197911
0.238831
0.249034
0.277229
0.178785
0.237990
0.149932
0.090289
0.111718
0.081622
0.099979
0.087327
0.093653
0.148762
0.135305
0.140169
0.185148
0.260992
0.181674
0.141448
0.174653
0.348758
0.333801
0.309519
0.199008
0.449797
0.288711
0.274267
0.375782
0.182588
0.275510
0.118629
0.109999
0.127369
0.110365
0.103380
0.109853
0.105136
0.127735
0.146751
0.188001
0.142326
0.199922
0.284872
0.265051
0.320746
0.304217
0.275291
0.320855
0.276241
0.355559
0.544182
0.438022
0.223619
0.130917
0.110036
0.113985
0.123969
0.115521
0.092519
0.105026
0.121701
0.130953
0.390775
0.350367
0.140132
0.131941
0.304034
0.111133
0.205956
0.266002
0.165109
0.395054
0.299243
0.401124
0.419372
0.531017
0.413046
0.250351
0.122616
0.102941
0.090910
0.110036
0.098005
0.095445
0.115448
0.125724
0.224131
0.211990
0.124005
0.184088
0.217366
0.111974
0.188695
0.146312
0.218828
0.408036
0.432135
0.385509
0.337165
0.254812
0.224606
0.157393
0.120750
0.121811
0.114680
0.130661
0.116033
0.114826
0.133294
0.137462
0.179224
0.167120
0.202775
0.421676
0.218389
0.274230
0.399698
0.227276
0.305899
0.429099
0.391543
0.327913
0.290869
0.377684
0.270500
0.152931
0.137389
0.159806
0.259054
0.167961
0.120165
0.123457
0.115960
0.124590
0.229031
0.407707
0.231225
0.202226
0.260919
0.134171
0.096359
0.109780
0.092922
0.105757
0.338738
0.401673
0.435536
0.254666
0.137170
0.134500
0.113290
0.108536
0.097200
0.088533
0.094494
0.111352
0.216927
0.221717
0.116289
0.205115
0.316138
0.123548
0.144310
0.151857
0.154442
0.141326
0.228074
0.280517
0.321366
0.380864
0.329449
0.251448
0.234772
0.193047
0.120714
0.126419
0.105904
0.104221
0.121848
0.108427
0.113802
0.126821
0.116691
0.126638
0.332923
0.334459
0.174763
0.105684
0.090910
0.092739
0.210966
0.212136
0.355450
0.455539
0.485086
0.429099
0.264247
0.174763
0.131721
0.108025
0.114095
0.112047
0.104368
0.104331
0.103124
0.107220
0.139145
0.206249
0.396882
0.272841
0.247645
0.351500
0.395529
0.271853
0.366128
0.474628
0.404013
0.504102
0.597243
0.524252
0.282239
0.118593
0.110584
0.119215
0.110584
0.109560
0.115997
0.116874
0.126053
0.140900
0.281910
0.263186
0.480369
0.445080
0.164304
0.157466
0.130002
0.125139
0.240477
0.272841
0.396590
0.316175
0.363824
0.373917
0.440180
0.300487
0.131392
0.115960
0.096396
0.094933
0.103527
0.103600
0.096249
0.106013
0.182771
0.114314
0.223290
0.223217
0.364592
0.197362
0.378817
0.341371
0.362690
0.319795
0.373149
0.497849
0.476273
0.388215
0.386241
0.157868
0.130295
0.116179
0.107732
0.113839
0.113802
0.111718
0.111535
0.112376
0.229397
0.277083
0.260736
0.306009
0.187269
0.185039
0.157210
0.261358
0.248632
0.239161
0.301328
0.342358
0.448993
0.473348
0.534308
0.194620
0.113656
0.107220
0.126784
0.112340
0.108500
0.231774
0.164523
0.128649
0.194181
0.167559
0.200251
0.223911
0.295733
0.177286
0.112193
0.153955
0.226105
0.392567
0.591173
0.477773
0.501250
0.367664
0.334130
0.160245
0.107695
0.101076
0.109816
0.102247
0.104331
0.095225
0.109963
0.123786
0.214001
0.231079
0.318990
0.248376
0.161671
0.194327
0.323708
0.373807
0.387996
0.346271
0.329778
0.443288
0.498215
0.343455
0.324074
0.240404
0.134244
0.098553
0.101296
0.109816
0.096505
0.089448
0.125541
0.177725
0.133879
0.233127
0.170411
0.142253
0.315663
0.228482
0.249400
0.174763
0.349635
0.124846
0.192572
0.356803
0.432647
0.287943
0.217841
0.125870
0.178091
0.154577
0.131282
0.109122
0.106452
0.103673
0.107695
0.120129
0.200580
0.345905
0.379219
0.494704
0.446726
0.422224
0.332887
0.225082
0.122433
0.314712
0.328498
0.491888
0.403099
0.256823
0.181345
0.103892
0.099541
0.079757
0.080964
0.084328
0.085462
0.082755
0.106086
0.126309
0.127223
0.143496
0.137609
0.203798
0.147592
0.117679
0.126894
0.264539
0.154613
0.221863
0.388910
0.337531
0.464352
0.348172
0.225228
0.124992
0.118703
0.100930
0.103709
0.105318
0.111864
0.100857
0.119215
0.138450
0.198203
0.148360
0.131355
0.152821
0.255873
0.169168
0.241355
0.147044
0.266075
0.484977
0.452650
0.547656
0.475725
0.358485
0.368761
0.181382
0.116070
0.112742
0.121921
0.111755
0.101515
0.104770
0.109743
0.151724
0.302498
0.235869
0.215903
0.282604
0.316394
0.337860
0.284140
0.241720
0.411327
0.488999
0.648696
0.742824
0.571608
0.475615
0.390190
0.137609
0.134171
0.118227
0.123530
0.108756
0.112303
0.107439
0.131758
0.153589
0.301584
0.203762
0.168363
0.163426
0.252216
0.138889
0.208333
0.193340
0.220584
0.334532
0.329010
0.365287
0.406024
0.454698
0.265198
0.151286
0.112011
0.120092
0.116764
0.116947
0.115485
0.105794
0.111389
0.119471
0.158160
0.281763
0.359107
0.536063
0.503517
0.324256
0.418824
0.372125
0.235321
0.275620
0.462377
0.657838
0.639151
0.600278
0.623829
0.310214
0.188220
0.188110
0.171581
0.187342
0.184490
0.182808
0.292259
0.210491
0.307179
0.346637
0.305314
0.253788
0.221169
0.199593
0.195717
0.204603
0.183795
0.414691
0.375233
0.453930
0.477809
0.354609
0.277594
0.175531
0.213197
0.115741
0.129161
0.112925
0.104514
0.093141
0.096834
0.097200
0.291344
0.283445
0.312262
0.360679
0.392311
0.470569
0.255543
0.190890
0.247352
0.158197
0.413046
0.404379
0.342175
0.652389
0.396078
0.135817
0.105721
0.118703
0.100894
0.107476
0.099943
0.101186
0.112340
0.126711
0.251265
0.364775
0.277997
0.383461
0.464864
0.391653
0.329449
0.295769
0.337275
0.348465
0.359765
0.309409
0.415935
0.430270
0.343016
0.265892
0.199959
0.124334
0.120275
0.114351
0.118008
0.103088
0.129088
0.125322
0.280337
0.158160
0.337275
0.342943
0.359984
0.264795
0.234736
0.272767
0.191292
0.385253
0.370406
0.401344
0.397687
0.288017
0.259017
0.133696
0.112778
0.105867
0.107257
0.098663
0.103124
0.111718
0.221937
0.140498
0.203689
0.187306
0.128613
0.128174
0.196265
0.174360
0.155052
0.182771
0.335556
0.355303
0.594208
0.452906
0.485635
0.567549
0.397321
0.191255
0.125139
0.124590
0.107147
0.115704
0.108171
0.177908
0.112193
0.126016
0.313834
0.167595
0.156405
0.303997
0.253825
0.196777
0.176555
0.224314
0.396443
0.307544
0.504797
0.497044
0.281032
0.285128
0.243622
0.121518
0.109012
0.102320
0.092592
0.101881
0.103929
0.109780
0.110694
0.118081
0.174763
0.182771
0.222193
0.228812
0.165877
0.252947
0.194583
0.398784
0.308130
0.313725
0.357973
0.448371
0.488634
0.329742
0.334276
0.222924
0.146605
0.109158
0.114753
0.103015
0.115448
0.111755
0.107476
0.118337
0.139986
0.161671
0.172825
0.149676
0.206212
0.263479
0.301236
0.240340
0.356839
0.325939
0.363312
0.521070
0.445702
0.438644
0.289553
0.141192
0.121028
0.127190
0.104313
0.106573
0.113214
0.102817
0.154233
0.166388
0.192564
0.295795
0.218858
0.232212
0.223366
0.273345
0.272585
0.154986
0.151172
0.232911
0.314906
0.456285
0.506644
0.351756
0.272340
0.135060
0.139108
0.117350
0.119434
0.095043
0.093872
0.100126
0.126528
0.137206
0.184929
0.171581
0.258396
0.146239
0.253715
0.364811
0.307362
0.351500
0.198203
0.399149
0.428002
0.586675
0.457148
0.451260
0.373771
0.202263
0.140534
0.096140
0.120019
0.098224
0.098224
0.103124
0.108317
0.145837
0.178932
0.170594
0.311786
0.184892
0.157722
0.134244
0.182662
0.341846
0.139949
0.223180
0.335410
0.411693
0.473896
0.334788
0.349379
0.135122
0.133294
0.104587
0.102868
0.105977
0.104331
0.100784
0.115082
0.158160
0.314785
0.298512
0.277485
0.339432
0.223180
0.173995
0.125504
0.208296
0.317601
0.253349
0.868365
0.586273
0.431257
0.559943
0.562466
0.406354
0.217512
0.158819
0.147958
0.120824
0.107659
0.109670
0.121518
0.110621
0.253313
0.222010
0.093872
0.106525
0.167010
0.219231
0.269513
0.117094
0.172971
0.363751
0.318405
0.430489
0.260992
0.365762
0.203323
0.116070
0.120458
0.115119
0.108866
0.108975
0.108244
0.107476
0.144923
0.137865
0.136475
0.150115
0.129600
0.166425
0.139913
0.098078
0.103015
0.108390
0.100272
0.121409
0.245231
0.286078
0.251082
0.260846
0.250095
0.142802
0.121884
0.119800
0.119251
0.143606
0.112596
0.109963
0.147519
0.133147
0.140132
0.268818
0.234260
0.146385
0.212502
0.221059
0.305606
0.188037
0.236454
0.201129
0.295330
0.419153
0.452503
0.396005
0.289626
0.179590
0.141522
0.120239
0.115667
0.113034
0.105062
0.130149
0.107037
0.115667
0.147300
0.158307
0.169351
0.171508
0.155454
0.143899
0.170886
0.164853
0.256933
0.278765
0.323123
0.253532
0.303376
0.294160
0.327730
0.251887
0.148653
0.138450
0.127004
0.120458
0.125395
0.121848
0.122835
0.129308
0.158526
0.256439
0.316111
0.305684
0.260135
0.196265
0.120147
0.117578
0.118374
0.125194
0.278518
0.295591
0.355342
0.309063
0.272887
0.194167
0.140857
0.142688
0.150735
0.143130
0.142399
0.144959
0.147848
0.165566
0.182397
0.239526
0.172532
0.171618
0.245048
0.403611
0.356730
0.274596
0.184856
0.234352
0.360048
0.386789
0.491047
0.514828
0.378126
0.209181
0.153750
0.143672
0.137697
0.126305
0.125881
0.121837
0.139510
0.244580
0.277499
0.236301
0.233379
0.235657
0.244485
0.183481
0.332016
0.241636
0.304111
0.331237
0.462224
0.393650
0.481675
0.404587
0.520244
0.302820
0.294160
0.161964
0.161854
0.162841
0.141375
0.159879
0.170411
0.217329
0.224277
0.169680
0.183137
0.178822
0.217804
0.292003
0.325390
0.301181
0.308495
0.555189
0.617575
0.551459
0.832089
0.583822
0.391616
0.195900
0.133696
0.124407
0.137536
0.118520
0.128978
0.137755
0.198203
0.238539
0.277960
0.321587
0.369858
0.381231
0.415605
0.407999
0.214952
0.333252
0.181821
0.211697
0.359948
0.554823
0.506479
0.481174
0.518949
0.201641
0.142765
0.137243
0.149091
0.146934
0.133184
0.180029
0.199886
0.150408
0.151432
0.193742
0.199959
0.209649
0.238722
0.244207
0.222302
0.233748
0.288858
0.322611
0.476968
0.583091
0.602911
0.460878
0.576472
0.479857
0.252984
0.202701
0.209796
0.187196
0.184929
0.185039
0.190816
0.280813
0.253605
0.292478
0.395931
0.424967
0.391141
0.421932
0.273316
0.309995
0.367956
0.528274
0.653669
0.653559
0.446433
0.459452
0.514415
0.472799
0.299792
