0.237142
0.227404
0.176050
0.146074
0.139607
0.210286
0.161442
0.147900
0.298920
0.496957
0.397063
0.462492
0.476643
0.393792
0.193853
0.228469
0.190809
0.512097
0.257228
0.523965
0.399574
0.363892
0.262173
0.157106
0.156193
0.256543
0.208612
0.230676
0.174072
0.146379
0.151932
0.165247
0.219720
0.682745
0.249011
0.233338
0.228774
0.205341
0.293822
0.296409
0.406573
0.642118
0.267270
0.351491
0.246424
0.372413
0.362827
0.310408
0.142955
0.158932
0.170648
0.145922
0.147368
0.146302
0.151400
0.252967
0.409236
0.425061
0.289790
0.302572
0.180310
0.191799
0.174376
0.247261
0.239805
0.592590
0.411899
0.456254
0.274346
0.204960
0.277541
0.227100
0.283628
0.262401
0.276932
0.275335
0.265064
0.238208
0.215307
0.523813
0.510956
0.200320
0.173463
0.189212
0.215003
0.420572
0.266053
0.196668
0.259434
0.565429
0.448646
0.409693
0.331786
0.236229
0.243381
0.248783
0.252282
0.172702
0.157867
0.167985
0.165247
0.156497
0.190049
0.413573
0.362979
0.335362
0.366258
0.358799
0.374620
0.299467
0.356292
0.362097
0.347147
0.598752
0.403142
0.526872
0.343898
0.312439
0.346310
0.321930
0.233165
0.215031
0.218098
0.276464
0.233294
0.213155
0.241962
0.223157
0.228742
0.365512
0.243533
0.219035
0.209601
0.167757
0.172626
0.221242
0.306604
0.617392
0.370283
0.457167
0.392803
0.192712
0.338862
0.258825
0.201917
0.194537
0.191494
0.168898
0.163877
0.164029
0.158475
0.178789
0.280889
0.474057
0.395770
0.326689
0.426735
0.376446
0.260195
0.281878
0.427952
0.329047
0.298844
0.228013
0.260119
0.211123
0.193244
0.178028
0.290170
0.223144
0.315657
0.169659
0.169355
0.199407
0.339090
0.315505
0.390216
0.626826
0.408856
0.443016
0.399041
0.291920
0.226111
0.230295
0.229610
0.721774
0.372413
0.505097
0.320907
0.226567
0.173387
0.181984
0.311473
0.315733
0.309267
0.243990
0.192712
0.188147
0.316418
0.301202
0.322124
0.166159
0.206178
0.231893
0.268868
0.251750
0.401324
0.240718
0.277998
0.391433
0.310408
0.403911
0.329732
0.382323
0.347487
0.401894
0.308513
0.331109
0.257022
0.144941
0.189942
0.178332
0.195169
0.300685
0.297748
0.311876
0.248554
0.319842
0.302366
0.260415
0.269431
0.303317
0.407342
0.407981
0.385035
0.505364
0.311945
0.281497
0.281124
0.201210
0.201035
0.224292
0.204451
0.204778
0.183673
0.197406
0.186085
0.607091
0.333635
0.225487
0.198098
0.200883
0.177024
0.186671
0.221112
0.267278
0.342285
0.347512
0.323646
0.532182
0.325708
0.265939
0.242704
0.200472
0.203363
0.352024
0.284769
0.196592
0.240490
0.163192
0.178561
0.559799
0.253652
0.298387
0.354534
0.471013
0.326004
0.275715
0.191418
0.177191
0.313907
0.465840
0.529823
0.303104
0.216449
0.191342
0.323113
0.177039
0.171789
0.161214
0.238284
0.237371
0.164257
0.155128
0.163725
0.378424
0.437082
0.239805
0.179397
0.305234
0.233034
0.225198
0.179245
0.191418
0.331862
0.456710
0.359099
0.433582
0.375913
0.234860
0.182745
0.237827
0.316266
0.218046
0.302800
0.196135
0.172246
0.172094
0.169241
0.184057
0.370740
0.533704
0.284540
0.313831
0.223676
0.195450
0.165627
0.150259
0.217285
0.254413
0.186169
0.269172
0.276324
0.306832
0.572010
0.223885
0.224665
0.213710
0.174224
0.184647
0.159084
0.159388
0.156573
0.206026
0.388923
0.572885
0.380706
0.263162
0.178713
0.177800
0.360316
0.289486
0.207243
0.613892
0.432897
0.631847
0.286442
0.615642
0.204504
0.141586
0.143716
0.212721
0.221166
0.169051
0.138771
0.149802
0.257152
0.466372
0.312538
0.266509
0.348372
0.338481
0.302572
0.367240
0.332091
0.245131
0.272596
0.361914
0.273433
0.248098
0.215764
0.225730
0.172855
0.148128
0.139607
0.142118
0.147025
0.150030
0.140596
0.196135
0.168822
0.246881
0.192559
0.479078
0.229230
0.388238
0.302419
0.214547
0.248707
0.303713
0.349285
0.458232
0.286214
0.250533
0.250152
0.165170
0.242240
0.180310
0.208993
0.160301
0.166768
0.141890
0.157791
0.188451
0.157410
0.279367
0.242240
0.239729
0.300593
0.309875
0.158323
0.261869
0.268716
0.238892
0.209449
0.280052
0.317407
0.574483
0.315429
0.208232
0.175441
0.136869
0.134206
0.140596
0.146226
0.147900
0.140596
0.132456
0.210362
0.451917
0.176430
0.250000
0.168138
0.176278
0.150487
0.130706
0.154215
0.144020
0.188984
0.296485
0.446439
0.295496
0.195070
0.186777
0.192712
0.233414
0.275563
0.392803
0.194918
0.162127
0.231589
0.256163
0.295268
0.412660
0.268107
0.177876
0.189897
0.178408
0.288573
0.232425
0.140749
0.221470
0.323037
0.313299
0.264303
0.271759
0.231132
0.194842
0.168442
0.234860
0.356056
0.268564
0.280432
0.162127
0.156345
0.175898
0.153987
0.155432
0.528987
0.543670
0.391890
0.378195
0.291692
0.275715
0.209373
0.180463
0.161062
0.458308
0.434343
0.316494
0.525791
0.248098
0.315733
0.511716
0.185560
0.181984
0.351491
0.265368
0.151932
0.140216
0.148813
0.134967
0.261640
0.338101
0.244142
0.461808
0.250913
0.199102
0.426050
0.459982
0.369446
0.748631
0.714699
0.333841
0.199787
0.191038
0.547855
0.526400
0.174909
0.156497
0.148813
0.144400
0.175822
0.201461
0.155052
0.670724
0.364881
0.263010
0.177191
0.217209
0.390368
0.272520
0.229915
0.469111
0.343579
0.411138
0.349817
0.228850
0.222763
0.281954
0.224970
0.156802
0.175289
0.143183
0.210362
0.234327
0.136032
0.144324
0.139836
0.375837
0.234175
0.297931
0.299148
0.274726
0.268183
0.225198
0.661595
0.492696
0.287888
0.400335
0.342894
0.497489
0.406878
0.377739
0.269857
0.249163
0.153530
0.151324
0.541464
0.260575
0.152921
0.164029
0.145922
0.289790
0.452678
0.466677
0.616403
0.466753
0.561625
0.295344
0.341372
0.325243
0.507152
0.638238
0.343655
0.367772
0.267651
0.237142
0.226872
0.147900
0.153834
0.149802
0.224361
0.152465
0.158780
0.148661
0.146302
0.282258
0.237903
0.381315
0.238131
0.319842
0.280128
0.195983
0.211427
0.202222
0.198189
0.644096
0.322200
0.291007
0.232045
0.208460
0.227556
0.157867
0.161899
0.151552
0.151704
0.149878
0.156269
0.151096
0.146683
0.381923
0.269172
0.235316
0.240414
0.302267
0.287203
0.178637
0.133673
0.212797
0.270998
0.448950
0.320070
0.272672
0.330873
0.285073
0.279900
0.309267
0.746272
0.239805
0.180310
0.175746
0.161747
0.156269
0.157258
0.180919
0.337340
0.361153
0.644857
0.393640
0.331862
0.267955
0.243837
0.307441
0.403987
0.328743
0.286290
0.323418
0.299680
0.286214
0.262325
0.176887
0.189136
0.188223
0.180919
0.175822
0.167377
0.153454
0.164714
0.150335
0.199178
0.244370
0.503271
0.358795
0.296637
0.204732
0.313223
0.206939
0.241859
0.548159
0.619674
0.481436
0.177648
0.172018
0.144781
0.149422
0.240490
0.220633
0.385879
0.369446
0.167377
0.164181
0.180386
0.516053
0.425289
0.342133
0.254184
0.209525
0.415627
0.218274
0.208156
0.209145
0.219035
0.485925
0.725274
0.877054
0.323646
0.254184
0.282334
0.150107
0.185560
0.225806
0.241935
0.168061
0.143335
0.136716
0.167453
0.375456
0.192255
0.153150
0.172550
0.287279
0.204732
0.172398
0.172170
0.202906
0.290779
0.443244
0.387401
0.542833
0.275411
0.158399
0.131923
0.132152
0.133825
0.121120
0.119218
0.127435
0.148965
0.157030
0.130250
0.409464
0.454276
0.382304
0.409769
0.349057
0.327678
0.169279
0.408551
0.295344
0.282410
0.710438
0.404063
0.491327
0.302572
0.291996
0.292605
0.220557
0.198113
0.260271
0.282106
0.300213
0.188679
0.180386
0.176582
0.601872
0.327069
0.497718
0.263390
0.210210
0.223144
0.244979
0.344111
0.247413
0.333308
0.519020
0.374239
0.321820
0.446592
0.343198
0.179474
0.205797
0.177495
0.165855
0.164714
0.169051
0.168974
0.167605
0.171485
0.620740
0.261945
0.198798
0.287736
0.153758
0.184038
0.246729
0.308734
0.188755
0.245663
0.311169
0.633977
0.286214
0.228469
0.199635
0.217362
0.181223
0.227632
0.234251
0.226795
0.241555
0.219187
0.187310
0.192331
0.290247
0.363055
0.282410
0.227937
0.213101
0.234404
0.268183
0.198494
0.431223
0.339090
0.371576
0.339851
0.289714
0.327450
0.350198
0.261260
0.239805
0.197048
0.264075
0.251446
0.182669
0.164942
0.160453
0.186473
0.179626
0.566038
0.492925
0.365110
0.319766
0.302191
0.238284
0.247642
0.226872
0.309875
0.456634
0.330569
0.386260
0.265216
0.220024
0.201461
0.174300
0.175746
0.176126
0.169051
0.190429
0.177343
0.234099
0.172018
0.432669
0.455113
0.270085
0.179930
0.179930
0.174072
0.242164
0.404063
0.223981
0.222459
0.392346
0.382912
0.321668
0.242164
0.186473
0.161519
0.161747
0.148281
0.155204
0.133217
0.137021
0.139303
0.194842
0.134586
0.417681
0.657638
0.383597
0.349893
0.350959
0.413497
0.316951
0.230904
0.216829
0.381010
0.485469
0.456862
0.320070
0.438071
0.205873
0.200396
0.194461
0.177572
0.191951
0.168518
0.168594
0.174072
0.159617
0.171561
0.579580
0.306376
0.317788
0.215612
0.200700
0.273889
0.295800
0.331862
0.320526
0.294811
0.407943
0.254260
0.308201
0.294203
0.227404
0.195450
0.182212
0.182593
0.173007
0.183506
0.281269
0.194005
0.214699
0.183658
0.467894
0.391738
0.340688
0.261336
0.328515
0.270922
0.200852
0.196896
0.175746
0.277921
0.488740
0.385956
0.352632
0.321972
0.272824
0.230676
0.216449
0.221013
0.210286
0.197657
0.206558
0.238740
0.284236
0.178332
0.450928
0.427039
0.232121
0.236990
0.190201
0.229534
0.217133
0.211123
0.147368
0.217514
0.200320
0.361534
0.261488
0.222763
0.198037
0.223752
0.213101
0.146379
0.139227
0.143716
0.139988
0.156497
0.172170
0.153150
0.149117
0.358871
0.472611
0.396911
0.261869
0.245663
0.167453
0.140977
0.186169
0.239653
0.361229
0.312690
0.435788
0.284464
0.321439
0.150183
0.129032
0.142575
0.130554
0.157486
0.133977
0.132988
0.137553
0.166236
0.184723
0.382304
0.318548
0.220481
0.507532
0.308506
0.294355
0.281041
0.248326
0.205265
0.332471
0.325548
0.249087
0.208080
0.174376
0.194994
0.146455
0.135651
0.222763
0.208384
0.149726
0.224437
0.202450
0.192331
0.405813
0.249924
0.368077
0.207167
0.325624
0.323646
0.399878
0.352785
0.144933
0.324178
0.451004
0.455265
0.627511
0.376446
0.464623
0.333232
0.184038
0.153150
0.221546
0.219720
0.139151
0.165475
0.228089
0.194385
0.381847
0.194233
0.298083
0.319842
0.308278
0.150791
0.139379
0.153606
0.135271
0.332623
0.451156
0.490262
0.549224
0.361306
0.191418
0.156497
0.189136
0.168898
0.160453
0.151324
0.158856
0.158247
0.184419
0.211960
0.532106
0.182365
0.423691
0.450776
0.305158
0.502815
0.402541
0.213786
0.453363
0.269020
0.190886
0.251065
0.278530
0.238055
0.234480
0.210286
0.170496
0.160682
0.228926
0.227100
0.228013
0.151628
0.207167
0.137781
0.436625
0.472763
0.229991
0.138999
0.132532
0.147444
0.127587
0.136336
0.229534
0.303104
0.404443
0.278834
0.262858
0.234099
0.188071
0.145085
0.169051
0.207243
0.143411
0.153302
0.197276
0.156954
0.149194
0.147139
0.516129
0.388010
0.288725
0.196135
0.223296
0.153226
0.229230
0.147596
0.254413
0.172702
0.224361
0.409084
0.428561
0.435864
0.364273
0.159997
0.124391
0.130782
0.133825
0.172626
0.129337
0.137705
0.383445
0.199026
0.175137
0.651096
0.481741
0.733567
0.424072
0.413268
0.237371
0.198113
0.226339
0.358947
0.435864
0.319842
0.322048
0.345861
0.255402
0.170420
0.140749
0.125533
0.131086
0.123250
0.127739
0.127815
0.138086
0.159008
0.134358
0.385727
0.213405
0.202526
0.257304
0.278758
0.186093
0.197657
0.175593
0.376902
0.391357
0.281802
0.260879
0.271302
0.397063
0.198950
0.225806
0.143716
0.126141
0.117012
0.113512
0.133825
0.114653
0.128271
0.460514
0.222002
0.369598
0.272063
0.313223
0.384358
0.228621
0.351795
0.197124
0.292149
0.493533
0.493381
0.198798
0.180919
0.143868
0.196439
0.200624
0.201613
0.143107
0.130173
0.155660
0.121424
0.134054
0.205645
0.530889
0.535834
0.233947
0.169507
0.202754
0.174680
0.228241
0.360545
0.239197
0.355676
0.398813
0.335362
0.205493
0.178865
0.177039
0.249696
0.200928
0.136564
0.127815
0.114501
0.120055
0.103165
0.106589
0.161671
0.434343
0.345861
0.227328
0.261336
0.197048
0.354915
0.518411
0.263694
0.199254
0.541844
0.407943
0.376598
0.594035
0.341601
0.238892
0.118381
0.099285
0.169431
0.173311
0.136564
0.123554
0.110164
0.112675
0.124848
0.346394
0.273357
0.172094
0.191038
0.292985
0.322809
0.247337
0.216220
0.199483
0.338025
0.372413
0.330341
0.288116
0.201917
0.213253
0.149650
0.151932
0.155584
0.143488
0.150867
0.141357
0.148205
0.177343
0.204808
0.240414
0.342590
0.314364
0.343579
0.335743
0.371652
0.294127
0.276628
0.282258
0.458080
0.378804
0.266814
0.272063
0.453287
0.316570
0.199026
0.234099
0.281726
0.275183
0.201689
0.268107
0.202450
0.176354
0.164562
0.247870
0.462264
0.310636
0.269781
0.286062
0.238740
0.196059
0.176050
0.154367
0.235621
0.317179
0.333004
0.268411
0.460666
0.330949
0.247489
0.179397
0.181376
0.287279
0.229839
0.146759
0.132152
0.142727
0.153987
0.136792
0.540855
0.271987
0.389684
0.328743
0.213786
0.182897
0.179550
0.390749
0.262401
0.498554
0.533323
0.726491
0.432288
0.390825
0.218655
0.147824
0.152617
0.143335
0.135803
0.133141
0.145313
0.128804
0.208536
0.568396
0.490642
0.308734
0.308886
0.301659
0.364577
0.203895
0.113664
0.141662
0.237979
0.386792
0.359708
0.336199
0.420724
0.296181
0.215383
0.148813
0.198341
0.136869
0.142270
0.152769
0.146607
0.137781
0.167301
0.414334
0.260499
0.302572
0.286747
0.238740
0.304854
0.198494
0.172094
0.134282
0.221394
0.581482
0.693396
0.242012
0.310256
0.292377
0.156649
0.130250
0.136184
0.143031
0.138238
0.130250
0.115642
0.123098
0.145694
0.465764
0.208460
0.191570
0.178332
0.433886
0.351415
0.388086
0.416540
0.314897
0.303180
0.691799
0.539714
0.385043
0.376065
0.230219
0.239121
0.153911
0.241023
0.232197
0.197961
0.171561
0.184343
0.142270
0.149270
0.563831
0.424985
0.360925
0.320374
0.474209
0.333004
0.191570
0.197124
0.208460
0.263618
0.338862
0.294507
0.294887
0.270161
0.213329
0.310180
0.276324
0.188755
0.240414
0.194614
0.151324
0.150259
0.154747
0.156345
0.532106
0.487371
0.357349
0.289105
0.413192
0.302039
0.208536
0.180919
0.197352
0.249544
0.386869
0.214851
0.301202
0.308886
0.317483
0.262705
0.147596
0.205569
0.236229
0.187158
0.198874
0.181984
0.201841
0.202222
0.148357
0.387477
0.279443
0.228317
0.241175
0.223372
0.262934
0.296713
0.230447
0.348068
0.372185
0.317483
0.316342
0.295572
0.357273
0.215612
0.338710
0.371120
0.276476
0.184419
0.212645
0.258445
0.208993
0.145009
0.153682
0.311473
0.206710
0.250076
0.246652
0.302800
0.201613
0.175441
0.182212
0.358414
0.355371
0.387097
0.280736
0.479458
0.369522
0.189516
0.254641
0.132380
0.190505
0.131315
0.122489
0.159693
0.100730
0.127054
0.412279
0.228393
0.222839
0.220100
0.234175
0.209069
0.157638
0.185332
0.143335
0.291464
0.347687
0.465155
0.318624
0.193396
0.309267
0.189440
0.124620
0.127435
0.140292
0.287508
0.247337
0.224209
0.223600
0.175365
0.420344
0.354915
0.167377
0.131695
0.252739
0.315049
0.157410
0.196363
0.245207
0.274194
0.474133
0.242696
0.215231
0.223752
0.126293
0.096698
0.097079
0.098676
0.284236
0.124239
0.122489
0.146226
0.120055
0.119750
0.527998
0.560560
0.371652
0.305615
0.317179
0.286519
0.344340
0.246348
0.184191
0.217514
0.362523
0.286519
0.270466
0.225122
0.281649
0.173539
0.139075
0.154215
0.235697
0.125837
0.133065
0.134662
0.119674
0.153606
0.679397
0.414866
0.307973
0.370511
0.405204
0.475806
0.337645
0.507912
0.457547
0.422398
0.547094
0.382608
0.280280
0.626826
0.270770
0.161899
0.143107
0.135195
0.208536
0.216449
0.132228
0.136792
0.135651
0.212264
0.564288
0.666844
0.368153
0.642727
0.545268
0.282638
0.206939
0.375228
0.351187
0.313527
0.351491
0.371120
0.311853
0.288497
0.288725
0.272596
0.283095
0.404291
0.422855
0.172094
0.169507
0.212036
0.170040
0.219264
0.316114
0.266205
0.379184
0.333080
0.426735
0.401172
0.366859
0.351567
0.475654
0.400943
0.384358
0.305006
0.386412
0.434495
0.228774
0.231208
0.258597
0.250304
0.340003
0.248098
0.253195
0.259206
0.259434
0.260271
0.395998
0.284845
0.300670
0.303028
0.650487
0.361229
0.298463
0.287964
0.343274
0.393259
0.202678
0.239121
0.371348
0.279215
0.390977
0.409997
0.258217
0.267270
0.325548
0.263694
0.260423
0.256771
0.213862
0.302267
0.261260
0.397824
0.305158
0.324407
0.292453
0.270770
0.407791
0.533019
0.551735
0.339318
0.583917
0.356284
0.284997
0.259130
0.495207
0.385195
0.448113
0.221698
0.158932
0.192788
0.166083
0.188831
0.149954
0.400563
0.385575
0.182136
0.186853
0.154747
0.208460
0.178256
0.363208
0.287660
0.312462
0.496881
0.392955
0.397444
0.411747
0.324330
0.298463
0.203743
0.212264
0.178789
0.174300
0.206102
0.337721
0.156117
0.147292
0.605295
0.277085
0.460971
0.278834
0.284464
0.397368
0.375685
0.274270
0.384206
0.385956
0.713253
0.397139
0.321059
0.477480
0.250000
0.276628
0.175365
0.175365
0.148661
0.134206
0.140368
0.136108
0.158704
0.144477
0.532182
0.377587
0.425441
0.234327
0.234784
0.369979
0.324407
0.359708
0.218579
0.232045
0.330113
0.318624
0.583384
0.229610
0.231436
0.229458
0.240186
0.158704
0.164562
0.118837
0.134510
0.128804
0.130173
0.130934
0.225654
0.464242
0.189364
0.278834
0.352785
0.215231
0.203819
0.228165
0.172018
0.191038
0.254260
0.431756
0.177876
0.192255
0.160377
0.186473
0.295420
0.321896
0.299072
0.191038
0.133293
0.138847
0.143183
0.138314
0.148205
0.228545
0.152921
0.259510
0.181528
0.428713
0.463177
0.376826
0.292225
0.434799
0.371044
0.181376
0.212492
0.287355
0.361382
0.282943
0.134130
0.118990
0.125228
0.133749
0.152693
0.241251
0.245892
0.236458
0.231360
0.384738
0.578287
0.468959
0.186929
0.257456
0.190353
0.314060
0.262173
0.398509
0.605752
0.617696
0.344264
0.241327
0.236990
0.190657
0.116707
0.118837
0.283932
0.183658
0.104610
0.111914
0.104230
0.111153
0.306299
0.287051
0.317331
0.296409
0.344796
0.336732
0.269477
0.227328
0.154671
0.210743
0.398052
0.617012
0.354839
0.244522
0.212340
0.200320
0.155280
0.197581
0.313375
0.318472
0.253043
0.257608
0.238131
0.159160
0.275943
0.235316
0.286747
0.305386
0.294203
0.291159
0.174680
0.122261
0.137401
0.246348
0.467362
0.601719
0.345253
0.310484
0.301202
0.309875
0.312995
0.301278
0.416692
0.339318
0.365414
0.301430
0.278530
0.263542
0.453439
0.472459
0.608643
0.356817
0.255097
0.471546
0.449330
0.338177
0.260956
0.465460
0.500228
0.307365
0.603698
0.538268
0.508369
0.360773
0.648965
0.256999
0.160606
0.159160
0.248935
0.240490
0.245511
0.262553
0.405204
0.327754
0.251978
0.164181
0.167225
0.520542
0.275867
0.398433
0.272824
0.331558
0.380250
0.428484
0.519477
0.311016
0.244142
0.328058
0.233795
0.275259
0.274041
0.158399
0.135879
0.202602
0.319537
0.269629
0.360697
0.358795
0.323646
0.261488
0.260727
0.215383
0.145770
0.152921
0.153606
0.277465
0.356969
0.351567
0.435103
0.226035
0.226872
0.196744
0.256695
0.157791
0.176506
0.141281
0.124848
0.124544
0.129717
0.117164
0.146835
0.334830
0.329124
0.639151
0.406954
0.594568
0.241783
0.241935
0.230219
0.207547
0.369066
0.289257
0.273661
0.222231
0.300441
0.209982
0.271531
0.247870
0.318548
0.167377
0.203591
0.240490
0.231893
0.159769
0.159921
0.320146
0.298235
0.492088
0.410910
0.336960
0.201004
0.182060
0.228241
0.333308
0.336884
0.222687
0.218122
0.396226
0.588481
0.223600
0.226872
0.156345
0.219872
0.225350
0.170496
0.136488
0.139455
0.134738
0.468046
0.440049
0.276932
0.344264
0.215079
0.173691
0.158628
0.172018
0.193472
0.225350
0.234860
0.258217
0.198341
0.458004
0.449863
0.314744
0.269096
0.201689
0.211960
0.222231
0.186625
0.161138
0.124011
0.128195
0.320603
0.207243
0.121044
0.093427
0.102785
0.296942
0.126293
0.125913
0.168974
0.128652
0.504945
0.258369
0.230295
0.242544
0.222991
0.181984
0.142346
0.215688
0.218883
0.341525
0.183734
0.117088
0.111914
0.140520
0.351263
0.182745
0.303180
0.333004
0.266738
0.389836
0.320222
0.356436
0.301811
0.395237
0.372565
0.351567
0.242468
0.272520
0.411442
0.288953
0.145618
0.366707
0.331939
0.154443
0.147596
0.146607
0.141890
0.155204
0.441570
0.345785
0.250609
0.204808
0.171713
0.364729
0.251902
0.389684
0.249163
0.175974
0.349133
0.332471
0.327222
0.246044
0.187310
0.242392
0.245055
0.373478
0.271911
0.362523
0.133825
0.140216
0.123098
0.145466
0.343579
0.434951
0.155736
0.163192
0.163421
0.156497
0.177267
0.205265
0.236534
0.241631
0.207547
0.338025
0.329884
0.301202
0.374696
0.396683
0.171029
0.128880
0.129260
0.144857
0.243305
0.116555
0.147672
0.214699
0.205873
0.447885
0.346926
0.446820
0.340688
0.415323
0.213710
0.161595
0.168518
0.206939
0.565201
0.261869
0.222307
0.195983
0.311016
0.413649
0.113588
0.162051
0.182288
0.300061
0.119294
0.105447
0.116783
0.141129
0.119066
0.155204
0.421105
0.237979
0.167301
0.306337
0.303161
0.148281
0.154595
0.258293
0.625761
0.401552
0.246120
0.246348
0.240414
0.442179
0.212797
0.123478
0.146379
0.195983
0.177724
0.118914
0.120587
0.124620
0.521074
0.395313
0.299833
0.151932
0.177343
0.221470
0.140673
0.197809
0.290094
0.299909
0.368685
0.307136
0.351415
0.255478
0.281497
0.672018
0.649878
0.624315
0.360316
0.171409
0.154291
0.204732
0.259510
0.255021
0.507456
0.557060
0.185788
0.143640
0.162508
0.201537
0.129793
0.119522
0.138238
0.215764
0.536442
0.254717
0.229230
0.257228
0.224893
0.406802
0.279139
0.288953
0.312386
0.285910
0.242012
0.317635
0.180310
0.128424
0.285301
0.216677
0.419811
0.309951
0.332851
0.455113
0.450091
0.434571
0.254565
0.516890
0.388999
0.485240
0.344035
0.315581
0.237295
0.143716
0.135727
0.150715
0.175974
0.190277
0.112142
0.104306
0.100350
0.114881
0.299833
0.141814
0.274650
0.252282
0.160834
0.243685
0.164866
0.155965
0.142270
0.431680
0.402161
0.262629
0.441799
0.247870
0.240414
0.264379
0.275563
0.439440
0.342057
0.145161
0.112903
0.134434
0.312005
0.260423
0.497337
0.242088
0.165323
0.177952
0.196363
0.180310
0.381315
0.342970
0.310256
0.261260
0.321592
0.226948
0.160834
0.148965
0.129565
0.267346
0.121348
0.113740
0.193092
0.203439
0.204504
0.122033
0.109632
0.111077
0.391357
0.268488
0.200548
0.132608
0.102024
0.098752
0.087645
0.090231
0.104610
0.135727
0.182441
0.227708
0.153378
0.227708
0.200015
0.155736
0.299909
0.156269
0.152541
0.159769
0.119218
0.116707
0.115110
0.134282
0.112447
0.183125
0.243761
0.220937
0.182973
0.215688
0.220937
0.130402
0.104154
0.096622
0.243153
0.372337
0.249467
0.194233
0.199559
0.192331
0.149726
0.185788
0.212416
0.165627
0.134130
0.111762
0.104230
0.127511
0.446668
0.168061
0.196516
0.379413
0.293822
0.223220
0.136108
0.342133
0.152693
0.395313
0.415018
0.443168
0.352100
0.317483
0.261108
0.240642
0.220481
0.239197
0.294507
0.301506
0.243229
0.218198
0.230067
0.235469
0.540551
0.606284
0.271683
0.234556
0.280736
0.266357
0.247489
0.145618
0.129717
0.197885
0.287736
0.434647
0.361762
0.260499
0.248250
0.166007
0.260195
0.109327
0.105371
0.113740
0.116859
0.114577
0.107806
0.124011
0.394400
0.432973
0.437995
0.302800
0.307060
0.497489
0.556223
0.359404
0.145694
0.433049
0.426735
0.385119
0.397672
0.180006
0.245435
0.201156
0.108947
0.208536
0.163344
0.115033
0.217362
0.185940
0.258369
0.111229
0.256086
0.195831
0.151400
0.153378
0.201080
0.220709
0.256239
0.183125
0.207091
0.302800
0.346013
0.294659
0.414942
0.207319
0.237219
0.310180
0.203819
0.126978
0.278454
0.146302
0.280660
0.300213
0.191038
0.127282
0.498402
0.505326
0.226643
0.311777
0.245663
0.372946
0.361077
0.383977
0.192788
0.199407
0.385423
0.299072
0.217438
0.229763
0.184951
0.231512
0.187538
0.185636
0.138162
0.124163
0.131010
0.142727
0.186016
0.112751
0.174148
0.222535
0.146759
0.335666
0.487219
0.259738
0.230447
0.168214
0.345100
0.420648
0.325320
0.275943
0.362751
0.152009
0.205949
0.200472
0.256163
0.211275
0.118001
0.139760
0.146835
0.154139
0.111001
0.158171
0.154633
0.320374
0.347687
0.356132
0.291882
0.260670
0.327345
0.305791
0.298665
0.412647
0.301956
0.261295
0.263542
0.193777
0.187386
0.234327
0.262781
0.173159
0.136032
0.120435
0.130478
0.118609
0.229458
0.183201
0.459373
0.607730
0.640368
0.536062
0.236686
0.188831
0.273965
0.354763
0.238816
0.472231
0.327069
0.252435
0.403454
0.170344
0.152541
0.125609
0.119066
0.122261
0.220709
0.123098
0.181376
0.125609
0.110925
0.163040
0.565277
0.305919
0.125685
0.142270
0.138542
0.136945
0.230828
0.256086
0.423311
0.321211
0.372109
0.428332
0.310332
0.183734
0.146455
0.262401
0.139151
0.138999
0.125456
0.112523
0.111762
0.102176
0.103774
0.197809
0.576689
0.356056
0.346394
0.343503
0.360773
0.375380
0.563831
0.641662
0.355676
0.436093
0.256315
0.224817
0.365338
0.192559
0.375837
0.195983
0.206102
0.159084
0.129717
0.116023
0.122413
0.120587
0.129184
0.141890
0.439288
0.237142
0.165855
0.206862
0.226415
0.167681
0.187995
0.358034
0.248707
0.445222
0.490566
0.235773
0.217894
0.165779
0.126293
0.207547
0.188907
0.119903
0.135956
0.126369
0.101339
0.124391
0.134814
0.094416
0.366479
0.319309
0.244674
0.130706
0.167453
0.197428
0.154215
0.127511
0.276476
0.144781
0.238740
0.197733
0.213405
0.192331
0.195679
0.115794
0.139379
0.229687
0.208080
0.248250
0.157562
0.232578
0.328667
0.212188
0.225122
0.454960
0.260271
0.204884
0.379260
0.293366
0.167681
0.171257
0.232806
0.277769
0.297170
0.338558
0.407106
0.182365
0.116099
0.137705
0.221089
0.339318
0.247642
0.234404
0.295800
0.100502
0.106132
0.099741
0.204808
0.369370
0.550441
0.324178
0.224285
0.573037
0.253348
0.139988
0.260879
0.246196
0.294355
0.170496
0.162812
0.430234
0.351948
0.423007
0.245435
0.129489
0.101415
0.097459
0.101339
0.087797
0.124239
0.114273
0.287964
0.222459
0.195907
0.213405
0.344796
0.142727
0.100806
0.196059
0.164486
0.213558
0.241707
0.100502
0.105219
0.113816
0.196820
0.196972
0.087797
0.085895
0.100350
0.103621
0.196592
0.129184
0.094948
0.080417
0.169811
0.080265
0.101491
0.104078
0.220861
0.171561
0.068548
0.087416
0.192635
0.203135
0.209525
0.228241
0.265140
0.096166
0.145998
0.273128
0.168442
0.154823
0.159997
0.090231
0.093274
0.167225
0.087797
0.105828
0.235469
0.154215
0.206786
0.223068
0.404063
0.193244
0.454428
0.494979
0.273433
0.246652
0.400259
0.378576
0.549833
0.277769
0.213025
0.239425
0.171485
0.133597
0.133825
0.119446
0.122185
0.112903
0.116403
0.164029
0.370359
0.254337
0.118609
0.111001
0.100122
0.122489
0.089090
0.081862
0.130250
0.130478
0.374163
0.252511
0.272063
0.248022
0.173235
0.273128
0.318168
0.207699
0.228926
0.209906
0.207015
0.202906
0.143716
0.136032
0.253576
0.296257
0.253424
0.282638
0.275867
0.198113
0.224361
0.204732
0.117925
0.101567
0.364577
0.110088
0.119370
0.108567
0.120131
0.092514
0.107502
0.209601
0.224513
0.116479
0.100959
0.096089
0.083688
0.087036
0.086047
0.196363
0.314288
0.284160
0.383369
0.166388
0.125304
0.187158
0.115794
0.114121
0.129184
0.160225
0.251065
0.216449
0.210210
0.222383
0.287203
0.216068
0.185103
0.107882
0.104002
0.092742
0.278530
0.177572
0.282867
0.405965
0.550974
0.161595
0.146226
0.139227
0.142042
0.125913
0.181908
0.253956
0.371729
0.288573
0.280584
0.291920
0.164257
0.184419
0.131543
0.156421
0.231969
0.223448
0.179854
0.138999
0.182517
0.137249
0.291616
0.261260
0.245283
0.379565
0.306756
0.436016
0.322048
0.376750
0.349285
0.211047
0.247870
0.155736
0.159008
0.148813
0.186549
0.446592
0.267879
0.220785
0.243990
0.213405
0.217666
0.248478
0.297246
0.306832
0.392651
0.175822
0.305158
0.252663
0.288268
0.131923
0.257988
0.248174
0.093655
0.442864
0.293214
0.192788
0.227404
0.234860
0.199635
0.318624
0.348372
0.227404
0.160910
0.164410
0.117620
0.129565
0.207547
0.204580
0.316266
0.371729
0.276856
0.236153
0.207015
0.109480
0.140673
0.208841
0.168746
0.193092
0.233719
0.243381
0.281726
0.248707
0.200776
0.153682
0.117848
0.156954
0.171942
0.147063
0.107502
0.103165
0.098448
0.128271
0.164866
0.274802
0.102404
0.228013
0.138618
0.103698
0.102176
0.131923
0.110393
0.113055
0.188299
0.333917
0.232273
0.375837
0.202982
0.220937
0.120207
0.112979
0.116707
0.111610
0.104306
0.129184
0.122261
0.123326
0.521911
0.362066
0.140901
0.117848
0.167453
0.194766
0.131010
0.395922
0.139912
0.135727
0.381695
0.408247
0.298844
0.245055
0.289790
0.274422
0.370131
0.265216
0.208841
0.140673
0.120816
0.114121
0.140292
0.110164
0.175746
0.186397
0.452222
0.313984
0.178561
0.421105
0.734708
0.262934
0.163116
0.187538
0.276324
0.211808
0.281117
0.325928
0.300746
0.275259
0.338710
0.173844
0.120055
0.116479
0.130097
0.119750
0.117620
0.127130
0.142955
0.245816
0.276476
0.300137
0.297702
0.479382
0.363436
0.295116
0.272824
0.520085
0.461123
0.310256
0.419127
0.410834
0.358338
0.360545
0.373783
0.335743
0.276019
0.230523
0.155584
0.154976
0.142118
0.153606
0.616403
0.599209
0.240033
0.266357
0.322162
0.223771
0.253623
0.231194
0.169728
0.258137
0.361836
0.772215
0.461960
0.439592
0.528530
0.417833
0.296942
0.289866
0.283019
0.278454
0.262781
0.184267
0.121348
0.191951
0.436549
0.282410
0.297893
0.287451
0.293746
0.400259
0.487751
0.441875
0.234099
0.293518
0.541616
0.505402
0.541844
0.608719
0.509206
0.393411
0.197657
0.172931
0.145313
0.140596
0.125837
0.122109
0.184647
0.120207
0.463329
0.242696
0.311321
0.331178
0.333384
0.274574
0.401856
0.373783
0.392727
0.376293
0.605523
0.412812
0.391814
0.297094
0.166920
0.142803
0.202450
0.135347
0.173463
0.118685
0.111077
0.110088
0.103165
0.106589
0.342133
0.444081
0.331406
0.148205
0.151780
0.184571
0.233338
0.184875
0.155052
0.196135
0.328971
0.416464
0.253804
0.242848
0.446211
0.334069
0.164410
0.175061
0.175974
0.179778
0.115110
0.178408
0.134434
0.119294
0.448418
0.341449
0.274878
0.194842
0.284464
0.248478
0.211427
0.252435
0.180082
0.216068
0.303180
0.234023
0.338558
0.363740
0.532943
0.416236
0.405280
0.414638
0.175213
0.136792
0.140444
0.304626
0.178256
0.169127
0.157791
0.254945
0.565049
0.507760
0.502282
0.476567
0.372033
0.371957
0.335971
0.496500
0.437614
0.324102
0.406497
0.302115
0.303561
0.249239
0.409769
0.266966
0.220100
0.241099
0.162127
0.141357
0.139455
0.155432
0.198874
0.239273
0.298539
0.294659
0.462568
0.641738
0.545496
0.460210
0.500076
0.775715
0.837036
0.898357
0.634738
0.401628
0.354839
0.304321
0.297931
0.375685
0.574026
0.575548
0.337645
0.322885
0.315733
0.331102
0.618609
0.486191
0.402180
0.357777
0.355600
0.437005
0.414714
0.476719
0.329960
0.318548
0.452488
0.434133
0.410006
0.413192
0.351491
0.342666
0.167605
0.144477
0.223828
0.227252
0.214927
0.164562
0.152845
0.156497
0.665475
0.495435
0.441646
0.451613
0.499391
0.410225
0.507075
0.536975
0.591296
0.425213
0.612219
0.576233
0.555310
0.544203
0.441038
0.348372
0.255478
0.231512
0.187614
0.161366
0.125076
0.216677
0.113436
0.252054
0.295040
0.279063
0.348790
0.265501
0.199559
0.319537
0.369979
0.531954
0.263923
0.254565
0.324102
0.389379
0.360316
0.517498
0.215992
0.138162
0.109936
0.117012
0.122642
0.127891
0.109023
0.119218
0.111990
0.108338
0.166083
0.267042
0.144629
0.153834
0.197276
0.202374
0.154900
0.126293
0.118990
0.127967
0.296561
0.255478
0.280813
0.197581
0.284921
0.171409
0.133369
0.161214
0.105676
0.085058
0.087873
0.082471
0.079884
0.083917
0.366479
0.331634
0.105676
0.131467
0.244066
0.248174
0.399878
0.412660
0.361762
0.292757
0.319766
0.547170
0.535149
0.301126
0.250076
0.120359
0.121348
0.106665
0.101187
0.095633
0.100654
0.143335
0.094340
0.093807
0.098220
0.364463
0.257551
0.360554
0.539757
0.393090
0.452213
0.281531
0.203363
0.159769
0.251902
0.319157
0.154215
0.258977
0.250304
0.184191
0.187005
0.133445
0.259358
0.152389
0.209297
0.269781
0.272368
0.253880
0.202526
0.162203
0.232349
0.270998
0.372337
0.416007
0.338786
0.329504
0.391129
0.440886
0.558354
0.596774
0.527237
0.327526
0.244446
0.207699
0.135271
0.147330
0.171390
0.154472
0.262111
0.142506
0.142844
0.280567
0.374877
0.448128
0.201810
0.142635
0.135491
0.160069
0.160604
0.154900
0.144096
0.193624
0.184343
0.160606
0.177039
0.547702
0.359251
0.283841
0.284708
0.277130
0.225616
0.154093
0.152556
0.126552
0.124741
0.128850
0.190345
0.168442
0.162759
0.150943
0.193335
0.215612
0.148456
0.146751
0.126263
0.178736
0.241707
0.255949
0.173889
0.297535
0.171652
0.139295
0.129846
0.114642
0.110197
0.108431
0.105447
0.169659
0.108871
0.124848
0.438375
0.188907
0.181680
0.151248
0.139531
0.151324
0.142384
0.160225
0.157334
0.148889
0.242848
0.196744
0.189516
0.231334
0.131541
0.285730
0.137665
0.122132
0.119735
0.122056
0.116867
0.111564
0.115870
0.113398
0.276598
0.176567
0.148410
0.141388
0.163306
0.176963
0.197322
0.164189
0.138246
0.181003
0.298767
0.407524
0.222756
0.154306
0.171379
0.136663
0.193168
0.121310
0.126769
0.164001
0.124149
0.114684
0.125092
0.120937
0.471493
0.409856
0.357920
0.323437
0.409845
0.355219
0.417909
0.296865
0.230904
0.216753
0.360126
0.323627
0.469064
0.529724
0.472980
0.369821
0.350274
0.370093
0.294644
0.259959
0.254116
0.269340
0.213352
0.175662
0.151856
0.401164
0.298646
0.461039
0.383376
0.284373
0.271470
0.178233
0.241829
0.258917
0.369705
0.391829
0.361161
0.309232
0.266987
0.347698
0.172023
0.219685
0.207834
0.148348
0.119061
0.116020
0.119217
0.138618
0.109860
0.219872
0.540247
0.324939
0.228165
0.281649
0.264607
0.307821
0.216601
0.459373
0.420192
0.515977
0.358110
0.323418
0.326689
0.280204
0.238892
0.149954
0.114501
0.108567
0.112295
0.139760
0.109099
0.112142
0.115186
0.374924
0.603393
0.440353
0.555615
0.255402
0.259510
0.252282
0.247946
0.306223
0.335971
0.150943
0.135119
0.725426
0.438071
0.344796
0.258217
0.252358
0.129184
0.133597
0.121957
0.108871
0.104002
0.104687
0.433962
0.314516
0.338253
0.261336
0.316951
0.312918
0.184799
0.187538
0.187614
0.183430
0.490946
0.535225
0.384054
0.227252
0.224817
0.198379
0.146588
0.144553
0.141586
0.134624
0.136431
0.120216
0.120892
0.138314
0.476263
0.242925
0.192331
0.180310
0.200548
0.191669
0.245397
0.289364
0.192689
0.230957
0.317156
0.291722
0.307502
0.258240
0.378720
0.407524
0.408985
0.365566
0.278074
0.172931
0.132075
0.126141
0.118153
0.116403
0.356741
0.330037
0.325624
0.356512
0.494979
0.380021
0.601111
0.599361
0.425289
0.461427
0.565505
0.789790
0.542833
0.415475
0.350806
0.399954
0.478850
0.317712
0.329428
0.318396
0.303789
0.287355
0.212264
0.308962
0.454428
0.473981
0.243609
0.485697
0.429854
0.340231
0.313147
0.409540
0.449178
0.422170
0.590079
0.510956
0.681984
0.602861
0.488512
0.407791
0.378195
0.330873
0.321211
0.333993
0.324939
0.314973
0.329656
0.337492
0.534236
0.410301
0.517042
0.446820
0.471318
0.495283
0.446972
0.420268
0.433886
0.516433
0.632532
0.440886
0.426963
0.493990
0.695831
0.439744
0.336047
0.325928
0.311473
0.299148
0.288877
0.294355
0.279367
0.275107
0.314973
0.600806
0.399346
0.498478
0.598220
0.575320
0.724209
0.577450
0.502282
0.516662
0.631315
0.673767
0.745663
0.530736
0.549072
0.501902
0.327906
0.318624
0.388542
0.291540
0.270618
0.286747
0.295572
0.272368
0.744218
0.567940
0.587797
0.482425
0.456710
0.588481
0.452069
0.443016
0.407638
0.421865
0.440049
0.612599
0.569766
0.445831
0.368914
0.502587
0.326385
0.315809
0.314364
0.323113
0.308278
0.282106
0.295724
0.247794
0.629869
0.525639
0.596089
0.644477
0.597383
0.603545
0.644172
0.692103
0.475578
0.571135
0.520313
0.481132
0.644781
0.585438
0.404823
0.359784
0.323113
0.314136
0.300974
0.279367
0.199330
0.158628
0.148509
0.123631
0.509358
0.606284
0.467514
0.395237
0.544811
0.513238
0.437005
0.462568
0.457623
0.517803
0.633901
0.721470
0.600274
0.527998
0.514455
0.456178
0.443777
0.570222
0.376217
0.333156
0.251750
0.216449
0.179397
0.191190
0.554397
0.440201
0.491479
0.491327
0.517727
0.583308
0.696516
0.588329
0.451841
0.508217
0.647292
0.606665
0.558278
0.494218
0.429017
0.500304
0.406954
0.375000
0.315277
0.319385
0.324863
0.378880
0.290094
0.307669
0.636869
0.681223
0.500761
0.475198
0.518107
0.585058
0.494674
0.470405
0.541692
0.592970
0.862142
0.728317
0.596318
0.637097
0.762097
0.530584
0.387705
0.388542
0.457928
0.394172
0.394781
0.368077
0.361762
0.538116
0.443396
0.648737
0.800670
0.639988
0.909617
0.746196
0.522368
0.547170
0.616023
0.536823
0.594187
0.692712
0.712568
0.507456
0.852785
0.699863
0.446744
0.615490
0.740414
0.510271
0.468198
0.434419
0.389151
0.353774
0.369294
0.528074
0.502130
0.510651
0.558354
0.651019
0.634814
0.455569
0.487371
0.715840
0.756619
0.738968
0.641814
0.620892
0.860393
0.556452
0.455265
0.452298
0.513542
0.480295
0.458308
0.382228
0.365718
0.395694
0.808125
0.614121
0.599437
0.746576
0.752739
0.553561
0.418822
0.402085
0.421181
0.540170
0.616327
0.497565
0.532410
0.518792
0.491935
0.493305
0.413268
0.346242
0.356056
0.352708
0.347002
0.357882
0.332167
0.356741
0.668518
0.569005
0.475959
0.671713
0.597839
0.601567
0.721242
0.735925
0.490338
0.661975
0.695070
0.695146
0.640520
0.564288
0.524878
0.491707
0.432745
0.388390
0.377815
0.326309
0.314516
0.299376
0.288040
0.284845
0.772368
0.544583
0.450091
0.395542
0.603089
0.509967
0.524117
0.565733
0.537508
0.475426
0.507152
0.710438
0.714470
0.522976
0.627054
0.625076
0.455873
0.392498
0.352937
0.318168
0.285225
0.284388
0.283780
0.303637
0.707243
0.566114
0.638314
0.468198
0.505858
0.662279
0.508977
0.508293
0.536519
0.547702
0.564136
0.684723
0.554093
0.531117
0.415855
0.389151
0.363131
0.352252
0.331406
0.309343
0.304169
0.305995
0.289334
0.290018
0.765368
0.453591
0.482958
0.441494
0.477404
0.633597
0.588938
0.443624
0.455949
0.555082
0.556071
0.550061
0.565809
0.512477
0.445831
0.393716
0.350578
0.329960
0.392118
0.332319
0.316646
0.312918
0.336808
0.426887
0.359023
0.636412
0.709906
0.489881
0.358034
0.430539
0.636412
0.373250
0.416159
0.510575
0.416388
0.434114
0.512477
0.464166
0.439897
0.343655
0.292149
0.249467
0.179397
0.190886
0.161823
0.175974
0.138466
0.142422
0.185180
0.311625
0.184114
0.272748
0.316418
0.497109
0.564288
0.557821
0.401856
0.644324
0.542529
0.532486
0.493685
0.470177
0.522748
0.627206
0.352556
0.233795
0.169431
0.165323
0.156649
0.159617
0.179169
0.161062
0.587416
0.243990
0.275487
0.343122
0.235697
0.308278
0.407638
0.318168
0.408628
0.403758
0.443244
0.447276
0.617848
0.475198
0.425974
0.370207
0.343883
0.245511
0.245663
0.176126
0.158247
0.168518
0.150867
0.165018
0.330949
0.239653
0.411747
0.496196
0.511184
0.527769
0.610925
0.632760
0.417301
0.604610
0.623859
0.678637
0.522139
0.570526
0.413801
0.416844
0.363588
0.314820
0.307060
0.318472
0.250152
0.212036
0.183354
0.258901
0.593655
0.579504
0.443929
0.366327
0.394857
0.360697
0.325015
0.310027
0.396911
0.393868
0.424985
0.423615
0.424452
0.472839
0.412660
0.385499
0.546105
0.410073
0.483491
0.373859
0.371957
0.278911
0.267042
0.269705
0.274498
0.221774
0.203439
0.195755
0.322200
0.305386
0.470747
0.308715
0.331862
0.320679
0.436473
0.426354
0.690125
0.730904
0.598752
0.456862
0.646683
0.430006
0.343122
0.268868
0.245663
0.198418
0.159388
0.205721
0.307136
0.227100
0.209830
0.276780
0.230219
0.291920
0.223752
0.206710
0.210058
0.241707
0.436093
0.478469
0.538040
0.300746
0.222383
0.161214
0.176506
0.176963
0.160682
0.138847
0.192103
0.128043
0.128500
0.151400
0.215840
0.265825
0.175860
0.242982
0.237361
0.422094
0.273813
0.223144
0.205113
0.254222
0.204028
0.302115
0.334906
0.339623
0.354801
0.286119
0.191333
0.211331
0.176538
0.161191
0.148935
0.153743
0.152149
0.163419
0.177564
0.275540
0.359183
0.325498
0.314248
0.398859
0.370268
0.316859
0.331939
0.430447
0.517597
0.500883
0.420215
0.349239
0.339098
0.329717
0.264288
0.263542
0.196972
0.139531
0.134967
0.133673
0.234556
0.172398
0.261336
0.283704
0.233567
0.257152
0.334221
0.544735
0.219340
0.242925
0.212340
0.186625
0.265064
0.270618
0.335819
0.393411
0.442483
0.535758
0.327450
0.272063
0.313223
0.221850
0.204124
0.133369
0.112142
0.126826
0.227176
0.138923
0.186853
0.268031
0.185712
0.302039
0.245968
0.258977
0.308582
0.331634
0.409084
0.370968
0.413725
0.689744
0.391738
0.678256
0.396683
0.312310
0.309799
0.296789
0.412279
0.323570
0.253576
0.206178
0.314897
0.236153
0.278302
0.297855
0.261412
0.260956
0.307973
0.277998
0.366707
0.308430
0.434038
0.530128
0.694690
0.493914
0.608034
0.380782
0.328667
0.310027
0.309571
0.241707
0.236686
0.200091
0.280584
0.248554
0.322809
0.216449
0.190962
0.215536
0.235849
0.296713
0.360773
0.354382
0.358414
0.433430
0.679702
0.522672
0.541464
0.722991
0.529671
0.496652
0.350502
0.286214
0.238588
0.173463
0.257456
0.142194
0.172246
0.135727
0.257760
0.170496
0.200320
0.221698
0.274802
0.332015
0.351795
0.343198
0.344340
0.369979
0.467894
0.598676
0.424909
0.394172
0.424148
0.420953
0.368761
0.477024
0.180158
0.152769
0.142118
0.152998
0.167529
0.139455
0.177039
0.266433
0.194461
0.167072
0.243457
0.337492
0.381543
0.276400
0.312158
0.244827
0.271835
0.389607
0.588101
0.500685
0.353393
0.335134
0.201004
0.175137
0.175593
0.169355
0.241707
0.150715
0.197505
0.137629
0.176506
0.491859
0.308354
0.295496
0.382836
0.428408
0.460514
0.500152
0.535073
0.495740
0.530508
0.608795
0.488664
0.487599
0.457091
0.662660
0.533095
0.419583
0.412736
0.342666
0.351415
0.346546
0.286214
0.310788
0.379945
0.616023
0.594644
0.604687
0.695374
0.594187
0.735773
0.677343
0.476339
0.507075
0.571287
0.660073
0.774954
0.547626
0.536747
0.575928
0.381163
0.404139
0.448341
0.449939
0.455037
0.386945
0.357502
0.415247
0.422855
0.436321
0.747946
0.453743
0.549300
0.448189
0.386869
0.390825
0.468807
0.592514
0.710210
0.539866
0.489349
0.489729
0.553104
0.504489
0.489425
0.602632
0.438147
0.365490
0.343731
0.337264
0.339318
0.320679
0.699026
0.468198
0.575928
0.560103
0.578895
0.597915
0.506315
0.523357
0.647368
0.593351
0.706406
0.660149
0.626522
0.651096
0.593351
0.504260
0.439136
0.441342
0.401248
0.410453
0.382608
0.370587
0.364729
0.395085
0.751369
0.560636
0.516662
0.553637
0.555463
0.679930
0.620435
0.669583
0.615186
0.564592
0.630782
0.666540
0.605219
0.581482
0.573722
0.613360
0.468427
0.499163
0.418138
0.395618
0.378576
0.347079
0.335134
0.331482
0.781726
0.712873
0.529139
0.598752
0.929245
0.719035
0.722002
0.677115
0.657486
0.668594
0.588253
0.849057
0.645237
0.568624
0.486534
0.465840
0.429702
0.479078
0.373402
0.352785
0.343807
0.433430
0.343427
0.338481
0.376446
0.635651
0.582547
0.512477
0.591068
0.538344
0.493685
0.465764
0.467590
0.639455
0.934191
0.570831
0.700396
0.600274
0.573570
0.449026
0.425365
0.355523
0.337492
0.343274
0.334145
0.334601
0.360393
0.338634
0.362979
0.659617
0.600046
0.603850
0.653226
0.544203
0.495663
0.452450
0.454352
0.549985
0.641662
0.586808
0.590764
0.609936
0.496044
0.543061
0.529976
0.491859
0.536366
0.466905
0.410453
0.404595
0.400639
0.411062
0.610088
0.474893
0.467438
0.484327
0.470405
0.537279
0.503195
0.503652
0.489273
0.522900
0.685332
0.886716
0.718122
0.629489
0.565733
0.442331
0.476187
0.588558
0.393944
0.400639
0.370663
0.365718
0.365490
0.420496
0.606969
0.460438
0.562690
0.656193
0.552648
0.559191
0.576080
0.569385
0.562842
0.589014
0.658247
0.666616
0.672018
0.592057
0.609175
0.549376
0.528302
0.449863
0.440429
0.424452
0.402693
0.402998
0.378119
0.487219
0.627967
0.604534
0.502967
0.513618
0.595557
0.779063
0.719644
0.567788
0.543214
0.543594
0.818092
0.648737
0.624239
0.440505
0.479002
0.426354
0.419735
0.390673
0.383141
0.341449
0.339394
0.330797
0.320907
0.317331
0.618914
0.662051
0.510575
0.482045
0.462188
0.533019
0.785073
0.595785
0.486153
0.591829
1.000000
0.485849
0.536214
0.592894
0.498402
0.506010
0.400259
0.426050
0.351872
0.327526
0.322428
0.311245
0.313299
0.290779
0.594035
0.638086
0.551050
0.592666
0.547322
0.738055
0.718655
0.764988
0.660758
0.565581
0.565505
0.514836
0.490566
0.586884
0.596546
0.502206
0.372870
0.418214
0.399270
0.305767
0.325320
0.308962
0.304321
0.327298
0.309038
0.373859
0.480600
0.739881
0.614425
0.685027
0.674376
0.569690
0.526096
0.623859
0.686397
0.759206
0.726187
0.627663
0.546485
0.499848
0.424148
0.452374
0.492772
0.462112
0.414486
0.395998
0.382456
0.377282
0.408704
0.533628
0.809571
0.513086
0.676887
0.673235
0.626141
0.548235
0.540399
0.530356
0.784236
0.719720
0.633369
0.510575
0.569918
0.467666
0.385043
0.373935
0.380934
0.504793
0.426126
0.604915
0.368077
0.347307
0.644096
0.503119
0.479534
0.513390
0.482349
0.486838
0.580189
0.556376
0.593959
0.539334
0.880250
0.910530
0.583917
0.537127
0.603393
0.497794
0.459601
0.449178
0.467057
0.425061
0.422018
0.523128
0.416312
0.416159
0.757456
0.653758
0.573570
0.597611
0.620968
0.615110
0.569157
0.585438
0.602785
0.599893
0.682441
0.637629
0.717209
0.585895
0.524802
0.502435
0.454047
0.450320
0.436016
0.420344
0.404823
0.413192
0.402921
0.443092
0.784617
0.569918
0.700243
0.566494
0.552952
0.680843
0.604382
0.583460
0.592894
0.590688
0.666844
0.685864
0.487523
0.441722
0.427191
0.439212
0.678104
0.708993
0.632912
0.462721
0.359404
0.297018
0.268792
0.294355
0.472535
0.441418
0.394020
0.311397
0.313984
0.430234
0.484404
0.467362
0.417909
0.519629
0.568701
0.446820
0.492164
0.501217
0.471166
0.347383
0.296637
0.339775
0.279367
0.247337
0.298767
0.243685
0.281878
0.302039
0.584830
0.423083
0.407486
0.547931
0.506315
0.565657
0.522900
0.585514
0.456786
0.560027
0.849285
0.911975
0.505250
0.449939
0.368457
0.308354
0.357045
0.275715
0.340612
0.241175
0.193701
0.215383
0.176126
0.212645
0.249848
0.393488
0.339547
0.473828
0.581178
0.409921
0.403454
0.357882
0.394020
0.615033
0.682897
0.539181
0.620587
0.463481
0.367848
0.369218
0.321363
0.269781
0.202222
0.176582
0.214623
0.169051
0.165018
0.196059
0.226187
0.486077
0.544735
0.501141
0.490566
0.572961
0.447048
0.363892
0.293442
0.318777
0.461884
0.398509
0.454656
0.457091
0.402085
0.309875
0.258825
0.308201
0.305234
0.235088
0.186245
0.180919
0.170953
0.291616
0.485316
0.338405
0.230904
0.354687
0.370511
0.341068
0.449026
0.381163
0.337036
0.470861
0.603241
0.465003
0.454124
0.325700
0.316342
0.257912
0.314060
0.194157
0.187690
0.248783
0.167529
0.161671
0.173007
0.182669
0.491251
0.539790
0.364425
0.469340
0.516433
0.724361
0.691342
0.411138
0.353774
0.399498
0.680767
0.541083
0.493761
0.526476
0.642727
0.601415
0.485621
0.404139
0.301811
0.265444
0.270237
0.284464
0.239729
0.312310
0.718807
0.528834
0.407638
0.385423
0.576004
0.529063
0.434571
0.417072
0.369066
0.362751
0.614349
0.552876
0.982654
0.615946
0.549833
0.532562
0.305158
0.552495
0.304550
0.187082
0.193092
0.175593
0.172322
0.168442
0.529823
0.469948
0.530813
0.370968
0.386260
0.549985
0.561169
0.453211
0.424833
0.427115
0.667529
0.643335
0.577374
0.641509
0.554550
0.292453
0.219416
0.238131
0.204808
0.200700
0.160073
0.176887
0.140140
0.208384
0.674452
0.372413
0.214470
0.176126
0.219340
0.299833
0.296333
0.307060
0.296409
0.255250
0.331710
0.351719
0.334982
0.237295
0.211808
0.255250
0.309951
0.137097
0.110697
0.101339
0.178332
0.100274
0.094264
0.105143
0.108262
0.142727
0.207015
0.177952
0.240870
0.207851
0.221470
0.206102
0.196211
0.310180
0.332547
0.342818
0.242088
0.204960
0.184419
0.209221
0.097535
0.091525
0.091296
0.091525
0.153454
0.091372
0.086960
0.093579
0.080645
0.115566
0.158247
0.140292
0.283780
0.232045
0.313755
0.308658
0.426354
0.423615
0.467666
0.541540
0.606817
0.364805
0.409997
0.409464
0.424528
0.227176
0.291996
0.165399
0.211960
0.456178
0.247109
0.350350
0.576156
0.555615
0.520542
0.535225
0.478926
0.619903
0.301659
0.313375
0.513999
0.435256
0.593427
0.457319
0.629260
0.304474
0.228165
0.243153
0.323265
0.234860
0.148281
0.135727
0.145466
0.150943
0.147139
0.250685
0.454047
0.309875
0.287279
0.376141
0.335514
0.327982
0.298235
0.314592
0.359784
0.371424
0.542301
0.600426
0.495663
0.368229
0.258749
0.288040
0.309267
0.186397
0.268031
0.232578
0.220253
0.133673
0.271683
0.117848
0.493381
0.374163
0.303484
0.227632
0.287127
0.289562
0.272215
0.306147
0.400107
0.439440
0.604991
0.598220
0.492620
0.289029
0.346850
0.208232
0.177115
0.169279
0.137249
0.150791
0.171485
0.233491
0.127739
0.118761
0.557517
0.368990
0.442940
0.647063
0.443092
0.376217
0.343731
0.372642
0.317864
0.281649
0.384358
0.289790
0.341525
0.276324
0.190049
0.141357
0.236458
0.110088
0.252511
0.218883
0.118609
0.094416
0.093883
0.097231
0.216372
0.523052
0.268944
0.389607
0.364957
0.162888
0.146911
0.128652
0.128424
0.216372
0.209069
0.201080
0.170344
0.126902
0.142879
0.113512
0.104230
0.108643
0.117620
0.193548
0.142651
0.123402
0.110012
0.143335
0.166768
0.278758
0.173844
0.144477
0.148889
0.124696
0.142727
0.121805
0.104839
0.094416
0.116403
0.100502
0.218655
0.110469
0.130554
0.127967
0.154291
0.150411
0.104458
0.097155
0.092362
0.092285
0.090155
0.099970
0.197352
0.169963
0.137173
0.107730
0.144553
0.425441
0.519324
0.364425
0.405204
0.599209
0.644933
0.639836
0.422474
0.315505
0.295496
0.239501
0.224057
0.212721
0.134967
0.120968
0.118153
0.156954
0.226187
0.104763
0.369979
0.219644
0.264151
0.433201
0.321059
0.494066
0.269857
0.407106
0.350274
0.248554
0.521987
0.398433
0.364805
0.308658
0.250076
0.185484
0.329124
0.148661
0.157867
0.169963
0.107730
0.161290
0.122185
0.124772
0.456634
0.473068
0.290703
0.341144
0.391281
0.622870
0.313451
0.355067
0.589242
0.367544
0.401476
0.491707
0.371881
0.275411
0.335590
0.200015
0.326613
0.124163
0.112219
0.234784
0.129793
0.116859
0.109404
0.157410
0.508597
0.390292
0.304017
0.431528
0.430386
0.290399
0.264988
0.291007
0.204124
0.244522
0.374087
0.280052
0.223904
0.221698
0.212949
0.253348
0.209373
0.145161
0.107654
0.116251
0.120968
0.111914
0.099893
0.107806
0.347079
0.212949
0.228013
0.194005
0.197428
0.208764
0.210819
0.224817
0.212340
0.215916
0.270922
0.290323
0.346622
0.303028
0.222839
0.268335
0.156345
0.137629
0.136108
0.259586
0.145770
0.149346
0.125685
0.137553
0.499239
0.200852
0.198494
0.128728
0.114044
0.212112
0.142498
0.217209
0.161519
0.202982
0.520161
0.591296
0.366783
0.335743
0.285986
0.171257
0.108795
0.099970
0.101491
0.153682
0.093351
0.080341
0.081406
0.111001
0.094948
0.292909
0.281954
0.258217
0.420040
0.273813
0.334601
0.262097
0.282943
0.393716
0.518107
0.617772
0.412127
0.315733
0.224057
0.228774
0.159769
0.157030
0.114425
0.114957
0.224361
0.142803
0.113131
0.125152
0.146302
0.387021
0.459982
0.388466
0.445526
0.552648
0.421637
0.479687
0.368761
0.422626
0.650030
0.556376
0.520161
0.417605
0.269705
0.238436
0.246500
0.142498
0.262249
0.111686
0.113816
0.112523
0.112675
0.163877
0.431452
0.218122
0.359099
0.326309
0.294127
0.341677
0.306299
0.253500
0.266509
0.262249
0.542072
0.480371
0.281878
0.251750
0.204352
0.277998
0.162051
0.189060
0.152693
0.108414
0.103621
0.116251
0.109175
0.109708
0.226643
0.186093
0.247185
0.218655
0.267575
0.377206
0.196744
0.220024
0.334677
0.337797
0.448874
0.456939
0.252130
0.191722
0.161442
0.141281
0.110469
0.110621
0.110316
0.175289
0.099817
0.120587
0.124239
0.187082
0.494674
0.455645
0.515064
0.498554
0.312158
0.209297
0.157867
0.234404
0.268716
0.264455
0.453287
0.292377
0.283399
0.232349
0.201385
0.158704
0.096089
0.179017
0.107121
0.146683
0.147063
0.136260
0.093351
0.101111
0.372642
0.170420
0.183962
0.206406
0.245131
0.239121
0.172094
0.262097
0.218655
0.210362
0.276096
0.306452
0.555615
0.220633
0.144324
0.081634
0.085362
0.082471
0.092438
0.161290
0.191722
0.081786
0.076461
0.082167
0.327678
0.319842
0.197961
0.215764
0.210438
0.217970
0.225046
0.238360
0.210362
0.186473
0.303941
0.348600
0.305767
0.280660
0.194537
0.144096
0.107273
0.120968
0.137249
0.093274
0.101187
0.283780
0.261184
0.191951
0.104078
0.632456
0.292833
0.253880
0.336808
0.318016
0.243381
0.228393
0.196363
0.216220
0.265596
0.488360
0.328971
0.230523
0.211732
0.111610
0.103317
0.110469
0.089166
0.088025
0.090155
0.085590
0.077678
0.075852
0.076841
0.275639
0.353850
0.346926
0.529900
0.412355
0.578591
0.448646
0.415779
0.379489
0.527313
0.380402
0.530736
0.292757
0.273433
0.382152
0.378956
0.263466
0.236077
0.169963
0.177343
0.193548
0.222839
0.316799
0.502891
0.450776
0.274498
0.344340
0.510956
0.385575
0.430919
0.392422
0.283932
0.458004
0.579276
0.310408
0.281954
0.300974
0.246881
0.181908
0.164105
0.127663
0.124163
0.123631
0.193320
0.149726
0.120359
0.128271
0.356436
0.175441
0.194461
0.233567
0.301506
0.219568
0.237142
0.273281
0.242392
0.224285
0.330189
0.375076
0.315505
0.392955
0.242240
0.223600
0.168518
0.117088
0.106741
0.173235
0.102556
0.094796
0.087036
0.120359
0.488512
0.199330
0.244370
0.195070
0.249696
0.291007
0.261032
0.283932
0.235773
0.160530
0.287051
0.444842
0.310027
0.203287
0.164257
0.300289
0.097002
0.120587
0.085286
0.219568
0.211427
0.107958
0.085666
0.079580
0.341905
0.275867
0.239349
0.265140
0.341905
0.224209
0.148661
0.201993
0.180006
0.240490
0.335590
0.348220
0.329808
0.229002
0.194309
0.095100
0.096166
0.087492
0.183125
0.170192
0.100198
0.086732
0.092285
0.114577
0.479306
0.426582
0.180539
0.158323
0.186473
0.195374
0.180006
0.192331
0.312158
0.344035
0.228013
0.222535
0.457015
0.253424
0.192788
0.134434
0.105828
0.128728
0.117164
0.107502
0.102404
0.108414
0.109404
0.102785
0.174148
0.271264
0.290646
0.217181
0.254793
0.322276
0.374620
0.213025
0.205949
0.247261
0.281117
0.306299
0.301887
0.257152
0.302952
0.302039
0.130554
0.111838
0.132228
0.179550
0.131086
0.169811
0.145846
0.106589
0.312538
0.289790
0.247946
0.196972
0.184799
0.219111
0.239121
0.313375
0.246957
0.229306
0.329808
0.399346
0.313831
0.283171
0.255934
0.383217
0.231665
0.249315
0.172018
0.110316
0.119294
0.194309
0.120435
0.188451
0.469872
0.169963
0.122642
0.210058
0.193663
0.233719
0.089318
0.162964
0.171333
0.282562
0.311625
0.236382
0.244218
0.199483
0.293442
0.324863
0.107121
0.104610
0.096926
0.156573
0.108567
0.183125
0.148357
0.114881
0.357349
0.284997
0.384358
0.310332
0.201917
0.396607
0.449635
0.300213
0.299833
0.378195
0.723448
0.463101
0.368837
0.301811
0.176811
0.193016
0.226795
0.136032
0.107425
0.208232
0.187842
0.093274
0.095709
0.113131
0.517955
0.296942
0.162203
0.205113
0.334982
0.277313
0.385879
0.345253
0.279139
0.522824
0.544279
0.474589
0.420268
0.316342
0.270085
0.141586
0.159617
0.202450
0.142270
0.117544
0.121881
0.114577
0.104002
0.127891
0.406421
0.140673
0.148205
0.170040
0.421181
0.285225
0.259738
0.234327
0.224970
0.370816
0.427876
0.254717
0.211047
0.187234
0.180386
0.158171
0.095024
0.086808
0.097687
0.089014
0.084069
0.090536
0.083156
0.084982
0.447124
0.125000
0.391433
0.159312
0.169583
0.199483
0.169735
0.153911
0.117848
0.209525
0.370131
0.468503
0.228393
0.226187
0.164334
0.179397
0.111914
0.178941
0.127511
0.106969
0.091449
0.103317
0.091144
0.121272
0.140292
0.375000
0.326689
0.266814
0.265216
0.479306
0.283475
0.280889
0.324483
0.321287
0.450396
0.452222
0.254489
0.244294
0.218427
0.165323
0.100122
0.084982
0.091296
0.088405
0.362142
0.185712
0.123402
0.113436
0.146531
0.423083
0.265596
0.332471
0.407791
0.368914
0.304474
0.368381
0.481741
0.436169
0.535377
0.585362
0.671181
0.392422
0.432365
0.222307
0.253652
0.229687
0.154900
0.152237
0.177419
0.137477
0.236001
0.129032
0.230676
0.351567
0.485012
0.285453
0.185332
0.183354
0.357349
0.269248
0.307060
0.346089
0.810712
0.461275
0.378348
0.205797
0.253804
0.155813
0.128804
0.172931
0.120892
0.109784
0.103013
0.170268
0.121348
0.110164
0.282106
0.281497
0.185256
0.249011
0.365033
0.174148
0.236001
0.226872
0.185940
0.273128
0.291540
0.290247
0.253728
0.229839
0.105980
0.122642
0.103165
0.097915
0.092818
0.190125
0.090460
0.092285
0.087264
0.085666
0.336579
0.192027
0.261564
0.138771
0.145009
0.420192
0.331786
0.320298
0.231589
0.388314
0.445298
0.348296
0.194766
0.480295
0.259130
0.188831
0.134967
0.136564
0.102176
0.088025
0.088101
0.081254
0.083156
0.101795
0.454960
0.161595
0.157334
0.143411
0.287812
0.223904
0.203058
0.174680
0.184495
0.332928
0.438071
0.305539
0.385956
0.217057
0.134662
0.149498
0.151628
0.143259
0.156802
0.197352
0.102100
0.096242
0.113740
0.120663
0.502435
0.155889
0.166388
0.552952
0.340536
0.250609
0.216981
0.188147
0.178180
0.276628
0.253956
0.217742
0.250913
0.228241
0.167149
0.169887
0.108719
0.102252
0.108491
0.107045
0.200852
0.195298
0.109251
0.115338
0.193092
0.254184
0.177648
0.311245
0.271379
0.165475
0.166312
0.170800
0.124467
0.091905
0.164942
0.247489
0.120283
0.275411
0.500913
0.244370
0.152541
0.090840
0.083612
0.089547
0.080037
0.080113
0.081406
0.089470
0.112827
0.240110
0.530356
0.220100
0.240794
0.234632
0.218427
0.229458
0.246044
0.363208
0.569994
0.446439
0.588405
0.356512
0.308278
0.366327
0.188375
0.193701
0.113208
0.131999
0.159921
0.098600
0.091905
0.085743
0.428104
0.239425
0.169583
0.239957
0.387858
0.390216
0.214927
0.199102
0.216905
0.336047
0.575396
0.587188
0.391053
0.331558
0.310788
0.247109
0.178637
0.194994
0.156193
0.118609
0.139455
0.294127
0.099970
0.142498
0.291540
0.135651
0.162432
0.168290
0.258521
0.247413
0.247489
0.249696
0.217894
0.230600
0.378728
0.414486
0.707775
0.392270
0.274194
0.181376
0.174148
0.201385
0.169051
0.122109
0.100502
0.240718
0.250685
0.123935
0.473220
0.219035
0.267042
0.446059
0.431680
0.442940
0.555691
0.289562
0.507988
0.774878
0.702069
0.451613
0.445222
0.238436
0.230067
0.290627
0.259130
0.149422
0.169735
0.133369
0.134054
0.122413
0.209982
0.207547
0.272672
0.137629
0.335362
0.168594
0.303028
0.353089
0.322961
0.417377
0.379869
0.544811
0.450624
0.379641
0.340460
0.238284
0.159160
0.200548
0.110545
0.177115
0.198874
0.118990
0.083232
0.105143
0.319157
0.234860
0.279215
0.189440
0.180234
0.171029
0.149422
0.217590
0.218198
0.227785
0.273585
0.425746
0.513999
0.450700
0.254945
0.226263
0.167072
0.185484
0.213329
0.192255
0.271302
0.314440
0.171865
0.218655
0.284921
0.131315
0.157486
0.622870
0.440201
0.285073
0.329580
0.361001
0.244294
0.267803
0.312462
0.371196
0.520694
0.381543
0.469872
0.295496
0.201156
0.185788
0.166616
0.176582
0.119827
0.112371
0.092362
0.090307
0.104230
0.092362
0.137249
0.282030
0.317103
0.319842
0.381619
0.350806
0.335134
0.347991
0.399041
0.361306
0.404976
0.363740
0.325776
0.263466
0.382760
0.098981
0.090536
0.081254
0.141890
0.082623
0.127054
0.083841
0.132152
0.110393
0.457319
0.193624
0.131391
0.183430
0.150639
0.266662
0.224513
0.192179
0.202145
0.315809
0.328058
0.309723
0.211275
0.205417
0.103698
0.119979
0.104534
0.098448
0.100350
0.125304
0.154443
0.099741
0.080721
0.081482
0.320755
0.305463
0.206102
0.162508
0.186016
0.235164
0.195298
0.146911
0.161138
0.308734
0.423844
0.331862
0.277237
0.307593
0.248402
0.176659
0.179245
0.096926
0.212264
0.149878
0.199026
0.083917
0.120511
0.153378
0.347763
0.336199
0.305234
0.306299
0.386032
0.330949
0.256695
0.227937
0.317712
0.340688
0.573494
0.249163
0.284540
0.213025
0.214623
0.102785
0.130934
0.133293
0.070603
0.078819
0.090916
0.264912
0.185864
0.235621
0.462188
0.158247
0.137553
0.221622
0.223144
0.185788
0.190581
0.186929
0.169279
0.391662
0.316190
0.422246
0.361762
0.577982
0.246196
0.141738
0.206254
0.103698
0.148281
0.119827
0.140596
0.178332
0.152845
0.217590
0.306071
0.266890
0.291768
0.343655
0.306223
0.284540
0.300746
0.320983
0.369979
0.388542
0.449635
0.297626
0.382912
0.195907
0.224437
0.212416
0.213634
0.131163
0.168061
0.203895
0.129032
0.167529
0.131847
0.170040
0.302343
0.478850
0.276172
0.336199
0.335590
0.350426
0.256923
0.253804
0.287964
0.340764
0.408323
0.388618
0.410834
0.360393
0.256010
0.205037
0.227252
0.223524
0.176430
0.179397
0.136336
0.129869
0.134814
0.152009
0.282486
0.291159
0.226719
0.248326
0.273889
0.281954
0.333841
0.373174
0.419887
0.398585
0.534008
0.418138
0.315657
0.292377
0.248022
0.171485
0.138086
0.175441
0.130782
0.095937
0.079732
0.077830
0.107273
0.111762
0.419659
0.161366
0.188071
0.175365
0.215383
0.158780
0.109708
0.123707
0.090612
0.116783
0.507760
0.374848
0.212949
0.151400
0.095481
0.087797
0.083004
0.081862
0.085286
0.149346
0.206558
0.082775
0.119218
0.087112
0.419279
0.323494
0.242544
0.125380
0.111229
0.114653
0.167377
0.107578
0.128880
0.146379
0.289638
0.542681
0.327069
0.207243
0.109404
0.083156
0.085514
0.085438
0.079352
0.084677
0.211047
0.148357
0.075472
0.128119
0.268716
0.096926
0.095024
0.090155
0.138923
0.089242
0.088786
0.081482
0.100502
0.232197
0.349209
0.385727
0.342742
0.164486
0.157638
0.112979
0.241555
0.236077
0.136108
0.145694
0.086351
0.084906
0.074254
0.102024
0.328667
0.137629
0.212264
0.290627
0.240414
0.293138
0.444614
0.417681
0.336123
0.484327
0.550670
0.341068
0.337264
0.236686
0.111229
0.128195
0.086808
0.085895
0.091068
0.080873
0.073494
0.133217
0.295572
0.318472
0.466296
0.325091
0.157943
0.127358
0.156878
0.180843
0.248098
0.200320
0.215916
0.243837
0.326993
0.152313
0.202450
0.131543
0.154900
0.120587
0.086579
0.077069
0.086503
0.083764
0.079504
0.070450
0.237675
0.154139
0.224209
0.336503
0.172626
0.302115
0.237903
0.274117
0.255021
0.320374
0.285834
0.180463
0.371652
0.467133
0.263694
0.157410
0.111686
0.119903
0.117240
0.084982
0.109632
0.105600
0.080873
0.149650
0.101415
0.255630
0.134054
0.545496
0.528758
0.589775
0.321744
0.313907
0.307441
0.346774
0.287660
0.499239
0.763923
0.421713
0.265749
0.255934
0.127587
0.185256
0.164181
0.176963
0.149194
0.178637
0.102708
0.092590
0.084906
0.115566
0.425213
0.293214
0.115870
0.134662
0.128043
0.192788
0.173235
0.188147
0.123859
0.212645
0.503424
0.253728
0.277693
0.231436
0.222002
0.167301
0.094948
0.099817
0.189897
0.186321
0.088101
0.094948
0.171105
0.262097
0.572657
0.285073
0.222611
0.191494
0.177876
0.194385
0.129869
0.138618
0.111229
0.184267
0.297626
0.151856
0.284540
0.185560
0.125380
0.164181
0.133065
0.164105
0.242620
0.209373
0.091525
0.113208
0.095481
0.111077
0.369522
0.270770
0.326689
0.311397
0.267803
0.276704
0.316494
0.376826
0.209753
0.191951
0.261184
0.142727
0.194461
0.142042
0.101643
0.092285
0.088177
0.103317
0.268335
0.121957
0.081482
0.087188
0.079352
0.074787
0.254184
0.189820
0.098600
0.090231
0.121196
0.399726
0.230676
0.126217
0.175365
0.184875
0.505554
0.336960
0.195450
0.208460
0.136640
0.096470
0.088101
0.249315
0.248402
0.108034
0.100959
0.084449
0.084069
0.116099
0.373935
0.241099
0.089775
0.120435
0.216829
0.218046
0.255858
0.211199
0.157258
0.166540
0.466753
0.284312
0.244066
0.398813
0.168594
0.154595
0.125000
0.165094
0.236382
0.123478
0.099361
0.089623
0.085362
0.097763
0.142498
0.329656
0.328895
0.185103
0.170420
0.206939
0.210971
0.288801
0.293214
0.308506
0.429930
0.241023
0.282486
0.231360
0.236990
0.146379
0.108643
0.104230
0.110545
0.092742
0.118305
0.091372
0.086427
0.086732
0.172170
0.347991
0.224285
0.249391
0.232882
0.288801
0.270694
0.226948
0.254337
0.307973
0.337112
0.453819
0.338634
0.259282
0.243533
0.238664
0.246424
0.124087
0.093427
0.089623
0.089090
0.105676
0.082091
0.095177
0.496272
0.187234
0.211656
0.115566
0.136260
0.131543
0.236762
0.166159
0.113284
0.108643
0.206710
0.479154
0.258065
0.218198
0.142194
0.107045
0.091829
0.149270
0.084525
0.114653
0.089775
0.079732
0.075472
0.075472
0.321896
0.213253
0.158247
0.166616
0.171865
0.225959
0.107806
0.108947
0.092894
0.215992
0.342133
0.212645
0.198494
0.182821
0.122565
0.107273
0.094035
0.091601
0.084221
0.088634
0.111686
0.078819
0.077678
0.082471
0.160225
0.083460
0.085971
0.073950
0.187158
0.145085
0.076080
0.074407
0.079124
0.085134
0.111306
0.085438
0.093655
0.142498
0.131619
0.131315
0.155052
0.104610
0.099970
0.093046
0.079124
0.166236
0.088786
0.113968
0.192483
0.090688
0.102937
0.135119
0.123935
0.200928
0.101263
0.096926
0.063755
0.080341
0.098828
0.230676
0.186016
0.184799
0.259510
0.207928
0.127511
0.082699
0.087416
0.079808
0.084373
0.103317
0.168061
0.152313
0.141814
0.100654
0.118685
0.071972
0.087492
0.104991
0.182517
0.090992
0.110164
0.188223
0.245511
0.196592
0.119142
0.140825
0.379260
0.230219
0.179702
0.157410
0.081254
0.081102
0.107806
0.078667
0.082319
0.080569
0.129413
0.162888
0.300441
0.226719
0.290094
0.561245
0.396835
0.193777
0.247565
0.370511
0.341144
0.429321
0.469264
0.438527
0.372337
0.322276
0.114273
0.125076
0.112827
0.090840
0.099285
0.091829
0.093198
0.090764
0.134130
0.421561
0.489044
0.508369
0.454124
0.522596
0.660149
0.272139
0.210514
0.192940
0.561625
0.388390
0.241023
0.203287
0.182593
0.127891
0.106817
0.097155
0.107197
0.081406
0.087264
0.081254
0.092057
0.083232
0.370892
0.248098
0.107654
0.117316
0.256619
0.318701
0.213558
0.126141
0.099741
0.170268
0.459982
0.242696
0.210590
0.155128
0.159769
0.200700
0.129260
0.276172
0.109784
0.077450
0.085514
0.081406
0.099741
0.074939
0.325243
0.157486
0.151096
0.183962
0.123326
0.148205
0.164866
0.131847
0.137477
0.192559
0.207699
0.386336
0.363588
0.246120
0.135879
0.178028
0.189668
0.279063
0.245131
0.108947
0.100198
0.086123
0.126217
0.245359
0.203971
0.292909
0.208612
0.214547
0.303637
0.342590
0.286595
0.240870
0.218579
0.259434
0.472535
0.515292
0.422931
0.270009
0.229610
0.202830
0.099665
0.085819
0.092438
0.230752
0.230143
0.081178
0.079428
0.198418
0.325320
0.256543
0.301582
0.215079
0.127739
0.141129
0.116935
0.253348
0.123250
0.190962
0.355447
0.479306
0.319537
0.275335
0.166388
0.123783
0.087797
0.200320
0.218503
0.102100
0.107197
0.111534
0.103850
0.090536
0.542833
0.409236
0.286747
0.212797
0.238512
0.290094
0.328743
0.322809
0.180767
0.198494
0.319157
0.328895
0.331786
0.150335
0.208080
0.173083
0.092666
0.102328
0.118914
0.097079
0.087645
0.088253
0.090916
0.085362
0.158780
0.451156
0.308962
0.338786
0.501750
0.516053
0.440201
0.360012
0.372413
0.207319
0.416616
0.468351
0.429550
0.329808
0.253195
0.205189
0.124239
0.090536
0.085590
0.087645
0.093198
0.089547
0.087112
0.082547
0.122718
0.529823
0.539790
0.452450
0.486990
0.426430
0.376902
0.284312
0.332471
0.509586
0.590003
0.574254
0.503956
0.385347
0.373859
0.180463
0.185940
0.123631
0.224133
0.215536
0.116783
0.090916
0.084373
0.099817
0.487523
0.132608
0.250913
0.150487
0.161823
0.215992
0.170496
0.269933
0.165475
0.151704
0.294735
0.230980
0.192940
0.220785
0.171181
0.157486
0.145313
0.112979
0.195222
0.101795
0.095785
0.207395
0.080797
0.082471
0.388314
0.160682
0.173235
0.227024
0.224513
0.259282
0.145466
0.265901
0.252435
0.176202
0.193548
0.241859
0.198646
0.238968
0.183658
0.166007
0.226948
0.098296
0.071135
0.115718
0.266053
0.177343
0.174985
0.190733
0.388390
0.267727
0.405128
0.269248
0.408932
0.405965
0.280889
0.220405
0.100654
0.107654
0.368685
0.186093
0.300898
0.172931
0.236001
0.184114
0.159464
0.117468
0.089014
0.169051
0.094796
0.148889
0.170040
0.266509
0.464699
0.329276
0.278682
0.243381
0.372261
0.409540
0.196820
0.120968
0.103850
0.196211
0.552191
0.394477
0.225426
0.246881
0.183201
0.181452
0.157106
0.183354
0.206786
0.522748
0.355143
0.298463
0.212112
0.185560
0.654823
0.246805
0.236914
0.155356
0.196287
0.185332
0.168366
0.378576
0.142727
0.306376
0.361458
0.228013
0.215460
0.184267
0.126826
0.176735
0.166388
0.220709
0.203439
0.193472
0.193320
0.187614
0.360469
0.181528
0.186473
0.212721
0.417225
0.381999
0.361610
0.498478
0.332547
0.318701
0.326613
0.421257
0.478393
0.431984
0.450548
0.301506
0.223752
0.136640
0.115414
0.125761
0.130326
0.144705
0.096546
0.119827
0.085666
0.087416
0.095633
0.693777
0.448113
0.387705
0.282258
0.324635
0.285377
0.337949
0.251598
0.244674
0.402161
0.237523
0.218579
0.187386
0.104687
0.151096
0.135727
0.217742
0.144629
0.238588
0.103013
0.095861
0.095557
0.123478
0.535910
0.288497
0.232806
0.250152
0.217057
0.213862
0.208384
0.272063
0.212264
0.222002
0.315733
0.149194
0.189668
0.173007
0.136108
0.156573
0.162888
0.187766
0.166083
0.341296
0.281497
0.170268
0.085895
0.113055
0.509586
0.168442
0.254032
0.294887
0.536442
0.346470
0.448798
0.289638
0.201613
0.214166
0.501674
0.199026
0.315353
0.280052
0.176659
0.148433
0.183962
0.240718
0.132760
0.103926
0.110849
0.275943
0.249696
0.215612
0.415399
0.201233
0.129337
0.136716
0.147900
0.205949
0.171865
0.126141
0.140368
0.179778
0.373478
0.330569
0.183658
0.130554
0.119979
0.172855
0.154671
0.284084
0.529215
0.267270
0.242772
0.162355
0.205265
0.230904
0.755782
0.376598
0.283475
0.283209
0.297341
0.305967
0.346341
0.347661
0.358173
0.330563
0.462109
0.366515
0.558220
0.337806
0.292039
0.310467
0.282174
0.290090
0.285832
0.280811
0.282866
0.284464
0.286975
0.284388
0.585286
0.314744
0.334069
0.359936
0.380402
0.180539
0.187690
0.307365
0.165399
0.224741
0.319842
0.206786
0.324559
0.210666
0.231741
0.212340
0.139531
0.230752
0.170268
0.248554
0.131391
0.133597
0.226643
0.298844
0.177343
0.188831
0.254184
0.353698
0.361001
0.292985
0.245435
0.225046
0.103317
0.165094
0.704884
0.250076
0.173463
0.155736
0.150107
0.173387
0.179854
0.179854
0.113816
0.121957
0.117772
0.088481
0.092362
0.115414
0.099970
0.238360
0.614729
0.251902
0.390140
0.354382
0.346546
0.335590
0.351872
0.216068
0.251293
0.587949
0.490186
0.288344
0.262553
0.254413
0.200548
0.202602
0.150335
0.111077
0.108795
0.108262
0.160682
0.130934
0.159236
0.485469
0.169127
0.274878
0.178561
0.194461
0.358795
0.347459
0.293974
0.196820
0.286366
0.538344
0.459753
0.298311
0.227785
0.144248
0.218807
0.233414
0.355676
0.232045
0.113588
0.123326
0.119979
0.138238
0.141662
0.370207
0.182288
0.274650
0.194005
0.385575
0.203515
0.351415
0.177115
0.115642
0.155280
0.348981
0.219720
0.210210
0.179093
0.155432
0.147292
0.108414
0.234556
0.167149
0.121196
0.120435
0.118305
0.123783
0.119066
0.430539
0.166920
0.115338
0.131999
0.226643
0.171713
0.125533
0.182212
0.156802
0.119903
0.285682
0.330949
0.232502
0.184875
0.269172
0.181528
0.179550
0.216144
0.121652
0.219644
0.323265
0.214851
0.217133
0.237599
0.525259
0.307441
0.413649
0.277693
0.281726
0.351415
0.191570
0.287432
0.170876
0.192559
0.252815
0.568701
0.275867
0.256010
0.205341
0.175213
0.165779
0.146455
0.163421
0.202222
0.141509
0.208536
0.227328
0.143031
0.613588
0.210058
0.160606
0.157182
0.194766
0.242620
0.213938
0.159617
0.155660
0.176582
0.250989
0.251446
0.293138
0.248022
0.172322
0.161214
0.112523
0.195374
0.149117
0.178332
0.236610
0.211275
0.237827
0.208612
0.252358
0.684571
0.309571
0.229230
0.235621
0.306604
0.459753
0.221089
0.182136
0.358567
0.343807
0.183201
0.213329
0.279215
0.174072
0.247565
0.165247
0.222915
0.119294
0.100883
0.105676
0.101567
0.142575
0.197124
0.316190
0.348448
0.344340
0.403226
0.392879
0.379717
0.224057
0.147672
0.338025
0.571211
0.320526
0.272215
0.155889
0.156954
0.197657
0.118229
0.161442
0.250152
0.210971
0.223600
0.355371
0.221089
0.279595
0.223296
0.665703
0.551050
0.193092
0.119750
0.204124
0.199939
0.284540
0.430615
0.294051
0.287508
0.595785
0.287203
0.421409
0.189973
0.116479
0.164257
0.169887
0.211275
0.126978
0.318472
0.326385
0.203515
0.203058
0.179854
0.429854
0.206406
0.215992
0.253119
0.340155
0.477861
0.473600
0.124163
0.126141
0.244903
0.314364
0.371805
0.215307
0.256923
0.181832
0.175593
0.131467
0.270846
0.347155
0.424224
0.273128
0.200396
0.208308
0.238892
0.368153
0.135195
0.108262
0.125000
0.121424
0.207243
0.168138
0.187386
0.193472
0.228165
0.427495
0.282106
0.329352
0.153606
0.180919
0.184038
0.175441
0.110316
0.121120
0.125152
0.267346
0.195374
0.301811
0.304930
0.662203
0.348144
0.308201
0.292453
0.187310
0.204124
0.176506
0.278454
0.136336
0.232197
0.439668
0.231512
0.238892
0.219796
0.194081
0.139151
0.124467
0.238131
0.224437
0.295724
0.268868
0.178637
0.120283
0.097079
0.537812
0.372413
0.203591
0.328819
0.216601
0.159997
0.438603
0.210895
0.295496
0.344948
0.492316
0.351035
0.233947
0.233491
0.172322
0.142118
0.186473
0.119446
0.155965
0.234860
0.272824
0.430995
0.230067
0.315049
0.420953
0.292377
0.226187
0.194005
0.409160
0.266357
0.278378
0.279443
0.329428
0.542453
0.442788
0.573037
0.365566
0.238284
0.169887
0.178484
0.203439
0.159160
0.141433
0.237979
0.385956
0.225883
0.190657
0.162508
0.254869
0.505173
0.317103
0.463329
0.423311
0.439060
0.349209
0.326080
0.325548
0.230143
0.374772
0.531573
0.398737
0.190125
0.154367
0.222839
0.251141
0.149726
0.117848
0.111990
0.256923
0.209830
0.207547
0.201765
0.264836
0.166083
0.292072
0.148128
0.214927
0.348372
0.231360
0.166540
0.155813
0.215079
0.369294
0.212721
0.219948
0.233186
0.273813
0.295724
0.285530
0.294811
0.457015
0.348752
0.204352
0.115262
0.251978
0.326537
0.604382
0.342970
0.134054
0.381086
0.263771
0.255934
0.417833
0.345557
0.238360
0.354154
0.789257
0.249163
0.177572
0.171637
0.122185
0.117392
0.123174
0.118761
0.331406
0.344035
0.392498
0.246348
0.292909
0.111990
0.452906
0.648357
0.383445
0.406497
0.327069
0.388618
0.311093
0.238360
0.229154
0.240490
0.365033
0.289638
0.278302
0.182669
0.177800
0.228013
0.226795
0.116935
0.092818
0.108871
0.204960
0.115870
0.319994
0.235088
0.147596
0.475730
0.376217
0.569690
0.502967
0.591220
0.592514
0.483110
0.499772
0.398205
0.497033
0.395313
0.512934
0.407258
0.231284
0.189897
0.210438
0.204808
0.117544
0.094264
0.093883
0.097307
0.118077
0.111838
0.257380
0.235697
0.439973
0.524232
0.341658
0.416036
0.413321
0.405230
0.361166
0.483421
0.560639
0.401325
0.373593
0.386051
0.306043
0.292515
0.257144
0.248931
0.243151
0.240869
0.239805
0.248098
0.250380
0.270846
0.256923
0.503348
0.552191
0.348981
0.371120
0.417377
0.374391
0.367240
0.366099
0.421029
0.585286
0.390368
0.357882
0.369294
0.329428
0.325167
0.271607
0.259206
0.251065
0.256923
0.256771
0.251598
0.254413
0.251141
0.259054
0.324254
0.544051
0.383749
0.647520
0.466829
0.396379
0.471318
0.370511
0.407258
0.593427
0.438527
0.336503
0.311321
0.356969
0.353469
0.314820
0.257304
0.252663
0.257608
0.255021
0.254945
0.276780
0.254869
0.416312
0.311169
0.540779
0.412432
0.387401
0.432288
0.294127
0.323570
0.292605
0.387934
0.678789
0.422322
0.340916
0.352785
0.350578
0.339166
0.285225
0.250228
0.249848
0.566799
0.534617
0.243305
0.195526
0.195983
0.556604
0.497261
0.222991
0.159769
0.152313
0.208917
0.142651
0.158551
0.153606
0.151704
0.234480
0.421181
0.369142
0.179321
0.166540
0.167301
0.288421
0.227861
0.247565
0.319157
0.259130
0.273509
0.217133
0.255021
0.626826
0.234784
0.143944
0.155204
0.171637
0.163040
0.163877
0.270466
0.210134
0.184343
0.320679
0.334601
0.211732
0.169507
0.131923
0.120435
0.127967
0.198113
0.390596
0.365794
0.357349
0.296561
0.224741
0.216144
0.470785
0.340155
0.196211
0.234860
0.289105
0.200852
0.218046
0.232502
0.166540
0.186016
0.295344
0.237447
0.407943
0.228089
0.149650
0.150563
0.131999
0.293822
0.167529
0.246729
0.169355
0.141129
0.303180
0.229306
0.455265
0.229078
0.159464
0.215383
0.226149
0.222820
0.215792
0.210666
0.185940
0.162964
0.234860
0.279367
0.301278
0.164790
0.129565
0.285530
0.207091
0.156802
0.189136
0.151096
0.253880
0.226263
0.229458
0.271074
0.166996
0.241631
0.472535
0.281193
0.248326
0.304474
0.288573
0.412964
0.228774
0.247642
0.420953
0.401019
0.388999
0.545800
0.382456
0.126978
0.136488
0.112751
0.170953
0.135727
0.187995
0.220024
0.213786
0.208841
0.117164
0.652998
0.497033
0.224893
0.218427
0.205569
0.302115
0.299833
0.238055
0.322200
0.605676
0.329200
0.249087
0.206330
0.186853
0.180995
0.177876
0.122946
0.118685
0.221013
0.112447
0.199559
0.132760
0.116631
0.503195
0.251065
0.178561
0.242088
0.223676
0.328439
0.300137
0.389075
0.194309
0.380554
0.388542
0.266509
0.394400
0.243153
0.133597
0.339927
0.191951
0.232425
0.229915
0.221546
0.219796
0.216525
0.247337
0.146683
0.381086
0.300289
0.306604
0.335438
0.330949
0.318624
0.254793
0.389607
0.188907
0.243077
0.338710
0.309419
0.289029
0.275563
0.207699
0.211656
0.282182
0.238816
0.219948
0.243837
0.431984
0.167453
0.144248
0.142194
0.525487
0.291007
0.346013
0.162127
0.258445
0.286290
0.317864
0.285682
0.180463
0.249011
0.295344
0.197428
0.183734
0.184495
0.233186
0.308962
0.242012
0.200167
0.262553
0.237523
0.242392
0.273509
0.149194
0.182136
0.334449
0.272976
0.203058
0.257456
0.250456
0.335819
0.313984
0.316266
0.177039
0.194994
0.463405
0.381619
0.312766
0.251141
0.174757
0.200015
0.210819
0.251750
0.259282
0.402009
0.202754
0.117544
0.132152
0.118305
0.415323
0.180310
0.122565
0.116023
0.150791
0.223981
0.348144
0.299985
0.441190
0.301278
0.734936
0.304626
0.356360
0.194309
0.230143
0.199178
0.122413
0.194918
0.324254
0.226339
0.310180
0.231969
0.241023
0.195222
0.328135
0.449711
0.358643
0.444461
0.250228
0.415018
0.321668
0.370055
0.338862
0.431604
0.553256
0.428484
0.376978
0.757075
0.472839
0.416692
0.323494
0.304930
0.235697
0.221242
0.202602
0.229002
0.236306
0.403302
0.155736
0.496500
0.527009
0.465231
0.338025
0.375304
0.397368
0.484404
0.411747
0.373631
0.406117
0.625913
0.301735
0.187538
0.257988
0.231132
0.278530
0.225578
0.148737
0.113740
0.141357
0.123022
0.148205
0.119750
0.472991
0.226643
0.178789
0.253348
0.246272
0.221394
0.132380
0.210895
0.114197
0.139227
0.363131
0.275867
0.249924
0.238588
0.174148
0.227252
0.201233
0.143335
0.126293
0.121348
0.216905
0.136260
0.121729
0.138010
0.292301
0.309267
0.124620
0.139227
0.144324
0.182745
0.163877
0.199863
0.141966
0.276324
0.429169
0.265140
0.218959
0.197352
0.212036
0.190277
0.145846
0.172474
0.163192
0.230600
0.130630
0.103089
0.094111
0.110316
0.292225
0.288421
0.346013
0.283323
0.420420
0.470709
0.347002
0.224133
0.201917
0.263694
0.390064
0.322809
0.287584
0.190505
0.224513
0.211275
0.131315
0.146226
0.198646
0.220405
0.321668
0.130478
0.130934
0.133597
0.489805
0.354687
0.289562
0.205721
0.180995
0.139684
0.291692
0.266281
0.208917
0.190886
0.413497
0.315201
0.432288
0.254108
0.208232
0.234708
0.211960
0.157791
0.203515
0.231741
0.203211
0.110545
0.131086
0.113284
0.171409
0.193396
0.130554
0.143488
0.163801
0.154823
0.148128
0.072124
0.081254
0.127967
0.081558
0.094035
0.092209
0.110316
0.210666
0.197733
0.122642
0.167605
0.205873
0.146379
0.103241
0.100578
0.180310
0.198798
0.301278
0.246196
0.216296
0.220937
0.203211
0.185940
0.143564
0.158932
0.233110
0.219187
0.446135
0.317255
0.213862
0.250913
0.227861
0.197809
0.112371
0.147215
0.109023
0.156421
0.229230
0.121805
0.190581
0.117240
0.333080
0.431071
0.329580
0.338025
0.294127
0.200928
0.226035
0.179474
0.310256
0.279595
0.350426
0.380173
0.340003
0.321135
0.159617
0.160758
0.123554
0.109936
0.122946
0.175061
0.154443
0.111229
0.109556
0.117848
0.138390
0.145922
0.272063
0.137477
0.133977
0.187310
0.181604
0.284236
0.228393
0.170420
0.250685
0.182365
0.245511
0.142498
0.192559
0.119522
0.152998
0.174300
0.123174
0.193396
0.213634
0.271455
0.212416
0.175289
0.366099
0.197428
0.195983
0.123478
0.325091
0.326689
0.352861
0.174072
0.153987
0.184647
0.229078
0.251902
0.252054
0.181604
0.126750
0.269857
0.168290
0.175365
0.143107
0.362371
0.194385
0.131467
0.135423
0.110849
0.302039
0.138923
0.272292
0.184343
0.306376
0.243914
0.145998
0.157106
0.182745
0.359784
0.440353
0.448113
0.243305
0.205797
0.194005
0.234251
0.198950
0.145466
0.222307
0.161062
0.377206
0.216372
0.179397
0.119827
0.366707
0.488968
0.354002
0.257684
0.176582
0.218731
0.304930
0.311169
0.201689
0.181756
0.221394
0.216068
0.238284
0.156726
0.143259
0.119674
0.186625
0.119598
0.126369
0.135803
0.111458
0.124011
0.253043
0.146150
0.280052
0.372718
0.426582
0.210210
0.227785
0.347763
0.419583
0.200928
0.235849
0.307897
0.645161
0.477632
0.479763
0.361914
0.296942
0.204124
0.149498
0.138923
0.126674
0.126598
0.149574
0.365186
0.114805
0.154595
0.171485
0.201689
0.219111
0.262477
0.329200
0.241251
0.160682
0.202145
0.213101
0.152541
0.228317
0.282715
0.253043
0.254489
0.333993
0.383521
0.289638
0.233491
0.171409
0.271379
0.120055
0.118914
0.128348
0.141738
0.247718
0.402237
0.247565
0.283247
0.192103
0.208917
0.159845
0.238360
0.175289
0.142879
0.407486
0.303561
0.370663
0.373326
0.251141
0.378956
0.296029
0.422322
0.176278
0.145161
0.207547
0.225959
0.235012
0.246348
0.259814
0.187310
0.336503
0.295648
0.314744
0.731589
0.660606
0.464547
0.493837
0.434191
0.437538
0.377358
0.567712
0.330113
0.255097
0.342970
0.290475
0.232273
0.237599
0.246120
0.428332
0.240262
0.242925
0.239881
0.414105
0.350426
0.306528
0.251369
0.391509
0.581102
0.376522
0.371576
0.287736
0.266357
0.456710
0.455037
0.353317
0.244827
0.327754
0.278682
0.211579
0.213634
0.250837
0.208764
0.201080
0.155280
0.252815
0.157106
0.297474
0.214014
0.414790
0.244218
0.449711
0.513086
0.321363
0.313831
0.249163
0.253119
0.422398
0.363055
0.320146
0.192940
0.165475
0.222991
0.221926
0.203971
0.159160
0.170420
0.167757
0.225883
0.221166
0.217209
0.402921
0.420116
0.272596
0.279823
0.247642
0.285910
0.267955
0.228469
0.257532
0.371500
0.453439
0.362523
0.436549
0.353089
0.344568
0.228317
0.245587
0.207775
0.225046
0.182365
0.184571
0.177343
0.171637
0.204884
0.387401
0.315505
0.335210
0.278682
0.309723
0.287660
0.312538
0.212036
0.239349
0.535834
0.593503
0.297550
0.275335
0.252358
0.299909
0.357273
0.185636
0.223372
0.147900
0.151628
0.162584
0.141357
0.150867
0.230371
0.189897
0.417985
0.539105
0.362066
0.444461
0.530584
0.502130
0.362599
0.422626
0.452374
0.766357
0.434191
0.257456
0.235316
0.216753
0.297702
0.250913
0.156649
0.170116
0.234936
0.171865
0.166007
0.165094
0.172398
0.210895
0.432973
0.436169
0.371500
0.357882
0.280052
0.291768
0.297246
0.283019
0.282562
0.591601
0.440429
0.400639
0.479078
0.465688
0.382456
0.424604
