0.203019
0.255963
0.363281
0.326430
0.255535
0.300909
0.261201
0.421130
0.279484
0.266343
0.435509
0.448031
0.447793
0.298672
0.326049
0.333619
0.305956
0.542018
0.407037
0.493406
0.329715
0.349093
0.326144
0.215922
0.230443
0.242108
0.243584
0.228634
0.282864
0.432748
0.345617
0.376422
0.329334
0.470266
0.314384
0.426415
0.356235
0.487168
0.619292
0.658620
0.427939
0.373090
0.546208
0.336190
0.233252
0.240870
0.184640
0.326858
0.246631
0.244346
0.276199
0.335381
0.319669
0.320383
0.297481
0.385516
0.290768
0.231634
0.392706
0.414465
0.283340
0.216064
0.266438
0.303290
0.337523
0.364710
0.446032
0.481169
0.430224
0.409846
0.406228
0.302433
0.288768
0.292768
0.249726
0.396610
0.384564
0.460982
0.379803
0.323811
0.266438
0.253488
0.261296
0.238871
0.238728
0.171166
0.312717
0.295386
0.329334
0.498595
0.370328
0.453126
0.329858
0.307480
0.269104
0.258820
0.318574
0.304623
0.213303
0.334143
0.358520
0.383850
0.446603
0.323525
0.318383
0.297005
0.434762
0.393560
0.322046
0.388893
0.481398
0.481365
0.456654
0.510501
0.611840
0.631814
0.531310
0.443565
0.371971
0.294115
0.318890
0.282832
0.251210
0.281559
0.260262
0.315176
0.417337
0.315534
0.228519
0.367699
0.280198
0.247155
0.280579
0.303480
0.314193
0.300552
0.349986
0.599391
0.422130
0.451793
0.567395
0.245584
0.341665
0.252869
0.273532
0.226444
0.226968
0.262677
0.317526
0.335476
0.300671
0.383850
0.327429
0.710041
0.738275
0.463220
0.461839
0.363377
0.413560
0.469171
0.463124
0.699662
0.415179
0.277532
0.293720
0.220349
0.210399
0.219397
0.266533
0.233871
0.230919
0.298386
0.325239
0.329477
0.377137
0.446174
0.361615
0.361853
0.278627
0.327096
0.300100
0.345713
0.590630
0.551159
0.252964
0.506499
0.623435
0.469123
0.482360
0.366186
0.222206
0.177927
0.210113
0.256725
0.280389
0.270866
0.411179
0.353188
0.369566
0.428939
0.246774
0.434176
0.465648
0.525639
0.310860
0.265153
0.363186
0.682950
0.534686
0.330524
0.476075
0.532448
0.489311
0.651240
0.438937
0.261677
0.196067
0.193210
0.300052
0.314622
0.443746
0.319002
0.228491
0.336000
0.315050
0.204257
0.140789
0.160977
0.240156
0.226968
0.309242
0.327144
0.311146
0.430938
0.447174
0.360568
0.373994
0.283626
0.325858
0.237680
0.253535
0.268914
0.283483
0.339237
0.430653
0.457887
0.377279
0.369376
0.346712
0.332143
0.267628
0.260915
0.324239
0.279912
0.500690
0.410513
0.427129
0.453221
0.408323
0.420083
0.478884
0.534447
0.340999
0.275008
0.275151
0.305575
0.347236
0.297338
0.350569
0.345903
0.555444
0.486264
0.375518
0.230681
0.208446
0.198638
0.200257
0.193496
0.274770
0.225634
0.351188
0.274294
0.508118
0.347665
0.420892
0.335333
0.435081
0.293672
0.296958
0.324620
0.241870
0.228015
0.480503
0.343380
0.429367
0.349760
0.763224
0.655859
0.362853
0.190782
0.301195
0.248869
0.255963
0.423082
0.404038
0.325144
0.259487
0.346093
0.368090
0.248869
0.261058
0.258106
0.314288
0.320335
0.361948
0.280436
0.302909
0.311765
0.260677
0.351950
0.447031
0.263772
0.519450
0.416750
0.622959
0.330000
0.198972
0.208351
0.340856
0.659382
0.494358
0.383755
0.290578
0.323240
0.272628
0.220016
0.179308
0.193591
0.239632
0.208589
0.194925
0.326810
0.320478
0.427272
0.612770
0.529401
0.247250
0.233633
0.236395
0.498595
0.552302
0.470028
0.378565
0.398705
0.431034
0.670857
0.309003
0.276151
0.206590
0.219921
0.243822
0.213541
0.213493
0.258915
0.430367
0.385802
0.264438
0.233633
0.463362
0.284007
0.313431
0.208304
0.261439
0.224158
0.267057
0.336761
0.361091
0.584297
0.510784
0.430462
0.347712
0.289435
0.250726
0.161882
0.185926
0.202923
0.197876
0.276960
0.337333
0.259820
0.230681
0.212398
0.277817
0.310051
0.165976
0.155644
0.208756
0.211339
0.387397
0.333286
0.515069
0.440556
0.303480
0.441651
0.304718
0.272056
0.259153
0.230586
0.221873
0.219921
0.177260
0.213160
0.317526
0.377327
0.437652
0.349712
0.195234
0.236026
0.275580
0.302338
0.701186
0.441651
0.216017
0.260867
0.293149
0.371471
0.325430
0.395229
0.248012
0.223730
0.224777
0.176546
0.160787
0.213589
0.214588
0.256201
0.448983
0.223111
0.484597
0.291482
0.210113
0.248298
0.157358
0.205828
0.241346
0.198210
0.253773
0.249202
0.228967
0.384993
0.367043
0.315479
0.333667
0.328858
0.241537
0.166976
0.214541
0.194163
0.224301
0.298243
0.418512
0.325239
0.351664
0.308146
0.237014
0.260820
0.250393
0.197067
0.180879
0.196020
0.249679
0.216826
0.348760
0.317240
0.325430
0.418178
0.399705
0.351474
0.271675
0.350331
0.285435
0.226968
0.238395
0.196972
0.186307
0.284007
0.218588
0.384945
0.319097
0.241061
0.330619
0.311622
0.487549
0.310099
0.231681
0.249441
0.387707
0.275199
0.340142
0.324097
0.193401
0.219731
0.253678
0.278484
0.254059
0.256487
0.270771
0.242918
0.210875
0.222302
0.283340
0.330762
0.385374
0.296196
0.420226
0.878303
0.378946
0.407323
0.426558
0.269295
0.293291
0.319478
0.390230
0.630434
0.392325
0.401943
0.352093
0.213208
0.212874
0.192258
0.241346
0.337428
0.375994
0.350664
0.407418
0.298672
0.178260
0.238395
0.205209
0.271057
0.384516
0.814788
0.622911
0.379898
0.327810
0.492215
0.410084
0.545732
0.479217
0.217588
0.297719
0.181879
0.222873
0.238728
0.237585
0.354568
0.287054
0.271295
0.217255
0.329572
0.480169
0.295862
0.219683
0.164119
0.210399
0.247393
0.252202
0.323525
0.398848
0.547874
0.316717
0.431557
0.415655
0.277627
0.241108
0.215065
0.235062
0.271199
0.260010
0.265010
0.388754
0.324954
0.296291
0.223682
0.232633
0.199924
0.222635
0.177927
0.192258
0.203066
0.193639
0.239728
0.282245
0.339094
0.424320
0.379612
0.405418
0.341237
0.327287
0.277246
0.256344
0.263581
0.259011
0.218159
0.332810
0.319859
0.257677
0.302671
0.356473
0.183117
0.173975
0.192687
0.212017
0.250155
0.210303
0.191925
0.240442
0.197591
0.322621
0.226872
0.268247
0.296577
0.237085
0.281591
0.255612
0.294473
0.301548
0.348841
0.472925
0.293006
0.459030
0.296986
0.259130
0.455644
0.454849
0.325020
0.307661
0.268714
0.227087
0.259015
0.298886
0.504247
0.384288
0.443846
0.369023
0.321635
0.302631
0.320288
0.271771
0.285102
0.250012
0.206685
0.201447
0.215350
0.225349
0.260058
0.507070
0.371947
0.438414
0.360377
0.287102
0.267295
0.397324
0.311765
0.323858
0.342761
0.470837
0.283436
0.300290
0.366900
0.152407
0.194544
0.176118
0.170547
0.208304
0.273866
0.245632
0.238204
0.295244
0.360853
0.280341
0.262772
0.442032
0.348474
0.337714
0.369471
0.718278
0.544398
0.637195
0.430462
0.451316
0.399705
0.416131
0.313479
0.263534
0.182307
0.180927
0.229015
0.201257
0.322716
0.364757
0.364329
0.389087
0.251440
0.208208
0.261248
0.223730
0.209541
0.140885
0.159739
0.191068
0.146979
0.328001
0.183783
0.468362
0.323287
0.324287
0.356663
0.215493
0.227110
0.256106
0.215922
0.198781
0.260439
0.309242
0.208161
0.332286
0.267676
0.714327
0.473218
0.291435
0.290149
0.145693
0.220826
0.190544
0.220540
0.253630
0.424844
0.253345
0.330096
0.203828
0.176308
0.239680
0.224016
0.153026
0.213969
0.183640
0.219635
0.321097
0.441746
0.368852
0.272771
0.282912
0.255440
0.284769
0.166452
0.231253
0.182593
0.225682
0.276913
0.370233
0.357425
0.365519
0.399657
0.278722
0.247060
0.252059
0.298148
0.314955
0.276437
0.223920
0.319145
0.348664
0.315955
0.283340
0.221349
0.236109
0.193877
0.168166
0.216874
0.227587
0.334381
0.253583
0.264438
0.253392
0.315526
0.375708
0.327144
0.496405
0.481979
0.271104
0.244441
0.242822
0.258106
0.225444
0.250488
0.387421
0.290292
0.380089
0.407561
0.468838
0.295577
0.289816
0.297672
0.283102
0.230396
0.207351
0.338809
0.344189
0.401228
0.408180
0.509403
0.607104
0.283198
0.348188
0.261296
0.418893
0.294339
0.271199
0.298719
0.272580
0.272723
0.322954
0.441270
0.320335
0.225682
0.233490
0.309622
0.267771
0.290816
0.268533
0.263677
0.235252
0.178974
0.243108
0.437795
0.176022
0.205828
0.189925
0.204114
0.201352
0.214731
0.183021
0.203447
0.222587
0.312384
0.635385
0.577727
0.381803
0.391468
0.232300
0.364138
0.456173
0.300052
0.398229
0.210970
0.212541
0.256297
0.293387
0.308099
0.293815
0.224349
0.266438
0.275294
0.280674
0.267152
0.262486
0.279436
0.326334
0.461505
0.392373
0.501857
0.611341
0.288292
0.199019
0.200257
0.188449
0.194258
0.242727
0.169119
0.156073
0.422035
0.368281
0.395848
0.536400
0.259392
0.256297
0.171404
0.170833
0.171547
0.194115
0.206256
0.354521
0.458030
0.271580
0.218445
0.258439
0.236062
0.200352
0.202638
0.249774
0.263581
0.341761
0.222159
0.247060
0.308623
0.284340
0.432081
0.271437
0.314336
0.317574
0.292196
0.246012
0.274104
0.279674
0.275151
0.295529
0.322478
0.473123
0.459125
0.284197
0.355045
0.327049
0.233110
0.293910
0.253773
0.269819
0.194686
0.279341
0.596439
0.367567
0.559968
0.282722
0.295529
0.278579
0.277437
0.306956
0.268866
0.277294
0.337238
0.462601
0.309242
0.462934
0.336714
0.196020
0.195401
0.185307
0.306290
0.222873
0.187640
0.194496
0.265867
0.438128
0.364805
0.300862
0.372756
0.384421
0.322906
0.432652
0.314288
0.285435
0.321811
0.266629
0.269152
0.391087
0.355187
0.391896
0.347427
0.320145
0.261725
0.189116
0.167309
0.226777
0.205923
0.255392
0.183736
0.326334
0.454268
0.336000
0.437699
0.470457
0.362901
0.394515
0.243013
0.251345
0.237585
0.267628
0.196210
0.228110
0.187069
0.192496
0.299195
0.549255
0.485883
0.299433
0.163024
0.256440
0.180593
0.261439
0.305623
0.228063
0.358092
0.316383
0.521830
0.204018
0.199876
0.167643
0.168690
0.149312
0.154026
0.149264
0.152359
0.209113
0.175737
0.201971
0.273342
0.240775
0.426701
0.451793
0.357139
0.220349
0.389849
0.389563
0.400943
0.162072
0.201971
0.265629
0.311241
0.286483
0.363377
0.242061
0.123316
0.158073
0.159549
0.159834
0.198972
0.384802
0.427701
0.354187
0.257868
0.194163
0.192353
0.179831
0.224063
0.278579
0.401895
0.448841
0.380469
0.250774
0.421940
0.477789
0.395563
0.223159
0.275913
0.270342
0.211874
0.199638
0.179879
0.170119
0.273866
0.197305
0.277960
0.419702
0.287197
0.275865
0.161691
0.127363
0.153169
0.322430
0.191020
0.194115
0.171118
0.297719
0.262582
0.222397
0.411798
0.390992
0.358139
0.215398
0.178403
0.196401
0.202781
0.225015
0.370233
0.224349
0.347427
0.354283
0.288863
0.217874
0.212398
0.246727
0.180117
0.256582
0.190639
0.366233
0.134933
0.298624
0.330524
0.365234
0.301671
0.391801
0.298243
0.228824
0.218540
0.233348
0.279293
0.268390
0.392849
0.310956
0.286150
0.413512
0.403799
0.376803
0.604771
0.221206
0.326477
0.248584
0.167452
0.174785
0.193877
0.227063
0.372185
0.270723
0.306099
0.226539
0.218493
0.192020
0.136314
0.157025
0.182212
0.245441
0.330096
0.221683
0.246727
0.320383
0.282341
0.200733
0.271914
0.214446
0.192020
0.340523
0.291863
0.144027
0.290292
0.248917
0.276199
0.515926
0.328477
0.229539
0.236728
0.279817
0.246536
0.223778
0.268533
0.223730
0.176403
0.175927
0.176499
0.194163
0.340428
0.638528
0.311955
0.304814
0.251345
0.275865
0.382279
0.180070
0.322240
0.207589
0.300100
0.336523
0.291530
0.209494
0.151835
0.145408
0.144122
0.177975
0.189021
0.165500
0.205399
0.202590
0.241156
0.323716
0.470266
0.533400
0.319859
0.396705
0.542827
0.416655
0.266295
0.281960
0.158263
0.167119
0.277817
0.354426
0.268628
0.271247
0.189925
0.207875
0.229205
0.199733
0.214493
0.160834
0.239204
0.272580
0.300195
0.240489
0.213112
0.158025
0.260201
0.262153
0.159501
0.230062
0.205399
0.171071
0.155025
0.277151
0.498262
0.391801
0.252535
0.198924
0.190401
0.200781
0.151455
0.153597
0.153978
0.191020
0.239775
0.402419
0.196210
0.309003
0.243394
0.242965
0.300148
0.217493
0.150359
0.150550
0.158692
0.192115
0.220111
0.242442
0.378470
0.353283
0.367662
0.257249
0.398705
0.240918
0.265248
0.256725
0.257249
0.183307
0.180355
0.316526
0.384993
0.342761
0.263248
0.165548
0.373851
0.189211
0.627672
0.517164
0.243870
0.162215
0.217778
0.186164
0.229253
0.270199
0.306670
0.213779
0.228015
0.184640
0.161358
0.171880
0.163691
0.225301
0.249202
0.421654
0.302766
0.439271
0.382945
0.277103
0.201162
0.280960
0.228682
0.135695
0.144122
0.242299
0.274675
0.269581
0.366662
0.350855
0.334619
0.554159
0.514546
0.305480
0.236014
0.236300
0.273199
0.196210
0.239918
0.280722
0.344094
0.245203
0.207351
0.208446
0.260487
0.268105
0.335285
0.388944
0.336952
0.396039
0.268866
0.293387
0.311670
0.403657
0.305956
0.333571
0.255725
0.242918
0.212303
0.204971
0.240013
0.206780
0.244822
0.213303
0.228063
0.285864
0.294291
0.293149
0.412608
0.271342
0.339904
0.431319
0.251155
0.292530
0.177070
0.272390
0.402466
0.362234
0.431081
0.289102
0.262677
0.299624
0.283483
0.283579
0.246441
0.280389
0.259153
0.262486
0.260772
0.307194
0.444794
0.246584
0.322621
0.260677
0.269628
0.277437
0.267105
0.257916
0.297386
0.533829
0.640766
0.434128
0.289625
0.228491
0.159596
0.183688
0.145979
0.157073
0.246727
0.264010
0.278484
0.361472
0.374994
0.393563
0.288340
0.227967
0.254487
0.228729
0.143265
0.344332
0.341904
0.332762
0.239299
0.345998
0.432843
0.635528
0.752512
0.523021
0.301766
0.250345
0.157549
0.142837
0.180450
0.180927
0.265391
0.340904
0.301814
0.409989
0.235538
0.229443
0.683807
0.368709
0.155216
0.143456
0.171928
0.170023
0.271152
0.234728
0.244917
0.269485
0.348903
0.294672
0.344046
0.208066
0.198448
0.252393
0.239299
0.253059
0.246727
0.337285
0.346379
0.246441
0.300528
0.687711
0.597200
0.302623
0.145503
0.193210
0.164786
0.203161
0.182831
0.347236
0.494882
0.321621
0.228253
0.171547
0.260296
0.259868
0.226253
0.187069
0.149407
0.247441
0.257011
0.311813
0.265248
0.205256
0.292672
0.350855
0.222492
0.132933
0.182022
0.418226
0.163977
0.221825
0.136266
0.276627
0.247774
0.276627
0.289530
0.390897
0.228063
0.251012
0.174594
0.218588
0.288387
0.291054
0.366471
0.344522
0.316859
0.211636
0.425939
0.358949
0.252869
0.174166
0.195782
0.262915
0.259487
0.181736
0.221540
0.371661
0.378517
0.448412
0.311575
0.234014
0.223587
0.208827
0.315812
0.251107
0.216255
0.212208
0.244298
0.222635
0.312051
0.257059
0.441794
0.231205
0.209541
0.276913
0.232633
0.217302
0.317669
0.308861
0.391277
0.226968
0.457078
0.409561
0.426844
0.189068
0.131029
0.201495
0.135885
0.147169
0.135266
0.196686
0.197305
0.238299
0.239585
0.272866
0.376994
0.418702
0.693139
0.334095
0.168166
0.265295
0.309099
0.256916
0.325192
0.533590
0.296720
0.589344
0.584774
0.241251
0.295005
0.234824
0.155454
0.166690
0.176737
0.213255
0.243203
0.271866
0.292387
0.505261
0.781460
0.223825
0.238775
0.160168
0.117317
0.242727
0.142456
0.223397
0.121459
0.250393
0.156930
0.298957
0.308480
0.225396
0.221397
0.164310
0.144694
0.112651
0.165929
0.199829
0.214588
0.284007
0.347855
0.240680
0.332048
0.258058
0.145027
0.114031
0.183831
0.419416
0.278198
0.194925
0.188021
0.338618
0.334428
0.413512
0.521402
0.339237
0.377184
0.279912
0.243251
0.223730
0.240347
0.254773
0.249536
0.403180
0.294196
0.322002
0.382231
0.281150
0.306004
0.179879
0.235204
0.303861
0.239442
0.350569
0.280579
0.226063
0.209018
0.201828
0.234014
0.311527
0.229205
0.194163
0.166833
0.168500
0.206256
0.219635
0.244298
0.322287
0.205304
0.372518
0.381374
0.228920
0.239728
0.147122
0.199591
0.174785
0.142789
0.188783
0.230681
0.275675
0.443699
0.436985
0.312574
0.406609
0.684521
0.390278
0.317812
0.299386
0.285626
0.231396
0.237395
0.449888
0.258439
0.348474
0.274008
0.277675
0.254773
0.646431
0.643813
0.534209
0.246869
0.269771
0.381803
0.441842
0.408132
0.663191
0.400562
0.301052
0.207399
0.213779
0.184259
0.269057
0.215350
0.200590
0.264343
0.303861
0.281388
0.311860
0.425653
0.487835
0.360996
0.414655
0.281055
0.483883
0.283912
0.167405
0.148550
0.143408
0.309813
0.321621
0.300005
0.183212
0.221968
0.280246
0.261201
0.201924
0.246774
0.230729
0.256154
0.238442
0.266152
0.458792
0.332143
0.270961
0.616245
0.281579
0.388421
0.405990
0.407656
0.446555
0.325239
0.390849
0.512546
0.756321
0.336142
0.407846
0.253392
0.196972
0.148003
0.177748
0.238996
0.262834
0.387595
0.198773
0.276718
0.188733
0.231014
0.321454
0.199269
0.318288
0.200495
0.145170
0.229777
0.339356
0.296446
0.317056
0.377449
0.274093
0.333667
0.345974
0.238549
0.202929
0.238136
0.236694
0.239853
0.258978
0.392690
0.229507
0.317153
0.270299
0.262250
0.212971
0.129601
0.181498
0.352521
0.179403
0.211684
0.235395
0.293582
0.196500
0.187330
0.313055
0.287188
0.238623
0.223730
0.206471
0.219540
0.275437
0.263772
0.268724
0.450650
0.292196
0.465076
0.422892
0.240156
0.198829
0.240775
0.228491
0.218350
0.207447
0.207970
0.225015
0.230205
0.287054
0.252916
0.328429
0.344284
0.318383
0.400467
0.212922
0.243584
0.228110
0.243679
0.319907
0.409322
0.241918
0.339285
0.230491
0.557349
0.570633
0.343332
0.183021
0.214065
0.265962
0.240632
0.215731
0.195353
0.317288
0.345713
0.365043
0.350045
0.291863
0.283626
0.267057
0.258630
0.241489
0.250440
0.253726
0.430462
0.265105
0.222730
0.227825
0.264248
0.333143
0.149407
0.222206
0.166690
0.292434
0.424416
0.225206
0.231253
0.464981
0.428367
0.268866
0.223301
0.203495
0.148883
0.193210
0.212208
0.158263
0.158930
0.180641
0.171071
0.160548
0.218064
0.251964
0.273294
0.500405
0.379565
0.369900
0.217207
0.215398
0.176022
0.181498
0.180474
0.243263
0.248869
0.398895
0.163024
0.147074
0.181403
0.168000
0.153073
0.196258
0.157025
0.167738
0.174927
0.271342
0.614674
0.382088
0.386849
0.318716
0.276056
0.134647
0.306528
0.326287
0.294148
0.288816
0.361091
0.190877
0.325573
0.374375
0.323192
0.330381
0.400181
0.168166
0.129696
0.159739
0.186164
0.321049
0.246917
0.267009
0.417750
0.224349
0.148360
0.139837
0.137076
0.150264
0.156311
0.130077
0.147788
0.280674
0.145932
0.196401
0.340380
0.301386
0.309051
0.320192
0.286959
0.158120
0.124411
0.176689
0.178594
0.263915
0.305433
0.221397
0.301052
0.274294
0.212017
0.204018
0.152692
0.155835
0.205733
0.193782
0.374899
0.175832
0.261725
0.263724
0.427891
0.306575
0.209208
0.325239
0.309480
0.181498
0.169452
0.189687
0.179593
0.251202
0.334571
0.309289
0.330715
0.356425
0.589344
0.612389
0.232538
0.247060
0.271342
0.237728
0.161977
0.174404
0.319764
0.578632
0.475884
0.441699
0.374137
0.180403
0.189925
0.141884
0.148217
0.199257
0.203019
0.201305
0.225682
0.273770
0.470742
0.342427
0.284816
0.205542
0.150550
0.229301
0.240823
0.231110
0.322287
0.462172
0.682712
0.456887
0.257487
0.447841
0.422083
0.295577
0.226587
0.175832
0.283817
0.578441
0.214874
0.179165
0.171118
0.435176
0.221492
0.441508
0.345141
0.250250
0.173880
0.219778
0.194591
0.339809
0.309813
0.282103
0.194353
0.328334
0.386516
0.281579
0.210113
0.256963
0.278436
0.320764
0.379327
0.195972
0.222540
0.225015
0.178260
0.185735
0.261010
0.303528
0.658049
0.252154
0.268914
0.292577
0.170499
0.230777
0.292530
0.371852
0.195496
0.230872
0.338809
0.207494
0.283436
0.230538
0.227872
0.296815
0.342808
0.180308
0.184974
0.147741
0.154311
0.172499
0.372994
0.335857
0.213446
0.266057
0.255916
0.159406
0.283007
0.226682
0.220302
0.388373
0.373280
0.308527
0.203352
0.240251
0.272152
0.211970
0.248631
0.168024
0.145313
0.184688
0.203828
0.375042
0.301052
0.250678
0.451412
0.343951
0.579108
0.208684
0.173451
0.118126
0.180070
0.146789
0.250393
0.186021
0.141551
0.319145
0.245536
0.426891
0.262867
0.244441
0.156073
0.161501
0.165833
0.197448
0.226015
0.289482
0.246441
0.243441
0.411941
0.408894
0.348284
0.243203
0.150455
0.203304
0.146265
0.126791
0.164453
0.160358
0.321049
0.253202
0.245536
0.270771
0.289006
0.291101
0.193115
0.137933
0.203400
0.169023
0.214160
0.378565
0.294148
0.252297
0.367662
0.305575
0.269676
0.249726
0.230586
0.140694
0.150407
0.147503
0.260344
0.297862
0.161358
0.180974
0.278674
0.438842
0.569062
0.372423
0.379327
0.246251
0.193353
0.183974
0.218445
0.273104
0.329762
0.220778
0.403990
0.379374
0.224206
0.353140
0.343332
0.218921
0.186069
0.200448
0.280627
0.260820
0.233681
0.320764
0.288292
0.318859
0.281341
0.161739
0.149931
0.156835
0.160453
0.234300
0.257820
0.320430
0.286102
0.306480
0.368281
0.363710
0.643432
0.542827
0.304814
0.181212
0.311717
0.252821
0.212636
0.294529
0.219683
0.181022
0.236252
0.262010
0.186021
0.258820
0.252393
0.188783
0.234633
0.198543
0.284340
0.427225
0.441794
0.243489
0.210827
0.588059
0.289768
0.224492
0.148836
0.109032
0.128267
0.142694
0.206875
0.189830
0.138456
0.221730
0.227301
0.217350
0.166405
0.162405
0.187497
0.190782
0.208827
0.279770
0.188211
0.199924
0.223563
0.203911
0.199305
0.362567
0.343332
0.291316
0.197269
0.248551
0.320581
0.249420
0.369138
0.521116
0.467552
0.391849
0.467838
0.605342
0.306956
0.260867
0.211065
0.256773
0.222016
0.193353
0.198591
0.231776
0.266391
0.189640
0.473980
0.256963
0.265153
0.330286
0.573585
0.193972
0.208494
0.162643
0.230015
0.140170
0.143979
0.454840
0.567109
0.585059
0.308004
0.306337
0.242299
0.172071
0.204352
0.171309
0.189973
0.254345
0.286578
0.294434
0.293434
0.280912
0.279293
0.178451
0.174261
0.168643
0.202209
0.236062
0.374518
0.211541
0.185735
0.247774
0.267486
0.290339
0.283007
0.253488
0.225349
0.234681
0.251345
0.261439
0.188402
0.167024
0.286435
0.220540
0.452031
0.490597
0.265938
0.374054
0.128845
0.136745
0.171608
0.206192
0.264534
0.234205
0.223397
0.243822
0.375423
0.306432
0.376232
0.200162
0.181736
0.149407
0.148122
0.183878
0.183974
0.265105
0.346379
0.283293
0.644955
0.797267
0.279960
0.141027
0.140647
0.144265
0.171928
0.218683
0.252297
0.212208
0.172452
0.264867
0.394610
0.258534
0.234633
0.244584
0.209922
0.185354
0.190544
0.241204
0.276580
0.285959
0.231872
0.239632
0.309956
0.306623
0.247012
0.158025
0.283864
0.261820
0.179212
0.159168
0.249012
0.190592
0.193829
0.194686
0.330191
0.277246
0.135933
0.231300
0.184640
0.311336
0.214541
0.168785
0.168690
0.189354
0.171071
0.228301
0.244489
0.263343
0.337095
0.509451
0.345808
0.455411
0.293149
0.224920
0.225539
0.255011
0.244965
0.219731
0.307385
0.485883
0.212732
0.382136
0.269961
0.150217
0.141765
0.164512
0.201572
0.194059
0.163996
0.166748
0.241061
0.314955
0.216826
0.217921
0.176879
0.208304
0.144836
0.190020
0.336190
0.338856
0.261963
0.206137
0.292256
0.369334
0.266227
0.262143
0.249935
0.186354
0.252116
0.236680
0.201409
0.219611
0.311779
0.304952
0.331691
0.247588
0.226225
0.327010
0.130186
0.156216
0.193434
0.177232
0.180146
0.158315
0.269223
0.285102
0.353878
0.427077
0.322692
0.231381
0.200371
0.176261
0.197496
0.169976
0.161667
0.178260
0.292315
0.239335
0.304093
0.298193
0.274983
0.219742
0.134248
0.194606
0.172340
0.188155
0.179066
0.146358
0.305241
0.311098
0.212493
0.334666
0.434033
0.274580
0.174213
0.141813
0.148372
0.206453
0.195332
0.223791
0.404497
0.273310
0.519791
0.659838
0.669632
0.493532
0.182394
0.335472
0.339568
0.241441
0.286340
0.218888
0.545808
0.479831
0.467557
0.427187
0.520692
0.476765
0.322440
0.267686
0.187621
0.193249
0.198134
0.165748
0.286345
0.217828
0.279580
0.217565
0.379601
0.253482
0.197115
0.166310
0.150336
0.151359
0.279198
0.199281
0.146896
0.212595
0.311339
0.268654
0.292590
0.225760
0.179513
0.122181
0.132318
0.168025
0.138742
0.140742
0.151716
0.271092
0.301760
0.616885
0.346046
0.264319
0.171154
0.254392
0.317212
0.291744
0.191901
0.175584
0.168414
0.508270
0.584107
0.228377
0.277079
0.222563
0.236695
0.170857
0.143206
0.191252
0.183688
0.138980
0.179498
0.180784
0.223739
0.269190
0.194810
0.256868
0.213955
0.229731
0.188579
0.178073
0.240096
0.204514
0.191011
0.264357
0.325044
0.361839
0.261120
0.233471
0.190344
0.214122
0.147055
0.163253
0.159639
0.181186
0.142181
0.174219
0.296865
0.350166
0.157847
0.344909
0.443154
0.115235
0.261588
0.274107
0.359331
0.277056
0.340761
0.249907
0.318402
0.353211
0.265948
0.254630
0.243441
0.205613
0.165107
0.139498
0.149264
0.174689
0.240775
0.221778
0.179950
0.137111
0.148711
0.095186
0.117511
0.192046
0.226409
0.137511
0.289390
0.129459
0.229254
0.604628
0.526401
0.383612
0.461886
0.342380
0.162215
0.179689
0.159787
0.163715
0.166072
0.167238
0.259784
0.231925
0.362070
0.269808
0.374084
0.244105
0.364756
0.519425
0.489584
0.393081
0.253532
0.189495
0.157454
0.216088
0.355652
0.311997
0.420627
0.302576
0.193258
0.139187
0.238443
0.156209
0.160919
0.175891
0.361828
0.180859
0.411356
0.313779
0.300014
0.249931
0.240099
0.418583
0.303157
0.226258
0.320792
0.216840
0.259134
0.285650
0.326325
0.293334
0.269119
0.201038
0.210294
0.158925
0.142642
0.150812
0.153121
0.195248
0.326425
0.221492
0.307632
0.360658
0.182636
0.125458
0.139518
0.103114
0.179974
0.139923
0.270704
0.157125
0.198172
0.206075
0.392682
0.320935
0.307137
0.196639
0.192234
0.215650
0.201685
0.181717
0.198933
0.208761
0.208142
0.290144
0.399971
0.305804
0.278027
0.193739
0.167290
0.162253
0.163662
0.292368
0.534905
0.262382
0.257473
0.201300
0.375870
0.237071
0.194210
0.153316
0.201962
0.176080
0.260948
0.219897
0.204409
0.180674
0.220259
0.183998
0.209275
0.197305
0.398710
0.250017
0.224111
0.245079
0.177227
0.149336
0.288764
0.142689
0.193068
0.228886
0.187954
0.273994
0.274280
0.154399
0.254960
0.114172
0.113626
0.100069
0.109978
0.138334
0.139371
0.157221
0.140363
0.277057
0.148789
0.183688
0.232015
0.141218
0.141742
0.209970
0.246298
0.348474
0.444460
0.521354
0.258963
0.290387
0.291006
0.162691
0.159834
0.109270
0.114555
0.156835
0.183117
0.220159
0.276841
0.263093
0.262266
0.296229
0.654851
0.348042
0.370231
0.480835
0.249726
0.219635
0.270390
0.446841
0.328810
0.244013
0.364377
0.382660
0.307289
0.375803
0.258249
0.222635
0.151964
0.146317
0.145736
0.156616
0.257087
0.254916
0.319262
0.209876
0.404261
0.210794
0.163448
0.165467
0.285378
0.191934
0.412479
0.215779
0.185950
0.226139
0.421952
0.379516
0.273398
0.225794
0.178998
0.156963
0.195158
0.138528
0.148603
0.180379
0.343246
0.232110
0.340056
0.292373
0.151693
0.226920
0.202757
0.153059
0.184493
0.153054
0.292982
0.148407
0.236566
0.291925
0.365543
0.464119
0.300752
0.240147
0.157958
0.162758
0.156882
0.172975
0.162977
0.228634
0.344760
0.263153
0.348379
0.350188
0.264581
0.217207
0.144313
0.217255
0.159930
0.113746
0.178974
0.227777
0.199591
0.233300
0.274151
0.351616
0.376089
0.289530
0.275008
0.168547
0.131886
0.184117
0.214065
0.180498
0.343808
0.272247
0.273199
0.344665
0.204685
0.338475
0.419940
0.344903
0.385231
0.203828
0.307480
0.242775
0.181641
0.230681
0.321240
0.280389
0.285435
0.202876
0.191639
0.154549
0.179355
0.166595
0.216826
0.197448
0.162548
0.179593
0.202733
0.294291
0.266295
0.172832
0.360710
0.179927
0.179498
0.393039
0.319288
0.243061
0.483645
0.447507
0.240299
0.411227
0.303528
0.147550
0.159358
0.149122
0.174975
0.184164
0.162405
0.168262
0.144836
0.223778
0.235681
0.395086
0.588963
0.461315
0.225444
0.175546
0.236919
0.264153
0.260820
0.201685
0.137218
0.224016
0.261439
0.327382
0.379612
0.413322
0.210113
0.130743
0.139171
0.178403
0.137695
0.210637
0.312146
0.307051
0.444841
0.224539
0.314336
0.221968
0.224777
0.205304
0.217683
0.169166
0.273247
0.204542
0.170738
0.244203
0.310908
0.686949
0.306670
0.186973
0.239204
0.193687
0.165643
0.171690
0.156216
0.187307
0.293815
0.278151
0.376851
0.223778
0.301624
0.147074
0.170880
0.179927
0.158787
0.108556
0.256344
0.237680
0.202400
0.232633
0.307051
0.264581
0.205209
0.185497
0.186973
0.135219
0.153978
0.158454
0.168119
0.271342
0.260201
0.295053
0.345855
0.359806
0.316574
0.178736
0.148883
0.131077
0.417036
0.406942
0.279103
0.165072
0.207780
0.253011
0.413036
0.284245
0.179355
0.272913
0.236728
0.127029
0.129362
0.144932
0.153216
0.149169
0.335523
0.158596
0.456030
0.222587
0.261867
0.190116
0.082988
0.103081
0.181165
0.164262
0.177498
0.185402
0.255487
0.151645
0.306432
0.293625
0.172975
0.192592
0.175594
0.164310
0.167309
0.144884
0.136933
0.270628
0.179689
0.243203
0.333762
0.414988
0.373804
0.476884
0.213731
0.215303
0.175832
0.218112
0.278198
0.414131
0.328096
0.400895
0.280150
0.403371
0.241204
0.204399
0.179212
0.141551
0.144027
0.258249
0.246822
0.154502
0.161310
0.145360
0.161691
0.219254
0.168405
0.143265
0.305480
0.271485
0.201019
0.169023
0.254630
0.334571
0.205542
0.310003
0.546731
0.473885
0.293625
0.190973
0.247060
0.136457
0.135600
0.157073
0.162929
0.138218
0.139456
0.140361
0.187402
0.280246
0.185021
0.322478
0.192544
0.240870
0.602819
0.426415
0.456839
0.282436
0.663381
0.667286
0.463410
0.485740
0.416702
0.250012
0.252250
0.185640
0.159215
0.151074
0.176879
0.137504
0.229777
0.239061
0.457387
0.265010
0.249607
0.435854
0.343749
0.123935
0.127149
0.131041
0.238811
0.271931
0.168690
0.447031
0.605294
0.361425
0.315431
0.311146
0.326287
0.238442
0.233062
0.224920
0.208637
0.180736
0.323335
0.194877
0.248155
0.181022
0.263724
0.269771
0.114079
0.169119
0.126649
0.139218
0.211017
0.271533
0.264296
0.327501
0.442639
0.402038
0.456839
0.270152
0.221825
0.144908
0.168464
0.169220
0.150836
0.184878
0.292458
0.284400
0.426891
0.269485
0.403204
0.279615
0.236966
0.225920
0.332476
0.205733
0.335619
0.545803
0.418309
0.280573
0.453480
0.428021
0.323899
0.272910
0.204588
0.169404
0.143074
0.160453
0.154978
0.137647
0.234728
0.346712
0.333238
0.127363
0.169214
0.152074
0.104176
0.190544
0.183640
0.146170
0.153264
0.169309
0.203257
0.251774
0.270342
0.352521
0.165500
0.268105
0.397372
0.147598
0.134362
0.149645
0.135409
0.257773
0.223397
0.262962
0.318669
0.278913
0.308623
0.228824
0.260915
0.436509
0.235633
0.164929
0.155597
0.178879
0.305433
0.253535
0.373328
0.451793
0.394420
0.267962
0.236014
0.244298
0.160691
0.157406
0.177165
0.166072
0.175927
0.146884
0.155597
0.297005
0.241608
0.236633
0.231491
0.247060
0.301243
0.288364
0.317871
0.192972
0.212732
0.257487
0.319764
0.288578
0.267486
0.194306
0.193829
0.212255
0.161406
0.194306
0.145265
0.127029
0.113793
0.168357
0.116412
0.305599
0.466041
0.409352
0.255359
0.375446
0.330274
0.348444
0.227024
0.247488
0.336523
0.297386
0.320668
0.508261
0.563110
0.615484
0.469457
0.320430
0.292672
0.217826
0.209780
0.193782
0.275723
0.180974
0.353949
0.251488
0.115412
0.122459
0.159739
0.091416
0.268295
0.107080
0.256868
0.196448
0.223492
0.259915
0.240489
0.477789
0.408561
0.523925
0.314384
0.341808
0.259534
0.211589
0.189925
0.264153
0.382041
0.325715
0.286292
0.365424
0.250440
0.233252
0.166072
0.139980
0.209827
0.165929
0.433938
0.382374
0.571109
0.320335
0.481074
0.441794
0.537495
0.561015
0.427558
0.311860
0.222159
0.167452
0.209113
0.220968
0.263962
0.311289
0.378422
0.284150
0.296886
0.303254
0.306438
0.309622
0.283055
0.281103
0.389516
0.326620
0.545255
0.438247
0.645063
0.538256
0.329191
0.336190
0.216017
0.194877
0.142313
0.148883
0.194306
0.257344
0.255821
0.298386
0.310622
0.248536
0.157263
0.203352
0.132933
0.136980
0.246631
0.148026
0.372994
0.357568
0.235062
0.173356
0.243013
0.341332
0.402228
0.368233
0.192068
0.169214
0.155787
0.149026
0.148503
0.142980
0.275913
0.238775
0.340761
0.168833
0.202447
0.165976
0.142599
0.132267
0.164405
0.153835
0.255297
0.193306
0.169928
0.195686
0.276389
0.224158
0.178832
0.158263
0.174975
0.103795
0.135838
0.092606
0.109841
0.118078
0.156597
0.122602
0.158263
0.236823
0.189021
0.123887
0.235347
0.132124
0.121459
0.163977
0.169833
0.208827
0.155692
0.212970
0.212970
0.394229
0.144265
0.128744
0.111936
0.107413
0.106556
0.079179
0.142884
0.113317
0.114222
0.149550
0.153978
0.260201
0.187211
0.153454
0.194829
0.196353
0.148455
0.149026
0.267486
0.149788
0.147027
0.388706
0.283198
0.228444
0.276865
0.170357
0.155454
0.178546
0.161596
0.171071
0.159358
0.251726
0.297338
0.203971
0.253297
0.181403
0.141027
0.197734
0.174785
0.228920
0.186926
0.220254
0.185402
0.313098
0.395848
0.427558
0.254630
0.458696
0.536400
0.226206
0.343046
0.161167
0.150788
0.104652
0.127839
0.118221
0.228158
0.197829
0.324192
0.209303
0.271437
0.141361
0.179784
0.168928
0.127982
0.125601
0.185116
0.252297
0.184545
0.226491
0.178736
0.181641
0.214017
0.240347
0.191306
0.140885
0.129696
0.146884
0.159882
0.184878
0.322383
0.171547
0.337999
0.349045
0.390325
0.210684
0.156073
0.265867
0.366376
0.244822
0.201400
0.420035
0.487359
0.178213
0.271771
0.292434
0.358949
0.211065
0.212827
0.150645
0.174785
0.127601
0.141884
0.201924
0.314955
0.194925
0.376232
0.257011
0.259439
0.182307
0.113793
0.326191
0.216445
0.168071
0.204875
0.191925
0.262105
0.173356
0.275913
0.240013
0.176070
0.280769
0.178070
0.105842
0.154883
0.166072
0.139790
0.152597
0.160072
0.185640
0.294696
0.103569
0.197549
0.282629
0.126887
0.193782
0.219826
0.218731
0.246869
0.170833
0.157930
0.224825
0.329858
0.387326
0.259344
0.199019
0.292911
0.269247
0.300814
0.158406
0.143122
0.179736
0.189449
0.186592
0.435604
0.583917
0.459411
0.232919
0.265153
0.406847
0.353759
0.313527
0.257297
0.200924
0.418036
0.428225
0.286816
0.274056
0.268866
0.166262
0.256440
0.300481
0.264248
0.188640
0.256201
0.214160
0.270771
0.329905
0.324858
0.231681
0.369566
0.323287
0.463743
0.368757
0.513927
0.485454
0.389706
0.265391
0.214207
0.335762
0.539066
0.722849
0.417607
0.205018
0.213255
0.280103
0.161644
0.170690
0.176070
0.189687
0.160120
0.160977
0.268724
0.279674
0.274485
0.204971
0.350426
0.423082
0.360520
0.279246
0.278579
0.285102
0.192306
0.256297
0.377375
0.524925
0.542399
0.296958
0.196448
0.156787
0.126077
0.128220
0.138361
0.157549
0.298243
0.167212
0.204515
0.264708
0.207251
0.250726
0.156547
0.151472
0.189089
0.146475
0.259861
0.194619
0.187420
0.311531
0.413072
0.469760
0.244491
0.249689
0.188131
0.165119
0.158773
0.177170
0.143979
0.171366
0.291906
0.256354
0.293253
0.224035
0.247527
0.271914
0.156820
0.161520
0.189992
0.150264
0.191496
0.266443
0.244265
0.241685
0.293139
0.307656
0.263705
0.240175
0.173270
0.107916
0.109080
0.113460
0.165762
0.246655
0.336488
0.271586
0.441226
0.343548
0.483658
0.444681
0.464068
0.249460
0.421830
0.398912
0.558571
0.375891
0.320474
0.383705
0.442650
0.459696
0.376184
0.349569
0.347569
0.301481
0.304790
0.237359
0.270277
0.270048
0.351755
0.293099
0.496785
0.447935
0.394848
0.426606
0.459744
0.372661
0.405323
0.387992
0.539923
0.562729
0.560301
0.484978
0.598486
0.691092
0.457887
0.412608
0.352997
0.338761
0.315622
0.387992
0.337190
0.355425
0.358092
0.345379
0.445603
0.569347
0.518783
0.574918
0.363091
0.413655
0.461744
0.443794
0.473599
0.537447
0.470790
0.557777
0.742418
0.562253
0.456459
0.358996
0.343189
0.359568
0.372804
0.421702
0.333714
0.328524
0.340666
0.306337
0.339475
0.490168
0.637242
0.726134
0.475361
0.405228
0.403704
0.371566
0.419035
0.599771
0.592392
0.654002
0.521973
0.515069
0.433771
0.486407
0.413322
0.228063
0.242394
0.226920
0.195686
0.193353
0.314384
0.199948
0.311705
0.320764
0.174356
0.261010
0.245917
0.199971
0.290482
0.225396
0.429748
0.522402
0.447603
0.708327
0.523878
0.506785
0.424558
0.362567
0.248536
0.224777
0.158287
0.151347
0.147169
0.190592
0.381231
0.350569
0.226301
0.404347
0.217124
0.220236
0.236814
0.276532
0.235538
0.252297
0.398038
0.346855
0.446603
0.477551
0.588202
0.463077
0.324001
0.289387
0.233919
0.236490
0.212827
0.256249
0.226539
0.206304
0.298576
0.270533
0.150598
0.288673
0.340094
0.177308
0.129791
0.237252
0.364138
0.507118
0.497596
0.512451
0.501881
0.574108
0.543684
0.674666
0.605580
0.377184
0.325287
0.278674
0.169452
0.200352
0.195496
0.193258
0.325239
0.334428
0.296958
0.296481
0.292196
0.303004
0.414512
0.487026
0.673666
0.515593
0.753607
0.443508
0.378041
0.436652
0.730372
0.614960
0.475932
0.345713
0.365948
0.180546
0.172309
0.169309
0.173594
0.194115
0.374566
0.300052
0.276008
0.257820
0.171928
0.315907
0.247917
0.240204
0.434890
0.314526
0.442365
0.393372
0.459649
0.557873
0.898776
0.779936
0.535923
0.395658
0.351950
0.275865
0.254487
0.226634
0.218350
0.214588
0.251678
0.185021
0.234681
0.274342
0.427463
0.345474
0.310194
0.623149
0.512165
0.520545
0.528972
0.606342
0.652621
0.549874
0.756511
0.873685
0.653811
0.491692
0.488740
0.356235
0.316288
0.298338
0.265438
0.312860
0.531972
0.514546
0.462458
0.680569
0.446555
0.373375
0.313574
0.381517
0.432034
0.502928
0.554968
0.532210
0.449650
0.506356
0.568776
0.662524
0.490501
0.488311
0.437557
0.435604
0.341285
0.311765
0.284912
0.323049
0.433509
0.347331
0.301290
0.429034
0.267486
0.239823
0.268390
0.327763
0.404656
0.289863
0.407466
0.419702
0.455554
0.373756
0.504928
0.580631
0.395229
0.341904
0.283721
0.253630
0.191211
0.199686
0.196686
0.263010
0.284293
0.285055
0.282388
0.316526
0.249202
0.249202
0.276246
0.216445
0.328001
0.305861
0.629243
0.519307
0.507832
0.547398
0.617817
0.649479
0.452507
0.522782
0.549541
0.308242
0.213112
0.235966
0.220588
0.275770
0.308242
0.276246
0.274675
0.179927
0.098843
0.139932
0.132362
0.206351
0.305718
0.215493
0.311336
0.349712
0.470980
0.548731
0.610675
0.635623
0.583774
0.560349
0.463124
0.321240
0.232633
0.224254
0.267628
0.213446
0.386659
0.279198
0.213112
0.215588
0.180403
0.195829
0.243965
0.477027
0.623720
0.367328
0.619816
0.538447
0.614055
0.696329
0.550921
0.548207
0.470171
0.415226
0.372709
0.241204
0.212684
0.242727
0.199543
0.213874
0.326096
0.255630
0.332286
0.460077
0.252345
0.242584
0.186164
0.364757
0.566824
0.486692
0.572156
0.438080
0.542018
0.589487
0.572918
0.575680
0.455030
0.456411
0.350807
0.296434
0.216255
0.279531
0.224444
0.278246
0.248060
0.289244
0.316241
0.376946
0.570918
0.311051
0.246869
0.195734
0.251774
0.275675
0.373328
0.248393
0.317145
0.370471
0.279865
0.249012
0.237871
0.273628
0.268485
0.266914
0.244822
0.154549
0.155692
0.182926
0.196877
0.185354
0.148598
0.283102
0.654954
0.423320
0.217064
0.190163
0.302147
0.281769
0.305194
0.408227
0.485312
0.277341
0.325620
0.259058
0.294482
0.268914
0.324525
0.293958
0.168166
0.145027
0.163977
0.232871
0.296624
0.252107
0.395134
0.371852
0.244156
0.166929
0.244917
0.210684
0.269628
0.291530
0.409894
0.349331
0.351474
0.499214
0.428320
0.480360
0.288292
0.260391
0.329905
0.283769
0.174927
0.190925
0.167643
0.162691
0.312384
0.292339
0.276675
0.240585
0.184355
0.217112
0.284959
0.256154
0.257059
0.219445
0.415084
0.532876
0.336999
0.409370
0.460648
0.461672
0.328584
0.283483
0.407942
0.260487
0.213922
0.178070
0.159239
0.250643
0.318222
0.237951
0.345214
0.223492
0.179831
0.245536
0.170499
0.183450
0.251012
0.268343
0.386469
0.339237
0.443889
0.438223
0.648907
0.589916
0.520402
0.397277
0.347188
0.373375
0.257344
0.244298
0.274818
0.262296
0.378803
0.288245
0.282150
0.310337
0.252012
0.198043
0.179605
0.253636
0.370992
0.666118
0.627648
0.617483
0.499214
0.382755
0.311194
0.395134
0.326477
0.326763
0.300814
0.223730
0.210446
0.204923
0.245298
0.247060
0.394372
0.222921
0.260725
0.292434
0.255725
0.236109
0.283102
0.211827
0.326906
0.218731
0.347807
0.261725
0.527782
0.597296
0.582107
0.493977
0.314765
0.359282
0.210494
0.230824
0.170166
0.130172
0.155073
0.149979
0.144694
0.157216
0.166548
0.251916
0.302052
0.347379
0.367995
0.298719
0.252107
0.196781
0.242156
0.180403
0.205399
0.174880
0.165214
0.271485
0.186116
0.169785
0.217540
0.250060
0.173037
0.173242
0.166057
0.165229
0.190782
0.207956
0.216412
0.336638
0.350393
0.322235
0.244870
0.233448
0.300724
0.293615
0.319440
0.337066
0.373090
0.381517
0.362601
0.419669
0.352516
0.306323
0.261348
0.222354
0.145075
0.170595
0.124316
0.210160
0.282674
0.211351
0.235443
0.225777
0.165643
0.185688
0.218112
0.270057
0.360044
0.238537
0.344570
0.379470
0.262724
0.296672
0.381612
0.416798
0.473551
0.364424
0.335619
0.175023
0.121697
0.182879
0.137457
0.135409
0.331381
0.234586
0.241299
0.355711
0.252440
0.338142
0.267438
0.270914
0.215731
0.233348
0.374566
0.390944
0.377137
0.480693
0.433843
0.398562
0.415893
0.317383
0.324620
0.221016
0.187116
0.164072
0.192639
0.286054
0.354045
0.236157
0.316574
0.402181
0.279151
0.214017
0.210684
0.213922
0.346760
0.299243
0.474218
0.354140
0.349331
0.581488
0.516640
0.408894
0.404704
0.505975
0.372947
0.307432
0.235966
0.240442
0.181450
0.213589
0.331429
0.382660
0.287007
0.449269
0.296339
0.246012
0.261915
0.221968
0.559349
0.394706
0.495643
0.280674
0.458411
0.534447
0.440270
0.482122
0.274818
0.297100
0.358663
0.219207
0.166024
0.160215
0.133933
0.233348
0.300957
0.262724
0.284578
0.190687
0.347427
0.706185
0.240061
0.240489
0.509165
0.544779
0.508499
0.314050
0.352902
0.340618
0.322049
0.522211
0.450221
0.391277
0.328905
0.304099
0.210589
0.156597
0.120078
0.111603
0.192449
0.171499
0.208780
0.263819
0.317145
0.461172
0.345998
0.279246
0.262153
0.283293
0.356425
0.293006
0.316621
0.521640
0.571299
0.372328
0.375423
0.328715
0.341285
0.199019
0.253630
0.309956
0.216779
0.235347
0.228348
0.481979
0.600152
0.606390
0.330191
0.281007
0.364472
0.431605
0.553064
0.597010
0.453888
0.413750
0.479551
0.614388
0.548636
0.486216
0.380565
0.571728
0.584916
0.353140
0.295386
0.242108
0.215683
0.262058
0.285626
0.230681
0.264676
0.278198
0.324144
0.372994
0.462458
0.606580
0.488883
0.468790
0.486454
0.604247
0.805837
0.615912
0.737609
0.796172
0.670999
0.563586
0.371852
0.334048
0.238823
0.216683
0.183260
0.152835
0.189021
0.222682
0.239728
0.459791
0.350331
0.265010
0.293482
0.369328
0.459363
0.687807
0.699091
0.654240
0.547255
0.691044
0.679046
0.637147
0.664762
0.458696
0.408656
0.344237
0.260439
0.254345
0.227777
0.240204
0.302052
0.411179
0.225349
0.281531
0.598200
0.650240
0.300862
0.289625
0.484835
0.434081
0.571109
0.529305
0.602723
0.609865
0.679522
0.712422
0.641527
0.463029
0.410608
0.317193
0.296767
0.307623
0.258392
0.254345
0.419416
0.301433
0.301386
0.250012
0.249917
0.303957
0.303195
0.400276
0.530877
0.637956
0.580298
0.619102
1.000000
0.812931
0.655287
0.579774
0.590773
0.528972
0.529115
0.356425
0.322859
0.283721
0.223539
0.199924
0.335619
0.232538
0.271533
0.301386
0.264200
0.399419
0.291625
0.317859
0.374137
0.296101
0.549302
0.494882
0.502928
0.503833
0.627529
0.599629
0.507118
0.461839
0.345998
0.317050
0.374899
0.287768
0.197448
0.325477
0.215969
0.244822
0.246251
0.219445
0.358044
0.383088
0.224206
0.266771
0.282912
0.297481
0.463981
0.488264
0.444365
0.485883
0.640766
0.568919
0.388135
0.471980
0.407418
0.326334
0.262058
0.200495
0.200828
0.134933
0.154978
0.328048
0.410179
0.416417
0.338095
0.520211
0.440128
0.471599
0.408656
0.491073
0.484550
0.393658
0.480217
0.774461
0.620911
0.718945
0.586297
0.519069
0.609294
0.451745
0.346617
0.340999
0.263010
0.291720
0.433795
0.198115
0.406656
0.298862
0.221778
0.303480
0.181212
0.172452
0.378946
0.293291
0.548588
0.356663
0.390468
0.570823
0.816502
0.595391
0.542303
0.465362
0.376660
0.225111
0.217017
0.295101
0.204114
0.231443
0.376851
0.243965
0.342142
0.658430
0.381088
0.250964
0.290958
0.181069
0.352140
0.260867
0.561729
0.508166
0.530115
0.660953
0.833595
0.613198
0.522259
0.551493
0.561777
0.403609
0.345903
0.296291
0.288245
0.251535
0.400609
0.327572
0.422083
0.231776
0.212255
0.158739
0.340094
0.316717
0.561634
0.607294
0.672951
0.741799
0.716374
0.553635
0.506785
0.473789
0.625196
0.442841
0.499405
0.428510
0.304052
0.216493
0.226777
0.239156
0.369043
0.235395
0.273913
0.315764
0.331381
0.287292
0.279389
0.211494
0.278817
0.324049
0.458268
0.474361
0.449507
0.530924
0.681807
0.589535
0.478265
0.338285
0.296672
0.204209
0.173213
0.162024
0.151693
0.248726
0.317955
0.212255
0.155597
0.222064
0.197258
0.203257
0.216921
0.175927
0.250440
0.352093
0.444175
0.398086
0.573204
0.573442
0.558587
0.506118
0.333571
0.287864
0.333905
0.248584
0.265486
0.239252
0.242156
0.232348
0.187021
0.210113
0.311717
0.568681
0.464267
0.400609
0.426939
0.487502
0.513403
0.479789
0.472409
0.620245
0.763462
0.563872
0.648907
0.739275
0.685712
0.549445
0.449602
0.461172
0.355806
0.229301
0.222873
0.193068
0.232062
0.251059
0.325239
0.409894
0.311241
0.331762
0.363900
0.325811
0.358568
0.363805
0.600248
0.484788
0.497596
0.564586
0.633576
0.664191
0.519212
0.599343
0.645336
0.388849
0.282436
0.245060
0.275294
0.321287
0.294625
0.263772
0.278151
0.284674
0.219445
0.202495
0.201971
0.226158
0.579441
0.435842
0.564253
0.605533
0.593344
0.735990
0.912489
0.750845
0.635814
0.788316
0.517164
0.417512
0.339190
0.308670
0.274627
0.360139
0.436985
0.262915
0.224206
0.335095
0.281293
0.312574
0.353521
0.301576
0.460887
0.450126
0.709470
0.846593
0.758225
0.557206
0.560015
0.457697
0.436842
0.489501
0.565538
0.351569
0.300528
0.275056
0.274437
0.275342
0.270009
0.248631
0.365424
0.303576
0.365757
0.300624
0.254773
0.355759
0.789078
0.625863
0.686616
0.519878
0.530591
0.652812
0.722040
0.485597
0.501500
0.608104
0.469838
0.357854
0.234681
0.256820
0.272771
0.366138
0.452459
0.284007
0.229824
0.278008
0.221492
0.260010
0.224730
0.231443
0.501928
0.460125
0.884969
0.827025
0.633100
0.433509
0.630815
0.785316
0.509356
0.467362
0.491501
0.565300
0.310813
0.295005
0.262582
0.318240
0.354235
0.233871
0.294767
0.308956
0.371756
0.237585
0.305099
0.233348
0.336381
0.289482
0.279103
0.279817
0.385374
0.312432
0.534686
0.363329
0.354568
0.364138
0.294672
0.250345
0.283626
0.321859
0.199591
0.231586
0.238680
0.307385
0.294434
0.293053
0.343332
0.428891
0.314907
0.371471
0.318431
0.486788
0.477360
0.529591
0.468885
0.531400
0.662096
0.476218
0.420321
0.336619
0.285721
0.270866
0.218350
0.322383
0.235823
0.389135
0.372042
0.528877
0.587630
0.367995
0.254773
0.446889
0.197115
0.256154
0.429891
0.369328
0.496310
0.375089
0.364472
0.356759
0.494453
0.524925
0.802504
0.526115
0.491311
0.254773
0.185450
0.160644
0.145265
0.283102
0.300100
0.271628
0.331096
0.162643
0.190830
0.159930
0.203733
0.210256
0.298291
0.262296
0.376375
0.532543
0.539018
0.548065
0.560063
0.739561
0.761891
0.594010
0.342618
0.258011
0.326477
0.321478
0.241727
0.250202
0.189449
0.340666
0.365757
0.387326
0.346950
0.291863
0.355473
0.259201
0.271009
0.396562
0.452935
0.426082
0.700995
0.855116
0.640385
0.556825
0.556492
0.610532
0.393325
0.317574
0.218921
0.214541
0.266486
0.320240
0.293720
0.328334
0.303385
0.269914
0.278103
0.230158
0.292577
0.292768
0.403180
0.452507
0.661429
0.358520
0.516593
0.618864
0.549207
0.458173
0.439080
0.451412
0.405180
0.273199
0.211922
0.178689
0.136409
0.154073
0.246822
0.247346
0.297862
0.253297
0.314765
0.177260
0.199733
0.327953
0.323144
0.431938
0.794077
0.563491
0.453459
0.446222
0.488359
0.536638
0.514355
0.397324
0.339475
0.229110
0.190259
0.220873
0.214303
0.197734
0.256440
0.316669
0.180546
0.186640
0.247108
0.245394
0.226872
0.248964
0.405418
0.417417
0.470504
0.572823
0.534828
0.441032
0.451650
0.426272
0.341142
0.371614
0.350474
0.258249
0.274104
0.208446
0.149741
0.214017
0.190259
0.160406
0.184974
0.249393
0.221492
0.379803
0.377279
0.639861
0.668000
0.351236
0.481217
0.646336
0.547303
0.467552
0.563729
0.431415
0.507927
0.507785
0.438652
0.298862
0.227587
0.252631
0.201114
0.175546
0.175308
0.210779
0.259915
0.457554
0.345427
0.258582
0.410608
0.307670
0.414750
0.401562
0.410989
0.398324
0.370852
0.447507
0.421702
0.562777
0.476313
0.441127
0.319383
0.244489
0.235966
0.170309
0.232681
0.264629
0.198448
0.227444
0.174356
0.310337
0.428843
0.253583
0.287673
0.366233
0.367471
0.374708
0.452126
0.381041
0.710660
0.561301
0.549493
0.579679
0.618769
0.381136
0.315812
0.292720
0.206447
0.199876
0.243061
0.214350
0.189211
0.232491
0.392182
0.347427
0.469933
0.396896
0.327334
0.407037
0.315431
0.337999
0.464457
0.582298
0.467076
0.533257
0.636052
0.653192
0.534781
0.475932
0.332524
0.294387
0.219873
0.244060
0.217874
0.257201
0.382374
0.318478
0.341475
0.339999
0.238966
0.286530
0.200067
0.292101
0.409465
0.294672
0.494167
0.503119
0.637671
0.698995
0.721564
0.556159
0.476979
0.482741
0.294815
0.230253
0.203828
0.222682
0.202352
0.221445
0.357854
0.297148
0.183736
0.308575
0.372423
0.288054
0.206256
0.283721
0.225968
0.218731
0.300576
0.243727
0.359234
0.270628
0.331619
0.320288
0.263486
0.342903
0.440985
0.277198
0.249345
0.182450
0.175927
0.308861
0.228777
0.260058
0.176832
0.201638
0.169880
0.248107
0.291577
0.246489
0.306337
0.196829
0.255916
0.270485
0.442794
0.384850
0.423178
0.328572
0.384469
0.317859
0.212303
0.151359
0.184355
0.184831
0.169500
0.168357
0.189449
0.165262
0.190306
0.316907
0.344951
0.269057
0.220016
0.213541
0.247298
0.403180
0.459411
0.280817
0.273247
0.418512
0.362377
0.290625
0.331619
0.289816
0.336190
0.335857
0.237966
0.244060
0.224349
0.216398
0.213160
0.335857
0.605723
0.524877
0.271104
0.288435
0.297672
0.202590
0.325811
0.228586
0.469171
0.571061
0.478313
0.450888
0.774128
0.402323
0.419511
0.333238
0.425796
0.260153
0.267866
0.154835
0.158168
0.345094
0.266105
0.296720
0.331762
0.242346
0.273580
0.372375
0.269771
0.218635
0.599962
0.591392
0.501928
0.416274
0.397705
0.530972
0.541780
0.473218
0.496453
0.336095
0.445079
0.391087
0.252631
0.232062
0.174261
0.271009
0.205923
0.225968
0.173451
0.226444
0.336761
0.178546
0.346236
0.274151
0.262248
0.322240
0.595344
0.763034
0.700090
0.544494
0.765891
0.602866
0.653764
0.559539
0.402419
0.351331
0.316383
0.224730
0.226539
0.271152
0.342761
0.281626
0.294148
0.312384
0.322192
0.180641
0.169309
0.236252
0.445984
0.238299
0.364281
0.418274
0.494691
0.645098
0.533162
0.413084
0.447317
0.370709
0.341904
0.247012
0.204304
0.205685
0.230729
0.193591
0.293577
0.251488
0.216302
0.366567
0.586345
0.453935
0.210351
0.342999
0.424511
0.374185
0.430367
0.322097
0.436842
0.432843
0.669000
0.671666
0.610437
0.482788
0.421226
0.300433
0.241251
0.170690
0.198829
0.249583
0.263058
0.216493
0.268295
0.326858
0.278722
0.332476
0.190925
0.207066
0.303623
0.304814
0.315669
0.302623
0.346522
0.374470
0.553730
0.400324
0.419511
0.398657
0.179165
0.146789
0.255344
0.187307
0.183307
0.164119
0.165214
0.207923
0.173356
0.335666
0.393468
0.219540
0.227587
0.271533
0.320764
0.585393
0.556111
0.621483
0.443984
0.399562
0.604771
0.567490
0.451221
0.261439
0.212827
0.234062
0.180784
0.179593
0.237918
0.178832
0.169214
0.278722
0.160120
0.610437
0.568395
0.375851
0.207208
0.264962
0.488787
0.308861
0.434128
0.466362
0.382564
0.533971
0.703185
0.582869
0.414417
0.332476
0.223682
0.228967
0.190163
0.205209
0.157930
0.221492
0.399467
0.386659
0.347522
0.377613
0.282388
0.256630
0.241489
0.247869
0.339190
0.298910
0.369328
0.372137
0.391658
0.545494
0.596439
0.423701
0.402466
0.398181
0.301338
0.246965
0.246774
0.183926
0.191925
0.240251
0.276580
0.332429
0.349141
0.349521
0.365614
0.219588
0.243965
0.266438
0.168452
0.231396
0.599581
0.554635
0.425273
0.315479
0.420797
0.395705
0.326668
0.317526
0.209589
0.332810
0.350855
0.241775
0.201352
0.348664
0.224825
0.267866
0.281246
0.218921
0.235966
0.295624
0.251202
0.282674
0.457363
0.303433
0.377375
0.523449
0.440223
0.397467
0.774937
0.423225
0.344855
0.324620
0.345808
0.338333
0.308718
0.263010
0.246441
0.222349
0.319050
0.322049
0.274008
0.335476
0.288387
0.267295
0.356235
0.244394
0.499786
0.427082
0.444984
0.629624
0.580203
0.326906
0.474456
0.426701
0.342094
0.324477
0.455506
0.370518
0.294910
0.233395
0.211684
0.269295
0.279960
0.270866
0.279579
0.372233
0.513689
0.522259
0.287102
0.234681
0.323478
0.248584
0.366091
0.373947
0.225492
0.232205
0.318383
0.391039
0.252107
0.350188
0.270152
0.204590
0.207018
0.177498
0.197210
0.160120
0.145932
0.170166
0.219826
0.186545
0.274865
0.257916
0.276246
0.273628
0.363139
0.305528
0.445889
0.415798
0.389897
0.309242
0.415464
0.387230
0.368138
0.373947
0.203780
0.282341
0.245441
0.239870
0.203019
0.164548
0.157406
0.187830
0.453126
0.285769
0.302576
0.249726
0.214826
0.496358
0.774223
0.599581
0.489073
0.344903
0.432319
0.433224
0.530686
0.741942
0.580250
0.534686
0.452650
0.333143
0.322859
0.331191
0.313527
0.352569
0.410703
0.342856
0.400229
0.351950
0.371328
0.699186
0.504261
0.353045
0.402276
0.357378
0.352712
0.356806
0.385945
0.434414
0.404228
0.624863
0.637576
0.559968
0.330429
0.272723
0.295339
0.214112
0.178594
0.209208
0.256011
0.247346
0.276627
0.329143
0.234681
0.272580
0.245917
0.246155
0.250583
0.296243
0.343427
0.342665
0.297862
0.319288
0.363519
0.608199
0.398610
0.306480
0.314526
0.315479
0.282864
0.250821
0.229158
0.200781
0.246060
0.260058
0.294339
0.201781
0.293434
0.370661
0.701757
0.585488
0.471790
0.303290
0.380993
0.285388
0.424320
0.288959
0.315050
0.306337
0.259296
0.443651
0.342427
0.642384
0.374851
0.240632
0.172928
0.172737
0.241632
0.325477
0.342427
0.295529
0.217350
0.229539
0.122792
0.333048
0.180450
0.212684
0.389563
0.352235
0.269485
0.269247
0.354902
0.361282
0.370566
0.326620
0.230300
0.158215
0.205304
0.227110
0.255583
0.234871
0.299148
0.297862
0.396181
0.394325
0.218873
0.211684
0.206447
0.228967
0.235538
0.183783
0.368424
0.308432
0.277817
0.442746
0.609437
0.438985
0.401466
0.351807
0.287721
0.262962
0.167167
0.171595
0.254107
0.245727
0.223968
0.250107
0.304242
0.400467
0.714136
0.602152
0.354330
0.277056
0.259630
0.242203
0.333905
0.258011
0.265153
0.328334
0.408180
0.493739
0.296672
0.344237
0.314717
0.277056
0.263819
0.273770
0.218683
0.185021
0.261486
0.255630
0.668476
0.393515
0.581107
0.450079
0.247584
0.154740
0.220445
0.400895
0.363377
0.567824
0.450126
0.465219
0.488930
0.485359
0.514498
0.401038
0.361996
0.205699
0.219902
0.189102
0.182831
0.233348
0.188973
0.261901
0.409427
0.218064
0.211436
0.195743
0.228434
0.203742
0.257149
0.254187
0.332057
0.261696
0.462420
0.487973
0.426318
0.322477
0.293672
0.270247
0.342570
0.202733
0.209732
0.174070
0.206732
0.290911
0.381993
0.282912
0.311622
0.382136
0.266629
0.269581
0.215826
0.278865
0.387230
0.227777
0.382326
0.387468
0.383279
0.354045
0.333190
0.333429
0.401514
0.329048
0.247250
0.223111
0.301195
0.241204
0.194068
0.174070
0.360425
0.290673
0.392515
0.347093
0.299148
0.179784
0.205637
0.292577
0.333667
0.249441
0.390611
0.420416
0.403657
0.519735
0.649241
0.564729
0.598343
0.562586
0.455554
0.272675
0.236919
0.235966
0.217874
0.188259
0.282055
0.305385
0.314812
0.448460
0.288006
0.188783
0.141742
0.143218
0.255535
0.263486
0.415655
0.386516
0.309622
0.374851
0.394467
0.405371
0.370138
0.454935
0.338523
0.382850
0.480269
0.359577
0.266971
0.243703
0.277327
0.245289
0.273613
0.376251
0.633657
0.591363
0.550131
0.458016
0.415869
0.454564
0.470100
0.393020
0.476403
0.565091
0.495648
0.535481
0.413674
0.410060
0.364500
0.300609
0.288502
0.294601
0.220473
0.204080
0.183921
0.190687
0.201805
0.383088
0.428920
0.326353
0.318612
0.476884
0.430296
0.388978
0.545170
0.490278
0.438504
0.342775
0.347636
0.611265
0.446422
0.483612
0.362753
0.335090
0.290385
0.233537
0.213969
0.193163
0.259225
0.529222
0.352955
0.385662
0.344476
0.292935
0.319014
0.537739
0.422419
0.350571
0.439890
0.399658
0.439414
0.451459
0.503023
0.422749
0.323716
0.335666
0.326096
0.405228
0.341656
0.362772
0.263591
0.220421
0.204818
0.221130
0.264553
0.276718
0.294582
0.234124
0.238337
0.231795
0.347069
0.439209
0.332514
0.293720
0.355125
0.376870
0.586231
0.583679
0.390525
0.249245
0.226172
0.196241
0.191345
0.123740
0.139549
0.131385
0.213922
0.248298
0.457982
0.353188
0.277151
0.215350
0.133886
0.129029
0.221825
0.276675
0.677427
0.626625
0.453649
0.358092
0.387683
0.387933
0.300808
0.263769
0.214206
0.180450
0.142527
0.148419
0.125887
0.193401
0.304195
0.244060
0.489882
0.209351
0.200043
0.223456
0.133362
0.191163
0.142075
0.138218
0.433010
0.224575
0.202298
0.333592
0.385313
0.283072
0.181268
0.186073
0.166978
0.118556
0.119079
0.145551
0.151598
0.229015
0.299291
0.249726
0.246489
0.257011
0.239347
0.192258
0.138504
0.105985
0.172928
0.179927
0.225206
0.238942
0.239192
0.218487
0.311167
0.491107
0.350777
0.207407
0.219330
0.203509
0.165912
0.186298
0.160116
0.284912
0.151216
0.165833
0.398657
0.265867
0.259677
0.229681
0.288768
0.230205
0.217493
0.215588
0.419750
0.295005
0.282531
0.287530
0.456649
0.406323
0.269723
0.210970
0.222349
0.199971
0.128029
0.303909
0.147360
0.160072
0.191258
0.137218
0.140599
0.265676
0.272532
0.226063
0.259201
0.324382
0.387183
0.272152
0.411560
0.340951
0.333857
0.434319
0.388921
0.338702
0.400461
0.545636
0.316145
0.220492
0.202976
0.237371
0.273109
0.175922
0.197238
0.197424
0.403480
0.522901
0.704875
0.342037
0.258801
0.327834
0.305118
0.442746
0.551045
0.498195
0.540523
0.476194
0.334928
0.264691
0.337028
0.296934
0.275742
0.281107
0.200976
0.205666
0.146162
0.165832
0.301744
0.185989
0.328225
0.269219
0.570954
0.556322
0.532508
0.165699
0.364812
0.318103
0.314388
0.298381
0.335847
0.380498
0.315679
0.589173
0.326606
0.411389
0.338571
0.201219
0.162710
0.136580
0.173037
0.202128
0.369423
0.238033
0.286173
0.306966
0.298462
0.304066
0.320192
0.227239
0.230136
0.204612
0.269601
0.611171
0.440338
0.347779
0.294168
0.347803
0.359646
0.308267
0.276411
0.233844
0.197039
0.143904
0.158282
0.167471
0.282931
0.194277
0.321211
0.213703
0.124716
0.119526
0.115717
0.123573
0.230891
0.227986
0.365395
0.352159
0.420435
0.338590
0.349064
0.378917
0.321830
0.273551
0.288644
0.293263
0.241604
0.222606
0.199610
0.302262
0.306594
0.257363
0.387392
0.280169
0.149045
0.292263
0.270504
0.187088
0.273361
0.318069
0.341399
0.477856
0.505471
0.535990
0.401628
0.364015
0.526896
0.271933
0.284693
0.238318
0.240175
0.218988
0.226225
0.288740
0.267505
0.221844
0.252554
0.287930
0.233890
0.178517
0.257601
0.187230
0.272742
0.261410
0.347827
0.358492
0.447336
0.505233
0.681207
0.469095
0.644736
0.576984
0.601838
0.395105
0.333548
0.376956
0.284274
0.330405
0.245989
0.225035
0.350121
0.551945
0.586026
0.314865
0.291730
0.357354
0.353968
0.374075
0.434938
0.340032
0.422949
0.359987
0.427958
0.444741
0.289787
0.248088
0.198967
0.246284
0.264431
0.219584
0.167546
0.217349
0.180069
0.225253
0.629743
0.255523
0.246459
0.232880
0.204999
0.208294
0.303809
0.292480
0.354758
0.303051
0.305480
0.430700
0.588630
0.337952
0.276770
0.294577
0.377327
0.247631
0.219254
0.214636
0.197067
0.342189
0.258487
0.232110
0.491168
0.625482
0.596201
0.297862
0.246822
0.210208
0.219254
0.186307
0.318764
0.217874
0.205875
0.380089
0.496786
0.315955
0.511356
0.288483
0.281293
0.227015
0.252107
0.323858
0.261582
0.211065
0.194353
0.271104
0.346236
0.315193
0.286435
0.334190
0.325715
0.303861
0.222016
0.245727
0.457078
0.648574
0.535209
0.793506
0.674999
0.411132
0.362282
0.439461
0.495548
0.374994
0.331524
0.351616
0.293053
0.301338
0.477694
0.308004
0.455792
0.376422
0.260344
0.229063
0.185450
0.222873
0.243584
0.333619
0.328763
0.345665
0.517736
0.619007
0.640194
0.516926
0.376565
0.353235
0.334571
0.202733
0.207351
0.270152
0.197210
0.265486
0.269866
0.191163
0.257630
0.227634
0.390516
0.432353
0.223620
0.230043
0.528996
0.497143
0.575937
0.602681
0.517240
0.495810
0.499219
0.528329
0.582188
0.560796
0.480146
0.402304
0.376846
0.355902
0.287316
0.346884
0.387616
0.367747
0.521654
0.758035
0.370380
0.363539
0.326972
0.228225
0.607666
0.387445
0.607023
0.606770
0.607294
0.719073
0.848641
0.927720
0.623449
0.581055
0.453126
0.290035
0.411655
0.300290
0.214112
0.225254
0.203066
0.184974
0.318145
0.461982
0.536209
0.581298
0.525163
0.555635
0.343903
0.372756
0.509118
0.536209
0.547350
0.849736
0.612770
0.454126
0.394991
0.301862
0.389040
0.422797
0.311384
0.313193
0.236538
0.188544
0.232157
0.285388
0.442461
0.444936
0.251869
0.401466
0.376518
0.324382
0.534686
0.479789
0.505452
0.675189
0.455982
0.545589
0.712041
0.455697
0.413560
0.344951
0.336428
0.263629
0.219540
0.230919
0.209684
0.244679
0.235538
0.243775
0.380708
0.394991
0.334714
0.190592
0.183878
0.164119
0.202114
0.592344
0.264058
0.317478
0.354092
0.368185
0.491406
0.356806
0.296862
0.347569
0.263772
0.191830
0.164167
0.260201
0.178498
0.197876
0.310860
0.196067
0.262486
0.414322
0.788459
0.375851
0.272247
0.186688
0.209351
0.228301
0.325573
0.461601
0.384564
0.280246
0.467647
0.265343
0.371756
0.272152
0.287149
0.188544
0.216779
0.186830
0.152169
0.171261
0.249679
0.265248
0.322621
0.563919
0.337666
0.391992
0.180355
0.179831
0.294672
0.270199
0.339809
0.210684
0.249393
0.278389
0.315931
0.337535
0.318008
0.257276
0.297709
0.267028
0.192482
0.174349
0.120384
0.158226
0.188407
0.177168
0.260631
0.296292
0.218826
0.133743
0.117888
0.084464
0.102604
0.165976
0.389325
0.251916
0.320383
0.349712
0.360472
0.255154
0.383088
0.199543
0.219064
0.213160
0.187069
0.165500
0.177260
0.192734
0.239775
0.186735
0.250012
0.363043
0.384612
0.300528
0.391754
0.245060
0.214588
0.288625
0.300576
0.223730
0.228063
0.316955
0.378660
0.349188
0.310956
0.180593
0.645670
0.281769
0.341094
0.170880
0.100986
0.100367
0.103604
0.118031
0.198876
0.288578
0.294244
0.224682
0.191639
0.186069
0.147074
0.178308
0.326763
0.339904
0.287530
0.352093
0.455792
0.376660
0.296958
0.550588
0.269819
0.245298
0.171404
0.140456
0.141456
0.176022
0.195782
0.307980
0.696174
0.258076
0.257472
0.254147
0.233082
0.172224
0.244518
0.283379
0.226153
0.196827
0.282292
0.391943
0.497976
0.435842
0.329001
0.363234
0.284531
0.219588
0.184021
0.190211
0.178641
0.237157
0.260249
0.174499
0.274627
0.487835
0.652669
0.497596
0.313717
0.218493
0.237109
0.283436
0.551207
0.392420
0.265914
0.415893
0.475146
0.387814
0.405662
0.301100
0.304052
0.278532
0.277675
0.286340
0.256225
0.209268
0.261058
0.275770
0.397753
0.296553
0.301326
0.174070
0.305099
0.150002
0.267117
0.264682
0.208330
0.215459
0.262153
0.303719
0.418988
0.559301
0.373518
0.352331
0.227206
0.173832
0.183331
0.160013
0.169660
0.256068
0.252564
0.271713
0.247679
0.248774
0.252345
0.213017
0.252916
0.257820
0.389087
0.240204
0.243632
0.355021
0.265331
0.346445
0.398714
0.257201
0.394610
0.533448
0.313717
0.313479
0.224730
0.222730
0.154311
0.192115
0.238966
0.219731
0.361901
0.465791
0.328953
0.322097
0.212779
0.125220
0.220730
0.246012
0.462172
0.415417
0.438937
0.595629
0.522735
0.460601
0.422368
0.294006
0.243299
0.197210
0.282864
0.186973
0.178879
0.216588
0.225492
0.203019
0.368138
0.371566
0.283817
0.312051
0.324192
0.279865
0.193591
0.195877
0.299767
0.179546
0.225872
0.413370
0.521402
0.324239
0.300290
0.267486
0.675046
0.274247
0.223587
0.194877
0.179403
0.197258
0.182783
0.165214
0.230538
0.347665
0.774032
0.409608
0.428796
0.415369
0.360948
0.298100
0.460553
0.370423
0.329524
0.341332
0.488264
0.548160
0.497167
0.283388
0.213112
0.194115
0.200495
0.152074
0.139075
0.142265
0.144217
0.136980
0.312860
0.377660
0.292530
0.273294
0.312051
0.352426
0.218397
0.264391
0.267057
0.234586
0.207447
0.338523
0.336238
0.345474
0.293672
0.380898
0.233776
0.178117
0.163453
0.172452
0.142980
0.146217
0.343903
0.166929
0.337523
0.253868
0.259153
0.233871
0.173880
0.198210
0.149407
0.277341
0.278198
0.464267
0.520449
0.446079
0.472742
0.404323
0.268343
0.463124
0.193972
0.188116
0.235585
0.156311
0.156692
0.244822
0.321478
0.261439
0.289911
0.367995
0.335428
0.199829
0.271009
0.284388
0.334666
0.342142
0.325620
0.283245
0.334714
0.480455
0.402657
0.375137
0.372994
0.371709
0.329239
0.237299
0.229920
0.208304
0.156549
0.203828
0.284816
0.301005
0.275342
0.311003
0.258154
0.456744
0.497834
0.221635
0.218397
0.270199
0.303433
0.238775
0.315384
0.319050
0.334190
0.323716
0.304861
0.336333
0.240775
0.191211
0.157454
0.149550
0.171595
0.188449
0.235681
0.188164
0.220683
0.367138
0.268914
0.135743
0.164262
0.316621
0.264438
0.304576
0.288673
0.288721
0.308289
0.212636
0.318002
0.341094
0.466743
0.408037
0.184117
0.184355
0.166214
0.139647
0.176546
0.168738
0.262296
0.233729
0.301576
0.417750
0.332000
0.238442
0.160310
0.418702
0.505118
0.521687
0.367662
0.376946
0.317288
0.269152
0.490549
0.248155
0.284531
0.322335
0.390135
0.460601
0.441461
0.210875
0.242918
0.148788
0.144313
0.151074
0.223873
0.327001
0.306194
0.249107
0.355568
0.290101
0.244822
0.299910
0.428082
0.348522
0.265200
0.255202
0.432034
0.435033
0.333571
0.254440
0.287959
0.256011
0.170976
0.149407
0.156073
0.170595
0.165119
0.207685
0.395324
0.243061
0.326096
0.463267
0.617293
0.380946
0.440699
0.442318
0.414941
0.481074
0.584631
0.280198
0.483217
0.271152
0.416893
0.200305
0.228682
0.210541
0.149788
0.180212
0.214255
0.198115
0.303719
0.243441
0.359901
0.304242
0.253154
0.175356
0.211208
0.285816
0.172690
0.213589
0.218302
0.232729
0.356520
0.354616
0.430129
0.263534
0.276056
0.353997
0.243727
0.188259
0.143599
0.177879
0.170357
0.168595
0.334905
0.180117
0.288673
0.317621
0.333190
0.186973
0.240442
0.210922
0.208018
0.177784
0.562491
0.564110
0.349188
0.285150
0.547636
0.353283
0.319145
0.254345
0.227348
0.191306
0.179308
0.193734
0.166833
0.179974
0.258439
0.295862
0.212779
0.309099
0.280722
0.215683
0.324192
0.316145
0.178879
0.149312
0.241727
0.424701
0.393372
0.380041
0.400229
0.341904
0.347760
0.329477
0.312098
0.362567
0.225349
0.229110
0.141599
0.193115
0.258058
0.186211
0.306385
0.299814
0.186450
0.194306
0.303147
0.266057
0.234966
0.199924
0.158692
0.242584
0.140551
0.431034
0.535114
0.395229
0.247298
0.254059
0.277056
0.179784
0.187592
0.161977
0.169357
0.215588
0.232205
0.228158
0.340285
0.368947
0.192925
0.197972
0.232014
0.216683
0.275532
0.290625
0.286673
0.239870
0.283102
0.266914
0.428701
0.239966
0.304242
0.214969
0.197734
0.285197
0.186307
0.227967
0.165738
0.159882
0.187449
0.150740
0.180070
0.403085
0.248298
0.332381
0.374280
0.402562
0.550255
0.196401
0.240918
0.317145
0.391849
0.412322
0.257773
0.264010
0.220349
0.322478
0.451650
0.325049
0.166548
0.139742
0.161882
0.251583
0.160025
0.160977
0.271295
0.245536
0.228491
0.219397
0.257582
0.302100
0.333952
0.742275
0.479170
0.305385
0.374613
0.379850
0.409275
0.385659
0.330667
0.260058
0.206732
0.117555
0.139218
0.153597
0.134314
0.157311
0.155787
0.309051
0.286530
0.351426
0.526401
0.251202
0.122221
0.145408
0.132076
0.117983
0.237918
0.144360
0.113936
0.367186
0.438223
0.260772
0.273437
0.185497
0.171880
0.176308
0.125887
0.162929
0.164357
0.130219
0.131743
0.105842
0.288578
0.189830
0.207875
0.343380
0.327929
0.347284
0.265343
0.198853
0.179831
0.193496
0.306028
0.243977
0.387855
0.437393
0.362557
0.294744
0.226111
0.225968
0.207351
0.177403
0.226491
0.224206
0.412893
0.221254
0.316574
0.422273
0.357473
0.508451
0.196924
0.151693
0.214969
0.249202
0.300576
0.364567
0.374280
0.335571
0.490454
0.446889
0.404180
0.416036
0.507499
0.269438
0.215207
0.180498
0.193449
0.227253
0.207589
0.246060
0.397610
0.502452
0.418988
0.306956
0.304433
0.237109
0.268057
0.220635
0.261153
0.247536
0.379041
0.329048
0.579346
0.643622
0.382564
0.416274
0.263343
0.271628
0.182593
0.162501
0.157025
0.186450
0.285197
0.281103
0.301386
0.369423
0.288197
0.365281
0.298624
0.301862
0.361377
0.328524
0.366900
0.314717
0.365710
0.518402
0.510689
0.257439
0.266962
0.264772
0.213208
0.202400
0.236109
0.154454
0.176689
0.172690
0.294839
0.408977
0.439366
0.495215
0.508308
0.316526
0.228205
0.257916
0.727991
0.520640
0.407894
0.216398
0.211351
0.182974
0.456459
0.393848
0.413465
0.438414
0.293625
0.262391
0.220588
0.246631
0.192687
0.157358
0.233443
0.234586
0.365614
0.289054
0.257916
0.223444
0.281722
0.230443
0.281246
0.290101
0.244441
0.262439
0.250012
0.288959
0.407275
0.464029
0.367995
0.433843
0.223254
0.170928
0.154264
0.145408
0.145075
0.160263
0.223254
0.363662
0.390468
0.348998
0.313336
0.171309
0.259153
0.194925
0.370757
0.242918
0.229967
0.253297
0.279722
0.408608
0.550160
0.433652
0.506451
0.494739
0.388992
0.267486
0.246060
0.237585
0.222302
0.246679
0.235204
0.232491
0.379374
0.454792
0.370852
0.235728
0.336333
0.314812
0.218826
0.182831
0.282960
0.211160
0.223159
0.213208
0.502024
0.480550
0.343570
0.274008
0.249155
0.179927
0.164691
0.173356
0.221064
0.237061
0.183545
0.204923
0.286578
0.496072
0.306861
0.230396
0.268200
0.227253
0.338666
0.209065
0.308575
0.266914
0.411132
0.543351
0.534686
0.341237
0.371042
0.386516
0.358711
0.273247
0.194829
0.221016
0.224635
0.259011
0.222921
0.217207
0.345522
0.516926
0.258058
0.225396
0.155597
0.133362
0.136980
0.346189
0.333190
0.261296
0.367424
0.326668
0.324906
0.275723
0.298672
0.354854
0.254487
0.196305
0.203209
0.171880
0.171880
0.182641
0.181926
0.199067
0.361663
0.662810
0.766081
0.740275
0.464838
0.700186
0.270104
0.255440
0.335000
0.269342
0.408085
0.460839
0.463124
0.373470
0.312432
0.348855
0.805171
0.586726
0.302766
0.249726
0.215922
0.191401
0.163167
0.153264
0.194877
0.307432
0.401419
0.324144
0.434938
0.523687
0.389801
0.461172
0.473932
0.357901
0.332572
0.320097
0.552635
0.511736
0.528877
0.445555
0.313431
0.154930
0.154930
0.130696
0.215636
0.160501
0.161929
0.267533
0.384945
0.448365
0.331524
0.356140
0.504452
0.419559
0.558349
0.425606
0.311051
0.345284
0.218778
0.212065
0.329762
0.373756
0.377994
0.445460
0.281150
0.168262
0.178974
0.172404
0.158215
0.172737
0.206066
0.299671
0.335143
0.546731
0.340189
0.341570
0.304623
0.179784
0.161215
0.187592
0.189068
0.335619
0.310003
0.357758
0.668047
0.665714
0.559730
0.418797
0.338999
0.401657
0.197067
0.222492
0.233824
0.249488
0.241156
0.266533
0.339094
0.366614
0.444079
0.255059
0.248060
0.349045
0.191973
0.228444
0.282436
0.664048
0.409656
0.162453
0.386088
0.492644
0.458173
0.378089
0.268724
0.264962
0.305528
0.279341
0.262915
0.250060
0.260344
0.263391
0.363329
0.476503
0.455078
0.318097
0.180450
0.191258
0.176070
0.322383
0.269723
0.347427
0.300624
0.343046
0.377517
0.589963
0.428129
0.377803
0.243013
0.231586
0.122840
0.135552
0.167547
0.208732
0.282055
0.301290
0.292672
0.283769
0.272485
0.285435
0.255344
0.165072
0.379612
0.331143
0.498167
0.533876
0.371233
0.377851
0.333571
0.859306
0.570538
0.479027
0.375375
0.314336
0.301528
0.290578
0.288816
0.283483
0.325382
0.299719
0.328620
0.378803
0.479884
0.342142
0.284578
0.342856
0.311098
0.243537
0.364329
0.354711
0.243441
0.345855
0.495501
0.413893
0.461505
0.432272
0.394134
0.285340
0.285435
0.221921
0.202828
0.202019
0.293149
0.293387
0.295910
0.298910
0.356568
0.468219
0.410179
0.432081
0.686283
0.710565
0.468838
0.628624
0.527258
0.360234
0.383326
0.586678
0.488454
0.260439
0.420226
0.231634
0.203019
0.169976
0.164548
0.168785
0.164643
0.159215
0.274913
0.572680
0.408037
0.368233
0.529591
0.568157
0.342094
0.255106
0.510879
0.646098
0.389754
0.166262
0.402323
0.592915
0.476027
0.440080
0.406513
0.223635
0.211303
0.204304
0.224730
0.232967
0.176261
0.304099
0.302576
0.678427
0.596058
0.228301
0.214731
0.212446
0.403942
0.425606
0.304718
0.251345
0.357854
0.376660
0.417607
0.411370
0.434271
0.330143
0.258582
0.210018
0.174880
0.553016
0.337856
0.148360
0.144789
0.130315
0.231824
0.553445
0.493168
0.276913
0.263867
0.308385
0.273199
0.329858
0.176118
0.151597
0.189163
0.210827
0.244298
0.309194
0.439985
0.381231
0.179403
0.135838
0.250678
0.163072
0.167309
0.136171
0.133981
0.144932
0.308861
0.458268
0.287007
0.266962
0.566443
0.380708
0.360044
0.266200
0.262915
0.242156
0.369281
0.281626
0.340047
0.404180
0.262582
0.284007
0.282769
0.213493
0.262439
0.223920
0.242394
0.261153
0.256011
0.282674
0.229586
0.412703
0.321002
0.251393
0.307623
0.258915
0.236014
0.279293
0.365234
0.682712
0.314526
0.339951
0.543827
0.487549
0.431986
0.336285
0.321335
0.345713
0.266200
0.267152
0.235538
0.235966
0.271675
0.235062
0.387897
0.605580
0.430462
0.191163
0.304385
0.223492
0.184736
0.333667
0.565633
0.634624
0.326953
0.325192
0.483693
0.447222
0.336999
0.483550
0.365710
0.270438
0.195543
0.166452
0.155264
0.209351
0.182450
0.196686
0.184212
0.239870
0.223254
0.225587
0.262296
0.222682
0.324430
0.395372
0.332095
0.370899
0.446079
0.428939
0.435224
0.423368
0.434938
0.495596
0.366757
0.343141
0.369138
0.269009
0.246108
0.227396
0.250155
0.262201
0.344379
0.308718
0.306242
0.339285
0.441461
0.404942
0.203019
0.304576
0.384897
0.325715
0.424654
0.333143
0.494548
0.485978
0.601724
0.365138
0.285150
0.133124
0.178403
0.162786
0.209732
0.163929
0.168738
0.190211
0.289197
0.583488
0.385897
0.221921
0.279389
0.221254
0.282912
0.308004
0.238442
0.263248
0.273580
0.242584
0.279341
0.319002
0.239442
0.217826
0.218921
0.178165
0.187783
0.172737
0.140647
0.171261
0.152740
0.171404
0.165310
0.309432
0.392706
0.712327
0.553921
0.357330
0.283483
0.216826
0.214255
0.264486
0.241108
0.527115
0.338333
0.419321
0.330334
0.280484
0.356759
0.381755
0.338856
0.236252
0.229063
0.299767
0.254726
0.235919
0.287911
0.616579
0.610294
0.537019
0.812646
0.278770
0.325049
0.321335
0.266391
0.421511
0.274437
0.404038
0.354473
0.369709
0.305385
0.281579
0.192496
0.163929
0.221635
0.360329
0.287149
0.225063
0.285673
0.273866
0.346617
0.438985
0.452840
0.448507
0.649003
0.391182
0.344427
0.291673
0.284864
0.366757
0.334809
0.380041
0.495882
0.448555
0.417369
0.304337
0.450745
0.172594
0.170642
0.246536
0.200686
0.192163
0.208113
0.163310
0.163500
0.184355
0.224254
0.200924
0.230872
0.456839
0.458696
0.447412
0.470361
0.331191
0.385707
0.273390
0.410275
0.423701
0.525972
0.429939
0.227396
0.194448
0.252345
0.230491
0.212255
0.226444
0.174308
0.178355
0.172404
0.189592
0.273628
0.286578
0.418274
0.738656
0.635147
0.501928
0.541256
0.455459
0.181212
0.380565
0.292625
0.678046
0.526639
0.325239
0.333333
0.528020
0.328286
0.266771
0.250060
0.268295
0.285769
0.250155
0.246346
0.541589
0.403990
0.283198
0.355378
0.307956
0.173118
0.271866
0.285483
0.200352
0.358520
0.250821
0.300528
0.479217
0.388802
0.327144
0.233443
0.303909
0.176451
0.205637
0.158549
0.166119
0.205114
0.166738
0.296815
0.434509
0.337523
0.247631
0.229729
0.259534
0.202019
0.193829
0.244441
0.328001
0.212779
0.208066
0.346665
0.392563
0.482312
0.446222
0.392134
0.269200
0.187668
0.156044
0.153011
0.183107
0.174418
0.287964
0.289868
0.400909
0.362891
0.404966
0.286197
0.283326
0.341004
0.223106
0.195025
0.402485
0.457687
0.203280
0.390925
0.424825
0.286254
0.227915
0.242265
0.160039
0.159215
0.164119
0.186497
0.158454
0.158073
0.177737
0.236157
0.423273
0.347046
0.460315
0.280484
0.356663
0.600152
0.678617
0.516593
0.330715
0.318716
0.340237
0.406466
0.436985
0.333238
0.253964
0.263439
0.181403
0.184402
0.175308
0.141742
0.174404
0.201305
0.495310
0.197972
0.303195
0.329096
0.239585
0.233443
0.126791
0.183355
0.179117
0.371042
0.226063
0.212303
0.327191
0.413703
0.524306
0.245917
0.298434
0.259630
0.275818
0.214446
0.261058
0.164976
0.171833
0.200257
0.170452
0.281864
0.340285
0.389611
0.280389
0.221873
0.254202
0.205447
0.322192
0.274008
0.327667
0.244251
0.320288
0.238395
0.456744
0.317383
0.283579
0.315241
0.197400
0.278198
0.253202
0.153073
0.148788
0.155978
0.171261
0.153645
0.170976
0.220254
0.347331
0.306813
0.351950
0.509261
0.701233
0.445841
0.371899
0.288387
0.307908
0.392896
0.519116
0.283245
0.293815
0.398705
0.340808
0.294720
0.378089
0.271057
0.187402
0.177070
0.207685
0.229110
0.241156
0.274675
0.290863
0.354426
0.370804
0.343141
0.362853
0.313765
0.227777
0.237776
0.492025
0.309384
0.382136
0.386659
0.472171
0.342856
0.509784
0.255344
0.156073
0.147217
0.135600
0.199495
0.185640
0.248679
0.405942
0.423178
0.626006
0.482264
0.339713
0.244394
0.197972
0.220635
0.263153
0.249155
0.316812
0.243156
0.426415
0.519973
0.307432
0.348284
0.227206
0.198257
0.238061
0.207685
0.184783
0.166405
0.233967
0.252393
0.301100
0.264772
0.299814
0.386088
0.345903
0.295434
0.316002
0.255392
0.384421
0.381565
0.382422
0.419797
0.441889
0.428796
0.308956
0.331762
0.262201
0.263486
0.195496
0.202638
0.194353
0.173689
0.284626
0.278722
0.368281
0.548017
0.613722
0.386564
0.332524
0.401990
0.638337
0.331953
0.401038
0.285769
0.395610
0.439366
0.516593
0.352664
0.361329
0.437033
0.411608
0.314669
0.170452
0.197924
0.213398
0.221921
0.260963
0.249536
0.523544
0.632624
0.746322
0.514069
0.384897
0.352902
0.333476
0.247488
0.497215
0.365281
0.509118
0.378993
0.451221
0.317098
0.273247
0.249107
0.310622
0.287530
0.238728
0.168214
0.180784
0.182117
0.208399
0.223730
0.668000
0.389325
0.485645
0.503023
0.362805
0.336238
0.458268
0.302243
0.286245
0.358520
0.327953
0.308432
0.281864
0.250202
0.202019
0.188830
0.204018
0.203971
0.242870
0.165405
0.179879
0.196686
0.170642
0.199924
0.186354
0.237585
0.416179
0.509165
0.454221
0.538161
0.413512
0.306956
0.326144
0.177165
0.173880
0.233776
0.269342
0.222254
0.228063
0.324335
0.373566
0.350807
0.277913
0.243679
0.176879
0.196781
0.173832
0.196067
0.258963
0.236633
0.238728
0.226253
0.383993
0.275580
0.362472
0.425653
0.316193
0.429605
0.536162
0.413512
0.578965
0.418845
0.484788
0.399181
0.324668
0.193115
0.176689
0.216969
0.177070
0.214255
0.202257
0.241870
0.508213
0.402704
0.649764
0.380089
0.228396
0.205828
0.289340
0.298910
0.426987
0.305766
0.391658
0.326763
0.539352
0.413370
0.546636
0.355997
0.325906
0.226539
0.195496
0.201447
0.177927
0.178308
0.196924
0.342761
0.511641
0.504214
0.344713
0.256725
0.273723
0.507261
0.342332
0.363567
0.302481
0.240489
0.232586
0.810979
0.554064
0.651383
0.592630
0.443889
0.370757
0.225968
0.188497
0.156121
0.176784
0.181403
0.212255
0.296291
0.480265
0.477694
0.511736
0.345713
0.281246
0.205256
0.233586
0.370614
0.241013
0.502642
0.438033
0.425082
0.420892
0.341808
0.311479
0.341856
0.268105
0.178165
0.154787
0.196591
0.186926
0.173689
0.271342
0.314669
0.561491
0.593439
0.443080
0.304147
0.270009
0.201019
0.267390
0.218350
0.248298
0.381707
0.387611
0.527353
0.539113
0.568205
0.503928
0.383326
0.333905
0.281007
0.176832
0.192401
0.167643
0.197353
0.207637
0.227682
0.392515
0.392325
0.410703
0.417750
0.241061
0.486597
0.206780
0.226587
0.381231
0.327572
0.293101
0.497072
0.634481
0.556682
0.342856
0.288816
0.342142
0.488549
0.508308
0.384707
0.184450
0.173356
0.271818
0.237728
0.260010
0.304147
0.325573
0.239966
0.226349
0.288863
0.254440
0.324811
0.426272
0.340618
0.448936
0.406847
0.472694
0.471504
0.338809
0.282626
0.308194
0.264343
0.137171
0.171356
0.178546
0.188640
0.168690
0.205637
0.309908
0.337904
0.371471
0.579965
0.323240
0.252535
0.334714
0.542256
0.347379
0.424273
0.368566
0.382326
0.485788
0.496310
0.627482
0.366614
0.363377
0.188164
0.177022
0.166738
0.251678
0.187021
0.224492
0.312289
0.499881
0.475027
0.514784
0.584059
0.567490
0.214493
0.261486
0.173404
0.238014
0.259296
0.376089
0.416036
0.481217
0.283817
0.430605
0.409608
0.300481
0.175642
0.143027
0.176213
0.153502
0.197115
0.203161
0.177594
0.204352
0.398657
0.524306
0.304956
0.274104
0.330905
0.389373
0.144789
0.275151
0.178022
0.223730
0.262867
0.408799
0.315812
0.305718
0.355902
0.272437
0.163024
0.180212
0.179831
0.181355
0.178736
0.198591
0.308146
0.392277
0.426368
0.509165
0.383136
0.240823
0.232253
0.196781
0.281769
0.298910
0.233490
0.298338
0.323525
0.529781
0.422606
0.475694
0.404895
0.266867
0.164548
0.177070
0.149598
0.171928
0.184878
0.280055
0.303052
0.416274
0.477694
0.324239
0.360520
0.552064
0.564538
0.362472
0.304004
0.434557
0.702804
0.867352
0.591439
0.686711
0.673761
0.536019
0.424273
0.426510
0.355806
0.277913
0.292244
0.319478
0.256344
0.297624
0.313003
0.349664
0.450317
0.374946
0.356901
0.485407
0.370661
0.337285
0.199067
0.223587
0.375946
0.391658
0.322668
0.509261
0.476599
0.515117
0.544970
0.461601
0.366329
0.291387
0.245060
0.234300
0.337666
0.209637
0.267438
0.314431
0.357854
0.224016
0.244108
0.453602
0.395372
0.450269
0.453507
0.564491
0.487930
0.423892
0.464315
0.503976
0.360091
0.307051
0.401276
0.307480
0.187449
0.202638
0.213827
0.219445
0.266533
0.297434
0.331524
0.574870
0.715660
0.369614
0.324049
0.363329
0.398610
0.711994
0.413560
0.689282
0.583012
0.374661
0.460934
0.334190
0.247250
0.232110
0.318621
0.347188
0.281103
0.208827
0.243394
0.252202
0.246060
0.224730
0.309908
0.479931
0.338095
0.334476
0.248345
0.194163
0.274675
0.313955
0.410751
0.516355
0.335047
0.287149
0.330572
0.529020
0.533543
0.564253
0.410370
0.322049
0.287102
0.292054
0.271342
0.265343
0.297148
0.247060
0.259439
0.272771
0.535066
0.403942
0.519831
0.925820
0.464505
0.409132
0.454935
0.453078
0.317002
0.339475
0.450745
0.559682
0.411037
0.382802
0.331953
0.385945
0.337856
0.294148
0.349093
0.367805
0.359853
0.297577
0.403276
0.330857
0.443460
0.400895
0.376565
0.451888
0.379041
0.565872
0.651383
0.392658
0.317764
0.447793
0.483788
0.493644
0.381231
0.547065
0.466124
0.338047
0.274770
0.235728
0.237109
0.196734
0.190544
0.334571
0.328905
0.304861
0.406847
0.468266
0.359330
0.442270
0.448555
0.501167
0.621292
0.743989
0.684712
0.367709
0.631243
0.467267
0.421654
0.435842
0.579108
0.500405
0.278532
0.256678
0.352712
0.291244
0.252154
0.305433
0.343237
0.411989
0.603247
0.405371
0.571728
0.375042
0.395324
0.513974
0.471885
0.569395
0.473551
0.426130
0.495025
0.686235
0.603676
0.423939
0.416274
0.407180
0.401705
0.416083
0.387992
0.318812
0.328620
0.357282
0.310479
0.381850
0.372375
0.466695
0.473123
0.471028
0.749702
0.335000
0.411846
0.439413
0.292625
0.339761
0.568919
0.514498
0.525163
0.417274
0.462743
0.455935
0.389563
0.295672
0.248964
0.314288
0.266914
0.221540
0.223635
0.311670
0.416179
0.320764
0.499024
0.528353
0.441270
0.469457
0.439080
0.567586
0.791363
0.658287
0.542827
0.586250
0.527306
0.510165
0.514307
0.545827
0.440366
