0.212600
0.209164
0.202828
0.206625
0.203008
0.200422
0.207953
0.196146
0.203146
0.192975
0.204501
0.195461
0.186560
0.194654
0.193045
0.202392
0.204841
0.242927
0.226197
0.222160
0.231343
0.213020
0.212515
0.214810
0.209307
0.206221
0.205717
0.196730
0.195971
0.197660
0.212929
0.255376
0.304372
0.354063
0.316136
0.267406
0.236522
0.219048
0.208288
0.211055
0.237849
0.276531
0.261022
0.251579
0.235114
0.218060
0.220232
0.222219
0.217311
0.217168
0.219701
0.214390
0.214379
0.213625
0.216164
0.228496
0.237987
0.269568
0.322249
0.341890
0.440337
0.437304
0.441702
0.542513
0.562016
0.653261
0.634619
0.633738
0.598429
0.584700
0.461221
0.402277
0.394066
0.390349
0.391352
0.394231
0.390959
0.389085
0.415566
0.586713
0.628830
0.636297
0.709257
0.737390
0.742552
0.723889
0.671101
0.675218
0.596745
0.557783
0.550894
0.475263
0.416713
0.402676
0.399346
0.393934
0.395341
0.387438
0.387826
0.385133
0.388729
0.388660
0.413760
0.583398
0.760302
0.734676
0.751942
0.759664
0.750085
0.678886
0.639931
0.617558
0.592770
0.563554
0.534169
0.411322
0.405037
0.401212
0.396966
0.398756
0.397882
0.391556
0.392973
0.421441
0.428863
0.451531
0.537706
0.663834
0.713802
0.762604
0.796101
0.719739
0.577104
0.542467
0.512161
0.556889
0.574407
0.535295
0.476054
0.439399
0.443027
0.403322
0.391689
0.375291
0.380326
0.377257
0.370357
0.370639
0.373247
0.376279
0.378733
0.374235
0.403010
0.500571
0.485641
0.362587
0.295024
0.270571
0.287163
0.280270
0.297063
0.374967
0.394406
0.375376
0.388511
0.388044
0.385723
0.381012
0.378770
0.376109
0.375493
0.376864
0.379652
0.376232
0.387449
0.384145
0.391820
0.385149
0.412151
0.411131
0.409602
0.383688
0.424722
0.436125
0.470568
0.460854
0.448171
0.385340
0.386195
0.373656
0.352480
0.360611
0.352114
0.361865
0.368759
0.368217
0.366767
0.370017
0.404232
0.605429
0.700594
0.692256
0.725498
0.770516
0.716496
0.724372
0.642777
0.603660
0.528285
0.526553
0.520456
0.553667
0.525863
0.366528
0.350568
0.338352
0.338830
0.348821
0.345777
0.346569
0.359751
0.352831
0.368127
0.374399
0.391156
0.388017
0.402373
0.407392
0.381235
0.370203
0.315074
0.318558
0.354557
0.434059
0.395325
0.383317
0.394082
0.388203
0.387789
0.389223
0.390035
0.371611
0.376646
0.376104
0.371409
0.368488
0.390322
0.527615
0.560491
0.590213
0.749903
0.789599
0.753616
0.637222
0.578634
0.554442
0.497825
0.499801
0.531907
0.469612
0.417361
0.415991
0.416464
0.415513
0.410935
0.410451
0.406415
0.409251
0.402724
0.399733
0.422577
0.561054
0.744103
0.745564
0.749165
0.725796
0.665031
0.602205
0.578772
0.589846
0.533904
0.570381
0.577301
0.576510
0.534286
0.503896
0.441139
0.384374
0.381107
0.376067
0.375323
0.371696
0.371112
0.374649
0.388861
0.527727
0.727081
0.738330
0.768811
0.802680
0.761938
0.722694
0.695421
0.642777
0.569133
0.570381
0.524248
0.457248
0.420967
0.427728
0.412772
0.412480
0.409814
0.404954
0.407360
0.404970
0.403398
0.399271
0.407201
0.423267
0.446992
0.459123
0.437729
0.393052
0.351960
0.298593
0.315201
0.299730
0.296070
0.339032
0.399707
0.416235
0.412363
0.428371
0.433236
0.412071
0.400604
0.392770
0.400429
0.392882
0.400673
0.390912
0.397662
0.395915
0.414828
0.388952
0.360840
0.301870
0.348746
0.352087
0.337418
0.390338
0.420245
0.423357
0.417276
0.371212
0.388065
0.385260
0.384294
0.387125
0.382265
0.379131
0.372434
0.372376
0.373714
0.367564
0.378834
0.396600
0.389403
0.394406
0.371011
0.362375
0.351944
0.341013
0.359262
0.370134
0.369593
0.363633
0.363575
0.352900
0.348794
0.364430
0.352602
0.358721
0.363745
0.356575
0.362210
0.355996
0.357515
0.359130
0.354105
0.369996
0.360441
0.373618
0.382833
0.353611
0.332760
0.364154
0.409224
0.402453
0.349655
0.374649
0.379753
0.367473
0.373183
0.362789
0.354557
0.360463
0.358758
0.355083
0.362348
0.346829
0.362991
0.360850
0.390864
0.531609
0.590441
0.561325
0.666497
0.686918
0.631783
0.591493
0.599173
0.586107
0.528194
0.521863
0.510768
0.448591
0.429874
0.402129
0.340349
0.333625
0.337577
0.331944
0.335516
0.346983
0.348539
0.354472
0.411843
0.578204
0.717245
0.702793
0.708789
0.704684
0.729216
0.701370
0.678797
0.656384
0.582761
0.611202
0.626971
0.616083
0.565494
0.471954
0.370586
0.381904
0.381675
0.358423
0.351699
0.346898
0.349734
0.349894
0.359268
0.519957
0.638932
0.635251
0.697227
0.726454
0.737263
0.750078
0.651896
0.601440
0.489056
0.471530
0.411136
0.405831
0.388739
0.369279
0.368318
0.365445
0.353882
0.343616
0.345198
0.356617
0.355061
0.356325
0.373390
0.346452
0.352326
0.386455
0.392064
0.401279
0.409517
0.380948
0.342490
0.330290
0.357297
0.371505
0.373539
0.341693
0.339314
0.344848
0.352507
0.368753
0.361567
0.345204
0.348847
0.349394
0.353362
0.352831
0.350717
0.339802
0.367612
0.398443
0.371680
0.332351
0.385308
0.380581
0.356203
0.373672
0.370087
0.381351
0.386365
0.360670
0.366374
0.381893
0.359225
0.345108
0.353505
0.351450
0.345937
0.346542
0.354429
0.366618
0.403775
0.575256
0.676609
0.661117
0.697169
0.730342
0.722152
0.676938
0.646665
0.599709
0.567274
0.574943
0.581306
0.537823
0.490852
0.409309
0.355300
0.365965
0.356925
0.340695
0.339914
0.334900
0.343823
0.348412
0.365737
0.545004
0.727182
0.729110
0.723942
0.752861
0.537961
0.391767
0.381187
0.365832
0.350956
0.353601
0.355561
0.355088
0.358020
0.350786
0.353760
0.349830
0.354535
0.361642
0.350658
0.346069
0.347222
0.351567
0.349915
0.356506
0.345650
0.352172
0.331081
0.319466
0.312652
0.316577
0.313018
0.396355
0.370267
0.384474
0.428732
0.403706
0.379238
0.363910
0.357504
0.364074
0.375663
0.375451
0.374999
0.358880
0.361185
0.359639
0.358492
0.363580
0.422688
0.522198
0.700711
0.722689
0.752654
0.718838
0.622494
0.585927
0.582299
0.530430
0.524747
0.431664
0.376911
0.366156
0.354859
0.367888
0.356771
0.348805
0.358227
0.352767
0.337747
0.350881
0.368222
0.523956
0.697381
0.645746
0.657696
0.664702
0.647886
0.609519
0.506509
0.512016
0.420139
0.370963
0.360680
0.396982
0.379413
0.349814
0.354052
0.361174
0.358184
0.349846
0.351466
0.347631
0.357467
0.351375
0.361759
0.352905
0.376460
0.447316
0.453652
0.449483
0.356426
0.346627
0.350021
0.336355
0.337349
0.331304
0.351104
0.354424
0.341470
0.361419
0.366257
0.359470
0.363092
0.350653
0.349978
0.351784
0.348003
0.355837
0.365025
0.345034
0.373528
0.361344
0.351869
0.338432
0.333779
0.384427
0.399702
0.373130
0.370761
0.412937
0.415130
0.372009
0.375913
0.373842
0.374537
0.367303
0.369465
0.356888
0.352820
0.357547
0.357998
0.354594
0.391257
0.595030
0.712497
0.648364
0.634380
0.635814
0.676397
0.563205
0.498999
0.556646
0.516334
0.480999
0.487399
0.404381
0.375679
0.347057
0.344019
0.332372
0.330412
0.325839
0.349814
0.360218
0.348056
0.332399
0.352677
0.488499
0.675579
0.650191
0.675648
0.654711
0.670693
0.623036
0.612897
0.614729
0.576027
0.567932
0.584901
0.553932
0.533898
0.478174
0.331984
0.346797
0.342718
0.344848
0.334905
0.336042
0.338671
0.338060
0.408237
0.604723
0.681177
0.711408
0.685755
0.682080
0.693509
0.647605
0.618781
0.577737
0.509998
0.524407
0.535513
0.507959
0.472852
0.379981
0.379434
0.381745
0.387103
0.377474
0.376497
0.377687
0.380539
0.380210
0.399404
0.555552
0.720591
0.703749
0.703903
0.736747
0.728945
0.722062
0.588019
0.570328
0.492971
0.490650
0.452930
0.401736
0.465432
0.409570
0.407238
0.392446
0.380459
0.377506
0.376391
0.373863
0.377182
0.381075
0.393657
0.522209
0.641508
0.558255
0.527605
0.563981
0.618128
0.554251
0.494915
0.506843
0.453737
0.450657
0.416819
0.365402
0.371685
0.384565
0.405735
0.401810
0.402846
0.396419
0.394428
0.398437
0.391607
0.398793
0.389239
0.374670
0.392048
0.398268
0.413224
0.380815
0.354875
0.316136
0.315881
0.347020
0.299613
0.324873
0.361307
0.361748
0.365816
0.365259
0.365402
0.360006
0.364159
0.356129
0.353351
0.351089
0.374936
0.374266
0.373332
0.360144
0.368228
0.346601
0.328336
0.345103
0.303033
0.335591
0.330088
0.287811
0.332165
0.315541
0.354541
0.357887
0.367383
0.360048
0.362152
0.370490
0.367442
0.360532
0.365344
0.359730
0.363001
0.359703
0.389924
0.579659
0.700786
0.685898
0.701540
0.682919
0.715508
0.673231
0.612620
0.580865
0.521508
0.471790
0.470011
0.399388
0.358142
0.345666
0.337487
0.335723
0.330147
0.326424
0.325271
0.327868
0.336244
0.350881
0.356522
0.577636
0.700993
0.699431
0.725615
0.754704
0.754816
0.702299
0.690036
0.649363
0.538795
0.557830
0.565144
0.595938
0.557310
0.509451
0.381644
0.393318
0.387603
0.377942
0.378717
0.378101
0.373794
0.381553
0.411120
0.439875
0.568665
0.602928
0.544643
0.511809
0.507699
0.449228
0.376864
0.382339
0.413654
0.453774
0.474583
0.479013
0.480702
0.371568
0.399553
0.394077
0.383773
0.380061
0.373486
0.386774
0.387215
0.382743
0.405703
0.565335
0.736105
0.691783
0.678171
0.680842
0.707690
0.652258
0.576159
0.606236
0.506158
0.510131
0.516547
0.530244
0.542099
0.522203
0.429954
0.356293
0.366507
0.362672
0.368435
0.368424
0.375987
0.384081
0.434559
0.611314
0.721196
0.688538
0.663623
0.681017
0.692277
0.673539
0.558075
0.550437
0.475306
0.470409
0.431133
0.403897
0.370087
0.352321
0.362922
0.361764
0.327295
0.319211
0.318903
0.323986
0.339654
0.334141
0.343053
0.326503
0.321787
0.347307
0.363607
0.418158
0.396132
0.343000
0.333519
0.311265
0.309375
0.374638
0.348072
0.343844
0.347259
0.348210
0.340615
0.345703
0.341799
0.336956
0.353585
0.382260
0.372705
0.356102
0.348316
0.334098
0.355576
0.339409
0.327411
0.294185
0.307441
0.378266
0.398241
0.385675
0.397104
0.408693
0.355651
0.334587
0.338644
0.341534
0.344614
0.350754
0.362800
0.359135
0.341332
0.348900
0.349761
0.352140
0.356931
0.372264
0.403329
0.396887
0.402623
0.424951
0.398915
0.401353
0.429311
0.385723
0.408842
0.426002
0.392287
0.364483
0.357850
0.336865
0.330518
0.320810
0.327884
0.319397
0.338873
0.342155
0.344120
0.344131
0.417393
0.594074
0.696048
0.672196
0.663114
0.678038
0.679520
0.643372
0.561601
0.563545
0.487553
0.468152
0.481785
0.418700
0.423304
0.329419
0.323115
0.324687
0.317182
0.319413
0.316731
0.326248
0.322615
0.347259
0.436407
0.580738
0.600957
0.576356
0.665934
0.688341
0.675674
0.663825
0.585061
0.611383
0.610384
0.642177
0.596708
0.493996
0.406866
0.333424
0.337104
0.338251
0.337179
0.339372
0.353452
0.354817
0.348019
0.345565
0.436991
0.604107
0.738840
0.691390
0.712008
0.716161
0.711583
0.653123
0.555669
0.554150
0.466829
0.462872
0.428334
0.438032
0.452271
0.434622
0.328654
0.318839
0.292905
0.295624
0.298482
0.304510
0.297079
0.309359
0.388065
0.578172
0.681501
0.647536
0.621129
0.639920
0.640488
0.628676
0.553879
0.508166
0.433226
0.401167
0.305800
0.312423
0.321128
0.325595
0.330396
0.330784
0.329201
0.328097
0.319413
0.303219
0.304908
0.314330
0.321851
0.311032
0.325324
0.345007
0.381373
0.366050
0.272675
0.271782
0.233786
0.256646
0.259588
0.264687
0.299496
0.305811
0.305450
0.327390
0.329536
0.330370
0.335877
0.332473
0.338522
0.339579
0.338889
0.337821
0.341396
0.325372
0.358853
0.308631
0.379689
0.377480
0.356511
0.372731
0.396584
0.398464
0.427585
0.432450
0.390981
0.303904
0.319110
0.326514
0.320778
0.323502
0.321803
0.323752
0.318069
0.320204
0.317400
0.318675
0.354196
0.574725
0.702968
0.696999
0.686212
0.707509
0.701773
0.670714
0.600176
0.577158
0.502972
0.414228
0.377623
0.386535
0.369423
0.334236
0.327162
0.327879
0.326354
0.312365
0.295263
0.292082
0.302215
0.313666
0.345406
0.554160
0.721164
0.690147
0.672238
0.666837
0.670485
0.637253
0.600670
0.551818
0.476910
0.366820
0.341162
0.300452
0.295157
0.310108
0.315929
0.303931
0.300287
0.294010
0.299363
0.295900
0.302465
0.305944
0.382483
0.559822
0.571151
0.501761
0.646766
0.695002
0.670645
0.573530
0.488265
0.520148
0.492094
0.564076
0.519011
0.420458
0.389244
0.300165
0.318781
0.322249
0.316678
0.308525
0.317246
0.313618
0.301450
0.304866
0.396658
0.578305
0.685983
0.671346
0.715667
0.688559
0.713697
0.704578
0.636372
0.596416
0.508171
0.414817
0.361297
0.352124
0.370357
0.346457
0.349187
0.347912
0.365046
0.371797
0.374580
0.360436
0.355550
0.359231
0.361259
0.341603
0.339728
0.335527
0.325993
0.297324
0.288528
0.293346
0.295316
0.328155
0.360643
0.389940
0.380794
0.372248
0.385611
0.392717
0.389796
0.389297
0.383630
0.383747
0.381766
0.393233
0.393063
0.389674
0.394258
0.392181
0.422433
0.511809
0.490501
0.477770
0.484308
0.467711
0.501739
0.545795
0.500173
0.394311
0.374187
0.372275
0.373873
0.377145
0.386790
0.405172
0.404954
0.401805
0.400865
0.393148
0.397104
0.388086
0.388750
0.381559
0.381835
0.321474
0.283371
0.284503
0.304212
0.318977
0.350626
0.339797
0.350515
0.427925
0.482327
0.453169
0.405592
0.367532
0.366401
0.361413
0.368562
0.367335
0.375780
0.378335
0.383131
0.389563
0.477834
0.613385
0.738495
0.674400
0.677512
0.690317
0.715933
0.670666
0.609705
0.583765
0.477563
0.449021
0.476485
0.496184
0.457216
0.359709
0.334587
0.332977
0.333482
0.335362
0.346542
0.348699
0.337455
0.324304
0.367080
0.580536
0.734942
0.680364
0.652390
0.666061
0.689648
0.659337
0.612206
0.573684
0.518852
0.516319
0.509350
0.463759
0.398788
0.329419
0.351869
0.358630
0.359533
0.355837
0.356867
0.353165
0.357696
0.376035
0.425328
0.581216
0.587605
0.591668
0.638650
0.710048
0.692957
0.675945
0.616338
0.597261
0.518023
0.490023
0.450673
0.449387
0.402022
0.352438
0.363522
0.376725
0.365222
0.347360
0.349479
0.348263
0.349442
0.348066
0.376455
0.514954
0.707185
0.716453
0.715418
0.686583
0.689494
0.657032
0.606348
0.565287
0.477128
0.446190
0.506259
0.487256
0.467711
0.399016
0.380916
0.402660
0.382021
0.365259
0.361828
0.364595
0.369763
0.369433
0.423379
0.576791
0.757312
0.733768
0.674442
0.678526
0.682547
0.618590
0.533293
0.548913
0.482423
0.431983
0.375159
0.365880
0.366225
0.367479
0.367149
0.369672
0.368583
0.359098
0.365806
0.387173
0.379354
0.370782
0.381336
0.477579
0.523786
0.549152
0.557044
0.543703
0.511926
0.469272
0.395171
0.328070
0.326057
0.336446
0.367527
0.366464
0.358089
0.358721
0.365322
0.365535
0.372970
0.367962
0.367017
0.373050
0.387295
0.367505
0.348868
0.344545
0.351503
0.345591
0.343249
0.300797
0.324437
0.327544
0.363294
0.362890
0.371659
0.406914
0.403982
0.369439
0.366910
0.364892
0.357998
0.352921
0.348518
0.348449
0.351774
0.350202
0.343706
0.340275
0.385112
0.573764
0.629127
0.622993
0.648720
0.699176
0.685840
0.662625
0.584386
0.550050
0.472374
0.389185
0.408396
0.479013
0.344104
0.344046
0.341969
0.348746
0.361286
0.347530
0.344285
0.339229
0.345655
0.358705
0.397046
0.572787
0.704248
0.687863
0.677671
0.680104
0.657160
0.627231
0.611792
0.598710
0.463382
0.497135
0.519989
0.487883
0.362571
0.333902
0.342511
0.343414
0.350079
0.340610
0.358460
0.345023
0.335500
0.330858
0.366995
0.588864
0.697732
0.582692
0.577949
0.566435
0.653596
0.566344
0.483846
0.469485
0.471248
0.480415
0.495398
0.587769
0.547702
0.393891
0.373592
0.375902
0.373926
0.369385
0.367856
0.360750
0.369662
0.370140
0.394523
0.528895
0.712146
0.665705
0.642400
0.686573
0.674118
0.614331
0.582899
0.567725
0.486295
0.500714
0.535062
0.550427
0.553932
0.369874
0.363315
0.374628
0.370352
0.373374
0.391283
0.395299
0.383147
0.387459
0.430219
0.593675
0.690179
0.658233
0.682770
0.659592
0.628750
0.621373
0.572675
0.543113
0.507359
0.507794
0.502063
0.459749
0.466473
0.481005
0.399664
0.365168
0.369837
0.366549
0.362072
0.364409
0.363607
0.361392
0.369083
0.356256
0.440820
0.487851
0.474169
0.409655
0.415391
0.377411
0.372583
0.385999
0.409017
0.430979
0.374293
0.377458
0.427474
0.404019
0.368881
0.367909
0.370873
0.365259
0.366045
0.370033
0.366815
0.371760
0.376067
0.405544
0.418567
0.428977
0.392468
0.393673
0.352592
0.350950
0.350510
0.351848
0.366013
0.350563
0.359948
0.363490
0.355268
0.352910
0.347886
0.351466
0.358540
0.344375
0.347015
0.346287
0.350727
0.346186
0.361530
0.361934
0.353941
0.321362
0.297207
0.289601
0.308180
0.307468
0.353680
0.367086
0.289341
0.346728
0.386753
0.375557
0.376412
0.369364
0.367282
0.370894
0.375233
0.373422
0.364759
0.361174
0.364064
0.386902
0.557522
0.728882
0.708699
0.662333
0.683700
0.679907
0.669498
0.621490
0.586564
0.470643
0.422003
0.399956
0.384018
0.413776
0.435090
0.392415
0.374521
0.392893
0.394762
0.377655
0.379482
0.384076
0.386153
0.412634
0.599990
0.628936
0.571640
0.672312
0.692410
0.672307
0.609657
0.528651
0.526888
0.469612
0.422826
0.434346
0.478822
0.447773
0.378207
0.351258
0.345931
0.353080
0.346717
0.357510
0.368807
0.367288
0.347785
0.374389
0.533017
0.744061
0.731638
0.730544
0.682037
0.663135
0.661148
0.602821
0.544308
0.488690
0.468757
0.488042
0.499567
0.493263
0.383699
0.348252
0.356692
0.350202
0.348794
0.343626
0.342761
0.338857
0.349899
0.371069
0.537372
0.658132
0.656087
0.643600
0.657531
0.657250
0.669407
0.586309
0.511454
0.452526
0.448612
0.422545
0.472342
0.451055
0.431993
0.401757
0.375334
0.362784
0.361249
0.357441
0.366087
0.379094
0.372731
0.358264
0.357265
0.448283
0.492238
0.482927
0.421796
0.384198
0.364706
0.371085
0.350733
0.307904
0.311659
0.316470
0.339122
0.376157
0.422524
0.420330
0.375865
0.371818
0.371276
0.370283
0.374638
0.377039
0.377384
0.375722
0.376917
0.367489
0.386238
0.368631
0.335707
0.335346
0.387024
0.424292
0.355985
0.323067
0.332972
0.367218
0.391692
0.349320
0.324820
0.327815
0.349463
0.359050
0.351726
0.346638
0.348778
0.346712
0.344816
0.366501
0.556630
0.691735
0.617305
0.611882
0.670862
0.637110
0.597701
0.531710
0.482752
0.445383
0.405873
0.447295
0.400923
0.446912
0.367851
0.297117
0.306937
0.312094
0.314792
0.307224
0.308196
0.306847
0.305211
0.320794
0.493943
0.627550
0.638502
0.640854
0.657505
0.625898
0.619127
0.542896
0.506727
0.453185
0.411211
0.392319
0.469352
0.445770
0.317495
0.311409
0.302013
0.314197
0.319195
0.315334
0.343579
0.340227
0.327119
0.359151
0.556274
0.581046
0.586144
0.669089
0.695373
0.678951
0.649055
0.606316
0.549922
0.485609
0.471046
0.520249
0.512723
0.385797
0.319986
0.320602
0.320156
0.322615
0.316901
0.325181
0.318818
0.316901
0.313937
0.354966
0.528630
0.713862
0.691337
0.679424
0.722667
0.705751
0.748464
0.670491
0.612217
0.529681
0.524248
0.477908
0.493672
0.459112
0.381877
0.370480
0.373178
0.354918
0.349368
0.344901
0.332786
0.318451
0.314489
0.330922
0.537834
0.717739
0.720076
0.682696
0.718514
0.695442
0.717532
0.591997
0.578496
0.512951
0.475040
0.474429
0.475300
0.480293
0.384336
0.345326
0.332893
0.339436
0.349745
0.331135
0.327268
0.309847
0.303416
0.303256
0.333084
0.311011
0.375387
0.340530
0.344710
0.299671
0.301774
0.297244
0.329971
0.361323
0.344694
0.391814
0.414764
0.407052
0.363920
0.313969
0.308222
0.314351
0.296070
0.304457
0.308976
0.311366
0.317655
0.319753
0.323853
0.325563
0.380980
0.412310
0.380257
0.363718
0.404073
0.421791
0.453286
0.431510
0.363745
0.346850
0.387762
0.355295
0.347243
0.342766
0.323072
0.324156
0.311366
0.303203
0.314516
0.314750
0.300813
0.339069
0.482842
0.595556
0.662285
0.671914
0.656549
0.656028
0.652969
0.538179
0.523244
0.464609
0.455755
0.424489
0.422104
0.344205
0.315594
0.321373
0.312275
0.306087
0.301286
0.306087
0.312859
0.319068
0.321474
0.335537
0.463680
0.620768
0.632442
0.628012
0.611675
0.591939
0.613985
0.522814
0.488982
0.408991
0.409846
0.401953
0.373746
0.315164
0.291450
0.290132
0.287031
0.291418
0.316667
0.319620
0.320374
0.317251
0.310777
0.341008
0.475863
0.527440
0.503949
0.629297
0.657516
0.656899
0.638109
0.591015
0.564236
0.484319
0.447895
0.450997
0.435886
0.367659
0.309141
0.309959
0.312264
0.311483
0.319508
0.334672
0.322849
0.294610
0.288374
0.302582
0.465337
0.638310
0.669901
0.637997
0.616657
0.627056
0.643229
0.568240
0.492036
0.427394
0.454614
0.424329
0.409995
0.367245
0.298673
0.301838
0.304977
0.300319
0.295629
0.293383
0.289187
0.291343
0.297271
0.315392
0.503418
0.626355
0.603804
0.610735
0.594339
0.605307
0.609195
0.586559
0.518772
0.443460
0.451586
0.469920
0.481031
0.462463
0.379418
0.361026
0.342506
0.345028
0.331676
0.306411
0.321378
0.311515
0.312067
0.294934
0.298418
0.326928
0.404402
0.380751
0.350318
0.321813
0.302853
0.298694
0.369577
0.403164
0.464099
0.487112
0.501219
0.553980
0.535152
0.571390
0.464152
0.316332
0.310766
0.310830
0.310883
0.309465
0.310835
0.316651
0.316906
0.333317
0.340870
0.377071
0.366475
0.362946
0.380851
0.325468
0.332505
0.310846
0.306454
0.309704
0.315042
0.309555
0.305243
0.304366
0.306730
0.307463
0.306560
0.303501
0.303931
0.305391
0.305853
0.323460
0.562366
0.647961
0.656570
0.670310
0.693748
0.681798
0.666985
0.591960
0.533590
0.443301
0.388766
0.329499
0.352629
0.301530
0.291311
0.284476
0.279781
0.283106
0.276616
0.278820
0.276366
0.273020
0.278135
0.360973
0.565468
0.688904
0.654196
0.673624
0.681989
0.663544
0.647398
0.565680
0.496688
0.390827
0.355077
0.282182
0.294079
0.283042
0.278251
0.274411
0.288364
0.314877
0.315679
0.299422
0.302221
0.300473
0.293925
0.319885
0.547776
0.639659
0.599311
0.644636
0.656645
0.627433
0.585475
0.467328
0.475747
0.410738
0.345761
0.353250
0.435918
0.307197
0.284726
0.294413
0.301753
0.298030
0.299305
0.291349
0.276541
0.291832
0.307601
0.317809
0.447587
0.598641
0.525002
0.535710
0.590276
0.526845
0.484276
0.513095
0.470276
0.397003
0.360064
0.320772
0.274868
0.249454
0.270439
0.294854
0.284455
0.267602
0.259089
0.274438
0.274831
0.276334
0.275463
0.324596
0.502186
0.648901
0.608255
0.638826
0.658408
0.652927
0.618043
0.570981
0.524795
0.432498
0.369359
0.273583
0.267369
0.277672
0.277874
0.290488
0.286956
0.293579
0.282059
0.265834
0.270067
0.264846
0.261925
0.319657
0.402681
0.421132
0.437974
0.413696
0.414546
0.390710
0.390736
0.354196
0.332802
0.323109
0.237414
0.201973
0.218501
0.228661
0.233298
0.234689
0.233866
0.240967
0.242757
0.246379
0.244982
0.250389
0.247054
0.250766
0.252997
0.241769
0.260756
0.246507
0.249258
0.252981
0.246034
0.236081
0.247654
0.289585
0.262137
0.224572
0.233569
0.237748
0.244010
0.246746
0.244934
0.254930
0.251897
0.256072
0.280089
0.279808
0.280822
0.303803
0.525167
0.657176
0.596214
0.631995
0.678797
0.668414
0.634030
0.571597
0.518948
0.450869
0.380969
0.363267
0.330508
0.323513
0.317235
0.325053
0.306735
0.296697
0.300436
0.312572
0.316704
0.305142
0.298811
0.316736
0.542736
0.654031
0.663931
0.663953
0.695995
0.695103
0.623025
0.525369
0.490703
0.403032
0.336361
0.272430
0.264857
0.268304
0.270173
0.258871
0.280259
0.294047
0.289994
0.271628
0.268123
0.259577
0.272043
0.312174
0.483952
0.460774
0.448145
0.578018
0.622170
0.658965
0.553911
0.476219
0.414769
0.387868
0.329727
0.401300
0.430936
0.326933
0.291391
0.286377
0.290950
0.294997
0.315764
0.304292
0.291545
0.291072
0.293245
0.377384
0.541377
0.616073
0.526697
0.575267
0.581423
0.504416
0.455012
0.330046
0.269137
0.234811
0.188573
0.189773
0.198218
0.205329
0.213471
0.238689
0.238025
0.237467
0.233616
0.226250
0.224433
0.226468
0.224980
0.228427
0.263263
0.259184
0.207602
0.190235
0.189220
0.194919
0.192641
0.182953
0.190819
0.208112
0.184276
0.190952
0.207910
0.212935
0.198972
0.196247
0.195334
0.214889
0.215442
0.213599
0.204278
0.204278
0.203879
0.203911
0.205738
0.193995
0.182736
0.185264
0.175295
0.174530
0.184244
0.197325
0.197633
0.202270
0.202376
0.229267
0.208872
0.212260
0.196704
0.194733
0.193199
0.207560
0.209945
0.212048
0.233277
0.232172
0.232979
0.238402
0.243076
0.228985
0.200268
0.193873
0.179177
0.159356
0.170031
0.167450
0.164529
0.165411
0.169139
0.177435
0.196444
0.194075
0.192407
0.193788
0.199630
0.204495
0.207241
0.200528
0.205191
0.225241
0.229537
0.228783
0.250224
0.283865
0.300330
0.336361
0.353919
0.297324
0.305136
0.278267
0.224226
0.229527
0.226685
0.226091
0.218910
0.205770
0.202238
0.201617
0.204177
0.208882
0.207501
0.208739
0.217099
0.242024
0.242677
0.235810
0.250633
0.282803
0.307680
0.300972
0.297425
0.274512
0.253400
0.247298
0.189199
0.184170
0.178609
0.186267
0.197708
0.198653
0.204007
0.210093
0.211676
0.227381
0.242576
0.240293
0.250649
0.244005
0.237286
0.232050
0.244387
0.326678
0.371733
0.392431
0.373209
0.372423
0.383752
0.348550
0.357717
0.346622
0.342553
0.285363
0.269631
0.257883
0.256683
0.261335
0.261022
0.265159
0.263773
0.260783
0.260597
0.258011
0.261792
0.274326
0.424356
0.588465
0.537462
0.542359
0.571268
0.554107
0.554240
0.495122
0.425615
0.373539
0.306719
0.254935
0.260406
0.285193
0.291418
0.284072
0.278416
0.278814
0.279563
0.264007
0.265319
0.269100
0.279723
0.298641
0.483841
0.596793
0.531535
0.534212
0.548154
0.548053
0.537207
0.457211
0.366990
0.279223
0.276886
0.247144
0.251228
0.252492
0.269026
0.274040
0.278289
0.278076
0.284699
0.276366
0.241121
0.244695
0.242991
0.239884
0.260300
0.233728
0.234248
0.191042
0.181695
0.178051
0.186830
0.186915
0.187330
0.184435
0.199051
0.194335
0.208675
0.215697
0.215527
0.212680
0.211989
0.201680
0.199051
0.207379
0.221565
0.221693
0.221597
0.217826
0.224986
0.214209
0.178391
0.167854
0.166776
0.157263
0.167716
0.181429
0.210274
0.234254
0.202806
0.205627
0.177637
0.183814
0.181036
0.181201
0.181514
0.191749
0.195068
0.212616
0.218028
0.220121
0.220779
0.243054
0.443901
0.546571
0.508665
0.502090
0.526967
0.503131
0.506095
0.445760
0.422470
0.356155
0.269838
0.193289
0.193655
0.201218
0.213577
0.205223
0.197724
0.207910
0.207108
0.213514
0.212876
0.212568
0.212223
0.239044
0.463786
0.563322
0.585746
0.569786
0.570413
0.555286
0.561501
0.478572
0.437650
0.377713
0.316789
0.218511
0.251037
0.227004
0.219802
0.241764
0.248573
0.246374
0.236399
0.236006
0.241727
0.239246
0.239517
0.291646
0.454051
0.512388
0.499286
0.650569
0.623009
0.599576
0.513344
0.405560
0.349506
0.269605
0.254048
0.305556
0.423097
0.414636
0.273790
0.247670
0.264209
0.257660
0.242980
0.235985
0.237414
0.233452
0.236814
0.274958
0.450359
0.642071
0.623110
0.635772
0.660639
0.658254
0.619366
0.518517
0.460291
0.399261
0.349272
0.316848
0.372110
0.370092
0.340806
0.336100
0.307500
0.262228
0.263168
0.261734
0.266455
0.284561
0.281953
0.276955
0.492891
0.629791
0.581879
0.579463
0.594382
0.607309
0.584402
0.503827
0.411577
0.304186
0.228725
0.231285
0.248073
0.259344
0.267985
0.261208
0.253156
0.257432
0.255775
0.254819
0.268484
0.293356
0.295359
0.275213
0.293245
0.364669
0.358057
0.336254
0.331554
0.336536
0.333827
0.333248
0.250745
0.203805
0.209249
0.211145
0.246942
0.263858
0.248886
0.241249
0.234880
0.234344
0.234424
0.236527
0.240027
0.245264
0.246576
0.250076
0.251929
0.265186
0.250161
0.237047
0.225065
0.227668
0.232544
0.223063
0.235613
0.289033
0.278374
0.246358
0.266859
0.255557
0.244228
0.243840
0.239028
0.238949
0.237791
0.236665
0.232512
0.233606
0.254112
0.396164
0.557900
0.680141
0.663183
0.674070
0.712826
0.721414
0.690360
0.611707
0.546635
0.476288
0.385303
0.324076
0.326663
0.319057
0.278310
0.262350
0.260146
0.265871
0.266631
0.267730
0.270332
0.268468
0.279420
0.410637
0.549965
0.654552
0.632866
0.629765
0.639728
0.702241
0.685399
0.590106
0.524062
0.376056
0.257129
0.254431
0.264830
0.236150
0.258042
0.263932
0.261654
0.263890
0.263832
0.264267
0.266981
0.270401
0.266896
0.289856
0.492647
0.648391
0.656655
0.635586
0.623885
0.609519
0.571942
0.522166
0.456908
0.414339
0.374463
0.390476
0.417335
0.303511
0.252944
0.257331
0.254303
0.280418
0.282431
0.265069
0.249523
0.253921
0.258234
0.272085
0.438669
0.644498
0.612318
0.634747
0.632431
0.612928
0.589480
0.436832
0.369890
0.320863
0.250745
0.241403
0.293218
0.283324
0.297053
0.235273
0.235714
0.243830
0.252678
0.254548
0.265611
0.256417
0.245423
0.266030
0.414058
0.543384
0.528561
0.682324
0.678256
0.639681
0.553752
0.545445
0.405087
0.271177
0.248079
0.218697
0.215070
0.218033
0.231248
0.226967
0.234201
0.232469
0.229341
0.230791
0.244154
0.254139
0.258637
0.255934
0.276318
0.274730
0.246230
0.237833
0.221719
0.201229
0.197453
0.194218
0.198685
0.222394
0.219664
0.230456
0.236038
0.240022
0.236479
0.236256
0.226053
0.231396
0.230037
0.241833
0.256423
0.263731
0.268612
0.258292
0.265388
0.266413
0.240356
0.227174
0.223329
0.200661
0.190676
0.176176
0.187043
0.186682
0.202886
0.204713
0.216504
0.211809
0.221491
0.216414
0.218347
0.223977
0.220179
0.222155
0.236145
0.241158
0.243139
0.263184
0.416729
0.598604
0.548839
0.573907
0.559371
0.604611
0.574226
0.527424
0.396860
0.287418
0.286022
0.347371
0.385988
0.370968
0.319020
0.296405
0.242895
0.237934
0.235374
0.221788
0.212499
0.206163
0.215569
0.229606
0.083587
0.116883
0.133671
0.147969
0.599571
0.554638
0.579819
0.541552
0.461741
0.395585
0.430150
0.373544
0.356729
0.267162
0.195365
0.054646
0.074420
0.098623
0.196948
0.145866
0.171619
0.187643
0.192689
0.196616
0.201426
0.273461
0.138281
0.148659
0.155728
0.164832
0.235454
0.300165
0.144054
0.107349
0.118965
0.089604
0.077163
0.074140
0.075318
0.073732
0.070202
0.069380
0.250894
0.342415
0.389926
0.411260
0.422681
0.432967
0.436519
0.436057
0.437395
0.436136
0.263338
0.180898
0.135758
0.113953
0.127373
0.119549
0.129061
0.127717
0.129284
0.140631
0.135481
0.134018
0.132780
0.133289
0.132463
0.132416
0.134454
0.132350
0.131956
0.132920
0.135624
0.133293
0.134351
0.134293
0.124573
0.115316
0.101857
0.092175
0.088155
0.088117
0.068519
0.063564
0.212031
0.289945
0.329813
0.349984
0.355751
0.365438
0.363787
0.357790
0.354817
0.359309
0.357264
0.357849
0.373384
0.396274
0.428495
0.426854
0.414037
0.242354
0.145122
0.101217
0.079204
0.068059
0.061926
0.058589
0.057797
0.057218
0.057029
0.058931
0.055164
0.055673
0.056012
0.055926
0.058306
0.057047
0.058656
0.061211
0.070548
0.069629
0.064913
0.068679
0.067661
0.069714
0.368047
0.209047
0.131090
0.093750
0.082757
0.056989
0.067882
0.062698
0.063872
0.059703
0.058810
0.058319
0.060209
0.056950
0.056904
0.082338
0.098398
0.102509
0.109997
0.523234
0.538596
0.535967
0.546974
0.548898
0.541388
0.495351
0.455209
0.403798
0.356060
0.331944
0.327879
0.142786
0.102487
0.080534
0.070443
0.067248
0.060404
0.112501
0.136985
0.151753
0.157857
0.161039
0.164165
0.164350
0.164216
0.113255
0.088595
0.077129
0.069600
0.066335
0.064216
0.063842
0.088798
0.070405
0.066669
0.070973
0.070054
0.071021
0.066740
0.066150
0.065590
0.064128
0.062502
0.061519
0.112522
0.206838
0.146152
0.110382
0.095348
0.089611
0.083572
0.080632
0.078920
0.089276
0.092202
0.079022
0.091256
0.162075
0.212356
0.230385
0.231236
0.240213
0.244589
0.247941
0.256752
0.256853
0.261835
0.265361
0.262185
0.275213
0.404673
0.496322
0.506238
0.531370
0.531801
0.507884
0.502047
0.460334
0.381952
0.321256
0.313406
0.300856
0.306831
0.281050
0.304712
0.324745
0.340567
0.329185
0.326519
0.320964
0.316215
0.332202
0.335707
0.328734
0.427394
0.539385
0.564124
0.595014
0.562308
0.403069
0.438032
0.417005
0.325505
0.292655
0.324766
0.291264
0.279531
0.272738
0.281273
0.285485
0.301057
0.314373
0.329159
0.312514
0.313698
0.316492
0.317968
0.314054
0.312158
0.365381
0.429556
0.418545
0.363102
0.314277
0.299220
0.294535
0.336127
0.327427
0.270975
0.270614
0.267560
0.248950
0.270247
0.299703
0.293441
0.305583
0.309476
0.293415
0.294413
0.295274
0.303453
0.303639
0.292931
0.289500
0.291147
0.284688
0.253730
0.264416
0.261500
0.239581
0.286930
0.287668
0.248679
0.275091
0.278395
0.293696
0.306576
0.318505
0.316492
0.311457
0.308212
0.290796
0.292225
0.295226
0.292512
0.285761
0.310772
0.390391
0.389499
0.426300
0.402277
0.309890
0.343382
0.321824
0.293123
0.276525
0.290233
0.289182
0.296267
0.283632
0.258706
0.256906
0.256826
0.266333
0.275463
0.268463
0.295465
0.295401
0.288672
0.277370
0.304032
0.355199
0.378473
0.398841
0.394295
0.353787
0.362178
0.289463
0.285528
0.302614
0.312105
0.260772
0.226303
0.223323
0.246809
0.266206
0.272818
0.285565
0.291736
0.301705
0.297600
0.309385
0.308010
0.312460
0.391421
0.401544
0.396786
0.353925
0.344529
0.303686
0.314739
0.295507
0.286149
0.279754
0.265393
0.242497
0.257724
0.239230
0.258520
0.263720
0.266567
0.267597
0.272053
0.269886
0.273508
0.290255
0.295178
0.299523
0.304547
0.328994
0.354142
0.337471
0.355497
0.293112
0.305402
0.244138
0.233574
0.237860
0.250517
0.255822
0.314851
0.266609
0.256417
0.255966
0.230663
0.248185
0.260592
0.258818
0.261845
0.261851
0.264432
0.253087
0.302300
0.319763
0.316842
0.301955
0.282580
0.254797
0.267788
0.237796
0.229782
0.242380
0.231072
0.232225
0.244579
0.235374
0.260151
0.261213
0.259179
0.249715
0.249677
0.246315
0.236862
0.241748
0.247744
0.245901
0.255860
0.238853
0.247909
0.248323
0.237478
0.239480
0.255254
0.233845
0.240691
0.244191
0.234774
0.227636
0.240739
0.237472
0.250665
0.267964
0.261266
0.262727
0.271453
0.265983
0.267448
0.267109
0.268808
0.275936
0.289299
0.269286
0.260061
0.241498
0.231359
0.233239
0.220296
0.209302
0.217433
0.225039
0.222001
0.225798
0.249465
0.234684
0.262897
0.245705
0.246512
0.243458
0.245306
0.227206
0.235544
0.241041
0.251446
0.260687
0.269573
0.262780
0.282272
0.239650
0.257432
0.246958
0.258834
0.234461
0.241652
0.237170
0.251048
0.271049
0.263433
0.218342
0.240367
0.246480
0.241897
0.254054
0.262573
0.278798
0.295608
0.301206
0.296899
0.300744
0.380178
0.368153
0.346834
0.313650
0.298954
0.271363
0.267698
0.244802
0.228470
0.244202
0.262111
0.258457
0.231991
0.218533
0.243548
0.246751
0.243219
0.245423
0.256157
0.252253
0.268346
0.278352
0.278506
0.281996
0.319402
0.294897
0.290722
0.283377
0.278347
0.257517
0.282580
0.255143
0.255711
0.265159
0.230658
0.237786
0.250400
0.226319
0.238173
0.250108
0.240617
0.251929
0.255429
0.247059
0.246703
0.247548
0.263699
0.283929
0.333296
0.329770
0.347105
0.340057
0.300303
0.239294
0.280546
0.248886
0.215335
0.226823
0.225597
0.229357
0.217779
0.203322
0.233765
0.237244
0.236548
0.217136
0.219802
0.216605
0.233707
0.227886
0.221666
0.223520
0.256837
0.313332
0.282235
0.260167
0.251823
0.222999
0.226096
0.217465
0.205876
0.208314
0.214741
0.218984
0.226648
0.216525
0.233409
0.236166
0.225161
0.226510
0.241711
0.231933
0.227386
0.224003
0.225559
0.216700
0.231136
0.212685
0.230929
0.221852
0.215011
0.206620
0.210348
0.210359
0.204793
0.203720
0.196746
0.203029
0.210258
0.202275
0.220599
0.230472
0.223132
0.225161
0.225262
0.213179
0.221247
0.224481
0.222914
0.219919
0.234408
0.237871
0.230446
0.222628
0.201957
0.191690
0.204299
0.213615
0.190224
0.185821
0.200114
0.247473
0.272855
0.252057
0.271315
0.265558
0.255222
0.255599
0.236028
0.203077
0.200315
0.201808
0.207172
0.211288
0.263731
0.326971
0.343175
0.317862
0.320316
0.284508
0.263975
0.235528
0.217598
0.296331
0.277731
0.304239
0.325430
0.248472
0.267459
0.253937
0.237669
0.233744
0.233818
0.218214
0.205011
0.195084
0.192524
0.220503
0.303347
0.331570
0.433114
0.390524
0.380220
0.293452
0.277965
0.261388
0.257373
0.297478
0.272584
0.276228
0.314882
0.286723
0.294732
0.277609
0.263577
0.267512
0.235417
0.223855
0.226590
0.222861
0.232273
0.230934
0.266429
0.314134
0.332468
0.291311
0.313475
0.279314
0.289527
0.254909
0.247845
0.233308
0.235305
0.236373
0.262812
0.252248
0.265202
0.272531
0.270964
0.265260
0.260576
0.234429
0.242428
0.243718
0.239756
0.243458
0.297536
0.323014
0.401274
0.341443
0.333562
0.280450
0.268187
0.258961
0.227185
0.263099
0.271076
0.242194
0.243447
0.223047
0.235098
0.234987
0.229511
0.238343
0.234482
0.228342
0.228911
0.230632
0.226786
0.219053
0.238699
0.267220
0.301934
0.215304
0.139853
0.070128
0.091740
0.118359
0.076040
0.090784
0.100620
0.092674
0.075955
0.079614
0.139853
0.149318
0.152026
0.158325
0.161802
0.165263
0.163457
0.163974
0.164589
0.167354
0.170175
0.062103
0.118943
0.125630
0.127701
0.078525
0.094119
0.081802
0.094092
0.110074
0.085605
0.071313
0.081404
0.085810
0.068515
0.071026
0.083040
0.069661
0.071504
0.115534
0.056649
0.055555
0.057382
0.056288
0.077373
0.091697
0.098742
0.105314
0.109590
0.120239
0.104460
0.122778
0.398921
0.177260
0.144601
0.134218
0.131709
0.079343
0.070776
0.069720
0.058694
0.058609
0.062741
0.089859
0.098331
0.109946
0.107599
0.086779
0.068742
0.111736
0.115130
0.110153
0.121588
0.115098
0.122390
0.140087
0.142498
0.147578
0.152988
0.112650
0.084925
0.058683
0.088818
0.119134
0.143252
0.172065
0.140910
0.123845
0.109851
0.110419
0.107577
0.097529
0.083831
0.133884
0.159823
0.184313
0.135424
0.116798
0.115480
0.128217
0.117270
0.099029
0.112772
0.088792
0.096844
0.228863
0.090332
0.105336
0.111970
0.115650
0.114591
0.115094
0.113175
0.057084
0.081101
0.113579
0.097874
0.083937
0.077447
0.102160
0.116027
0.123075
0.126761
0.094740
0.082025
0.082782
0.092631
0.080886
0.092579
0.111147
0.110817
0.125564
0.114726
0.057923
0.113574
0.140857
0.168119
0.062194
0.078350
0.088872
0.102144
0.099255
0.098161
0.081112
0.081338
0.075892
0.070581
0.068880
0.157847
0.239475
0.192736
0.159138
0.144309
0.142674
0.132479
0.139823
0.129022
0.127029
0.125609
0.129555
0.129858
0.132367
0.131660
0.131420
0.148248
0.143493
0.137113
0.140624
0.146554
0.143296
0.135794
0.135456
0.127144
0.126921
0.129736
0.149514
0.151368
0.138313
0.131162
0.129065
0.125064
0.125773
0.094985
0.077394
0.059416
0.060675
0.060728
0.062565
0.108464
0.157948
0.107758
0.087825
0.081824
0.075549
0.064882
0.061610
0.058247
0.061949
0.059713
0.059214
0.057615
0.060977
0.068487
0.060584
0.060061
0.062275
0.059706
0.059147
0.059639
0.060552
0.057939
0.058879
0.059161
0.069980
0.061423
0.061997
0.059267
0.059419
0.058480
0.063077
0.061061
0.060384
0.060293
0.062494
0.059842
0.059857
0.060744
0.063266
0.062013
0.352287
0.348603
0.333405
0.347989
0.362284
0.362448
0.388025
0.573813
0.496750
0.496750
0.496750
0.496750
0.419686
0.240125
0.150604
0.103348
0.092474
0.080467
0.070436
0.084248
0.074288
0.067699
0.064909
0.058328
0.060710
0.059172
0.113999
0.110185
0.059639
0.116097
0.184913
0.135291
0.087273
0.079874
0.076454
0.077909
0.077604
0.073968
0.064748
0.132088
0.134712
0.131759
0.132142
0.123808
0.092005
0.077357
0.070354
0.062184
0.061039
0.060509
0.059076
0.110838
0.084357
0.072179
0.065975
0.064395
0.067254
0.072210
0.065898
0.060838
0.062424
0.059645
0.058899
0.060034
0.061259
0.088500
0.098910
0.104980
0.108427
0.112942
0.111476
0.109776
0.109694
0.109549
0.110504
0.061604
0.113977
0.094624
0.076449
0.088457
0.094793
0.099090
0.088218
0.084463
0.077856
0.072043
0.068494
0.066458
0.072710
0.141144
0.129263
0.121068
0.120369
0.120047
0.119415
0.122725
0.067515
0.069486
0.066767
0.063245
0.061514
0.062879
0.070506
0.068822
0.065024
0.065704
0.064148
0.061649
0.069819
0.062047
0.061126
0.056930
0.056909
0.057785
0.064700
0.073352
0.065747
0.063240
0.063803
0.069188
0.066897
0.066069
0.062125
0.062002
0.062496
0.064376
0.063442
0.069969
0.136980
0.157141
0.176458
0.118832
0.064106
0.076279
0.224757
0.151224
0.100747
0.065136
0.061269
0.050573
0.101140
0.056967
0.135562
0.214746
0.166789
0.143365
0.118608
0.065780
0.064599
0.064432
0.065483
0.068710
0.126049
0.091659
0.076663
0.061587
0.081308
0.204688
0.071818
0.072038
0.072489
0.118837
0.165531
0.116425
0.088159
0.075220
0.068260
0.063237
0.062746
0.059639
0.060558
0.062512
0.064299
0.063618
0.063559
0.063994
0.065686
0.064861
0.073866
0.064856
0.067593
0.065693
0.064121
0.064419
0.064137
0.065784
0.066389
0.066289
0.116867
0.139758
0.154443
0.156143
0.154998
0.158903
0.156809
0.157007
0.157193
0.160458
0.157817
0.164651
0.142004
0.135381
0.108847
0.106104
0.094317
0.090219
0.098967
0.088605
0.093805
0.107028
0.095615
0.097286
0.091557
0.092206
0.092347
0.088172
0.087013
0.086418
0.088208
0.087416
0.088059
0.086115
0.085446
0.089153
0.087305
0.090359
0.089057
0.161677
0.121222
0.096992
0.081571
0.072995
0.065143
0.064590
0.066315
0.078515
0.071594
0.130591
0.097401
0.078212
0.069409
0.061089
0.089998
0.112915
0.087793
0.066039
0.061535
0.109808
0.162659
0.254665
0.177701
0.100073
0.077314
0.083396
0.124143
0.128721
0.107232
0.086954
0.081919
0.075365
0.078350
0.069709
0.067717
0.122289
0.147146
0.160184
0.166404
0.170395
0.172340
0.172737
0.175683
0.175755
0.177904
0.176429
0.178656
0.188442
0.179331
0.063442
0.062273
0.063590
0.141351
0.182475
0.228730
0.080926
0.119756
0.070219
0.067765
0.064844
0.064461
0.062491
0.063102
0.062826
0.233797
0.147974
0.065136
0.126559
0.095734
0.062751
0.114971
0.058625
0.058083
0.054593
0.054955
0.054301
0.056856
0.057382
0.158118
0.068806
0.089796
0.084739
0.084771
0.073485
0.072970
0.067951
0.066002
0.063853
0.064488
0.063601
0.065115
0.066368
0.067675
0.072694
0.065513
0.079723
0.075152
0.082339
0.079226
0.081282
0.075833
0.083348
0.074656
0.070685
0.073891
0.072291
0.073337
0.071733
0.068657
0.067099
0.065055
0.064583
0.065183
0.067648
0.065316
0.067983
0.071966
0.071977
0.081670
0.077421
0.079444
0.094010
0.081599
0.081584
0.091391
0.077241
0.076043
0.072735
0.077877
0.067717
0.085504
0.066331
0.063383
0.058370
0.057106
0.059044
0.058675
0.057270
0.108762
0.084585
0.068987
0.059772
0.074356
0.097486
0.112129
0.081245
0.077909
0.075769
0.081553
0.075546
0.083948
0.106807
0.119501
0.095834
0.106632
0.112193
0.115345
0.120956
0.058178
0.062385
0.063702
0.064456
0.066793
0.067414
0.069810
0.138430
0.082854
0.089679
0.101762
0.095155
0.240261
0.169628
0.124254
0.116750
0.117068
0.112788
0.092026
0.101905
0.124313
0.113074
0.115719
0.117193
0.116398
0.115937
0.116691
0.108140
0.110052
0.094225
0.087799
0.103100
0.097561
0.102468
0.092218
0.087236
0.108632
0.113213
0.121700
0.116776
0.186161
0.214592
0.251717
0.167169
0.177839
0.153859
0.144506
0.145366
0.132439
0.122990
0.092218
0.062438
0.068737
0.077442
0.081091
0.098846
0.081096
0.073193
0.070245
0.077495
0.086832
0.073342
0.078855
0.104786
0.084751
0.095437
0.090513
0.078693
0.095500
0.074611
0.069496
0.070179
0.066974
0.061678
0.061880
0.057913
0.057849
0.059729
0.057339
0.060672
0.061892
0.064701
0.061713
0.061953
0.075463
0.060378
0.082620
0.068673
0.090778
0.073482
0.086701
0.075642
0.068546
0.063484
0.081128
0.089631
0.093359
0.097545
0.096690
0.097794
0.097507
0.099781
0.101302
0.104262
0.107056
0.116980
0.105767
0.122409
0.106758
0.117541
0.111582
0.118625
0.137415
0.151713
0.133352
0.150014
0.128041
0.127531
0.126838
0.139444
0.093928
0.076688
0.060441
0.057398
0.058476
0.084394
0.094985
0.104632
0.108511
0.123715
0.110096
0.108741
0.120725
0.119210
0.125886
0.144889
0.121586
0.139039
0.135729
0.119951
0.120345
0.120542
0.111359
0.111157
0.110658
0.113159
0.110955
0.109925
0.109967
0.115427
0.123118
0.130856
0.122273
0.211788
0.125943
0.167158
0.219946
0.160779
0.128063
0.120900
0.106042
0.268027
0.185407
0.114498
0.093551
0.093907
0.095776
0.171582
0.126395
0.083305
0.088909
0.082307
0.305726
0.091081
0.102702
0.123128
0.109410
0.127069
0.099154
0.202105
0.270099
0.197639
0.200677
0.208128
0.151639
0.113090
0.089355
0.103552
0.082541
0.078908
0.076353
0.076550
0.073445
0.072894
0.072728
0.072512
0.076334
0.073614
0.072702
0.076280
0.089101
0.079795
0.075663
0.074452
0.083475
0.093386
0.079365
0.085287
0.103467
0.084384
0.086928
0.084400
0.073557
0.070034
0.071355
0.098586
0.114556
0.122773
0.127330
0.130134
0.211469
0.288045
0.085834
0.164603
0.133799
0.087379
0.306284
0.084559
0.082594
0.101066
0.084171
0.098517
0.118258
0.154539
0.146591
0.156727
0.157800
0.218055
0.149551
0.112310
0.093816
0.086474
0.080298
0.076263
0.082095
0.079795
0.080124
0.091179
0.079775
0.078582
0.079630
0.105575
0.089371
0.107593
0.105432
0.118386
0.105325
0.207369
0.279521
0.108268
0.132439
0.134261
0.138037
0.145271
0.107625
0.088255
0.081210
0.069565
0.071143
0.072136
0.078164
0.076162
0.218076
0.143210
0.115634
0.103015
0.088473
0.096042
0.096716
0.098564
0.107843
0.087538
0.092093
0.104130
0.087682
0.083412
0.080151
0.074043
0.136805
0.102643
0.072248
0.080305
0.086035
0.088346
0.088293
0.093752
0.100142
0.093051
0.106762
0.093193
0.112049
0.088563
0.099313
0.164707
0.222332
0.223490
0.258107
0.244806
0.242741
0.232810
0.227050
0.227415
0.223389
0.223864
0.221306
0.237515
0.267996
0.312238
0.318767
0.378662
0.374034
0.431063
0.409393
0.399684
0.388067
0.322088
0.301635
0.286491
0.294079
0.313783
0.254665
0.260187
0.075678
0.110031
0.137065
0.148370
0.156659
0.158478
0.165630
0.166991
0.165885
0.168513
0.163919
0.169973
0.167567
0.174931
0.172644
0.134383
0.098448
0.112432
0.105703
0.106977
0.113090
0.170647
0.213052
0.145244
0.113149
0.080631
0.070921
0.065705
0.064722
0.064193
0.060409
0.075052
0.083422
0.086718
0.089954
0.101557
0.096059
0.091913
0.093101
0.110042
0.109707
0.084113
0.095237
0.101099
0.084204
0.083494
0.090007
0.077569
0.093105
0.073124
0.070043
0.067229
0.065333
0.066490
0.062480
0.062988
0.062383
0.064124
0.064943
0.067358
0.072615
0.067009
0.068733
0.064010
0.065152
0.060823
0.058869
0.057233
0.061726
0.081075
0.066745
0.060717
0.062725
0.061256
0.060703
0.064194
0.062480
0.069831
0.074765
0.076409
0.077807
0.080718
0.080705
0.085127
0.071334
0.077723
0.133671
0.133299
0.144474
0.144373
0.134508
0.135226
0.157818
0.138253
0.135027
0.131468
0.137801
0.131520
0.064302
0.062459
0.060106
0.060685
0.058667
0.066384
0.070962
0.076680
0.074841
0.076856
0.077645
0.093958
0.113416
0.100237
0.155930
0.145042
0.140427
0.141237
0.136957
0.129812
0.126922
0.134853
0.125326
0.121091
0.118684
0.118073
0.117600
0.087708
0.057860
0.062417
0.073979
0.083321
0.088802
0.123241
0.140598
0.168710
0.162337
0.162292
0.154704
0.154965
0.616139
0.591274
0.563623
0.591053
0.539713
0.428683
0.437541
0.394132
0.336748
0.324974
0.246475
0.248073
0.345767
0.403324
0.409416
0.349814
0.308323
0.285804
0.298800
0.284561
0.264777
0.278071
0.274704
0.292655
0.320990
0.303432
0.289277
0.270396
0.259158
0.251377
0.260969
0.245173
0.237685
0.239013
0.234711
0.229633
0.234774
0.218979
0.223180
0.255127
0.244786
0.296793
0.287259
0.285257
0.257495
0.266301
0.257256
0.252540
0.262807
0.266429
0.238821
0.255775
0.216934
0.220296
0.225543
0.213928
0.210959
0.222192
0.202036
0.206020
0.200326
0.198876
0.210555
0.280116
0.276520
0.267225
0.273482
0.336398
0.291062
0.321362
0.303331
0.292167
0.292804
0.288624
0.362789
0.353659
0.286924
0.264225
0.263709
0.225289
0.226776
0.220073
0.214911
0.217035
0.215022
0.216732
0.214178
0.290786
0.280689
0.272133
0.280923
0.247277
0.247765
0.268495
0.261957
0.266004
0.243007
0.283908
0.293999
0.265627
0.254123
0.251504
0.254367
0.232437
0.220562
0.228167
0.205882
0.210853
0.208723
0.204527
0.210460
0.271299
0.263784
0.281964
0.288927
0.256704
0.275304
0.294859
0.261909
0.256980
0.260863
0.282107
0.289867
0.278607
0.246395
0.264490
0.243346
0.233728
0.226197
0.213089
0.207369
0.209413
0.212143
0.208766
0.209116
0.229734
0.230419
0.232294
0.237297
0.219462
0.232113
0.233213
0.241812
0.246820
0.246730
0.262945
0.272430
0.270481
0.244462
0.250410
0.249624
0.224545
0.247595
0.224104
0.211161
0.202100
0.212919
0.223924
0.204803
0.242406
0.302428
0.177738
0.341682
0.338230
0.313411
0.363437
0.390906
0.361546
0.394311
0.371255
0.320252
0.299969
0.279037
0.263720
0.242890
0.226526
0.226080
0.222017
0.212462
0.209153
0.220238
0.222675
0.214268
0.250224
0.322090
0.372875
0.389042
0.386381
0.376056
0.396079
0.391103
0.437809
0.433884
0.375461
0.391082
0.370549
0.265760
0.235321
0.248222
0.221172
0.216005
0.214082
0.210524
0.214687
0.207140
0.214565
0.205605
0.264851
0.303777
0.323359
0.367091
0.400031
0.391416
0.438584
0.447088
0.391347
0.325085
0.310203
0.289644
0.349766
0.314845
0.269286
0.240054
0.205536
0.199811
0.206636
0.198186
0.202945
0.205202
0.200953
0.192705
0.273556
0.297186
0.350042
0.372344
0.295661
0.262429
0.291179
0.293547
0.260533
0.250458
0.274263
0.278745
0.273105
0.207820
0.206838
0.220732
0.237748
0.203322
0.215006
0.209286
0.211628
0.214507
0.211920
0.208277
0.243989
0.272494
0.304435
0.296506
0.266604
0.264267
0.252992
0.231248
0.224826
0.218920
0.266492
0.274953
0.299714
0.244653
0.231768
0.228608
0.224279
0.211538
0.208176
0.203184
0.205096
0.199152
0.207613
0.201962
0.218825
0.202477
0.210603
0.208712
0.203571
0.203869
0.207539
0.217386
0.203109
0.200337
0.198101
0.201569
0.205680
0.211256
0.263056
0.266519
0.200793
0.195466
0.196566
0.194723
0.195987
0.194309
0.190219
0.188211
0.197017
0.188567
0.205350
0.192269
0.204086
0.210720
0.268351
0.209748
0.186469
0.195679
0.182178
0.186788
0.197506
0.188418
0.194978
0.190654
0.190893
0.197447
0.208739
0.193586
0.196141
0.193788
0.200762
0.192051
0.261404
0.300834
0.356012
0.406468
0.464588
0.447969
0.448628
0.460004
0.455612
0.455904
0.379291
0.340078
0.365997
0.311898
0.283897
0.261001
0.252073
0.247553
0.240505
0.228167
0.227254
0.229660
0.228555
0.225809
0.293845
0.334215
0.354838
0.409283
0.453557
0.420781
0.379732
0.358997
0.408226
0.378696
0.350419
0.319885
0.327162
0.275952
0.253438
0.264995
0.237695
0.229654
0.228996
0.223775
0.223138
0.229601
0.224460
0.219229
0.264644
0.342245
0.359013
0.387523
0.350844
0.326917
0.369731
0.333758
0.359140
0.364504
0.301089
0.320289
0.280094
0.272223
0.258149
0.237217
0.251951
0.246193
0.246549
0.237467
0.235178
0.246448
0.233298
0.230047
0.292331
0.384230
0.388129
0.438590
0.467700
0.455750
0.442695
0.412246
0.420893
0.406914
0.380927
0.357685
0.338198
0.281704
0.229309
0.237903
0.247340
0.219345
0.228008
0.210821
0.219776
0.226080
0.210720
0.208171
0.292177
0.326663
0.341093
0.364404
0.330826
0.311802
0.314261
0.326084
0.315329
0.312625
0.278862
0.298434
0.277853
0.262637
0.246666
0.237318
0.239491
0.229245
0.235438
0.216568
0.210662
0.212521
0.223015
0.241870
0.283971
0.280455
0.290743
0.264995
0.259822
0.246076
0.241387
0.216838
0.228406
0.250947
0.259678
0.264655
0.255960
0.238816
0.233664
0.231524
0.231269
0.219207
0.225044
0.201749
0.211798
0.205494
0.203454
0.205765
0.206190
0.205669
0.200613
0.197676
0.202435
0.217088
0.204432
0.234057
0.209047
0.286287
0.332351
0.238444
0.248944
0.278697
0.258159
0.235895
0.229559
0.220811
0.223961
0.215006
0.201601
0.215075
0.206407
0.214741
0.237456
0.278172
0.373146
0.389281
0.401672
0.359517
0.384660
0.412958
0.429821
0.431074
0.445755
0.349038
0.289601
0.259726
0.248222
0.231163
0.219526
0.223318
0.221364
0.220296
0.214677
0.217890
0.218607
0.216530
0.248201
0.294434
0.365009
0.369688
0.359252
0.385749
0.341980
0.344593
0.346478
0.354196
0.368265
0.359448
0.400323
0.317124
0.267629
0.250920
0.240760
0.260268
0.236001
0.232188
0.226414
0.238864
0.232166
0.229861
0.253618
0.288661
0.363309
0.380380
0.365439
0.385367
0.412916
0.453966
0.495042
0.468072
0.487171
0.425094
0.394640
0.292947
0.264187
0.255366
0.257888
0.258584
0.246315
0.228985
0.237977
0.232703
0.219483
0.226616
0.239214
0.267417
0.375796
0.413914
0.427452
0.396849
0.411630
0.408327
0.454024
0.447194
0.453015
0.403164
0.338076
0.293335
0.259588
0.265983
0.261962
0.273328
0.250559
0.243086
0.252944
0.244202
0.242996
0.253868
0.292761
0.333084
0.378627
0.363145
0.396196
0.380985
0.382993
0.376083
0.400631
0.485094
0.481148
0.401242
0.375642
0.333121
0.306549
0.274826
0.283807
0.287726
0.272622
0.256412
0.247627
0.252726
0.244441
0.240165
0.252938
0.264442
0.266354
0.320082
0.322939
0.277858
0.289102
0.292506
0.279542
0.298912
0.316996
0.313916
0.319620
0.320693
0.315573
0.284805
0.291805
0.303538
0.270625
0.259423
0.256577
0.245370
0.247787
0.239820
0.249422
0.251520
0.260948
0.268001
0.285745
0.299762
0.375100
0.388187
0.428918
0.492185
0.438048
0.399139
0.385160
0.347201
0.336031
0.312253
0.296224
0.304935
0.262998
0.249093
0.238779
0.272776
0.259174
0.270885
0.308844
0.325234
0.357871
0.359278
0.372354
0.484908
0.509770
0.587137
0.592358
0.625765
0.659050
0.528869
0.384012
0.291938
0.292098
0.267555
0.265659
0.252115
0.243458
0.248424
0.247994
0.257368
0.257309
0.242640
0.288932
0.403377
0.439073
0.534212
0.476660
0.466463
0.508915
0.504384
0.557289
0.590691
0.643988
0.510264
0.372848
0.316221
0.302768
0.253533
0.253778
0.270933
0.253868
0.247972
0.260008
0.259354
0.260671
0.273333
0.456387
0.539427
0.577737
0.626514
0.684087
0.713384
0.699782
0.630933
0.553284
0.450168
0.444336
0.388421
0.360091
0.326206
0.271166
0.270184
0.258621
0.230408
0.224832
0.219999
0.217725
0.221539
0.223180
0.218676
0.370676
0.604680
0.664261
0.696478
0.729668
0.709947
0.741634
0.649979
0.587578
0.455081
0.391719
0.353505
0.320385
0.288523
0.277492
0.259062
0.263667
0.252742
0.229697
0.220615
0.221093
0.218352
0.220801
0.235518
0.397354
0.473070
0.481817
0.692059
0.739621
0.772316
0.778536
0.656177
0.551287
0.409995
0.336127
0.295470
0.290977
0.269440
0.258096
0.247622
0.253549
0.253852
0.119873
0.232788
0.234849
0.229479
0.237249
0.246751
0.250219
0.241519
0.257649
0.249789
0.237483
0.247983
0.272181
0.249040
0.252768
0.244717
0.240887
0.244414
0.255323
0.244743
0.240043
0.239761
0.249582
0.259216
0.242305
0.225963
0.242523
0.238152
0.249369
0.241387
0.246836
0.242672
0.237260
0.237658
0.222272
0.224763
0.240473
0.241132
0.243012
0.226569
0.235093
0.226446
0.240319
0.253246
0.244701
0.237531
0.252030
0.253395
0.225448
0.213014
0.207735
0.219011
0.209621
0.225012
0.409867
0.655726
0.654053
0.678059
0.702028
0.719773
0.686599
0.586622
0.547867
0.481923
0.425912
0.407828
0.381187
0.329589
0.301806
0.281454
0.261049
0.272138
0.255828
0.254638
0.259036
0.256837
0.272144
0.278304
0.448771
0.627885
0.725849
0.728882
0.784760
0.777054
0.734464
0.680486
0.561644
0.490002
0.487399
0.434957
0.371871
0.344163
0.302980
0.284885
0.289490
0.297095
0.272144
0.264724
0.253177
0.255897
0.244239
0.254059
0.411620
0.472507
0.496396
0.738160
0.768195
0.804587
0.724436
0.600293
0.591748
0.542880
0.532926
0.439779
0.366698
0.300208
0.283063
0.277577
0.288019
0.285225
0.267826
0.263311
0.247356
0.246151
0.251605
0.254643
0.464036
0.686738
0.725440
0.748586
0.735574
0.738171
0.781446
0.652863
0.590053
0.486279
0.480442
0.459617
0.472820
0.420112
0.275952
0.256911
0.260964
0.275006
0.242332
0.233962
0.237509
0.232931
0.226133
0.250878
0.397646
0.614442
0.676604
0.707069
0.685840
0.719853
0.718583
0.513445
0.386068
0.326647
0.314128
0.299050
0.323290
0.303134
0.325898
0.300988
0.295725
0.247016
0.228459
0.220986
0.228512
0.222978
0.224327
0.223796
0.231253
0.225777
0.236607
0.224380
0.261914
0.294408
0.275405
0.252344
0.235544
0.259970
0.242619
0.240802
0.272229
0.252328
0.256322
0.245742
0.237903
0.246209
0.224306
0.214884
0.218841
0.218724
0.221953
0.217316
0.218899
0.208197
0.212409
0.219850
0.219271
0.217417
0.222628
0.217646
0.230552
0.251658
0.249805
0.283515
0.275649
0.254022
0.255955
0.248238
0.247282
0.244079
0.248413
0.236490
0.229160
0.224970
0.228465
0.221040
0.227705
0.227450
0.228364
0.246708
0.240457
0.230977
0.260464
0.257851
0.327220
0.368254
0.343616
0.312609
0.304510
0.251956
0.225857
0.224933
0.226659
0.244605
0.227413
0.223042
0.225129
0.239491
0.234190
0.241180
0.427564
0.692548
0.647616
0.597839
0.593527
0.590749
0.603682
0.567938
0.505999
0.434235
0.350595
0.272701
0.279234
0.263454
0.276690
0.258032
0.273657
0.283398
0.271342
0.270593
0.270805
0.273089
0.282495
0.310182
0.432121
0.482088
0.525836
0.618946
0.651376
0.690604
0.673571
0.602731
0.539162
0.449717
0.402591
0.338002
0.321585
0.266179
0.230971
0.233935
0.240526
0.254038
0.239480
0.237632
0.237355
0.236973
0.239905
0.268904
0.413293
0.623758
0.626323
0.643011
0.661727
0.697025
0.682425
0.584323
0.563774
0.504135
0.481807
0.388569
0.414015
0.356729
0.260071
0.218310
0.223621
0.234259
0.209509
0.199668
0.204883
0.203396
0.202116
0.230015
0.358742
0.613821
0.650643
0.667054
0.679514
0.735027
0.693764
0.672010
0.531317
0.412310
0.346170
0.328027
0.314383
0.292262
0.281109
0.228996
0.217444
0.233462
0.209313
0.205749
0.209679
0.198419
0.209074
0.205159
0.207894
0.196534
0.211782
0.200385
0.189066
0.190872
0.211851
0.199190
0.256768
0.206142
0.222580
0.212483
0.228688
0.217688
0.225363
0.247479
0.241716
0.254595
0.220652
0.213259
0.204235
0.203274
0.205149
0.203566
0.230743
0.276839
0.262918
0.291986
0.238625
0.270481
0.300925
0.271920
0.277019
0.271342
0.330035
0.266168
0.254128
0.246894
0.228252
0.216408
0.234349
0.233585
0.200400
0.197740
0.194781
0.193623
0.198175
0.216206
0.381808
0.545934
0.607846
0.631666
0.713734
0.735366
0.725870
0.632744
0.573897
0.494984
0.429869
0.333195
0.337481
0.295778
0.272616
0.241567
0.248833
0.262955
0.239926
0.231997
0.235019
0.231131
0.215601
0.267873
0.539156
0.686897
0.686026
0.748506
0.748034
0.756654
0.755267
0.716783
0.666353
0.596767
0.532751
0.509701
0.430273
0.328118
0.281677
0.274454
0.278395
0.286218
0.265356
0.252174
0.258451
0.255865
0.263555
0.261771
0.455224
0.485243
0.501187
0.678973
0.707897
0.754513
0.690939
0.627348
0.564379
0.415423
0.366879
0.381495
0.412130
0.316725
0.295327
0.272409
0.266577
0.274284
0.260146
0.241806
0.249715
0.242704
0.245800
0.252598
0.452871
0.696255
0.741028
0.757402
0.822512
0.847554
0.890033
0.761800
0.696473
0.643409
0.606412
0.597133
0.545886
0.441569
0.312073
0.303639
0.308870
0.304457
0.299294
0.265138
0.268325
0.261877
0.261420
0.322291
0.544245
0.781265
0.799780
0.724075
0.756712
0.804045
0.791112
0.774191
0.589883
0.524004
0.373661
0.328867
0.288544
0.276940
0.281560
0.254436
0.263242
0.281969
0.255578
0.251828
0.246119
0.250023
0.236463
0.233016
0.234450
0.215224
0.249507
0.296527
0.288592
0.321123
0.293914
0.259572
0.292326
0.268638
0.261256
0.254611
0.260868
0.237929
0.237504
0.237706
0.242343
0.253416
0.222081
0.213068
0.207634
0.206057
0.207873
0.241100
0.309385
0.308690
0.332032
0.386073
0.374049
0.393732
0.418662
0.405958
0.452022
0.425285
0.251988
0.303182
0.326732
0.307696
0.252503
0.212664
0.224348
0.242656
0.227498
0.219807
0.230031
0.229447
0.231364
0.246161
0.404790
0.587605
0.633876
0.673778
0.728435
0.731165
0.755979
0.671707
0.614740
0.531147
0.462208
0.368892
0.349400
0.292352
0.256561
0.251377
0.269169
0.288348
0.260873
0.256523
0.256184
0.249847
0.246804
0.275744
0.479140
0.634555
0.697339
0.734708
0.735159
0.690774
0.696244
0.641040
0.604292
0.514534
0.563274
0.484977
0.580886
0.472231
0.281842
0.244733
0.258313
0.257283
0.245322
0.235906
0.233303
0.228481
0.238200
0.296033
0.462570
0.635793
0.639123
0.739955
0.694699
0.696786
0.734490
0.703468
0.615361
0.505962
0.410196
0.401837
0.450752
0.391496
0.312291
0.251616
0.253347
0.264336
0.256890
0.249773
0.252853
0.255594
0.257474
0.273264
0.443492
0.631119
0.652900
0.664128
0.672451
0.700148
0.796046
0.798112
0.653336
0.569643
0.515947
0.448681
0.385000
0.366650
0.358668
0.329706
0.337779
0.360160
0.338947
0.320868
0.322047
0.320528
0.313347
0.350913
0.542046
0.829082
0.882353
0.968319
1.000000
0.966051
0.896178
0.705390
0.750153
0.689186
0.620231
0.527419
0.514322
0.489625
0.518857
0.440157
0.393636
0.358832
0.317899
0.301148
0.316178
0.303910
0.275091
0.308992
0.430379
0.554708
0.610060
0.649235
0.634455
0.651031
0.642751
0.584944
0.452686
0.429864
0.385213
0.352862
0.350706
0.306517
0.289777
0.277540
0.279128
0.284253
0.277433
0.252184
0.252349
0.249077
0.255525
0.252673
0.256396
0.264480
0.270141
0.275527
0.333471
0.307590
0.323099
0.307765
0.301700
0.291370
0.311669
0.307914
0.326891
0.309752
0.290366
0.250028
0.274709
0.294827
0.254532
0.236171
0.249539
0.249215
0.236431
0.258250
0.275596
0.237818
0.246645
0.273216
0.304483
0.260305
0.257187
0.243182
0.322610
0.347562
0.315727
0.276695
0.280758
0.251249
0.244897
0.235640
0.262206
0.272021
0.261399
0.271209
0.265165
0.274778
0.244648
0.243129
0.456483
0.608929
0.652417
0.659210
0.688193
0.741007
0.758327
0.648662
0.560996
0.482109
0.454853
0.414854
0.357839
0.256369
0.248764
0.248976
0.255934
0.265212
0.252689
0.243469
0.246799
0.241227
0.245922
0.275946
0.419507
0.448474
0.491223
0.619445
0.623646
0.641885
0.628899
0.479895
0.445569
0.417106
0.318701
0.334257
0.380836
0.333737
0.249768
0.208590
0.217508
0.235964
0.215442
0.207262
0.209530
0.209594
0.213115
0.252439
0.408847
0.562265
0.564544
0.541286
0.618032
0.642597
0.655439
0.573424
0.498409
0.394327
0.374165
0.326068
0.327788
0.272977
0.237201
0.219722
0.222936
0.242396
0.221725
0.222054
0.220992
0.218522
0.218772
0.242029
0.362130
0.524360
0.565797
0.584864
0.625601
0.636239
0.646500
0.573870
0.442318
0.311265
0.270093
0.249906
0.255886
0.221284
0.228443
0.226441
0.246613
0.255812
0.241827
0.239395
0.234647
0.235231
0.242635
0.253942
0.260905
0.245333
0.274735
0.253698
0.240149
0.243681
0.227817
0.208187
0.233776
0.269860
0.225692
0.225883
0.242104
0.229861
0.247500
0.224370
0.239915
0.249693
0.236564
0.223823
0.229160
0.229134
0.220737
0.233330
0.237329
0.234270
0.238131
0.282442
0.282182
0.286866
0.311696
0.290217
0.291492
0.292007
0.352475
0.330147
0.291997
0.273827
0.264331
0.244329
0.249768
0.259221
0.227434
0.217354
0.221188
0.225230
0.237541
0.298508
0.457758
0.603804
0.584131
0.654398
0.653771
0.692893
0.713421
0.650271
0.568293
0.434835
0.361833
0.338283
0.312089
0.283472
0.268049
0.267549
0.264156
0.269371
0.264102
0.260289
0.271331
0.262769
0.256677
0.302013
0.468396
0.595508
0.697843
0.696722
0.709363
0.771111
0.740136
0.660575
0.584779
0.501346
0.432413
0.443991
0.450274
0.344450
0.228040
0.210683
0.217906
0.231078
0.221459
0.215681
0.230169
0.227673
0.251170
0.321872
0.462607
0.485323
0.424494
0.579909
0.586574
0.510768
0.551516
0.515092
0.450211
0.377581
0.360553
0.345177
0.338889
0.278432
0.212685
0.211607
0.225533
0.235305
0.223037
0.213885
0.221773
0.219213
0.218230
0.245742
0.371165
0.577423
0.616806
0.620056
0.648996
0.625075
0.657234
0.545540
0.458369
0.408624
0.373247
0.419873
0.478875
0.452664
0.370262
0.264835
0.285613
0.255116
0.234684
0.222792
0.238126
0.233516
0.231295
0.242513
0.363660
0.541313
0.643133
0.461242
0.504958
0.667331
0.694768
0.577206
0.503821
0.366979
0.281826
0.227482
0.224423
0.211076
0.224380
0.223647
0.236962
0.249029
0.227062
0.218490
0.237579
0.233914
0.240701
0.243070
0.244621
0.242040
0.315318
0.280572
0.267980
0.254734
0.300856
0.304563
0.287217
0.229415
0.239544
0.240866
0.250495
0.227700
0.236686
0.211612
0.223371
0.229054
0.215091
0.208803
0.242003
0.246066
0.248498
0.238705
0.232113
0.215293
0.207002
0.185800
0.187340
0.203624
0.203268
0.191122
0.201983
0.202015
0.213970
0.208914
0.214358
0.205797
0.203189
0.209212
0.217524
0.229059
0.222367
0.210130
0.212197
0.219069
0.239406
0.249571
0.412693
0.594377
0.569876
0.564523
0.586213
0.578411
0.558542
0.525071
0.460323
0.395808
0.359347
0.330752
0.346579
0.335814
0.236490
0.263423
0.283116
0.291072
0.265600
0.254866
0.261643
0.260576
0.266078
0.336971
0.502053
0.637631
0.616869
0.643117
0.649443
0.643420
0.639659
0.563280
0.512479
0.427373
0.310708
0.317219
0.319142
0.311988
0.269403
0.266514
0.282511
0.282405
0.252014
0.238991
0.243261
0.250676
0.255334
0.305354
0.466048
0.620486
0.575028
0.592741
0.571825
0.586399
0.522968
0.372577
0.283839
0.291784
0.308233
0.327746
0.341858
0.295518
0.262610
0.226037
0.252790
0.278703
0.261187
0.248142
0.248918
0.249683
0.246124
0.311818
0.469772
0.561235
0.462787
0.637153
0.594573
0.624077
0.590876
0.490188
0.455798
0.386355
0.346356
0.279064
0.295906
0.202153
0.126517
0.125922
0.139004
0.151347
0.136587
0.131547
0.123915
0.127367
0.131456
0.148813
0.267762
0.441272
0.504299
0.506116
0.531084
0.559870
0.545333
0.525916
0.407339
0.278480
0.204448
0.201048
0.205483
0.198600
0.200539
0.188705
0.183761
0.154810
0.138117
0.134425
0.130745
0.130777
0.128445
0.132078
0.171083
0.294849
0.335341
0.333689
0.354360
0.322191
0.307595
0.284954
0.179262
0.117674
0.111407
0.119002
0.137830
0.123463
0.115241
0.113776
0.127781
0.141054
0.120701
0.115794
0.117318
0.118056
0.118911
0.115300
0.123155
0.112920
0.118954
0.112373
0.109420
0.118157
0.130718
0.141664
0.160811
0.151793
0.180489
0.145494
0.138202
0.139519
0.134930
0.119283
0.132126
0.142504
0.119873
0.119597
0.117573
0.121466
0.116447
0.155505
0.270008
0.482194
0.482306
0.496986
0.549710
0.526458
0.537239
0.445415
0.404290
0.338501
0.296734
0.290690
0.275511
0.247792
0.144548
0.129555
0.142594
0.150885
0.132497
0.129852
0.130251
0.131042
0.130989
0.144984
0.274741
0.467148
0.451023
0.497990
0.515787
0.502249
0.541318
0.410966
0.393918
0.338034
0.293845
0.245035
0.262148
0.228417
0.128817
0.124201
0.134574
0.143385
0.124934
0.122656
0.124701
0.124770
0.126405
0.149992
0.298216
0.337423
0.384427
0.486204
0.515718
0.536650
0.523175
0.433215
0.400859
0.390773
0.421961
0.374123
0.312057
0.233664
0.143380
0.117047
0.127866
0.140639
0.118741
0.119326
0.119336
0.117371
0.116617
0.146620
0.282591
0.405517
0.456834
0.482088
0.480654
0.462835
0.446992
0.361408
0.374893
0.270959
0.284503
0.268930
0.242003
0.158187
0.132009
0.125805
0.149966
0.144501
0.122491
0.118603
0.118922
0.118062
0.118577
0.166701
0.293261
0.426698
0.477945
0.510168
0.514024
0.566759
0.597409
0.510035
0.371701
0.275840
0.250060
0.219664
0.205186
0.180797
0.166961
0.151177
0.154571
0.162819
0.143773
0.140337
0.144177
0.136640
0.148755
0.160747
0.148287
0.168565
0.200448
0.211373
0.224688
0.215973
0.209153
0.167971
0.158703
0.148925
0.159420
0.168029
0.185136
0.178874
0.127314
0.120059
0.124796
0.141367
0.118619
0.114243
0.117127
0.115300
0.111359
0.115348
0.128965
0.150290
0.198743
0.234896
0.249561
0.307680
0.304526
0.284858
0.229033
0.194367
0.186167
0.162872
0.167153
0.145653
0.133390
0.125380
0.128397
0.143433
0.123240
0.119968
0.118795
0.117801
0.129528
0.136284
0.334789
0.571586
0.570636
0.543676
0.573058
0.588848
0.533851
0.450970
0.395240
0.336169
0.331490
0.399617
0.418800
0.408768
0.252832
0.225225
0.233850
0.245041
0.232081
0.229973
0.234923
0.235417
0.249969
0.276084
0.466346
0.634662
0.652210
0.614389
0.588173
0.585618
0.593277
0.536129
0.459638
0.395585
0.356702
0.353548
0.395150
0.353240
0.271044
0.249109
0.262440
0.273912
0.243867
0.242194
0.242566
0.241254
0.260167
0.288619
0.399755
0.408853
0.389164
0.559790
0.580913
0.570827
0.543586
0.437474
0.471843
0.472549
0.477600
0.463632
0.390678
0.368313
0.261171
0.209376
0.224088
0.237355
0.219728
0.237201
0.247680
0.246114
0.240569
0.302954
0.456207
0.612477
0.586335
0.581651
0.626116
0.605009
0.580706
0.509419
0.479252
0.396249
0.340148
0.339855
0.363442
0.392330
0.294116
0.232050
0.240680
0.260969
0.236564
0.235969
0.231933
0.229017
0.233457
0.245508
0.382334
0.597059
0.616636
0.607628
0.643122
0.616083
0.595545
0.529740
0.476517
0.335713
0.359491
0.371940
0.356617
0.366900
0.328957
0.267061
0.258287
0.267730
0.249375
0.250617
0.245683
0.243941
0.285055
0.326307
0.350871
0.361052
0.380725
0.373905
0.362061
0.327141
0.311308
0.282925
0.261420
0.265733
0.275049
0.197872
0.233808
0.225289
0.246661
0.231556
0.241535
0.252174
0.232246
0.233356
0.234689
0.235337
0.236060
0.229330
0.235204
0.218506
0.242778
0.270247
0.233452
0.254224
0.224566
0.229283
0.253411
0.232825
0.262546
0.246161
0.224991
0.207491
0.204294
0.204697
0.216546
0.236516
0.222389
0.221719
0.225533
0.231646
0.242327
0.300925
0.449733
0.583218
0.617076
0.657802
0.665642
0.667442
0.703388
0.585103
0.572033
0.497453
0.472671
0.465645
0.466027
0.406601
0.393349
0.316927
0.330433
0.341332
0.320841
0.317772
0.317761
0.316752
0.326657
0.359087
0.510471
0.699909
0.695156
0.636749
0.671781
0.584556
0.657022
0.576324
0.534143
0.503471
0.467259
0.528237
0.471147
0.462400
0.380071
0.318558
0.331554
0.345618
0.323269
0.323072
0.325707
0.322955
0.322525
0.368610
0.520355
0.538450
0.508899
0.615425
0.647844
0.677278
0.619451
0.574890
0.527302
0.476193
0.447247
0.451225
0.493475
0.497777
0.392542
0.294365
0.303044
0.317756
0.301546
0.297812
0.291529
0.282984
0.285698
0.358083
0.510975
0.646888
0.648444
0.680417
0.646601
0.670284
0.636207
0.597181
0.522586
0.454263
0.399802
0.374484
0.456945
0.474159
0.404301
0.315249
0.315445
0.306889
0.305784
0.304058
0.309948
0.307755
0.309136
0.303235
0.334066
0.399335
0.462054
0.455214
0.450131
0.364972
0.352183
0.295539
0.266115
0.230079
0.278135
0.288534
0.316678
0.315945
0.308254
0.303681
0.299337
0.295321
0.289580
0.289006
0.290345
0.291253
0.281932
0.268139
0.275192
0.278745
0.283095
0.292979
0.313448
0.350472
0.343324
0.346930
0.296644
0.281762
0.273163
0.266875
0.276228
0.271772
0.281502
0.291896
0.281172
0.278598
0.280640
0.279117
0.281889
0.281024
0.281730
0.276621
0.286755
0.303171
0.317623
0.298264
0.252152
0.272749
0.277136
0.261649
0.287360
0.302582
0.336934
0.350871
0.368621
0.354169
0.311319
0.307059
0.307367
0.306183
0.310665
0.300659
0.309555
0.304770
0.310373
0.300627
0.339845
0.454900
0.585502
0.589108
0.616853
0.616694
0.642427
0.637891
0.565930
0.555626
0.493651
0.474175
0.472964
0.479199
0.469044
0.356894
0.302491
0.328994
0.327523
0.325489
0.325961
0.319535
0.326110
0.322307
0.402809
0.541573
0.655805
0.662582
0.653341
0.616742
0.561060
0.576945
0.486348
0.484807
0.454003
0.448065
0.403552
0.473378
0.461226
0.379795
0.321171
0.321532
0.324262
0.324910
0.332181
0.339685
0.332505
0.339425
0.419597
0.497618
0.542826
0.406319
0.525332
0.586261
0.556349
0.538493
0.469065
0.451034
0.404428
0.375971
0.407774
0.457513
0.466133
0.366640
0.315929
0.310787
0.325542
0.333179
0.335065
0.335150
0.331129
0.340116
0.402692
0.502589
0.648646
0.667315
0.640090
0.630413
0.625484
0.631332
0.573567
0.517731
0.473925
0.467190
0.520817
0.478062
0.477935
0.366486
0.318425
0.353521
0.334512
0.334220
0.333700
0.337274
0.338342
0.353723
0.430814
0.517954
0.703823
0.706824
0.659975
0.648864
0.661733
0.632064
0.615419
0.601196
0.537468
0.506695
0.471556
0.419337
0.393700
0.396616
0.389918
0.392223
0.384055
0.386833
0.387895
0.380183
0.374261
0.373942
0.384597
0.413553
0.435578
0.429996
0.409766
0.406229
0.429848
0.409989
0.422088
0.382122
0.377198
0.397381
0.405937
0.473298
0.454916
0.390173
0.348566
0.354020
0.351662
0.341327
0.355470
0.346680
0.351673
0.345427
0.351173
0.345294
0.330688
0.287110
0.279691
0.281013
0.308690
0.320725
0.326987
0.386870
0.373565
0.386583
0.345368
0.323396
0.321973
0.327964
0.350233
0.354116
0.356134
0.348066
0.345071
0.350425
0.350372
0.350706
0.425110
0.514587
0.725281
0.652550
0.659661
0.664478
0.732578
0.705560
0.605626
0.605190
0.566451
0.539688
0.540660
0.454959
0.365763
0.330816
0.326896
0.337322
0.338719
0.347631
0.343058
0.335787
0.328505
0.337444
0.458772
0.560199
0.674692
0.670570
0.680279
0.681633
0.712380
0.679254
0.560964
0.568065
0.522904
0.515485
0.539087
0.501038
0.454295
0.316571
0.275378
0.272462
0.277508
0.288433
0.290918
0.286404
0.312168
0.318940
0.385738
0.490443
0.513190
0.521986
0.609131
0.640939
0.678473
0.609184
0.577567
0.614633
0.535216
0.507327
0.516627
0.522416
0.470935
0.377092
0.375339
0.374606
0.379424
0.367532
0.362800
0.365269
0.365652
0.371653
0.487925
0.594653
0.753924
0.725658
0.727766
0.734586
0.715779
0.700021
0.592284
0.625500
0.558085
0.548823
0.541849
0.511029
0.395129
0.381569
0.386307
0.386052
0.396393
0.384336
0.377044
0.380937
0.378138
0.396876
0.483023
0.587244
0.744401
0.745304
0.734607
0.741846
0.757673
0.693276
0.598137
0.545386
0.479634
0.450072
0.440332
0.409872
0.348183
0.366183
0.355343
0.363761
0.383662
0.378563
0.360680
0.353001
0.360229
0.352294
0.360420
0.378659
0.459340
0.446259
0.397301
0.300091
0.257495
0.262976
0.264867
0.275983
0.290791
0.347796
0.386487
0.380937
0.379498
0.376598
0.381660
0.375419
0.376964
0.383040
0.380087
0.374144
0.379349
0.378313
0.388920
0.368105
0.353925
0.402139
0.355672
0.299608
0.286855
0.261266
0.238598
0.255058
0.299161
0.323258
0.324979
0.357180
0.371621
0.371133
0.368706
0.383986
0.380093
0.365036
0.363766
0.356931
0.361153
0.366863
0.458002
0.539709
0.676009
0.681543
0.660198
0.634598
0.647185
0.612939
0.525857
0.558850
0.497145
0.473436
0.522596
0.468369
0.433093
0.349261
0.352029
0.364998
0.376147
0.384108
0.385494
0.388973
0.386471
0.394337
0.492572
0.600989
0.681198
0.566594
0.614187
0.622111
0.623524
0.604574
0.514661
0.448686
0.452579
0.428568
0.443333
0.447422
0.468970
0.425530
0.337869
0.342283
0.348045
0.354732
0.370846
0.362895
0.369699
0.374484
0.390614
0.444644
0.467525
0.401327
0.419289
0.395261
0.358110
0.342044
0.307149
0.323492
0.425965
0.407031
0.398507
0.389855
0.377899
0.381585
0.385404
0.373247
0.374973
0.363872
0.360872
0.363028
0.361945
0.358540
0.367303
0.359645
0.347870
0.292830
0.282691
0.245131
0.230000
0.235029
0.239071
0.251595
0.266503
0.285305
0.348056
0.349410
0.357786
0.353394
0.376465
0.377129
0.363240
0.360064
0.360601
0.361206
0.363379
0.361870
0.371159
0.372455
0.422933
0.417680
0.367096
0.332494
0.296655
0.281863
0.231742
0.246220
0.246931
0.304435
0.312052
0.300733
0.299708
0.300218
0.315833
0.332484
0.343653
0.336732
0.329940
0.339420
0.328097
0.328899
0.344949
0.343786
0.388936
0.366778
0.381575
0.353309
0.292119
0.237887
0.239777
0.251095
0.289612
0.303814
0.321813
0.336451
0.355571
0.375026
0.361759
0.363007
0.357218
0.363931
0.361976
0.336956
0.375578
0.378855
0.381930
0.365009
0.353988
0.352560
0.343196
0.386328
0.373762
0.326301
0.298391
0.302847
0.342686
0.344657
0.313395
0.308026
0.324421
0.329169
0.327002
0.342134
0.343366
0.347604
0.382764
0.350653
0.382116
0.387523
0.460450
0.604431
0.677215
0.668887
0.640849
0.645135
0.686722
0.629393
0.555175
0.526463
0.438675
0.403510
0.398390
0.341316
0.348178
0.345406
0.338193
0.330757
0.324113
0.321638
0.325956
0.328814
0.335883
0.337439
0.344497
0.488690
0.698422
0.710850
0.709188
0.671749
0.638332
0.456021
0.251982
0.481323
0.445622
0.419066
0.301196
0.310076
0.331135
0.358753
0.342320
0.344349
0.346999
0.344274
0.346123
0.332345
0.340179
0.334406
0.396180
0.505643
0.581311
0.540787
0.649682
0.661892
0.608695
0.589007
0.544903
0.488207
0.216111
0.424202
0.413404
0.386291
0.383572
0.374415
0.367463
0.379955
0.381899
0.380401
0.374580
0.371876
0.371441
0.370400
0.449021
0.538455
0.662779
0.664123
0.659422
0.650478
0.610268
0.579086
0.522734
0.484372
0.447215
0.432593
0.455299
0.389966
0.355752
0.323316
0.334316
0.348932
0.354376
0.351625
0.356230
0.357350
0.358253
0.355035
0.397965
0.540474
0.659778
0.697625
0.680640
0.692144
0.648030
0.619004
0.568177
0.470903
0.442637
0.363092
0.315976
0.328968
0.326397
0.333025
0.342214
0.340041
0.343584
0.336674
0.337418
0.349097
0.343249
0.322387
0.342824
0.336998
0.348406
0.387088
0.363187
0.395155
0.375504
0.347557
0.265972
0.255583
0.269722
0.316152
0.328670
0.329079
0.331506
0.327549
0.325090
0.323401
0.350993
0.343042
0.353404
0.347307
0.337678
0.348853
0.344556
0.339930
0.326317
0.308897
0.306565
0.304350
0.357180
0.340551
0.391597
0.374261
0.388559
0.423724
0.428424
0.408645
0.359066
0.331512
0.324023
0.331628
0.331336
0.340934
0.339882
0.330274
0.329010
0.353457
0.364547
0.511103
0.664149
0.709937
0.684900
0.710170
0.713755
0.656103
0.530558
0.538620
0.498016
0.468938
0.459330
0.368812
0.331825
0.340169
0.356230
0.357276
0.361828
0.360611
0.367617
0.375217
0.367144
0.361711
0.442159
0.624459
0.757944
0.735478
0.722758
0.703531
0.643005
0.674479
0.596474
0.581162
0.574853
0.550145
0.561054
0.558080
0.537468
0.454555
0.366262
0.377745
0.372434
0.353016
0.353170
0.356177
0.359416
0.369577
0.464020
0.547522
0.662253
0.643823
0.663602
0.672010
0.605652
0.607060
0.589873
0.515809
0.482773
0.489264
0.551154
0.547692
0.455692
0.390641
0.371951
0.377681
0.378319
0.374266
0.383099
0.373804
0.377310
0.373124
0.402851
0.538742
0.680306
0.701869
0.654419
0.651270
0.659937
0.614086
0.585688
0.523892
0.476814
0.516775
0.508925
0.495488
0.487219
0.407413
0.386774
0.379567
0.386376
0.385351
0.370055
0.368504
0.367181
0.363357
0.371775
0.402224
0.389090
0.345650
0.323455
0.281714
0.272728
0.241758
0.252498
0.266556
0.270970
0.316343
0.339218
0.355013
0.364722
0.380226
0.406224
0.362518
0.360734
0.345703
0.343340
0.347583
0.341752
0.353877
0.368929
0.354296
0.369056
0.431436
0.413882
0.397944
0.345406
0.354334
0.314038
0.290350
0.289389
0.340482
0.370734
0.384512
0.392802
0.385930
0.388761
0.380948
0.386286
0.380411
0.376386
0.378643
0.360930
0.358328
0.366087
0.356102
0.363166
0.365933
0.373634
0.291556
0.297903
0.298869
0.305423
0.277035
0.286340
0.329732
0.349655
0.338480
0.364127
0.360245
0.362996
0.369274
0.379838
0.362428
0.356628
0.359353
0.357940
0.358970
0.399510
0.528019
0.706474
0.766479
0.728170
0.691560
0.701396
0.696951
0.584301
0.588842
0.535051
0.447852
0.447645
0.432232
0.376874
0.371680
0.360213
0.359905
0.365131
0.356437
0.361557
0.356108
0.359443
0.355624
0.430952
0.573148
0.739488
0.668993
0.675685
0.648943
0.644073
0.654802
0.603947
0.600697
0.512654
0.498096
0.514221
0.498112
0.488600
0.465762
0.358891
0.348077
0.360261
0.368052
0.388925
0.372147
0.368217
0.357632
0.459250
0.558149
0.652953
0.645475
0.623864
0.664399
0.705566
0.707175
0.590770
0.506535
0.461141
0.461146
0.493502
0.446965
0.448904
0.364515
0.361084
0.365317
0.353255
0.353133
0.360426
0.350281
0.354238
0.348353
0.386955
0.536703
0.749478
0.747508
0.749016
0.748766
0.708487
0.669981
0.583096
0.572744
0.533718
0.537733
0.506530
0.504406
0.426220
0.368212
0.367612
0.362986
0.365126
0.354174
0.358891
0.354371
0.349713
0.340466
0.410042
0.542593
0.737146
0.742972
0.744895
0.752139
0.695894
0.638305
0.539480
0.515883
0.466293
0.478816
0.400312
0.351503
0.336339
0.336568
0.337434
0.334072
0.343085
0.344407
0.352979
0.343233
0.341762
0.337290
0.360155
0.344375
0.378202
0.435860
0.454104
0.458979
0.443800
0.421833
0.384952
0.345777
0.257920
0.273588
0.305514
0.302592
0.298614
0.304303
0.319604
0.340880
0.351057
0.348396
0.354397
0.336839
0.338496
0.341454
0.347976
0.341783
0.353133
0.337991
0.315286
0.285384
0.254925
0.246045
0.311165
0.315344
0.406723
0.390327
0.351375
0.360548
0.353388
0.349426
0.353633
0.358051
0.351683
0.345119
0.345209
0.343966
0.353367
0.348162
0.406425
0.574566
0.701094
0.699606
0.632962
0.588848
0.617268
0.623577
0.557830
0.551654
0.523090
0.456170
0.467838
0.402182
0.370681
0.339314
0.324724
0.322923
0.327608
0.325106
0.330683
0.322206
0.321713
0.321335
0.402665
0.534371
0.704248
0.685978
0.697105
0.679196
0.647329
0.610384
0.571013
0.546783
0.490172
0.433858
0.488616
0.515033
0.481775
0.382440
0.331602
0.332893
0.343037
0.342846
0.358429
0.347429
0.334146
0.337604
0.368483
0.523515
0.572888
0.566498
0.671202
0.680162
0.656740
0.610815
0.595040
0.557698
0.510264
0.533697
0.541945
0.465061
0.406330
0.380172
0.369370
0.367080
0.373544
0.362635
0.364037
0.354334
0.350839
0.353287
0.383635
0.498234
0.683848
0.691581
0.706081
0.659422
0.642517
0.606810
0.557188
0.509711
0.500120
0.544526
0.564581
0.539974
0.517211
0.444745
0.355237
0.332770
0.338995
0.332542
0.336010
0.343419
0.356214
0.341268
0.351535
0.363235
0.394364
0.404338
0.390380
0.335458
0.302837
0.275245
0.272409
0.280907
0.263603
0.294424
0.340323
0.363108
0.357234
0.368190
0.359825
0.358519
0.361222
0.347148
0.347334
0.345862
0.344503
0.348311
0.373555
0.370777
0.357409
0.370060
0.357133
0.324559
0.290754
0.294493
0.276876
0.258127
0.270869
0.329658
0.388399
0.394353
0.390901
0.386615
0.377782
0.385977
0.382987
0.372896
0.363357
0.362258
0.366486
0.362423
0.368063
0.359586
0.356463
0.375111
0.377384
0.340987
0.268511
0.230371
0.248785
0.247080
0.264867
0.312158
0.387454
0.390901
0.389653
0.385080
0.380900
0.385600
0.382323
0.380411
0.389541
0.385319
0.387088
0.387985
0.392346
0.389589
0.391060
0.391034
0.347955
0.300824
0.293484
0.307144
0.319901
0.338544
0.367330
0.391984
0.398894
0.396823
0.388745
0.387215
0.382573
0.381782
0.380528
0.382961
0.379259
0.383364
0.379583
0.381378
0.394125
0.405942
0.435026
0.427415
0.398352
0.356012
0.313199
0.286415
0.327666
0.320640
0.342883
0.402118
0.446912
0.396573
0.381893
0.382254
0.379445
0.379588
0.385691
0.383333
0.384103
0.382934
0.376688
0.381320
0.382801
0.409214
0.489099
0.488509
0.490628
0.446397
0.448554
0.437650
0.394821
0.377363
0.426762
0.464439
0.464025
0.403063
0.398607
0.406123
0.383832
0.385802
0.391644
0.390465
0.386280
0.388283
0.387645
0.385977
0.393264
0.409309
0.427054
0.450874
0.468810
0.464073
0.491106
0.478896
0.400169
0.452590
0.429784
0.392962
0.385717
0.382313
0.374782
0.379535
0.375180
0.375764
0.371706
0.358598
0.359836
0.367123
0.365391
0.363007
0.371228
0.364595
0.368775
0.370416
0.426597
0.447640
0.441543
0.373714
0.421514
0.423049
0.361546
0.387056
0.396520
0.385154
0.368456
0.372625
0.373140
0.376651
0.378383
0.370745
0.368275
0.378738
0.371993
0.371829
0.379519
0.422444
0.515267
0.524434
0.495780
0.452107
0.350499
0.280020
0.279303
0.310734
0.366454
0.386291
0.384028
0.383694
0.369444
0.383455
0.377442
0.376168
0.389069
0.380194
0.382695
0.371866
0.381532
0.378802
0.388713
0.388670
0.380560
0.340769
0.334874
0.316731
0.330301
0.317453
0.326121
0.318271
0.306087
0.358073
0.374314
0.367792
0.369773
0.369789
0.361918
0.362847
