0.121928
0.108690
0.132774
0.177114
0.199438
0.201447
0.241776
0.435126
0.250011
0.203738
0.394745
0.243279
0.212934
0.315641
0.187333
0.181040
0.343206
0.264197
0.276512
0.304855
0.149858
0.167272
0.196340
0.097322
0.103652
0.090169
0.105931
0.077941
0.054767
0.100274
0.155322
0.085942
0.140141
0.196869
0.118411
0.157257
0.116483
0.152528
0.132315
0.159177
0.174161
0.155330
0.208311
0.248781
0.145792
0.172741
0.104606
0.059039
0.088364
0.049879
0.080452
0.113847
0.084673
0.128607
0.141044
0.145926
0.201949
0.181346
0.109876
0.204960
0.158088
0.258941
0.347013
0.339850
0.288043
0.347828
0.348564
0.290034
0.259235
0.304279
0.199369
0.218860
0.207055
0.212266
0.163385
0.202647
0.252597
0.156936
0.277624
0.257985
0.273816
0.278150
0.231478
0.236225
0.345346
0.415827
0.319038
0.325728
0.255284
0.213517
0.496562
0.330949
0.374828
0.318989
0.209928
0.181347
0.314914
0.187158
0.179364
0.245034
0.305875
0.233590
0.389575
0.240118
0.240395
0.257483
0.297059
0.323122
0.284268
0.213808
0.300068
0.258832
0.388565
0.561971
0.656445
0.456517
0.626407
0.601010
0.455081
0.323780
0.321153
0.169003
0.145912
0.151582
0.243757
0.244018
0.193048
0.164664
0.357609
0.378471
0.210132
0.207812
0.218338
0.266298
0.285491
0.280458
0.251338
0.188690
0.216371
0.269329
0.366539
0.275162
0.427775
0.238891
0.218263
0.224683
0.242011
0.378443
0.239859
0.184956
0.228135
0.283782
0.323569
0.284726
0.294832
0.171860
0.238126
0.324702
0.325908
0.267103
0.241645
0.187623
0.236619
0.346334
0.310860
0.471913
0.320988
0.290089
0.174699
0.181658
0.213088
0.256281
0.259611
0.269692
0.186626
0.332734
0.528598
0.411861
0.395344
0.376168
0.415447
0.348079
0.363536
0.298396
0.371817
0.293189
0.486388
0.372935
0.464816
0.342263
0.363916
0.240995
0.159399
0.217724
0.238722
0.234555
0.181197
0.147355
0.161850
0.404946
0.320974
0.218800
0.246751
0.394583
0.177443
0.300881
0.219655
0.178834
0.192081
0.368516
0.228384
0.302072
0.351002
0.266709
0.282854
0.346587
0.208547
0.191093
0.213756
0.147481
0.185638
0.167057
0.170920
0.177116
0.217775
0.219897
0.161992
0.272175
0.230084
0.194350
0.252855
0.289679
0.345477
0.234637
0.312236
0.267112
0.254597
0.140439
0.280843
0.143667
0.224662
0.137564
0.178078
0.243648
0.205058
0.208495
0.249291
0.220794
0.340872
0.295861
0.332081
0.257928
0.264571
0.192829
0.262374
0.214572
0.297169
0.220502
0.205810
0.241489
0.389093
0.201201
0.260555
0.243073
0.230393
0.197716
0.176035
0.209942
0.260898
0.217159
0.118118
0.226506
0.350574
0.274772
0.262972
0.217689
0.270712
0.223739
0.156967
0.160236
0.216505
0.222366
0.337496
0.283039
0.417268
0.257842
0.180585
0.161921
0.206187
0.270994
0.233451
0.252715
0.225030
0.224367
0.264298
0.196938
0.263116
0.307607
0.215782
0.196826
0.240745
0.198046
0.200844
0.200239
0.382964
0.268124
0.270245
0.341652
0.315686
0.271533
0.336422
0.185860
0.205867
0.245678
0.239067
0.198338
0.241258
0.172805
0.238992
0.277876
0.314751
0.306994
0.271624
0.320763
0.222602
0.249332
0.154652
0.165034
0.211375
0.213623
0.215841
0.182411
0.219902
0.181141
0.297385
0.204246
0.205341
0.156685
0.188429
0.164979
0.266765
0.110973
0.248360
0.200804
0.260221
0.421554
0.359419
0.292243
0.186199
0.166657
0.273249
0.149841
0.353434
0.279053
0.234616
0.439102
0.266671
0.234734
0.179697
0.205117
0.106226
0.194986
0.183968
0.149345
0.169911
0.167656
0.216197
0.289743
0.252243
0.238498
0.263390
0.262001
0.264896
0.254068
0.216917
0.242018
0.271405
0.353874
0.338863
0.374742
0.292628
0.273255
0.260548
0.144674
0.147530
0.125411
0.181474
0.100717
0.136304
0.105770
0.178924
0.188160
0.243747
0.192151
0.219877
0.220957
0.240121
0.255567
0.239348
0.257474
0.222653
0.229660
0.344312
0.359498
0.308670
0.293727
0.205126
0.124113
0.153071
0.160467
0.149289
0.180951
0.147419
0.086710
0.134801
0.192158
0.231722
0.182046
0.268995
0.242455
0.239899
0.090552
0.117697
0.107701
0.099450
0.078726
0.161444
0.127657
0.159511
0.139608
0.145974
0.093490
0.099749
0.129087
0.076360
0.093456
0.179436
0.090970
0.130981
0.169444
0.189954
0.132087
0.158171
0.167972
0.203646
0.184507
0.149030
0.145007
0.139798
0.263672
0.275288
0.205933
0.272102
0.254976
0.203013
0.072477
0.128551
0.084271
0.058981
0.077846
0.090064
0.081083
0.123199
0.168840
0.115209
0.125637
0.129051
0.163128
0.093436
0.141294
0.149707
0.110810
0.321078
0.256222
0.366267
0.174954
0.195656
0.140534
0.206886
0.143084
0.128004
0.115532
0.141893
0.128965
0.124676
0.112300
0.146365
0.160512
0.190247
0.156402
0.195668
0.170746
0.163289
0.226548
0.166537
0.236916
0.246846
0.186776
0.253441
0.162843
0.291158
0.265708
0.193407
0.122844
0.190166
0.125152
0.189911
0.186510
0.096863
0.134096
0.198034
0.259360
0.396807
0.347053
0.339362
0.305208
0.316400
0.356097
0.305668
0.241197
0.279330
0.359096
0.236427
0.395712
0.307104
0.157310
0.129652
0.083805
0.082511
0.086372
0.080645
0.067888
0.077542
0.088246
0.098528
0.190229
0.303161
0.112753
0.399635
0.371021
0.374932
0.387963
0.392600
0.455293
0.404318
0.473567
0.584163
0.540566
0.465155
0.342041
0.230677
0.182797
0.123935
0.123877
0.178273
0.128022
0.125770
0.171253
0.127698
0.267921
0.164888
0.195701
0.189713
0.225448
0.185205
0.210548
0.210817
0.151154
0.154496
0.151708
0.249289
0.224687
0.257652
0.164196
0.147499
0.103969
0.182853
0.184968
0.117796
0.137266
0.092831
0.132972
0.177088
0.182673
0.162471
0.190852
0.308001
0.280703
0.189187
0.262088
0.148869
0.130574
0.182712
0.273612
0.299610
0.250129
0.306444
0.233631
0.172464
0.115494
0.120469
0.097262
0.090356
0.132728
0.112067
0.121250
0.189722
0.190656
0.255751
0.221419
0.176734
0.238632
0.236622
0.216010
0.114922
0.247413
0.210455
0.195789
0.164119
0.136137
0.265291
0.125866
0.140862
0.202585
0.103585
0.118522
0.126997
0.089974
0.120894
0.161639
0.137365
0.202929
0.240572
0.213486
0.153079
0.241594
0.135075
0.119651
0.159581
0.131584
0.184773
0.223441
0.346562
0.229146
0.156168
0.209470
0.184524
0.136537
0.140481
0.150926
0.165282
0.190327
0.143384
0.151618
0.153183
0.213447
0.197403
0.147816
0.249990
0.182423
0.191874
0.210713
0.139186
0.198896
0.178085
0.159997
0.207028
0.187023
0.199211
0.223792
0.163188
0.129792
0.133642
0.145266
0.098952
0.098188
0.115289
0.105801
0.114432
0.184173
0.181656
0.326290
0.235212
0.317633
0.348545
0.342119
0.248704
0.168352
0.235653
0.197457
0.270676
0.183153
0.294673
0.247105
0.233029
0.133402
0.138746
0.152770
0.129284
0.115447
0.125442
0.469175
0.714478
0.557955
0.946392
0.672358
0.916634
0.972839
0.541646
0.645682
1.000000
0.819616
0.662954
0.752420
0.924544
0.778572
0.819120
0.875374
0.843141
0.720024
0.703646
0.110365
0.077826
0.086825
0.145189
0.112606
0.155601
0.224824
0.223319
0.210631
0.125686
0.196305
0.125318
0.185613
0.130005
0.130417
0.208771
0.169724
0.223407
0.433034
0.233518
0.165374
0.151608
0.063873
0.052578
0.106114
0.143433
0.109059
0.135737
0.164863
0.138960
0.129906
0.229830
0.223566
0.245453
0.251820
0.228831
0.173733
0.168166
0.153077
0.176620
0.201110
0.214400
0.223955
0.230069
0.169733
0.197411
0.200613
0.144484
0.091239
0.201140
0.132966
0.207802
0.132501
0.226354
0.196475
0.209427
0.193225
0.361414
0.370154
0.215457
0.208686
0.186844
0.164398
0.171128
0.235145
0.189273
0.459439
0.416682
0.350730
0.434539
0.251061
0.187928
0.184318
0.195859
0.190401
0.182216
0.112762
0.158517
0.212796
0.296991
0.281252
0.205589
0.133084
0.182272
0.142191
0.126172
0.150623
0.174577
0.231120
0.218833
0.159782
0.286696
0.277631
0.230636
0.178444
0.192873
0.157711
0.168922
0.185207
0.145362
0.167261
0.158097
0.240406
0.194713
0.342920
0.302129
0.235962
0.152548
0.168225
0.157788
0.179011
0.173060
0.156964
0.295506
0.271452
0.329306
0.254746
0.251781
0.164838
0.129842
0.188191
0.180581
0.099285
0.122537
0.182235
0.157967
0.207394
0.219173
0.193819
0.207184
0.373263
0.184996
0.430762
0.278586
0.302612
0.300968
0.262811
0.268953
0.175365
0.308822
0.181639
0.206351
0.110438
0.126356
0.137911
0.132242
0.121644
0.152101
0.169206
0.132933
0.233108
0.264399
0.151624
0.261816
0.237457
0.188995
0.172933
0.250554
0.151532
0.195440
0.252519
0.273184
0.250785
0.317856
0.276645
0.212687
0.148121
0.158034
0.158045
0.132663
0.169733
0.131877
0.199805
0.188610
0.189869
0.206103
0.244305
0.300421
0.232339
0.209033
0.239923
0.161710
0.188902
0.137773
0.226131
0.245282
0.258121
0.218353
0.221176
0.274627
0.166559
0.209138
0.170855
0.153321
0.131082
0.198236
0.148402
0.220648
0.211813
0.340907
0.370546
0.276415
0.265561
0.290044
0.204977
0.200537
0.135615
0.166553
0.253529
0.170706
0.189475
0.303987
0.267852
0.140247
0.161339
0.141426
0.148724
0.179118
0.197490
0.125714
0.217259
0.161151
0.279545
0.161597
0.232526
0.145696
0.235481
0.149288
0.347875
0.252793
0.235480
0.258261
0.267375
0.183590
0.325085
0.264649
0.158719
0.171355
0.202466
0.114589
0.168199
0.196810
0.230488
0.168027
0.214999
0.263535
0.317527
0.297033
0.154374
0.137837
0.120938
0.113315
0.107305
0.090656
0.144198
0.126316
0.203834
0.227066
0.149009
0.229793
0.144546
0.139123
0.096499
0.113017
0.085889
0.072816
0.086560
0.092909
0.074073
0.127757
0.099400
0.131233
0.148715
0.227944
0.128591
0.117337
0.140829
0.106690
0.135799
0.111659
0.137463
0.191089
0.274850
0.241205
0.286863
0.109699
0.129849
0.090030
0.086142
0.088877
0.078119
0.056653
0.072765
0.153098
0.153174
0.236928
0.342910
0.237676
0.128931
0.193120
0.158370
0.090414
0.094195
0.113422
0.120181
0.088555
0.104882
0.128361
0.167135
0.088074
0.074324
0.124096
0.102061
0.107905
0.079864
0.072382
0.103180
0.168170
0.136539
0.189302
0.232007
0.168543
0.158795
0.112791
0.173227
0.167285
0.140238
0.231274
0.139474
0.216319
0.145505
0.160575
0.347468
0.277889
0.193419
0.107792
0.242900
0.234535
0.116170
0.135389
0.139712
0.222276
0.209933
0.132366
0.101821
0.108508
0.156067
0.122741
0.107171
0.101364
0.114312
0.119623
0.122874
0.104366
0.184265
0.190968
0.178702
0.302708
0.125114
0.059744
0.044633
0.064480
0.068691
0.063989
0.116364
0.147361
0.136582
0.177889
0.204952
0.131684
0.137024
0.123928
0.185482
0.248513
0.146053
0.090587
0.181393
0.183013
0.185367
0.190933
0.182020
0.113681
0.116356
0.070639
0.100075
0.240829
0.077560
0.073346
0.058644
0.139704
0.161424
0.104755
0.146967
0.126229
0.101346
0.093811
0.089766
0.098396
0.078089
0.070387
0.109203
0.084983
0.123009
0.142082
0.186120
0.119916
0.056955
0.075620
0.047225
0.068771
0.062670
0.088075
0.093329
0.106951
0.077707
0.166459
0.195405
0.066045
0.110399
0.059925
0.079755
0.086992
0.055140
0.213431
0.157446
0.162252
0.083825
0.091718
0.094608
0.056102
0.065246
0.059227
0.062132
0.034539
0.043028
0.081391
0.075376
0.063843
0.073961
0.063095
0.076442
0.047250
0.066520
0.248782
0.146389
0.199667
0.098692
0.076535
0.071407
0.098781
0.089755
0.082363
0.114157
0.089345
0.076070
0.052083
0.059653
0.034792
0.059240
0.055687
0.096645
0.059060
0.301962
0.238116
0.265952
0.150509
0.204576
0.165904
0.078026
0.080163
0.081793
0.063159
0.091392
0.120184
0.118914
0.116150
0.086304
0.063125
0.064782
0.067116
0.066148
0.054587
0.081010
0.057903
0.063091
0.071472
0.127953
0.108100
0.167427
0.126120
0.185003
0.154857
0.147013
0.130346
0.079259
0.117555
0.210953
0.204779
0.253899
0.149886
0.118911
0.087238
0.059544
0.103985
0.089744
0.083061
0.064280
0.085415
0.085671
0.092122
0.261431
0.204337
0.133090
0.072726
0.139461
0.158727
0.078917
0.072047
0.141052
0.164385
0.121940
0.162025
0.158071
0.162599
0.110355
0.131557
0.089566
0.067508
0.054179
0.042650
0.075006
0.066688
0.063029
0.107713
0.090958
0.159454
0.108430
0.126196
0.148372
0.184832
0.087185
0.096149
0.086113
0.081888
0.099227
0.247978
0.173339
0.250677
0.103712
0.153047
0.185793
0.126050
0.082028
0.073436
0.056679
0.089115
0.070846
0.075110
0.162924
0.111115
0.221745
0.199870
0.112859
0.095676
0.146266
0.161775
0.124967
0.129741
0.149606
0.190311
0.207983
0.148104
0.207922
0.245665
0.139935
0.072615
0.080279
0.068787
0.075855
0.065342
0.089634
0.158816
0.176972
0.110597
0.178483
0.122162
0.132403
0.138836
0.146357
0.183910
0.121948
0.153263
0.118944
0.435395
0.319750
0.354239
0.398835
0.299884
0.203766
0.212310
0.145533
0.141566
0.207770
0.119088
0.368141
0.239728
0.210501
0.288014
0.270191
0.297344
0.282514
0.244297
0.344721
0.391155
0.231136
0.168165
0.266000
0.275140
0.243909
0.168746
0.162367
0.160417
0.105705
0.151765
0.212362
0.108767
0.175815
0.159379
0.174660
0.222255
0.241158
0.182839
0.281114
0.170167
0.164235
0.167107
0.160474
0.224233
0.131372
0.212597
0.181887
0.214749
0.268572
0.262412
0.181893
0.232321
0.166080
0.146795
0.137267
0.144122
0.163340
0.164885
0.116705
0.161038
0.162767
0.230018
0.199841
0.191286
0.141803
0.180357
0.141971
0.151885
0.133089
0.253173
0.301047
0.270267
0.305396
0.337990
0.318537
0.209775
0.202565
0.105710
0.144931
0.170538
0.106366
0.078073
0.072129
0.100566
0.133978
0.155893
0.171723
0.094253
0.113159
0.283229
0.216254
0.196631
0.252491
0.239841
0.147394
0.194059
0.129937
0.228666
0.139227
0.131295
0.098172
0.101368
0.120631
0.122560
0.110130
0.167257
0.117108
0.136545
0.128042
0.188249
0.160269
0.116396
0.204632
0.119216
0.108188
0.117656
0.092784
0.112572
0.215132
0.150414
0.272961
0.167945
0.178287
0.143229
0.090914
0.116705
0.094470
0.097608
0.116589
0.164704
0.295274
0.193919
0.266359
0.269983
0.129573
0.224656
0.198016
0.240537
0.143976
0.166509
0.114014
0.156226
0.139317
0.281222
0.250498
0.185746
0.220499
0.108851
0.094361
0.158970
0.166754
0.201885
0.142093
0.178677
0.277012
0.213383
0.245080
0.256663
0.149239
0.167318
0.194654
0.204385
0.089984
0.108395
0.111000
0.138648
0.212962
0.218669
0.169880
0.204018
0.290264
0.420495
0.326234
0.145613
0.108846
0.114105
0.110855
0.113422
0.189607
0.172350
0.129443
0.124192
0.164062
0.088941
0.118212
0.189792
0.100792
0.068692
0.182837
0.145420
0.148898
0.153591
0.265544
0.270994
0.226330
0.222217
0.099177
0.128248
0.115348
0.092542
0.101581
0.106498
0.109236
0.144319
0.156677
0.219001
0.166016
0.144261
0.143080
0.168106
0.153664
0.127622
0.099332
0.082426
0.182444
0.147465
0.122975
0.180997
0.102401
0.052152
0.028718
0.037928
0.055381
0.039111
0.047773
0.052267
0.043708
0.053684
0.061028
0.084187
0.093893
0.145078
0.073527
0.126833
0.054094
0.063063
0.075466
0.055539
0.093331
0.097072
0.114230
0.111795
0.281784
0.183676
0.163133
0.077846
0.065620
0.079960
0.077286
0.080876
0.107039
0.142851
0.142809
0.124599
0.058569
0.076323
0.119738
0.102802
0.064581
0.104561
0.179922
0.240587
0.117349
0.110543
0.120217
0.185501
0.150661
0.100236
0.089872
0.095537
0.080149
0.071803
0.089829
0.114118
0.086996
0.126849
0.158492
0.134273
0.074932
0.113441
0.139423
0.123025
0.104769
0.096799
0.115833
0.155793
0.090055
0.060781
0.127391
0.255807
0.153650
0.092999
0.101932
0.087212
0.066838
0.067823
0.058386
0.100749
0.103669
0.131344
0.107023
0.141535
0.133753
0.145465
0.080525
0.127968
0.064407
0.073289
0.105144
0.074003
0.137321
0.105289
0.138233
0.166696
0.147456
0.101458
0.112852
0.075567
0.088574
0.101703
0.129196
0.087837
0.161749
0.155783
0.301982
0.242723
0.209063
0.249892
0.230311
0.152332
0.227915
0.229973
0.143742
0.180400
0.256427
0.219200
0.198476
0.150366
0.180525
0.301586
0.136620
0.133757
0.120055
0.116436
0.150388
0.113770
0.135984
0.137440
0.250697
0.124692
0.122435
0.151405
0.134137
0.102365
0.132426
0.103051
0.167063
0.135152
0.094279
0.139889
0.115731
0.161938
0.114964
0.146507
0.092362
0.087060
0.123536
0.101377
0.101291
0.151448
0.134118
0.137804
0.152569
0.159434
0.170021
0.205699
0.265383
0.248687
0.243649
0.230490
0.135159
0.198922
0.145778
0.241713
0.266092
0.243782
0.184173
0.169575
0.173129
0.159769
0.173371
0.125325
0.127385
0.211552
0.178295
0.202732
0.240214
0.211945
0.133498
0.196042
0.147929
0.128780
0.160310
0.178718
0.156267
0.202715
0.135729
0.180519
0.304821
0.155232
0.196580
0.181956
0.109537
0.210363
0.113178
0.116623
0.146458
0.162229
0.251281
0.267846
0.381759
0.273522
0.281612
0.292901
0.181684
0.200191
0.105012
0.113942
0.145280
0.088877
0.160704
0.227495
0.268786
0.163453
0.168270
0.216836
0.207118
0.147013
0.176227
0.159905
0.235678
0.151419
0.188142
0.245286
0.311123
0.202354
0.224630
0.189046
0.167502
0.152689
0.142817
0.114858
0.125320
0.161732
0.183456
0.149570
0.234262
0.146700
0.174844
0.097209
0.094798
0.137533
0.107888
0.100119
0.126064
0.162707
0.160097
0.191042
0.266636
0.161307
0.164843
0.180783
0.095766
0.127120
0.087147
0.146312
0.168122
0.186285
0.181269
0.283578
0.297769
0.185009
0.169370
0.142512
0.154819
0.073334
0.096711
0.066754
0.152461
0.098792
0.184088
0.122608
0.235854
0.126956
0.177084
0.149872
0.076817
0.074997
0.088018
0.055701
0.099713
0.112613
0.101156
0.104008
0.163641
0.095075
0.088252
0.040423
0.063635
0.055687
0.069486
0.078784
0.067795
0.067192
0.096783
0.111576
0.110589
0.139681
0.154443
0.131347
0.088709
0.076168
0.051490
0.064143
0.078983
0.086921
0.121291
0.145593
0.224020
0.135484
0.146975
0.110379
0.054522
0.053497
0.060877
0.078543
0.082022
0.106441
0.085462
0.195824
0.259231
0.137560
0.112861
0.285266
0.304336
0.319258
0.267576
0.173007
0.150118
0.123336
0.125907
0.197489
0.277649
0.108939
0.093916
0.077488
0.059694
0.058086
0.081534
0.077322
0.072557
0.084851
0.098000
0.111362
0.132341
0.128225
0.083546
0.074578
0.085962
0.060471
0.052525
0.047225
0.050389
0.074107
0.118976
0.159526
0.096315
0.139009
0.101494
0.060803
0.047085
0.081651
0.046977
0.061950
0.041809
0.062678
0.077125
0.195024
0.125078
0.124004
0.115292
0.181716
0.169683
0.168039
0.154596
0.114085
0.095512
0.130007
0.143680
0.092570
0.131719
0.195645
0.103742
0.083231
0.056510
0.093600
0.059871
0.076785
0.109994
0.092179
0.088953
0.192115
0.170783
0.112340
0.086853
0.098084
0.132266
0.097082
0.097710
0.119206
0.080235
0.143170
0.205802
0.168580
0.227792
0.123666
0.107163
0.054602
0.057259
0.049437
0.061890
0.078171
0.130422
0.100542
0.099720
0.140917
0.105928
0.154299
0.180895
0.229724
0.209126
0.132378
0.197204
0.139262
0.179543
0.221858
0.174961
0.225818
0.235288
0.256510
0.141926
0.080921
0.089549
0.093916
0.088011
0.108639
0.103618
0.119353
0.117072
0.145082
0.120044
0.122608
0.157459
0.139848
0.137600
0.155017
0.099174
0.129025
0.112050
0.122312
0.135662
0.131301
0.064748
0.067265
0.106133
0.094912
0.075236
0.069274
0.059135
0.043691
0.058337
0.074195
0.103920
0.137606
0.129089
0.121080
0.150971
0.149275
0.126984
0.118214
0.128914
0.090820
0.082185
0.124075
0.144004
0.133700
0.137198
0.133346
0.135716
0.088023
0.086853
0.074617
0.046986
0.063977
0.053313
0.053175
0.083319
0.071469
0.110594
0.116781
0.295218
0.153627
0.139501
0.086452
0.078136
0.081891
0.257919
0.108529
0.104742
0.135061
0.103096
0.119535
0.182163
0.118410
0.077198
0.077626
0.070799
0.070524
0.079837
0.090586
0.066045
0.094091
0.086936
0.107131
0.091336
0.111339
0.104566
0.115511
0.121927
0.096695
0.126586
0.118745
0.099149
0.161009
0.301889
0.078762
0.085877
0.077888
0.072420
0.043878
0.076860
0.052017
0.094649
0.076600
0.083915
0.086787
0.094850
0.087315
0.061998
0.064491
0.074326
0.039710
0.063339
0.076887
0.093915
0.106420
0.176131
0.157854
0.133288
0.153109
0.075129
0.071655
0.049382
0.044129
0.054144
0.036991
0.068766
0.071587
0.082679
0.177664
0.098341
0.076352
0.081331
0.123591
0.135474
0.123031
0.188213
0.077129
0.092806
0.159240
0.148156
0.250490
0.192014
0.167111
0.110687
0.084412
0.057761
0.077980
0.079948
0.089514
0.115561
0.063824
0.115007
0.134525
0.118215
0.287019
0.125411
0.091230
0.153839
0.110567
0.117404
0.081316
0.087038
0.114255
0.181864
0.190921
0.224235
0.155540
0.174355
0.122732
0.067026
0.078672
0.081474
0.062228
0.116203
0.099054
0.135514
0.088268
0.148268
0.152159
0.149533
0.138188
0.198426
0.224856
0.124789
0.189930
0.110032
0.111545
0.120580
0.062814
0.103959
0.104461
0.105418
0.056663
0.094024
0.091534
0.068471
0.051604
0.063029
0.114215
0.095058
0.073598
0.114481
0.135884
0.125715
0.104686
0.117087
0.090444
0.125610
0.193614
0.132408
0.172182
0.245514
0.136906
0.103764
0.162470
0.090856
0.105412
0.101306
0.124626
0.101875
0.085102
0.122873
0.110368
0.109707
0.120652
0.152224
0.219128
0.178272
0.170677
0.254201
0.201396
0.142574
0.270949
0.179101
0.129811
0.115764
0.166901
0.146637
0.149777
0.105146
0.059209
0.051119
0.063467
0.128662
0.129401
0.132665
0.140323
0.123184
0.198480
0.174561
0.109069
0.118671
0.134698
0.085335
0.161025
0.139720
0.127185
0.148551
0.143485
0.144967
0.179519
0.181721
0.076740
0.084778
0.090702
0.057723
0.089791
0.067482
0.071269
0.075297
0.058499
0.101207
0.104125
0.157528
0.141558
0.081531
0.104108
0.078298
0.065815
0.111291
0.058688
0.060255
0.124011
0.088241
0.083208
0.082502
0.063404
0.088203
0.059157
0.052313
0.059007
0.047165
0.060248
0.067448
0.080246
0.116720
0.091173
0.083906
0.120697
0.124061
0.096406
0.082122
0.145392
0.111125
0.093587
0.081480
0.092194
0.091293
0.143290
0.057565
0.091263
0.055279
0.078946
0.059499
0.049698
0.087132
0.057625
0.081096
0.070010
0.099884
0.074688
0.070891
0.125084
0.136694
0.066949
0.119698
0.078871
0.049587
0.060439
0.054209
0.073603
0.065420
0.051382
0.071555
0.100875
0.059394
0.076026
0.076755
0.064297
0.069639
0.071242
0.097869
0.063638
0.127986
0.108926
0.086197
0.073074
0.089482
0.073738
0.107805
0.092502
0.087917
0.072751
0.069507
0.061310
0.097385
0.056128
0.079777
0.070829
0.087512
0.046503
0.044304
0.031329
0.068875
0.044459
0.049356
0.060066
0.052832
0.071680
0.130966
0.059366
0.105514
0.086968
0.094884
0.072514
0.070422
0.090592
0.070803
0.067849
0.075970
0.058614
0.051380
0.088100
0.064778
0.032279
0.061582
0.042252
0.041545
0.039556
0.071915
0.095019
0.112429
0.155079
0.114840
0.152638
0.077525
0.086290
0.194016
0.095953
0.090973
0.073870
0.085936
0.165941
0.058756
0.085115
0.071329
0.067731
0.061306
0.057899
0.056631
0.051402
0.050589
0.042615
0.053333
0.041591
0.085881
0.064721
0.082721
0.100985
0.082135
0.070943
0.065272
0.052131
0.071529
0.046406
0.084934
0.081420
0.082381
0.141126
0.126862
0.098487
0.067413
0.078744
0.062999
0.043063
0.084783
0.081993
0.069151
0.083610
0.074891
0.079902
0.059733
0.106312
0.120665
0.118834
0.068189
0.065593
0.097373
0.097027
0.122982
0.099887
0.063135
0.249004
0.105510
0.085801
0.064785
0.050583
0.031168
0.041737
0.056810
0.054957
0.039440
0.100549
0.073702
0.071128
0.125712
0.099039
0.074694
0.084270
0.083455
0.091079
0.115012
0.075392
0.073566
0.095908
0.112853
0.052472
0.063612
0.059697
0.051505
0.056373
0.039183
0.096352
0.033530
0.029473
0.036818
0.051310
0.048643
0.077001
0.099913
0.135040
0.135449
0.075416
0.077665
0.086240
0.045356
0.096898
0.082459
0.054855
0.081587
0.059688
0.103716
0.057206
0.034563
0.027603
0.071586
0.037029
0.041130
0.041320
0.066234
0.047900
0.037394
0.127412
0.104671
0.059764
0.069400
0.101058
0.074778
0.102958
0.112899
0.072839
0.051742
0.046722
0.089353
0.071716
0.065842
0.081400
0.080793
0.059530
0.048468
0.044961
0.033388
0.041176
0.046125
0.050860
0.073041
0.050480
0.097792
0.230614
0.090801
0.062710
0.078131
0.060794
0.088330
0.082712
0.162514
0.118447
0.077959
0.049790
0.070433
0.260496
0.132759
0.069307
0.061199
0.080896
0.079514
0.050193
0.082035
0.070368
0.058871
0.092164
0.054595
0.084621
0.174695
0.083237
0.068666
0.099341
0.099522
0.082611
0.066672
0.053189
0.068233
0.060480
0.048304
0.066792
0.046331
0.030074
0.044206
0.030638
0.040985
0.056724
0.036055
0.035112
0.083686
0.062589
0.067500
0.042244
0.065596
0.071378
0.057022
0.065966
0.061218
0.057995
0.064253
0.051990
0.049602
0.062382
0.049985
0.063981
0.062972
0.055245
0.052177
0.048183
0.036062
0.041286
0.037896
0.046097
0.081766
0.095651
0.088763
0.055565
0.054864
0.114354
0.136114
0.112345
0.131386
0.082154
0.133855
0.149825
0.102813
0.055872
0.082546
0.068246
0.112917
0.030005
0.045913
0.049496
0.054488
0.048949
0.058302
0.073121
0.069505
0.088036
0.071433
0.067406
0.106526
0.080687
0.075835
0.081195
0.138680
0.092500
0.129883
0.104913
0.068149
0.090338
0.092909
0.087755
0.111272
0.079012
0.069637
0.044728
0.074757
0.080135
0.054415
0.067152
0.055041
0.079151
0.103161
0.132037
0.095519
0.083420
0.081741
0.056823
0.074747
0.086931
0.052774
0.089720
0.105050
0.079093
0.096897
0.081654
0.068154
0.071509
0.061756
0.061143
0.081673
0.071858
0.056229
0.089132
0.117404
0.069677
0.049637
0.060573
0.050969
0.057415
0.060523
0.074221
0.071691
0.063526
0.077073
0.064064
0.091297
0.116403
0.094769
0.073334
0.059119
0.060885
0.053556
0.050278
0.068474
0.069816
0.054425
0.054516
0.085428
0.115639
0.082017
0.102847
0.109453
0.092591
0.074386
0.100803
0.072509
0.101661
0.075647
0.056693
0.052476
0.078660
0.056809
0.050325
0.061579
0.056750
0.063647
0.053624
0.042134
0.065151
0.055316
0.076833
0.065469
0.043604
0.050811
0.144289
0.060304
0.204391
0.115539
0.173319
0.260379
0.219289
0.102121
0.062219
0.070446
0.086541
0.050275
0.234217
0.081852
0.036242
0.037751
0.054389
0.046370
0.061860
0.039457
0.052902
0.058706
0.059225
0.045246
0.043333
0.029991
0.032135
0.044439
0.054350
0.043441
0.048124
0.031674
0.064894
0.050782
0.044590
0.064904
0.064424
0.075581
0.054552
0.056185
0.028849
0.030830
0.044297
0.050883
0.055827
0.095963
0.132126
0.157200
0.163090
0.175629
0.095202
0.156282
0.173277
0.147937
0.118322
0.111466
0.184362
0.159522
0.163968
0.160313
0.147098
0.162987
0.084641
0.092836
0.131841
0.123499
0.104838
0.090035
0.079427
0.146444
0.131595
0.121458
0.089760
0.103226
0.108508
0.087743
0.068158
0.074154
0.145809
0.132666
0.090718
0.105084
0.094845
0.069048
0.083815
0.060931
0.091603
0.109100
0.062117
0.072305
0.074264
0.086128
0.088989
0.109331
0.115532
0.131985
0.104853
0.183708
0.141788
0.141926
0.104793
0.065476
0.092256
0.117336
0.173871
0.105060
0.181620
0.164998
0.116181
0.192090
0.074924
0.067123
0.097182
0.065359
0.111958
0.106033
0.087624
0.096349
0.087504
0.106691
0.138423
0.099767
0.170733
0.107154
0.149319
0.128352
0.109975
0.096053
0.150280
0.170579
0.125253
0.147134
0.156894
0.094373
0.077775
0.059049
0.071832
0.137263
0.094076
0.162982
0.116253
0.178629
0.144104
0.146563
0.085347
0.177155
0.143779
0.137005
0.176083
0.167184
0.116192
0.094122
0.130760
0.155553
0.298093
0.275958
0.157315
0.156543
0.054777
0.075551
0.060713
0.077393
0.107699
0.117359
0.066900
0.098187
0.146101
0.248747
0.167787
0.237945
0.185148
0.227736
0.287465
0.189557
0.122817
0.127429
0.150702
0.114219
0.109228
0.128159
0.144482
0.077938
0.075099
0.090829
0.089490
0.092622
0.048227
0.073749
0.063505
0.102169
0.157580
0.187775
0.116282
0.172634
0.161136
0.114331
0.123075
0.172889
0.134420
0.132804
0.122609
0.100505
0.182886
0.119221
0.108336
0.059995
0.081295
0.059653
0.075467
0.093425
0.064470
0.073183
0.055959
0.100254
0.178967
0.128103
0.105828
0.148614
0.092772
0.100846
0.105263
0.075263
0.065101
0.109956
0.059089
0.055982
0.065560
0.060397
0.091013
0.064340
0.032255
0.065409
0.063277
0.056509
0.069408
0.063596
0.100550
0.082129
0.095725
0.056892
0.131875
0.133020
0.073085
0.069153
0.092752
0.096980
0.075162
0.105210
0.104635
0.104908
0.084539
0.072084
0.054580
0.078352
0.074535
0.040435
0.077110
0.059544
0.075643
0.076763
0.069693
0.076339
0.138276
0.144551
0.116281
0.123063
0.093308
0.116366
0.097331
0.097140
0.069524
0.074067
0.106553
0.070647
0.091284
0.097568
0.060469
0.067278
0.050937
0.068372
0.065881
0.098396
0.076382
0.093693
0.132834
0.119017
0.057000
0.079604
0.100353
0.066996
0.091768
0.069091
0.133679
0.089875
0.061215
0.056206
0.086397
0.095687
0.087620
0.089447
0.092207
0.061939
0.083639
0.044713
0.037566
0.037844
0.043532
0.042073
0.062376
0.058069
0.072915
0.037417
0.061283
0.054396
0.034794
0.064086
0.051810
0.046169
0.062052
0.078697
0.088023
0.080295
0.240596
0.071993
0.071516
0.065803
0.057974
0.054190
0.065295
0.069685
0.043617
0.228922
0.060433
0.065810
0.084461
0.158028
0.214266
0.071642
0.093773
0.082623
0.046974
0.111853
0.064768
0.080724
0.059935
0.048343
0.053657
0.092952
0.086807
0.065315
0.033085
0.047642
0.029846
0.049514
0.052624
0.057518
0.081781
0.053834
0.051750
0.044542
0.036579
0.025266
0.036557
0.033817
0.040452
0.046331
0.048758
0.050987
0.039820
0.043587
0.046440
0.046433
0.057302
0.052748
0.071061
0.062824
0.049639
0.041300
0.036558
0.050422
0.052161
0.049517
0.044044
0.084873
0.053217
0.047565
0.043186
0.050119
0.066439
0.051614
0.067298
0.070315
0.064537
0.076132
0.071811
0.080643
0.077681
0.166215
0.043923
0.045356
0.053958
0.058242
0.031212
0.046781
0.052526
0.060341
0.054156
0.049542
0.072503
0.080002
0.054362
0.065561
0.047959
0.087721
0.091246
0.072477
0.071487
0.102305
0.092388
0.130743
0.105777
0.049794
0.053679
0.050116
0.029068
0.037604
0.045557
0.058862
0.046824
0.068395
0.074766
0.062757
0.033348
0.071890
0.057909
0.046943
0.055661
0.058251
0.046085
0.056403
0.055708
0.079989
0.056404
0.148456
0.070071
0.056981
0.050148
0.033739
0.051223
0.041073
0.029005
0.058154
0.050618
0.043073
0.101586
0.040247
0.058765
0.063426
0.033149
0.057724
0.049902
0.055074
0.046086
0.039790
0.053305
0.059462
0.139047
0.137347
0.057246
0.056081
0.036957
0.029033
0.041632
0.036426
0.063856
0.058571
0.073420
0.064916
0.073731
0.053812
0.037432
0.052869
0.050933
0.045171
0.053162
0.059014
0.056217
0.042502
0.065669
0.082441
0.202017
0.066518
0.090209
0.060576
0.055750
0.054319
0.060764
0.052546
0.039656
0.054785
0.061210
0.092486
0.184687
0.091738
0.049585
0.090797
0.137840
0.166392
0.148942
0.045249
0.055040
0.070478
0.089308
0.060266
0.059089
0.064070
0.088745
0.080494
0.049559
0.054037
0.069048
0.050114
0.050664
0.084743
0.060387
0.103623
0.072807
0.076202
0.122500
0.107469
0.046656
0.083549
0.057663
0.087648
0.044018
0.070453
0.077506
0.067074
0.065477
0.063362
0.053989
0.055732
0.045057
0.061731
0.054747
0.047313
0.045242
0.066333
0.055663
0.061653
0.066031
0.059743
0.093582
0.223168
0.046943
0.072875
0.055467
0.058800
0.045932
0.045860
0.059993
0.067089
0.075220
0.072755
0.075117
0.085117
0.069522
0.070089
0.058648
0.045045
0.065995
0.062020
0.052876
0.053937
0.062804
0.091600
0.093597
0.101659
0.067306
0.064320
0.046181
0.087046
0.047426
0.064760
0.066815
0.050662
0.081981
0.068932
0.057922
0.068745
0.047705
0.051761
0.057566
0.054364
0.032949
0.055928
0.058679
0.053452
0.073320
0.050017
0.077005
0.164925
0.082295
0.090439
0.079825
0.088449
0.088607
0.065422
0.071035
0.083415
0.066769
0.098549
0.064527
0.095850
0.061847
0.062398
0.073508
0.080111
0.078706
0.038487
0.073647
0.070317
0.091487
0.066519
0.071057
0.094326
0.065059
0.075570
0.084625
0.054626
0.052834
0.142232
0.066958
0.088908
0.102316
0.086175
0.113035
0.081753
0.072305
0.059346
0.065325
0.058693
0.068575
0.055060
0.090028
0.085571
0.097530
0.112576
0.152448
0.158568
0.196932
0.105918
0.110425
0.152399
0.085158
0.094413
0.102092
0.127727
0.117693
0.133360
0.105975
0.126051
0.098900
0.080112
0.050803
0.071204
0.051676
0.070726
0.057523
0.068200
0.265007
0.269880
0.156829
0.212907
0.252485
0.171784
0.125551
0.112549
0.116305
0.120457
0.092047
0.098452
0.077943
0.052788
0.102252
0.073301
0.081404
0.050159
0.095702
0.082465
0.055706
0.103464
0.052924
0.101516
0.071817
0.146635
0.091579
0.124963
0.073829
0.057570
0.078629
0.056914
0.080107
0.033058
0.080794
0.091440
0.065355
0.066457
0.090476
0.039830
0.044296
0.044842
0.041316
0.041113
0.077286
0.054153
0.054077
0.049955
0.049726
0.127162
0.110419
0.098920
0.086529
0.101071
0.129840
0.060837
0.111928
0.052125
0.084230
0.098784
0.092444
0.116380
0.097972
0.073579
0.032806
0.056608
0.047108
0.041051
0.069045
0.083470
0.035717
0.057287
0.056719
0.106635
0.075002
0.068153
0.052908
0.074304
0.052801
0.052911
0.125931
0.099161
0.064037
0.074883
0.050228
0.042578
0.046101
0.046887
0.051202
0.037467
0.043867
0.052327
0.035561
0.061867
0.070606
0.057298
0.039752
0.060230
0.047530
0.066339
0.067528
0.067818
0.082612
0.050045
0.058054
0.050786
0.076761
0.093422
0.067278
0.067601
0.102610
0.076716
0.064760
0.050675
0.052731
0.039888
0.056362
0.060215
0.049747
0.089196
0.057104
0.052189
0.055266
0.058633
0.063759
0.036431
0.064668
0.041336
0.081954
0.077191
0.064682
0.049261
0.055998
0.064004
0.069658
0.065242
0.050896
0.037343
0.045081
0.051500
0.063384
0.055062
0.069367
0.050394
0.076899
0.059220
0.076739
0.080100
0.158095
0.066140
0.118888
0.079009
0.054124
0.056654
0.033292
0.034368
0.067478
0.062122
0.076390
0.053088
0.054523
0.045122
0.029710
0.050906
0.048573
0.063548
0.061980
0.057899
0.056784
0.074111
0.068042
0.063020
0.029414
0.030238
0.049465
0.042050
0.039680
0.057530
0.049611
0.053363
0.055963
0.067001
0.059594
0.063159
0.067385
0.030926
0.046427
0.056110
0.048703
0.068970
0.061593
0.057989
0.055656
0.209264
0.121018
0.041717
0.069598
0.057725
0.164674
0.068295
0.072427
0.050197
0.245729
0.102832
0.096910
0.102861
0.151781
0.113200
0.071786
0.077852
0.062147
0.031830
0.049763
0.073723
0.045612
0.037547
0.070148
0.051988
0.068833
0.079467
0.120208
0.048827
0.096313
0.108931
0.063773
0.087341
0.072775
0.074206
0.072954
0.071486
0.112395
0.055793
0.044708
0.058472
0.052192
0.040072
0.072443
0.072990
0.073324
0.059606
0.061563
0.058877
0.053980
0.050467
0.051773
0.056031
0.060015
0.056830
0.084714
0.099052
0.120068
0.080898
0.073506
0.092690
0.096726
0.106788
0.089698
0.038898
0.039353
0.051918
0.052750
0.070206
0.087974
0.064527
0.040103
0.088114
0.046158
0.051307
0.056534
0.038851
0.046951
0.044290
0.069953
0.119581
0.146824
0.125686
0.199130
0.219163
0.185642
0.220479
0.171846
0.180187
0.218981
0.193154
0.147486
0.231596
0.241039
0.283113
0.146140
0.295847
0.115383
0.156464
0.121652
0.194604
0.197531
0.171949
0.194528
0.164139
0.123778
0.101038
0.162272
0.195288
0.181145
0.115000
0.115531
0.156910
0.138063
0.096806
0.120422
0.165834
0.151722
0.108778
0.211573
0.252490
0.241566
0.289066
0.370192
0.208800
0.209578
0.356242
0.351051
0.349637
0.267334
0.187422
0.326242
0.369945
0.247384
0.269728
0.237864
0.110277
0.100541
0.056312
0.084705
0.081311
0.186372
0.181360
0.107226
0.301400
0.292104
0.308955
0.228944
0.090746
0.149890
0.158316
0.123442
0.194458
0.276032
0.156770
0.147297
0.093459
0.156324
0.133903
0.056220
0.143209
0.088019
0.067290
0.076057
0.067335
0.068365
0.081842
0.142767
0.178363
0.276406
0.151775
0.184983
0.161789
0.100657
0.229408
0.095298
0.209967
0.226400
0.150188
0.108162
0.182722
0.087486
0.073355
0.066374
0.075257
0.060433
0.073003
0.047594
0.065507
0.058212
0.075343
0.188632
0.129409
0.139325
0.087151
0.119188
0.128416
0.092608
0.087494
0.070267
0.090556
0.201285
0.249539
0.268852
0.121494
0.161553
0.072258
0.057148
0.077524
0.086360
0.071036
0.076100
0.044811
0.077044
0.046046
0.146021
0.163886
0.103737
0.084052
0.148421
0.145006
0.177968
0.176953
0.143405
0.195547
0.147971
0.189451
0.189440
0.245186
0.223024
0.172163
0.196291
0.080288
0.102278
0.068334
0.106306
0.113273
0.109250
0.093677
0.256331
0.143208
0.184779
0.164934
0.150452
0.125750
0.174453
0.148703
0.102823
0.133608
0.146156
0.127512
0.104782
0.156013
0.263727
0.197662
0.228765
0.147507
0.112332
0.067237
0.065546
0.082983
0.066312
0.107401
0.082514
0.120738
0.313101
0.178165
0.195930
0.217532
0.222654
0.256982
0.146862
0.129107
0.123878
0.154063
0.158202
0.168790
0.199370
0.150130
0.203405
0.198677
0.162869
0.168673
0.178864
0.155137
0.223155
0.246989
0.175835
0.316119
0.249312
0.217451
0.276909
0.198149
0.200979
0.193106
0.171237
0.222408
0.174937
0.434808
0.319460
0.422083
0.440816
0.315257
0.284691
0.159335
0.238738
0.156691
0.126161
0.188068
0.204788
0.269413
0.161761
0.211529
0.298755
0.227869
0.276249
0.257858
0.175561
0.234344
0.243602
0.303797
0.251059
0.288675
0.436996
0.296579
0.274940
0.418934
0.257144
0.172357
0.154977
0.190694
0.147193
0.126273
0.155615
0.188731
0.195845
0.171835
0.238698
0.178089
0.173415
0.165325
0.153804
0.253307
0.133486
0.164947
0.206149
0.182140
0.256787
0.229151
0.201034
0.138914
0.133843
0.197591
0.160615
0.164779
0.147083
0.152215
0.174304
0.115943
0.240060
0.312572
0.311719
0.311794
0.306569
0.244470
0.217659
0.302876
0.182662
0.322979
0.284048
0.259592
0.394278
0.322739
0.298789
0.221397
0.178166
0.142949
0.133698
0.190532
0.110138
0.124734
0.095704
0.119893
0.107832
0.119952
0.154546
0.190589
0.227781
0.180816
0.226365
0.098428
0.242060
0.153627
0.224775
0.101564
0.126173
0.087722
0.072205
0.130921
0.123615
0.069604
0.055314
0.070756
0.074461
0.077889
0.102555
0.075950
0.077643
0.074510
0.248443
0.273779
0.183214
0.186258
0.191490
0.206019
0.211600
0.280978
0.158195
0.251683
0.119005
0.192702
0.090779
0.143243
0.122336
0.096110
0.119399
0.110227
0.083253
0.178286
0.055056
0.098930
0.181256
0.212591
0.192097
0.134401
0.216107
0.095170
0.261399
0.217319
0.125933
0.207947
0.123349
0.148577
0.112042
0.135391
0.112443
0.127312
0.089493
0.078541
0.096198
0.106063
0.081862
0.086104
0.099327
0.100501
0.179992
0.164324
0.156882
0.268265
0.159984
0.125719
0.211630
0.249407
0.191556
0.146443
0.132786
0.192617
0.126832
0.117518
0.155118
0.129845
0.069092
0.110931
0.161434
0.131049
0.116263
0.201482
0.156721
0.193398
0.129563
0.113452
0.104365
0.253114
0.222958
0.151648
0.154789
0.120452
0.127212
0.116379
0.095888
0.083490
0.077649
0.089416
0.131955
0.116101
0.092120
0.088875
0.067989
0.087567
0.059327
0.074636
0.082911
0.075621
0.118606
0.102476
0.130213
0.107613
0.118018
0.079101
0.107781
0.082618
0.088255
0.081063
0.077606
0.127407
0.086409
0.101121
0.120416
0.079705
0.081372
0.061108
0.055201
0.083858
0.098625
0.095745
0.070901
0.076751
0.153689
0.185248
0.109830
0.182431
0.118747
0.143977
0.127810
0.138540
0.222440
0.187767
0.112030
0.179129
0.293118
0.148508
0.171571
0.161308
0.080678
0.086522
0.071663
0.093103
0.072647
0.099202
0.066596
0.061256
0.097320
0.067732
0.094385
0.086477
0.108761
0.104626
0.098556
0.086904
0.084790
0.095277
0.164818
0.217851
0.208159
0.194993
0.138406
0.193983
0.175892
0.077954
0.079064
0.096643
0.066986
0.069266
0.099029
0.088047
0.202331
0.129730
0.110386
0.109337
0.143466
0.099551
0.141738
0.120430
0.155334
0.103049
0.173526
0.072021
0.135463
0.107965
0.110617
0.186958
0.085396
0.083600
0.079991
0.058901
0.078536
0.095405
0.064351
0.125583
0.098900
0.106084
0.124878
0.161901
0.113635
0.094814
0.117312
0.113831
0.104905
0.082349
0.107993
0.099755
0.141274
0.078942
0.145640
0.162340
0.040454
0.058277
0.054497
0.063580
0.056906
0.044136
0.065542
0.051148
0.053389
0.084845
0.092664
0.078305
0.068673
0.057903
0.096556
0.118512
0.085734
0.056833
0.066611
0.056690
0.061293
0.085965
0.090163
0.084309
0.061145
0.053358
0.029379
0.051058
0.025958
0.064953
0.048351
0.071997
0.067937
0.114083
0.145922
0.095330
0.115087
0.090502
0.099968
0.090660
0.068064
0.093845
0.077548
0.080301
0.058538
0.084869
0.063036
0.085577
0.085029
0.064107
0.061108
0.043908
0.054516
0.059224
0.041834
0.077761
0.093965
0.114813
0.107977
0.115376
0.094593
0.098270
0.061932
0.080788
0.068525
0.066612
0.099020
0.100296
0.079644
0.088338
0.098433
0.132762
0.056511
0.075049
0.044680
0.041056
0.041319
0.049262
0.043697
0.049973
0.067492
0.086509
0.083983
0.086155
0.106686
0.115333
0.128906
0.236890
0.098067
0.167708
0.087307
0.179527
0.124659
0.093901
0.130134
0.076541
0.113225
0.070085
0.059552
0.068340
0.064723
0.063569
0.084093
0.053534
0.092046
0.099836
0.174850
0.149585
0.112255
0.267960
0.116346
0.211995
0.334628
0.219731
0.140424
0.233297
0.165992
0.141025
0.128217
0.201699
0.150974
0.105081
0.106754
0.093945
0.052868
0.065902
0.076930
0.084122
0.124384
0.126291
0.168136
0.131563
0.083673
0.164239
0.185065
0.131925
0.120217
0.111972
0.071832
0.191284
0.071418
0.068181
0.110270
0.107178
0.077693
0.097834
0.078512
0.082326
0.082652
0.068396
0.083436
0.118997
0.091719
0.142720
0.078389
0.063512
0.108850
0.101977
0.133092
0.098513
0.166270
0.100251
0.101037
0.071182
0.059205
0.064328
0.085654
0.081490
0.072093
0.057822
0.060899
0.072283
0.066065
0.083166
0.053982
0.103400
0.109686
0.158548
0.129197
0.276752
0.143572
0.101294
0.113350
0.091816
0.079180
0.227634
0.119273
0.189037
0.160123
0.147289
0.222312
0.123743
0.089649
0.101128
0.076668
0.070870
0.068575
0.088120
0.072069
0.079130
0.103659
0.140020
0.414734
0.223065
0.149419
0.125232
0.193017
0.110377
0.106531
0.110753
0.127956
0.122318
0.123410
0.124317
0.116437
0.064502
0.102539
0.085403
0.095448
0.085262
0.069033
0.064188
0.078640
0.087276
0.171694
0.184043
0.138306
0.147831
0.101895
0.097674
0.215182
0.226318
0.128298
0.245102
0.150077
0.154401
0.124918
0.135954
0.103935
0.079431
0.095846
0.112426
0.076643
0.114001
0.057052
0.073811
0.066770
0.147350
0.231175
0.127755
0.186192
0.134862
0.241723
0.380149
0.258432
0.278190
0.327360
0.220975
0.306621
0.205967
0.309574
0.181578
0.200911
0.152073
0.125135
0.066307
0.059454
0.101773
0.067549
0.057837
0.093310
0.092237
0.125476
0.141762
0.186220
0.157147
0.119853
0.191234
0.182425
0.182924
0.174215
0.205362
0.202932
0.257075
0.277677
0.121756
0.331759
0.184200
0.240143
0.200796
0.096625
0.116027
0.256292
0.135585
0.139601
0.180297
0.156901
0.250175
0.447734
0.385495
0.376567
0.224593
0.347612
0.248520
0.305512
0.227379
0.277657
0.315894
0.237583
0.246590
0.188188
0.191774
0.228798
0.116617
0.169432
0.227953
0.062713
0.052956
0.075028
0.126420
0.167985
0.182263
0.358274
0.365615
0.301967
0.294840
0.244201
0.306861
0.198875
0.307266
0.241814
0.236846
0.218977
0.228964
0.149933
0.166734
0.136048
0.216508
0.077233
0.052842
0.066585
0.054222
0.043585
0.101088
0.139437
0.190316
0.212078
0.173508
0.134955
0.256830
0.156196
0.266237
0.136570
0.304570
0.178087
0.199395
0.156595
0.275528
0.176742
0.214322
0.121641
0.141360
0.094043
0.068628
0.070669
0.063387
0.075564
0.057490
0.131565
0.137454
0.228483
0.420130
0.189584
0.200904
0.319464
0.138927
0.204601
0.156899
0.253215
0.115493
0.159975
0.165991
0.243058
0.223433
0.319644
0.275821
0.277170
0.257296
0.113361
0.121646
0.098254
0.208064
0.382048
0.208460
0.186440
0.315056
0.196744
0.199698
0.142165
0.253319
0.161759
0.326859
0.186806
0.098893
0.179957
0.112521
0.165284
0.116628
0.105451
0.062958
0.080691
0.138017
0.154816
0.058253
0.065261
0.125663
0.181794
0.110751
0.175623
0.238239
0.084347
0.144742
0.121946
0.234112
0.244641
0.312875
0.247887
0.188403
0.253993
0.218809
0.194078
0.219467
0.224089
0.226970
0.201971
0.151797
0.127636
0.088938
0.181041
0.205841
0.262812
0.210976
0.280168
0.411233
0.270946
0.426159
0.412991
0.318106
0.230396
0.278213
0.257214
0.163924
0.251055
0.262846
0.157435
0.141091
0.117329
0.136072
0.215504
0.068815
0.073639
0.081111
0.074560
0.059032
0.132557
0.121284
0.262901
0.157173
0.124843
0.077694
0.140816
0.159347
0.153515
0.325410
0.200966
0.141482
0.178549
0.133121
0.219735
0.099032
0.129366
0.078388
0.090209
0.075875
0.051755
0.081535
0.058324
0.042904
0.078602
0.137481
0.135534
0.106051
0.137847
0.153282
0.178645
0.213513
0.104789
0.313662
0.156086
0.304874
0.278394
0.218897
0.189655
0.362577
0.122426
0.116554
0.253224
0.105359
0.070552
0.051772
0.081694
0.062219
0.163835
0.265970
0.267742
0.241010
0.352705
0.344844
0.295457
0.187284
0.278095
0.268770
0.131041
0.268764
0.236440
0.356577
0.154858
0.174488
0.118865
0.117143
0.212999
0.155291
0.091567
0.214609
0.150465
0.090550
0.223312
0.218533
0.250608
0.264425
0.232762
0.131125
0.176246
0.274506
0.270918
0.266827
0.259236
0.256155
0.212814
0.194685
0.219823
0.202358
0.356981
0.130220
0.181434
0.113661
0.134527
0.110413
0.136926
0.143014
0.154155
0.256896
0.343321
0.333558
0.248812
0.214478
0.332841
0.315904
0.218800
0.346236
0.275832
0.309612
0.182904
0.234086
0.460870
0.545477
0.595500
0.384518
0.261073
0.216177
0.185083
0.106145
0.148405
0.205881
0.174581
0.187830
0.203973
0.199866
0.275102
0.300628
0.251593
0.217853
0.335766
0.255382
0.229619
0.318370
0.320716
0.197460
0.156262
0.145292
0.100735
0.132834
0.269960
0.072119
0.058557
0.092694
0.219919
0.236392
0.233196
0.183949
0.240591
0.242993
0.173446
0.209534
0.203757
0.274889
0.351662
0.334177
0.175072
0.171830
0.226137
0.212438
0.288490
0.382193
0.222971
0.253551
0.179112
0.135307
0.101877
0.151383
0.103386
0.134869
0.247900
0.455314
0.341229
0.190946
0.267193
0.265188
0.262088
0.391549
0.212984
0.204662
0.338043
0.200013
0.361276
0.226453
0.217027
0.309680
0.282971
0.115470
0.183247
0.188672
0.128799
0.155099
0.128057
0.160142
0.109578
0.289956
0.229867
0.158475
0.175801
0.174996
0.259278
0.321616
0.121985
0.163682
0.164798
0.156199
0.178364
0.136381
0.139048
0.142842
0.178805
0.100371
0.248509
0.094971
0.091381
0.116523
0.102367
0.132440
0.127486
0.148373
0.140903
0.131902
0.289991
0.175357
0.159138
0.131711
0.117650
0.291142
0.187828
0.181632
0.236693
0.221125
0.232955
0.176143
0.120211
0.090391
0.067819
0.055000
0.050020
0.086190
0.074309
0.061520
0.117755
0.166651
0.118565
0.214550
0.172916
0.136405
0.152688
0.188910
0.171416
0.088461
0.083869
0.147633
0.164340
0.153759
0.137033
0.108361
0.074074
0.198325
0.159895
0.071763
0.065944
0.044976
0.047885
0.068836
0.141329
0.183075
0.235413
0.237579
0.104713
0.125949
0.133825
0.172038
0.247119
0.111113
0.245428
0.123308
0.118481
0.055820
0.098094
0.119527
0.115104
0.094993
0.081731
0.053365
0.076712
0.082406
0.086594
0.066721
0.125970
0.185535
0.160964
0.193267
0.124383
0.126441
0.122130
0.121464
0.124237
0.212273
0.163726
0.142475
0.127590
0.086996
0.154804
0.138897
0.057822
0.064384
0.124791
0.176415
0.084361
0.071385
0.159977
0.221717
0.206348
0.083430
0.079642
0.175669
0.081289
0.156285
0.127278
0.173830
0.246126
0.335823
0.133412
0.172325
0.176262
0.302011
0.341384
0.163357
0.123649
0.219505
0.177054
0.059096
0.117049
0.066917
0.097023
0.090472
0.177906
0.276567
0.167102
0.161660
0.190895
0.275781
0.186117
0.177079
0.132751
0.249405
0.285063
0.111933
0.151172
0.133526
0.205508
0.225809
0.193196
0.110466
0.102925
0.096951
0.081769
0.090268
0.102783
0.106626
0.079104
0.079414
0.150476
0.173941
0.109713
0.132952
0.189870
0.151927
0.208943
0.187687
0.339189
0.276309
0.271577
0.234524
0.218163
0.127649
0.077287
0.091278
0.095210
0.234377
0.073388
0.061035
0.087032
0.160139
0.112830
0.214880
0.171231
0.112153
0.128316
0.080246
0.120129
0.093441
0.111691
0.176154
0.082834
0.171216
0.101539
0.139712
0.120621
0.089013
0.108394
0.071998
0.152392
0.281378
0.083588
0.050406
0.073176
0.055476
0.129378
0.322963
0.304366
0.252697
0.147316
0.319040
0.179906
0.294830
0.165565
0.293351
0.231818
0.153074
0.184088
0.101620
0.180528
0.133903
0.088981
0.110474
0.091718
0.057763
0.050663
0.062017
0.114973
0.077717
0.205016
0.269680
0.243630
0.182878
0.164665
0.177910
0.228385
0.217124
0.341705
0.152386
0.141516
0.129521
0.120702
0.264109
0.222272
0.099969
0.247824
0.150120
0.132283
0.076729
0.109081
0.090286
0.082093
0.070791
0.158048
0.251753
0.270827
0.240166
0.117753
0.161222
0.211239
0.239318
0.266367
0.257661
0.130971
0.192075
0.113225
0.145148
0.119734
0.093174
0.148599
0.227098
0.082155
0.078405
0.084198
0.181473
0.067316
0.108350
0.217274
0.265366
0.206932
0.131171
0.232000
0.312343
0.165058
0.209041
0.166217
0.220344
0.200592
0.163386
0.163118
0.168486
0.149598
0.113433
0.163304
0.078190
0.042075
0.088360
0.092344
0.138241
0.092895
0.079443
0.115255
0.125686
0.145780
0.155082
0.241755
0.235739
0.109382
0.099931
0.159253
0.148531
0.110256
0.148003
0.122036
0.153460
0.098373
0.086391
0.050350
0.063672
0.082734
0.071677
0.074248
0.059756
0.065973
0.058288
0.073542
0.113488
0.129585
0.129860
0.090059
0.081981
0.164702
0.098806
0.136420
0.124424
0.063845
0.136190
0.118192
0.121117
0.149367
0.092030
0.067514
0.079645
0.062220
0.056029
0.070897
0.113763
0.082232
0.079894
0.079247
0.080744
0.080044
0.097268
0.076756
0.101256
0.060519
0.118323
0.081627
0.078319
0.096885
0.076051
0.075713
0.068679
0.080495
0.087470
0.058551
0.057311
0.043247
0.047293
0.064335
0.061954
0.057074
0.072405
0.063591
0.061871
0.114845
0.093214
0.073686
0.088501
0.075177
0.085848
0.057233
0.100124
0.070629
0.089703
0.090155
0.138153
0.103427
0.107991
0.072804
0.082532
0.049903
0.045076
0.050762
0.053270
0.067351
0.073331
0.092988
0.148324
0.164738
0.202519
0.153467
0.115797
0.147666
0.103245
0.161810
0.074845
0.074550
0.138601
0.090458
0.176026
0.119147
0.092006
0.062640
0.056993
0.060735
0.051945
0.055802
0.065521
0.084884
0.094734
0.052043
0.162153
0.274222
0.248857
0.144404
0.123690
0.146680
0.168735
0.149222
0.194324
0.111594
0.159072
0.126873
0.197362
0.104781
0.143781
0.071142
0.080763
0.057914
0.089381
0.058867
0.072512
0.051245
0.091369
0.116264
0.098735
0.058014
0.094717
0.079009
0.068784
0.062013
0.044563
0.147989
0.063185
0.084784
0.044430
0.047900
0.073393
0.126070
0.060097
0.042451
0.062958
0.042618
0.063035
0.065725
0.056154
0.091518
0.059059
0.082087
0.207581
0.191581
0.235537
0.136087
0.067639
0.169692
0.110385
0.157724
0.152076
0.075909
0.292804
0.130380
0.099085
0.079610
0.117176
0.090140
0.062490
0.105585
0.088926
0.039834
0.061207
0.057481
0.095908
0.099312
0.129615
0.139964
0.224001
0.121170
0.232271
0.155438
0.181987
0.132970
0.158928
0.126445
0.101342
0.129237
0.170565
0.156833
0.115581
0.137269
0.092618
0.070102
0.062094
0.080777
0.105969
0.056873
0.083104
0.179994
0.167283
0.210815
0.157402
0.129170
0.077503
0.139017
0.129797
0.148789
0.117725
0.074771
0.166958
0.115212
0.099176
0.082851
0.108418
0.098083
0.085560
0.073042
0.053250
0.042202
0.057102
0.045022
0.051286
0.140875
0.118953
0.086095
0.193235
0.093829
0.104049
0.276974
0.169064
0.166525
0.213260
0.081773
0.120612
0.076225
0.079430
0.103883
0.110257
0.077183
0.087322
0.083221
0.067248
0.063247
0.064758
0.086527
0.091057
0.105853
0.083918
0.135702
0.057911
0.110986
0.156362
0.187208
0.187739
0.240467
0.195001
0.165984
0.141414
0.179972
0.208390
0.190208
0.101837
0.079766
0.058043
0.079273
0.057938
0.074661
0.068680
0.080727
0.087736
0.100763
0.090717
0.069442
0.099791
0.068199
0.078068
0.122796
0.159626
0.091791
0.123356
0.071734
0.095711
0.141362
0.136067
0.112647
0.185764
0.090675
0.052986
0.059836
0.051134
0.056529
0.068176
0.049491
0.070806
0.061608
0.052242
0.073562
0.085676
0.106540
0.102741
0.112069
0.104919
0.109419
0.103517
0.097772
0.174099
0.171626
0.245480
0.154285
0.153908
0.151884
0.059218
0.073518
0.067630
0.046158
0.045032
0.060626
0.074671
0.097199
0.211482
0.073913
0.119491
0.077534
0.111206
0.085968
0.113058
0.183459
0.121160
0.121773
0.124672
0.123670
0.157650
0.141672
0.202539
0.145423
0.068570
0.059638
0.071126
0.046380
0.077626
0.068798
0.070035
0.088349
0.071772
0.080433
0.094081
0.207750
0.116555
0.149220
0.164082
0.149045
0.237263
0.183828
0.072562
0.102097
0.168771
0.139659
0.151896
0.073524
0.069818
0.047040
0.079539
0.063198
0.067549
0.082899
0.103238
0.161369
0.150192
0.122881
0.189001
0.145732
0.258122
0.280837
0.152206
0.195914
0.185202
0.142069
0.127100
0.119898
0.151395
0.218034
0.269573
0.135873
0.096391
0.094690
0.067982
0.110528
0.080953
0.092699
0.060699
0.342789
0.211880
0.329563
0.176503
0.170218
0.200320
0.138938
0.102054
0.318407
0.219506
0.165437
0.187635
0.328449
0.158205
0.185055
0.237094
0.207038
0.191177
0.078804
0.156583
0.064509
0.086269
0.075192
0.061726
0.063223
0.139393
0.368727
0.143163
0.130787
0.248611
0.220165
0.249438
0.264647
0.154950
0.096976
0.218651
0.177940
0.202779
0.155695
0.088524
0.148187
0.101153
0.068086
0.039335
0.042505
0.054972
0.076120
0.071575
0.061100
0.092251
0.110570
0.096331
0.132742
0.273532
0.137603
0.135233
0.130278
0.196673
0.162431
0.147463
0.192932
0.220800
0.185558
0.095780
0.127733
0.064181
0.073886
0.058902
0.071160
0.060105
0.063552
0.087595
0.125934
0.093257
0.167887
0.107771
0.143802
0.102686
0.083990
0.076858
0.079928
0.145912
0.131999
0.091236
0.182612
0.179051
0.121983
0.077090
0.087018
0.057587
0.051822
0.059805
0.056777
0.060322
0.066770
0.088990
0.073042
0.077166
0.215129
0.081486
0.076368
0.087350
0.089735
0.071155
0.055395
0.072086
0.105418
0.099787
0.085157
0.109596
0.104770
0.055730
0.071348
0.061576
0.046621
0.096747
0.063909
0.059766
0.048216
0.071433
0.081124
0.074684
0.091730
0.091025
0.091546
0.082913
0.089737
0.107882
0.115482
0.193050
0.148211
0.160251
0.073418
0.106640
0.096067
0.200818
0.119776
0.069089
0.076543
0.041631
0.057647
0.054822
0.065672
0.080563
0.080363
0.108308
0.119152
0.159919
0.113602
0.081204
0.145298
0.158381
0.117335
0.064464
0.069360
0.134937
0.110693
0.087739
0.146047
0.114315
0.077404
0.070030
0.045790
0.052646
0.062434
0.071766
0.070952
0.086578
0.102211
0.096663
0.107665
0.152539
0.277628
0.175805
0.129436
0.419008
0.269652
0.142023
0.126043
0.238793
0.146524
0.148435
0.256304
0.182542
0.206578
0.062750
0.082783
0.046630
0.057123
0.063708
0.081203
0.076457
0.132810
0.115145
0.194874
0.106801
0.076388
0.061556
0.112668
0.106759
0.075485
0.151025
0.077744
0.149839
0.158999
0.201803
0.189803
0.094975
0.063023
0.072920
0.065270
0.067616
0.051454
0.074589
0.046769
0.055167
0.109999
0.103458
0.111534
0.145099
0.172772
0.116420
0.129086
0.219841
0.356860
0.187583
0.307701
0.191452
0.136363
0.192013
0.191292
0.198318
0.079239
0.051313
0.044096
0.057492
0.062426
0.067610
0.046367
0.043764
0.116746
0.194489
0.089303
0.105279
0.148126
0.162289
0.130179
0.285932
0.169409
0.174220
0.138227
0.177388
0.206175
0.212001
0.119768
0.125031
0.149108
0.065071
0.041756
0.081059
0.072137
0.079648
0.165789
0.069209
0.067268
0.117705
0.160559
0.101504
0.123611
0.080313
0.076876
0.090158
0.062718
0.103230
0.048983
0.115743
0.108398
0.095982
0.084201
0.066091
0.058284
0.069631
0.050390
0.050778
0.058709
0.071285
0.074598
0.071873
0.117196
0.092500
0.038664
0.106182
0.096293
0.087634
0.048146
0.092776
0.058190
0.053653
0.102738
0.108909
0.073634
0.071250
0.055382
0.061644
0.056441
0.068110
0.039395
0.053883
0.064116
0.060560
0.085397
0.085511
0.084274
0.067917
0.068376
0.070322
0.093574
0.091795
0.063938
0.120283
0.136256
0.106966
0.154021
0.080859
0.102884
0.092602
0.136050
0.122220
0.104531
0.061258
0.066733
0.103659
0.092854
0.072420
0.048581
0.081500
0.082409
0.143592
0.231084
0.118226
0.075099
0.136757
0.169221
0.129340
0.157597
0.213096
0.174976
0.098137
0.110264
0.074541
0.087648
0.131329
0.049448
0.067671
0.085202
0.051172
0.057371
0.065067
0.073819
0.072065
0.109800
0.086770
0.138687
0.153310
0.130523
0.153246
0.143695
0.162449
0.202923
0.190108
0.142501
0.072743
0.116077
0.164205
0.172375
0.159414
0.091829
0.058871
0.071749
0.065296
0.057223
0.044901
0.084037
0.051016
0.083996
0.082424
0.075055
0.106417
0.097701
0.047644
0.037371
0.091937
0.055019
0.066291
0.092446
0.132992
0.207231
0.141103
0.090907
0.106580
0.066743
0.053110
0.058824
0.040750
0.053388
0.051420
0.082315
0.074464
0.080608
0.058695
0.092973
0.148395
0.139131
0.106976
0.044076
0.066514
0.080925
0.101380
0.192425
0.211244
0.088323
0.271943
0.094862
0.075397
0.088382
0.081236
0.064760
0.046290
0.042296
0.077826
0.092205
0.058781
0.068724
0.109602
0.140589
0.060566
0.057210
0.071914
0.061310
0.079053
0.067202
0.083286
0.084107
0.096679
0.098835
0.175188
0.106132
0.108288
0.065668
0.047458
0.045285
0.057458
0.060876
0.046606
0.071231
0.091701
0.102037
0.094452
0.094761
0.056329
0.066078
0.115256
0.088724
0.115559
0.228092
0.199479
0.236710
0.146392
0.195715
0.122533
0.251285
0.099952
0.095362
0.078079
0.084598
0.065112
0.061118
0.069094
0.077582
0.123187
0.101223
0.080297
0.126301
0.148933
0.076488
0.131018
0.171435
0.179558
0.083069
0.155676
0.118871
0.057317
0.097386
0.055681
0.139955
0.077266
0.075873
0.088764
0.107646
0.072995
0.064856
0.068623
0.096939
0.060404
0.087413
0.097205
0.261133
0.212559
0.150707
0.094954
0.187820
0.237504
0.238306
0.138037
0.174447
0.069030
0.107112
0.093244
0.203056
0.087602
0.170791
0.076702
0.064194
0.054793
0.073392
0.070991
0.097688
0.055622
0.080565
0.088111
0.201563
0.215185
0.113013
0.170301
0.232839
0.110101
0.326173
0.219534
0.311147
0.160615
0.214398
0.241896
0.202996
0.089331
0.082008
0.065039
0.071256
0.055155
0.052647
0.062088
0.044870
0.058378
0.088739
0.108443
0.134655
0.172140
0.108056
0.136837
0.168857
0.167568
0.151937
0.224090
0.164024
0.181146
0.165235
0.175480
0.211880
0.224614
0.075234
0.046406
0.085018
0.061833
0.052349
0.046912
0.089244
0.096033
0.140280
0.131808
0.276452
0.108279
0.179282
0.170310
0.159542
0.194277
0.130808
0.119601
0.115114
0.128200
0.260368
0.295924
0.311169
0.167175
0.178199
0.074873
0.078257
0.070050
0.056206
0.083793
0.083192
0.082631
0.112141
0.082768
0.129696
0.122563
0.103158
0.124573
0.260663
0.274638
0.375837
0.229866
0.072789
0.093186
0.144140
0.117377
0.068013
0.080972
0.088760
0.082325
0.078946
0.057455
0.082034
0.084806
0.078144
0.074284
0.159540
0.081607
0.062144
0.052972
0.078298
0.107050
0.145039
0.092854
0.144440
0.129471
0.097199
0.089463
0.070529
0.141795
0.172180
0.111425
0.109028
0.114599
0.185232
0.072072
0.053712
0.044792
0.097259
0.095745
0.125166
0.138738
0.115956
0.071745
0.071126
0.134281
0.115673
0.101509
0.104603
0.101964
0.099853
0.074372
0.102500
0.092006
0.156483
0.119664
0.065465
0.083697
0.087633
0.082421
0.095013
0.075513
0.096665
0.055049
0.086928
0.072259
0.120161
0.151112
0.114885
0.146583
0.104140
0.108665
0.279095
0.085555
0.063303
0.097048
0.182935
0.157162
0.129153
0.157340
0.188968
0.178006
0.111627
0.049862
0.046528
0.076696
0.107742
0.058865
0.192984
0.219592
0.135671
0.049268
0.064714
0.116486
0.131076
0.087185
0.188113
0.201507
0.171358
0.168571
0.222758
0.103297
0.139429
0.161742
0.063099
0.059657
0.057663
0.061316
0.067727
0.058979
0.051247
0.116010
0.146021
0.115931
0.084801
0.063340
0.074843
0.049027
0.052272
0.079562
0.064298
0.050903
0.079694
0.084667
0.113158
0.146196
0.174510
0.109610
0.077485
0.099140
0.074884
0.127477
0.044241
0.088415
0.060549
0.081132
0.100578
0.098296
0.201997
0.149955
0.199428
0.084240
0.137489
0.108175
0.132097
0.146203
0.099946
0.162627
0.141421
0.099461
0.222108
0.159665
0.094646
0.069905
0.072166
0.054416
0.051302
0.047070
0.067279
0.050638
0.096441
0.064824
0.065815
0.066231
0.042446
0.075349
0.056748
0.088875
0.088534
0.101962
0.132647
0.193870
0.273711
0.357401
0.225676
0.214625
0.129251
0.128123
0.086775
0.118564
0.110634
0.101555
0.102554
0.084977
0.224144
0.156435
0.229123
0.153802
0.158354
0.155197
0.196033
0.401408
0.294647
0.449807
0.322154
0.295848
0.417887
0.261887
0.210997
0.283533
0.146222
0.082302
0.175999
0.080986
0.126653
0.072034
0.072338
0.061144
0.134864
0.213727
0.235556
0.255242
0.332148
0.311080
0.337544
0.280182
0.228425
0.270716
0.237795
0.304412
0.215687
0.209040
0.218202
0.249801
0.110609
0.067500
0.088392
0.132207
0.057764
0.103664
0.075035
0.088957
0.182466
0.165713
0.198381
0.305765
0.185019
0.229466
0.396244
0.315931
0.278498
0.268989
0.216701
0.195868
0.313353
0.263936
0.240980
0.210701
0.115126
0.116834
0.127440
0.127334
0.094449
0.098251
0.092230
0.057872
0.237197
0.209486
0.224769
0.264228
0.235165
0.088506
0.107439
0.100199
0.149390
0.217978
0.157139
0.311735
0.238538
0.236689
0.210679
0.202222
0.097966
0.103704
0.055681
0.089063
0.071046
0.091590
0.092137
0.066853
0.113811
0.126760
0.100400
0.056933
0.083275
0.110280
0.093381
0.087328
0.120280
0.065822
0.122354
0.254698
0.175646
0.081234
0.107338
0.099243
0.050098
0.056975
0.085632
0.064857
0.071730
0.071565
0.052488
0.075750
0.086537
0.111788
0.146488
0.065756
0.048365
0.075355
0.070755
0.168147
0.082981
0.070276
0.068056
0.122910
0.132569
0.210921
0.159262
0.085422
0.046093
0.057794
0.037508
0.052395
0.050751
0.066914
0.077317
0.064766
0.072738
0.113732
0.126507
0.103993
0.058150
0.064404
0.064559
0.055152
0.052309
0.058670
0.068973
0.073221
0.051438
0.086822
0.110257
0.157405
0.068889
0.058852
0.074269
0.070899
0.068329
0.060216
0.055453
0.054931
0.159196
0.121690
0.041964
0.044155
0.034328
0.055296
0.053307
0.057273
0.051048
0.063643
0.074134
0.083977
0.057028
0.056843
0.091133
0.098087
0.069037
0.049778
0.045872
0.071813
0.058060
0.042214
0.085687
0.071842
0.090904
0.051055
0.074838
0.069096
0.042679
0.084006
0.065103
0.075229
0.084312
0.055322
0.072886
0.184024
0.102483
0.106194
0.086102
0.101203
0.058724
0.073430
0.059732
0.045930
0.057611
0.074196
0.069066
0.161815
0.135935
0.108189
0.060929
0.082024
0.051103
0.098248
0.063037
0.081698
0.047311
0.092053
0.104726
0.101066
0.207905
0.103819
0.130438
0.091388
0.068730
0.052607
0.051904
0.058109
0.061528
0.053646
0.077789
0.090857
0.153101
0.148898
0.109074
0.084256
0.071705
0.095471
0.109541
0.056183
0.061312
0.197674
0.087291
0.153943
0.166074
0.127912
0.104743
0.168866
0.117529
0.060042
0.066325
0.038531
0.078185
0.054222
0.048158
0.060552
0.081776
0.123930
0.080206
0.080216
0.091916
0.069427
0.075264
0.097407
0.086091
0.098149
0.055477
0.064014
0.123767
0.080363
0.070901
0.066767
0.058504
0.057365
0.049006
0.049036
0.043806
0.042020
0.048663
0.082761
0.074580
0.066766
0.067205
0.085695
0.189285
0.074771
0.119203
0.106237
0.087364
0.075811
0.109784
0.132778
0.199699
0.160925
0.123711
0.066150
0.089881
0.062105
0.060699
0.071281
0.065939
0.061025
0.046405
0.070246
0.095633
0.070650
0.178063
0.070627
0.093196
0.087161
0.066084
0.057685
0.114171
0.108420
0.082604
0.133935
0.130052
0.112410
0.060889
0.132839
0.070859
0.053808
0.054124
0.043725
0.053512
0.041411
0.068320
0.084344
0.086656
0.094165
0.096729
0.090576
0.066599
0.083359
0.103734
0.124340
0.124879
0.235493
0.178587
0.113116
0.143415
0.106070
0.147151
0.088222
0.065318
0.066164
0.044843
0.076128
0.036163
0.069552
0.050468
0.037939
0.079204
0.076727
0.084487
0.064329
0.056496
0.077658
0.062060
0.110923
0.098288
0.086118
0.096012
0.105860
0.145455
0.116715
0.132779
0.109889
0.068184
0.056345
0.044312
0.044939
0.050964
0.054418
0.056367
0.071245
0.085589
0.077818
0.104768
0.167724
0.114233
0.256646
0.067825
0.112457
0.086826
0.096458
0.114443
0.107665
0.105002
0.128491
0.109690
0.206890
0.063822
0.075052
0.075209
0.069093
0.038671
0.055389
0.094870
0.081064
0.240754
0.161147
0.056852
0.081281
0.077776
0.160585
0.104623
0.109910
0.070575
0.064569
0.109671
0.109568
0.095868
0.175702
0.112640
0.170694
0.064521
0.042380
0.071140
0.045113
0.044281
0.074040
0.086027
0.097399
0.173180
0.211869
0.186280
0.125300
0.105082
0.101562
0.119595
0.285882
0.182516
0.185576
0.398936
0.220026
0.205036
0.314908
0.228519
0.322194
0.128323
0.064130
0.059934
0.046672
0.050137
0.069477
0.064908
0.070439
0.079827
0.114963
0.114214
0.253903
0.118874
0.108931
0.064153
0.124343
0.131836
0.075992
0.116955
0.217182
0.074368
0.116641
0.124540
0.137957
0.059158
0.105370
0.057538
0.059179
0.044104
0.057215
0.078234
0.054789
0.054247
0.122764
0.188898
0.088503
0.072286
0.118443
0.096766
0.082432
0.093956
0.113141
0.146029
0.128187
0.221255
0.159854
0.290627
0.114711
0.108522
0.077007
0.063088
0.051385
0.046016
0.066421
0.056324
0.055980
0.076401
0.142539
0.111382
0.107577
0.151340
0.163033
0.208360
0.117224
0.119459
0.137648
0.119686
0.103225
0.090268
0.163308
0.125995
0.230234
0.137025
0.071311
0.095446
0.056676
0.058040
0.062128
0.058350
0.122126
0.075622
0.179864
0.247651
0.154379
0.134629
0.097797
0.121800
0.137765
0.151258
0.240963
0.143325
0.229451
0.108000
0.144301
0.182208
0.224562
0.074644
0.048418
0.049534
0.064194
0.038593
0.065556
0.054762
0.072713
0.076441
0.068415
0.135028
0.125687
0.218528
0.118650
0.092328
0.071118
0.102137
0.089581
0.110760
0.150522
0.171898
0.159123
0.095475
0.088943
0.050950
0.053306
0.089340
0.041455
0.075612
0.079544
0.073530
0.144762
0.158758
0.138934
0.121290
0.158563
0.097748
0.097488
0.096218
0.065901
0.164911
0.109856
0.134494
0.204636
0.157762
0.094949
0.153503
0.114368
0.088923
0.057068
0.035649
0.035038
0.051599
0.059144
0.080362
0.060441
0.077290
0.169927
0.065206
0.066233
0.032149
0.063775
0.091285
0.084061
0.093929
0.137981
0.177727
0.141953
0.103568
0.093322
0.133250
0.131205
0.122731
0.070164
0.047396
0.060156
0.065312
0.047543
0.056489
0.045371
0.107175
0.086387
0.094971
0.227291
0.148410
0.120501
0.182151
0.074845
0.111905
0.107460
0.116953
0.122686
0.205867
0.164645
0.126803
0.172858
0.217856
0.186948
0.178492
0.051228
0.056825
0.073394
0.083985
0.066412
0.119075
0.112027
0.204284
0.151584
0.087753
0.088960
0.096185
0.077877
0.100189
0.113323
0.100457
0.127977
0.154562
0.177253
0.189022
0.149468
0.065599
0.069970
0.040055
0.052352
0.049799
0.130267
0.150225
0.086884
0.070055
0.063831
0.076502
0.072230
0.080583
0.100646
0.049946
0.090493
0.079078
0.103000
0.076144
0.113385
0.148092
0.132392
0.139695
0.127956
0.074106
0.066773
0.079604
0.054593
0.071796
0.081997
0.088130
0.072190
0.062161
0.079964
0.076006
0.116597
0.083940
0.099763
0.099081
0.081391
0.075452
0.115085
0.073595
0.079410
0.123485
0.114252
0.153163
0.082248
0.105404
0.098926
0.060819
0.105702
0.062933
0.064593
0.062741
0.047778
0.108264
0.256930
0.089331
0.072116
0.262100
0.076059
0.137819
0.101280
0.111054
0.116967
0.168283
0.108386
0.090920
0.147495
0.098700
0.117497
0.125992
0.052702
0.051324
0.085461
0.064179
0.065997
0.072610
0.059086
0.103207
0.309628
0.122949
0.174978
0.148665
0.090136
0.064607
0.071026
0.169220
0.259443
0.087937
0.169463
0.184015
0.108282
0.093870
0.152377
0.052522
0.073039
0.045012
0.065128
0.056693
0.084746
0.062895
0.102765
0.128752
0.164187
0.129204
0.172574
0.097072
0.131573
0.097177
0.112274
0.102711
0.088956
0.081494
0.144298
0.077400
0.095045
0.092494
0.044090
0.062580
0.055886
0.088617
0.196912
0.052540
0.068809
0.101714
0.077437
0.159470
0.100498
0.102438
0.110799
0.066734
0.086306
0.081274
0.069827
0.112168
0.059261
0.138918
0.125616
0.165501
0.133262
0.145299
0.111263
0.068904
0.061588
0.053365
0.056121
0.060594
0.063014
0.089585
0.094374
0.146943
0.196826
0.207615
0.115087
0.098545
0.137920
0.072718
0.134913
0.097427
0.130384
0.137316
0.161166
0.126103
0.164605
0.111507
0.059859
0.086755
0.070998
0.069190
0.078718
0.091135
0.103660
0.094479
0.060346
0.140991
0.209469
0.165172
0.118734
0.161302
0.142998
0.140100
0.131001
0.122741
0.154621
0.190496
0.203796
0.181188
0.208331
0.129735
0.102731
0.104990
0.095573
0.078129
0.121771
0.074838
0.105233
0.092227
0.096265
0.088591
0.168997
0.106727
0.158302
0.158755
0.092380
0.079061
0.113203
0.140267
0.114286
0.081940
0.099967
0.119369
0.155964
0.163519
0.147115
0.120251
0.096001
0.115597
0.072516
0.075356
0.071694
0.101679
0.076206
0.129591
0.308408
0.249618
0.253152
0.177391
0.162751
0.181189
0.114047
0.151496
0.151794
0.160730
0.236591
0.251744
0.339155
0.157595
0.188339
0.051620
0.074974
0.051823
0.066076
0.071812
0.113914
0.073168
0.115218
0.182956
0.130428
0.089433
0.140747
0.170811
0.122478
0.112278
0.130537
0.094366
0.100054
0.187483
0.122760
0.202609
0.184529
0.113265
0.136197
0.104727
0.079834
0.049961
0.074235
0.108474
0.149820
0.115623
0.174897
0.254958
0.164460
0.184321
0.122267
0.178841
0.090232
0.097855
0.148027
0.173547
0.250287
0.146916
0.170722
0.213501
0.175369
0.114730
0.277421
0.123407
0.096689
0.082507
0.133759
0.095362
0.086725
0.113094
0.126914
0.147691
0.156957
0.176068
0.153071
0.158349
0.145602
0.187678
0.133130
0.139155
0.153383
0.136802
0.176797
0.169304
0.218570
0.196284
0.139436
0.083536
0.056474
0.065490
0.065807
0.075294
0.077206
0.052133
0.074774
0.150657
0.163654
0.225829
0.125339
0.109115
0.090752
0.068354
0.131442
0.109017
0.132660
0.170947
0.125543
0.142448
0.131042
0.134504
0.120472
0.081816
0.072223
0.095296
0.050591
0.073589
0.088145
0.077708
0.114923
0.290466
0.140567
0.312194
0.197009
0.210665
0.178829
0.115673
0.081299
0.109887
0.080522
0.173807
0.147230
0.151143
0.126028
0.096105
0.130427
0.083984
0.075469
0.073130
0.071929
0.053696
0.093171
0.078799
0.059784
0.070344
0.102421
0.115829
0.255660
0.136730
0.143339
0.092085
0.109427
0.082741
0.118138
0.070032
0.173572
0.152533
0.130915
0.292493
0.095920
0.073042
0.082091
0.134572
0.162517
0.082574
0.084330
0.154072
0.087129
0.067474
0.152393
0.288756
0.251423
0.116937
0.282249
0.209771
0.270003
0.135607
0.205912
0.183664
0.205146
0.180613
0.159709
0.133959
0.115027
0.187323
0.089558
0.066907
0.087633
0.054813
0.087387
0.104129
0.134084
0.161873
0.237153
0.184285
0.135977
0.162422
0.216640
0.116917
0.309694
0.135632
0.171019
0.117784
0.177347
0.167261
0.200980
0.317711
0.165907
0.158194
0.076189
0.079645
0.091814
0.069137
0.041471
0.062503
0.125241
0.079687
0.160036
0.120655
0.136462
0.141299
0.103782
0.135832
0.105523
0.087676
0.098074
0.171983
0.157280
0.208312
0.194712
0.093146
0.086633
0.095805
0.083687
0.085115
0.057357
0.088662
0.082208
0.101314
0.112996
0.090877
0.141399
0.233479
0.208435
0.114874
0.095526
0.146049
0.129653
0.128672
0.139330
0.187801
0.153182
0.212457
0.213380
0.215023
0.110499
0.092000
0.169888
0.092203
0.070511
0.053436
0.066240
0.108687
0.057036
0.088714
0.187616
0.208830
0.232961
0.118179
0.123023
0.168428
0.098280
0.175248
0.179621
0.122823
0.150882
0.177057
0.262149
0.209674
0.313179
0.128274
0.108681
0.088476
0.112505
0.142064
0.102664
0.101051
0.176413
0.156496
0.136151
0.231455
0.182836
0.230995
0.125373
0.158634
0.099934
0.213723
0.203070
0.192900
0.232286
0.178112
0.142354
0.233925
0.233073
0.152336
0.106488
0.130243
0.146156
0.110145
0.111586
0.143001
0.130035
0.106332
0.070010
0.148127
0.208038
0.128683
0.128599
0.171048
0.174995
0.226254
0.193258
0.130381
0.233841
0.222478
0.213043
0.175346
0.169600
0.165025
0.106559
0.110843
0.136840
0.110622
0.113994
0.162081
0.116986
0.131174
0.179940
0.158407
0.085320
0.129129
0.279821
0.147916
0.121732
0.120045
0.096539
0.123115
0.118758
0.085590
0.139019
0.099490
0.127926
0.109061
0.066410
0.060094
0.076991
0.060606
0.100395
0.061974
0.135472
0.099681
0.159650
0.200737
0.181801
0.097901
0.126361
0.144010
0.143164
0.221898
0.286157
0.229307
0.356036
0.153459
0.158952
0.202797
0.174845
0.148157
0.111872
0.119216
0.123817
0.145319
0.059236
0.080531
0.138358
0.135956
0.203985
0.145135
0.203202
0.166420
0.160021
0.196315
0.112121
0.181663
0.143926
0.168773
0.125581
0.061402
0.058741
0.085834
0.065275
0.050705
0.048011
0.067991
0.057229
0.055909
0.048771
0.052640
0.088855
0.081918
0.056370
0.107012
0.128111
0.105707
0.100107
0.118999
0.098208
0.135134
0.181441
0.119106
0.122712
0.138432
0.190191
0.104386
0.152121
0.122893
0.109173
0.046019
0.087592
0.047661
0.056741
0.069714
0.101224
0.133268
0.112675
0.197089
0.317081
0.222340
0.197275
0.168949
0.149424
0.175849
0.198680
0.247935
0.169241
0.225383
0.268124
0.241484
0.201432
0.256303
0.095890
0.143145
0.149520
0.121275
0.107515
0.098309
0.202359
0.105523
0.271934
0.192318
0.163423
0.129214
0.170345
0.170370
0.098152
0.102770
0.147745
0.180837
0.183047
0.111776
0.125558
0.091392
0.135928
0.087716
0.110494
0.080311
0.075922
0.055754
0.050472
0.093684
0.124095
0.082323
0.087652
0.165934
0.139227
0.129152
0.118066
0.145419
0.136936
0.121848
0.087024
0.105914
0.110796
0.113469
0.124018
0.132513
0.130854
0.157836
0.075673
0.114521
0.081855
0.151341
0.094809
0.118298
0.139919
0.133865
0.205994
0.192213
0.135708
0.119699
0.146827
0.126856
0.156960
0.130180
0.136220
0.105806
0.117755
0.100963
0.117204
0.106441
0.151264
0.103575
0.130868
0.088516
0.066021
0.112572
0.063770
0.082645
0.129861
0.114573
0.188534
0.160584
0.124901
0.133113
0.109118
0.132588
0.129188
0.082968
0.123899
0.167170
0.129388
0.095074
0.133755
0.125247
0.079274
0.076756
0.077707
0.051264
0.081143
0.081978
0.081843
0.084673
0.062996
0.057535
0.081146
0.081310
0.123402
0.117470
0.088873
0.116343
0.137484
0.127453
0.144124
0.180381
0.107819
0.153347
0.119149
0.188282
0.187210
0.125626
0.168813
0.123315
0.107821
0.108761
0.121844
0.113402
0.142282
0.162344
0.287578
0.251264
0.367448
0.216521
0.195636
0.160613
0.225722
0.207535
0.139552
0.210501
0.228596
0.214965
0.144840
0.253712
0.294680
0.234375
0.205141
0.092288
0.124563
0.061172
0.084746
0.111120
0.085446
0.110974
0.146520
0.245243
0.070764
0.113758
0.321320
0.097876
0.161160
0.190641
0.085610
0.154073
0.075311
0.088676
0.101285
0.083846
0.176842
0.250828
0.081962
0.078195
0.048993
0.047653
0.077436
0.058620
0.103759
0.078439
0.099387
0.105459
0.133819
0.088922
0.087550
0.071024
0.068968
0.074957
0.092608
0.086434
0.076583
0.106009
0.106601
0.097484
0.115428
0.127318
0.160572
0.130316
0.056742
0.060498
0.069703
0.046593
0.043118
0.083217
0.099597
0.067834
0.065725
0.085741
0.080154
0.061055
0.087509
0.093450
0.068652
0.206418
0.159428
0.091311
0.087211
0.085336
0.194772
0.156411
0.117312
0.124576
0.060929
0.078134
0.078659
0.072098
0.100146
0.100894
0.148753
0.127712
0.125739
0.132396
0.173412
0.156321
0.126526
0.105724
0.120001
0.120514
0.146221
0.123090
0.101853
0.131287
0.140482
0.102966
0.070294
0.090025
0.077478
0.086101
0.067681
0.083973
0.097970
0.089615
0.137928
0.126051
0.067915
0.100364
0.079098
0.079091
0.090811
0.084640
0.099515
0.155872
0.122511
0.115709
0.270291
0.099965
0.097589
0.072864
0.118355
0.092282
0.073858
0.045494
0.052463
0.069628
0.076857
0.060671
0.094933
0.126075
0.082431
0.097011
0.112135
0.136086
0.093979
0.102999
0.078227
0.134685
0.166800
0.114933
0.137854
0.157420
0.086168
0.128187
0.121264
0.073452
0.093537
0.056755
0.052359
0.109840
0.113080
0.071299
0.101781
0.111276
0.121573
0.100303
0.099317
0.109323
0.107047
0.118189
0.135983
0.072641
0.109951
0.121349
0.098141
0.156149
0.174807
0.130442
0.086517
0.146712
0.123124
0.109976
0.044047
0.072298
0.071397
0.070493
0.107644
0.103417
0.161851
0.066314
0.086626
0.049800
0.101953
0.090317
0.125851
0.097584
0.146246
0.095284
0.153167
0.141830
0.160140
0.107877
0.075792
0.046703
0.073916
0.069875
0.039928
0.059141
0.086334
0.058520
0.119500
0.143018
0.113589
0.119776
0.077356
0.107629
0.121671
0.080153
0.069131
0.084769
0.108045
0.071919
0.117617
0.115729
0.077966
0.063478
0.046903
0.055113
0.038164
0.034033
0.064283
0.071617
0.062350
0.064937
0.091102
0.079305
0.078994
0.088269
0.113164
0.055823
0.096241
0.086415
0.074145
0.085541
0.113059
0.084907
0.121428
0.151665
0.156902
0.075711
0.080770
0.048195
0.065788
0.052068
0.043524
0.054354
0.079384
0.130366
0.285132
0.208968
0.314377
0.164632
0.099540
0.099732
0.211092
0.097561
0.125147
0.087968
0.101160
0.128086
0.103531
0.108394
0.102796
0.113698
0.042289
0.050918
0.055657
0.094386
0.043839
0.056535
0.069188
0.062857
0.073867
0.103433
0.073069
0.088270
0.175269
0.117567
0.133491
0.125995
0.105954
0.110441
0.159271
0.160246
0.134397
0.115557
0.103043
0.145928
0.117448
0.097420
0.106202
0.098521
0.091161
0.110950
0.137743
0.138866
0.095446
0.245226
0.157201
0.213571
0.161012
0.193402
0.193945
0.182118
0.154294
0.155340
0.156237
0.246799
0.149381
0.142250
0.180435
0.131186
0.092643
0.074711
0.073356
0.106756
0.062597
0.100524
0.169914
0.093968
0.165901
0.204729
0.161785
0.127225
0.175991
0.088594
0.081359
0.118712
0.125916
0.164162
0.164109
0.102390
0.216346
0.201422
0.217419
0.156917
0.103596
0.102755
0.098012
0.134200
0.139931
0.118748
0.110449
0.159831
0.173155
0.152126
0.356160
0.252773
0.161045
0.165411
0.161536
0.130364
0.151759
0.160316
0.179313
0.195935
0.231034
0.203403
0.128219
0.207094
0.219042
0.118765
0.113158
0.064067
0.160772
0.069886
0.158781
0.170414
0.256262
0.240216
0.108525
0.137173
0.192912
0.153065
0.094224
0.171895
0.177126
0.199434
0.152943
0.186521
0.250080
0.207811
0.145995
0.108560
0.083449
0.093976
0.138889
0.072747
0.124962
0.122877
0.151066
0.149136
0.125318
0.249404
0.195571
0.195717
0.126495
0.127392
0.155323
0.141219
0.152499
0.150754
0.212330
0.214259
0.192001
0.165558
0.179628
0.193676
0.187499
0.109909
0.116399
0.139087
0.193060
0.143908
0.179462
0.096764
0.277538
0.278009
0.208913
0.205544
0.413239
0.204453
0.161191
0.180850
0.176779
0.109906
0.121454
0.130785
0.162693
0.190052
0.139015
0.128221
0.118779
0.106097
0.115995
0.063848
0.089565
0.098676
0.136007
0.096764
0.097628
0.197443
0.158583
0.181802
0.232330
0.126723
0.176766
0.183545
0.189180
0.215292
0.168409
0.167482
0.195511
0.154830
0.222535
0.200026
0.154403
0.154716
0.103793
0.073979
0.075462
0.099553
0.156518
0.106414
0.130374
0.147363
0.183218
0.170603
0.263324
0.191393
0.247156
0.129049
0.183447
0.135563
0.219116
0.230546
0.263592
0.308612
0.283020
0.153874
0.231099
0.229740
0.164869
0.192031
0.108465
0.158968
0.204492
0.198073
0.144966
0.146558
0.134462
0.244383
0.282659
0.291773
0.278959
0.196005
0.319202
0.243905
0.314382
0.333960
0.376056
0.230996
0.268577
0.276491
0.162004
0.162188
0.162295
0.141561
0.155422
0.180504
0.144032
0.225087
0.306115
0.229442
0.361676
0.204092
0.295199
0.278931
0.196557
0.176551
0.173025
0.201755
0.287757
0.270854
0.348789
0.304873
0.334952
0.287040
0.165948
0.190455
0.179262
0.144922
0.180229
0.155012
0.234591
0.175115
0.105273
0.151905
0.214583
0.146124
0.186181
0.145550
0.194612
0.182246
0.172106
0.169548
0.248074
0.193116
0.144741
0.233364
0.266809
0.227806
0.130193
0.105930
0.111859
0.169116
0.168054
0.159011
0.134204
0.123026
0.192492
0.133741
0.242310
0.179333
0.226716
0.179272
0.118662
0.155538
0.128440
0.171130
0.164829
0.141851
0.126727
0.221099
0.201257
0.218208
0.168108
0.156774
0.139460
0.146483
0.181245
0.127296
0.198698
0.188442
0.228418
0.174935
0.322598
0.351113
0.371842
0.263873
0.246852
0.222494
0.297631
0.234968
0.404160
0.169800
0.153171
0.226788
0.239723
0.144983
0.140026
0.149994
0.136093
0.115957
0.205254
0.130585
0.175107
0.185915
0.242947
0.186520
0.214485
0.231335
0.146950
0.164589
0.115930
0.148299
0.160157
0.182530
0.162950
0.239346
0.136896
0.176958
0.163173
0.150830
0.143190
0.115236
0.141619
0.196657
0.116989
0.185211
0.256535
0.139875
0.164107
0.124201
0.221292
0.140959
0.214257
0.256111
0.152941
0.147336
0.107807
0.133480
0.198366
0.399587
0.202356
0.310248
0.327303
0.139003
0.154784
0.144876
0.095618
0.130267
0.162513
0.155537
0.139734
0.135006
0.120353
0.285957
0.148156
0.212022
0.217184
0.266639
0.228958
0.333667
0.336558
0.304465
0.211654
0.415691
0.252688
0.311771
0.225639
0.165965
0.225374
0.189936
0.157717
0.132157
0.103619
0.181309
0.201458
0.219483
0.146499
0.216401
0.222439
0.257859
0.236351
0.438832
0.233742
0.192744
0.397158
0.229357
0.246896
0.248051
0.260359
0.301411
0.377910
0.236652
0.199391
0.275807
0.212749
0.256751
0.158465
0.210960
0.243738
0.244120
0.227296
0.250634
0.308224
0.200580
0.286701
0.245098
0.181893
0.165340
0.231461
0.341116
0.292674
0.316357
0.237636
0.233909
0.297042
0.178268
0.161399
0.176273
0.197252
0.145201
0.189842
0.219332
0.204897
0.176423
0.228896
0.253061
0.251020
0.282286
0.319249
0.285065
0.243205
0.237045
0.167211
0.252949
0.194642
0.254842
0.234415
0.334465
0.346162
0.199232
0.264255
0.137840
0.194376
0.306933
0.252050
0.281107
0.174208
0.211272
0.162810
0.234259
0.368900
0.296457
0.290032
0.189522
0.382297
0.306318
0.207940
0.374320
0.273088
0.182404
0.260088
0.225900
0.195450
0.330069
0.361248
0.223124
0.195601
0.314881
0.213156
0.290966
0.172608
0.210811
0.311353
0.187608
0.206626
0.189693
0.215826
0.347040
0.329879
0.334136
0.337364
0.287659
0.349349
0.343864
0.358202
0.235031
0.274756
0.263021
0.280260
0.152207
0.261916
0.231420
0.245495
0.204089
0.222444
0.207226
0.206197
0.264720
0.211756
0.314350
0.299283
0.267976
0.280895
0.326286
0.247175
0.284843
0.236195
0.392103
0.283359
0.371464
0.434249
0.367103
0.260959
0.242540
0.232402
0.178534
0.216687
0.319649
0.332559
0.261399
0.222055
0.437300
0.266806
0.428784
0.266155
0.261826
0.205703
0.328277
0.265638
0.360471
0.280214
0.302338
0.350917
0.239305
0.356461
0.242752
0.354375
0.216282
0.258198
0.194968
0.257173
0.216389
0.223869
0.206889
0.240719
0.316969
0.421714
0.276835
0.272566
0.293193
0.258810
0.315210
0.290890
0.350079
0.313878
0.332934
0.338090
0.361427
0.342440
0.287844
0.292611
0.284067
0.280110
0.219718
0.177236
0.293855
0.329094
0.217327
0.203513
0.341217
0.278115
0.283937
0.437413
0.246798
0.253707
0.298132
0.212992
0.293177
0.263434
0.361437
0.257897
0.301743
0.257626
0.349306
0.237306
0.267476
0.246453
0.254426
0.262918
0.179355
0.301593
0.286383
0.257114
0.372809
0.247178
0.248890
0.244235
0.289108
0.319529
0.217631
0.391988
0.350530
0.245430
0.348401
0.275671
0.202981
0.375202
0.211947
0.246182
0.316053
0.303912
0.324705
0.281337
0.220584
0.279259
0.272965
0.289867
0.391932
0.325534
0.306113
0.398346
0.298719
0.385161
0.200712
0.313697
0.343765
0.220804
0.296793
0.253704
0.240916
0.287784
0.271431
0.320292
