0.285601
0.113362
0.139879
0.102382
0.120348
0.113254
0.139772
0.142699
0.303348
0.526086
0.767466
0.551666
0.415761
0.659420
0.420333
0.490791
0.442211
0.659927
0.424615
0.266923
0.285200
0.513271
0.442292
0.274450
0.134379
0.110975
0.129804
0.138277
0.128733
0.082014
0.120398
0.206753
0.256245
0.446384
0.257453
0.218201
0.294730
0.566410
0.588750
0.345420
0.417598
0.355680
0.373792
0.258508
0.319766
0.443843
0.215655
0.251342
0.170915
0.124138
0.108525
0.149919
0.099007
0.116487
0.184350
0.133368
0.262222
0.463313
0.215294
0.143074
0.163876
0.338179
0.148239
0.182483
0.152279
0.186560
0.215421
0.330241
0.361224
0.421003
0.126758
0.154863
0.165586
0.129376
0.156648
0.141168
0.120864
0.126105
0.162951
0.179129
0.317726
0.465665
0.281992
0.212940
0.293309
0.259422
0.178192
0.182148
0.267758
0.221427
0.216928
0.148288
0.296898
0.182010
0.239275
0.125432
0.090697
0.110611
0.132588
0.182792
0.105441
0.214723
0.182461
0.204478
0.157077
0.519306
0.435065
0.435683
0.240133
0.290989
0.308300
0.255276
0.361771
0.274161
0.240892
0.243265
0.305896
0.302851
0.213497
0.438154
0.137972
0.113177
0.154733
0.214428
0.149299
0.143104
0.208616
0.115399
0.324358
0.337290
0.465345
0.307295
0.207896
0.258854
0.194881
0.225650
0.184908
0.209888
0.652278
0.361457
0.231187
0.262898
0.201122
0.260507
0.241399
0.222595
0.126977
0.132071
0.175660
0.163735
0.160697
0.210217
0.189958
0.380931
0.262032
0.157419
0.231236
0.557327
0.259208
0.412229
0.154437
0.130228
0.275838
0.225307
0.129560
0.285718
0.300582
0.171766
0.179456
0.127651
0.183304
0.127049
0.126869
0.124853
0.169074
0.182416
0.197554
0.333341
0.284116
0.178634
0.180208
0.181391
0.211806
0.179376
0.250157
0.270649
0.256508
0.333567
0.306458
0.211354
0.180067
0.168183
0.141625
0.113424
0.122725
0.217355
0.114502
0.141686
0.215634
0.364468
0.361911
0.607696
0.229687
0.151598
0.165445
0.261788
0.223924
0.167967
0.152891
0.302221
0.491929
0.412275
0.162384
0.210876
0.132668
0.137168
0.144311
0.197893
0.125118
0.123078
0.142649
0.090276
0.109709
0.090874
0.157906
0.523606
0.279502
0.214634
0.195797
0.173243
0.186317
0.119295
0.138100
0.186962
0.276021
0.252545
0.214893
0.215789
0.200214
0.202595
0.151224
0.130647
0.096393
0.150719
0.096016
0.148714
0.168323
0.214685
0.312605
0.558990
0.422604
0.183476
0.181807
0.120847
0.192069
0.164545
0.146066
0.212484
0.243861
0.134598
0.182194
0.219386
0.189586
0.115168
0.150425
0.142286
0.095572
0.130034
0.218859
0.123015
0.096874
0.147725
0.185298
0.496030
0.414837
0.195116
0.125634
0.213974
0.146574
0.171055
0.403230
0.292382
0.164897
0.194238
0.252045
0.376461
0.248307
0.162158
0.122502
0.095324
0.102457
0.112561
0.188707
0.162248
0.127119
0.179296
0.247727
0.494866
0.354003
0.302041
0.197374
0.179305
0.197310
0.162115
0.227019
0.243272
0.253175
0.223570
0.157408
0.187497
0.186330
0.161111
0.109590
0.114943
0.158483
0.104206
0.149103
0.172713
0.141929
0.149136
0.174970
0.402460
0.337391
0.293875
0.162090
0.365822
0.307716
0.320812
0.143556
0.173853
0.146647
0.414960
0.277669
0.200851
0.282095
0.203637
0.489274
0.456394
0.285048
0.205868
0.159399
0.179730
0.261351
0.177570
0.325383
0.627683
0.402701
0.172669
0.271386
0.402355
0.294503
0.311728
0.405174
0.300315
0.322482
0.257920
0.173906
0.216443
0.190426
0.213748
0.134405
0.162397
0.153202
0.111457
0.112567
0.126767
0.167329
0.151210
0.174405
0.397279
0.492586
0.186857
0.138510
0.169783
0.266953
0.247849
0.241547
0.271177
0.217349
0.276917
0.225784
0.181774
0.419988
0.148267
0.122614
0.114899
0.120057
0.163631
0.120042
0.086300
0.137112
0.147137
0.195436
0.516929
0.297851
0.533798
0.374086
0.171244
0.199134
0.255088
0.127053
0.240654
0.232174
0.312400
0.271912
0.376880
0.354722
0.280264
0.206413
0.113877
0.114752
0.170688
0.121834
0.148208
0.193174
0.157928
0.313104
0.533532
0.160776
0.144699
0.173537
0.129843
0.134285
0.217567
0.109066
0.284628
0.325396
0.283134
0.166958
0.158590
0.137024
0.175010
0.169767
0.178303
0.101710
0.134285
0.157642
0.132861
0.130740
0.102991
0.185420
0.492210
0.236744
0.094282
0.115009
0.343861
0.176136
0.226694
0.167969
0.155468
0.140148
0.230129
0.138333
0.193894
0.226008
0.225202
0.132970
0.140250
0.097739
0.107968
0.087100
0.098204
0.166331
0.182603
0.275135
0.638636
0.330083
0.203984
0.176471
0.178833
0.141411
0.131013
0.204381
0.170945
0.243675
0.193575
0.197170
0.205403
0.252222
0.192380
0.131640
0.132974
0.161602
0.106616
0.119978
0.090605
0.156837
0.106223
0.130544
0.175378
0.475347
0.316729
0.324222
0.179049
0.214712
0.353706
0.194473
0.288415
0.234434
0.155560
0.162283
0.208810
0.146555
0.198626
0.129876
0.124491
0.092271
0.115522
0.142525
0.096870
0.092148
0.134377
0.185761
0.365053
0.558141
0.193338
0.307734
0.465479
0.173173
0.233939
0.254215
0.242764
0.407402
0.202744
0.230740
0.124875
0.258238
0.191473
0.151138
0.172675
0.133128
0.203063
0.095279
0.159766
0.155818
0.194305
0.274704
0.656890
0.590144
0.195301
0.360665
0.425537
0.156515
0.197427
0.173416
0.298105
0.246532
0.220520
0.176373
0.186478
0.385254
0.176596
0.127738
0.110853
0.123427
0.142016
0.122745
0.151257
0.123632
0.086640
0.154630
0.527119
0.386994
0.137513
0.172685
0.214361
0.259408
0.125045
0.141753
0.220776
0.161493
0.240630
0.191703
0.206921
0.494886
0.285131
0.189597
0.122870
0.132562
0.120239
0.115446
0.169162
0.161872
0.122654
0.248580
0.285032
0.210006
0.226703
0.282481
0.594838
0.225193
0.174433
0.256898
0.205324
0.502613
0.265352
0.242939
0.297364
0.150070
0.193276
0.173206
0.203842
0.162326
0.113285
0.127798
0.167994
0.152094
0.159172
0.235118
0.477199
0.323796
0.193154
0.189319
0.158688
0.129659
0.194081
0.204935
0.281002
0.234131
0.150163
0.180969
0.223522
0.223456
0.201104
0.159387
0.151878
0.124263
0.113546
0.140811
0.151289
0.148889
0.147502
0.147293
0.485333
0.651010
0.122609
0.190544
0.213902
0.190833
0.105725
0.102001
0.182470
0.260794
0.276280
0.198253
0.312113
0.351527
0.159198
0.278142
0.103483
0.152120
0.100241
0.140272
0.167196
0.142638
0.186802
0.197285
0.521276
0.328534
0.211325
0.176741
0.299372
0.192938
0.141660
0.171838
0.168546
0.249819
0.318002
0.265842
0.195179
0.194126
0.158324
0.153298
0.146094
0.123421
0.095525
0.153504
0.082797
0.085623
0.159956
0.165528
0.366549
0.347139
0.176399
0.139788
0.176495
0.152728
0.207581
0.130822
0.233198
0.378853
0.176107
0.155720
0.181737
0.270149
0.139443
0.213818
0.192129
0.122449
0.132602
0.128542
0.131063
0.134420
0.195505
0.285565
0.610052
0.704912
0.150216
0.188393
0.125840
0.262742
0.347973
0.236900
0.255692
0.194487
0.260107
0.220451
0.121736
0.144005
0.133392
0.167400
0.107792
0.117482
0.097886
0.099479
0.116970
0.139090
0.127672
0.212739
0.399593
0.188314
0.152231
0.165187
0.127836
0.174548
0.225605
0.587809
0.282269
0.223646
0.131720
0.337506
0.306496
0.180504
0.247315
0.208160
0.190961
0.117484
0.102095
0.135493
0.089556
0.118775
0.139157
0.117763
0.507433
0.424160
0.255438
0.220132
0.253787
0.191709
0.113594
0.247936
0.233972
0.348938
0.237651
0.179049
0.208506
0.176419
0.229303
0.110168
0.130289
0.196985
0.166794
0.233731
0.094392
0.157723
0.102405
0.166186
0.333860
0.259749
0.200448
0.211638
0.279257
0.395894
0.218631
0.249963
0.166070
0.299077
0.187344
0.175775
0.190304
0.153894
0.152898
0.188786
0.150990
0.177672
0.107819
0.141833
0.133972
0.232042
0.172290
0.234631
0.346037
0.392742
0.225077
0.149567
0.292030
0.271235
0.281085
0.313458
0.240321
0.157282
0.262560
0.196474
0.235685
0.358191
0.219148
0.256432
0.139935
0.120764
0.125742
0.116464
0.170874
0.182384
0.150620
0.142255
0.420983
0.376689
0.133395
0.170575
0.415461
0.393443
0.244496
0.203871
0.117232
0.157801
0.248565
0.161741
0.211293
0.140302
0.157159
0.162584
0.150085
0.134574
0.088167
0.100197
0.162531
0.160488
0.200413
0.219164
0.389140
0.250368
0.224979
0.385173
0.254500
0.162085
0.120468
0.164207
0.110145
0.352778
0.401401
0.329667
0.207886
0.348405
0.106692
0.175949
0.187773
0.158479
0.139385
0.149618
0.152667
0.160761
0.126398
0.228325
0.633863
0.333955
0.159114
0.147014
0.159069
0.148140
0.168120
0.134694
0.255681
0.313655
0.231061
0.146194
0.156130
0.194141
0.202329
0.112765
0.173085
0.106307
0.099626
0.126954
0.149859
0.095991
0.221977
0.202803
0.369241
0.428263
0.261994
0.277283
0.228730
0.223163
0.250629
0.236590
0.292773
0.238545
0.263087
0.330550
0.288073
0.476088
0.220675
0.164504
0.156390
0.180047
0.092504
0.163328
0.179476
0.161024
0.242737
0.417780
0.792829
0.220009
0.167320
0.286638
0.334711
0.191231
0.713038
0.361294
0.312641
0.376765
0.290220
0.252014
0.349267
0.198540
0.159100
0.167387
0.108803
0.161919
0.166417
0.164866
0.151352
0.177369
0.153677
0.167281
0.642660
0.270151
0.172996
0.222508
0.189295
0.125547
0.105720
0.147918
0.378572
0.222416
0.179395
0.186373
0.256306
0.157740
0.170880
0.191691
0.156812
0.184300
0.155216
0.157453
0.107374
0.145580
0.131868
0.174806
0.563884
0.387038
0.195451
0.190171
0.165775
0.122444
0.129486
0.257181
0.158285
0.215691
0.143633
0.226601
0.200593
0.189322
0.270788
0.177375
0.109623
0.125531
0.125144
0.124395
0.140816
0.201970
0.143444
0.247571
0.379229
0.226525
0.136308
0.155672
0.188974
0.113333
0.101006
0.266771
0.143257
0.274140
0.220680
0.205912
0.216094
0.522060
0.302922
0.160679
0.104682
0.087166
0.148096
0.171657
0.151503
0.084621
0.178581
0.272951
0.340628
0.375195
0.244016
0.198720
0.195904
0.109574
0.246901
0.223616
0.186947
0.239718
0.194179
0.192989
0.163296
0.139249
0.113351
0.144165
0.178267
0.106132
0.097254
0.155074
0.091560
0.132581
0.110510
0.247528
0.318988
0.458500
0.271624
0.190954
0.152051
0.199369
0.161172
0.144508
0.179260
0.215139
0.189977
0.256132
0.236358
0.202666
0.118739
0.135063
0.075576
0.156058
0.163524
0.134759
0.114941
0.122732
0.149699
0.247043
0.479627
0.207932
0.108113
0.158601
0.211924
0.170515
0.227134
0.258267
0.226498
0.239821
0.280934
0.291699
0.131403
0.124192
0.125274
0.116646
0.186990
0.157464
0.133682
0.141195
0.129813
0.127814
0.161423
0.536640
0.246482
0.113175
0.184696
0.139105
0.101606
0.165250
0.223587
0.165375
0.277313
0.281518
0.225025
0.127421
0.219792
0.218375
0.181907
0.206281
0.131527
0.122618
0.176656
0.132360
0.107269
0.152985
0.158353
0.229660
0.478812
0.368501
0.214897
0.125428
0.132355
0.183159
0.123585
0.139748
0.117131
0.274405
0.295154
0.184074
0.271752
0.257680
0.111355
0.185674
0.122349
0.094086
0.121752
0.176428
0.332380
0.230218
0.158445
0.189848
0.474902
0.511521
0.121102
0.198400
0.094969
0.107497
0.097484
0.144595
0.115966
0.311839
0.263703
0.163719
0.224169
0.164077
0.190780
0.135597
0.097823
0.165883
0.137172
0.123222
0.104862
0.094770
0.131074
0.267828
0.455117
0.323935
0.245569
0.180522
0.241951
0.123268
0.311232
0.091888
0.145072
0.098888
0.463670
0.172912
0.126491
0.147282
0.186191
0.158913
0.139189
0.174523
0.167693
0.100735
0.086792
0.099470
0.205748
0.220260
0.445596
0.382925
0.140329
0.123698
0.443912
0.222639
0.250937
0.235154
0.426369
0.243662
0.222410
0.328361
0.263603
0.219193
0.171603
0.131736
0.091825
0.100877
0.116424
0.148657
0.112371
0.145304
0.091951
0.159326
0.398492
0.338987
0.333643
0.243057
0.274816
0.152167
0.256954
0.213684
0.151292
0.193877
0.209266
0.188924
0.293835
0.365336
0.201158
0.190816
0.125853
0.198009
0.102256
0.102912
0.086849
0.149164
0.189230
0.218756
0.320812
0.300275
0.118842
0.182097
0.136279
0.146760
0.136254
0.126374
0.119851
0.344305
0.260657
0.227640
0.194702
0.164811
0.148840
0.188380
0.154293
0.175410
0.213790
0.113593
0.090879
0.125145
0.280571
0.383819
0.560796
0.613159
0.176098
0.132910
0.119686
0.176088
0.232213
0.134488
0.161926
0.242483
0.310685
0.212980
0.291384
0.385761
0.262020
0.200038
0.120750
0.095707
0.118707
0.148743
0.141608
0.132386
0.185248
0.231501
0.272935
0.260140
0.211412
0.205852
0.188848
0.248737
0.273638
0.156787
0.148372
0.245953
0.194182
0.185406
0.228834
0.364080
0.127984
0.130319
0.100595
0.145484
0.092429
0.174957
0.093775
0.133486
0.090338
0.150388
0.451870
0.454540
0.129900
0.247338
0.212819
0.385859
0.386173
0.465851
0.260016
0.291763
0.308909
0.219580
0.167579
0.144676
0.172660
0.132440
0.085082
0.099136
0.124608
0.166995
0.126224
0.137817
0.160279
0.184968
0.445504
0.319741
0.126507
0.122804
0.149544
0.267608
0.280594
0.152139
0.128503
0.140348
0.213505
0.263335
0.207804
0.218207
0.121885
0.190811
0.159205
0.163998
0.173651
0.172301
0.136614
0.211692
0.252538
0.330865
0.363089
0.356330
0.272751
0.200831
0.264506
0.089038
0.197256
0.158454
0.164394
0.386003
0.143797
0.230854
0.125582
0.113206
0.246156
0.169008
0.135598
0.124771
0.143069
0.175263
0.096399
0.185200
0.090274
0.247652
0.595211
0.564108
0.228592
0.279910
0.151549
0.406689
0.192735
0.181044
0.228458
0.222209
0.230024
0.338117
0.297607
0.180146
0.203070
0.149658
0.218970
0.219733
0.128821
0.146273
0.140892
0.146594
0.254658
0.523275
0.433697
0.104215
0.190217
0.184416
0.134184
0.220842
0.177603
0.461672
0.328725
0.304179
0.276545
0.264073
0.190733
0.189744
0.198176
0.151168
0.111443
0.152106
0.111781
0.126072
0.125671
0.149239
0.198295
0.201510
0.398729
0.344457
0.210040
0.171941
0.273774
0.139164
0.324582
0.224884
0.220205
0.174214
0.084511
0.181076
0.154598
0.167169
0.158439
0.110892
0.152011
0.166030
0.142752
0.113175
0.124948
0.131707
0.228314
0.300763
0.547270
0.169615
0.131416
0.153493
0.164894
0.203077
0.163507
0.225596
0.367596
0.296930
0.191035
0.171369
0.177555
0.146626
0.152592
0.242113
0.203991
0.153020
0.174659
0.111106
0.115258
0.231546
0.267356
0.166606
0.420667
0.502002
0.143025
0.319585
0.242745
0.300551
0.209487
0.368651
0.225350
0.124468
0.159300
0.209103
0.189242
0.197362
0.172758
0.174690
0.096664
0.132937
0.108531
0.107842
0.197598
0.108990
0.204855
0.212911
0.309211
0.401690
0.326813
0.151335
0.284472
0.212482
0.435949
0.156032
0.157979
0.233293
0.191485
0.120181
0.185049
0.166207
0.205409
0.216887
0.159972
0.110712
0.092898
0.169812
0.086443
0.117291
0.114761
0.229506
0.360914
0.270216
0.392705
0.403512
0.635273
0.363067
0.258148
0.168827
0.180687
0.213913
0.169973
0.224251
0.330718
0.372890
0.132730
0.167342
0.122466
0.117482
0.085723
0.110823
0.136789
0.131275
0.330673
0.529809
0.303800
0.178231
0.145452
0.083567
0.180543
0.248564
0.174436
0.220753
0.151699
0.316204
0.250970
0.130431
0.181966
0.223954
0.105794
0.168880
0.114270
0.162059
0.144626
0.088389
0.137471
0.154305
0.195497
0.226005
0.689716
0.410836
0.537916
0.142825
0.119927
0.209231
0.138603
0.270221
0.191081
0.282028
0.140450
0.272016
0.194537
0.226631
0.195773
0.107791
0.151182
0.080639
0.175198
0.165638
0.172393
0.173710
0.126474
0.201908
0.390046
0.396593
0.129040
0.106661
0.361754
0.186025
0.445886
0.334189
0.219723
0.277446
0.205825
0.177151
0.238959
0.145021
0.193925
0.149589
0.112648
0.124699
0.092337
0.141011
0.113585
0.177593
0.189368
0.280522
0.386495
0.407663
0.232031
0.216573
0.163595
0.200563
0.268550
0.329384
0.336748
0.225275
0.224905
0.277709
0.455155
0.256357
0.162367
0.141631
0.141239
0.171398
0.139139
0.155198
0.150604
0.144411
0.203347
0.246830
0.341205
0.497190
0.215662
0.141035
0.350892
0.199091
0.175827
0.230721
0.250428
0.189694
0.246063
0.234051
0.310133
0.263758
0.355256
0.176543
0.133415
0.165182
0.114092
0.108353
0.180674
0.114224
0.117206
0.271702
0.620805
0.493864
0.304723
0.252520
0.515342
0.251272
0.530928
0.164282
0.204709
0.182320
0.380544
0.278396
0.205569
0.366423
0.348523
0.209378
0.176998
0.163932
0.158054
0.104586
0.151340
0.175368
0.457277
0.576016
0.856251
0.243498
0.264063
0.319127
0.179600
0.215951
0.180963
0.313657
0.223284
0.261793
0.311231
0.586976
0.173716
0.173630
0.189641
0.151717
0.144422
0.127836
0.168516
0.118695
0.159349
0.150898
0.251277
0.370742
0.514698
0.205642
0.268523
0.468772
0.170652
0.272492
0.232111
0.640380
0.373821
0.156673
0.201586
0.261836
0.186210
0.166859
0.123674
0.157102
0.191121
0.119580
0.134243
0.147961
0.273123
0.260761
0.340354
0.516331
0.301875
0.341939
0.459657
0.237118
0.363425
0.225187
0.139619
0.197083
0.159749
0.257086
0.321244
0.312295
0.137051
0.265293
0.139133
0.171784
0.151579
0.110475
0.150380
0.141799
0.190419
0.233958
0.298141
0.846255
0.365000
0.394133
0.281455
0.310499
0.217550
0.409391
0.344208
0.567502
0.227475
0.346216
0.265888
0.257168
0.260660
0.223795
0.190274
0.113634
0.234558
0.111858
0.111908
0.122974
0.209252
0.232498
0.200118
0.511750
0.276763
0.209193
0.322614
0.255317
0.288093
0.293692
0.213142
0.306695
0.242654
0.330337
0.311781
0.278656
0.266338
0.251767
0.204339
0.223552
0.191464
0.108473
0.100702
0.165501
0.260278
0.139164
0.231584
0.459737
0.454213
0.366313
0.268003
0.229929
0.138494
0.325541
0.121324
0.518241
0.310780
0.247598
0.157623
0.216276
0.149777
0.210613
0.204237
0.179710
0.182553
0.227889
0.156280
0.135499
0.264581
0.129760
0.182015
0.320895
0.286343
0.160120
0.182562
0.398670
0.267108
0.325896
0.558037
0.230767
0.253530
0.327030
0.241257
0.233190
0.177620
0.145334
0.159251
0.174403
0.119301
0.183372
0.169223
0.154051
0.094494
0.201207
0.263592
0.429288
0.413957
0.527134
0.446154
0.517704
0.361301
0.272849
0.267975
0.287207
0.242071
0.139419
0.222772
0.157186
0.166150
0.155525
0.138822
0.100688
0.126154
0.159916
0.155774
0.153819
0.148977
0.114944
0.138176
0.376311
0.350105
0.195863
0.272826
0.197909
0.197869
0.160292
0.222068
0.187372
0.171810
0.193674
0.231005
0.167594
0.226425
0.168683
0.200744
0.147390
0.134418
0.134812
0.187391
0.106165
0.124221
0.178420
0.279051
0.346009
0.316802
0.185453
0.216974
0.162908
0.258836
0.213140
0.079552
0.171244
0.215074
0.258001
0.226305
0.175802
0.177100
0.190532
0.135905
0.137379
0.163868
0.116045
0.175703
0.185202
0.255822
0.185649
0.200959
0.348350
0.345352
0.261278
0.219927
0.187128
0.186470
0.254140
0.258483
0.510190
0.242169
0.239941
0.232560
0.231631
0.249908
0.319839
0.218432
0.167022
0.197850
0.107178
0.176543
0.160206
0.179406
0.182885
0.168015
0.297024
0.317837
0.176827
0.196608
0.188660
0.272250
0.255227
0.162999
0.339865
0.211809
0.412897
0.323616
0.155392
0.165597
0.150223
0.128762
0.124884
0.130936
0.152298
0.114240
0.181290
0.108260
0.129423
0.167017
0.554488
0.360483
0.466994
0.270862
0.154395
0.212796
0.269126
0.166957
0.102350
0.151825
0.170779
0.234357
0.250048
0.247474
0.161401
0.155133
0.146869
0.185518
0.167613
0.166222
0.147225
0.139420
0.457138
0.220896
0.777397
0.575411
0.272493
0.372533
0.288758
0.333438
0.365691
0.220726
0.196730
0.128981
0.184070
0.175192
0.178139
0.212707
0.238745
0.110645
0.108343
0.164734
0.107795
0.132017
0.152349
0.152644
0.105652
0.222090
0.179112
0.384959
0.270597
0.256752
0.188581
0.198370
0.192392
0.155355
0.224073
0.137937
0.181170
0.114475
0.222483
0.097930
0.173195
0.165184
0.099048
0.137961
0.126646
0.125417
0.097505
0.206442
0.189349
0.233924
0.395757
0.330713
0.150229
0.124176
0.175634
0.267719
0.187451
0.123367
0.171173
0.222876
0.207599
0.131431
0.334487
0.152674
0.193728
0.129983
0.170261
0.205646
0.129297
0.141346
0.164539
0.106596
0.154170
0.214934
0.905473
0.243354
0.180540
0.220632
0.243512
0.227093
0.202557
0.161518
0.108456
0.294838
0.583238
0.250951
0.262249
0.256844
0.218780
0.223260
0.170619
0.155510
0.110409
0.145851
0.105847
0.134406
0.070590
0.217008
0.564143
0.301375
0.112965
0.213086
0.134116
0.354748
0.275743
0.183516
0.277861
0.269041
0.195750
0.145134
0.166529
0.118319
0.173901
0.157472
0.164514
0.168194
0.200760
0.106655
0.111202
0.209465
0.214797
0.397324
0.357330
0.269135
0.224439
0.237862
0.265291
0.196588
0.188980
0.179629
0.441332
0.473655
0.479706
0.484916
0.383186
0.221794
0.170802
0.168177
0.134907
0.102851
0.141767
0.083110
0.167172
0.149869
0.144808
0.565044
0.795085
0.198578
0.221893
0.369146
0.376633
0.204728
0.401920
0.380883
0.215607
0.351712
0.274912
0.365175
0.287668
0.399101
0.200564
0.148642
0.149424
0.118978
0.138852
0.126450
0.134492
0.131265
0.185966
0.254212
0.428498
0.485123
0.250570
0.261911
0.371879
0.246668
0.606678
0.207242
0.233876
0.187061
0.318433
0.261228
0.211350
0.184411
0.250763
0.134689
0.137203
0.092140
0.101977
0.097743
0.137159
0.150678
0.140572
0.439445
0.651044
0.303661
0.227931
0.243738
0.364392
0.560007
0.146792
0.208525
0.376325
0.200463
0.212115
0.157677
0.126040
0.161548
0.145949
0.116932
0.132393
0.108543
0.096919
0.130737
0.086909
0.137088
0.194340
0.385767
0.593592
0.611199
0.178603
0.188789
0.259763
0.325432
0.172113
0.105946
0.168465
0.189129
0.137236
0.181306
0.206335
0.160653
0.121356
0.139018
0.129695
0.182422
0.168551
0.131780
0.150499
0.176277
0.150909
0.326914
0.538501
0.122401
0.113967
0.124083
0.241936
0.117776
0.115051
0.141057
0.108278
0.170353
0.227122
0.208904
0.162546
0.131161
0.225363
0.197826
0.149787
0.154689
0.114013
0.192102
0.164322
0.137619
0.148881
0.315214
0.459233
0.239568
0.237947
0.188715
0.165873
0.384067
0.243434
0.214994
0.222618
0.265383
0.324023
0.285486
0.296086
0.232021
0.224447
0.265139
0.097302
0.123349
0.148549
0.106351
0.136951
0.138140
0.171266
0.558514
0.235161
0.204513
0.205281
0.114760
0.181428
0.222220
0.305086
0.142072
0.316739
0.179781
0.299472
0.482385
0.282123
0.260291
0.208032
0.200241
0.191842
0.139603
0.144945
0.184111
0.192543
0.173133
0.122656
0.280826
0.920853
0.314814
0.437528
0.143562
0.205871
0.260626
0.111401
0.405044
0.104963
0.151732
0.130627
0.109540
0.156968
0.211920
0.171363
0.130351
0.126027
0.172582
0.129921
0.105349
0.084274
0.091875
0.102979
0.175797
0.432239
0.341035
0.268528
0.256779
0.295506
0.159902
0.168298
0.194645
0.141104
0.128422
0.119853
0.142640
0.119833
0.108438
0.254802
0.322213
0.169455
0.174354
0.119964
0.127259
0.105898
0.113523
0.172367
0.164991
0.582757
0.238679
0.152565
0.274191
0.285027
0.161940
0.123786
0.122439
0.107075
0.177548
0.143984
0.148757
0.226847
0.164297
0.133609
0.107899
0.077417
0.088473
0.076381
0.152396
0.084423
0.115918
0.146357
0.275765
0.502601
0.419715
0.139921
0.175081
0.153253
0.326147
0.392894
0.244041
0.245969
0.222553
0.370455
0.315263
0.273202
0.275968
0.273007
0.272004
0.231056
0.211384
0.147399
0.151495
0.142720
0.223070
0.253967
0.218619
0.573848
0.161109
0.170002
0.545274
0.368187
0.316090
0.126089
0.115769
0.109468
0.189954
0.170387
0.383206
0.317837
0.163547
0.170017
0.129906
0.133230
0.146325
0.162283
0.167381
0.124855
0.161005
0.262069
0.252303
0.409892
0.709939
0.200786
0.270154
0.289829
0.224118
0.239134
0.147101
0.151849
0.188706
0.327017
0.266586
0.204428
0.116663
0.202424
0.173861
0.117891
0.137699
0.157283
0.165657
0.104376
0.095107
0.080548
0.188637
0.244809
0.181393
0.252006
0.238744
0.220262
0.130635
0.190985
0.410495
0.380332
0.256417
0.194019
0.141744
0.198455
0.190066
0.152526
0.159249
0.195166
0.286105
0.142939
0.117485
0.165981
0.077906
0.111264
0.248664
0.626663
0.402998
0.156419
0.188660
0.216835
0.127652
0.189317
0.231110
0.769545
0.491534
0.326500
0.355471
0.355004
0.256860
0.282112
0.250705
0.183046
0.097882
0.096597
0.137953
0.137787
0.102199
0.164933
0.208115
0.759497
0.655220
0.633434
0.558133
0.763270
0.266543
0.462779
0.608833
0.668043
0.584990
0.600671
0.716431
0.459471
0.494313
0.358135
0.179264
0.125368
0.170487
0.138934
0.141502
0.178955
0.159835
0.788456
0.286132
0.919745
0.450830
0.327362
0.544426
0.516245
0.353600
0.484998
0.574722
0.296677
0.211520
0.230851
0.678018
0.391513
0.356992
0.490750
0.159564
0.149937
0.092037
0.135699
0.198739
0.135807
0.199062
0.354184
0.683146
0.279877
0.229646
0.239062
0.186710
0.181481
0.222171
0.212700
0.224403
0.210149
0.250745
0.243931
0.139822
0.227400
0.233553
0.192442
0.152271
0.117533
0.115806
0.207036
0.107247
0.107345
0.212606
0.168440
0.239094
0.462341
0.192816
0.167505
0.270882
0.227567
0.274692
0.189877
0.111842
0.241671
0.189233
0.484892
0.463147
0.313106
0.280980
0.171070
0.170159
0.111140
0.130735
0.102124
0.095252
0.093712
0.148310
0.189056
0.369930
0.417935
0.573155
0.217468
0.455171
0.171165
0.189532
0.239084
0.232861
0.208421
0.182937
0.240816
0.343422
0.382977
0.202841
0.105230
0.145996
0.115936
0.092671
0.185123
0.173375
0.088613
0.120604
0.257949
0.259451
0.673227
0.263949
0.512509
0.257503
0.268095
0.273647
0.389559
0.259732
0.328149
0.226189
0.255259
0.179885
0.219781
0.214040
0.114319
0.132175
0.119131
0.108760
0.134270
0.146168
0.105709
0.095478
0.149470
0.178687
0.350519
0.339952
0.379314
0.293754
0.352471
0.249930
0.222442
0.146369
0.239359
0.211626
0.215759
0.393646
0.335416
0.482466
0.211282
0.127759
0.154442
0.115781
0.132683
0.127998
0.183833
0.221944
0.232008
0.229241
0.318756
0.205304
0.193490
0.294922
0.405545
0.459061
0.574748
0.274471
0.205352
0.165513
0.127100
0.240846
0.130146
0.176293
0.151131
0.102038
0.141205
0.154758
0.078561
0.104267
0.121665
0.117525
0.513343
0.156815
0.484311
0.225696
0.189330
0.152784
0.129438
0.096326
0.209038
0.504920
0.223844
0.171342
0.119888
0.102425
0.129504
0.260568
0.160956
0.059685
0.075553
0.106539
0.096053
0.087196
0.091187
0.087799
0.130588
0.209436
0.672472
0.270400
0.148001
0.163980
0.207061
0.189251
0.196945
0.179682
0.313526
0.283366
0.176057
0.248486
0.120578
0.147079
0.210580
0.242437
0.180418
0.148027
0.112804
0.124998
0.103656
0.107018
0.118542
0.166468
0.342330
0.272730
0.157806
0.254439
0.248472
0.253096
0.221564
0.275970
0.116684
0.573114
0.775339
0.542263
0.533554
0.820739
0.530455
0.268395
0.305706
0.119801
0.262833
0.266979
0.211295
0.264115
0.173757
0.322883
0.424894
0.286741
0.304136
0.300802
0.231319
0.345336
0.384798
0.257866
0.492506
0.559639
0.315802
0.137925
0.266887
0.191101
0.186753
0.166865
0.144554
0.104089
0.188317
0.094698
0.147632
0.095908
0.177636
0.359170
0.663535
0.317814
0.301249
0.345876
0.522845
0.315420
0.158114
0.247158
0.385448
0.278968
0.264256
0.255386
0.213438
0.189435
0.186390
0.138101
0.156057
0.145699
0.136221
0.145481
0.139905
0.175641
0.226168
0.291758
0.437872
0.376463
0.265197
0.187663
0.298553
0.194498
0.198186
0.208311
0.231954
0.268502
0.225771
0.150636
0.315700
0.266013
0.142648
0.116880
0.100690
0.128453
0.125221
0.098410
0.123665
0.132494
0.120654
0.304592
0.717939
0.167420
0.138377
0.177643
0.146342
0.360328
0.244904
0.238558
0.205623
0.159126
0.252719
0.219308
0.144128
0.145599
0.226095
0.148164
0.152827
0.104245
0.082293
0.135372
0.068367
0.076587
0.184703
0.278565
0.520391
0.311871
0.151607
0.147288
0.099225
0.134832
0.101619
0.157703
0.201141
0.124810
0.200330
0.162109
0.156825
0.189157
0.094187
0.071012
0.090440
0.117328
0.097404
0.098496
0.109386
0.136155
0.130004
0.551193
0.761431
0.122752
0.208528
0.226493
0.396124
0.316568
0.250362
0.332874
0.315075
0.150559
0.114940
0.148261
0.208755
0.338944
0.159300
0.121198
0.268180
0.361047
0.119154
0.235448
0.188412
0.180659
0.185182
0.261585
0.468955
0.371367
0.201455
0.227358
0.143634
0.193407
0.204855
0.182276
0.170199
0.193691
0.133370
0.150074
0.139820
0.140788
0.105352
0.138158
0.105420
0.130633
0.104533
0.133948
0.129478
0.180062
0.120545
0.278699
0.390955
0.563588
0.217880
0.166530
0.203823
0.221315
0.146188
0.161602
0.154224
0.134625
0.196406
0.175616
0.132526
0.191625
0.240979
0.154885
0.122397
0.110279
0.109584
0.118665
0.139914
0.138320
0.093082
0.112954
0.429193
0.299951
0.321868
0.106666
0.129364
0.111769
0.207241
0.143918
0.082053
0.080452
0.084897
0.106816
0.102563
0.084973
0.180634
0.251962
0.089546
0.109018
0.127486
0.119949
0.092292
0.101686
0.139803
0.135710
0.388503
0.277669
0.173909
0.112361
0.129507
0.356097
0.175009
0.126571
0.128258
0.148239
0.119016
0.206269
0.205766
0.123902
0.067729
0.086552
0.110522
0.080500
0.104872
0.076897
0.115643
0.076856
0.180483
0.128573
0.421035
0.443744
0.271023
0.160970
0.222392
0.113158
0.136844
0.194891
0.152122
0.118904
0.175188
0.142892
0.239324
0.147364
0.177293
0.100462
0.130737
0.307986
0.109348
0.131597
0.106536
0.091665
0.089848
0.201576
0.234765
0.196813
0.100675
0.115751
0.125886
0.287033
0.193137
0.129680
0.147916
0.206810
0.265781
0.163757
0.220575
0.208888
0.153463
0.112500
0.164797
0.141071
0.147355
0.123471
0.098192
0.138060
0.181049
0.195477
0.564419
0.286484
0.134649
0.217288
0.140664
0.113922
0.119334
0.121120
0.167850
0.087612
0.107868
0.121057
0.210888
0.153489
0.235469
0.095355
0.125619
0.081340
0.108419
0.120238
0.120936
0.108068
0.091708
0.163325
0.193758
0.592262
0.180113
0.382186
0.349300
0.135774
0.131191
0.157803
0.161919
0.129433
0.295927
0.126013
0.348141
0.307868
0.346325
0.079742
0.075183
0.171502
0.110747
0.119396
0.070528
0.129522
0.119676
0.128225
0.371852
0.510098
0.223494
0.167996
0.145795
0.130028
0.132317
0.195747
0.133420
0.156438
0.161652
0.153087
0.229049
0.261296
0.075020
0.089174
0.060932
0.127017
0.090257
0.163189
0.107076
0.212612
0.123657
0.239046
0.348316
0.335302
0.103900
0.107234
0.228460
0.156686
0.103232
0.300102
0.321433
0.574718
0.203213
0.174156
0.150347
0.196989
0.162387
0.126691
0.110957
0.098920
0.119830
0.103391
0.107631
0.101720
0.283399
0.340162
0.143583
0.216192
0.427342
0.242185
0.311207
0.199744
0.194842
0.158660
0.122312
0.143132
0.164230
0.143253
0.148118
0.136223
0.148748
0.139509
0.089766
0.096802
0.123881
0.120587
0.143107
0.082349
0.085225
0.216766
0.312066
0.162757
0.124237
0.109670
0.174915
0.272573
0.133008
0.259961
0.196717
0.212112
0.278483
0.218914
0.150889
0.118431
0.160645
0.176930
0.180980
0.160777
0.117502
0.092941
0.146986
0.218039
0.069650
0.091624
0.284405
0.492616
0.158760
0.144523
0.161867
0.122847
0.269369
0.320722
0.127627
0.144333
0.181809
0.177316
0.206824
0.114094
0.081463
0.115029
0.072640
0.087249
0.073596
0.095807
0.147149
0.114936
0.121348
0.239048
0.327095
0.249606
0.802383
0.489881
0.151860
0.112907
0.313793
0.504434
0.355630
0.238633
0.236485
0.170426
0.136230
0.307396
0.188496
0.138591
0.165692
0.167813
0.149696
0.144222
0.065033
0.128103
0.098618
0.316166
0.546141
0.297672
0.212948
0.265866
0.157825
0.182917
0.220983
0.186317
0.313936
0.341768
0.190142
0.251923
0.185832
0.140774
0.220992
0.166986
0.197556
0.139361
0.130325
0.114438
0.128046
0.117636
0.226102
0.308281
0.279816
0.303616
0.343463
0.210225
0.153098
0.191166
0.157372
0.189571
0.267037
0.388133
0.271227
0.117753
0.178397
0.247211
0.123396
0.188898
0.112232
0.156799
0.105899
0.093581
0.097556
0.087071
0.149834
0.254764
0.147051
0.350311
0.136396
0.105459
0.186228
0.226440
0.110128
0.228744
0.085838
0.164477
0.172143
0.195000
0.419269
0.230747
0.096632
0.098176
0.157832
0.068465
0.105053
0.056727
0.083952
0.140116
0.110006
0.160368
0.457920
0.591435
0.234747
0.237389
0.181155
0.150850
0.204142
0.239732
0.245885
0.343360
0.385727
0.297172
0.139104
0.247256
0.178304
0.129276
0.156698
0.106385
0.120792
0.115492
0.119871
0.132814
0.089878
0.160276
0.580634
0.460911
0.250502
0.302887
0.366595
0.277622
0.209331
0.172772
0.121697
0.146399
0.174551
0.165780
0.159188
0.106008
0.107002
0.191635
0.130596
0.166672
0.092016
0.110141
0.126844
0.112314
0.136263
0.303110
0.327699
0.694670
0.169152
0.192098
0.193561
0.187636
0.225340
0.187210
0.180585
0.078855
0.174382
0.204645
0.152055
0.179856
0.161900
0.076593
0.114908
0.099905
0.073116
0.070995
0.141670
0.080146
0.158485
0.340850
0.487218
0.238818
0.068925
0.205350
0.142637
0.124487
0.068807
0.074941
0.059542
0.105323
0.118076
0.198441
0.114456
0.187240
0.077454
0.128257
0.112152
0.162852
0.098120
0.087470
0.073417
0.081103
0.127802
0.158942
0.338084
0.400726
0.190752
0.157900
0.190086
0.226626
0.287863
0.261013
0.234348
0.187059
0.201233
0.394767
0.467275
0.221527
0.152948
0.172411
0.108837
0.093826
0.108476
0.119434
0.086482
0.165697
0.173156
0.206808
0.495660
0.467343
0.234294
0.208524
0.141162
0.144180
0.126816
0.133992
0.353747
0.163641
0.120999
0.175611
0.132050
0.187486
0.247736
0.150720
0.125364
0.155077
0.085124
0.110501
0.071391
0.131542
0.266527
0.333486
0.442484
0.352512
0.082962
0.166618
0.128765
0.088885
0.123211
0.123608
0.130447
0.252908
0.204015
0.284467
0.596589
0.209330
0.135151
0.144801
0.142792
0.109114
0.152770
0.131650
0.099226
0.100399
0.167175
0.245238
0.451156
0.105160
0.266959
0.194067
0.177360
0.127493
0.113125
0.113200
0.122054
0.219938
0.110771
0.117097
0.103532
0.088873
0.256269
0.138907
0.058950
0.079814
0.079127
0.093734
0.094257
0.107781
0.140153
0.153442
0.324928
0.758543
0.247889
0.316209
0.229129
0.186044
0.207631
0.346188
0.169613
0.152380
0.139032
0.205757
0.169341
0.143352
0.164006
0.125109
0.087436
0.093359
0.111578
0.057679
0.120601
0.081412
0.098805
0.392756
0.311262
0.527365
0.434169
0.208069
0.222602
0.171623
0.160054
0.179960
0.091032
0.141157
0.133277
0.141677
0.158145
0.178498
0.115976
0.119785
0.098136
0.151253
0.071264
0.118317
0.074036
0.088713
0.119297
0.166552
0.122134
0.444694
0.115726
0.201003
0.115368
0.156549
0.120421
0.141202
0.157535
0.096168
0.192479
0.114885
0.142179
0.138180
0.155315
0.091282
0.128201
0.078389
0.073373
0.104853
0.081133
0.092495
0.198992
0.310328
0.544523
0.129310
0.139841
0.187856
0.156236
0.172286
0.166030
0.145546
0.160286
0.249279
0.200524
0.396681
0.278412
0.759368
0.504835
0.166771
0.088861
0.105310
0.105792
0.123279
0.114809
0.102481
0.231162
0.381625
0.299637
0.251603
0.195822
0.139076
0.090376
0.069555
0.163934
0.082189
0.100620
0.107835
0.296442
0.252583
0.149085
0.199833
0.203383
0.187082
0.176750
0.120360
0.154731
0.116437
0.100222
0.079122
0.091045
0.205690
0.127532
0.103464
0.116446
0.347570
0.393822
0.258558
0.144346
0.269810
0.154434
0.235862
0.307868
0.139726
0.128814
0.126867
0.109419
0.138379
0.141879
0.128405
0.166726
0.169498
0.166102
0.110336
0.176297
0.305603
0.514420
0.290450
0.171623
0.141226
0.196123
0.108286
0.308775
0.252811
0.357140
0.211309
0.318126
0.511826
0.419454
0.315254
0.291339
0.186729
0.198695
0.128628
0.187733
0.123967
0.084753
0.164311
0.318270
0.564878
0.345636
0.194229
0.279280
0.209473
0.410675
0.214378
0.322286
0.318003
0.187789
0.286890
0.333989
0.208332
0.211952
0.179374
0.183326
0.180202
0.147573
0.159386
0.139396
0.101520
0.151801
0.157172
0.180941
0.203282
0.157765
0.209516
0.220502
0.188050
0.436525
0.173712
0.206422
0.281264
0.283018
0.252103
0.227858
0.247047
0.287758
0.157262
0.145254
0.217514
0.107961
0.199979
0.116938
0.157064
0.111809
0.124893
0.180162
0.195994
0.234826
0.129870
0.364474
0.401175
0.448580
0.263483
0.222064
0.273721
0.200183
0.317618
0.186613
0.327512
0.264483
0.214009
0.205579
0.159733
0.171447
0.111885
0.122545
0.167712
0.143861
0.154698
0.125116
0.195763
0.144755
0.108894
0.199830
0.381761
0.230585
0.209424
0.190572
0.223339
0.227750
0.295425
0.334815
0.263662
0.308078
0.182160
0.169983
0.178062
0.214293
0.177560
0.090267
0.175642
0.173156
0.147692
0.188484
0.189303
0.267756
0.247418
0.162513
0.261332
0.708585
0.389687
0.418057
0.627222
0.476876
0.418628
0.232184
0.287337
0.238667
0.222777
0.187161
0.133589
0.216454
0.177920
0.133686
0.140016
0.107195
0.219881
0.228581
0.265233
0.248882
0.231056
0.408933
0.505600
0.686962
0.312337
0.402590
0.314279
0.445587
0.517176
0.408987
0.325347
0.264997
0.204123
0.191374
0.105038
0.142171
0.103767
0.163183
0.109614
0.180815
0.126916
0.141016
0.119761
0.210537
0.130214
0.108382
0.362171
0.220035
0.282487
0.312188
0.404613
0.403633
0.333700
0.436964
0.272143
0.244341
0.229315
0.194294
0.075476
0.102002
0.158837
0.077375
0.156470
0.112891
0.143609
0.239665
0.377829
0.319607
0.232493
0.221348
0.215479
0.290776
0.372971
0.574874
0.534871
0.323055
0.368982
0.418650
0.580109
0.554876
0.419786
0.233268
0.335229
0.212232
0.125963
0.228380
0.104251
0.156604
0.171567
0.172392
0.178391
0.441317
0.332332
0.409088
0.320323
0.338003
0.190292
0.426639
0.285031
0.411341
0.247802
0.347454
0.273232
0.274308
0.429452
0.340761
0.211091
0.288240
0.154090
0.215565
0.176781
0.223537
0.243544
0.202698
0.490057
0.245515
0.241015
0.408187
0.501980
0.328061
0.330745
0.276930
0.243181
0.283876
0.285470
0.138953
0.261130
0.138459
0.228527
0.145385
0.240789
0.245278
0.184690
0.218018
0.163815
0.125996
0.148484
0.105131
0.237219
0.141846
0.256804
0.182178
0.237646
0.361307
0.538096
0.520804
0.351129
0.264419
0.427883
0.485668
0.312560
0.281110
0.394613
0.362764
0.229065
0.141980
0.089035
0.109696
0.152121
0.131180
0.090060
0.176451
0.411917
0.517420
0.353175
0.208552
0.258998
0.234838
0.285424
0.455572
0.355242
0.277787
0.235232
0.243380
0.406704
0.282303
0.185194
0.163680
0.097305
0.155667
0.124236
0.101028
0.210116
0.105480
0.145074
0.241031
0.317910
0.189637
0.316266
0.260639
0.335526
0.294988
0.224050
0.374066
0.355402
0.491342
0.607867
0.589114
0.251523
0.356278
0.337195
0.193824
0.217973
0.157798
0.253644
0.132919
0.167532
0.171548
0.252083
0.169182
0.518599
0.354133
0.300956
0.293556
0.184746
0.439025
0.397264
0.242880
0.450822
0.444416
0.343608
0.275773
0.267945
0.412994
0.250178
0.224980
0.249683
0.133901
0.121957
0.127172
0.135805
0.097927
0.119497
0.174308
0.350909
0.252399
0.131695
0.245977
0.449956
0.405981
0.268374
0.387356
0.289051
0.271149
0.270822
0.198889
0.183570
0.166902
0.142135
0.134092
0.083121
0.095082
0.113122
0.124912
0.109413
0.129488
0.101384
0.174998
0.308588
0.585654
0.188268
0.196691
0.177368
0.100124
0.249211
0.256844
0.113935
0.166936
0.115507
0.132385
0.174467
0.151236
0.289095
0.157632
0.110323
0.088679
0.092043
0.102370
0.087578
0.111479
0.082717
0.325574
0.160359
0.320265
0.433689
0.385366
0.335471
0.214158
0.209446
0.195884
0.162986
0.229809
0.224556
0.158147
0.275690
0.510546
0.276340
0.094735
0.140967
0.193514
0.111981
0.133301
0.078391
0.101398
0.133350
0.156266
0.304911
0.508115
0.354762
0.111671
0.223995
0.171587
0.267021
0.530252
0.348985
0.265595
0.332300
0.189903
0.179226
0.154330
0.229241
0.121021
0.109426
0.163915
0.137057
0.181832
0.143314
0.114061
0.154059
0.164479
0.257612
0.360776
0.188222
0.088598
0.129757
0.229189
0.166046
0.162783
0.221742
0.226206
0.284233
0.277462
0.291343
0.315623
0.158872
0.229312
0.234997
0.203719
0.222373
0.199409
0.153975
0.172182
0.147162
0.255931
0.356382
0.343189
0.238744
0.286978
0.347497
0.304070
0.227490
0.202453
0.243356
0.340686
0.326949
0.347650
0.541643
0.388201
0.341583
0.164794
0.104428
0.106617
0.171901
0.106581
0.131899
0.132208
0.096851
0.122101
0.515908
0.476637
0.142308
0.093993
0.090766
0.224877
0.347361
0.184278
0.198515
0.285761
0.173925
0.152088
0.202605
0.184756
0.240179
0.202248
0.114179
0.127897
0.121265
0.103480
0.141634
0.119787
0.092700
0.185865
0.232598
0.548898
0.377138
0.211585
0.168488
0.361827
0.278896
0.206505
0.147133
0.176091
0.193439
0.264811
0.183760
0.175585
0.175302
0.257375
0.182558
0.156737
0.094885
0.072910
0.129579
0.141784
0.152887
0.242570
0.218379
0.536336
0.399109
0.224821
0.199076
0.302264
0.292775
0.293423
0.289580
0.166663
0.209237
0.223013
0.258097
0.367079
0.317039
0.173034
0.116821
0.205109
0.142333
0.158494
0.140846
0.078865
0.112453
0.088572
0.130684
0.409584
0.236615
0.389215
0.212597
0.186740
0.274619
0.246102
0.485489
0.162662
0.273865
0.667082
0.316322
0.237910
0.238455
0.128603
0.115903
0.114611
0.160037
0.112827
0.121665
0.141995
0.097762
0.098993
0.083020
0.135904
0.512687
0.115528
0.243782
0.212714
0.277225
0.243993
0.619897
0.435566
0.275554
0.297176
0.508110
0.427305
0.465808
0.164865
0.244393
0.181127
0.124972
0.100366
0.071634
0.102869
0.105879
0.251111
0.208879
0.570300
0.172909
0.249054
0.275845
0.300991
0.158517
0.391312
0.444756
0.323006
0.256473
0.390478
0.335104
0.350983
0.209688
0.188845
0.160486
0.146162
0.109434
0.152312
0.247490
0.168705
0.097562
0.108095
0.229288
0.372716
0.233828
0.168681
0.189941
0.341203
0.290111
0.270826
0.436554
0.270759
0.439453
0.640197
0.409104
0.291887
0.465631
0.298027
0.276995
0.252823
0.243292
0.124828
0.151300
0.225823
0.151339
0.126795
0.121157
0.255863
0.174023
0.131385
0.347573
0.363196
0.220429
0.381131
0.319252
0.365947
0.360098
0.306212
0.392752
0.309431
0.249880
0.166935
0.165962
0.282149
0.212969
0.183917
0.181376
0.188119
0.178772
0.146299
0.308308
0.278821
0.407681
0.517855
0.248717
0.394727
0.285762
0.215153
0.253705
0.292370
0.302822
0.229637
0.367604
0.312434
0.368326
0.262236
0.214454
0.273750
0.188475
0.146863
0.170002
0.149370
0.126618
0.234744
0.386157
0.490050
0.278721
0.207274
0.244875
0.180899
0.328374
0.322876
0.350844
0.598904
0.469796
0.464483
0.285386
0.216663
0.281084
0.252138
0.165304
0.117931
0.115676
0.221378
0.187445
0.137872
0.091919
0.197962
0.270872
0.420893
0.333821
0.238846
0.255602
0.189439
0.184699
0.270274
0.320914
0.431283
0.432538
0.491902
0.777749
0.514933
0.264229
0.260040
0.236617
0.374268
0.253925
0.130648
0.142207
0.144398
0.117376
0.158442
0.143817
0.389449
0.512518
0.257948
0.597908
0.375813
0.540625
0.306614
0.359774
0.487502
0.504132
0.456616
0.285048
0.292184
0.310490
0.308366
0.414420
0.156092
0.244233
0.229153
0.177400
0.186595
0.166657
0.201510
0.167033
0.438460
0.406662
0.215953
0.450661
0.502114
0.302748
0.441299
0.452081
0.314644
0.628938
0.536595
0.493144
0.292129
0.293977
0.275791
0.250396
0.180645
0.122869
0.104138
0.162268
0.084572
0.129437
0.257191
0.443935
0.391770
0.328472
0.347617
0.212203
0.415927
0.293640
0.434161
0.594067
0.503274
0.343822
0.484236
0.834849
0.662127
0.430395
0.372772
0.252765
0.185798
0.258700
0.193406
0.176132
0.195926
0.203669
0.416552
0.317923
0.229770
0.152879
0.169501
0.323610
0.292474
0.144221
0.155643
0.150079
0.109142
0.244468
0.160872
0.395760
0.319326
0.428192
0.207308
0.145518
0.115323
0.139642
0.093281
0.118508
0.098537
0.148881
0.173290
0.281160
0.395632
0.102786
0.126542
0.133825
0.129136
0.102936
0.136469
0.138851
0.139905
0.220777
0.178965
0.241450
0.309891
0.230693
0.163259
0.163454
0.070485
0.075341
0.075848
0.089740
0.101525
0.080915
0.127307
0.107196
0.082911
0.127929
0.112478
0.139839
0.247892
0.226879
0.241109
0.366446
0.229345
0.241925
0.394495
0.356591
0.290761
0.409518
0.204796
0.209194
0.174898
0.175076
0.131468
0.126293
0.142662
0.123280
0.141405
0.341608
0.265985
0.284641
0.427340
0.474772
0.369096
0.241512
0.267859
0.666126
0.348420
0.268790
0.398104
0.418735
0.319837
0.330824
0.222208
0.185872
0.182985
0.114927
0.111611
0.130752
0.126769
0.112281
0.177272
0.339825
0.188861
0.318153
0.286971
0.207564
0.151197
0.223735
0.243718
0.254503
0.343140
0.367945
0.262231
0.274987
0.382351
0.429287
0.296914
0.350989
0.132176
0.109257
0.201321
0.159512
0.174423
0.281275
0.297086
0.383179
0.370863
0.399653
0.433476
0.565677
0.404251
0.663068
0.610893
0.442897
0.391511
0.502173
0.444192
0.520266
0.525326
0.369023
0.388949
0.268731
0.154658
0.174742
0.139372
0.107068
0.107931
0.126418
0.120767
0.172188
0.156620
0.276572
0.297534
0.161531
0.131370
0.219676
0.341293
0.416816
0.403859
0.383162
0.148214
0.130464
0.176742
0.156338
0.205558
0.120347
0.146873
0.160764
0.099688
0.111229
0.079470
0.106807
0.145064
0.117216
0.126313
0.091923
0.362996
0.220369
0.110442
0.184984
0.216429
0.302616
0.314817
0.218334
0.198887
0.163165
0.144785
0.211388
0.191955
0.120082
0.149843
0.135545
0.124105
0.092253
0.121381
0.162031
0.101643
0.147395
0.136592
0.162989
0.165412
0.399011
0.507417
0.387176
0.173624
0.283231
0.177792
0.219727
0.279677
0.234470
0.340867
0.232247
0.159418
0.155932
0.193069
0.117885
0.158259
0.127435
0.098582
0.108678
0.102894
0.118465
0.132365
0.121790
0.257132
0.284716
0.346587
0.405722
0.252547
0.249928
0.302393
0.162121
0.287698
0.239235
0.392789
0.348483
0.248994
0.123375
0.258230
0.075070
0.104977
0.117610
0.102916
0.165033
0.169740
0.227778
0.247461
0.536919
0.238711
0.591262
0.540684
0.376094
0.473940
0.432492
0.344385
0.438444
0.332106
0.448669
0.258880
0.450676
0.385189
0.344314
0.224099
0.133696
0.187400
0.176277
0.200895
0.137566
0.236785
0.228173
0.726293
0.301066
0.276277
0.320355
0.434428
0.255543
0.488746
0.460972
0.268421
0.808998
0.530470
0.375726
0.410476
0.392675
0.555720
0.221333
0.201942
0.212213
0.215392
0.100547
0.109653
0.111525
0.179980
0.225419
0.260526
0.386532
0.196710
0.447447
0.612279
0.565710
0.536583
0.529317
0.512756
0.447459
0.547478
0.244538
0.404223
0.321221
0.308020
0.278139
0.307165
0.266068
0.198479
0.124366
0.161626
0.137331
0.297331
0.330117
0.389378
0.541616
0.464274
0.382716
0.366255
0.554899
0.513241
0.449052
0.532279
0.460820
0.519067
0.389385
0.478540
0.324995
0.286284
0.185897
0.281711
0.152278
0.125690
0.163581
0.205398
0.124165
0.143736
0.296166
0.213279
0.177153
0.260198
0.564596
0.173569
0.203669
0.370009
0.206535
0.180185
0.195366
0.145334
0.251716
0.281386
0.232660
0.177489
0.170161
0.116967
0.106837
0.107717
0.106163
0.145847
0.080073
0.141869
0.227609
0.480372
0.406869
0.393664
0.274922
0.400804
0.340325
0.540583
0.217450
0.246737
0.240359
0.451827
0.464580
0.259288
0.258012
0.236830
0.240187
0.158643
0.140308
0.182927
0.200751
0.156694
0.172086
0.154363
0.224615
0.292826
0.180520
0.236560
0.234359
0.577515
0.308213
0.208143
0.195647
0.194541
0.236948
0.205186
0.238030
0.246394
0.205495
0.335357
0.112612
0.165515
0.179521
0.154299
0.136629
0.143773
0.098303
0.192694
0.190577
0.255158
0.195916
0.307731
0.336761
0.303018
0.209038
0.282898
0.417792
0.360261
0.385526
0.197134
0.151310
0.226196
0.251197
0.211249
0.105845
0.171137
0.111276
0.123334
0.217712
0.183260
0.097253
0.347118
0.232740
0.210882
0.233422
0.435111
0.481793
0.447352
0.476075
0.335671
0.460392
0.529230
0.385453
0.458611
0.380550
0.437144
0.327203
0.391264
0.297932
0.177525
0.237962
0.253476
0.183891
0.203610
0.120107
0.129896
0.337866
0.496330
0.205931
0.254455
0.267339
0.220217
0.136929
0.208655
0.272558
0.335044
0.321796
0.339362
0.194155
0.464939
0.273997
0.155594
0.161632
0.166664
0.108234
0.126223
0.149900
0.204987
0.104298
0.158593
0.257036
0.432020
0.289698
0.220868
0.244319
0.732785
0.452153
0.582345
0.415834
0.491622
0.645382
0.227581
0.258270
0.307445
0.208295
0.251848
0.218627
0.149870
0.093693
0.125040
0.175772
0.181424
0.109709
0.179232
0.558751
0.255146
0.214584
0.176882
0.207276
0.509412
0.301453
0.333483
0.342308
0.360704
0.273871
0.359140
0.197405
0.293544
0.243938
0.150149
0.145635
0.275034
0.126301
0.125575
0.103211
0.153895
0.143492
0.114732
0.150339
0.220750
0.253391
0.369753
0.249948
0.641341
0.249223
0.418816
0.332548
0.368788
0.203147
0.303314
0.248188
0.238437
0.291688
0.207835
0.204603
0.177579
0.169353
0.116652
0.143578
0.166738
0.122968
0.188854
0.250189
0.266119
0.198368
0.189688
0.157018
0.227302
0.438997
0.282802
0.177410
0.257984
0.269773
0.183509
0.239619
0.337013
0.238125
0.237509
0.201713
0.180155
0.206463
0.119745
0.192933
0.120960
0.166251
0.158129
0.274710
0.629644
0.299242
0.254995
0.506264
0.417342
0.282127
0.379600
0.490525
0.486569
0.526938
0.458661
0.397074
0.347397
0.347789
0.215573
0.210355
0.246704
0.208380
0.179041
0.155154
0.161254
0.121932
0.189510
0.315751
0.408979
0.199545
0.130896
0.175132
0.163929
0.244217
0.354812
0.603268
0.399466
0.476823
0.361366
0.257034
0.322759
0.268355
0.212673
0.203792
0.116106
0.140166
0.177652
0.139963
0.131163
0.104012
0.191357
0.219072
0.288039
0.257400
0.194522
0.494686
0.330505
0.458935
0.309454
0.434304
0.487736
0.335576
0.550507
0.457603
0.316048
0.342753
0.298216
0.182722
0.247591
0.234589
0.211183
0.198464
0.142527
0.174516
0.121915
0.262814
0.300726
0.241443
0.243070
0.284622
0.210330
0.214347
0.158524
0.124708
0.149937
0.090372
0.302375
0.186070
0.167013
0.215930
0.138432
0.200601
0.159674
0.113298
0.126791
0.100499
0.131434
0.144158
0.172381
0.212634
0.505159
0.297094
0.133268
0.142605
0.153106
0.167857
0.156909
0.202250
0.220473
0.303189
0.331654
0.181051
0.311601
0.502482
0.219905
0.197550
0.216368
0.173516
0.082566
0.119979
0.137270
0.154101
0.129845
0.194279
0.551883
0.162638
0.249132
0.154210
0.148926
0.161841
0.138407
0.164964
0.130994
0.150456
0.233354
0.191024
0.152143
0.121165
0.203601
0.218920
0.184926
0.174052
0.209410
0.187957
0.208882
0.133317
0.136176
0.148145
0.522200
0.450509
0.236041
0.169291
0.224197
0.241127
0.140850
0.168913
0.154092
0.127874
0.179923
0.189243
0.249372
0.377363
0.180936
0.127378
0.132784
0.100521
0.136550
0.114660
0.074532
0.083731
0.085784
0.171647
0.417091
0.153575
0.170463
0.166940
0.189325
0.131233
0.143354
0.226039
0.224241
0.170725
0.277405
0.325138
0.239207
0.289317
0.174564
0.162799
0.179392
0.155592
0.116315
0.132023
0.184013
0.146735
0.098743
0.128475
0.476951
0.429240
0.388310
0.215106
0.281460
0.232342
0.354696
0.281525
0.268315
0.392628
0.430751
0.328586
0.289309
0.250287
0.240665
0.167025
0.198193
0.137649
0.168214
0.104733
0.166077
0.099303
0.233622
0.171776
0.563760
0.323358
0.333724
0.373226
0.177634
0.365668
0.467872
0.385109
0.615657
0.507554
0.523440
0.434905
0.361206
0.224314
0.190851
0.131819
0.218041
0.227551
0.136755
0.224117
0.131286
0.197194
0.393272
0.153843
0.343328
0.363749
0.133869
0.154153
0.207785
0.174565
0.295194
0.364325
0.243427
0.184664
0.211226
0.361808
0.250355
0.309981
0.259527
0.149374
0.190734
0.199720
0.213276
0.200862
0.155809
0.169619
0.216724
0.198933
0.345991
0.198359
0.238458
0.408875
0.375827
0.230416
0.322639
0.309957
0.210099
0.306490
0.298802
0.422398
0.319084
0.270216
0.170628
0.182247
0.172694
0.215228
0.158828
0.102554
0.123656
0.135908
0.144134
0.156729
0.183885
0.160954
0.251439
0.122841
0.441225
0.171893
0.209574
0.245709
0.162441
0.178573
0.274933
0.154895
0.173739
0.321941
0.299444
0.143747
0.115196
0.116339
0.141559
0.095194
0.119897
0.156548
0.096972
0.138289
0.209938
0.427841
0.121409
0.352378
0.323893
0.276534
0.182168
0.235047
0.185567
0.284239
0.162535
0.153049
0.150523
0.210772
0.151024
0.168970
0.137093
0.142016
0.137775
0.107375
0.092390
0.123344
0.114775
0.140973
0.318544
0.253835
0.370149
0.460630
0.345149
0.426141
0.476034
0.263629
0.357272
0.229935
0.212415
0.285534
0.190287
0.307718
0.189865
0.175100
0.175441
0.154320
0.115251
0.132741
0.188808
0.173152
0.091884
0.166491
0.241653
0.217509
0.216789
0.320504
0.182782
0.148985
0.233541
0.214702
0.177829
0.304392
0.270874
0.186813
0.184836
0.267045
0.120812
0.204053
0.181679
0.080445
0.112770
0.199603
0.153461
0.090834
0.096584
0.188567
0.205861
0.240952
0.353191
0.324059
0.576542
0.453336
0.376531
0.199802
0.289020
0.255687
0.275420
0.265923
0.240591
0.308938
0.209496
0.173425
0.167147
0.161929
0.154242
0.136788
0.119953
0.137136
0.119675
0.175493
0.152896
0.165996
0.117732
0.126036
0.313013
0.135797
0.174660
0.170117
0.121848
0.227291
0.217655
0.257743
0.214918
0.305484
0.196784
0.122629
0.137660
0.141095
0.157796
0.158140
0.113456
0.139819
0.114818
0.195277
0.125395
0.554788
0.257936
0.243916
0.169285
0.253874
0.400308
0.309814
0.301088
0.168459
0.383641
0.278588
0.454225
0.426332
0.176877
0.180364
0.187047
0.176763
0.177333
0.144002
0.086913
0.194380
0.131555
0.238350
0.207831
0.182131
0.146809
0.256487
0.648795
0.316376
0.318576
0.271424
0.243816
0.316843
0.692154
0.270044
0.429192
0.469657
0.149162
0.188973
0.177778
0.242648
0.099383
0.169810
0.135666
0.101339
0.156099
0.178597
0.189809
0.194958
0.315790
0.362903
0.583655
0.354203
0.450647
0.413705
0.265800
0.295450
0.528880
0.539563
0.458690
0.279249
0.224701
0.113588
0.093781
0.137699
0.140865
0.116604
0.131293
0.204725
0.211821
0.247337
0.235342
0.294800
0.152945
0.614963
0.349760
0.228016
0.427995
0.347436
0.332138
0.654840
0.359876
0.366341
0.236979
0.341591
0.145233
0.161932
0.204938
0.183666
0.186046
0.151902
0.139911
0.161266
0.182663
0.239831
0.361651
0.101439
0.101683
0.140399
0.302827
0.246847
0.335023
0.317807
0.304713
0.235005
0.219115
0.202351
0.148698
0.196606
0.156092
0.143826
0.181754
0.095286
0.100374
0.139599
0.162331
0.115492
0.152527
0.186306
0.380859
0.271562
0.213326
0.145337
0.106932
0.154002
0.106510
0.138117
0.316895
0.271369
0.413015
0.303819
0.208813
0.190587
0.236923
0.102640
0.157818
0.141773
0.121682
0.094910
0.140624
0.118321
0.121481
0.181281
0.255333
0.170975
0.313698
0.318003
0.272318
0.177376
0.142151
0.173480
0.361672
0.314752
0.135277
0.252060
0.243307
0.286654
0.163416
0.168782
0.137164
0.126177
0.112396
0.148445
0.118715
0.096216
0.129871
0.193921
0.403859
0.149501
0.160914
0.174030
0.226668
0.161420
0.131191
0.211915
0.197127
0.124219
0.287137
0.290878
0.308005
0.294760
0.459472
0.195045
0.162179
0.145291
0.080401
0.070023
0.121651
0.120878
0.073076
0.162996
0.257859
0.195225
0.276080
0.468737
0.354732
0.489162
0.341677
0.201771
0.161806
0.197437
0.248966
0.308590
0.359464
0.249382
0.250915
0.143414
0.113102
0.094222
0.156597
0.097549
0.156931
0.101978
0.103227
0.229008
0.422410
0.309808
0.423395
0.304081
0.510940
0.282098
0.343710
0.195843
0.298682
0.173873
0.334457
0.331657
0.196641
0.276143
0.162937
0.179101
0.151081
0.114194
0.122414
0.087823
0.117361
0.136345
0.146583
0.186773
0.328396
0.118356
0.169471
0.380340
0.348224
0.243392
0.156846
0.153815
0.310009
0.135998
0.182182
0.187888
0.185715
0.306116
0.117834
0.120620
0.120715
0.129372
0.076434
0.123865
0.088436
0.100102
0.122603
0.237338
0.111604
0.202642
0.525438
0.248304
0.452525
0.147432
0.374630
0.308998
0.405691
0.601913
0.588569
0.252306
0.175034
0.244472
0.248603
0.128993
0.110026
0.113021
0.141239
0.131242
0.081952
0.098551
0.164206
0.142144
0.247587
0.170062
0.399743
0.139126
0.231614
0.244904
0.387688
0.568260
0.372274
0.253581
0.364847
0.313420
0.361017
0.221295
0.131534
0.102099
0.143588
0.149902
0.084341
0.120893
0.179019
0.106040
0.132073
0.140035
0.605685
0.353652
0.170738
0.173923
0.162999
0.101438
0.241731
0.281685
0.254057
0.157065
0.283457
0.249523
0.225664
0.239971
0.257369
0.241964
0.197031
0.170157
0.144772
0.104333
0.146304
0.071386
0.078233
0.173079
0.388060
0.157309
0.342367
0.133792
0.348160
0.241851
0.323222
0.233289
0.232997
0.191086
0.222999
0.197786
0.258384
0.422935
0.202561
0.224298
0.109911
0.097337
0.131768
0.186652
0.128307
0.115757
0.102442
0.158605
0.274269
0.164658
0.168067
0.442563
0.362130
0.154549
0.345919
0.260148
0.235265
0.228314
0.299814
0.185281
0.244378
0.204642
0.213099
0.161037
0.142646
0.215764
0.136218
0.127302
0.117998
0.158556
0.122990
0.131699
0.188330
0.176786
0.386967
0.427424
0.196581
0.238882
0.275776
0.169305
0.188204
0.191027
0.462678
0.253223
0.271024
0.282876
0.165276
0.208593
0.126399
0.198393
0.122750
0.118302
0.152006
0.199225
0.159827
0.244372
0.155566
0.255180
0.240533
0.623003
0.409785
0.446228
0.256537
0.218697
0.248165
0.174651
0.248441
0.217313
0.173255
0.176188
0.359910
0.129642
0.133923
0.081832
0.178915
0.079529
0.081907
0.083421
0.173841
0.175172
0.226673
0.359551
0.136583
0.273894
0.236083
0.242982
0.211884
0.093394
0.160820
0.166335
0.252934
0.143086
0.357369
0.350161
0.185277
0.194256
0.106149
0.133976
0.105716
0.088335
0.129538
0.094196
0.146813
0.157361
0.150081
0.194424
0.454614
0.209757
0.158414
0.398910
0.127544
0.165936
0.158590
0.123899
0.482125
0.144342
0.175450
0.190143
0.162275
0.116625
0.156838
0.165456
0.083796
0.064606
0.092233
0.130675
0.109127
0.191668
0.302485
0.095375
0.121466
0.199676
0.151789
0.166185
0.182210
0.075898
0.137636
0.162256
0.283523
0.204509
0.398024
0.379426
0.329795
0.272429
0.161177
0.179088
0.118876
0.171728
0.075099
0.080689
0.115410
0.170728
0.568379
0.182047
0.148146
0.219390
0.205995
0.119792
0.092000
0.277626
0.323790
0.371924
0.280827
0.330112
0.155999
0.301644
0.175723
0.130007
0.120679
0.141828
0.119035
0.102019
0.106145
0.146095
0.108270
0.144052
0.142874
0.227560
0.337400
0.179659
0.281903
0.172235
0.144830
0.121522
0.164629
0.163432
0.160381
0.247384
0.252886
0.246652
0.219127
0.126341
0.129776
0.115681
0.082092
0.069963
0.125167
0.070284
0.071391
0.211541
0.328779
0.282326
0.232327
0.222136
0.322545
0.329776
0.186644
0.225532
0.205064
0.169313
0.397357
0.412916
0.280858
0.140246
0.199820
0.218321
0.126440
0.176536
0.085478
0.108663
0.095261
0.196698
0.242514
0.165026
0.225673
0.341869
0.316608
0.164680
0.131093
0.160491
0.149780
0.229519
0.251122
0.258053
0.223444
0.330898
0.171630
0.175133
0.261640
0.169611
0.096391
0.094582
0.129471
0.094837
0.109647
0.098077
0.152892
0.226987
0.309949
0.372404
0.200992
0.190661
0.389295
0.297653
0.517910
0.485979
0.487639
0.300807
0.328647
0.298356
0.258767
0.420471
0.184520
0.089153
0.102038
0.124838
0.077815
0.136573
0.133070
0.090434
0.121466
0.274150
0.218239
0.179297
0.212744
0.316887
0.207233
0.180534
0.282736
0.341387
0.239388
0.352827
0.270068
0.397697
0.385930
0.315525
0.164201
0.114192
0.140702
0.112732
0.165599
0.101861
0.079942
0.125773
0.134000
0.254949
0.140691
0.180623
0.247184
0.441327
0.181612
0.282645
0.348500
0.227241
0.624106
0.400478
0.318455
0.267474
0.252046
0.277261
0.210335
0.161066
0.149097
0.138954
0.105439
0.101469
0.089715
0.166100
0.134831
0.137232
0.170420
0.269538
0.369592
0.147178
0.099203
0.141742
0.152667
0.346833
0.303913
0.606392
0.263884
0.335513
0.203963
0.549529
0.408455
0.171067
0.166960
0.181848
0.123388
0.153850
0.150326
0.125769
0.099276
0.259487
0.207531
0.354786
0.198415
0.329321
0.339803
0.359393
0.405008
0.262817
0.108115
0.259768
0.461239
0.267553
0.162523
0.158025
0.120288
0.156529
0.137805
0.094616
0.152489
0.093110
0.119534
0.073700
0.156752
0.137526
0.175812
0.146825
0.152388
0.137103
0.297581
0.150158
0.124030
0.208741
0.226506
0.209946
0.277023
0.285129
0.208543
0.225938
0.157937
0.124789
0.160784
0.113161
0.116775
0.089770
0.098500
0.115331
0.165962
0.219517
0.547656
0.218765
0.217660
0.288430
0.302725
0.139037
0.220078
0.215315
0.271003
0.439406
0.382498
0.167514
0.208760
0.147279
0.122198
0.113494
0.126765
0.137882
0.069976
0.130812
0.096423
0.088053
0.087921
0.252122
0.608568
0.496683
0.352850
0.173107
0.360837
0.188928
0.237166
0.183703
0.166545
0.157529
0.288064
0.252779
0.203045
0.191451
0.165406
0.143152
0.168368
0.117453
0.125155
0.113110
0.134897
0.145768
0.125775
0.217116
0.135206
0.209046
0.228199
0.494774
0.264750
0.265387
0.283823
0.163808
0.171227
0.529064
0.427879
0.272180
0.272181
0.277530
0.212873
0.208485
0.126708
0.194302
0.159345
0.154302
0.103103
0.181685
0.110959
0.147474
0.188489
0.582966
0.295636
0.166158
0.162227
0.415300
0.297670
0.238349
0.282151
0.327512
0.250389
0.224066
0.273229
0.176980
0.153966
0.111620
0.110386
0.086900
0.135110
0.092718
0.141356
0.164735
0.198602
0.341774
0.296606
0.221189
0.283457
0.364232
0.453425
0.340893
0.477313
0.341657
0.387478
0.490923
0.344894
0.290471
0.340815
0.323800
0.255396
0.161837
0.181541
0.119160
0.117258
0.129738
0.143318
0.140823
0.113777
0.185141
0.221125
0.388760
0.292166
0.558641
0.671800
0.477326
0.326537
0.444828
0.433938
0.384582
0.499757
0.506271
0.426584
0.174006
0.237292
0.207560
0.093374
0.222681
0.171305
0.152189
0.117295
0.099718
0.097448
0.221921
0.242075
0.205293
0.185576
0.186343
0.467919
0.385606
0.287599
0.651504
0.845585
0.503231
0.354714
0.273784
0.230872
0.261587
0.298248
0.234280
0.178006
0.206047
0.225777
0.185725
0.131818
0.175930
0.188240
0.127339
0.140747
0.107343
0.125222
0.171050
0.387500
0.208029
0.161007
0.137040
0.132435
0.205835
0.272791
0.332738
0.190408
0.229326
0.161948
0.099841
0.125463
0.122632
0.113349
0.109917
0.099855
0.126598
0.183186
0.135225
0.238838
0.289855
0.307646
0.146019
0.374887
0.294341
0.220717
0.201225
0.188987
0.208568
0.193529
0.288337
0.182827
0.224518
0.183952
0.146652
0.156318
0.088416
0.117995
0.114259
0.077879
0.105694
0.163343
0.209096
0.189235
0.147871
0.194823
0.146981
0.525551
0.236092
0.207015
0.145375
0.066281
0.129695
0.081765
0.077290
0.166663
0.237405
0.106497
0.051155
0.040054
0.032556
0.038458
0.030855
0.020119
0.030642
0.056920
0.068673
0.076160
0.147437
0.307256
0.042774
0.049598
0.047308
0.034048
0.057922
0.057110
0.120923
0.125390
0.128071
0.046762
0.099651
0.070858
0.080183
0.034209
0.045217
0.043761
0.039101
0.058264
0.019175
0.054459
0.123247
0.044396
0.030084
0.087666
0.304838
0.054947
0.092703
0.073561
0.072217
0.049021
0.247294
0.238669
0.108776
0.126459
0.072628
0.087074
0.042673
0.058206
0.067239
0.057371
0.028936
0.026031
0.031225
0.022696
0.056444
0.063151
0.097144
0.249310
0.060288
0.103441
0.123751
0.092018
0.064179
0.076812
0.047706
0.123275
0.090320
0.065334
0.067281
0.086197
0.037233
0.032360
0.137288
0.163242
0.210916
0.164144
0.162371
0.197612
0.170485
0.205592
0.276844
0.373923
0.229096
0.240975
0.274671
0.152662
0.162319
0.403289
0.278742
0.212593
0.196800
0.443080
0.396336
0.295060
0.179543
0.220402
0.179525
0.142553
0.139526
0.175672
0.151999
0.160917
0.482835
0.236162
0.227872
0.160560
0.132080
0.234793
0.192048
0.311762
0.250683
0.366048
0.575484
0.317820
0.318306
0.200876
0.231196
0.140289
0.191242
0.157447
0.092368
0.184259
0.141148
0.128095
0.116863
0.189425
0.234633
0.643320
0.266942
0.235389
0.176403
0.147622
0.243478
0.195982
0.187935
0.374188
0.590304
0.401591
0.250842
0.205051
0.269875
0.169000
0.154664
0.090756
0.115825
0.111747
0.139680
0.106413
0.067718
0.106139
0.139446
0.235920
0.200167
0.165221
0.574384
0.177784
0.200540
0.178789
0.171163
0.198618
0.206602
0.291287
0.213573
0.177514
0.169183
0.145094
0.116548
0.176035
0.198510
0.159485
0.140821
0.153948
0.126131
0.164450
0.205073
0.214436
0.191174
0.530366
0.426364
0.248158
0.250609
0.301157
0.311356
0.344614
0.292084
0.359085
0.305889
0.351662
0.346955
0.146488
0.154178
0.148392
0.177596
0.104504
0.140086
0.113473
0.157447
0.181834
0.241288
0.506051
0.428223
0.208718
0.231149
0.229023
0.222676
0.268060
0.260399
0.321251
0.515066
0.300865
0.376695
0.459655
0.403866
0.145101
0.173594
0.139621
0.084407
0.071022
0.096885
0.112202
0.092026
0.151017
0.248908
0.229335
0.349399
0.306191
0.154303
0.182008
0.235918
0.155173
0.137668
0.153844
0.387521
0.269641
0.467504
0.353405
0.298049
0.150832
0.188204
0.113866
0.104744
0.083190
0.086980
0.128856
0.098347
0.138831
0.217037
0.151677
0.158306
0.210612
0.118915
0.229350
0.291262
0.261403
0.152663
0.156208
0.117375
0.180420
0.220042
0.197933
0.199657
0.099405
0.178965
0.096162
0.092904
0.110413
0.126231
0.162193
0.121050
0.228899
0.272739
0.663077
0.169052
0.139615
0.194880
0.132544
0.155381
0.173332
0.341385
0.140842
0.256815
0.277033
0.255199
0.219672
0.311327
0.109664
0.128630
0.132696
0.178146
0.153206
0.176885
0.124435
0.119623
0.188100
0.199381
0.845826
0.406812
0.240988
0.448858
0.367887
0.356115
0.255588
0.230284
0.190955
0.168743
0.221546
0.245864
0.169945
0.185545
0.141140
0.082892
0.164882
0.180555
0.342566
0.127866
0.099457
0.075321
0.107819
0.497173
0.257099
0.547759
0.218423
0.166666
0.177279
0.304737
0.273460
0.303814
0.147804
0.136696
0.271771
0.223746
0.176242
0.216788
0.171035
0.104007
0.156122
0.137754
0.117456
0.108187
0.108807
0.081643
0.102827
0.286019
0.544443
0.126480
0.265633
0.201661
0.158654
0.164653
0.154699
0.167865
0.173992
0.216927
0.170443
0.350484
0.295450
0.156887
0.265637
0.129805
0.075893
0.134078
0.102287
0.141729
0.125443
0.153459
0.191237
0.403551
0.298421
0.138168
0.146182
0.144846
0.153483
0.283128
0.334889
0.380905
0.381202
0.196700
0.285820
0.432394
0.263081
0.186777
0.171438
0.150049
0.127711
0.078349
0.098986
0.148724
0.148550
0.067217
0.153559
0.126418
0.401028
0.422287
0.381039
0.361559
0.404927
0.212438
0.477600
0.286405
0.281950
0.131787
0.124899
0.169560
0.189746
0.124980
0.152464
0.148159
0.127380
0.140731
0.085634
0.104810
0.077164
0.110929
0.127999
0.089228
0.189110
0.133089
0.122806
0.299131
0.513157
0.109680
0.158056
0.180120
0.350037
0.167668
0.308045
0.223138
0.193123
0.205363
0.157554
0.107329
0.134997
0.145779
0.076222
0.098292
0.140688
0.118964
0.163992
0.211732
0.284166
0.163551
0.238920
0.470957
0.402014
0.160528
0.094833
0.142831
0.177546
0.151694
0.195479
0.209380
0.244871
0.207338
0.147826
0.112909
0.097918
0.122834
0.072372
0.068047
0.075193
0.118344
0.220650
0.188169
0.280069
0.197844
0.165232
0.279602
0.213233
0.140826
0.131521
0.114830
0.220606
0.344150
0.290567
0.134993
0.128791
0.261860
0.085654
0.143937
0.148619
0.115840
0.091477
0.105826
0.108163
0.113316
0.094468
0.177161
0.441248
0.137650
0.147847
0.097528
0.129267
0.293048
0.281467
0.240060
0.201342
0.175066
0.152720
0.151731
0.243238
0.221750
0.120257
0.152873
0.126917
0.117310
0.122324
0.157057
0.091543
0.102322
0.132369
0.275150
0.341172
0.387578
0.186090
0.378037
0.285220
0.110298
0.128459
0.140725
0.229849
0.209519
0.212567
0.456975
0.179918
0.199359
0.189229
0.128851
0.135780
0.092729
0.086625
0.096287
0.113622
0.079552
0.183570
0.195509
0.568066
0.131894
0.174469
0.168992
0.255895
0.176926
0.154817
0.111827
0.163828
0.153308
0.190451
0.197276
0.153894
0.098985
0.103403
0.126291
0.104413
0.150876
0.105460
0.104968
0.102593
0.086254
0.117324
0.231106
0.190928
0.513776
0.417687
0.179795
0.248678
0.219420
0.265030
0.275235
0.154109
0.166118
0.167020
0.203581
0.110517
0.193345
0.109728
0.116409
0.113202
0.143391
0.115960
0.171929
0.105945
0.060135
0.068411
0.153442
0.248186
0.375053
0.145193
0.136134
0.142505
0.160513
0.111681
0.150331
0.414701
0.265537
0.384265
0.314018
0.305907
0.305296
0.142585
0.152949
0.095170
0.115023
0.126772
0.090586
0.130131
0.141361
0.116538
0.134192
0.125168
0.146109
0.205008
0.108966
0.358068
0.131819
0.121658
0.153323
0.233353
0.201093
0.281267
0.314002
0.221946
0.192131
0.116699
0.101882
0.130307
0.141277
0.104646
0.130152
0.099823
0.113259
0.076993
0.142048
0.484410
0.178684
0.163317
0.187153
0.244816
0.157813
0.136582
0.484105
0.443608
0.234133
0.194324
0.223307
0.141551
0.187641
0.153867
0.133883
0.095418
0.098872
0.134744
0.122064
0.077654
0.114608
0.166439
0.152743
0.464912
0.267163
0.259278
0.164608
0.247325
0.102771
0.125790
0.102543
0.622807
0.244175
0.193066
0.217647
0.142075
0.139759
0.106830
0.134780
0.082107
0.113404
0.088756
0.107802
0.107688
0.117802
0.095962
0.194707
0.281247
0.277120
0.134834
0.225158
0.371600
0.253008
0.204004
0.223249
0.194089
0.149094
0.198781
0.226428
0.280378
0.208685
0.190761
0.112541
0.079026
0.111889
0.068105
0.108517
0.130096
0.115404
0.223446
0.394025
0.342233
0.346423
0.324794
0.167264
0.189508
0.213650
0.132986
0.493897
0.236727
0.263700
0.387996
0.172196
0.254895
0.172274
0.162518
0.262377
0.188111
0.155381
0.126688
0.155605
0.142254
0.137802
0.165107
0.199915
0.426155
0.324789
0.361485
0.293503
0.386322
0.440939
0.306890
0.182716
0.194192
0.260724
0.407659
0.317254
0.224659
0.225996
0.154598
0.119431
0.130694
0.146663
0.105249
0.121607
0.137154
0.128137
0.276188
0.263807
0.420067
0.219678
0.178279
0.149417
0.168364
0.162927
0.241413
0.329260
0.184569
0.206596
0.203719
0.170598
0.129972
0.178968
0.169259
0.133969
0.092114
0.108926
0.106728
0.101902
0.110495
0.092588
0.140173
0.143805
0.447140
0.332212
0.181363
0.271397
0.162021
0.128328
0.398502
0.215958
0.383337
0.245985
0.288883
0.234667
0.209221
0.195759
0.187659
0.194623
0.133577
0.106681
0.104326
0.094506
0.091911
0.132131
0.182274
0.345086
0.505571
0.202342
0.189569
0.190280
0.196365
0.069028
0.131736
0.295657
0.208205
0.172502
0.188197
0.199273
0.200337
0.171336
0.159317
0.129290
0.127818
0.133242
0.105849
0.105352
0.095402
0.077630
0.155898
0.180363
0.197418
0.267928
0.332463
0.193890
0.202845
0.162131
0.195108
0.209550
0.289223
0.182500
0.167606
0.211824
0.163445
0.124767
0.114663
0.142292
0.061959
0.083076
0.086260
0.141768
0.088775
0.139564
0.114905
0.237867
0.575123
0.236230
0.372766
0.155723
0.184815
0.307918
0.448564
0.194301
0.356270
0.340450
0.444269
0.272023
0.194929
0.154411
0.125440
0.094037
0.112616
0.105888
0.115645
0.130910
0.112616
0.144857
0.183827
0.161398
0.588106
0.258801
0.152388
0.177701
0.255049
0.156963
0.143739
0.156361
0.178117
0.211099
0.291516
0.244213
0.295975
0.160670
0.200222
0.107556
0.163796
0.147371
0.114837
0.129408
0.133200
0.101054
0.129330
0.153882
0.401050
0.192619
0.211080
0.140535
0.319119
0.218067
0.216400
0.303825
0.130289
0.144027
0.278821
0.119626
0.137178
0.160420
0.184461
0.161243
0.086767
0.113376
0.114509
0.119563
0.106172
0.093190
0.153059
0.166861
0.278763
0.492570
0.190557
0.208214
0.141390
0.152364
0.099380
0.182367
0.194199
0.382204
0.288462
0.181122
0.198755
0.200525
0.151189
0.146987
0.159492
0.126639
0.084397
0.164886
0.163748
0.130966
0.082570
0.139163
0.472877
0.604078
0.554351
0.321676
0.401241
0.286372
0.155376
0.145894
0.150699
0.234871
0.223897
0.248366
0.169184
0.200467
0.617403
0.168420
0.104678
0.129477
0.099659
0.133002
0.091793
0.084998
0.082641
0.194542
0.159451
0.460085
0.193919
0.148915
0.123093
0.358105
0.182311
0.191988
0.149322
0.246535
0.262933
0.245331
0.233852
0.288108
0.166183
0.139000
0.148607
0.112658
0.128582
0.110233
0.109688
0.131963
0.097450
0.237458
0.460186
0.369310
0.156617
0.151449
0.335135
0.508753
0.200312
0.148549
0.200198
0.318627
0.230418
0.298880
0.143773
0.148528
0.150831
0.144426
0.147844
0.082074
0.115127
0.091809
0.089720
0.069084
0.099099
0.199522
0.279608
0.451347
0.344256
0.298844
0.152576
0.166099
0.355740
0.191116
0.228987
0.165443
0.237587
0.257233
0.144026
0.396806
0.526323
0.160651
0.113292
0.142160
0.152062
0.104712
0.117456
0.124109
0.125270
0.155696
0.329790
0.530645
0.286015
0.140438
0.216058
0.314219
0.226067
0.241057
0.211516
0.342767
0.200176
0.327511
0.319547
0.451821
0.425919
0.305062
0.151187
0.122353
0.094084
0.156676
0.175675
0.173053
0.138087
0.271348
0.363080
0.512063
0.377098
0.216336
0.237506
0.484942
0.441710
0.412952
0.563814
0.332054
0.486196
0.445345
0.343491
0.516304
0.261763
0.205812
0.163646
0.190148
0.149723
0.087569
0.164598
0.154738
0.155496
0.489900
0.304080
0.338296
0.421188
0.343779
0.240144
0.189405
0.215875
0.179104
0.176421
0.212745
0.209736
0.195150
0.181377
0.428992
0.534816
0.183341
0.154494
0.202398
0.182966
0.146678
0.128391
0.100027
0.134843
0.262558
0.790547
0.616046
0.212219
0.136792
0.184032
0.187724
0.219433
0.206328
0.265687
0.138992
0.210163
0.223584
0.216022
0.416801
0.442448
0.269900
0.172192
0.132943
0.093069
0.116962
0.110906
0.131100
0.101595
0.296925
0.434193
0.486940
0.202348
0.273574
0.275574
0.239393
0.248327
0.198500
0.154432
0.207815
0.215469
0.232691
0.265031
0.232633
0.242164
0.129346
0.137888
0.101706
0.107583
0.086789
0.127653
0.102602
0.138427
0.140888
0.455973
0.565607
0.265589
0.216002
0.195476
0.264075
0.160413
0.197624
0.166354
0.168578
0.196084
0.225876
0.215527
0.197144
0.208463
0.227279
0.191266
0.172470
0.108310
0.100252
0.131485
0.139436
0.171284
0.117545
0.206731
0.938517
0.185280
0.156395
0.274199
0.169726
0.320032
0.161160
0.352947
0.609583
0.155967
0.252629
0.246497
0.211007
0.337822
0.256447
0.157850
0.153736
0.117485
0.083196
0.128873
0.088012
0.104320
0.240204
0.311387
0.392056
0.142308
0.157065
0.143049
0.143481
0.259204
0.286448
0.275701
0.483743
0.247971
0.261151
0.388950
0.128878
0.203426
0.167264
0.138052
0.144760
0.116405
0.127383
0.092818
0.116446
0.084713
0.194443
0.200048
0.597028
0.095483
0.203367
0.137545
0.404067
0.131756
0.397522
0.174749
0.178232
0.285740
0.266688
0.208136
0.139568
0.247222
0.224291
0.228352
0.214311
0.126885
0.152997
0.125668
0.157447
0.143620
0.108332
0.216294
0.340732
0.309000
0.151236
0.222749
0.173343
0.136319
0.216380
0.169315
0.171239
0.161824
0.108797
0.140121
0.152114
0.160426
0.185101
0.096251
0.164398
0.094458
0.089895
0.115033
0.067304
0.169656
0.103570
0.234969
0.337628
0.375850
0.236696
0.156960
0.229532
0.220177
0.333330
0.444110
0.693089
0.278972
0.449878
0.326511
0.273715
0.181749
0.175809
0.222584
0.100830
0.128619
0.147925
0.110065
0.153668
0.133150
0.130904
0.408873
0.574218
0.351551
0.592191
0.324732
0.167573
0.205040
0.165758
0.177459
0.127486
0.226477
0.253415
0.183094
0.184541
0.166489
0.163456
0.128333
0.191138
0.099469
0.114192
0.202709
0.142907
0.134397
0.163319
0.501055
0.283800
0.109459
0.142072
0.116811
0.138600
0.148604
0.225261
0.165531
0.194603
0.161961
0.214373
0.218614
0.336365
0.233806
0.162529
0.163362
0.190537
0.180327
0.102104
0.140232
0.087557
0.135165
0.194635
0.257637
0.395386
0.228974
0.149403
0.108724
0.104862
0.136784
0.180034
0.209059
0.481861
0.273677
0.397686
0.276610
0.227074
0.220981
0.229469
0.239006
0.110908
0.133956
0.157596
0.203914
0.139108
0.191721
0.148946
0.178486
0.346862
0.618245
0.227583
0.262026
0.210549
0.184211
0.299777
0.208609
0.276736
0.141098
0.229291
0.219135
0.233040
0.255268
0.281938
0.162597
0.143528
0.177517
0.152243
0.133380
0.092038
0.157358
0.139488
0.153270
0.474298
0.245432
0.187458
0.264743
0.218087
0.153787
0.195644
0.215754
0.257838
0.266024
0.336239
0.265835
0.223721
0.222686
0.135321
0.165003
0.166673
0.158237
0.120186
0.133439
0.132051
0.126395
0.093059
0.170704
0.442127
0.290180
0.190490
0.157106
0.125558
0.163575
0.176769
0.134886
0.209498
0.166635
0.283695
0.146509
0.195179
0.139168
0.164547
0.132216
0.211968
0.114014
0.119584
0.158314
0.083071
0.106490
0.121587
0.213231
0.585863
0.738433
0.252821
0.295711
0.164085
0.151290
0.213821
0.127202
0.153020
0.166964
0.263036
0.276235
0.237228
0.226054
0.198239
0.140486
0.135182
0.117351
0.123454
0.068290
0.118164
0.110691
0.131873
0.386463
0.500959
0.508477
0.297622
0.271866
0.242597
0.300491
0.210039
0.191171
0.258738
0.328962
0.324972
0.225533
0.147527
0.142234
0.339724
0.268075
0.087186
0.130970
0.117059
0.144385
0.119004
0.150686
0.156959
0.382538
0.645830
0.324202
0.349347
0.249886
0.185507
0.187794
0.328966
0.177893
0.555728
0.299524
0.256728
0.294329
0.310781
0.236972
0.199967
0.187761
0.139841
0.129746
0.161121
0.170373
0.206616
0.164621
0.199566
0.277844
0.519570
0.168458
0.153000
0.166766
0.318784
0.340962
0.247692
0.554283
0.245466
0.251331
0.195484
0.183549
0.247343
0.193556
0.212680
0.211049
0.191182
0.230746
0.139449
0.174744
0.167139
0.163200
0.160468
0.279914
0.577489
0.215955
0.209455
0.166435
0.250511
0.222641
0.129966
0.150254
0.225569
0.338335
0.190300
0.190872
0.248715
0.212928
0.199470
0.122571
0.082649
0.150412
0.127045
0.103700
0.147071
0.127836
0.247877
0.191197
0.414893
0.151900
0.298728
0.130757
0.238731
0.259541
0.151160
0.248115
0.420966
0.389350
0.320723
0.290878
0.257089
0.249137
0.255860
0.241706
0.193464
0.244175
0.094859
0.149874
0.109077
0.123358
0.288805
0.335068
0.521406
0.204707
0.163514
0.174970
0.132994
0.194847
0.230090
0.274026
0.241740
0.292675
0.155192
0.224263
0.179671
0.158680
0.189323
0.133089
0.121875
0.134574
0.148985
0.128917
0.108947
0.075965
0.202958
0.208675
0.383926
0.412260
0.277534
0.292774
0.232086
0.219710
0.220340
0.287028
0.191606
0.340167
0.539112
0.392842
0.249695
0.450024
0.253611
0.213228
0.193292
0.132313
0.116017
0.187333
0.125850
0.114541
0.237702
0.321374
0.907932
0.199855
0.179789
0.292013
0.254634
0.226674
0.200640
0.402213
0.458491
0.223192
0.254317
0.168956
0.261651
0.169730
0.238897
0.141413
0.166762
0.176140
0.167747
0.181294
0.105378
0.156644
0.222925
0.359823
0.583449
0.204576
0.273490
0.178737
0.228790
0.218422
0.306824
0.621253
0.366269
0.442703
0.337569
0.242778
0.189880
0.305191
0.248712
0.150730
0.158245
0.122717
0.168364
0.170412
0.125424
0.100051
0.156310
0.320481
0.405509
0.433881
0.152046
0.186757
0.189736
0.138404
0.230669
0.314467
0.184225
0.328116
0.267555
0.305255
0.294967
0.292100
0.270579
0.141445
0.147337
0.194976
0.144207
0.094263
0.161902
0.170848
0.181935
0.343493
0.742287
0.432725
0.416639
0.233240
0.206485
0.242198
0.227634
0.260056
0.255465
0.366269
0.396311
0.289799
0.340980
0.184342
0.237556
0.206092
0.175871
0.175782
0.148791
0.134063
0.151636
0.174927
0.178372
0.164339
0.601205
0.598521
0.351418
0.333090
0.360707
0.180176
0.360780
0.175953
0.300846
0.304061
0.210948
0.201357
0.189626
0.341662
0.251043
0.202348
0.228905
0.150537
0.167856
0.160456
0.164799
0.156811
0.209935
0.324676
0.555780
0.496916
0.322067
0.245098
0.342258
0.297085
0.347063
0.275158
0.484741
0.552160
0.398621
0.354849
0.365132
0.401721
0.465559
0.302569
0.244291
0.191932
0.136120
0.137154
0.105311
0.192001
0.138327
0.266681
0.314378
0.403543
0.317114
0.225659
0.304772
0.159505
0.228240
0.247413
0.268475
0.276481
0.310754
0.208193
0.371694
0.299137
0.193161
0.227302
0.169571
0.213881
0.167932
0.201711
0.102087
0.231813
0.343802
0.189373
0.659147
0.234417
0.232752
0.374159
0.265657
0.244515
0.235000
0.196366
0.283829
0.414323
0.361193
0.306490
0.288352
0.253393
0.329436
0.150688
0.150310
0.159996
0.156071
0.155154
0.183875
0.125260
0.239999
0.286620
0.646423
0.368492
0.286056
0.245626
0.257308
0.227980
0.309706
0.156711
0.426506
0.338132
0.313172
0.263077
0.377257
0.226138
0.203889
0.154917
0.133098
0.145096
0.135567
0.160009
0.184608
0.206779
0.252162
0.518274
0.255341
0.167400
0.143252
0.225825
0.191180
0.207773
0.307255
0.312101
0.293127
0.279723
0.214604
0.286637
0.326196
0.226879
0.241408
0.175337
0.153703
0.207053
0.193464
0.152570
0.156091
0.134061
0.269821
0.297971
0.357789
0.613792
0.230795
0.242513
0.306375
0.191904
0.185587
0.262218
0.377761
0.368120
0.385104
0.280466
0.280557
0.151394
0.264672
0.158875
0.117809
0.116437
0.149700
0.110900
0.191504
0.108798
0.151839
0.333588
0.449203
0.290973
0.182025
0.298088
0.411149
0.339855
0.262860
0.205704
0.165185
0.175131
0.243316
0.210061
0.206593
0.168434
0.242648
0.198664
0.197667
0.171406
0.173050
0.189358
0.103299
0.154325
0.160640
0.326203
0.593361
0.453484
0.308450
0.205549
0.244209
0.210732
0.200080
0.319472
0.254724
0.298245
0.257124
0.173952
0.211510
0.162703
0.174234
0.150140
0.185618
0.151512
0.117563
0.112184
0.170529
0.139656
0.224263
0.364369
0.546744
0.274758
0.397219
0.260621
0.307756
0.158594
0.194683
0.250502
0.263715
0.660506
0.450718
0.231624
0.238354
0.394974
0.157258
0.172775
0.126097
0.146399
0.167494
0.141071
0.115659
0.105273
0.177362
0.408531
0.473086
0.597209
0.269387
0.264599
0.301092
0.281379
0.201461
0.244290
0.778690
0.349361
0.230980
0.213637
0.181399
0.279172
0.173731
0.129801
0.148570
0.163848
0.151566
0.147447
0.095795
0.180119
0.337054
0.613701
0.383402
0.257441
0.295822
0.310257
0.261206
0.233703
0.266916
0.371666
0.383250
0.325884
0.212599
0.262901
0.285577
0.223965
0.239800
0.232349
0.273636
0.170880
0.191373
0.182455
0.164659
0.164985
0.200020
0.310672
0.648233
0.212942
0.257747
0.430960
0.302594
0.247267
0.318709
0.250212
0.297904
0.247299
0.337732
0.376383
0.287643
0.326554
0.186256
0.136792
0.159139
0.184364
0.133722
0.181591
0.140867
0.212787
0.301162
0.351666
0.313306
0.310917
0.389524
0.512970
0.504689
0.291071
0.166568
0.171768
0.246764
0.260075
0.377474
0.276724
0.303164
0.452240
0.270901
0.198008
0.278930
0.174026
0.136363
0.128567
0.153089
0.143308
0.211864
0.351684
0.295751
0.191465
0.291030
0.225648
0.188186
0.183737
0.341048
0.311466
0.169546
0.182541
0.345306
0.300326
0.203451
0.196708
0.155889
0.203784
0.171594
0.163849
0.137657
0.163983
0.146382
0.095697
0.129357
0.266402
0.774254
0.350083
0.190744
0.266614
0.302311
0.172252
0.160738
0.203451
0.396119
0.172926
0.237118
0.232764
0.227756
0.216788
0.150451
0.154328
0.141145
0.174061
0.191432
0.142825
0.113249
0.136760
0.090755
0.307598
0.599105
0.316733
0.136422
0.186369
0.180103
0.161977
0.190430
0.268941
0.265538
0.402857
0.191544
0.171060
0.180536
0.264164
0.177333
0.193280
0.131053
0.204765
0.135194
0.216179
0.175239
0.172040
0.130971
0.337530
0.727521
0.198473
0.260271
0.174561
0.506406
0.313220
0.319067
0.276441
0.403346
0.355194
0.239283
0.198406
0.208855
0.182612
0.139784
0.140234
0.272491
0.180989
0.178128
0.172445
0.192744
0.143443
0.211956
0.370488
0.671566
0.459145
0.268014
0.219031
0.426993
0.339036
0.251504
0.562123
0.254450
0.278665
0.357812
0.226633
0.297640
0.259434
0.213255
0.146795
0.107316
0.177611
0.157362
0.218123
0.121685
0.202112
0.183567
0.268824
0.774124
0.383099
0.527793
0.279050
0.253943
0.383264
0.362017
0.650008
0.455457
0.338657
0.396773
0.443564
0.382467
0.391839
0.280027
0.182212
0.130661
0.209247
0.162429
0.124602
0.132536
0.256058
0.184568
0.209011
0.661836
0.392735
0.299210
0.277551
0.377869
0.371644
0.269361
0.726774
0.640763
0.411118
0.280951
0.357189
0.328477
0.454716
0.333706
0.193685
0.184299
0.188131
0.130939
0.169471
0.174586
0.200290
0.149362
0.239086
0.546699
0.891765
0.873255
0.312486
0.377520
0.399730
0.430221
0.526773
0.795832
0.686800
0.581688
0.423888
0.424090
0.340332
0.285457
0.198266
0.127994
0.132313
0.149540
0.212618
0.165212
0.158307
0.178723
0.360998
0.708033
1.000000
0.369370
0.435116
0.359252
0.395446
0.204159
0.352585
0.388812
0.341441
0.372945
0.292079
0.325515
0.236625
0.353557
