0.204606
0.187501
0.185673
0.186985
0.213932
0.199123
0.255828
0.411930
0.361505
0.351710
0.392716
0.412539
0.244393
0.397355
0.241956
0.295568
0.321811
0.270871
0.274104
0.361083
0.194155
0.206855
0.198795
0.100194
0.113175
0.103053
0.100897
0.102537
0.085104
0.106427
0.171661
0.128453
0.181362
0.212479
0.187079
0.179112
0.155634
0.197155
0.204044
0.203762
0.240925
0.259202
0.276213
0.236520
0.198326
0.171145
0.140309
0.075685
0.121189
0.085760
0.085479
0.134170
0.099304
0.122548
0.142559
0.179487
0.213791
0.179815
0.161304
0.213838
0.248845
0.304331
0.350586
0.382687
0.340463
0.403354
0.401105
0.401245
0.335214
0.367269
0.329028
0.275276
0.250110
0.284461
0.214400
0.275417
0.259108
0.258218
0.265060
0.288492
0.304800
0.294959
0.310142
0.290788
0.454154
0.445109
0.335917
0.401198
0.347680
0.344400
0.505469
0.543382
0.390607
0.330341
0.261920
0.254141
0.357943
0.309486
0.272745
0.243924
0.292381
0.282165
0.383624
0.369190
0.289663
0.285000
0.397503
0.399291
0.407876
0.333190
0.361838
0.412581
0.445161
0.599468
0.638018
0.595583
0.596797
0.630576
0.484025
0.386188
0.324101
0.284481
0.216918
0.253056
0.258847
0.232172
0.236806
0.256580
0.345479
0.368722
0.363895
0.343041
0.328841
0.297724
0.299692
0.296880
0.298837
0.327312
0.327210
0.315724
0.541554
0.460527
0.426973
0.240621
0.245190
0.227616
0.227147
0.447827
0.249782
0.292850
0.280572
0.268621
0.311502
0.313282
0.321765
0.289804
0.289663
0.328513
0.311267
0.303910
0.274995
0.327341
0.366285
0.338448
0.332262
0.459075
0.301098
0.294724
0.262201
0.271480
0.254984
0.255195
0.284461
0.283079
0.243139
0.333434
0.522247
0.487333
0.586215
0.371768
0.503079
0.355366
0.385312
0.401058
0.370690
0.422052
0.510624
0.416335
0.520560
0.501345
0.402698
0.251985
0.252219
0.216041
0.231646
0.265575
0.207230
0.222133
0.264451
0.480257
0.367410
0.323405
0.345056
0.439298
0.278557
0.299364
0.316469
0.281415
0.285445
0.364551
0.355788
0.356350
0.344212
0.349742
0.274761
0.401292
0.211542
0.186095
0.293131
0.199920
0.191203
0.201091
0.243221
0.267684
0.238535
0.317313
0.274058
0.269606
0.265341
0.219321
0.281134
0.276495
0.392482
0.309440
0.312158
0.328372
0.326685
0.203622
0.340276
0.197951
0.277338
0.226866
0.219555
0.232302
0.253672
0.260561
0.280056
0.318859
0.337323
0.295990
0.345946
0.263560
0.274292
0.233849
0.253578
0.319890
0.394684
0.320593
0.360568
0.345290
0.389435
0.271949
0.261123
0.256578
0.250392
0.304425
0.193499
0.367035
0.257749
0.275089
0.206902
0.366613
0.456731
0.320312
0.277807
0.254375
0.274948
0.210651
0.262670
0.192140
0.253672
0.279728
0.347821
0.322374
0.396418
0.352554
0.299786
0.257890
0.259436
0.276729
0.244252
0.264638
0.279353
0.260467
0.316469
0.331700
0.295521
0.304238
0.294209
0.214588
0.242425
0.214119
0.231271
0.297255
0.359490
0.440095
0.325935
0.389764
0.338307
0.354944
0.341119
0.270355
0.216087
0.234973
0.245705
0.274573
0.242800
0.225320
0.306112
0.414976
0.352835
0.291444
0.280993
0.370503
0.263420
0.255031
0.230147
0.230709
0.246221
0.253531
0.286711
0.314126
0.320499
0.319000
0.317547
0.250110
0.260936
0.196077
0.199451
0.228459
0.253578
0.184080
0.271011
0.277994
0.246314
0.419381
0.406916
0.457575
0.232068
0.206152
0.267075
0.240597
0.339338
0.467229
0.384327
0.426551
0.325701
0.267169
0.192093
0.229312
0.177838
0.188016
0.175743
0.155123
0.160367
0.174609
0.256184
0.300353
0.294232
0.375077
0.289883
0.351129
0.261756
0.245850
0.321329
0.321596
0.292611
0.391994
0.399947
0.369579
0.368384
0.340871
0.273748
0.230348
0.207572
0.208922
0.173236
0.160245
0.185289
0.182735
0.177111
0.270787
0.273659
0.270430
0.267366
0.299444
0.282259
0.292466
0.311614
0.241459
0.271597
0.287627
0.360315
0.360085
0.315836
0.308174
0.261540
0.171905
0.225446
0.179895
0.166759
0.170696
0.155085
0.146434
0.193368
0.254248
0.268068
0.212648
0.282160
0.280417
0.282859
0.145680
0.120463
0.125964
0.141598
0.137933
0.163952
0.177181
0.195210
0.170625
0.162284
0.115875
0.100058
0.121695
0.084870
0.142174
0.177828
0.122679
0.167349
0.275646
0.238877
0.190163
0.213782
0.191461
0.193359
0.186123
0.156257
0.166567
0.177795
0.269114
0.354372
0.344137
0.262159
0.273266
0.213402
0.124462
0.123177
0.091651
0.079239
0.079149
0.106660
0.097522
0.121446
0.160402
0.178778
0.149398
0.122054
0.155410
0.130614
0.161729
0.153103
0.158586
0.320124
0.289710
0.396934
0.281837
0.228741
0.245658
0.215056
0.154462
0.159711
0.142934
0.135670
0.162382
0.145652
0.144011
0.137990
0.180296
0.181221
0.182955
0.236665
0.218941
0.226775
0.220686
0.262818
0.248526
0.239856
0.274067
0.251244
0.274559
0.276375
0.254460
0.197577
0.212020
0.182055
0.180476
0.212306
0.193092
0.170442
0.195810
0.210337
0.292058
0.433323
0.447134
0.385466
0.408120
0.420342
0.376900
0.313100
0.304205
0.326784
0.367733
0.351537
0.417422
0.390279
0.268692
0.198010
0.110979
0.126487
0.117254
0.085995
0.088080
0.103791
0.090587
0.135107
0.185439
0.292475
0.157789
0.447823
0.559948
0.372537
0.413533
0.451412
0.464675
0.426364
0.531263
0.581571
0.579054
0.611704
0.550974
0.343964
0.258375
0.185939
0.165819
0.197936
0.141426
0.136627
0.175303
0.166663
0.267927
0.251310
0.234355
0.248934
0.217046
0.208834
0.257145
0.257236
0.241019
0.219040
0.182393
0.239332
0.231927
0.243924
0.253953
0.184267
0.141575
0.191859
0.178128
0.135342
0.155235
0.149541
0.190036
0.202989
0.203706
0.263162
0.304988
0.358955
0.306989
0.276893
0.268050
0.225001
0.207708
0.240353
0.315522
0.281949
0.298759
0.387955
0.259268
0.265543
0.156742
0.155540
0.150760
0.144597
0.141188
0.182457
0.162180
0.207176
0.259999
0.260842
0.280900
0.256859
0.280150
0.244463
0.213229
0.186798
0.232068
0.199451
0.213604
0.253531
0.217072
0.263748
0.221336
0.189047
0.196438
0.124605
0.148435
0.164744
0.139442
0.163821
0.184094
0.187543
0.220629
0.328030
0.221402
0.212512
0.261236
0.187684
0.205796
0.195791
0.189853
0.239772
0.277938
0.328190
0.287193
0.217728
0.206340
0.174098
0.159148
0.159148
0.165006
0.187904
0.213997
0.213130
0.213613
0.166661
0.284016
0.194493
0.246314
0.257271
0.179623
0.213393
0.217817
0.215642
0.234336
0.212798
0.235020
0.229912
0.200388
0.218538
0.223818
0.183319
0.146055
0.129353
0.202905
0.149166
0.117206
0.145347
0.158028
0.144803
0.173465
0.243503
0.335505
0.332211
0.517017
0.368398
0.349222
0.243320
0.262140
0.222297
0.256029
0.281223
0.285385
0.301182
0.248517
0.272933
0.166975
0.158117
0.153337
0.170302
0.188297
0.154649
0.567111
0.752019
0.925407
0.926317
0.924429
0.972386
0.946104
0.930081
0.930880
0.939340
0.945983
0.936792
0.947756
0.992275
0.976551
0.975578
1.000000
0.905011
0.879941
0.673630
0.142559
0.129109
0.114614
0.142320
0.158563
0.168371
0.215445
0.210066
0.240143
0.214475
0.231187
0.180781
0.208210
0.217953
0.219579
0.249234
0.284494
0.332309
0.451558
0.411504
0.254651
0.225877
0.077887
0.073904
0.125735
0.138247
0.179998
0.228570
0.178460
0.194949
0.222264
0.267422
0.233450
0.256076
0.276274
0.243985
0.249529
0.173840
0.213065
0.245035
0.311684
0.241534
0.351096
0.322027
0.276471
0.208547
0.206764
0.218104
0.159313
0.212022
0.225677
0.211931
0.188141
0.265060
0.241581
0.329731
0.289054
0.349180
0.359724
0.226210
0.246033
0.224054
0.195983
0.219462
0.269840
0.262248
0.490108
0.486335
0.547801
0.426862
0.305922
0.264262
0.229771
0.231318
0.218852
0.279869
0.189961
0.253731
0.263425
0.294350
0.267028
0.230006
0.216884
0.282540
0.174192
0.192595
0.164383
0.231838
0.274048
0.354513
0.272680
0.300428
0.279063
0.317486
0.212690
0.225844
0.219893
0.166647
0.251816
0.193092
0.252861
0.249234
0.225277
0.197698
0.371262
0.309730
0.259638
0.226875
0.245715
0.224748
0.194348
0.245012
0.245832
0.296346
0.287967
0.333106
0.294209
0.286453
0.216087
0.169979
0.192909
0.183381
0.159519
0.196466
0.206237
0.185762
0.253236
0.263846
0.282915
0.320584
0.408457
0.214119
0.415707
0.349466
0.382926
0.290450
0.320982
0.289935
0.302344
0.323995
0.284351
0.214643
0.183269
0.169065
0.143918
0.204217
0.127487
0.157728
0.179511
0.208064
0.279770
0.303427
0.232476
0.253241
0.276593
0.190350
0.230001
0.249356
0.236487
0.227204
0.271058
0.307429
0.314252
0.322116
0.283505
0.258007
0.177613
0.185298
0.173957
0.165756
0.169224
0.180518
0.190828
0.191859
0.275370
0.345478
0.255453
0.286523
0.239332
0.238957
0.228319
0.225882
0.229584
0.239144
0.248611
0.285867
0.294771
0.255453
0.281978
0.258733
0.192187
0.200060
0.276541
0.252969
0.185158
0.235442
0.247814
0.231599
0.268387
0.434331
0.366613
0.283196
0.250532
0.283805
0.252313
0.210183
0.193171
0.188016
0.256952
0.293225
0.320171
0.337042
0.333059
0.245658
0.218993
0.194015
0.240972
0.216650
0.230428
0.204934
0.236333
0.239894
0.333340
0.257655
0.267403
0.232255
0.263138
0.180471
0.339901
0.333106
0.247486
0.276120
0.286336
0.315813
0.368300
0.309252
0.274995
0.275229
0.209339
0.195140
0.194343
0.217775
0.236661
0.198701
0.203387
0.257468
0.431988
0.304331
0.238723
0.209995
0.173067
0.129296
0.112472
0.111863
0.152400
0.172551
0.276729
0.277760
0.237645
0.237317
0.187407
0.138950
0.096351
0.175504
0.131124
0.079949
0.094008
0.094992
0.099444
0.127047
0.144574
0.193546
0.201935
0.227007
0.226163
0.136794
0.141809
0.110645
0.132764
0.149260
0.130937
0.255547
0.358693
0.250720
0.322936
0.186095
0.159898
0.102537
0.093633
0.105021
0.099725
0.088338
0.089650
0.157368
0.248986
0.232537
0.343228
0.312767
0.164163
0.268996
0.246924
0.135482
0.121892
0.160367
0.131311
0.126344
0.132905
0.141575
0.163413
0.145745
0.117440
0.119689
0.122314
0.127797
0.096445
0.120533
0.133795
0.162804
0.156337
0.246689
0.246361
0.160039
0.190734
0.124610
0.243924
0.174051
0.187735
0.238160
0.197904
0.304566
0.244909
0.233849
0.389435
0.308127
0.213229
0.165334
0.234552
0.242987
0.162897
0.167724
0.176160
0.219368
0.303910
0.163179
0.120299
0.129531
0.161585
0.150854
0.157789
0.143637
0.123063
0.124282
0.132202
0.166506
0.245518
0.222414
0.201888
0.305550
0.156009
0.085010
0.076903
0.095555
0.095133
0.079809
0.118424
0.151931
0.169646
0.216650
0.222227
0.218618
0.237645
0.199404
0.229959
0.317078
0.144902
0.126719
0.174801
0.256296
0.258265
0.238816
0.173207
0.129390
0.140450
0.085338
0.099772
0.229678
0.134498
0.090915
0.093493
0.139278
0.164256
0.130655
0.155540
0.123720
0.134311
0.127375
0.120439
0.137779
0.100007
0.100710
0.116409
0.134404
0.197623
0.215759
0.189188
0.136935
0.090540
0.077653
0.082152
0.076059
0.073341
0.085432
0.117815
0.128031
0.113316
0.221383
0.185345
0.116315
0.132155
0.091665
0.093071
0.092930
0.093493
0.245190
0.237692
0.168193
0.098320
0.089369
0.126156
0.067390
0.075075
0.071654
0.073482
0.054971
0.075872
0.080137
0.095086
0.099210
0.106521
0.107739
0.072029
0.064672
0.103803
0.267169
0.184361
0.188063
0.100288
0.081964
0.094664
0.093024
0.085198
0.121001
0.128218
0.112332
0.094336
0.075450
0.072404
0.055393
0.068702
0.071607
0.097382
0.100100
0.333762
0.231506
0.253391
0.248470
0.284696
0.214682
0.123579
0.093633
0.098601
0.103240
0.098179
0.120720
0.141106
0.117159
0.133608
0.094383
0.065562
0.091852
0.073529
0.091618
0.078918
0.087869
0.090118
0.099585
0.152775
0.129624
0.174894
0.194530
0.173395
0.199638
0.231224
0.146120
0.129531
0.137169
0.232349
0.253391
0.256999
0.198748
0.126110
0.098929
0.100616
0.101131
0.088572
0.087307
0.080137
0.082011
0.093352
0.112519
0.298052
0.341494
0.198889
0.121798
0.147714
0.157040
0.124329
0.109051
0.190266
0.188766
0.139466
0.164256
0.195327
0.223961
0.133139
0.149823
0.118002
0.081589
0.091946
0.053049
0.077231
0.083230
0.095695
0.139653
0.149260
0.158820
0.135951
0.132905
0.174168
0.177741
0.130579
0.093947
0.091986
0.100569
0.103100
0.262295
0.243456
0.263326
0.143871
0.143543
0.180331
0.139981
0.081542
0.079059
0.075356
0.088572
0.083230
0.119127
0.177894
0.172083
0.214869
0.265200
0.160226
0.142746
0.158211
0.155306
0.154978
0.169411
0.244534
0.242612
0.204559
0.227930
0.236780
0.276142
0.200501
0.123795
0.114525
0.105391
0.114858
0.095751
0.125524
0.153539
0.232818
0.156913
0.197914
0.179956
0.163685
0.147981
0.191175
0.223047
0.166764
0.163015
0.191559
0.430296
0.318203
0.338626
0.478293
0.390888
0.276682
0.207652
0.201490
0.199275
0.204167
0.201044
0.354335
0.294678
0.286383
0.303675
0.263701
0.375892
0.310986
0.239051
0.382640
0.377766
0.259905
0.225929
0.327341
0.327951
0.316563
0.280619
0.252454
0.257702
0.179815
0.207980
0.209480
0.180706
0.179347
0.220680
0.194671
0.208168
0.318297
0.224710
0.271714
0.251610
0.252547
0.235630
0.222180
0.233193
0.222555
0.223867
0.229256
0.249689
0.262670
0.266044
0.285680
0.240831
0.185204
0.171473
0.234271
0.157368
0.176722
0.239097
0.201841
0.217868
0.260795
0.259811
0.222742
0.242050
0.211026
0.205871
0.184736
0.191203
0.200295
0.238160
0.367691
0.362348
0.335589
0.336808
0.339901
0.215291
0.189938
0.168240
0.156571
0.174988
0.143402
0.099491
0.101225
0.114675
0.187501
0.154696
0.170724
0.140356
0.164866
0.278791
0.304988
0.228647
0.255781
0.337370
0.199779
0.263466
0.213369
0.223492
0.181268
0.169037
0.153478
0.160039
0.129624
0.139091
0.148089
0.172036
0.145652
0.201372
0.224992
0.294724
0.208121
0.165756
0.252688
0.163928
0.142699
0.145136
0.123813
0.145230
0.209105
0.177097
0.310517
0.236567
0.178972
0.180378
0.129249
0.123110
0.126156
0.111488
0.110129
0.177238
0.288632
0.215806
0.252454
0.283290
0.226397
0.231834
0.210089
0.244721
0.188391
0.201232
0.180284
0.147901
0.201935
0.287929
0.269606
0.265716
0.234552
0.165662
0.151791
0.199404
0.162241
0.202122
0.189516
0.216744
0.262904
0.316047
0.240035
0.280572
0.190125
0.209292
0.208496
0.202450
0.137872
0.154649
0.187688
0.201044
0.208496
0.269090
0.269043
0.305269
0.390138
0.405228
0.309955
0.146073
0.138060
0.163366
0.162288
0.177425
0.308409
0.293834
0.192749
0.196873
0.162804
0.138247
0.166084
0.188485
0.126719
0.099351
0.208636
0.176066
0.190969
0.225929
0.269746
0.299317
0.257421
0.209714
0.140169
0.142278
0.136654
0.132671
0.115800
0.120158
0.149213
0.156571
0.188344
0.208168
0.160929
0.207746
0.157883
0.160320
0.167349
0.156430
0.111254
0.105021
0.188907
0.166225
0.151603
0.188344
0.101225
0.081355
0.035757
0.057361
0.071467
0.047332
0.057783
0.065421
0.063453
0.054783
0.084729
0.079527
0.134779
0.146730
0.112894
0.122923
0.085245
0.075778
0.090447
0.096351
0.112191
0.091009
0.133936
0.152259
0.354100
0.263138
0.162007
0.083651
0.088947
0.103428
0.089509
0.082386
0.137919
0.137685
0.168334
0.155774
0.101741
0.105818
0.123345
0.136326
0.108395
0.131686
0.226397
0.225320
0.139513
0.133608
0.177659
0.228553
0.194811
0.144246
0.100007
0.105068
0.099210
0.092977
0.100054
0.109661
0.115097
0.133233
0.184736
0.173535
0.118799
0.107973
0.131546
0.115917
0.103006
0.113630
0.118035
0.152723
0.124062
0.104149
0.214386
0.255682
0.174042
0.123181
0.106975
0.095672
0.098657
0.086177
0.092241
0.105007
0.101352
0.128040
0.162574
0.204667
0.182627
0.172383
0.084289
0.120125
0.073758
0.080933
0.125355
0.109773
0.214166
0.170592
0.169824
0.168170
0.188073
0.142245
0.144433
0.112472
0.122267
0.099023
0.124985
0.141762
0.153290
0.204044
0.286804
0.289288
0.279916
0.339854
0.276354
0.266747
0.248236
0.256015
0.251423
0.249689
0.332590
0.284414
0.224101
0.262623
0.277479
0.304659
0.188485
0.184314
0.189563
0.180096
0.181315
0.165475
0.195327
0.202591
0.263466
0.179253
0.176956
0.242612
0.199920
0.161585
0.158445
0.156243
0.170442
0.197858
0.165522
0.179065
0.143819
0.167975
0.160230
0.160873
0.104510
0.124521
0.121723
0.122726
0.120495
0.147578
0.130430
0.187299
0.173681
0.273481
0.272371
0.333879
0.267605
0.253325
0.282601
0.230128
0.185233
0.205360
0.180059
0.274456
0.340758
0.271489
0.249328
0.201808
0.184595
0.169271
0.180799
0.168755
0.198889
0.211635
0.243221
0.298567
0.272371
0.252219
0.208917
0.209855
0.206574
0.224851
0.225460
0.228225
0.210604
0.265528
0.237785
0.243268
0.322655
0.244534
0.264896
0.200997
0.187266
0.218946
0.181971
0.205449
0.207090
0.239191
0.245940
0.274479
0.368206
0.317734
0.325209
0.292651
0.229725
0.198701
0.151041
0.150760
0.158024
0.151603
0.190828
0.279869
0.273776
0.242495
0.243116
0.209480
0.220211
0.194390
0.240925
0.208589
0.247252
0.207605
0.240316
0.258311
0.342619
0.231927
0.240128
0.254281
0.208683
0.185720
0.136326
0.141012
0.163413
0.184080
0.212620
0.212057
0.266606
0.235161
0.169271
0.163928
0.159102
0.133655
0.179534
0.163788
0.154556
0.221711
0.178222
0.215759
0.255547
0.223867
0.164819
0.205121
0.167349
0.137451
0.131499
0.151556
0.172692
0.220024
0.268247
0.267216
0.299973
0.243924
0.194343
0.148557
0.153618
0.113925
0.126672
0.107317
0.145371
0.111910
0.202028
0.156055
0.221336
0.180752
0.198373
0.166834
0.116175
0.105021
0.093540
0.092040
0.100147
0.119268
0.132202
0.136045
0.185345
0.152353
0.088385
0.063313
0.082011
0.076950
0.074607
0.101413
0.074794
0.076013
0.108208
0.129062
0.161304
0.131733
0.167818
0.163272
0.112566
0.099866
0.089087
0.090353
0.107458
0.084823
0.115987
0.154603
0.233380
0.172083
0.159898
0.111441
0.096117
0.087682
0.088150
0.083276
0.092134
0.105209
0.115190
0.258311
0.345478
0.154649
0.164397
0.338917
0.396231
0.312720
0.280619
0.177941
0.160367
0.145745
0.135014
0.195655
0.269887
0.153150
0.140403
0.109614
0.062703
0.083886
0.080137
0.085994
0.076387
0.094383
0.118846
0.173817
0.184923
0.120861
0.100194
0.108770
0.092274
0.090025
0.082339
0.074044
0.085010
0.085104
0.151697
0.149869
0.154931
0.153103
0.118283
0.062422
0.073201
0.078637
0.073529
0.071701
0.072498
0.072732
0.082573
0.190922
0.183517
0.171099
0.172270
0.234317
0.184689
0.157977
0.148885
0.150291
0.143449
0.153759
0.173395
0.155071
0.198935
0.193780
0.137638
0.088525
0.094570
0.095883
0.100007
0.080465
0.127422
0.099960
0.120673
0.192609
0.210183
0.125266
0.133983
0.171192
0.139466
0.125875
0.142934
0.123907
0.113925
0.191109
0.242331
0.205637
0.213323
0.178128
0.169130
0.084167
0.079293
0.076997
0.097570
0.079855
0.126156
0.099913
0.122079
0.166834
0.155024
0.234669
0.271234
0.220258
0.226655
0.191191
0.199164
0.185975
0.192468
0.240035
0.239426
0.229326
0.280255
0.295427
0.212432
0.141036
0.124833
0.114341
0.128942
0.108077
0.122506
0.124238
0.132742
0.191145
0.199404
0.177987
0.182861
0.153665
0.156055
0.173301
0.161726
0.155962
0.112238
0.128031
0.163179
0.131265
0.114159
0.112707
0.102959
0.093586
0.088431
0.075685
0.074536
0.073447
0.073716
0.075685
0.104740
0.130843
0.146823
0.139185
0.161679
0.166084
0.155673
0.134909
0.129120
0.123893
0.123673
0.120017
0.137547
0.147912
0.133298
0.143238
0.148323
0.090072
0.082644
0.073658
0.070588
0.080611
0.086569
0.092415
0.088291
0.104084
0.143501
0.149265
0.366074
0.160294
0.133983
0.127216
0.112777
0.129460
0.315977
0.141350
0.111118
0.136307
0.169936
0.202225
0.296803
0.120533
0.099772
0.099538
0.079527
0.075310
0.078075
0.097242
0.098038
0.145183
0.143683
0.111020
0.158352
0.170677
0.165709
0.127047
0.131499
0.131311
0.125688
0.124797
0.110598
0.169318
0.300770
0.136373
0.123017
0.086323
0.096492
0.075591
0.072873
0.065093
0.114441
0.127187
0.087354
0.128359
0.126063
0.120814
0.094664
0.064672
0.074325
0.068046
0.109520
0.078637
0.115237
0.127516
0.175738
0.187173
0.164631
0.170583
0.109379
0.073435
0.047566
0.075122
0.073529
0.054596
0.073107
0.073341
0.080933
0.177613
0.126766
0.111394
0.132671
0.140262
0.154228
0.187220
0.182111
0.129062
0.161960
0.184455
0.217259
0.242847
0.211261
0.159289
0.190453
0.096351
0.087447
0.083089
0.084776
0.091009
0.119127
0.103381
0.118002
0.126485
0.155727
0.268949
0.192093
0.147854
0.147854
0.178222
0.140590
0.124048
0.148932
0.181502
0.233005
0.189797
0.224757
0.198420
0.171708
0.120017
0.108442
0.097007
0.084495
0.083276
0.130046
0.100007
0.139138
0.153103
0.164350
0.216790
0.156149
0.129484
0.196077
0.314688
0.153384
0.184736
0.142324
0.176019
0.149026
0.092509
0.125032
0.121095
0.113316
0.085292
0.123579
0.094242
0.086182
0.081308
0.105724
0.107270
0.093024
0.119314
0.142465
0.152775
0.131874
0.143730
0.115472
0.131124
0.188204
0.259811
0.166084
0.177378
0.260045
0.147948
0.162991
0.152728
0.137685
0.104459
0.096586
0.123626
0.102444
0.120345
0.137779
0.132905
0.104599
0.132905
0.146214
0.241300
0.256203
0.240550
0.270754
0.300957
0.146355
0.287882
0.169505
0.141340
0.182674
0.215994
0.229022
0.142840
0.115190
0.078918
0.071795
0.107224
0.149213
0.150151
0.147386
0.163460
0.164959
0.236239
0.214166
0.118658
0.123907
0.144199
0.134545
0.153525
0.148276
0.216087
0.184876
0.156477
0.165475
0.226397
0.183142
0.102584
0.084026
0.107599
0.095461
0.092602
0.092415
0.091993
0.106568
0.101085
0.118190
0.126344
0.156383
0.137825
0.139559
0.141059
0.132483
0.099491
0.112800
0.099397
0.095320
0.116409
0.107177
0.092321
0.099796
0.094887
0.095461
0.073763
0.062656
0.070576
0.079715
0.090871
0.103478
0.108798
0.111645
0.114820
0.127131
0.125402
0.146448
0.119427
0.114867
0.146364
0.118925
0.093694
0.100719
0.110959
0.121442
0.134273
0.101085
0.098413
0.093540
0.086768
0.071917
0.070291
0.085873
0.075928
0.078398
0.090353
0.108644
0.093540
0.119760
0.123809
0.130866
0.103451
0.124090
0.128406
0.083932
0.077653
0.062164
0.074407
0.074179
0.074510
0.080229
0.094992
0.076434
0.074232
0.074232
0.100335
0.096632
0.074232
0.102490
0.101459
0.132764
0.148370
0.130749
0.124751
0.102537
0.098788
0.109473
0.088666
0.082433
0.078778
0.092415
0.085104
0.091712
0.090072
0.089509
0.103100
0.091899
0.045973
0.048832
0.048035
0.097101
0.057923
0.052534
0.080746
0.084495
0.091618
0.137825
0.104787
0.101366
0.104974
0.127516
0.078215
0.081542
0.088010
0.084073
0.074279
0.089650
0.090845
0.090271
0.093258
0.088900
0.054994
0.058989
0.045452
0.045830
0.048129
0.082878
0.110141
0.112847
0.224335
0.201654
0.213932
0.089134
0.104178
0.288773
0.099538
0.106333
0.091852
0.102162
0.184876
0.079059
0.082245
0.081402
0.072732
0.082152
0.058392
0.053378
0.060829
0.051081
0.061907
0.050097
0.052862
0.080980
0.063500
0.096351
0.098273
0.090447
0.092790
0.073716
0.081636
0.105771
0.077184
0.083604
0.097476
0.108536
0.135857
0.125828
0.096679
0.111348
0.081496
0.067530
0.054971
0.085057
0.082245
0.067952
0.086838
0.112566
0.103240
0.092415
0.125969
0.116596
0.157696
0.118658
0.103615
0.117580
0.092274
0.117534
0.135389
0.111160
0.267684
0.118424
0.087494
0.082480
0.058532
0.050050
0.066734
0.073623
0.060876
0.057127
0.103709
0.113456
0.089416
0.127844
0.119596
0.107458
0.097523
0.082105
0.088291
0.123860
0.116034
0.088431
0.091852
0.132811
0.077372
0.078731
0.056096
0.053659
0.067249
0.058861
0.091712
0.051081
0.044848
0.049675
0.081027
0.071326
0.092087
0.121376
0.158539
0.133327
0.100054
0.112004
0.093446
0.076481
0.105162
0.079996
0.087963
0.090025
0.085666
0.102490
0.086229
0.055861
0.044145
0.067718
0.064906
0.050753
0.058861
0.089931
0.069264
0.060079
0.125407
0.114534
0.104318
0.114769
0.105396
0.106708
0.121564
0.106005
0.083604
0.071889
0.077700
0.086416
0.094805
0.097570
0.097945
0.082292
0.060126
0.062188
0.044567
0.045504
0.044380
0.054690
0.071279
0.078918
0.073294
0.100428
0.285211
0.128453
0.071748
0.075263
0.084917
0.083698
0.085666
0.221149
0.165147
0.073013
0.087494
0.097054
0.261733
0.126719
0.076106
0.079293
0.087260
0.083886
0.087307
0.089509
0.088759
0.091712
0.087260
0.085479
0.084120
0.209245
0.106380
0.099866
0.132436
0.109192
0.084307
0.077747
0.068046
0.088994
0.087072
0.078075
0.079715
0.065375
0.045411
0.046114
0.046676
0.042083
0.066218
0.052534
0.059563
0.082011
0.087775
0.080324
0.063594
0.073154
0.068257
0.079328
0.068063
0.078599
0.067207
0.073201
0.071584
0.074056
0.082134
0.085142
0.091543
0.084214
0.061485
0.058251
0.052018
0.049746
0.049664
0.054309
0.054783
0.078707
0.121740
0.116690
0.093586
0.091899
0.109614
0.162335
0.149401
0.136185
0.137638
0.137685
0.147479
0.108255
0.086791
0.087072
0.086041
0.145277
0.047285
0.057787
0.069203
0.061433
0.060173
0.080877
0.069756
0.083750
0.088544
0.094711
0.088661
0.100353
0.091089
0.084935
0.095686
0.148787
0.122764
0.138903
0.098226
0.099280
0.104845
0.097622
0.107625
0.105597
0.091899
0.077957
0.074864
0.070947
0.077311
0.084490
0.092719
0.084654
0.111184
0.118340
0.125233
0.112069
0.105527
0.107177
0.096286
0.089458
0.090601
0.087921
0.091295
0.122140
0.120111
0.115992
0.115879
0.087180
0.101647
0.069920
0.060079
0.086135
0.075122
0.058298
0.097476
0.131640
0.111535
0.070951
0.060641
0.066078
0.069686
0.076223
0.085584
0.084729
0.094570
0.103475
0.112543
0.110258
0.109045
0.120132
0.128031
0.081355
0.064718
0.051269
0.059423
0.075497
0.072713
0.084607
0.088033
0.096525
0.111179
0.124708
0.139470
0.124099
0.107172
0.097396
0.096019
0.100541
0.141467
0.124462
0.084702
0.074312
0.092689
0.085030
0.081576
0.079380
0.074041
0.074066
0.077640
0.067547
0.077052
0.088014
0.076155
0.096962
0.070248
0.062282
0.180893
0.058907
0.213463
0.161257
0.187735
0.277760
0.218524
0.098788
0.085760
0.070576
0.129952
0.088010
0.238629
0.089790
0.052159
0.055721
0.054174
0.063078
0.072638
0.066874
0.077489
0.068222
0.061057
0.048173
0.051127
0.048456
0.054619
0.059575
0.057132
0.062050
0.055441
0.046254
0.061625
0.064672
0.074396
0.076821
0.076487
0.073716
0.060079
0.054573
0.046453
0.045411
0.060313
0.060032
0.059751
0.119682
0.143415
0.161163
0.159867
0.167725
0.161298
0.170174
0.177284
0.170224
0.163586
0.171802
0.183761
0.193598
0.203008
0.184389
0.198218
0.164795
0.146270
0.137596
0.126979
0.118015
0.116697
0.130331
0.122901
0.149343
0.126503
0.129165
0.125903
0.116409
0.108020
0.102608
0.100651
0.115723
0.140998
0.124954
0.090595
0.101604
0.105773
0.107411
0.112754
0.083370
0.130140
0.102584
0.094289
0.098976
0.096023
0.114581
0.087260
0.106521
0.121301
0.151374
0.181479
0.180729
0.220985
0.150165
0.130674
0.113574
0.114666
0.145249
0.170606
0.173254
0.172800
0.184572
0.177102
0.208683
0.127895
0.110621
0.107992
0.107210
0.105415
0.122286
0.129264
0.168066
0.146856
0.174103
0.199690
0.170592
0.170400
0.166604
0.144752
0.145741
0.131335
0.134536
0.140886
0.170855
0.171019
0.137877
0.155507
0.145417
0.123017
0.088994
0.097898
0.178925
0.137685
0.178690
0.190125
0.173489
0.166740
0.190359
0.110785
0.179065
0.203153
0.166084
0.176956
0.163225
0.179347
0.151650
0.153618
0.146448
0.304097
0.308080
0.200763
0.149073
0.084682
0.078590
0.094617
0.100710
0.102256
0.110270
0.093821
0.098273
0.171473
0.298380
0.258499
0.261733
0.187501
0.343369
0.383859
0.278275
0.212573
0.168052
0.213604
0.147198
0.143355
0.203528
0.139044
0.130562
0.097101
0.087541
0.094617
0.097992
0.077606
0.085713
0.109614
0.130796
0.200716
0.187079
0.168802
0.178034
0.155306
0.191625
0.140216
0.170911
0.137591
0.166600
0.169693
0.175410
0.191344
0.175879
0.149729
0.099116
0.111113
0.084073
0.079715
0.109614
0.088572
0.117393
0.086463
0.105958
0.227991
0.160226
0.145136
0.169130
0.144855
0.144199
0.141340
0.125594
0.113644
0.119783
0.094570
0.097242
0.076997
0.078778
0.102490
0.103896
0.042037
0.072826
0.062703
0.073904
0.070670
0.094758
0.094852
0.095836
0.107692
0.081777
0.130796
0.132577
0.104693
0.096492
0.122876
0.134592
0.113878
0.107786
0.109567
0.099163
0.113878
0.085994
0.087682
0.083230
0.072357
0.054596
0.079809
0.071748
0.072592
0.074419
0.092837
0.087354
0.139091
0.152072
0.125172
0.120345
0.115800
0.112144
0.099585
0.096164
0.091618
0.104224
0.114722
0.110457
0.104787
0.094336
0.102725
0.088666
0.081683
0.067155
0.077372
0.097289
0.085901
0.118518
0.127375
0.118940
0.090634
0.109004
0.105443
0.082995
0.119502
0.118424
0.135623
0.112613
0.085385
0.097101
0.103896
0.099023
0.085948
0.113363
0.119268
0.087213
0.085760
0.060266
0.043583
0.046770
0.045270
0.050097
0.062047
0.080511
0.070576
0.061766
0.060829
0.056705
0.049675
0.066921
0.051222
0.057314
0.064203
0.087541
0.083698
0.084073
0.230428
0.122454
0.082527
0.062656
0.065093
0.063078
0.063125
0.077372
0.061766
0.236801
0.072873
0.068561
0.083183
0.221336
0.224101
0.103521
0.101787
0.078215
0.075028
0.134779
0.105724
0.101225
0.077793
0.073013
0.078918
0.104412
0.085573
0.077465
0.047707
0.049019
0.044661
0.046723
0.063594
0.068280
0.076809
0.067155
0.058228
0.056670
0.047057
0.040584
0.047238
0.050097
0.058345
0.064742
0.063418
0.058392
0.047004
0.055252
0.071186
0.075356
0.073623
0.067343
0.071748
0.059985
0.059470
0.048597
0.054877
0.053096
0.052300
0.075122
0.068468
0.086838
0.074841
0.052159
0.055814
0.076809
0.077512
0.067577
0.063641
0.071561
0.090165
0.081589
0.077512
0.088103
0.094899
0.214494
0.054455
0.045692
0.055205
0.058954
0.054408
0.058298
0.078028
0.064156
0.058579
0.068327
0.086369
0.080230
0.075825
0.089322
0.071935
0.099819
0.085994
0.075075
0.082058
0.120252
0.094852
0.217118
0.100616
0.055158
0.057595
0.061157
0.042786
0.050425
0.049863
0.057455
0.071935
0.088994
0.074044
0.062938
0.051737
0.073341
0.058532
0.073201
0.063781
0.078403
0.073341
0.083886
0.079340
0.091149
0.059189
0.217306
0.080605
0.060829
0.060126
0.058158
0.071842
0.055768
0.050659
0.055908
0.058439
0.070904
0.096632
0.064625
0.058486
0.076059
0.056189
0.061110
0.067999
0.053049
0.059235
0.050987
0.063875
0.058954
0.148229
0.189094
0.073716
0.064672
0.048316
0.044614
0.049347
0.053073
0.071232
0.062516
0.068936
0.070647
0.073763
0.058814
0.058861
0.076716
0.071607
0.064109
0.062703
0.068608
0.061672
0.065281
0.067296
0.080043
0.218571
0.082948
0.085948
0.086885
0.066546
0.060501
0.069733
0.050003
0.053190
0.057970
0.060594
0.114581
0.227382
0.095695
0.085854
0.096679
0.204278
0.197717
0.164725
0.055111
0.059657
0.083183
0.084823
0.081214
0.083558
0.073482
0.087213
0.078449
0.062750
0.082058
0.071514
0.071326
0.068093
0.083651
0.075731
0.109004
0.099538
0.088338
0.132905
0.105068
0.066265
0.085620
0.076950
0.105021
0.059985
0.073482
0.076481
0.080324
0.085385
0.101506
0.088853
0.081308
0.073154
0.062235
0.059610
0.059657
0.061391
0.073060
0.077184
0.084401
0.085010
0.080699
0.095227
0.214400
0.077372
0.071654
0.062469
0.085807
0.073388
0.076856
0.099491
0.094711
0.086979
0.097617
0.089603
0.084823
0.071373
0.080043
0.059985
0.077840
0.069873
0.079480
0.072966
0.078403
0.098694
0.091524
0.104693
0.114722
0.090118
0.107083
0.071045
0.087963
0.073013
0.084870
0.068468
0.079949
0.078637
0.094289
0.085994
0.083276
0.059282
0.071889
0.057455
0.052956
0.050941
0.067577
0.067671
0.084214
0.082667
0.066499
0.075169
0.161960
0.085245
0.087775
0.093586
0.085620
0.092462
0.081449
0.084073
0.085713
0.098085
0.095414
0.085245
0.101131
0.083042
0.075685
0.090072
0.086697
0.077981
0.067811
0.094524
0.094664
0.114816
0.115050
0.093774
0.091524
0.087682
0.095883
0.091103
0.076059
0.081870
0.135623
0.077465
0.094430
0.105255
0.134404
0.108208
0.109379
0.089087
0.087025
0.090587
0.090775
0.081261
0.086791
0.090540
0.112894
0.103381
0.184080
0.180143
0.181268
0.189563
0.152447
0.173864
0.145417
0.144058
0.135482
0.143121
0.138388
0.136279
0.132671
0.111863
0.123392
0.094477
0.093305
0.052768
0.069873
0.069545
0.086182
0.075825
0.111535
0.263982
0.256203
0.248423
0.222976
0.271105
0.163507
0.122501
0.115331
0.168709
0.120299
0.113175
0.123720
0.124141
0.092930
0.113082
0.124938
0.084729
0.077793
0.089978
0.098132
0.091384
0.097851
0.090447
0.104787
0.118611
0.160273
0.095273
0.127234
0.087354
0.086088
0.095461
0.073529
0.076200
0.051550
0.101600
0.087119
0.100007
0.093211
0.095133
0.055955
0.049863
0.054221
0.060688
0.059563
0.075778
0.062703
0.069358
0.075778
0.069639
0.137497
0.111816
0.123813
0.100710
0.119783
0.122782
0.095320
0.116690
0.085807
0.106240
0.094430
0.114159
0.115144
0.149916
0.072732
0.048316
0.070342
0.046863
0.067483
0.066078
0.088291
0.062985
0.091149
0.077653
0.107833
0.114441
0.091337
0.091478
0.072029
0.081074
0.079621
0.118283
0.119596
0.084026
0.086369
0.067811
0.063594
0.072685
0.082527
0.050987
0.065562
0.056002
0.058767
0.056986
0.059470
0.094570
0.057455
0.064906
0.056986
0.060829
0.066780
0.098976
0.071420
0.079809
0.061110
0.070951
0.067671
0.082527
0.091665
0.112238
0.095180
0.106380
0.079809
0.061860
0.064203
0.051644
0.052347
0.053940
0.057548
0.063781
0.083698
0.073623
0.067155
0.061110
0.063734
0.064344
0.053940
0.070717
0.059563
0.085057
0.080277
0.069077
0.073623
0.089369
0.090493
0.070951
0.066406
0.049300
0.058767
0.060548
0.057501
0.087916
0.063031
0.069639
0.055861
0.074982
0.064390
0.082058
0.111113
0.159758
0.102444
0.111488
0.093821
0.060407
0.054596
0.056939
0.056705
0.075403
0.098648
0.077934
0.076153
0.056096
0.059657
0.047379
0.050566
0.066687
0.074185
0.076762
0.059470
0.069311
0.073623
0.068468
0.073623
0.048410
0.050941
0.047238
0.052675
0.059376
0.064062
0.076481
0.073716
0.067343
0.069264
0.069686
0.063641
0.065000
0.053331
0.070717
0.062610
0.058111
0.072404
0.074654
0.070108
0.060173
0.242659
0.135342
0.072966
0.067999
0.067202
0.208683
0.069639
0.083511
0.079762
0.237973
0.109379
0.106755
0.123720
0.143965
0.118611
0.091899
0.079902
0.065093
0.053893
0.052581
0.072357
0.071935
0.064297
0.071748
0.073763
0.074466
0.087354
0.121142
0.085666
0.093633
0.104506
0.110363
0.121611
0.120814
0.129343
0.093727
0.086885
0.109989
0.092462
0.065703
0.058814
0.070155
0.069592
0.073505
0.074056
0.090265
0.081428
0.077525
0.075615
0.074888
0.057080
0.085807
0.067952
0.065421
0.066640
0.112566
0.115115
0.121245
0.124287
0.126128
0.127408
0.136696
0.118551
0.104623
0.046442
0.045926
0.058907
0.062844
0.071631
0.082890
0.067618
0.069706
0.087598
0.066973
0.070157
0.068352
0.067097
0.065515
0.057314
0.073388
0.126836
0.163753
0.192638
0.199091
0.207191
0.216372
0.221736
0.201947
0.250656
0.247728
0.240040
0.242380
0.250594
0.259875
0.273014
0.252578
0.287906
0.203584
0.200201
0.178695
0.195332
0.185725
0.203467
0.195107
0.181209
0.144697
0.156290
0.167617
0.195824
0.184455
0.162696
0.157813
0.150736
0.130904
0.142217
0.140651
0.168254
0.166993
0.184075
0.262337
0.274836
0.266686
0.299654
0.369978
0.305728
0.293075
0.337801
0.356561
0.399984
0.270594
0.270107
0.413566
0.350633
0.341400
0.278913
0.223979
0.130084
0.107711
0.098282
0.090920
0.096401
0.195820
0.217553
0.174660
0.385827
0.430113
0.335589
0.233497
0.147608
0.145740
0.161090
0.128955
0.191852
0.268290
0.152844
0.193955
0.142857
0.170990
0.203966
0.090540
0.169018
0.117356
0.071317
0.077086
0.087663
0.092771
0.110406
0.155934
0.244042
0.311530
0.181793
0.180720
0.210347
0.175691
0.280604
0.147273
0.296046
0.226618
0.182121
0.147268
0.171820
0.145872
0.127389
0.100218
0.081542
0.063734
0.082948
0.069030
0.087025
0.077090
0.089931
0.213088
0.207324
0.194437
0.120627
0.145371
0.205824
0.118237
0.094524
0.081777
0.087869
0.289101
0.288304
0.266559
0.165381
0.220633
0.093446
0.081964
0.091852
0.085010
0.088900
0.082667
0.078590
0.079598
0.071033
0.154134
0.155587
0.182557
0.086897
0.153806
0.213510
0.252623
0.242814
0.194116
0.191441
0.211255
0.236142
0.182967
0.362378
0.249188
0.202832
0.204101
0.106633
0.105785
0.104984
0.102045
0.107781
0.108906
0.130131
0.249328
0.225127
0.191025
0.182899
0.185898
0.182547
0.193513
0.206523
0.155830
0.147236
0.164017
0.193551
0.163619
0.182411
0.386685
0.327576
0.233364
0.162706
0.125852
0.111158
0.091858
0.096639
0.094250
0.101311
0.115376
0.204568
0.299106
0.183939
0.282402
0.251018
0.228353
0.241802
0.230969
0.201910
0.212732
0.212348
0.203800
0.257147
0.233430
0.193646
0.201612
0.223649
0.223306
0.240258
0.244102
0.250665
0.264259
0.275647
0.304468
0.343186
0.319279
0.305143
0.300859
0.248370
0.239467
0.249053
0.269679
0.257807
0.239269
0.460189
0.491511
0.522833
0.545449
0.433412
0.316495
0.253991
0.226648
0.209479
0.202579
0.211027
0.260100
0.256309
0.228309
0.333855
0.327768
0.319058
0.352000
0.289091
0.256519
0.250011
0.252572
0.284607
0.320588
0.325226
0.465266
0.460959
0.424499
0.440039
0.305135
0.235052
0.218561
0.205705
0.206671
0.192929
0.195862
0.197248
0.250607
0.299097
0.269718
0.239571
0.235798
0.252538
0.233305
0.239172
0.195088
0.237389
0.242665
0.248539
0.259082
0.290711
0.236308
0.203598
0.192510
0.190659
0.170311
0.176858
0.176338
0.188991
0.188818
0.203406
0.304505
0.341972
0.327454
0.333959
0.336138
0.350422
0.297616
0.297986
0.306712
0.358421
0.439631
0.413289
0.417638
0.364467
0.405913
0.301880
0.201082
0.157461
0.224101
0.305854
0.180296
0.150039
0.161530
0.168212
0.157635
0.161859
0.170603
0.305818
0.224422
0.224473
0.217304
0.172550
0.304237
0.191156
0.269840
0.129437
0.182955
0.121658
0.106802
0.132389
0.122487
0.085036
0.086462
0.079981
0.078749
0.096065
0.098840
0.105063
0.122614
0.126686
0.248470
0.305906
0.227508
0.218135
0.256432
0.202141
0.220141
0.270857
0.205501
0.261925
0.176713
0.252749
0.151847
0.198753
0.158471
0.090131
0.136942
0.144483
0.087494
0.182955
0.081449
0.100475
0.193406
0.235817
0.186697
0.196043
0.257866
0.144508
0.249274
0.317262
0.160545
0.241054
0.160307
0.148567
0.137472
0.141016
0.145600
0.144986
0.122068
0.125486
0.113597
0.130960
0.120870
0.118508
0.146491
0.159172
0.179033
0.239440
0.238085
0.255432
0.246808
0.202174
0.200276
0.244848
0.191123
0.165077
0.155470
0.227607
0.159631
0.163315
0.154729
0.135623
0.095489
0.146322
0.170496
0.186286
0.190314
0.191555
0.199651
0.207775
0.199700
0.196639
0.135665
0.262473
0.326723
0.213679
0.145066
0.134456
0.177795
0.173475
0.129610
0.115668
0.118405
0.125121
0.126288
0.137240
0.092832
0.086248
0.088961
0.095489
0.090592
0.085418
0.085470
0.080760
0.116587
0.133022
0.140862
0.161820
0.111006
0.114244
0.113208
0.111887
0.093399
0.111783
0.106118
0.174937
0.112022
0.134962
0.136893
0.138411
0.123930
0.092567
0.094951
0.105443
0.118611
0.096211
0.094167
0.119155
0.147442
0.184459
0.175447
0.174229
0.149045
0.136092
0.131208
0.136152
0.208467
0.178564
0.179351
0.194722
0.277380
0.226472
0.212203
0.183881
0.106727
0.103671
0.091459
0.095334
0.088696
0.099249
0.102346
0.087164
0.094733
0.094816
0.093686
0.091855
0.101929
0.121893
0.113035
0.107646
0.106099
0.109379
0.242659
0.256062
0.221617
0.205918
0.221852
0.259014
0.263982
0.089369
0.078121
0.102631
0.075685
0.070576
0.104506
0.117580
0.205590
0.151697
0.119080
0.192375
0.221500
0.171251
0.155238
0.128023
0.208025
0.156104
0.194838
0.108505
0.151754
0.126000
0.190190
0.220808
0.107759
0.096450
0.097275
0.098905
0.088900
0.099215
0.106811
0.127328
0.143679
0.157672
0.148107
0.155620
0.139105
0.135478
0.121751
0.118808
0.111071
0.124933
0.119361
0.118644
0.134803
0.139077
0.137671
0.187220
0.069222
0.069761
0.062417
0.069480
0.064587
0.067048
0.085526
0.077404
0.077254
0.091979
0.091332
0.103371
0.098840
0.098441
0.129582
0.164781
0.090812
0.081950
0.080558
0.090639
0.083750
0.093525
0.088694
0.087860
0.082602
0.052300
0.044539
0.055449
0.044141
0.065956
0.064151
0.078735
0.113770
0.135304
0.160681
0.122595
0.138018
0.136663
0.120275
0.095086
0.100522
0.096951
0.108559
0.079134
0.093141
0.085582
0.110363
0.098826
0.086904
0.085760
0.064953
0.062141
0.064437
0.070389
0.068749
0.090821
0.098118
0.150380
0.121765
0.108625
0.094097
0.098085
0.095869
0.101164
0.101113
0.108051
0.101324
0.112102
0.131902
0.107256
0.166750
0.227532
0.088830
0.076238
0.069967
0.068594
0.068613
0.063786
0.074293
0.085709
0.083628
0.092260
0.098999
0.104271
0.114698
0.134578
0.146256
0.326512
0.094580
0.220235
0.106872
0.182997
0.136982
0.091759
0.125079
0.128078
0.114206
0.075169
0.073669
0.072873
0.065984
0.071748
0.080793
0.085432
0.086979
0.093680
0.216087
0.163179
0.130093
0.304519
0.162288
0.275651
0.318672
0.214400
0.228131
0.266185
0.160414
0.203809
0.220446
0.273308
0.189094
0.109286
0.169833
0.152775
0.075778
0.083464
0.097663
0.088900
0.175316
0.140216
0.196030
0.162944
0.136560
0.163600
0.211495
0.213229
0.203341
0.127609
0.124610
0.186060
0.105109
0.114613
0.131386
0.112498
0.090448
0.092755
0.082943
0.084706
0.077686
0.097574
0.099796
0.112201
0.116409
0.135642
0.103179
0.107978
0.112688
0.097762
0.125472
0.146514
0.235906
0.106357
0.099538
0.089701
0.084743
0.086379
0.094603
0.094083
0.072484
0.076584
0.075952
0.083262
0.085751
0.082367
0.088783
0.100986
0.188152
0.271930
0.184956
0.293393
0.164880
0.119844
0.126714
0.120889
0.137647
0.227302
0.114487
0.182622
0.170621
0.146261
0.224837
0.141312
0.102223
0.096164
0.088244
0.091431
0.077653
0.090306
0.080746
0.095461
0.111301
0.204840
0.420600
0.266888
0.187548
0.178175
0.219790
0.170442
0.170208
0.153056
0.216650
0.122454
0.129578
0.122829
0.125313
0.106005
0.104693
0.088150
0.092227
0.082480
0.074794
0.084776
0.084214
0.102912
0.227803
0.217962
0.171708
0.145980
0.133092
0.145839
0.214400
0.258218
0.213697
0.275745
0.146073
0.239754
0.134639
0.152259
0.131124
0.129156
0.122876
0.114909
0.112425
0.110410
0.096304
0.098038
0.116690
0.156899
0.239332
0.168287
0.174613
0.233333
0.284696
0.373830
0.310752
0.362676
0.316328
0.339151
0.323171
0.348430
0.292897
0.261404
0.191484
0.171145
0.123251
0.088713
0.080277
0.106427
0.086088
0.077278
0.112379
0.092930
0.130515
0.183799
0.211776
0.271011
0.172833
0.235395
0.214963
0.288351
0.222976
0.315766
0.230662
0.263092
0.267122
0.174801
0.313517
0.302035
0.283313
0.197248
0.102678
0.168310
0.294478
0.222361
0.216764
0.237210
0.214682
0.378844
0.433721
0.436627
0.381422
0.369847
0.394262
0.355647
0.368909
0.378844
0.361599
0.332496
0.334793
0.331512
0.244346
0.255921
0.244440
0.122595
0.188438
0.223398
0.096117
0.086041
0.087682
0.180612
0.204934
0.227241
0.356116
0.372002
0.357568
0.326732
0.261217
0.364317
0.200060
0.335964
0.244159
0.221805
0.210839
0.247111
0.163694
0.192609
0.196686
0.208730
0.093071
0.089275
0.073669
0.093071
0.074513
0.145558
0.202216
0.198186
0.307706
0.190547
0.180190
0.273964
0.234271
0.271340
0.219321
0.338682
0.192468
0.308455
0.178550
0.290038
0.206996
0.271996
0.134686
0.164116
0.110785
0.081636
0.088197
0.065468
0.071326
0.080230
0.178925
0.198092
0.243175
0.475758
0.192328
0.279588
0.315532
0.216790
0.208683
0.232209
0.321811
0.168615
0.243878
0.216884
0.241253
0.237410
0.315719
0.283665
0.279588
0.244112
0.113831
0.200623
0.134545
0.233333
0.389576
0.270168
0.304659
0.336105
0.215056
0.314313
0.182674
0.336058
0.192984
0.328841
0.228928
0.171989
0.177238
0.166881
0.167349
0.133280
0.109379
0.103287
0.080699
0.136326
0.153150
0.093493
0.086744
0.137591
0.208496
0.180003
0.242378
0.301660
0.104131
0.144152
0.153337
0.273870
0.233849
0.293693
0.287086
0.203247
0.256437
0.231412
0.185954
0.270449
0.269606
0.236614
0.225320
0.229584
0.157883
0.106896
0.181549
0.214119
0.296037
0.326451
0.329966
0.438455
0.433862
0.471353
0.470134
0.402510
0.324155
0.319047
0.323405
0.238395
0.272277
0.275698
0.231271
0.223679
0.150900
0.160367
0.252266
0.097570
0.089275
0.100475
0.091665
0.083604
0.139794
0.192656
0.278838
0.166037
0.219602
0.123345
0.155399
0.233240
0.230240
0.305269
0.235348
0.205731
0.189750
0.125641
0.236286
0.109989
0.135435
0.112800
0.086557
0.082199
0.071326
0.092555
0.078496
0.072779
0.098226
0.214869
0.171052
0.178081
0.207371
0.171520
0.169411
0.269934
0.175597
0.379454
0.216790
0.292897
0.286570
0.346368
0.235770
0.411930
0.116456
0.154790
0.244393
0.115331
0.073529
0.073763
0.091759
0.093118
0.208824
0.355178
0.319796
0.233849
0.361411
0.376923
0.282868
0.224617
0.262389
0.325561
0.223304
0.267028
0.304097
0.378376
0.248658
0.255218
0.209292
0.137451
0.227522
0.149916
0.105302
0.279072
0.160179
0.119080
0.229256
0.365113
0.312017
0.386483
0.251095
0.186892
0.221805
0.278650
0.284977
0.284040
0.246549
0.258171
0.249876
0.214822
0.215853
0.225085
0.370034
0.210918
0.197806
0.171553
0.135642
0.182018
0.147217
0.195374
0.248878
0.286833
0.332674
0.323508
0.274020
0.325336
0.324169
0.347226
0.291735
0.357709
0.342834
0.342221
0.294785
0.263886
0.447158
0.630431
0.661075
0.372588
0.271033
0.239488
0.217867
0.187123
0.177495
0.281195
0.292466
0.240318
0.299909
0.346521
0.307395
0.306145
0.304950
0.330500
0.323817
0.355802
0.318421
0.322056
0.310019
0.264249
0.266850
0.158680
0.127047
0.227124
0.269732
0.109445
0.102542
0.109033
0.231463
0.314721
0.250228
0.276855
0.304294
0.275651
0.252880
0.246699
0.303118
0.385171
0.380977
0.380335
0.303249
0.205473
0.294992
0.296067
0.319618
0.394422
0.300395
0.285211
0.265341
0.217353
0.117534
0.172739
0.128453
0.218103
0.327997
0.445859
0.337276
0.321296
0.371674
0.355600
0.424911
0.426739
0.369331
0.349930
0.338307
0.291585
0.450499
0.356912
0.369800
0.380016
0.268996
0.175597
0.284321
0.314407
0.151697
0.179300
0.163132
0.216416
0.169693
0.291444
0.311830
0.239707
0.214541
0.171755
0.248236
0.322796
0.166600
0.171661
0.207324
0.212292
0.196217
0.156618
0.184736
0.184455
0.180940
0.147948
0.267637
0.097195
0.106802
0.118424
0.116081
0.124423
0.223023
0.161445
0.187548
0.159617
0.280103
0.221102
0.196967
0.169740
0.143543
0.278088
0.188625
0.173348
0.237645
0.248189
0.266606
0.178737
0.120017
0.107177
0.112988
0.087260
0.086791
0.084542
0.092696
0.088713
0.151931
0.222367
0.185626
0.240972
0.223398
0.168896
0.177144
0.183424
0.240222
0.134451
0.145136
0.154087
0.164678
0.144808
0.201232
0.149963
0.103334
0.223398
0.187969
0.069545
0.063359
0.063594
0.080511
0.081730
0.163975
0.305128
0.263888
0.310002
0.140965
0.139559
0.171567
0.238723
0.273964
0.157180
0.236286
0.201794
0.133655
0.090821
0.114394
0.171614
0.110785
0.091946
0.110504
0.089134
0.082901
0.078778
0.101553
0.103053
0.168006
0.202263
0.163507
0.210651
0.160226
0.160882
0.190781
0.186376
0.218243
0.219602
0.219227
0.153103
0.132530
0.133373
0.203387
0.145933
0.098507
0.092180
0.142184
0.167490
0.141481
0.101553
0.208496
0.351664
0.274386
0.081917
0.092837
0.186329
0.090775
0.150104
0.137638
0.277151
0.282118
0.360521
0.172270
0.243737
0.238020
0.328326
0.348149
0.202310
0.128125
0.242050
0.193265
0.102116
0.145792
0.108723
0.093540
0.115003
0.214494
0.398058
0.286945
0.239707
0.191812
0.344212
0.247064
0.302316
0.229256
0.241816
0.289288
0.161960
0.161585
0.186282
0.267028
0.248236
0.203434
0.141387
0.122782
0.119221
0.116315
0.119268
0.128265
0.114441
0.105630
0.115847
0.171380
0.175316
0.156993
0.189797
0.200482
0.253344
0.214916
0.247439
0.356959
0.330200
0.328654
0.245424
0.227288
0.189703
0.134030
0.097335
0.106380
0.228131
0.079480
0.102537
0.125454
0.197858
0.148932
0.336058
0.249454
0.117862
0.202778
0.121939
0.130749
0.146589
0.140778
0.201466
0.110035
0.186845
0.128453
0.165194
0.113269
0.118049
0.108161
0.090447
0.143824
0.375048
0.128218
0.076481
0.083042
0.086651
0.128218
0.320781
0.292241
0.306956
0.226913
0.312861
0.186189
0.343088
0.254422
0.362442
0.227756
0.203622
0.217587
0.170068
0.213229
0.137404
0.100522
0.109754
0.090681
0.086229
0.081121
0.088619
0.122501
0.092321
0.196077
0.291491
0.261873
0.211354
0.207465
0.242753
0.232396
0.320312
0.356537
0.230053
0.219134
0.200904
0.171520
0.336245
0.213182
0.152025
0.237785
0.202685
0.153478
0.106380
0.110879
0.085104
0.079574
0.088806
0.217915
0.250064
0.267637
0.237692
0.182814
0.212713
0.278510
0.317688
0.315297
0.292100
0.141621
0.198045
0.127000
0.172645
0.162429
0.158352
0.220305
0.222883
0.107645
0.082011
0.089978
0.206152
0.105490
0.162148
0.203856
0.254375
0.285727
0.211214
0.297255
0.294021
0.284883
0.303254
0.222695
0.248751
0.212760
0.184502
0.261545
0.279072
0.178831
0.173582
0.228834
0.109332
0.073669
0.089462
0.087447
0.204793
0.095227
0.091243
0.196733
0.119221
0.151182
0.187360
0.250626
0.290319
0.153056
0.141200
0.200154
0.162007
0.131405
0.159476
0.207840
0.195093
0.133467
0.125219
0.085948
0.077840
0.080277
0.072123
0.078121
0.060454
0.075591
0.085666
0.072310
0.107083
0.157649
0.129952
0.092790
0.093399
0.203762
0.101413
0.197061
0.134311
0.090775
0.128406
0.112285
0.121001
0.163647
0.129859
0.113410
0.092649
0.087307
0.083417
0.099257
0.118237
0.108864
0.079574
0.109286
0.077044
0.089228
0.097148
0.098694
0.123392
0.102209
0.119924
0.105302
0.096445
0.108630
0.117252
0.127047
0.115612
0.102678
0.097570
0.073201
0.057127
0.064812
0.068702
0.086323
0.070436
0.064812
0.071467
0.077512
0.087963
0.147854
0.136748
0.128687
0.118330
0.105349
0.118049
0.098320
0.110879
0.084729
0.090493
0.106005
0.164022
0.142559
0.114347
0.097195
0.097101
0.069827
0.071982
0.065796
0.092555
0.094805
0.082667
0.141012
0.163366
0.194765
0.220258
0.161023
0.150151
0.140262
0.179768
0.158680
0.118611
0.126438
0.171005
0.130515
0.211917
0.160039
0.122173
0.090447
0.083417
0.089134
0.083792
0.072685
0.081824
0.088103
0.093446
0.090540
0.211964
0.333387
0.233661
0.183892
0.126719
0.179534
0.215244
0.154743
0.226819
0.188016
0.185486
0.175457
0.270965
0.165147
0.164069
0.086651
0.088900
0.082105
0.084214
0.074700
0.079106
0.081777
0.087822
0.114487
0.136654
0.087635
0.106802
0.095367
0.092743
0.088010
0.077887
0.141200
0.106896
0.084261
0.074560
0.080886
0.108911
0.119010
0.083991
0.067050
0.066780
0.068796
0.067296
0.076575
0.081542
0.109567
0.088244
0.087260
0.224570
0.198092
0.255265
0.132811
0.092883
0.165662
0.108395
0.211870
0.221805
0.133233
0.281509
0.126859
0.109801
0.126063
0.127562
0.096258
0.089087
0.100616
0.096726
0.061251
0.062750
0.073669
0.091852
0.127281
0.184033
0.239051
0.218243
0.129343
0.227850
0.149260
0.238348
0.206715
0.178222
0.142840
0.143683
0.183377
0.180987
0.260186
0.186142
0.148885
0.111160
0.090353
0.076106
0.084963
0.104412
0.084963
0.104037
0.217447
0.194062
0.202169
0.198233
0.146355
0.094102
0.138482
0.122876
0.208589
0.148510
0.091993
0.156946
0.116268
0.123345
0.123766
0.112894
0.126719
0.091290
0.080605
0.074466
0.073060
0.069030
0.075216
0.082245
0.133983
0.111723
0.102725
0.244299
0.162054
0.132952
0.291772
0.201513
0.171473
0.299739
0.130187
0.113691
0.132530
0.133233
0.162382
0.130655
0.103475
0.105255
0.099116
0.089790
0.085807
0.089134
0.096961
0.085666
0.105677
0.079480
0.132436
0.089790
0.120673
0.188344
0.233333
0.230240
0.243831
0.258030
0.216041
0.190687
0.245143
0.213979
0.195796
0.104412
0.113035
0.084448
0.084589
0.080839
0.084635
0.089369
0.096445
0.102631
0.105630
0.096867
0.121939
0.109239
0.107036
0.107692
0.163788
0.163507
0.132671
0.130655
0.119877
0.140544
0.158352
0.145745
0.144433
0.213088
0.102350
0.067765
0.067437
0.063641
0.070248
0.077278
0.068889
0.084495
0.085245
0.076434
0.077512
0.094758
0.121423
0.124610
0.112144
0.115893
0.138716
0.118658
0.118565
0.217587
0.202169
0.236754
0.175223
0.160976
0.191672
0.094055
0.080746
0.074982
0.071889
0.073669
0.081355
0.098976
0.097710
0.248048
0.109192
0.121986
0.106614
0.122642
0.150525
0.140872
0.221899
0.156618
0.170068
0.178081
0.135061
0.157461
0.242800
0.227803
0.145136
0.078543
0.071654
0.070061
0.064062
0.074700
0.073482
0.082011
0.114534
0.098929
0.084307
0.098976
0.205356
0.198467
0.161163
0.170349
0.191625
0.224382
0.197623
0.109801
0.149729
0.158445
0.138107
0.264966
0.128828
0.074982
0.078543
0.076716
0.074279
0.082105
0.085338
0.107692
0.201138
0.232255
0.199310
0.268528
0.156009
0.254609
0.333949
0.214775
0.203903
0.225366
0.161445
0.174285
0.159336
0.187173
0.356303
0.328513
0.127984
0.105911
0.103053
0.083651
0.193078
0.112613
0.091149
0.101131
0.334043
0.218478
0.355366
0.262529
0.259389
0.188251
0.165381
0.171895
0.323967
0.322936
0.282306
0.209339
0.322514
0.244346
0.209245
0.340463
0.207043
0.184408
0.096773
0.162944
0.095180
0.102350
0.086416
0.105021
0.096304
0.194249
0.348477
0.197389
0.198561
0.262107
0.213510
0.266325
0.253157
0.238769
0.109801
0.272605
0.264966
0.236473
0.257749
0.145277
0.204653
0.143074
0.066687
0.057923
0.059892
0.063641
0.074091
0.088197
0.084729
0.094570
0.175925
0.130796
0.148885
0.286148
0.208121
0.136748
0.153056
0.208074
0.199310
0.184689
0.221383
0.250110
0.282024
0.118190
0.126766
0.094430
0.075966
0.068608
0.082855
0.073997
0.079715
0.082105
0.132811
0.092649
0.168755
0.123860
0.139747
0.130655
0.122361
0.083323
0.083792
0.148838
0.128218
0.148042
0.210745
0.189188
0.165990
0.110504
0.091056
0.075497
0.070108
0.066124
0.057595
0.066452
0.089275
0.088806
0.101366
0.101085
0.243221
0.114253
0.084682
0.115331
0.104506
0.080511
0.092180
0.076856
0.099772
0.112894
0.118377
0.123626
0.112754
0.091056
0.081870
0.089416
0.067765
0.119127
0.066546
0.079059
0.072826
0.088947
0.090587
0.082761
0.125125
0.124751
0.113738
0.128500
0.101881
0.184080
0.131218
0.187313
0.165428
0.213838
0.120345
0.124938
0.127281
0.221196
0.166740
0.085994
0.080465
0.067390
0.062235
0.075122
0.080230
0.096586
0.101225
0.107083
0.138388
0.153900
0.169552
0.137310
0.166506
0.157930
0.142606
0.102116
0.111160
0.136794
0.122220
0.114628
0.138997
0.124376
0.081261
0.073107
0.064250
0.065656
0.064765
0.083792
0.073576
0.092321
0.119361
0.145699
0.144761
0.169271
0.272277
0.275229
0.220258
0.427301
0.308127
0.142980
0.221289
0.234552
0.198982
0.178597
0.275182
0.184361
0.217821
0.094711
0.092977
0.074138
0.070998
0.078543
0.078731
0.085338
0.158961
0.142371
0.263138
0.101834
0.087541
0.082573
0.113550
0.109426
0.098835
0.185814
0.079855
0.186001
0.186189
0.212807
0.188719
0.112894
0.091946
0.071842
0.067015
0.078028
0.069545
0.072873
0.068514
0.086229
0.116409
0.127422
0.142652
0.153103
0.218196
0.140544
0.139231
0.250392
0.343650
0.320171
0.320406
0.258405
0.162476
0.204887
0.330294
0.216509
0.079715
0.067530
0.069827
0.068936
0.066359
0.081917
0.075075
0.073388
0.159055
0.200435
0.145464
0.150807
0.160601
0.152587
0.191016
0.302785
0.241956
0.211542
0.129999
0.171755
0.197998
0.247439
0.162101
0.189094
0.146964
0.076434
0.070155
0.081964
0.078449
0.101319
0.193452
0.082573
0.110785
0.116831
0.222039
0.114394
0.131124
0.105302
0.095180
0.086510
0.070530
0.106802
0.082339
0.120205
0.102350
0.102772
0.131358
0.096211
0.074607
0.093680
0.070201
0.070108
0.068468
0.068139
0.085807
0.074044
0.143121
0.097289
0.066078
0.126063
0.103849
0.091196
0.063172
0.087119
0.100803
0.093305
0.111676
0.117580
0.087307
0.081542
0.093211
0.103849
0.066734
0.073576
0.058814
0.055346
0.067999
0.063406
0.088853
0.083979
0.094758
0.079762
0.070951
0.073060
0.097476
0.097429
0.104271
0.122876
0.138294
0.185861
0.147620
0.138107
0.137123
0.146542
0.168615
0.122689
0.109895
0.100100
0.116128
0.101881
0.092087
0.081261
0.084635
0.087822
0.094477
0.161538
0.364504
0.146120
0.095695
0.191672
0.233474
0.186282
0.190500
0.290694
0.231740
0.130093
0.123532
0.126297
0.115893
0.142090
0.080511
0.082292
0.088431
0.070014
0.070155
0.068889
0.082761
0.087682
0.146776
0.136373
0.152447
0.148463
0.150572
0.164866
0.142137
0.156055
0.197295
0.201513
0.153759
0.124469
0.116971
0.158539
0.177613
0.178409
0.093961
0.097898
0.077747
0.067390
0.075356
0.064765
0.080511
0.069920
0.109848
0.080746
0.111066
0.103334
0.099632
0.072545
0.062375
0.101131
0.090118
0.110223
0.102537
0.206902
0.208589
0.146730
0.152447
0.104318
0.075497
0.073388
0.068936
0.058861
0.059657
0.053424
0.078965
0.081589
0.130046
0.098038
0.096632
0.253766
0.130374
0.101741
0.074935
0.071279
0.084261
0.109895
0.248376
0.197904
0.117534
0.287273
0.151603
0.127187
0.088150
0.078168
0.079480
0.073716
0.068327
0.075263
0.086604
0.079340
0.098320
0.139559
0.136092
0.099163
0.073623
0.073810
0.077793
0.074888
0.093680
0.097007
0.095461
0.092274
0.111301
0.165569
0.143543
0.101741
0.090775
0.079480
0.066218
0.065984
0.060688
0.061391
0.071232
0.121845
0.114347
0.089416
0.088947
0.095601
0.095367
0.110035
0.108723
0.116175
0.218993
0.332215
0.367316
0.221992
0.258499
0.216275
0.242987
0.130937
0.090868
0.086135
0.085901
0.081917
0.080746
0.087541
0.085245
0.118940
0.110082
0.093446
0.121095
0.154321
0.109567
0.171052
0.249829
0.172833
0.138950
0.170911
0.144386
0.084354
0.097101
0.098273
0.142043
0.090072
0.072638
0.083604
0.101038
0.110879
0.081074
0.080371
0.094102
0.086791
0.112144
0.100991
0.261826
0.221055
0.191297
0.155634
0.200716
0.291772
0.309299
0.186564
0.179065
0.113972
0.106802
0.114769
0.208589
0.134920
0.206199
0.088103
0.090353
0.084729
0.078918
0.075919
0.091524
0.088150
0.118611
0.114534
0.291303
0.222976
0.175832
0.218665
0.225554
0.173395
0.315532
0.301895
0.343744
0.223023
0.250813
0.246549
0.280103
0.103475
0.100710
0.081777
0.070670
0.076997
0.078121
0.072638
0.078731
0.070389
0.114909
0.184970
0.180799
0.163975
0.129437
0.191953
0.296552
0.249501
0.250438
0.219860
0.174484
0.174613
0.171802
0.187407
0.274058
0.299786
0.087494
0.075263
0.088244
0.074560
0.065656
0.070811
0.084120
0.106286
0.133467
0.167209
0.289241
0.176535
0.200623
0.168099
0.216228
0.192937
0.172317
0.175925
0.135670
0.178128
0.318906
0.333481
0.336995
0.192421
0.172270
0.079996
0.102772
0.075825
0.076903
0.091384
0.079012
0.082011
0.142840
0.115284
0.181690
0.166459
0.177566
0.214072
0.312439
0.338120
0.374908
0.281884
0.082433
0.115706
0.144621
0.121283
0.118096
0.116409
0.092743
0.092977
0.087354
0.079621
0.083886
0.096679
0.093774
0.087728
0.175504
0.110363
0.073763
0.075872
0.086510
0.140872
0.137544
0.119127
0.215994
0.158633
0.108489
0.111066
0.120205
0.139934
0.168709
0.161257
0.146964
0.159195
0.211167
0.085948
0.078121
0.062797
0.095133
0.091946
0.196452
0.152494
0.128031
0.115987
0.114487
0.160789
0.154649
0.141247
0.155587
0.123392
0.109567
0.119736
0.122220
0.122314
0.208730
0.128172
0.094711
0.102444
0.100147
0.101178
0.091103
0.091993
0.097804
0.093727
0.085385
0.092696
0.152119
0.214728
0.126859
0.184033
0.103334
0.128640
0.308362
0.117768
0.099304
0.124516
0.198139
0.156337
0.190547
0.225554
0.234505
0.209714
0.112660
0.071561
0.068702
0.087541
0.102818
0.088291
0.238535
0.210136
0.144574
0.071654
0.090868
0.131640
0.151463
0.086323
0.190078
0.223258
0.252407
0.202403
0.212151
0.158445
0.151838
0.240175
0.099257
0.078871
0.074419
0.080277
0.066171
0.056752
0.080371
0.137685
0.163975
0.138294
0.101834
0.092790
0.079293
0.077840
0.089322
0.076153
0.077934
0.083230
0.079293
0.102397
0.111441
0.162897
0.290600
0.180471
0.096539
0.153525
0.093680
0.127281
0.066406
0.092696
0.088759
0.093586
0.107645
0.163694
0.257374
0.165803
0.287273
0.143074
0.160507
0.122173
0.133420
0.170396
0.175223
0.191109
0.148885
0.158773
0.220211
0.223070
0.107786
0.097898
0.083651
0.077044
0.080558
0.076669
0.076341
0.088806
0.114769
0.107411
0.101600
0.113222
0.074841
0.071279
0.069545
0.095555
0.140778
0.121423
0.124938
0.325467
0.411649
0.374345
0.292662
0.224476
0.150619
0.120908
0.112379
0.111769
0.149729
0.124985
0.136654
0.114909
0.309814
0.174566
0.221805
0.227616
0.192937
0.201560
0.214963
0.381094
0.388826
0.434003
0.321999
0.325607
0.431238
0.305550
0.247064
0.274339
0.240128
0.136982
0.190313
0.109004
0.124235
0.106286
0.112097
0.091946
0.225413
0.297958
0.331231
0.415257
0.430300
0.354757
0.350914
0.341728
0.334512
0.352366
0.279072
0.306956
0.256578
0.224664
0.232771
0.243315
0.148651
0.112051
0.107833
0.215525
0.083886
0.098320
0.077231
0.095461
0.229772
0.193827
0.226116
0.444641
0.312158
0.398949
0.459824
0.325279
0.299692
0.356116
0.227428
0.200857
0.358740
0.360568
0.331653
0.302832
0.117815
0.155306
0.124469
0.140356
0.092134
0.098554
0.089462
0.099023
0.240269
0.260983
0.242940
0.283337
0.243643
0.142371
0.143918
0.127141
0.197483
0.254188
0.247861
0.318812
0.283571
0.274667
0.203575
0.206434
0.112566
0.106333
0.089603
0.086838
0.083651
0.093024
0.088010
0.092883
0.120861
0.127516
0.100897
0.088806
0.090118
0.154368
0.101319
0.121283
0.178034
0.103475
0.125032
0.289523
0.191953
0.123860
0.111910
0.099397
0.077044
0.081308
0.087025
0.066218
0.072123
0.083089
0.074185
0.094383
0.102397
0.130515
0.143637
0.092930
0.080230
0.090353
0.080043
0.197998
0.097054
0.110832
0.115847
0.123345
0.126625
0.240972
0.198233
0.101881
0.063078
0.062610
0.059095
0.059470
0.064765
0.079855
0.076762
0.075169
0.077184
0.115893
0.141668
0.100428
0.056658
0.068421
0.077747
0.075731
0.067062
0.069358
0.068327
0.078356
0.075825
0.087072
0.158633
0.200295
0.068983
0.061672
0.072357
0.067718
0.064718
0.069124
0.085292
0.083276
0.245190
0.130562
0.054268
0.062985
0.048925
0.062141
0.066593
0.073060
0.082480
0.067718
0.074325
0.084261
0.092462
0.087728
0.097476
0.147386
0.093399
0.067718
0.060501
0.069077
0.059938
0.069358
0.085994
0.082901
0.097523
0.085666
0.089837
0.070717
0.069030
0.082105
0.076809
0.088572
0.121704
0.090821
0.097523
0.209292
0.125360
0.102350
0.093961
0.100382
0.063594
0.074888
0.072076
0.066780
0.064297
0.079434
0.084823
0.221383
0.129484
0.102584
0.095789
0.079715
0.077700
0.099679
0.092274
0.080558
0.081121
0.091384
0.173817
0.175035
0.220540
0.181034
0.153853
0.092696
0.075028
0.071748
0.075403
0.065000
0.062469
0.066640
0.078590
0.085760
0.152962
0.176347
0.116503
0.146917
0.125547
0.096258
0.115331
0.087588
0.102256
0.197623
0.115237
0.193265
0.161913
0.170208
0.156899
0.259014
0.145136
0.066546
0.080090
0.064578
0.080933
0.087494
0.072451
0.089509
0.081449
0.120439
0.079621
0.079434
0.096304
0.092790
0.082292
0.109567
0.099444
0.103568
0.080746
0.096070
0.126156
0.117768
0.107411
0.092134
0.079715
0.061063
0.053424
0.055674
0.046020
0.060641
0.072451
0.110457
0.077559
0.088525
0.086229
0.111254
0.187641
0.104787
0.112051
0.112894
0.094149
0.097101
0.110457
0.155962
0.211167
0.160086
0.122267
0.110129
0.089369
0.072545
0.087728
0.072263
0.080043
0.071186
0.074935
0.071373
0.095367
0.108536
0.178034
0.105818
0.087588
0.090868
0.084167
0.079199
0.155915
0.149307
0.125266
0.156524
0.134170
0.120345
0.103053
0.133514
0.076762
0.065375
0.063078
0.060032
0.066921
0.070389
0.070014
0.085713
0.097804
0.118471
0.135904
0.114581
0.083979
0.086463
0.105771
0.126625
0.195374
0.230568
0.173629
0.115847
0.139981
0.158680
0.151603
0.130327
0.073388
0.062938
0.066078
0.074935
0.062656
0.069170
0.066265
0.058720
0.090072
0.081027
0.100007
0.085854
0.095789
0.121001
0.105771
0.106005
0.139934
0.120814
0.099960
0.125969
0.142090
0.140778
0.143496
0.127187
0.100382
0.086557
0.073857
0.068608
0.078543
0.075122
0.061860
0.076247
0.092274
0.079574
0.100147
0.224007
0.185673
0.251423
0.101834
0.138482
0.090400
0.103193
0.131358
0.146917
0.173442
0.142324
0.148604
0.231037
0.102397
0.074560
0.076200
0.071045
0.055065
0.068749
0.113175
0.118049
0.249923
0.163460
0.075310
0.127375
0.086416
0.258686
0.121283
0.106849
0.097382
0.077512
0.119361
0.112519
0.135529
0.178034
0.138575
0.182768
0.076247
0.062328
0.069452
0.065562
0.059329
0.073294
0.088244
0.094102
0.169037
0.232583
0.202544
0.157321
0.170161
0.146870
0.167115
0.293131
0.234177
0.297677
0.395621
0.277760
0.270965
0.328841
0.238020
0.352648
0.142793
0.074982
0.073107
0.069170
0.069592
0.073576
0.080605
0.100147
0.105911
0.133748
0.128968
0.243971
0.176488
0.160226
0.109661
0.189703
0.191344
0.113691
0.137497
0.277151
0.115050
0.149448
0.152213
0.182393
0.068608
0.135670
0.068327
0.062000
0.057970
0.077465
0.074232
0.084026
0.080652
0.125032
0.223679
0.134873
0.111676
0.127047
0.114722
0.109192
0.106052
0.140169
0.153478
0.204512
0.317219
0.235302
0.303300
0.158867
0.131499
0.072310
0.060454
0.074513
0.061251
0.064672
0.070389
0.066874
0.074935
0.135951
0.113738
0.122079
0.151369
0.154040
0.215150
0.160789
0.145699
0.142934
0.139981
0.123579
0.113597
0.168755
0.213182
0.216041
0.218852
0.105443
0.093961
0.054924
0.087963
0.074982
0.074372
0.124751
0.088666
0.176488
0.239097
0.148182
0.192796
0.158492
0.199357
0.144761
0.212338
0.230709
0.224429
0.216275
0.173395
0.170349
0.182252
0.257093
0.098226
0.058673
0.061344
0.060594
0.062516
0.072966
0.078871
0.086557
0.097570
0.078871
0.126813
0.169974
0.238020
0.128218
0.131499
0.116409
0.112988
0.126531
0.124704
0.142043
0.202872
0.210230
0.136279
0.097195
0.072685
0.076950
0.086932
0.068093
0.075028
0.082152
0.072920
0.153197
0.154884
0.211495
0.113925
0.226351
0.098132
0.111676
0.097851
0.090118
0.194437
0.116175
0.136420
0.201325
0.231131
0.153009
0.168380
0.127469
0.085666
0.064812
0.060594
0.060032
0.067765
0.062797
0.085526
0.085666
0.086229
0.166131
0.091806
0.068983
0.055533
0.073576
0.111160
0.109239
0.106521
0.155212
0.168755
0.152025
0.145042
0.147667
0.156430
0.222789
0.143543
0.069499
0.071561
0.059048
0.067155
0.072404
0.081027
0.067437
0.139841
0.115518
0.114159
0.242144
0.139466
0.139559
0.207746
0.121376
0.105021
0.122689
0.110598
0.129343
0.251048
0.249642
0.140825
0.209339
0.216650
0.191344
0.192328
0.062891
0.056236
0.069405
0.082761
0.078824
0.186845
0.149963
0.212104
0.159664
0.108395
0.107224
0.106005
0.098366
0.117815
0.118893
0.119736
0.142652
0.152681
0.296411
0.209620
0.150479
0.073716
0.071326
0.068421
0.065656
0.071092
0.173161
0.152587
0.081777
0.118002
0.099585
0.098273
0.104084
0.109614
0.111723
0.085057
0.091806
0.097523
0.122923
0.120767
0.150572
0.151135
0.150338
0.160835
0.119830
0.097898
0.090072
0.092602
0.086838
0.079152
0.084870
0.086229
0.100475
0.093914
0.092368
0.093165
0.122314
0.122735
0.123157
0.152541
0.126438
0.130468
0.132717
0.119830
0.123485
0.143918
0.141153
0.152353
0.129390
0.099725
0.094055
0.082808
0.099960
0.070998
0.069545
0.081261
0.077653
0.170114
0.263185
0.113925
0.123532
0.257093
0.112238
0.131311
0.105771
0.108208
0.109989
0.214822
0.185954
0.113878
0.149448
0.117721
0.159570
0.142887
0.082433
0.068421
0.080324
0.070483
0.080137
0.076434
0.076809
0.169411
0.302926
0.172833
0.163835
0.165428
0.117580
0.104506
0.108348
0.158492
0.244299
0.118518
0.171005
0.173207
0.189844
0.132155
0.209011
0.076575
0.074044
0.049066
0.075450
0.062328
0.086323
0.076950
0.107036
0.189938
0.184173
0.156946
0.172270
0.151697
0.150057
0.145980
0.155306
0.130983
0.124704
0.143777
0.139302
0.118225
0.118231
0.099351
0.066452
0.089134
0.065749
0.100756
0.216134
0.089697
0.094899
0.114675
0.085057
0.158445
0.164491
0.178550
0.111254
0.102256
0.115331
0.110832
0.115800
0.107599
0.100944
0.174941
0.177706
0.190922
0.174192
0.160929
0.161398
0.094102
0.087916
0.068233
0.059798
0.067952
0.067343
0.099397
0.094196
0.170021
0.292897
0.240503
0.188860
0.151088
0.132530
0.122689
0.128968
0.118565
0.122876
0.145558
0.167443
0.187501
0.171286
0.162710
0.102584
0.095227
0.088572
0.074138
0.087728
0.097617
0.108489
0.107645
0.105162
0.188907
0.205871
0.169037
0.167115
0.197342
0.190594
0.155399
0.176910
0.157836
0.180331
0.226913
0.285305
0.275557
0.252688
0.204887
0.129156
0.144433
0.124938
0.120392
0.114909
0.111207
0.167162
0.152634
0.137076
0.136748
0.166975
0.177003
0.172645
0.171239
0.155774
0.136982
0.140825
0.132108
0.162569
0.132296
0.151088
0.132342
0.153806
0.153947
0.164163
0.113316
0.112379
0.118237
0.098835
0.104834
0.100569
0.115706
0.131874
0.221664
0.344540
0.278791
0.293225
0.173161
0.183564
0.181502
0.176300
0.202450
0.166506
0.158773
0.253250
0.243784
0.346134
0.265013
0.212057
0.078215
0.077278
0.090915
0.090072
0.068233
0.112519
0.111535
0.122267
0.225413
0.215666
0.150760
0.193593
0.178690
0.177847
0.176207
0.144714
0.150854
0.162710
0.206340
0.208964
0.220493
0.216931
0.188438
0.166834
0.139138
0.110082
0.081964
0.090118
0.107739
0.151791
0.162429
0.198935
0.297911
0.233099
0.195514
0.132202
0.170161
0.141153
0.133280
0.142559
0.236942
0.239519
0.163085
0.229162
0.227007
0.164913
0.196358
0.317219
0.118096
0.122923
0.124657
0.130280
0.100288
0.109661
0.137638
0.153572
0.157321
0.180424
0.209667
0.166881
0.170536
0.179721
0.179300
0.157696
0.153056
0.187266
0.195093
0.252079
0.228506
0.212151
0.188297
0.175597
0.097570
0.075731
0.086744
0.103662
0.085713
0.089322
0.091806
0.118846
0.154228
0.171755
0.269980
0.123485
0.104178
0.116596
0.109848
0.124797
0.107036
0.147151
0.191531
0.178597
0.212385
0.185251
0.154743
0.140028
0.089134
0.092930
0.103662
0.084120
0.088150
0.085526
0.097804
0.155259
0.280290
0.155399
0.301941
0.185111
0.202450
0.177613
0.145792
0.113410
0.122735
0.117065
0.168615
0.168849
0.180143
0.156243
0.162194
0.161210
0.123860
0.096445
0.090775
0.087072
0.084823
0.096398
0.091524
0.105302
0.095039
0.177613
0.156618
0.250860
0.158071
0.136232
0.135857
0.140450
0.131218
0.169646
0.120580
0.206902
0.235067
0.228366
0.283383
0.163085
0.100991
0.100991
0.227897
0.152869
0.079621
0.091665
0.161445
0.112894
0.090728
0.261498
0.270543
0.337042
0.179956
0.286804
0.237551
0.359115
0.226444
0.204512
0.245377
0.268575
0.229772
0.201888
0.166225
0.114113
0.195936
0.103287
0.077747
0.084214
0.085901
0.116503
0.101928
0.149635
0.164350
0.283196
0.197202
0.179956
0.202356
0.213276
0.173582
0.318953
0.188251
0.189985
0.176113
0.184361
0.212057
0.239191
0.316235
0.157930
0.212948
0.102022
0.080746
0.091384
0.069873
0.061860
0.101647
0.118096
0.117065
0.194905
0.157321
0.134873
0.132530
0.140122
0.139887
0.124376
0.128312
0.101694
0.171848
0.181034
0.251516
0.187454
0.155352
0.119830
0.117862
0.118377
0.100475
0.088713
0.108395
0.121470
0.101741
0.142324
0.113878
0.161679
0.233146
0.198467
0.190172
0.155118
0.147011
0.143496
0.134592
0.148698
0.190547
0.161117
0.200388
0.216087
0.288773
0.151510
0.106099
0.160226
0.116549
0.088103
0.079855
0.069311
0.108442
0.091993
0.126906
0.321999
0.301285
0.252360
0.178362
0.183611
0.168146
0.173020
0.214307
0.176628
0.193827
0.212666
0.298099
0.256999
0.259764
0.334793
0.149166
0.108348
0.118518
0.144855
0.149588
0.137076
0.135623
0.166178
0.201091
0.206762
0.217821
0.183799
0.265341
0.201372
0.200107
0.166881
0.218009
0.229678
0.289335
0.319328
0.257093
0.214775
0.246971
0.240785
0.262998
0.179018
0.149588
0.184361
0.152166
0.169365
0.141293
0.125782
0.125922
0.117534
0.213838
0.221336
0.126297
0.163975
0.175176
0.267872
0.233099
0.247111
0.207980
0.278838
0.278463
0.252032
0.214635
0.188297
0.192796
0.144668
0.156196
0.138810
0.109989
0.122548
0.157649
0.136794
0.133280
0.260139
0.267169
0.130421
0.150900
0.358693
0.228741
0.122173
0.159851
0.103287
0.139559
0.142606
0.138482
0.136185
0.124376
0.150666
0.169880
0.077512
0.074654
0.110223
0.076341
0.117252
0.100054
0.152587
0.120486
0.156102
0.190875
0.183705
0.142371
0.141153
0.178128
0.203200
0.257702
0.330809
0.318062
0.336480
0.248376
0.222133
0.225788
0.224148
0.166787
0.145371
0.148089
0.123579
0.142793
0.097851
0.141668
0.130749
0.167584
0.238395
0.151603
0.210417
0.170302
0.150854
0.184080
0.196592
0.184173
0.193546
0.187829
0.175597
0.106005
0.101413
0.091665
0.094289
0.082855
0.065468
0.070295
0.067390
0.078449
0.059845
0.089416
0.093305
0.102303
0.088759
0.118283
0.126016
0.133233
0.127281
0.136935
0.168334
0.183377
0.176535
0.158773
0.170630
0.161163
0.208261
0.183002
0.204137
0.149401
0.124141
0.076106
0.122126
0.065562
0.099397
0.121142
0.102162
0.134170
0.116737
0.191062
0.312392
0.249173
0.190313
0.199498
0.185064
0.191765
0.199826
0.234739
0.229116
0.348711
0.273823
0.321905
0.237082
0.335589
0.147620
0.135810
0.169740
0.137966
0.155259
0.163554
0.199498
0.171567
0.256484
0.212385
0.188063
0.147386
0.185017
0.160507
0.146402
0.134076
0.142090
0.194062
0.206621
0.164163
0.174098
0.156383
0.160273
0.122735
0.116268
0.103147
0.080652
0.082058
0.079668
0.108114
0.136326
0.103100
0.120673
0.175035
0.219602
0.162101
0.153103
0.141012
0.140028
0.139934
0.131546
0.140216
0.118565
0.130562
0.139841
0.167162
0.164116
0.159851
0.099210
0.123251
0.095320
0.142324
0.118471
0.144433
0.156993
0.125454
0.222508
0.200013
0.200951
0.141809
0.182065
0.142934
0.177613
0.130234
0.130843
0.127281
0.141293
0.167771
0.158961
0.143496
0.161726
0.147995
0.126156
0.112707
0.097851
0.113597
0.106474
0.095273
0.155306
0.138763
0.178644
0.156243
0.168240
0.129859
0.126203
0.125547
0.129062
0.140965
0.130983
0.157508
0.141247
0.162897
0.146730
0.142184
0.137216
0.109098
0.080418
0.079152
0.078309
0.080511
0.107599
0.084307
0.103521
0.100850
0.128406
0.104880
0.122407
0.173207
0.142980
0.141996
0.140590
0.161070
0.145605
0.177894
0.154978
0.179018
0.203903
0.191344
0.216884
0.194109
0.161585
0.127375
0.133233
0.134217
0.138669
0.186048
0.142418
0.153150
0.296037
0.275838
0.386436
0.228085
0.217915
0.212948
0.224242
0.224710
0.206434
0.231271
0.215947
0.218478
0.203669
0.245986
0.395856
0.309580
0.197998
0.153806
0.139138
0.093071
0.094242
0.136794
0.116034
0.106849
0.188016
0.286523
0.124844
0.159148
0.322842
0.150807
0.176394
0.193218
0.119127
0.152728
0.129203
0.138903
0.125782
0.125641
0.167771
0.245986
0.129578
0.083370
0.075263
0.072217
0.078684
0.072123
0.099023
0.101038
0.126531
0.158961
0.129249
0.127656
0.097851
0.094477
0.099491
0.113503
0.110879
0.133467
0.120392
0.110551
0.128875
0.115050
0.136466
0.130655
0.155680
0.142699
0.077559
0.067671
0.081824
0.071842
0.075685
0.099632
0.105068
0.085620
0.113410
0.115987
0.084542
0.080793
0.103193
0.092930
0.087400
0.225882
0.197764
0.119596
0.133983
0.143262
0.185579
0.163132
0.136420
0.131452
0.102350
0.126203
0.085245
0.118190
0.100569
0.109989
0.139372
0.162194
0.185204
0.176863
0.170724
0.185298
0.129109
0.118518
0.138435
0.120486
0.171427
0.165241
0.146308
0.146027
0.137263
0.098038
0.088619
0.087025
0.085807
0.081824
0.084635
0.080371
0.137263
0.088056
0.136794
0.142043
0.102397
0.143355
0.128500
0.125641
0.102303
0.099444
0.131030
0.157977
0.148557
0.160835
0.292522
0.159008
0.119689
0.111535
0.118424
0.094711
0.077184
0.075919
0.063594
0.075731
0.085057
0.103006
0.142559
0.126625
0.108911
0.110692
0.124563
0.135857
0.126156
0.109239
0.110879
0.149776
0.170349
0.183096
0.144527
0.151228
0.151369
0.168521
0.114206
0.087822
0.104646
0.071889
0.067952
0.110926
0.112472
0.104974
0.138997
0.136935
0.141059
0.153103
0.136466
0.139185
0.131452
0.121189
0.147479
0.109239
0.109239
0.115378
0.155493
0.180706
0.179253
0.147245
0.130890
0.144199
0.119127
0.103287
0.071982
0.103709
0.099444
0.071045
0.119314
0.103193
0.216744
0.071607
0.090540
0.074888
0.098132
0.088994
0.135201
0.145558
0.155634
0.140309
0.188204
0.163647
0.154509
0.127469
0.108864
0.066124
0.073951
0.101600
0.052159
0.088244
0.125313
0.081214
0.122876
0.143871
0.127562
0.135389
0.132999
0.143777
0.128500
0.085245
0.098085
0.120767
0.126719
0.116737
0.110223
0.115378
0.097195
0.105396
0.070904
0.077793
0.056892
0.053846
0.085151
0.075216
0.106286
0.081449
0.093211
0.135154
0.124048
0.118658
0.108911
0.081683
0.109567
0.099819
0.078262
0.104084
0.126906
0.140403
0.151369
0.149448
0.147995
0.129578
0.099444
0.046395
0.068280
0.062469
0.064203
0.070248
0.094430
0.185111
0.313845
0.265388
0.308924
0.176066
0.144949
0.151978
0.280572
0.151275
0.164491
0.118658
0.168380
0.141903
0.107692
0.166975
0.110363
0.119314
0.071045
0.083651
0.066124
0.111769
0.060923
0.077184
0.093774
0.059282
0.075356
0.124141
0.104880
0.109895
0.166600
0.129812
0.129437
0.139606
0.178316
0.160742
0.150994
0.196358
0.187407
0.160601
0.171567
0.164350
0.121611
0.140684
0.122501
0.104787
0.116175
0.135998
0.165803
0.141106
0.148838
0.254562
0.229069
0.200716
0.178222
0.213557
0.183049
0.171427
0.196592
0.200904
0.196967
0.263935
0.237879
0.237973
0.221196
0.151416
0.116456
0.109520
0.086885
0.112894
0.092509
0.160835
0.174566
0.140590
0.170302
0.229818
0.226304
0.179112
0.168334
0.153009
0.138154
0.123251
0.141059
0.210323
0.211682
0.157274
0.212948
0.199029
0.213838
0.186938
0.177800
0.172223
0.135529
0.148042
0.141434
0.153759
0.162194
0.162335
0.183142
0.218993
0.397074
0.250438
0.183939
0.169271
0.176394
0.149260
0.150947
0.201560
0.193171
0.189375
0.226304
0.251563
0.207605
0.252032
0.242050
0.136326
0.132389
0.091806
0.157883
0.115706
0.153712
0.242425
0.242518
0.302082
0.189610
0.170161
0.202966
0.148463
0.155727
0.190922
0.181268
0.210042
0.194437
0.208917
0.241956
0.211542
0.194390
0.150525
0.128968
0.089509
0.146776
0.099772
0.124751
0.149073
0.152166
0.188485
0.175551
0.262810
0.231740
0.206762
0.188813
0.177003
0.174332
0.178878
0.217587
0.172926
0.199357
0.247205
0.201372
0.202403
0.182533
0.207652
0.197061
0.157930
0.124376
0.130937
0.193546
0.143168
0.168146
0.153337
0.268809
0.285399
0.294396
0.241769
0.408040
0.218103
0.195655
0.203434
0.186985
0.177613
0.190125
0.182955
0.188860
0.187641
0.189891
0.134873
0.138435
0.110832
0.131124
0.082573
0.105911
0.093305
0.164256
0.092368
0.141621
0.203434
0.206480
0.230193
0.218524
0.201654
0.230475
0.212526
0.211261
0.221992
0.259999
0.242472
0.261123
0.268106
0.252875
0.198795
0.146402
0.159898
0.101225
0.109989
0.082292
0.127469
0.160835
0.114441
0.182018
0.241675
0.193031
0.172598
0.266794
0.235395
0.235583
0.142512
0.193218
0.220446
0.258218
0.226960
0.302316
0.291303
0.274198
0.220493
0.220633
0.232818
0.213932
0.195514
0.170677
0.217587
0.210323
0.209573
0.230193
0.207183
0.230240
0.231787
0.307987
0.289382
0.324717
0.281509
0.346181
0.317266
0.329591
0.315719
0.362630
0.335355
0.333059
0.266278
0.222367
0.230615
0.184033
0.219274
0.188579
0.211917
0.208730
0.264263
0.286992
0.234739
0.498768
0.330059
0.300582
0.294162
0.292194
0.302691
0.284414
0.271105
0.270965
0.281134
0.347118
0.319750
0.339807
0.311923
0.246408
0.223304
0.199217
0.185064
0.197623
0.187032
0.231084
0.182299
0.175223
0.218056
0.265528
0.231459
0.231365
0.238488
0.198467
0.198326
0.245565
0.251469
0.238676
0.224570
0.252875
0.256437
0.252641
0.252172
0.149963
0.153056
0.178316
0.160507
0.177472
0.176675
0.176019
0.206902
0.180378
0.202122
0.246127
0.208964
0.219087
0.173489
0.171802
0.188766
0.173723
0.174238
0.173629
0.233614
0.221617
0.224851
0.235864
0.214822
0.182158
0.178128
0.161351
0.161773
0.171099
0.172926
0.208121
0.191625
0.244393
0.214119
0.364035
0.430441
0.365441
0.302879
0.263092
0.310845
0.451811
0.307940
0.398012
0.232115
0.235020
0.271433
0.308877
0.203013
0.182252
0.150994
0.184220
0.156946
0.194155
0.185486
0.223351
0.192843
0.234692
0.280478
0.251329
0.233896
0.189938
0.177050
0.195280
0.199076
0.167678
0.189797
0.189610
0.234739
0.227147
0.196405
0.180471
0.173582
0.143918
0.182955
0.212432
0.205778
0.196124
0.203903
0.252172
0.164866
0.154603
0.202310
0.226351
0.210323
0.236895
0.244206
0.219274
0.215197
0.188625
0.197904
0.259811
0.403026
0.326638
0.317828
0.311127
0.219368
0.177847
0.179721
0.158727
0.192468
0.165381
0.224570
0.230428
0.233989
0.188157
0.270543
0.230428
0.259483
0.221289
0.264263
0.233099
0.407900
0.346087
0.307143
0.272886
0.428145
0.346087
0.349508
0.324530
0.231787
0.243456
0.181830
0.225366
0.189750
0.172411
0.186657
0.194437
0.206762
0.207699
0.283993
0.308221
0.278603
0.270121
0.417788
0.396184
0.296177
0.381000
0.404057
0.295568
0.280056
0.320265
0.308034
0.419850
0.354194
0.267918
0.272699
0.233052
0.252922
0.238441
0.221992
0.246080
0.242331
0.256062
0.288538
0.331700
0.307565
0.299130
0.244627
0.243315
0.192328
0.230943
0.324436
0.318390
0.300114
0.317266
0.328700
0.331465
0.277244
0.218009
0.183658
0.204747
0.203434
0.199873
0.219368
0.316657
0.250064
0.233942
0.366941
0.308783
0.304285
0.307752
0.275838
0.300535
0.312814
0.290647
0.345337
0.329544
0.339338
0.337979
0.358318
0.349976
0.309908
0.304472
0.243081
0.237035
0.293459
0.254000
0.268293
0.281743
0.299036
0.281603
0.325326
0.429926
0.370690
0.451061
0.322233
0.431238
0.321858
0.251235
0.369472
0.373314
0.307237
0.327435
0.338589
0.310658
0.348336
0.339198
0.284227
0.259624
0.314969
0.327529
0.307565
0.249079
0.313470
0.360005
0.317547
0.308221
0.315626
0.305925
0.395856
0.336714
0.327295
0.357287
0.365816
0.334886
0.335402
0.360943
0.324951
0.341682
0.374533
0.289148
0.245752
0.262764
0.321952
0.313048
0.295287
0.314923
0.343790
0.356584
0.334652
0.276635
0.326966
0.348242
0.325092
0.278557
0.307284
0.379219
0.376407
0.386061
0.425708
0.407431
0.384609
0.519154
0.385452
0.319375
0.327810
0.309721
0.302129
0.309346
0.312861
0.364551
0.312392
0.323217
0.424021
0.422427
0.405978
0.340697
0.299130
0.318765
0.353726
0.332965
0.341072
0.342385
0.362020
0.387467
0.389061
0.411836
0.369612
0.337136
0.323264
0.300864
0.269371
0.296271
0.338026
0.328326
0.249689
0.333949
0.412820
0.427207
0.349086
0.351242
0.345243
0.310096
0.322186
0.339432
0.482506
0.368909
0.386389
0.386717
0.376782
0.370456
0.337839
0.293131
0.273027
0.290507
0.313423
0.292334
0.308080
0.315251
0.290928
0.297864
0.374533
0.351382
0.397590
0.542913
0.375142
0.257093
0.290038
0.284368
0.288117
0.334746
0.364129
0.341447
0.333574
0.424396
0.390560
0.330528
0.327013
0.323499
0.332965
0.318016
0.309908
0.311689
0.310986
0.389810
0.385733
0.349320
0.340182
0.334652
0.328279
0.350398
0.367738
0.385593
0.337276
0.350351
0.338823
0.322889
0.340932
0.359677
0.334840
0.321062
0.311876
0.308455
0.337933
0.336573
0.286711
0.325748
0.318625
0.311314
0.386811
0.436065
0.429316
0.417647
0.325186
0.364317
0.339807
0.362489
0.356490
0.370456
0.369565
0.377485
0.371627
0.358224
0.329263
0.331559
