0.464729
0.326952
0.398287
0.283139
0.386486
0.485551
0.446745
0.359046
0.265157
0.250914
0.311221
0.342582
0.614655
0.419675
0.323775
0.255528
0.206753
0.546828
0.652262
0.705746
0.657749
0.753155
0.460809
0.418309
0.399174
0.410175
0.467846
0.268497
0.370903
0.285871
0.474377
0.315032
0.387127
0.566993
0.594684
0.671560
0.721650
0.694173
0.508029
0.586090
0.910110
0.529399
0.572835
0.531942
0.505125
0.631225
0.356383
0.322722
0.393373
0.420544
0.267937
0.316233
0.485298
0.354527
0.471451
0.525556
0.644161
0.398678
0.435081
0.372616
0.306263
0.417406
0.395547
0.410644
0.399748
0.545015
0.514197
0.350675
0.333948
0.426075
0.507120
0.694013
0.451400
0.511857
0.590786
0.361758
0.574030
0.437271
0.638079
0.831175
0.548343
0.985082
0.816350
0.538861
0.466010
0.295385
0.300399
0.768628
0.513659
0.432858
0.397003
0.487013
0.484020
0.574843
0.675107
0.551249
0.347352
0.416191
0.470554
0.308823
0.294922
0.278138
0.544728
0.756446
0.560355
0.648571
0.490263
0.645165
0.554258
0.325062
0.250972
0.306734
0.196625
0.275961
0.297628
0.468073
0.478909
0.545806
0.736842
0.582945
0.401185
0.311956
0.446354
0.331862
0.422003
0.340606
0.430219
0.663679
0.541826
0.497806
0.575852
0.408622
0.466414
0.427072
0.324149
0.324708
0.384881
0.421757
0.312179
0.358820
0.340221
0.346228
0.492477
0.393737
0.388847
0.365579
0.402647
0.364808
0.412014
0.239396
0.206838
0.285531
0.194100
0.335083
0.633619
0.658698
0.332373
0.277695
0.331525
0.364987
0.397717
0.360989
0.591834
0.816737
0.601357
0.483382
0.462287
0.448498
0.409981
0.238049
0.410575
0.249470
0.363174
0.313590
0.383556
0.379400
0.335084
0.331225
0.425693
0.392417
0.876339
0.576619
0.435636
0.377971
0.298934
0.281632
0.364688
0.341995
0.332866
0.455132
0.498970
0.532517
0.297002
0.316876
0.452920
0.423011
0.337812
0.320538
0.397200
0.545071
0.536938
0.628387
0.768960
0.534871
0.408628
0.453681
0.470798
0.431992
0.300227
0.272526
0.392609
0.414671
0.310782
0.312202
0.268099
0.331784
0.364053
0.265374
0.310507
0.387883
0.388427
0.331345
0.377440
0.718015
0.939990
0.579747
0.696505
1.000000
0.798974
0.600371
0.659107
0.428633
0.696196
0.468468
0.593133
0.456803
0.387349
0.383967
0.433621
0.453249
0.372028
0.435166
0.423535
0.371496
0.437752
0.449052
0.417579
0.744520
0.688021
0.653927
0.615095
0.672140
0.574151
0.557586
0.415649
0.558825
0.360482
0.374333
0.451150
0.398849
0.371470
0.379318
0.308173
0.281480
0.487635
0.336870
0.278478
0.339194
0.302797
0.389977
0.464449
0.591620
0.550920
0.663412
0.451921
0.310420
0.496860
0.611016
0.809512
0.351445
0.236116
0.434841
0.324824
0.450591
0.616517
0.750153
0.496483
0.415545
0.355916
0.432949
0.322107
0.531584
0.405731
0.350351
0.289381
0.841477
0.776567
0.640024
0.568319
0.742176
0.290176
0.499908
0.460088
0.353283
0.430733
0.387324
0.477511
0.547377
0.417906
0.492922
0.319666
0.446056
0.360816
0.365072
0.340216
0.313091
0.226472
0.445475
0.527202
0.469516
0.459128
0.339617
0.283385
0.464010
0.380314
0.341432
0.330942
0.310758
0.228741
0.212130
0.265595
0.488733
0.561763
0.607655
0.287259
0.347891
0.388026
0.341226
0.307260
0.308354
0.275140
0.387205
0.248013
0.331082
0.399770
0.535045
0.331800
0.288076
0.266846
0.274532
0.312253
0.228975
0.237041
0.266457
0.374788
0.285645
0.258129
0.359715
0.429507
0.614045
0.455363
0.521716
0.364273
0.324110
0.290711
0.322748
0.250298
0.546969
0.532878
0.815743
0.478457
0.439244
0.311096
0.347711
0.214502
0.323309
0.287454
0.435716
0.534956
0.277324
0.399817
0.503867
0.362313
0.325691
0.267261
0.310811
0.263519
0.354928
0.271874
0.308577
0.342172
0.573022
0.442840
0.398943
0.400637
0.298695
0.530426
0.534986
0.422419
0.450983
0.303822
0.360042
0.357660
0.277400
0.293421
0.444916
0.269535
0.371673
0.308613
0.271879
0.249586
0.263865
0.324692
0.247559
0.284866
0.415760
0.629394
0.485609
0.400408
0.280767
0.498126
0.298470
0.308040
0.312891
0.221647
0.337019
0.261306
0.213804
0.282183
0.330202
0.237282
0.222177
0.156724
0.183360
0.309667
0.181148
0.212967
0.252209
0.249517
0.442070
0.650418
0.749003
0.370357
0.422280
0.299263
0.226757
0.269425
0.377635
0.273528
0.219186
0.313832
0.363882
0.433159
0.386421
0.267940
0.382424
0.275270
0.323061
0.321600
0.307403
0.292063
0.323723
0.327190
0.594671
0.506806
0.432441
0.326505
0.264591
0.234480
0.398393
0.244367
0.299834
0.373094
0.278841
0.462103
0.440147
0.289799
0.393429
0.176590
0.208098
0.218324
0.308870
0.187730
0.209157
0.197915
0.232934
0.320022
0.316292
0.309096
0.491300
0.271235
0.350204
0.163247
0.176246
0.215371
0.127168
0.220754
0.337797
0.521699
0.625131
0.557906
0.377470
0.282218
0.451161
0.428808
0.277961
0.267446
0.243880
0.300073
0.383251
0.220957
0.302682
0.371787
0.407539
0.456036
0.388253
0.329893
0.734993
0.743555
0.607330
0.562566
0.409882
0.634401
0.506032
0.535538
0.548902
0.450722
0.513002
0.380590
0.452845
0.479127
0.384077
0.365045
0.397141
0.499052
0.667456
0.731648
0.459830
0.597930
0.477806
0.431651
0.310674
0.482952
0.478910
0.456509
0.462494
0.555487
0.614559
0.454348
0.496389
0.600043
0.528668
0.543902
0.263222
0.315489
0.298763
0.288273
0.315806
0.369550
0.515016
0.671080
0.487453
0.479419
0.391548
0.444768
0.378500
0.305821
0.218975
0.351857
0.501802
0.521852
0.594401
0.626871
0.550902
0.580235
0.493423
0.345445
0.343483
0.428171
0.394687
0.279451
0.454882
0.644434
0.440689
0.531817
0.507471
0.601542
0.370217
0.369405
0.437009
0.296865
0.421484
0.369112
0.379500
0.727651
0.518546
0.596209
0.732363
0.614217
0.569588
0.316160
0.342641
0.328426
0.415269
0.336319
0.418265
0.503915
0.447408
0.569364
0.572371
0.573890
0.617614
0.423585
0.347991
0.414151
0.189637
0.184761
0.331240
0.397789
0.289199
0.371810
0.710085
0.384904
0.368775
0.417447
0.418602
0.327313
0.442651
0.481510
0.384053
0.544245
0.607927
0.599555
0.506288
0.675191
0.591545
0.486492
0.612649
0.289851
0.251322
0.218566
0.401856
0.363636
0.383390
0.688578
0.631932
0.514866
0.567610
0.485666
0.318389
0.449342
0.281039
0.336392
0.401588
0.573259
0.339272
0.235740
0.338194
0.212893
0.378924
0.196975
0.171600
0.130642
0.119731
0.107324
0.467677
0.536575
0.415184
0.545522
0.482147
0.531031
0.251666
0.421776
0.417439
0.262829
0.298431
0.223244
0.433563
0.235793
0.544485
0.312158
0.378124
0.376872
0.445587
0.354913
0.180658
0.188027
0.406369
0.319210
0.342288
0.476032
0.364671
0.350982
0.399372
0.265651
0.307609
0.287002
0.321561
0.331945
0.206938
0.342715
0.358417
0.365417
0.746211
0.595872
0.594362
0.543521
0.375517
0.316108
0.268630
0.202279
0.259638
0.236117
0.212212
0.174076
0.328173
0.219077
0.270831
0.247049
0.289146
0.181820
0.183907
0.192939
0.298063
0.237359
0.301382
0.203953
0.273994
0.347390
0.278632
0.291757
0.272232
0.132109
0.230826
0.184735
0.223942
0.242012
0.250655
0.291371
0.266975
0.305432
0.326779
0.176728
0.184870
0.214913
0.310486
0.314172
0.287878
0.203954
0.184521
0.268730
0.420779
0.317189
0.269266
0.339429
0.269678
0.283810
0.269059
0.232339
0.311456
0.146588
0.230403
0.188549
0.209702
0.162328
0.252689
0.262452
0.257618
0.149704
0.200891
0.256002
0.245116
0.252295
0.257319
0.255093
0.263939
0.281435
0.524893
0.488739
0.382606
0.232413
0.374183
0.337388
0.361303
0.288473
0.276898
0.246795
0.253960
0.266426
0.299964
0.343422
0.237912
0.337489
0.283561
0.229346
0.285453
0.183938
0.279164
0.302070
0.577077
0.618754
0.422185
0.340595
0.323809
0.420278
0.399057
0.543965
0.694425
0.567854
0.547321
0.536527
0.532533
0.524702
0.393663
0.478808
0.368700
0.281753
0.246232
0.235745
0.278194
0.191198
0.172767
0.257529
0.500086
0.528757
0.572461
0.639542
0.532345
0.667603
0.418753
0.435370
0.412857
0.226107
0.190370
0.300336
0.319933
0.258075
0.221669
0.311548
0.333407
0.334009
0.272696
0.225807
0.369302
0.280032
0.196565
0.278618
0.464781
0.378430
0.253204
0.470568
0.598040
0.787238
0.473699
0.474141
0.509603
0.364454
0.464363
0.634064
0.587889
0.420130
0.407844
0.246840
0.379963
0.239404
0.260675
0.299635
0.290829
0.288575
0.383995
0.325768
0.510531
0.777572
0.767957
0.358975
0.318001
0.313661
0.255798
0.202022
0.147669
0.193967
0.309592
0.290309
0.321589
0.235205
0.323640
0.326169
0.525636
0.289736
0.239254
0.357195
0.434338
0.254957
0.269109
0.453651
0.494763
0.635266
0.462005
0.566402
0.499751
0.429051
0.219973
0.358597
0.402275
0.499108
0.310679
0.473787
0.469519
0.549636
0.517676
0.565487
0.441245
0.433898
0.319505
0.424524
0.314907
0.416609
0.441760
0.361299
0.510592
0.601017
0.412526
0.612217
0.590251
0.430681
0.326646
0.381977
0.372389
0.365256
0.197718
0.394035
0.319292
0.331422
0.254039
0.217153
0.213735
0.334867
0.156654
0.265936
0.305123
0.241714
0.159625
0.396932
0.377838
0.587234
0.513171
0.397054
0.277803
0.293255
0.252320
0.269433
0.232906
0.238066
0.279763
0.292634
0.363610
0.400332
0.593221
0.461283
0.481302
0.402247
0.303114
0.315287
0.332683
0.528523
0.258249
0.251460
0.391729
0.566377
0.785031
0.654579
0.299372
0.312543
0.316835
0.424572
0.476745
0.393676
0.258150
0.390927
0.393543
0.308962
0.413917
0.418399
0.404956
0.389359
0.348812
0.474251
0.375367
0.444520
0.329804
0.437076
0.459076
0.348987
0.292597
0.203858
0.321129
0.205729
0.252897
0.252971
0.187084
0.324216
0.371554
0.431387
0.310541
0.423752
0.254059
0.386893
0.272899
0.366137
0.445298
0.349763
0.365426
0.296563
0.362410
0.337122
0.203231
0.155629
0.189502
0.210295
0.160490
0.236620
0.204520
0.185274
0.151423
0.158735
0.160725
0.274893
0.317374
0.314485
0.366106
0.281826
0.221716
0.183769
0.245394
0.253011
0.328517
0.310551
0.218444
0.229280
0.284517
0.331397
0.335281
0.314158
0.356024
0.206438
0.269326
0.339092
0.257565
0.256141
0.237439
0.213458
0.329759
0.301270
0.226674
0.306761
0.342010
0.353705
0.256469
0.318337
0.375508
0.343705
0.210392
0.362966
0.419750
0.311625
0.293513
0.255765
0.286186
0.169942
0.276813
0.198415
0.304165
0.181466
0.215597
0.354163
0.313882
0.257618
0.308470
0.247591
0.298132
0.318346
0.369569
0.276399
0.310298
0.274340
0.321198
0.376166
0.361771
0.306283
0.359747
0.318070
0.352096
0.166906
0.223425
0.236248
0.200139
0.348139
0.293499
0.205470
0.265749
0.350201
0.354520
0.384281
0.236277
0.248191
0.360594
0.392828
0.291940
0.377258
0.234760
0.392411
0.283837
0.413045
0.604863
0.357970
0.591357
0.276009
0.331771
0.294811
0.416426
0.174689
0.193027
0.236532
0.311450
0.188574
0.284913
0.353542
0.339575
0.301304
0.376526
0.197280
0.326151
0.310165
0.189234
0.290092
0.293424
0.675054
0.465982
0.359916
0.364876
0.112554
0.095688
0.206776
0.209123
0.176025
0.188916
0.538973
0.549734
0.463968
0.272762
0.272594
0.276676
0.222310
0.164353
0.267434
0.260501
0.188905
0.163448
0.220597
0.172730
0.189224
0.299148
0.380684
0.322254
0.202540
0.149717
0.128890
0.148813
0.164426
0.100231
0.328521
0.415236
0.427669
0.293501
0.232191
0.368299
0.345142
0.320976
0.300611
0.221574
0.243949
0.276892
0.277456
0.205188
0.315812
0.349630
0.410679
0.574249
0.567636
0.539720
0.343696
0.239716
0.213430
0.133858
0.213421
0.302726
0.520405
0.461324
0.213494
0.230402
0.220631
0.276679
0.270674
0.191170
0.337258
0.267348
0.190803
0.461366
0.708697
0.662703
0.565414
0.478206
0.372404
0.434730
0.689104
0.446485
0.336868
0.451253
0.492240
0.384084
0.214360
0.229743
0.529679
0.469406
0.394456
0.222515
0.237750
0.203617
0.257725
0.176847
0.361554
0.471037
0.794574
0.616290
0.559726
0.439775
0.556148
0.829561
0.544175
0.596980
0.548913
0.351747
0.255757
0.345835
0.357157
0.446714
0.270846
0.307814
0.352063
0.204281
0.311180
0.309290
0.336973
0.226211
0.431706
0.710554
0.677950
0.402076
0.543125
0.244094
0.300050
0.347164
0.330286
0.468373
0.268451
0.330572
0.400785
0.298429
0.371621
0.347281
0.455863
0.229270
0.329529
0.181663
0.192199
0.301612
0.257739
0.263347
0.335431
0.570932
0.337795
0.601018
0.602468
0.228037
0.344840
0.191398
0.332669
0.294004
0.285481
0.189624
0.251197
0.346204
0.346259
0.230582
0.160475
0.264012
0.194264
0.317826
0.222795
0.192923
0.274047
0.300667
0.216065
0.227612
0.503920
0.442285
0.569837
0.663865
0.344107
0.406677
0.271395
0.263390
0.294846
0.244279
0.282554
0.321962
0.230903
0.301847
0.226940
0.338684
0.295942
0.218025
0.208637
0.320915
0.267284
0.314102
0.242137
0.315987
0.395496
0.399478
0.511592
0.514469
0.438123
0.532718
0.287361
0.233257
0.436884
0.228857
0.229383
0.365743
0.439479
0.494630
0.339154
0.337010
0.295593
0.299384
0.200060
0.217180
0.197869
0.316168
0.279772
0.187355
0.205818
0.352228
0.347472
0.349377
0.365618
0.272749
0.373415
0.250233
0.205568
0.210123
0.224448
0.281937
0.302190
0.308253
0.310193
0.162371
0.193007
0.239870
0.179814
0.254661
0.208839
0.284912
0.263595
0.428957
0.474671
0.591396
0.399140
0.482135
0.403998
0.337501
0.313737
0.474813
0.272371
0.239640
0.240666
0.360457
0.299707
0.365414
0.329059
0.266134
0.192196
0.374087
0.307278
0.211207
0.255410
0.256917
0.273712
0.321917
0.703899
0.586440
0.366303
0.496348
0.180494
0.422398
0.371580
0.449550
0.362933
0.361985
0.523425
0.320210
0.316181
0.359458
0.491571
0.253011
0.341393
0.360746
0.260355
0.240400
0.284884
0.347261
0.246189
0.444353
0.568981
0.685842
0.410967
0.325980
0.281497
0.424311
0.315159
0.226406
0.140178
0.391467
0.380887
0.477757
0.408673
0.297903
0.435966
0.366245
0.325569
0.399235
0.292536
0.297327
0.267003
0.385204
0.427365
0.562311
0.726782
0.816878
0.445618
0.656275
0.604486
0.627859
0.347661
0.432511
0.352661
0.298426
0.343806
0.312896
0.363387
0.309010
0.487794
0.299567
0.323734
0.260046
0.366597
0.402549
0.347728
0.270175
0.389727
0.616106
0.692340
0.639767
0.508295
0.365494
0.683661
0.373162
0.668251
0.373001
0.343581
0.285953
0.437349
0.338723
0.346829
0.443080
0.358128
0.324638
0.410919
0.259477
0.552978
0.439092
0.338783
0.294266
0.298010
0.291931
0.533116
0.549561
0.410161
0.333458
0.310813
0.297629
0.269934
0.230971
0.275616
0.217682
0.404114
0.264032
0.475020
0.446906
0.295006
0.388538
0.358370
0.341821
0.322994
0.300287
0.236120
0.238862
0.314249
0.324550
0.200537
0.466879
0.458226
0.498116
0.428892
0.416072
0.274010
0.192274
0.206826
0.247348
0.281199
0.362200
0.403776
0.417042
0.566381
0.518218
0.289391
0.348538
0.269157
0.228105
0.209718
0.368180
0.280806
0.558408
0.530063
0.546748
0.601602
0.366197
0.505422
0.563887
0.260711
0.250951
0.220641
0.178708
0.323254
0.315819
0.446801
0.293542
0.229355
0.210610
0.142270
0.184147
0.197018
0.191843
0.263069
0.187203
0.296348
0.264885
0.226844
0.502180
0.569009
0.435085
0.262707
0.256302
0.255917
0.171253
0.247203
0.428381
0.473971
0.360837
0.481552
0.297148
0.264928
0.250467
0.267122
0.351017
0.204831
0.274747
0.332338
0.234098
0.225196
0.500211
0.502161
0.510320
0.531091
0.412541
0.513330
0.545917
0.406948
0.354775
0.498129
0.284203
0.222188
0.426111
0.377525
0.273784
0.536351
0.536584
0.386245
0.374048
0.230751
0.209071
0.210757
0.252265
0.284449
0.385175
0.578078
0.396335
0.414436
0.400010
0.233311
0.378014
0.288053
0.299094
0.329942
0.176062
0.375801
0.279305
0.233995
0.420820
0.469235
0.521715
0.252269
0.242117
0.289712
0.239896
0.281888
0.203879
0.268673
0.593246
0.455696
0.604538
0.480273
0.317916
0.198104
0.454163
0.584876
0.680324
0.346690
0.179591
0.294342
0.231876
0.337330
0.309022
0.256824
0.195489
0.235516
0.374865
0.226052
0.229086
0.281480
0.221171
0.176481
0.212288
0.208411
0.219357
0.185701
0.182872
0.265739
0.302393
0.362421
0.176305
0.190689
0.198792
0.162285
0.180409
0.229606
0.250902
0.164421
0.279675
0.285435
0.216927
0.284944
0.175360
0.246226
0.276814
0.275444
0.155548
0.188467
0.128016
0.187498
0.213024
0.185234
0.186228
0.224925
0.202625
0.207771
0.234834
0.531104
0.361506
0.284724
0.258999
0.285924
0.227877
0.304127
0.243788
0.268556
0.288897
0.171622
0.311420
0.317184
0.214016
0.271003
0.374555
0.666846
0.379793
0.602536
0.549897
0.436234
0.262232
0.202223
0.259566
0.228754
0.300128
0.424848
0.455671
0.591171
0.256359
0.343350
0.325598
0.376635
0.319823
0.255253
0.284301
0.341070
0.573453
0.444391
0.694527
0.358248
0.435631
0.362866
0.260721
0.416909
0.365741
0.165579
0.141915
0.215868
0.329159
0.292832
0.243081
0.285488
0.162009
0.159414
0.190654
0.248309
0.227941
0.201393
0.244262
0.389639
0.661739
0.848949
0.808621
0.900567
0.920394
0.481122
0.593580
0.494909
0.461842
0.409638
0.414387
0.499946
0.578003
0.579907
0.345513
0.286377
0.447939
0.323592
0.417839
0.294526
0.342093
0.362252
0.430978
0.414436
0.751820
0.811851
0.746110
0.480250
0.601036
0.505324
0.456658
0.354590
0.244943
0.221707
0.223952
0.245831
0.392951
0.220128
0.338847
0.229073
0.226466
0.244286
0.167824
0.209352
0.253743
0.172435
0.307370
0.469959
0.437662
0.315712
0.193927
0.153535
0.149758
0.197003
0.217917
0.218363
0.286684
0.221281
0.210550
0.349632
0.316429
0.341263
0.288438
0.231832
0.257111
0.244651
0.300102
0.283936
0.316894
0.266245
0.303603
0.285706
0.211174
0.179362
0.199478
0.197853
0.157110
0.147943
0.194468
0.217122
0.184770
0.148408
0.220118
0.175012
0.277048
0.288652
0.383427
0.322638
0.271164
0.269777
0.288526
0.193229
0.321513
0.326236
0.302037
0.239585
0.246342
0.242193
0.318845
0.540353
0.432691
0.562447
0.429831
0.334106
0.204857
0.332998
0.244584
0.283118
0.461835
0.476211
0.183043
0.201125
0.192401
0.221392
0.230109
0.249815
0.192746
0.232429
0.189260
0.553520
0.421177
0.392219
0.314045
0.253684
0.232132
0.226751
0.301451
0.285760
0.246258
0.346102
0.313878
0.236064
0.417453
0.356984
0.230113
0.323004
0.247051
0.185609
0.222486
0.225577
0.327262
0.290775
0.316636
0.556397
0.385191
0.642249
0.679323
0.466379
0.550424
0.258447
0.236977
0.245506
0.274221
0.233593
0.266539
0.182033
0.452482
0.468681
0.376446
0.258505
0.250219
0.270695
0.283244
0.240571
0.295386
0.191655
0.243573
0.680377
0.656593
0.399800
0.330657
0.359652
0.219585
0.283718
0.367176
0.149783
0.161293
0.139500
0.131663
0.176690
0.224827
0.284211
0.164912
0.166758
0.233506
0.236700
0.233322
0.193955
0.182696
0.188673
0.245285
0.338823
0.578512
0.422795
0.630785
0.450213
0.266456
0.245768
0.277887
0.384488
0.234335
0.268784
0.240683
0.312724
0.250158
0.444564
0.288093
0.491553
0.260017
0.231508
0.177747
0.232313
0.214800
0.306022
0.288816
0.588829
0.687776
0.746809
0.475063
0.619770
0.356942
0.296510
0.265224
0.195839
0.186180
0.233975
0.207158
0.256185
0.240208
0.404180
0.324852
0.187500
0.249789
0.268291
0.141203
0.172097
0.315779
0.164166
0.252138
0.205407
0.225593
0.168710
0.084062
0.134486
0.099782
0.151572
0.111220
0.117240
0.144897
0.171291
0.177438
0.132696
0.197404
0.161692
0.196768
0.334405
0.266910
0.180420
0.193726
0.259610
0.172026
0.157330
0.167503
0.270972
0.169802
0.183586
0.132999
0.336089
0.417261
0.422996
0.287538
0.386732
0.572995
0.531485
0.449608
0.519927
0.498107
0.382015
0.368071
0.417595
0.412652
0.276913
0.268619
0.316209
0.243879
0.236408
0.349868
0.572986
0.635451
0.558554
0.446373
0.250829
0.291088
0.282267
0.401600
0.388146
0.331263
0.218446
0.206411
0.322706
0.326965
0.321953
0.280613
0.381593
0.352187
0.320471
0.379100
0.299525
0.252816
0.318181
0.340746
0.407226
0.667698
0.413786
0.582995
0.293276
0.311025
0.316280
0.353541
0.179243
0.348522
0.205356
0.229917
0.197886
0.270315
0.425298
0.220911
0.311216
0.316598
0.311048
0.204613
0.243929
0.257485
0.287138
0.329395
0.332239
0.358200
0.560314
0.330833
0.270653
0.269097
0.394483
0.250080
0.242695
0.337794
0.322649
0.314205
0.226461
0.231900
0.299639
0.292804
0.308442
0.249632
0.269908
0.287100
0.260342
0.184833
0.258119
0.373380
0.374818
0.322947
0.403505
0.266903
0.241647
0.288010
0.235716
0.276186
0.238504
0.168854
0.225625
0.282831
0.427154
0.221276
0.422678
0.444980
0.199000
0.170859
0.212781
0.149849
0.183748
0.243525
0.247939
0.202916
0.406265
0.595476
0.476853
0.438013
0.544331
0.465684
0.516436
0.351681
0.210227
0.169373
0.225409
0.212024
0.165725
0.155587
0.259975
0.301905
0.146011
0.190926
0.177888
0.236113
0.156578
0.235922
0.279363
0.284072
0.353703
0.478323
0.276874
0.328669
0.313357
0.296087
0.246416
0.207546
0.359729
0.159240
0.149400
0.110257
0.173081
0.333963
0.328607
0.336489
0.350180
0.337466
0.167243
0.180056
0.192918
0.189012
0.205735
0.184546
0.191979
0.149500
0.250085
0.439912
0.457642
0.466157
0.253346
0.157515
0.158600
0.191101
0.091061
0.266909
0.328916
0.325036
0.389114
0.216779
0.259115
0.174277
0.208245
0.233655
0.148786
0.257476
0.229542
0.247909
0.267658
0.442276
0.626597
0.485501
0.446260
0.313159
0.428561
0.325671
0.422812
0.215577
0.180225
0.286303
0.200926
0.225129
0.230544
0.279946
0.527895
0.356311
0.235823
0.346754
0.188946
0.195059
0.315423
0.286374
0.496792
0.630056
0.561626
0.543705
0.381427
0.451345
0.377156
0.385983
0.383635
0.307254
0.224076
0.235757
0.177530
0.231903
0.276388
0.201122
0.238650
0.165294
0.252791
0.187353
0.224835
0.210071
0.221513
0.214579
0.446560
0.663656
0.608538
0.464988
0.506954
0.180700
0.219952
0.280922
0.185338
0.135514
0.146001
0.217620
0.248142
0.429300
0.356592
0.314587
0.267716
0.173273
0.203763
0.240314
0.174209
0.162697
0.256380
0.236488
0.340944
0.154549
0.423293
0.344690
0.353486
0.313407
0.418702
0.273043
0.353392
0.204700
0.152713
0.117738
0.136166
0.327264
0.358957
0.379317
0.316286
0.278581
0.157261
0.243178
0.177897
0.122972
0.137828
0.319234
0.446653
0.301561
0.501515
0.365401
0.218782
0.124396
0.229501
0.171135
0.151918
0.143965
0.191158
0.158096
0.078751
0.253376
0.240921
0.538830
0.486194
0.277359
0.142224
0.150546
0.239497
0.187558
0.184898
0.154363
0.472896
0.316016
0.235049
0.184431
0.280286
0.121933
0.266579
0.186090
0.082745
0.132114
0.093275
0.144036
0.325348
0.323563
0.211940
0.195492
0.157630
0.154477
0.201894
0.182438
0.118779
0.118879
0.175567
0.113039
0.096940
0.117052
0.125459
0.113563
0.078692
0.136536
0.075423
0.075101
0.111499
0.090092
0.113605
0.115894
0.122441
0.171748
0.106273
0.137062
0.134758
0.175687
0.176084
0.123143
0.164296
0.192295
0.192512
0.148975
0.203962
0.264449
0.182465
0.144810
0.209641
0.138214
0.098929
0.083739
0.089419
0.081718
0.118472
0.073390
0.162032
0.132622
0.142539
0.154881
0.168881
0.158155
0.135400
0.237627
0.160519
0.201753
0.129901
0.196829
0.165689
0.195535
0.165818
0.110329
0.159673
0.107386
0.079423
0.079750
0.119636
0.142884
0.140452
0.136075
0.154639
0.255009
0.127610
0.207467
0.221864
0.178480
0.140156
0.167760
0.175869
0.186308
0.140688
0.181917
0.248473
0.229514
0.272446
0.354574
0.215906
0.243642
0.188981
0.279329
0.275802
0.143668
0.096423
0.136978
0.113426
0.161438
0.206780
0.183006
0.160049
0.128629
0.263883
0.205461
0.175518
0.240771
0.215137
0.193974
0.356091
0.436700
0.333601
0.592358
0.518190
0.697580
0.773159
0.503570
0.437008
0.358245
0.363079
0.428665
0.462688
0.399011
0.414661
0.529645
0.492234
0.332705
0.327366
0.322909
0.226107
0.193303
0.158311
0.177108
0.202715
0.264816
0.308148
0.459581
0.721582
0.611059
0.610013
0.331051
0.469052
0.333282
0.331859
0.296353
0.369171
0.336120
0.208475
0.339236
0.360776
0.273527
0.170191
0.224999
0.157839
0.215461
0.245981
0.237641
0.149833
0.112835
0.149279
0.560773
0.471865
0.568083
0.292265
0.210038
0.295111
0.220262
0.218472
0.328504
0.103624
0.240304
0.303632
0.274621
0.200461
0.172947
0.245878
0.215058
0.172042
0.210191
0.223122
0.123806
0.434475
0.190503
0.310096
0.279325
0.134765
0.129661
0.100286
0.105433
0.274837
0.115977
0.165935
0.180060
0.099410
0.294976
0.276408
0.214289
0.297572
0.350494
0.293573
0.199276
0.205404
0.207126
0.304638
0.360029
0.470277
0.545309
0.415571
0.447079
0.397913
0.343738
0.373069
0.261331
0.305812
0.282070
0.272230
0.231376
0.203608
0.174395
0.305648
0.317450
0.224529
0.292430
0.275511
0.279861
0.225299
0.195254
0.154693
0.239949
0.676591
0.919206
0.791208
0.646930
0.411477
0.391283
0.420495
0.553941
0.270027
0.275747
0.335580
0.200737
0.190580
0.261374
0.479635
0.543830
0.485793
0.230362
0.160026
0.301938
0.260360
0.218792
0.401441
0.290301
0.469591
0.351772
0.474980
0.322644
0.420449
0.385335
0.457886
0.427321
0.438118
0.228949
0.296145
0.200613
0.309046
0.275792
0.381728
0.240262
0.194745
0.191089
0.276395
0.202427
0.201472
0.244543
0.154325
0.299828
0.376504
0.477718
0.533738
0.595035
0.503538
0.561492
0.441791
0.592534
0.573567
0.302299
0.244621
0.289165
0.233678
0.233989
0.351154
0.248159
0.189947
0.304437
0.300011
0.331178
0.298082
0.157069
0.248081
0.147701
0.462252
0.523335
0.627087
0.667328
0.656676
0.452635
0.318663
0.396478
0.315703
0.341635
0.227883
0.190455
0.180521
0.369048
0.368086
0.221985
0.341691
0.279195
0.243024
0.204149
0.198688
0.274625
0.297328
0.143755
0.262688
0.451198
0.434940
0.483372
0.257040
0.185388
0.198406
0.212596
0.189649
0.192470
0.178835
0.241655
0.182132
0.321691
0.376750
0.373458
0.294390
0.260616
0.213682
0.221528
0.292536
0.205675
0.279783
0.218890
0.168613
0.215829
0.347051
0.369328
0.449634
0.302847
0.294798
0.239354
0.169889
0.136574
0.194910
0.334336
0.184249
0.330698
0.294125
0.454616
0.422869
0.277870
0.295851
0.187373
0.296526
0.287455
0.188240
0.228319
0.293234
0.444223
0.557062
0.436955
0.302786
0.349478
0.235520
0.230816
0.226356
0.149917
0.238331
0.081085
0.129564
0.162787
0.234746
0.158776
0.234342
0.252441
0.160514
0.204297
0.223429
0.202517
0.228131
0.132667
0.351425
0.553849
0.421882
0.257163
0.382289
0.273764
0.426185
0.293339
0.363051
0.184811
0.207944
0.153068
0.239341
0.249981
0.361724
0.436040
0.456545
0.412542
0.378772
0.292999
0.299744
0.259192
0.243340
0.266456
0.496824
0.551316
0.637813
0.804197
0.649057
0.333603
0.282668
0.308550
0.346471
0.239656
0.198582
0.199917
0.208023
0.297927
0.221572
0.463193
0.523293
0.232573
0.214870
0.312764
0.275342
0.280922
0.271108
0.189117
0.445437
0.359404
0.549972
0.660814
0.801979
0.709629
0.362271
0.289892
0.341341
0.377653
0.240414
0.278018
0.157541
0.193369
0.414799
0.213860
0.318384
0.233022
0.361544
0.195517
0.242728
0.305482
0.339295
0.274486
0.530831
0.600455
0.619527
0.556563
0.361025
0.430649
0.409581
0.506950
0.586531
0.282210
0.313857
0.273196
0.246636
0.238492
0.262155
0.322296
0.442558
0.387517
0.309074
0.216077
0.227416
0.174354
0.214858
0.165519
0.303629
0.475553
0.363443
0.306389
0.194321
0.248962
0.139946
0.174615
0.187494
0.235699
0.151350
0.154498
0.212770
0.273760
0.208294
0.260564
0.440167
0.230498
0.261934
0.235162
0.304980
0.167848
0.252632
0.261914
0.170831
0.308810
0.177692
0.421291
0.576244
0.370237
0.339589
0.312908
0.372726
0.222133
0.197887
0.285476
0.207840
0.212979
0.346505
0.372665
0.267822
0.306381
0.254770
0.266797
0.238789
0.233274
0.340465
0.312515
0.455249
0.614792
0.774548
0.519201
0.388194
0.617728
0.370730
0.488419
0.518353
0.230927
0.332937
0.265184
0.372993
0.356099
0.385892
0.228937
0.237303
0.290563
0.259626
0.182022
0.206632
0.263263
0.208863
0.192884
0.585005
0.660057
0.670265
0.734818
0.478007
0.520318
0.612233
0.364203
0.470253
0.268939
0.182011
0.168222
0.207310
0.174530
0.512735
0.383383
0.285833
0.244159
0.216392
0.207143
0.348760
0.304537
0.163738
0.205365
0.365717
0.608771
0.492970
0.673433
0.500646
0.266209
0.281940
0.281258
0.437087
0.125378
0.330033
0.285681
0.294867
0.294328
0.528978
0.594152
0.396041
0.240169
0.394096
0.234380
0.221164
0.408994
0.571887
0.335649
0.371113
0.397118
0.486226
0.406552
0.295298
0.261169
0.199630
0.243516
0.253449
0.153954
0.170231
0.161130
0.165958
0.246904
0.482409
0.286848
0.290766
0.207731
0.276188
0.173445
0.254078
0.168969
0.328316
0.349083
0.335598
0.239538
0.335014
0.372747
0.371250
0.260794
0.448632
0.378011
0.301464
0.235735
0.415757
0.197484
0.159836
0.317484
0.490286
0.185181
0.164623
0.262220
0.268925
0.224343
0.148512
0.213987
0.300345
0.279461
0.135669
0.402112
0.455858
0.395583
0.369121
0.371390
0.219717
0.231435
0.292626
0.313813
0.279654
0.167131
0.196863
0.261401
0.207097
0.168998
0.210379
0.182391
0.198555
0.193848
0.226274
0.187358
0.207799
0.220868
0.183030
0.485600
0.378925
0.263007
0.168954
0.129607
0.190262
0.290893
0.207006
0.285885
0.276714
0.298273
0.187683
0.285308
0.297341
0.391508
0.291970
0.278325
0.240135
0.331071
0.247939
0.228256
0.144997
0.244415
0.373239
0.460128
0.450204
0.270159
0.275800
0.358964
0.410884
0.301681
0.242733
0.263548
0.397872
0.236356
0.324802
0.301650
0.405810
0.333291
0.173618
0.225596
0.145959
0.225730
0.186589
0.192637
0.222894
0.126477
0.384824
0.557025
0.241119
0.472488
0.286813
0.229765
0.354536
0.279869
0.452287
0.272769
0.227761
0.333421
0.200200
0.162460
0.407235
0.250356
0.219589
0.199319
0.291064
0.265959
0.169100
0.211286
0.182241
0.134206
0.441362
0.451329
0.401948
0.359060
0.304073
0.268229
0.247104
0.343191
0.343598
0.199450
0.232872
0.215282
0.247594
0.387071
0.231071
0.244821
0.242493
0.280570
0.241965
0.261081
0.276566
0.263606
0.234556
0.228118
0.352258
0.562137
0.303183
0.248989
0.309214
0.249192
0.307197
0.184065
0.219465
0.214057
0.252938
0.143864
0.214838
0.227073
0.498190
0.267205
0.307292
0.227272
0.333260
0.312235
0.333579
0.349794
0.282275
0.551548
0.326530
0.412937
0.224973
0.187690
0.210109
0.236156
0.192014
0.189300
0.153267
0.148232
0.161815
0.140793
0.217768
0.177386
0.257082
0.337369
0.425033
0.238346
0.221816
0.181761
0.145376
0.233853
0.338594
0.132374
0.204713
0.369771
0.319490
0.348724
0.170003
0.199682
0.197509
0.259805
0.246202
0.236272
0.275911
0.308541
0.226615
0.286919
0.390000
0.571366
0.295400
0.305246
0.249000
0.251084
0.214781
0.203649
0.272630
0.253839
0.188496
0.141398
0.535508
0.354713
0.440133
0.270887
0.230605
0.592057
0.283957
0.253849
0.210745
0.289253
0.173834
0.379947
0.364117
0.434952
0.217538
0.235367
0.202517
0.126551
0.208134
0.205131
0.127869
0.276012
0.289516
0.347396
0.342533
0.243515
0.412363
0.233400
0.229874
0.168994
0.138782
0.223163
0.120570
0.199593
0.181703
0.234412
0.377065
0.303043
0.226947
0.260389
0.173591
0.261985
0.244209
0.179751
0.154347
0.124683
0.529491
0.566186
0.498596
0.424904
0.483154
0.332852
0.442258
0.498695
0.307574
0.283010
0.327470
0.257922
0.388943
0.322878
0.310291
0.357351
0.267460
0.218852
0.193556
0.213781
0.222916
0.224940
0.152194
0.200284
0.319176
0.660753
0.445050
0.500566
0.574731
0.477526
0.418057
0.306705
0.191763
0.346583
0.293134
0.281823
0.158775
0.237268
0.271878
0.224036
0.307806
0.264259
0.156211
0.243170
0.247822
0.215191
0.246464
0.137462
0.284648
0.311498
0.187806
0.489283
0.274986
0.385290
0.227737
0.212679
0.201154
0.100890
0.140393
0.122620
0.144155
0.147990
0.212363
0.303867
0.163818
0.145231
0.130688
0.171584
0.177298
0.140436
0.182112
0.202512
0.315886
0.658315
0.824366
0.413866
0.433426
0.401485
0.260665
0.239760
0.247474
0.179615
0.094109
0.161318
0.246955
0.200206
0.159934
0.258199
0.202669
0.229596
0.157904
0.175175
0.158673
0.204538
0.206299
0.158143
0.104758
0.274920
0.334889
0.281356
0.142889
0.209579
0.164035
0.091917
0.137281
0.196524
0.154426
0.091181
0.119423
0.088705
0.161197
0.278991
0.351385
0.277994
0.262609
0.252134
0.161489
0.139608
0.150262
0.123803
0.152489
0.122564
0.159346
0.189420
0.312601
0.381405
0.271454
0.197591
0.319304
0.141609
0.211756
0.305424
0.230808
0.174539
0.171837
0.188243
0.205587
0.139840
0.158721
0.119920
0.166239
0.239105
0.233615
0.214612
0.217670
0.554435
0.322526
0.299135
0.195452
0.243563
0.269987
0.135016
0.147857
0.201170
0.110748
0.112583
0.114881
0.157920
0.150781
0.214135
0.185069
0.232625
0.209324
0.184367
0.165047
0.165402
0.165106
0.234034
0.470720
0.547307
0.629255
0.456389
0.251995
0.229174
0.216977
0.233186
0.123628
0.156909
0.217558
0.139337
0.105302
0.144427
0.215567
0.446849
0.457731
0.314278
0.179005
0.224953
0.167556
0.217500
0.140783
0.334188
0.480926
0.657798
0.455515
0.384045
0.312181
0.226589
0.243282
0.247010
0.167477
0.191546
0.272503
0.269757
0.301295
0.223139
0.280004
0.365387
0.320891
0.161903
0.168205
0.190701
0.152737
0.173714
0.261290
0.237018
0.319709
0.438939
0.370929
0.363103
0.399690
0.233784
0.204691
0.177233
0.221916
0.088506
0.140945
0.171519
0.146200
0.163542
0.245478
0.193905
0.187865
0.155676
0.299923
0.229024
0.186710
0.169947
0.211185
0.288194
0.651890
0.567481
0.453946
0.534285
0.297966
0.232169
0.271737
0.140860
0.223984
0.131765
0.211311
0.401818
0.169534
0.294109
0.389963
0.594357
0.318380
0.211969
0.239101
0.275501
0.137562
0.137675
0.129190
0.150668
0.157565
0.318615
0.408085
0.414916
0.226570
0.206262
0.123779
0.130157
0.132104
0.171542
0.198621
0.167803
0.103964
0.203885
0.164307
0.317439
0.185651
0.149421
0.215285
0.140949
0.251193
0.226800
0.132893
0.155796
0.112021
0.152424
0.343596
0.365052
0.186019
0.316848
0.425410
0.392967
0.416805
0.198239
0.214300
0.226825
0.137670
0.183519
0.264859
0.391773
0.168138
0.209312
0.131765
0.227783
0.287753
0.174909
0.169440
0.163917
0.170950
0.100253
0.305617
0.327376
0.549295
0.419531
0.329500
0.262455
0.205994
0.216777
0.380059
0.257270
0.447729
0.510217
0.296731
0.328645
0.302892
0.249971
0.298325
0.290461
0.345706
0.241389
0.221432
0.370230
0.397641
0.530080
0.341532
0.480165
0.524635
0.343594
0.520013
0.280279
0.283291
0.307453
0.190383
0.229010
0.118235
0.243614
0.169631
0.232262
0.115297
0.124208
0.157384
0.169529
0.153596
0.138401
0.140373
0.111354
0.221096
0.548774
0.499274
0.269724
0.358381
0.249296
0.242599
0.257467
0.282705
0.300588
0.274593
0.304040
0.287363
0.268565
0.339262
0.215614
0.207718
0.201871
0.179212
0.189709
0.182397
0.172086
0.113583
0.174357
0.412576
0.318782
0.309816
0.260716
0.216116
0.225286
0.268776
0.328876
0.279350
0.276882
0.304819
0.395008
0.309302
0.223986
0.197865
0.167416
0.499451
0.416583
0.259311
0.134804
0.165564
0.266980
0.150482
0.327204
0.477346
0.394786
0.423752
0.349805
0.342016
0.325989
0.218729
0.198717
0.233324
0.238639
0.184082
0.194445
0.244885
0.190211
0.241015
0.247286
0.457476
0.430323
0.205245
0.272459
0.289420
0.262962
0.198520
0.279812
0.374663
0.384898
0.427794
0.428909
0.182691
0.302661
0.389214
0.257876
0.249445
0.227596
0.189063
0.150998
0.191137
0.206189
0.176149
0.426360
0.466118
0.199574
0.247654
0.163436
0.255378
0.113598
0.148977
0.101644
0.238993
0.211125
0.330717
0.402773
0.606389
0.502530
0.596831
0.328935
0.321581
0.313784
0.267178
0.238260
0.345391
0.289606
0.316276
0.280560
0.223922
0.122091
0.181874
0.140670
0.210829
0.181578
0.183403
0.165060
0.418693
0.498817
0.261541
0.275215
0.338872
0.472247
0.267071
0.272695
0.449990
0.218450
0.192417
0.286913
0.247845
0.203380
0.200599
0.293855
0.189459
0.147710
0.219134
0.141964
0.183822
0.116870
0.161424
0.295171
0.407484
0.519336
0.529452
0.514697
0.519841
0.379313
0.457321
0.335396
0.461433
0.273286
0.472732
0.475914
0.357713
0.207982
0.356140
0.325764
0.267668
0.236249
0.231739
0.147028
0.121969
0.187971
0.249534
0.263045
0.280569
0.220427
0.214538
0.189532
0.353357
0.213130
0.318898
0.303663
0.293379
0.261351
0.237159
0.213331
0.175152
0.134066
0.254840
0.288105
0.229183
0.211871
0.130034
0.186186
0.201045
0.137402
0.223140
0.215054
0.444055
0.583166
0.772538
0.464826
0.327534
0.366343
0.457079
0.269197
0.265507
0.227215
0.307236
0.407568
0.212961
0.261357
0.317076
0.219405
0.267021
0.148816
0.177204
0.159851
0.161774
0.212736
0.179137
0.160112
0.455634
0.423845
0.365886
0.422027
0.487684
0.382612
0.400269
0.445789
0.261493
0.457383
0.290175
0.331164
0.297860
0.203377
0.205224
0.197964
0.275109
0.176936
0.239509
0.128203
0.264993
0.136871
0.225329
0.132292
0.148759
0.268306
0.303922
0.255509
0.204040
0.257040
0.265538
0.275206
0.203282
0.178765
0.187954
0.226811
0.208115
0.247849
0.211939
0.299887
0.255838
0.222723
0.197711
0.205421
0.247040
0.241541
0.260222
0.118435
0.288148
0.188968
0.180871
0.172593
0.163871
0.266459
0.180651
0.255892
0.267759
0.202874
0.223392
0.273017
0.204349
0.171212
0.269303
0.384456
0.296711
0.232207
0.187620
0.168320
0.177681
0.364671
0.152321
0.151225
0.437929
0.486402
0.474586
0.470610
0.391477
0.454358
0.277011
0.205572
0.264034
0.087926
0.139172
0.161847
0.108586
0.158562
0.203736
0.237470
0.200776
0.199124
0.169085
0.223394
0.226731
0.233908
0.105207
0.150489
0.270297
0.295560
0.274467
0.244118
0.297190
0.206745
0.287493
0.220547
0.202804
0.330488
0.299664
0.249663
0.150177
0.152171
0.291876
0.249299
0.199272
0.224421
0.209155
0.180189
0.179077
0.217230
0.206739
0.196396
0.304729
0.310424
0.328419
0.420502
0.290621
0.202833
0.213787
0.358534
0.291821
0.154385
0.295752
0.140491
0.261213
0.327691
0.272258
0.355209
0.331430
0.263898
0.240214
0.222386
0.259380
0.207591
0.188345
0.194782
0.271785
0.517233
0.643383
0.564310
0.242659
0.453809
0.323919
0.373743
0.289141
0.406182
0.391868
0.475561
0.215810
0.205124
0.389336
0.549891
0.486803
0.275488
0.219381
0.174178
0.211284
0.214122
0.161733
0.200380
0.353208
0.351722
0.363980
0.383677
0.342952
0.450612
0.315165
0.318569
0.476937
0.240647
0.238741
0.236710
0.407940
0.392275
0.315278
0.290315
0.263362
0.243582
0.202670
0.203962
0.234846
0.140461
0.223512
0.125214
0.123683
0.132669
0.297962
0.450364
0.540633
0.399195
0.323124
0.385145
0.289278
0.334408
0.249242
0.199809
0.190242
0.176116
0.300339
0.259631
0.195731
0.162847
0.245005
0.246203
0.246783
0.158828
0.173843
0.112259
0.130368
0.234325
0.344614
0.482102
0.502226
0.333939
0.197161
0.281824
0.304022
0.252890
0.229043
0.188334
0.160601
0.189569
0.124672
0.212508
0.181271
0.170047
0.080650
0.199510
0.138218
0.137525
0.169833
0.185885
0.316641
0.266761
0.218545
0.185123
0.222930
0.335473
0.391690
0.277579
0.259625
0.295589
0.212695
0.290874
0.163856
0.128743
0.162538
0.298791
0.185717
0.118933
0.131378
0.148253
0.145890
0.181855
0.145204
0.164624
0.310245
0.250932
0.173227
0.134507
0.216252
0.187675
0.152128
0.214629
0.262299
0.178971
0.132611
0.298544
0.226998
0.122803
0.150383
0.133639
0.109073
0.118973
0.183613
0.121191
0.184637
0.231998
0.156846
0.180183
0.208476
0.196986
0.274840
0.348779
0.271657
0.336940
0.262721
0.289730
0.251395
0.210787
0.389583
0.312591
0.283553
0.229980
0.346896
0.374210
0.503413
0.231144
0.308545
0.268264
0.220334
0.330865
0.286864
0.182439
0.498234
0.355548
0.279591
0.237071
0.245436
0.209851
0.168528
0.166461
0.157866
0.111934
0.219723
0.176308
0.106347
0.159385
0.199213
0.201617
0.222955
0.159366
0.196706
0.132289
0.156380
0.155097
0.219898
0.157503
0.259197
0.166161
0.284294
0.282756
0.317681
0.538774
0.534079
0.323298
0.302294
0.649258
0.457279
0.391922
0.295410
0.524943
0.283790
0.249023
0.192519
0.183920
0.175638
0.176258
0.158109
0.201015
0.118418
0.121036
0.243059
0.429221
0.340413
0.550806
0.538467
0.440710
0.165764
0.503936
0.274865
0.373026
0.433160
0.398478
0.292283
0.192367
0.335024
0.319220
0.215866
0.195703
0.228648
0.247396
0.264905
0.145057
0.171494
0.128421
0.148706
0.260475
0.203113
0.391499
0.272094
0.215155
0.238661
0.208597
0.318662
0.228016
0.221823
0.274319
0.249329
0.243566
0.228658
0.362965
0.312192
0.170762
0.230565
0.140524
0.169077
0.137392
0.169034
0.162095
0.389702
0.307836
0.460000
0.270327
0.342740
0.207343
0.370365
0.375961
0.345473
0.198532
0.178085
0.253390
0.247740
0.219997
0.219246
0.454339
0.122206
0.178518
0.184098
0.144157
0.190432
0.155998
0.141834
0.132510
0.527946
0.586836
0.371138
0.278043
0.374542
0.433038
0.197135
0.216553
0.225418
0.239876
0.186541
0.245265
0.235342
0.188570
0.171424
0.333907
0.377115
0.335458
0.295860
0.146160
0.316610
0.190335
0.256308
0.273353
0.251669
0.471303
0.548786
0.438304
0.695280
0.403317
0.298670
0.295342
0.247854
0.304139
0.311233
0.213265
0.156910
0.243149
0.399343
0.490877
0.363670
0.230995
0.202901
0.276886
0.248864
0.149364
0.135645
0.126599
0.251826
0.373474
0.666225
0.620178
0.436103
0.403806
0.222441
0.192988
0.178723
0.286046
0.165867
0.132744
0.189730
0.200467
0.191839
0.401783
0.290996
0.159690
0.245891
0.236600
0.165530
0.181448
0.158566
0.192068
0.312850
0.236844
0.434874
0.354983
0.211495
0.269036
0.286722
0.328232
0.261898
0.196015
0.283241
0.180512
0.138345
0.196181
0.156183
0.166964
0.356726
0.155498
0.185075
0.245146
0.302448
0.184667
0.231653
0.187811
0.197212
0.172952
0.431159
0.277711
0.294626
0.144827
0.135456
0.268606
0.284582
0.321751
0.333357
0.394389
0.262119
0.238275
0.219822
0.318724
0.263073
0.174937
0.138846
0.174597
0.128308
0.219953
0.178833
0.155901
0.143028
0.226021
0.446697
0.376095
0.385078
0.224005
0.219159
0.246774
0.269084
0.202850
0.377174
0.323241
0.185124
0.221630
0.259142
0.413661
0.148811
0.169263
0.230901
0.179646
0.187581
0.200886
0.132661
0.149851
0.376657
0.643689
0.560726
0.527463
0.268618
0.222574
0.361893
0.250275
0.236030
0.467956
0.429120
0.415901
0.351197
0.377643
0.296860
0.293763
0.188337
0.273610
0.154502
0.174847
0.225267
0.248581
0.229099
0.126144
0.239211
0.346331
0.496973
0.365102
0.261029
0.193654
0.224883
0.270259
0.242965
0.202185
0.297354
0.416076
0.293930
0.144744
0.236570
0.227614
0.333202
0.163026
0.208480
0.140616
0.162107
0.208257
0.168250
0.162922
0.317673
0.254044
0.377305
0.424386
0.600578
0.410037
0.399433
0.308446
0.293211
0.319521
0.375605
0.280392
0.230950
0.292942
0.287521
0.339061
0.272159
0.229617
0.189054
0.179698
0.275845
0.300390
0.251618
0.204958
0.396509
0.341598
0.310613
0.415682
0.403357
0.487925
0.560998
0.348885
0.403043
0.486705
0.316636
0.345404
0.304002
0.292428
0.113696
0.427132
0.289299
0.189267
0.267184
0.222576
0.150708
0.201308
0.171835
0.244967
0.500350
0.532860
0.359265
0.433114
0.515929
0.431327
0.472428
0.467356
0.270510
0.439287
0.361400
0.326978
0.283983
0.227178
0.273370
0.237538
0.218570
0.284843
0.230258
0.194780
0.204484
0.300616
0.186056
0.233264
0.198873
0.142036
0.201691
0.059720
0.059534
0.223283
0.224002
0.323417
0.244197
0.300057
0.307063
0.168555
0.267412
0.177689
0.430575
0.485025
0.438557
0.233833
0.275579
0.129323
0.198890
0.226310
0.160404
0.151257
0.123113
0.275939
0.218694
0.168673
0.373172
0.200459
0.187465
0.188870
0.319730
0.417809
0.372004
0.324947
0.200893
0.110593
0.363541
0.469130
0.239264
0.245049
0.338933
0.309578
0.322268
0.273489
0.225895
0.240245
0.277408
0.587494
0.445914
0.241842
0.372403
0.360472
0.222352
0.220739
0.192634
0.360314
0.259414
0.188845
0.313945
0.418599
0.592859
0.273590
0.356637
0.257113
0.228068
0.305434
0.203890
0.307407
0.234785
0.268377
0.562154
0.340203
0.381042
0.215333
0.290005
0.384973
0.427834
0.490817
0.437786
0.388992
0.415983
0.317230
0.298098
0.285252
0.376584
0.194615
0.123774
0.256135
0.220126
0.270234
0.260002
0.246180
0.239850
0.314427
0.361446
0.439768
0.526659
0.350059
0.516539
0.455988
0.315445
0.276876
0.453952
0.406177
0.370589
0.260367
0.272251
0.364679
0.384806
0.387908
0.470586
0.255674
0.258103
0.293204
0.220042
0.241467
0.243134
0.311920
0.406521
0.249465
0.431327
0.382112
0.281454
0.407747
0.234997
0.395412
0.422180
0.357223
0.302244
0.269497
0.242453
0.197380
0.326298
0.407919
0.292385
0.179707
0.215360
0.247058
0.250456
0.200063
0.143169
0.184990
0.201383
0.258104
0.268885
0.322552
0.287394
0.431675
0.350511
0.410688
0.473148
0.265838
0.233115
0.365880
0.360499
0.323352
0.419643
0.318078
0.472319
0.272338
0.232564
0.299477
0.219679
0.269313
0.252476
0.136396
0.242654
0.410620
0.376728
0.201735
0.393161
0.289996
0.196098
0.370825
0.365171
0.424541
0.545788
0.367955
0.436089
0.368308
0.314715
0.361413
0.392427
0.220093
0.228743
0.184451
0.287262
0.317839
0.163530
0.160906
0.167480
0.241932
0.269336
0.257534
0.358532
0.344334
0.255348
0.237206
0.235516
0.335102
0.409318
0.320910
0.292184
0.454586
0.382725
0.377094
0.180406
0.233255
0.195333
0.187489
0.251722
0.164940
0.212394
0.214636
0.522821
0.594158
0.579365
0.414969
0.339491
0.420255
0.377336
0.310400
0.432843
0.283772
0.336414
0.376197
0.332977
0.282940
0.448750
0.316508
0.311731
0.219030
0.244007
0.251717
0.162824
0.183108
0.237129
0.171986
0.517621
0.355228
0.414429
0.455892
0.358154
0.337698
0.442165
0.445418
0.265074
0.258042
0.350173
0.465697
0.237490
0.235334
0.437256
0.295739
0.426697
0.293844
0.396275
0.245398
0.265492
0.243677
0.304784
0.325849
0.536812
0.405986
0.308540
0.244429
0.362120
0.243717
0.375479
0.267182
0.392520
0.270766
0.442987
0.333781
0.481413
0.225539
0.171735
0.355158
0.219705
0.212965
0.270931
0.198251
0.162346
0.226074
0.287077
0.492564
0.483840
0.421067
0.337002
0.434499
0.398805
0.349648
0.367636
0.483389
0.276475
0.253162
0.307979
0.328087
0.323144
0.354387
0.364582
0.357473
0.264886
0.189206
0.169009
0.156570
0.320491
0.232026
0.289408
0.211436
0.305076
0.442911
0.467656
0.274455
0.323180
0.277064
0.316835
0.438441
0.317592
0.211410
0.203012
0.249791
0.165566
0.245349
0.262974
0.144627
0.181000
0.192171
0.268078
0.283869
0.178273
0.227586
0.159721
0.204102
0.229105
0.330127
0.284036
0.704287
0.450835
0.276163
0.374599
0.430448
0.351974
0.331615
0.408405
0.492061
0.385207
0.278272
0.380740
0.367323
0.341832
0.173992
0.262710
0.285295
0.198215
0.277204
0.191871
0.212772
0.303917
0.415275
0.281856
0.215574
0.207736
0.336578
0.324925
0.233381
0.239176
0.207385
0.290686
0.310834
0.348686
0.316843
0.364646
0.293430
0.250651
0.200389
0.169810
0.179297
0.232563
0.231494
0.157993
0.259941
0.511493
0.354612
0.437843
0.450454
0.341160
0.295181
0.482041
0.278378
0.276479
0.290349
0.228905
0.393756
0.205416
0.394247
0.294172
0.312643
0.254838
0.266521
0.224121
0.199837
0.282764
0.235579
0.198899
0.310373
0.171771
0.383249
0.367533
0.352011
0.495810
0.430351
0.400483
0.348112
0.466312
0.389808
0.369736
0.277806
0.603008
0.638627
0.482005
0.555072
0.281378
0.344804
0.347282
0.222984
0.230329
0.225400
0.140488
0.200217
0.384890
0.647463
0.553750
0.332139
0.316053
0.247355
0.222306
0.220324
0.213241
0.211080
0.184623
0.318957
0.145312
0.293909
0.483332
0.611831
0.312943
0.226451
0.174152
0.203507
0.150898
0.253845
0.240957
0.190787
0.292792
0.353843
0.447606
0.263893
0.314204
0.270625
0.049256
0.106921
0.438035
0.338612
0.365548
0.187736
0.249742
0.217190
0.273010
0.247512
0.107067
0.164705
0.229133
0.154757
0.178115
0.234361
0.227185
0.214194
0.158798
0.161082
0.218604
0.259205
0.269131
0.355561
0.314070
0.310499
0.318319
0.272912
0.220793
0.373092
0.283189
0.158775
0.334320
0.359603
0.271633
0.263638
0.235234
0.223579
0.274875
0.218780
0.204344
0.186581
0.227899
0.354076
0.344234
0.336863
0.379974
0.365248
0.290368
0.289951
0.372513
0.467523
0.317618
0.338641
0.373410
0.339930
0.447658
0.303870
0.279394
0.292074
0.221946
0.245366
0.179331
0.163470
0.150219
0.119460
0.183307
0.218047
0.500669
0.382628
0.460248
0.344327
0.397150
0.354749
0.249437
0.217261
0.230800
0.207205
0.212781
0.229807
0.259607
0.407393
0.290891
0.199570
0.144492
0.229249
0.255965
0.118749
0.202044
0.198585
0.336211
0.396648
0.514875
0.362073
0.539432
0.443408
0.652516
0.510656
0.417079
0.345567
0.256086
0.335408
0.259771
0.283919
0.197517
0.226477
0.194323
0.214739
0.196218
0.249360
0.269963
0.253439
0.290698
0.227166
0.366530
0.397752
0.374952
0.369919
0.354609
0.364635
0.367228
0.295391
0.340547
0.479743
0.398784
0.369770
0.372795
0.275135
0.290810
0.302433
0.252960
0.234485
0.204775
0.222109
0.192869
0.217497
0.195616
0.156147
0.203644
0.424405
0.325175
0.265865
0.280431
0.160321
0.348777
0.447546
0.207769
0.220599
0.278055
0.217339
0.163441
0.213511
0.322890
0.288341
0.282237
0.193503
0.237337
0.141810
0.196900
0.130504
0.215483
0.269130
0.268848
0.470851
0.500152
0.301160
0.372208
0.349596
0.234985
0.246147
0.166886
0.278610
0.227703
0.373320
0.251402
0.173608
0.173028
0.149864
0.181294
0.245032
0.166440
0.238115
0.130958
0.163830
0.187162
0.176192
0.333633
0.485131
0.341938
0.196226
0.282152
0.245654
0.172046
0.196690
0.174176
0.331466
0.267545
0.232856
0.126194
0.231045
0.231210
0.270657
0.145388
0.179814
0.186633
0.154775
0.129996
0.192962
0.187604
0.118979
0.178962
0.115541
0.434965
0.525971
0.355116
0.264188
0.248372
0.179788
0.273592
0.118840
0.165820
0.243448
0.185060
0.119936
0.196678
0.178113
0.156954
0.172718
0.218639
0.189153
0.114560
0.137166
0.133615
0.124009
0.218303
0.312357
0.554303
0.375077
0.345384
0.180608
0.215900
0.122514
0.228964
0.354607
0.281555
0.325944
0.309783
0.445357
0.236351
0.214281
0.202596
0.164286
0.135086
0.148197
0.150070
0.165402
0.245658
0.100870
0.343583
0.637223
0.624169
0.378057
0.357991
0.359904
0.233333
0.313607
0.344748
0.356066
0.269669
0.235614
0.214138
0.368618
0.442578
0.474533
0.282359
0.241133
0.219671
0.281388
0.172047
0.150112
0.158188
0.163734
0.394156
0.502472
0.622169
0.552728
0.520489
0.332536
0.381065
0.243416
0.351658
0.350040
0.218375
0.192460
0.253428
0.275502
0.276372
0.244318
0.274607
0.182799
0.227095
0.202955
0.169721
0.203066
0.169705
0.168225
0.137317
0.443099
0.387638
0.314682
0.361732
0.202403
0.179075
0.247677
0.233950
0.219963
0.182182
0.126473
0.319465
0.335424
0.250636
0.307300
0.201234
0.187890
0.244662
0.190586
0.199065
0.200667
0.195103
0.201464
0.197319
0.325071
0.478568
0.482843
0.240592
0.269848
0.232098
0.309921
0.261385
0.238645
0.426248
0.640492
0.557866
0.265799
0.220831
0.371391
0.294459
0.241374
0.241721
0.163784
0.116575
0.116938
0.164832
0.172487
0.286670
0.282283
0.288814
0.371268
0.407548
0.310718
0.254263
0.300355
0.431444
0.222960
0.348266
0.306389
0.405734
0.344151
0.436327
0.293112
0.152074
0.158003
0.179088
0.141493
0.142733
0.127171
0.098574
0.093020
0.188168
0.174295
0.314260
0.506939
0.384244
0.282260
0.344069
0.239878
0.154451
0.254666
0.292196
0.169653
0.341003
0.386277
0.285879
0.265582
0.144953
0.147811
0.139429
0.123552
0.166505
0.141710
0.192535
0.207707
0.100950
0.099336
0.222140
0.438191
0.420828
0.365087
0.127137
0.193208
0.160996
0.259391
0.216840
0.215524
0.194287
0.142873
0.293825
0.322660
0.203815
0.159831
0.131675
0.108922
0.165666
0.240102
0.222756
0.272693
0.338566
0.283133
0.417836
0.372390
0.313338
0.253788
0.229678
0.320152
0.330982
0.386379
0.348098
0.410172
0.205531
0.316172
0.323287
0.439076
0.192928
0.209370
0.154002
0.193071
0.118594
0.136490
0.156006
0.149836
0.317577
0.362668
0.323575
0.332710
0.141362
0.356766
0.318081
0.288535
0.147759
0.175160
0.239007
0.202221
0.324321
0.301516
0.249592
0.235330
0.255387
0.145299
0.139272
0.188579
0.155238
0.161415
0.124727
0.233763
0.212096
0.362963
0.322681
0.349733
0.375205
0.397306
0.241541
0.260152
0.330813
0.181186
0.213923
0.296661
0.292915
0.253185
0.234993
0.259032
0.153103
0.224507
0.202180
0.147894
0.173320
0.191189
0.301607
0.274404
0.346087
0.507800
0.352373
0.290831
0.250804
0.252550
0.280607
0.253873
0.150856
0.142287
0.176066
0.243009
0.245156
0.488035
0.588216
0.338091
0.300936
0.231926
0.254918
0.238173
0.218996
0.153008
0.130980
0.248868
0.299032
0.306854
0.440245
0.483845
0.421027
0.366745
0.157195
0.244902
0.305239
0.405596
0.353265
0.222374
0.229276
0.269214
0.234568
0.161004
0.247717
0.264507
0.144893
0.166203
0.229126
0.184450
0.194658
0.115849
0.162162
0.142575
0.178375
0.073400
0.191777
0.130615
0.238829
0.215913
0.192660
0.237229
0.263822
0.246508
0.154912
0.286460
0.189905
0.272422
0.214194
0.184982
0.186722
0.216141
0.287793
0.135910
0.189507
0.116925
0.135953
0.422487
0.142070
0.118868
0.223464
0.281473
0.241370
0.183711
0.214706
0.244438
0.247834
0.275181
0.181763
0.209214
0.446235
0.246894
0.203096
0.262094
0.205758
0.247519
0.211660
0.163375
0.164005
0.214386
0.163253
0.269832
0.280657
0.408115
0.304803
0.328384
0.311781
0.299841
0.258665
0.202899
0.221202
0.216065
0.359684
0.351987
0.235949
0.259213
0.247669
0.249344
0.183673
0.150448
0.175737
0.110861
0.212945
0.353285
0.215211
0.502000
0.510291
0.553813
0.306572
0.508577
0.399784
0.338338
0.294506
0.714601
0.348063
0.358997
0.363679
0.635574
0.357467
0.323979
0.260503
0.149736
0.120869
0.164151
0.133169
0.209103
0.121681
0.170634
0.308506
0.279428
0.274737
0.386630
0.475364
0.276941
0.223399
0.326054
0.309276
0.295819
0.232421
0.312862
0.252484
0.345890
0.362336
0.295163
0.262876
0.192489
0.116798
0.132010
0.176952
0.230196
0.153659
0.293293
0.351595
0.398238
0.563269
0.436313
0.424949
0.348547
0.297879
0.413617
0.282536
0.255959
0.298333
0.226241
0.424280
0.231967
0.275484
0.267331
0.219187
0.257857
0.162717
0.222793
0.123126
0.100237
0.171139
0.245352
0.515462
0.594478
0.447990
0.482760
0.219040
0.274982
0.249716
0.277943
0.293354
0.233009
0.291553
0.323061
0.278097
0.251133
0.251399
0.273877
0.200503
0.170705
0.167910
0.199197
0.202646
0.167345
0.182490
0.109941
0.119076
0.196624
0.208003
0.335211
0.370932
0.443847
0.185923
0.260332
0.257107
0.212921
0.281630
0.282453
0.256261
0.338980
0.282659
0.265788
0.232338
0.210326
0.215954
0.291501
0.124126
0.139920
0.183428
0.186118
0.101608
0.224934
0.448474
0.533499
0.229152
0.183221
0.170290
0.229605
0.188596
0.247414
0.212468
0.189392
0.166511
0.173391
0.335002
0.224955
0.205354
0.215216
0.154683
0.119422
0.171964
0.174030
0.118412
0.362395
0.384026
0.558954
0.327892
0.270533
0.385760
0.227678
0.261428
0.244023
0.148096
0.201764
0.206272
0.241766
0.210794
0.311467
0.355662
0.247134
0.287446
0.222616
0.183676
0.138331
0.197654
0.162269
0.143812
0.147754
0.212190
0.179912
0.129618
0.394869
0.397980
0.459566
0.362849
0.261952
0.189183
0.164929
0.285519
0.290793
0.193978
0.257561
0.216601
0.270960
0.221675
0.197750
0.182172
0.148927
0.119017
0.201550
0.194872
0.264639
0.442600
0.490755
0.294963
0.220051
0.382317
0.221478
0.381117
0.304992
0.323666
0.374500
0.346192
0.345447
0.313342
0.349799
0.440111
0.169953
0.218546
0.154921
0.190415
0.177251
0.200609
0.162680
0.206413
0.195828
0.271144
0.291852
0.443557
0.570956
0.506050
0.322626
0.401098
0.391544
0.555519
0.241589
0.356699
0.412274
0.302882
0.281378
0.230599
0.369050
0.175215
0.197297
0.213338
0.143884
0.105192
0.114559
0.143544
0.324776
0.453308
0.510156
0.366403
0.246141
0.222122
0.336139
0.266800
0.304587
0.263577
0.145067
0.207944
0.354680
0.309275
0.272746
0.281559
0.242731
0.179461
0.168269
0.229894
0.213489
0.165382
0.145779
0.152681
0.099153
0.138915
0.291022
0.162778
0.416960
0.580835
0.328212
0.360970
0.315686
0.289421
0.407716
0.284341
0.257404
0.240326
0.294913
0.411399
0.253764
0.406545
0.263838
0.107678
0.163190
0.137493
0.172095
0.140013
0.162848
0.172454
0.382493
0.354692
0.339157
0.227004
0.306366
0.314934
0.275260
0.186294
0.274244
0.164013
0.152743
0.291495
0.168694
0.231616
0.187024
0.164824
0.191191
0.207255
0.153508
0.188524
0.172967
0.247703
0.190885
0.193123
0.301158
0.207855
0.381132
0.500494
0.231365
0.165338
0.163784
0.188461
0.205193
0.170982
0.305389
0.438270
0.442096
0.345579
0.208155
0.110028
0.130939
0.160868
0.131710
0.168466
0.142355
0.134249
0.184975
0.481627
0.461030
0.300057
0.262429
0.250829
0.175121
0.226010
0.178318
0.179156
0.227572
0.165599
0.206761
0.211600
0.294247
0.205243
0.276598
0.205102
0.204564
0.152915
0.134280
0.177487
0.202396
0.173132
0.240992
0.464629
0.427359
0.404191
0.272896
0.261446
0.220891
0.218004
0.217273
0.266219
0.396273
0.454927
0.362700
0.358297
0.418144
0.319844
0.204980
0.236106
0.176925
0.221947
0.134112
0.115183
0.137905
0.138165
0.176670
0.286171
0.451140
0.358827
0.343646
0.322378
0.214805
0.322498
0.198702
0.200678
0.189092
0.187050
0.311818
0.233481
0.237772
0.485037
0.249438
0.143602
0.126631
0.135459
0.153398
0.117857
0.146670
0.141600
0.268083
0.490863
0.377571
0.438945
0.348233
0.331723
0.243314
0.274773
0.281153
0.269176
0.292282
0.351652
0.186933
0.260790
0.252168
0.170984
0.403379
0.197796
0.155003
0.194679
0.118765
0.164991
0.102969
0.117898
0.171397
0.258888
0.204227
0.222101
0.229404
0.445595
0.157461
0.163349
0.214795
0.317689
0.268948
0.200663
0.177942
0.316860
0.340905
0.194005
0.362147
0.238908
0.197867
0.163074
0.216635
0.159011
0.132446
0.185195
0.162556
0.082668
0.255165
0.370177
0.454555
0.253663
0.374811
0.264651
0.172889
0.285285
0.326131
0.287115
0.182090
0.277617
0.332673
0.297303
0.390822
0.255172
0.245210
0.226147
0.179944
0.134752
0.164274
0.187543
0.220408
0.585878
0.659242
0.277747
0.405941
0.278689
0.414281
0.351795
0.258964
0.328340
0.397738
0.379371
0.337401
0.302463
0.315955
0.231887
0.414430
0.164547
0.236748
0.135452
0.128555
0.110409
0.134913
0.123386
0.100133
0.598494
0.439269
0.578098
0.423840
0.282805
0.218501
0.295360
0.311528
0.239734
0.226459
0.310023
0.284059
0.227214
0.192393
0.314805
0.409389
0.279920
0.174770
0.243651
0.239714
0.203153
0.181949
0.156013
0.212580
0.294653
0.456497
0.352929
0.318443
0.394679
0.302987
0.261702
0.325084
0.319885
0.318764
0.326255
0.192779
0.246300
0.302269
0.444845
0.267475
0.294087
0.256300
0.204420
0.136722
0.207711
0.164591
0.253360
0.261791
0.579880
0.580926
0.454815
0.577971
0.272060
0.270527
0.333809
0.220614
0.234022
0.296349
0.278179
0.348229
0.340391
0.445712
0.506629
0.257570
0.272180
0.299368
0.212854
0.185227
0.127868
0.281026
0.213864
0.321057
0.221057
0.485569
0.496190
0.522247
0.355308
0.371299
0.263752
0.327545
0.432480
0.358528
0.269993
0.314303
0.358957
0.284314
0.300881
0.221284
0.319848
0.216910
0.195325
0.198847
0.208183
0.202676
0.187486
0.269616
0.450156
0.511105
0.305797
0.230139
0.312960
0.163634
0.170412
0.187103
0.203821
0.190074
0.204944
0.412880
0.524844
0.508835
0.587214
0.383154
0.332343
0.334662
0.216844
0.304795
0.253822
0.166833
0.243085
0.135275
0.116610
0.200403
0.273095
0.362591
0.246453
0.112873
0.174983
0.198932
0.212321
0.308865
0.272473
0.399435
0.324515
0.545879
0.567864
0.296419
0.210246
0.219525
0.169776
0.214924
0.140297
0.213521
0.161812
0.156906
0.533194
0.512187
0.355003
0.320100
0.219072
0.317872
0.357274
0.392257
0.324573
0.151353
0.097997
0.110458
0.112532
0.207508
0.205872
0.270736
0.136106
0.215258
0.244053
0.186685
0.263778
0.173388
0.156607
0.381272
0.386107
0.491524
0.402319
0.329435
0.363256
0.365570
0.325304
0.278397
0.380096
0.320602
0.237454
0.154531
0.376071
0.257429
0.482979
0.220490
0.187979
0.208865
0.259593
0.237976
0.151827
0.296561
0.357995
0.371182
0.251369
0.326082
0.304730
0.400888
0.183334
0.295749
0.293314
0.192064
0.245065
0.167545
0.248033
0.197696
0.281582
0.260164
0.431758
0.183742
0.252031
0.182414
0.222912
0.191768
0.148031
0.136706
0.180859
0.137557
0.381163
0.403281
0.406669
0.259840
0.332851
0.217165
0.435642
0.463586
0.337711
0.213186
0.221717
0.263690
0.295059
0.300051
0.224268
0.490138
0.341483
0.249681
0.216463
0.284687
0.247713
0.186331
0.248634
0.194335
0.403919
0.501942
0.310612
0.307682
0.378794
0.227914
0.419608
0.348351
0.441166
0.316903
0.399465
0.354205
0.293130
0.203215
0.370719
0.277656
0.252353
0.229214
0.200047
0.255939
0.228343
0.274462
0.152547
0.271764
0.121422
0.155828
0.104188
0.304923
0.379931
0.286934
0.547673
0.553551
0.526563
0.438741
0.368078
0.241653
0.221647
0.312116
0.461849
0.479013
0.399849
0.369637
0.212816
0.257944
0.170703
0.252498
0.167794
0.259126
0.123620
0.185244
0.116177
0.335319
0.517955
0.498485
0.420807
0.350286
0.364617
0.431181
0.398918
0.297111
0.456876
0.333918
0.508995
0.440426
0.295003
0.239813
0.172163
0.260368
0.211976
0.179725
0.197688
0.218407
0.537166
0.459117
0.460507
0.452270
0.348885
0.123885
0.118342
0.150306
0.384622
0.158353
0.227626
0.335145
0.360719
0.382534
0.280534
0.313637
0.214913
0.201817
0.205864
0.149042
0.200654
0.256494
0.268191
0.333915
0.441994
0.710417
0.656838
0.459455
0.463109
0.360176
0.213866
0.296868
0.285709
0.277995
0.198121
0.204557
0.326136
0.287421
0.359789
0.432768
0.273221
0.193537
0.199743
0.215691
0.247898
0.223126
0.176340
0.269492
0.496968
0.541508
0.383502
0.340612
0.305027
0.253598
0.369716
0.341289
0.373242
0.257063
0.192389
0.191678
0.329054
0.259745
0.184444
0.151056
0.186416
0.131822
0.168703
0.166285
0.196374
0.154382
0.301144
0.211552
0.289901
0.324991
0.464797
0.311151
0.264820
0.284685
0.297449
0.263414
0.306678
0.401342
0.366752
0.149900
0.205569
0.163410
0.255954
0.166821
0.262696
0.170432
0.193171
0.234580
0.207623
0.153581
0.180082
0.204074
0.323463
0.332312
0.452737
0.200459
0.213328
0.164001
0.205653
0.133782
0.189281
0.154875
0.187283
0.249897
0.388836
0.302605
0.360224
0.246657
0.336573
0.197837
0.283976
0.239555
0.196353
0.258986
0.225104
0.125207
0.068605
0.086388
0.279762
0.341547
0.156088
0.079202
0.116717
0.071566
0.127532
0.158744
0.222724
0.123008
0.173551
0.207335
0.232680
0.176050
0.150513
0.217083
0.176618
0.145250
0.193781
0.200685
0.193004
0.188883
0.080997
0.071686
0.129622
0.152035
0.117852
0.121863
0.184366
0.151544
0.252735
0.243215
0.198764
0.202169
0.390375
0.238773
0.273099
0.268916
0.174919
0.176265
0.232062
0.200557
0.240844
0.198445
0.187147
0.251872
0.478697
0.383973
0.411406
0.325432
0.272794
0.473274
0.175514
0.310961
0.278276
0.166216
0.246244
0.167572
0.206245
0.184892
0.223898
0.408762
0.332412
0.311047
0.250793
0.270366
0.245304
0.183639
0.195184
0.350848
0.353584
0.380576
0.424943
0.198739
0.244507
0.291628
0.284949
0.242165
0.331403
0.181811
0.142829
0.221518
0.260986
0.180140
0.301942
0.506945
0.296113
0.184400
0.139955
0.190100
0.190950
0.218246
0.148164
0.274481
0.377148
0.559315
0.425723
0.499933
0.193483
0.211076
0.182274
0.203550
0.242297
0.112208
0.188083
0.152117
0.286888
0.231780
0.368652
0.160006
0.193972
0.282296
0.262856
0.180644
0.216838
0.334171
0.266496
0.274969
0.277590
0.488750
0.385028
0.200398
0.276901
0.143896
0.178815
0.356333
0.406881
0.270460
0.270496
0.302875
0.265413
0.212966
0.292715
0.294701
0.252969
0.142460
0.168392
0.135045
0.120605
0.168097
0.197718
0.215614
0.363049
0.446414
0.514440
0.410966
0.351178
0.393963
0.357056
0.200049
0.354292
0.271231
0.257464
0.129100
0.404321
0.197615
0.217670
0.200971
0.159955
0.172857
0.132831
0.151645
0.134329
0.219297
0.221539
0.240950
0.175832
0.116118
0.348343
0.351602
0.243724
0.374109
0.166351
0.164563
0.259077
0.175437
0.145727
0.275016
0.500999
0.378913
0.298688
0.440413
0.319361
0.250683
0.195953
0.215156
0.272300
0.201568
0.231044
0.216859
0.161009
0.169591
0.163850
0.267055
0.342952
0.358860
0.203683
0.189312
0.213281
0.250223
0.264699
0.126762
0.176524
0.284816
0.316252
0.203017
0.209470
0.157750
0.152478
0.173082
0.164650
0.164835
0.182364
0.157270
0.417872
0.458908
0.278787
0.312205
0.245005
0.271121
0.307475
0.185982
0.168639
0.183371
0.157982
0.237458
0.269480
0.422702
0.602119
0.282819
0.499574
0.266795
0.206752
0.363057
0.283242
0.366041
0.219721
0.516446
0.593629
0.370357
0.208663
0.194802
0.263196
0.299124
0.304656
0.247454
0.238791
0.208990
0.292127
0.262572
0.441025
0.250245
0.534779
0.312674
0.361260
0.306382
0.269494
0.219498
0.319104
0.213137
0.320752
0.392146
0.424776
0.400303
0.256244
0.207388
0.185302
0.333153
0.288436
0.211717
0.271408
0.134089
0.094135
0.157328
0.225662
0.194017
0.242974
0.401123
0.257564
0.181514
0.285797
0.228198
0.155111
0.186913
0.260058
0.406078
0.497686
0.380573
0.290137
0.227572
0.255097
0.158016
0.138917
0.206790
0.290692
0.216126
0.172854
0.180961
0.186258
0.188583
0.183773
0.202881
0.214472
0.240206
0.160413
0.189853
0.187783
0.119613
0.200842
0.172940
0.299541
0.434125
0.425945
0.282740
0.518202
0.574311
0.403679
0.477547
0.261320
0.168827
0.217626
0.180388
0.238373
0.225291
0.480616
0.292873
0.196027
0.122033
0.240402
0.129729
0.182197
0.179091
0.192080
0.190104
0.280117
0.196516
0.249952
0.480811
0.366073
0.397228
0.085238
0.108171
0.115688
0.095898
0.118874
0.127490
0.207607
0.159877
0.185935
0.211621
0.302456
0.128209
0.239896
0.184100
0.134036
0.189722
0.154923
0.197899
0.272375
0.133021
0.231522
0.516867
0.459904
0.150096
0.184140
0.139433
0.149972
0.176961
0.155929
0.271624
0.284268
0.489008
0.309636
0.283807
0.213782
0.163181
0.139520
0.236264
0.202276
0.148334
0.207908
0.213378
0.311404
0.441042
0.383451
0.298698
0.278621
0.249615
0.261597
0.267614
0.176478
0.168862
0.238092
0.182175
0.182852
0.184565
0.279463
0.363748
0.171249
0.208234
0.274563
0.209382
0.216903
0.206629
0.233194
0.307927
0.489208
0.452620
0.291213
0.110833
0.121910
0.163656
0.099701
0.077478
0.127295
0.112165
0.102497
0.147631
0.229664
0.190271
0.286270
0.405984
0.508158
0.270963
0.313951
0.185595
0.216941
0.209455
0.209631
0.241533
0.320821
0.420373
0.332143
0.215000
0.217411
0.228084
0.197137
0.246456
0.171231
0.249301
0.309407
0.219003
0.286540
0.275810
0.457869
0.373655
0.201063
0.203493
0.228336
0.219180
0.168292
0.154547
0.199859
0.303025
0.278012
0.374680
0.517882
0.337221
0.233096
0.164364
0.242325
0.200048
0.233831
0.276902
0.199530
0.158828
0.303211
0.313212
0.360981
0.286623
0.208948
0.202660
0.311408
0.247961
0.252657
0.251652
0.135434
0.414645
0.627766
0.487191
0.317603
0.414039
0.438038
0.389778
0.349444
0.325007
0.540382
0.434702
0.345513
0.189622
0.191496
0.252931
0.201891
0.288709
0.254622
0.195518
0.199962
0.230564
0.246494
0.268508
0.184179
0.240650
0.434841
0.279957
0.325710
0.326734
0.472687
0.369417
0.167292
0.251498
0.184638
0.416437
0.260295
0.512565
0.304514
0.297778
0.321479
0.297514
0.230137
0.261347
0.265810
0.188047
0.132005
0.201632
0.229901
0.195760
0.204840
0.159005
0.450195
0.199812
0.202602
0.404330
0.427616
0.315926
0.360182
0.361046
0.254353
0.300185
0.340672
0.332943
0.230318
0.242005
0.302230
0.282328
0.209355
0.222790
0.186574
0.137263
0.221805
0.237472
0.631912
0.436773
0.381686
0.276883
0.291507
0.238115
0.355930
0.331314
0.257403
0.267191
0.194031
0.311259
0.246501
0.371455
0.287515
0.165241
0.273751
0.252644
0.206650
0.224518
0.174315
0.249139
0.206165
0.362577
0.512735
0.574570
0.481798
0.231629
0.348803
0.435642
0.169566
0.260186
0.139161
0.173228
0.128717
0.256397
0.263728
0.362755
0.195367
0.258011
0.227334
0.232901
0.203529
0.236926
0.242891
0.214911
0.204137
0.296041
0.337062
0.274814
0.398797
0.530173
0.318078
0.276738
0.195064
0.205001
0.276864
0.165633
0.225202
0.197633
0.311740
0.244704
0.195440
0.337828
0.222039
0.122436
0.229749
0.213187
0.124365
0.143443
0.177824
0.327595
0.485650
0.216424
0.316405
0.571700
0.403987
0.248452
0.241713
0.137142
0.169684
0.192881
0.241185
0.194982
0.162504
0.141381
0.201332
0.189764
0.184391
0.211610
0.170948
0.151336
0.175941
0.227110
0.311937
0.347148
0.426944
0.286938
0.445990
0.204442
0.173814
0.246464
0.134131
0.217993
0.153831
0.137895
0.203857
0.373776
0.222576
0.235824
0.180628
0.255412
0.216641
0.132439
0.177912
0.184141
0.218472
0.173705
0.129968
0.218929
0.149551
0.135654
0.114509
0.398432
0.374291
0.318768
0.183652
0.156824
0.258137
0.130267
0.109256
0.263115
0.188989
0.166001
0.206715
0.291049
0.199828
0.193299
0.201645
0.218015
0.160744
0.216143
0.244966
0.334170
0.306270
0.263701
0.459747
0.374345
0.265990
0.077786
0.155153
0.152517
0.126889
0.111688
0.178420
0.259885
0.263266
0.224633
0.257746
0.128213
0.236972
0.166593
0.178719
0.161679
0.270087
0.200564
0.212499
0.285058
0.262321
0.183142
0.481110
0.389614
0.406795
0.398460
0.401862
0.543160
0.360899
0.344548
0.394828
0.316031
0.415705
0.432329
0.402304
0.248031
0.299449
0.312259
0.226937
0.235793
0.293135
0.340584
0.214357
0.410462
0.545100
0.393760
0.289025
0.243015
0.204626
0.187054
0.283565
0.152047
0.216022
0.194979
0.144664
0.166526
0.158210
0.228277
0.233830
0.246163
0.173916
0.187384
0.228991
0.179085
0.156894
0.179308
0.193966
0.237094
0.511678
0.499920
0.495500
0.435108
0.284567
0.350279
0.179841
0.184232
0.154138
0.119835
0.107873
0.184313
0.219556
0.271976
0.292179
0.205911
0.167336
0.253145
0.159041
0.159619
0.183094
0.208602
0.223465
0.251990
0.428826
0.522300
0.345077
0.256388
0.225787
0.199678
0.214808
0.276959
0.243287
0.275759
0.277314
0.349085
0.345224
0.221629
0.344865
0.232448
0.233446
0.202218
0.300348
0.252885
0.174856
0.185474
0.157322
0.271974
0.544675
0.632856
0.512359
0.462472
0.397799
0.343976
0.169305
0.323601
0.285282
0.156255
0.195309
0.178132
0.345371
0.224918
0.176624
0.267628
0.240611
0.166366
0.180888
0.133737
0.147339
0.151042
0.174128
0.140522
0.193794
0.147652
0.310738
0.496079
0.385323
0.295529
0.358521
0.274360
0.444792
0.290636
0.144221
0.281391
0.209184
0.133633
0.222489
0.233131
0.211686
0.216352
0.250025
0.166287
0.201134
0.188056
0.246788
0.212720
0.309038
0.206712
0.195179
0.082129
0.135195
0.149496
0.101783
0.154960
0.173978
0.200048
0.154848
0.292372
0.151120
0.196663
0.219680
0.443684
0.278197
0.267021
0.195898
0.201940
0.183794
0.166030
0.139766
0.277851
0.337815
0.328183
0.425425
0.491922
0.361683
0.229106
0.250725
0.219678
0.160818
0.279876
0.187749
0.261899
0.187133
0.248687
0.220373
0.235950
0.254699
0.306253
0.202109
0.215377
0.246824
0.184562
0.192471
0.149519
0.224901
0.255644
0.397573
0.420612
0.481374
0.292260
0.243063
0.219928
0.107146
0.096231
0.116374
0.173389
0.243085
0.215531
0.197348
0.174065
0.228229
0.148600
0.136002
0.135602
0.209197
0.196366
0.190911
0.245000
0.217652
0.309060
0.510098
0.468355
0.227260
0.303673
0.171573
0.193225
0.137312
0.154653
0.150161
0.229942
0.246745
0.369271
0.277130
0.161008
0.209472
0.179461
0.170122
0.136729
0.168327
0.200361
0.169436
0.215249
0.181388
0.296377
0.524543
0.404109
0.437957
0.294230
0.207415
0.118987
0.159218
0.384456
0.297445
0.303708
0.328925
0.290464
0.219942
0.285527
0.276721
0.262800
0.144924
0.224739
0.212974
0.198498
0.162556
0.142480
0.314631
0.497187
0.531428
0.387818
0.369440
0.250852
0.191362
0.357074
0.181911
0.148859
0.103313
0.189310
0.144975
0.231394
0.371993
0.183863
0.165131
0.210664
0.219920
0.143909
0.244273
0.168813
0.186493
0.123689
0.144856
0.162118
0.257671
0.235544
0.338017
0.151634
0.246482
0.257701
0.238517
0.267083
0.131752
0.191256
0.167714
0.189462
0.206049
0.203897
0.225862
0.178770
0.145391
0.178589
0.137185
0.182494
0.194467
0.230949
0.202817
0.144282
0.168087
0.097625
0.104378
0.115511
0.114870
0.078533
0.154821
0.151078
0.100299
0.253045
0.252269
0.283410
0.245689
0.347587
0.351047
0.281864
0.256735
0.169216
0.229240
0.230831
0.144957
0.228990
0.254736
0.276393
0.243668
0.224253
0.200222
0.126789
0.131687
0.068540
0.065058
0.158747
0.229248
0.164239
0.194509
0.254114
0.244295
0.206208
0.148404
0.185163
0.213056
0.215686
0.219187
0.180556
0.153793
0.188655
0.218893
0.520826
0.514886
0.337290
0.368245
0.159958
0.236402
0.231855
0.193070
0.168120
0.207303
0.212527
0.300228
0.209493
0.226386
0.228728
0.235917
0.182600
0.135243
0.217148
0.128285
0.122171
0.146524
0.151287
0.295655
0.393150
0.489509
0.408633
0.287504
0.247803
0.267257
0.155266
0.299728
0.238230
0.220487
0.260777
0.253219
0.216547
0.290701
0.293144
0.301997
0.250695
0.163351
0.211297
0.228167
0.152259
0.210530
0.246435
0.272092
0.551863
0.329848
0.407364
0.218082
0.167888
0.251226
0.182514
0.318986
0.372090
0.190306
0.211064
0.149282
0.268060
0.243229
0.177571
0.168291
0.149330
0.155486
0.153132
0.159461
0.233094
0.207108
0.179927
0.298554
0.370777
0.515403
0.363578
0.226977
0.314730
0.356499
0.357361
0.197436
0.280891
0.250168
0.262456
0.218588
0.308156
0.233932
0.157151
0.254331
0.282489
0.372564
0.220411
0.234135
0.206027
0.200109
0.142594
0.131537
0.219291
0.108720
0.379576
0.429435
0.339803
0.205332
0.108215
0.210191
0.151827
0.088286
0.209888
0.215922
0.333793
0.208269
0.310820
0.267559
0.253753
0.232692
0.219212
0.175868
0.169198
0.170644
0.164966
0.238321
0.130864
0.169900
0.278283
0.414632
0.449365
0.496031
0.371409
0.403428
0.396712
0.175204
0.201946
0.277809
0.286558
0.151760
0.346946
0.349093
0.258500
0.316480
0.209683
0.250728
0.229062
0.129006
0.244673
0.250574
0.552399
0.330552
0.509767
0.225933
0.257916
0.154387
0.296033
0.141126
0.195909
0.203340
0.240169
0.182946
0.339379
0.291864
0.268233
0.196495
0.150866
0.182794
0.221780
0.194984
0.202956
0.201047
0.184521
0.201153
0.304220
0.409341
0.252591
0.319829
0.279939
0.149705
0.170778
0.136490
0.104067
0.176946
0.336839
0.232469
0.269441
0.258561
0.155080
0.357551
0.171166
0.172408
0.132107
0.158591
0.183688
0.236573
0.183999
0.144287
0.312600
0.340179
0.249930
0.294541
0.222658
0.222513
0.139138
0.111497
0.224113
0.300110
0.267226
0.209226
0.264821
0.239023
0.242197
0.345984
0.261352
0.298430
0.262831
0.389273
0.262617
0.254862
0.201085
0.386016
0.177038
0.371832
0.504191
0.434018
0.173571
0.130476
0.172715
0.129783
0.139201
0.139848
0.200416
0.173133
0.256790
0.225769
0.218730
0.182623
0.289724
0.202253
0.294805
0.192598
0.287366
0.211966
0.296136
0.274803
0.165089
0.227348
0.140837
0.338837
0.249386
0.378159
0.334044
0.145110
0.138148
0.156129
0.176083
0.209447
0.230967
0.218983
0.261046
0.264278
0.154826
0.138040
0.145441
0.175788
0.211784
0.184135
0.242136
0.141736
0.119290
0.174159
0.353627
0.281230
0.238031
0.396669
0.241330
0.183084
0.112786
0.137161
0.262478
0.275915
0.162657
0.159132
0.182548
0.223201
0.277100
0.191445
0.269644
0.160761
0.140266
0.190856
0.151755
0.174427
0.155859
0.175796
0.277321
0.232893
0.222259
0.240672
0.133715
0.091785
0.179209
0.125208
0.156534
0.371257
0.249838
0.478913
0.302736
0.267948
0.207015
0.206892
0.186531
0.149553
0.190341
0.207556
0.132235
0.225711
0.444534
0.385717
0.455431
0.287280
0.331435
0.225573
0.164355
0.179065
0.157390
0.157032
0.182204
0.144867
0.217915
0.169871
0.230401
0.132335
0.180937
0.189700
0.171956
0.224909
0.176464
0.135824
0.197184
0.309540
0.311191
0.627613
0.579833
0.436882
0.661750
0.337893
0.375361
0.167643
0.238411
0.206725
0.327555
0.312271
0.225889
0.228773
0.398990
0.335022
0.181881
0.256636
0.249092
0.142401
0.254216
0.210350
0.235852
0.259305
0.414703
0.479220
0.378284
0.385431
0.200290
0.211790
0.198836
0.359527
0.251106
0.163193
0.273361
0.254748
0.261932
0.191694
0.196120
0.286449
0.160194
0.171494
0.225563
0.227014
0.185031
0.214101
0.162745
0.280946
0.472134
0.622507
0.655561
0.440782
0.385557
0.310072
0.230060
0.120998
0.158571
0.239960
0.186040
0.199532
0.187926
0.270727
0.297575
0.298926
0.259134
0.223071
0.259866
0.157783
0.224855
0.177393
0.167976
0.191348
0.461398
0.249656
0.296868
0.312796
0.158101
0.253530
0.125941
0.165463
0.238054
0.161421
0.216566
0.151180
0.153235
0.240862
0.173746
0.350773
0.133693
0.140692
0.178818
0.190225
0.227145
0.228963
0.160771
0.274977
0.237881
0.347062
0.483470
0.292830
0.259279
0.147893
0.103479
0.110202
0.118022
0.069884
0.196560
0.278534
0.141267
0.199646
0.245599
0.430007
0.296437
0.226106
0.213666
0.171378
0.183404
0.127385
0.177839
0.231198
0.213075
0.180793
0.187419
0.411734
0.339594
0.285684
0.484805
0.187223
0.250507
0.145868
0.243476
0.280460
0.409163
0.335298
0.329424
0.239188
0.196412
0.192666
0.215359
0.152033
0.171144
0.197386
0.129159
0.235151
0.498463
0.520110
0.607280
0.482227
0.243976
0.236185
0.217147
0.257225
0.274221
0.264995
0.311652
0.178146
0.207105
0.243603
0.238625
0.138289
0.265013
0.226272
0.235465
0.185264
0.177323
0.194204
0.209174
0.285804
0.566856
0.345624
0.571644
0.377715
0.337384
0.272233
0.251322
0.278718
0.436429
0.213618
0.252702
0.157330
0.219880
0.322500
0.390197
0.215756
0.210438
0.288073
0.170042
0.191479
0.149768
0.153192
0.250487
0.285690
0.336843
0.216010
0.240836
0.361962
0.327116
0.141065
0.212751
0.152334
0.168786
0.203231
0.188222
0.199825
0.304414
0.211167
0.275753
0.292057
0.211154
0.213896
0.197089
0.222532
0.169846
0.205605
0.173377
0.401395
0.261732
0.253158
0.483575
0.572285
0.376069
0.334487
0.443511
0.308844
0.248278
0.279875
0.196443
0.275502
0.259841
0.185810
0.150780
0.234195
0.225039
0.227667
0.140789
0.164201
0.181617
0.227817
0.203911
0.351800
0.362084
0.343396
0.290335
0.306764
0.327822
0.230304
0.219863
0.172535
0.153950
0.143134
0.350607
0.259205
0.372561
0.332455
0.207514
0.273866
0.200792
0.283724
0.267431
0.174830
0.215610
0.259687
0.271458
0.184712
0.515810
0.341650
0.332598
0.179555
0.189407
0.135136
0.158094
0.201626
0.152792
0.288100
0.346448
0.275265
0.219620
0.323723
0.237623
0.211312
0.273624
0.166077
0.214884
0.307000
0.162285
0.276109
0.271049
0.340272
0.210309
0.195753
0.203482
0.489015
0.391392
0.565917
0.499619
0.436336
0.295752
0.349444
0.238413
0.319155
0.251635
0.335386
0.482403
0.309249
0.215288
0.218229
0.231539
0.311943
0.291683
0.291962
0.194023
0.233361
0.542684
0.613266
0.391318
0.308921
0.320011
0.245880
0.344167
0.266020
0.372165
0.283994
0.241583
0.289844
0.329285
0.321063
0.344986
0.249909
0.311705
0.311939
0.307099
0.235261
0.237336
0.302940
0.220721
0.290989
0.406870
0.433954
0.312590
0.396403
0.495494
0.369100
0.306314
0.402350
0.311849
0.260765
0.323492
0.157802
0.247552
0.255553
0.238132
0.216434
0.330542
0.289041
0.230613
0.194993
0.192701
0.242983
0.178969
0.267832
0.584229
0.328083
0.463899
0.421517
0.317491
0.270095
0.241472
0.314179
0.266076
0.205692
0.290595
0.202343
0.259981
0.202683
0.318853
0.342320
0.451867
0.374292
0.231014
0.176181
0.256953
0.177986
0.218339
0.316331
0.342444
0.402163
0.556815
0.510091
0.410206
0.386568
0.208177
0.128773
0.188622
0.291200
0.261825
0.333047
0.207510
0.207126
0.206106
0.205322
0.222414
0.209844
0.143637
0.138684
0.201293
0.163750
0.165140
0.166623
0.136370
0.180362
0.156750
0.181307
0.134676
0.133641
0.109276
0.085613
0.066545
0.115893
0.164856
0.281999
0.181477
0.167250
0.241494
0.222900
0.127632
0.195406
0.112517
0.174152
0.186762
0.154908
0.149720
0.253194
0.177548
0.145316
0.145700
0.125543
0.189462
0.138491
0.101423
0.090820
0.105703
0.150943
0.229829
0.218414
0.300208
0.272042
0.245750
0.254379
0.158214
0.202575
0.167729
0.131423
0.174554
0.174295
0.195009
0.167287
0.184124
0.106200
0.068960
0.101374
0.099425
0.107074
0.143936
0.108983
0.224398
0.319229
0.255886
0.202584
0.247079
0.445269
0.459557
0.207221
0.221544
0.172188
0.210098
0.172201
0.240557
0.158690
0.152023
0.313061
0.458456
0.170011
0.200091
0.122771
0.127691
0.118305
0.093827
0.096575
0.162961
0.153369
0.366447
0.231677
0.178720
0.239201
0.274229
0.205138
0.258864
0.270092
0.272212
0.226471
0.225293
0.218904
0.152505
0.182385
0.206021
0.197897
0.247926
0.121414
0.225593
0.277178
0.146188
0.176488
0.242473
0.265400
0.320638
0.287960
0.428738
0.369883
0.176850
0.239106
0.204653
0.154127
0.301278
0.231104
0.302838
0.264017
0.207015
0.237246
0.267610
0.237444
0.265908
0.545169
0.481398
0.410570
0.418346
0.309499
0.232376
0.438342
0.431121
0.311687
0.223077
0.390436
0.248570
0.301738
0.277227
0.196852
0.194102
0.119001
0.178291
0.195523
0.239290
0.296344
0.341378
0.392208
0.568646
0.423673
0.202461
0.186664
0.386349
0.245498
0.270447
0.291354
0.336125
0.299376
0.315848
0.257922
0.250251
0.309758
0.267249
0.221180
0.237641
0.172680
0.286177
0.221810
0.275489
0.337303
0.485302
0.465544
0.371938
0.481547
0.340378
0.159140
0.149297
0.130554
0.156188
0.175514
0.151314
0.261518
0.436419
0.302378
0.273544
0.265472
0.264233
0.224587
0.217073
0.157051
0.177126
0.134175
0.206912
0.226767
0.289687
0.371289
0.336848
0.410498
0.447992
0.374151
0.116852
0.141214
0.196507
0.098171
0.196575
0.211258
0.186211
0.170877
0.216170
0.166944
0.262213
0.163136
0.141101
0.214008
0.218859
0.165399
0.181542
0.153548
0.212122
0.257909
0.281654
0.389026
0.528827
0.471392
0.400044
0.268785
0.113176
0.124631
0.279679
0.402299
0.276043
0.331429
0.201351
0.324464
0.344235
0.334145
0.202313
0.290497
0.363368
0.202287
0.198919
0.210729
0.210181
0.158770
0.122459
0.164032
0.157227
0.351290
0.295749
0.212997
0.238157
0.327807
0.443098
0.242839
0.189624
0.249217
0.188266
0.146268
0.312101
0.169718
0.222046
0.200702
0.234809
0.272091
0.204382
0.303426
0.246890
0.158409
0.189855
0.309263
0.478913
0.415863
0.446680
0.401002
0.203604
0.209979
0.400689
0.304268
0.302497
0.261615
0.229357
0.382273
0.332805
0.227272
0.204666
0.345599
0.246563
0.190319
0.229366
0.334987
0.280103
0.325448
0.277369
0.199283
0.244368
0.253742
0.158998
0.181732
0.207700
0.218142
0.267228
0.328408
0.268952
0.243130
0.312127
0.307407
0.213417
0.238503
0.203575
0.218912
0.165021
0.164878
0.163019
0.335829
0.180703
0.237506
0.414865
0.435516
0.248930
0.170427
0.186604
0.158879
0.202063
0.251039
0.351864
0.391967
0.451924
0.346075
0.340730
0.302417
0.185929
0.240852
0.171765
0.180182
0.231683
0.158121
0.296612
0.202589
0.489795
0.418537
0.371522
0.357439
0.218562
0.130678
0.163435
0.163469
0.165341
0.227316
0.331172
0.329213
0.256714
0.208162
0.386852
0.285988
0.212044
0.275293
0.190783
0.137507
0.180235
0.179095
0.184672
0.273819
0.195768
0.140254
0.121779
0.363774
0.250853
0.281767
0.294675
0.260525
0.300817
0.272935
0.358973
0.245281
0.241945
0.257212
0.194304
0.235684
0.229712
0.211942
0.209224
0.157361
0.156210
0.189674
0.172921
0.229870
0.153833
0.103718
0.199994
0.104161
0.141390
0.098821
0.099257
0.242389
0.166891
0.306747
0.444888
0.425580
0.392514
0.320477
0.328545
0.340835
0.273104
