0.206922
0.140178
0.137839
0.156221
0.139102
0.128765
0.139944
0.163003
0.236576
0.215949
0.196352
0.422217
0.325117
0.403695
0.147334
0.166324
0.322872
0.332975
0.309495
0.304911
0.222685
0.238728
0.264359
0.182741
0.153274
0.144107
0.134612
0.140879
0.133302
0.125444
0.132367
0.163845
0.153227
0.159775
0.184518
0.184799
0.203695
0.364406
0.454116
0.410664
0.455940
0.413891
0.345323
0.234659
0.235828
0.204537
0.189757
0.155051
0.134986
0.119738
0.118428
0.120299
0.125959
0.126614
0.138120
0.150982
0.214125
0.190973
0.161413
0.146773
0.154724
0.142797
0.137746
0.164032
0.185641
0.288634
0.263143
0.248269
0.197334
0.180075
0.214266
0.179841
0.264406
0.181665
0.144761
0.148363
0.140926
0.170627
0.340271
0.174883
0.152292
0.171375
0.173106
0.177268
0.207905
0.178110
0.166137
0.171796
0.323901
0.370533
0.420393
0.188915
0.216932
0.212301
0.181478
0.159916
0.152526
0.131618
0.139710
0.140412
0.147521
0.145697
0.160290
0.173106
0.162067
0.141628
0.140786
0.152947
0.152011
0.153695
0.144855
0.189196
0.168990
0.264125
0.416230
0.308793
0.207998
0.185103
0.192142
0.197568
0.155005
0.174579
0.155999
0.137138
0.163564
0.142703
0.140949
0.143674
0.179280
0.189570
0.176567
0.137558
0.294341
0.137746
0.245276
0.238494
0.411085
0.342142
0.273199
0.181805
0.194434
0.197264
0.264956
0.251403
0.204397
0.227806
0.149673
0.142283
0.147007
0.152105
0.142142
0.136389
0.134144
0.204724
0.344761
0.437325
0.172919
0.210384
0.187605
0.139850
0.151824
0.156922
0.193966
0.209729
0.306969
0.224041
0.174181
0.192937
0.237231
0.142563
0.157250
0.137044
0.138634
0.149111
0.136904
0.197755
0.189196
0.186015
0.244200
0.217306
0.147147
0.132226
0.154397
0.231431
0.361179
0.309635
0.174462
0.336436
0.264032
0.258746
0.492937
0.165201
0.126473
0.155519
0.122965
0.129747
0.129467
0.123761
0.137184
0.141581
0.187652
0.228204
0.179326
0.268569
0.279186
0.336576
0.187886
0.179420
0.239289
0.398129
0.476520
0.411506
0.299065
0.198410
0.210150
0.166978
0.132694
0.126427
0.129981
0.124509
0.117166
0.124228
0.300234
0.257858
0.138447
0.188213
0.179701
0.321469
0.321656
0.306080
0.183068
0.149813
0.358887
0.368662
0.193592
0.205426
0.188868
0.192329
0.170206
0.147334
0.136342
0.133068
0.127643
0.139523
0.137091
0.133630
0.128110
0.153555
0.228064
0.225304
0.186670
0.141955
0.256829
0.312629
0.161132
0.335547
0.192750
0.187886
0.341768
0.298690
0.259822
0.313003
0.370393
0.167446
0.142844
0.131104
0.153882
0.158419
0.133302
0.139616
0.296586
0.207998
0.155472
0.169224
0.162722
0.227923
0.153227
0.190599
0.149205
0.258746
0.161085
0.189710
0.270954
0.398503
0.358419
0.260804
0.182226
0.159167
0.149252
0.150468
0.143686
0.137699
0.135360
0.163377
0.145650
0.168569
0.280215
0.189476
0.147381
0.151123
0.164079
0.143732
0.129888
0.291815
0.174883
0.201637
0.302526
0.353742
0.165716
0.257671
0.242095
0.252666
0.221141
0.136857
0.129139
0.138728
0.121282
0.145884
0.160430
0.133770
0.152526
0.138775
0.218101
0.140879
0.142610
0.211038
0.197661
0.284846
0.138775
0.166698
0.231805
0.228578
0.530309
0.318756
0.186717
0.171048
0.142984
0.143312
0.122778
0.131852
0.115716
0.167353
0.239523
0.160617
0.165154
0.274181
0.266604
0.236202
0.213798
0.263003
0.234659
0.200374
0.216511
0.256455
0.255239
0.224509
0.270393
0.239897
0.200468
0.149018
0.142329
0.117587
0.116230
0.118662
0.111319
0.145557
0.217914
0.150608
0.122451
0.196960
0.284612
0.260758
0.218428
0.268428
0.427783
0.401216
0.243779
0.231899
0.220206
0.202105
0.188494
0.153882
0.149532
0.171375
0.139196
0.126707
0.108934
0.107343
0.116932
0.110477
0.120861
0.108887
0.130964
0.175819
0.222498
0.132507
0.122872
0.108372
0.108419
0.168241
0.200702
0.309214
0.254911
0.219691
0.175865
0.169645
0.178157
0.143124
0.137091
0.132694
0.127409
0.133676
0.110524
0.116932
0.133910
0.138167
0.150889
0.139897
0.136062
0.156876
0.099065
0.110617
0.101637
0.210851
0.306244
0.528707
0.552292
0.193920
0.155005
0.252198
0.153040
0.121796
0.113283
0.122591
0.111600
0.112629
0.108232
0.115716
0.135033
0.165669
0.318148
0.144387
0.151731
0.206408
0.126052
0.290178
0.190318
0.154397
0.128438
0.173807
0.284846
0.208840
0.176146
0.154911
0.170907
0.164874
0.143826
0.121703
0.130262
0.114406
0.110009
0.114733
0.130776
0.161132
0.135828
0.122591
0.125865
0.127736
0.128157
0.113190
0.241908
0.333396
0.225304
0.282694
0.209308
0.223012
0.145463
0.169645
0.125491
0.138167
0.150327
0.116932
0.107297
0.114219
0.116651
0.102572
0.115716
0.115856
0.150655
0.321609
0.144247
0.206829
0.179981
0.199345
0.180636
0.360945
0.223994
0.295744
0.161927
0.194341
0.186249
0.151263
0.135781
0.149158
0.117446
0.117072
0.135875
0.108606
0.101497
0.117587
0.121235
0.220299
0.543639
0.537418
0.190037
0.153695
0.179326
0.126427
0.130730
0.166090
0.165014
0.235313
0.180964
0.183068
0.193265
0.165903
0.162769
0.196679
0.252432
0.116090
0.119598
0.107250
0.102058
0.113330
0.119317
0.119270
0.138868
0.144949
0.139336
0.121328
0.117259
0.117633
0.121235
0.151731
0.213330
0.308232
0.433957
0.266511
0.220019
0.188728
0.167680
0.124041
0.115201
0.116370
0.138494
0.110758
0.121609
0.132975
0.137184
0.139429
0.130823
0.166324
0.151684
0.207764
0.201918
0.248503
0.129747
0.169598
0.140973
0.203321
0.247334
0.231899
0.198503
0.219645
0.158466
0.291113
0.173667
0.125257
0.118709
0.117119
0.121609
0.123246
0.135033
0.142329
0.146819
0.142797
0.133583
0.131759
0.202339
0.209261
0.155285
0.133396
0.155472
0.305051
0.191113
0.169177
0.201123
0.307624
0.170954
0.165295
0.189476
0.127502
0.112067
0.115529
0.117633
0.110056
0.117446
0.132928
0.130496
0.150655
0.200187
0.141020
0.176286
0.236202
0.121141
0.115809
0.169645
0.440786
0.485781
0.257390
0.207905
0.270907
0.144668
0.157250
0.125257
0.113611
0.129747
0.126286
0.123807
0.116183
0.154537
0.136015
0.139710
0.166791
0.185921
0.120720
0.118709
0.129373
0.128485
0.130917
0.159729
0.317961
0.191300
0.165295
0.150889
0.132601
0.119972
0.157390
0.132881
0.141628
0.128251
0.116791
0.127923
0.125631
0.120253
0.120674
0.144434
0.148363
0.157671
0.187605
0.190225
0.131057
0.134846
0.218382
0.293545
0.265669
0.188213
0.158746
0.188026
0.210711
0.187792
0.151684
0.129373
0.131805
0.147334
0.119036
0.116978
0.122311
0.119457
0.132647
0.175865
0.127222
0.176473
0.243452
0.131525
0.176988
0.383957
0.175865
0.227128
0.363985
0.221375
0.175678
0.224883
0.148410
0.144060
0.152198
0.166604
0.175304
0.138634
0.107530
0.119270
0.114500
0.116558
0.166698
0.122778
0.110056
0.115435
0.124415
0.145089
0.201871
0.214546
0.248223
0.340926
0.396258
0.349298
0.158793
0.145697
0.170112
0.130075
0.125351
0.113143
0.110524
0.128485
0.141862
0.116604
0.129280
0.134284
0.163190
0.146586
0.162301
0.116791
0.176427
0.186296
0.117212
0.118803
0.131712
0.263377
0.329841
0.345650
0.187371
0.137044
0.127643
0.141300
0.137138
0.139149
0.127830
0.133396
0.112254
0.107811
0.125678
0.144013
0.146258
0.173901
0.170814
0.265341
0.226193
0.115716
0.133863
0.178017
0.325351
0.183162
0.170159
0.174322
0.219036
0.158279
0.123433
0.129794
0.129560
0.157624
0.164500
0.230870
0.154163
0.133863
0.140739
0.148223
0.222404
0.215201
0.147381
0.170112
0.196726
0.178765
0.286109
0.166090
0.142189
0.339897
0.348457
0.333817
0.172732
0.152666
0.158138
0.234518
0.158232
0.150327
0.145790
0.125585
0.137044
0.125912
0.127877
0.129326
0.197755
0.188868
0.212348
0.237325
0.162535
0.139944
0.321890
0.229046
0.205192
0.185126
0.155379
0.184331
0.310337
0.257717
0.221188
0.239663
0.253789
0.166324
0.144434
0.163096
0.134471
0.126099
0.139850
0.126380
0.201356
0.166745
0.235547
0.232694
0.197053
0.165154
0.405519
0.294153
0.278204
0.140458
0.526286
0.330262
0.341300
0.252806
0.260243
0.142516
0.150514
0.140037
0.126239
0.120206
0.123340
0.124181
0.137605
0.117353
0.138962
0.318007
0.163891
0.131478
0.200935
0.145603
0.165435
0.263658
0.199252
0.252993
0.112582
0.122311
0.131946
0.130355
0.127783
0.140178
0.142002
0.118896
0.124088
0.116978
0.124041
0.117587
0.123573
0.148082
0.155379
0.148316
0.181057
0.131384
0.109355
0.106688
0.115248
0.110103
0.247334
0.307577
0.392002
0.489196
0.475070
0.254864
0.265435
0.179046
0.142049
0.113143
0.137091
0.130823
0.120907
0.115061
0.156735
0.222030
0.159963
0.155051
0.129373
0.147615
0.177081
0.230823
0.255192
0.161459
0.135220
0.115529
0.202152
0.158606
0.247100
0.199205
0.186109
0.188447
0.142236
0.125678
0.127970
0.141674
0.126520
0.130122
0.126941
0.186576
0.171188
0.129935
0.129981
0.216745
0.126239
0.137652
0.151824
0.121890
0.156174
0.160804
0.228859
0.421562
0.250000
0.208279
0.241160
0.339289
0.157063
0.143124
0.172544
0.142329
0.131993
0.127081
0.154771
0.162909
0.231852
0.249626
0.144434
0.143732
0.236529
0.178157
0.155519
0.111880
0.145136
0.213377
0.254116
0.381712
0.194434
0.197428
0.257530
0.171983
0.235875
0.236062
0.159963
0.163330
0.146024
0.138634
0.142657
0.145884
0.145370
0.127175
0.135921
0.136296
0.146352
0.130543
0.301824
0.099766
0.446726
0.146118
0.116978
0.144668
0.141347
0.111459
0.115061
0.099953
0.107484
0.112395
0.123573
0.098831
0.109167
0.098269
0.114780
0.102339
0.105051
0.113377
0.110196
0.200047
0.165014
0.104864
0.117727
0.100982
0.114125
0.145697
0.103601
0.168990
0.115482
0.129747
0.123948
0.124836
0.106642
0.100047
0.102806
0.108092
0.110945
0.107951
0.117025
0.239336
0.127970
0.123620
0.153274
0.122732
0.225631
0.126848
0.143078
0.131244
0.092189
0.100889
0.114172
0.178765
0.135220
0.211974
0.345229
0.231197
0.127736
0.120393
0.129326
0.125678
0.104256
0.117633
0.111833
0.134378
0.118195
0.115014
0.108559
0.127035
0.150842
0.199953
0.331805
0.325444
0.128952
0.264780
0.504958
0.498831
0.381197
0.284238
0.145182
0.129186
0.137933
0.112722
0.115248
0.120112
0.105987
0.114874
0.164827
0.127362
0.113003
0.139616
0.109261
0.106034
0.148877
0.123761
0.113237
0.163658
0.107484
0.119925
0.117025
0.220954
0.320112
0.279233
0.219551
0.151543
0.155893
0.224930
0.122919
0.124930
0.122451
0.145744
0.124088
0.130636
0.183115
0.174836
0.159027
0.165762
0.153742
0.124369
0.121890
0.114172
0.110430
0.114453
0.297053
0.265669
0.236576
0.138400
0.127783
0.118054
0.147568
0.117633
0.120065
0.118148
0.116370
0.114079
0.122778
0.123106
0.131712
0.180917
0.124743
0.133302
0.129654
0.148036
0.140926
0.179654
0.163003
0.238728
0.325912
0.348223
0.158045
0.142937
0.157016
0.129233
0.135173
0.109027
0.100281
0.099439
0.110384
0.105239
0.116090
0.113751
0.165716
0.119738
0.333583
0.170019
0.427783
0.347708
0.407764
0.283255
0.343078
0.107297
0.135828
0.131478
0.131057
0.134004
0.149205
0.116370
0.120814
0.119785
0.115014
0.118241
0.131057
0.113050
0.114032
0.106361
0.109261
0.150608
0.183115
0.109027
0.102479
0.165856
0.190365
0.105145
0.125912
0.106080
0.107063
0.121469
0.142095
0.123386
0.121469
0.114406
0.116885
0.109775
0.102058
0.111038
0.115341
0.120767
0.103134
0.111740
0.156174
0.336483
0.226614
0.157203
0.107811
0.108092
0.113938
0.134565
0.106829
0.157998
0.203695
0.418428
0.392236
0.321843
0.152292
0.127970
0.116558
0.109963
0.116137
0.129747
0.109729
0.110337
0.120580
0.197661
0.295136
0.110945
0.119738
0.147428
0.210945
0.143124
0.120486
0.101403
0.126333
0.167493
0.355145
0.293873
0.179560
0.151590
0.215996
0.220767
0.175538
0.133349
0.094621
0.093826
0.102947
0.097848
0.110524
0.107951
0.115903
0.112254
0.112254
0.109635
0.136436
0.120065
0.086109
0.077222
0.102058
0.097007
0.146679
0.237746
0.150889
0.218756
0.137558
0.132320
0.199392
0.128344
0.124977
0.150094
0.107437
0.107717
0.098831
0.116464
0.111225
0.109588
0.123620
0.169925
0.088915
0.195182
0.105659
0.146866
0.238213
0.183910
0.334471
0.331104
0.273340
0.143779
0.152152
0.206221
0.188728
0.219457
0.100327
0.101824
0.107390
0.094668
0.106034
0.143873
0.132226
0.123761
0.140412
0.139008
0.114546
0.111366
0.173994
0.198877
0.147848
0.202339
0.226941
0.177456
0.170065
0.287184
0.305051
0.133068
0.142750
0.153882
0.135688
0.128251
0.139757
0.138400
0.127128
0.145323
0.118101
0.139008
0.151169
0.234378
0.162582
0.191487
0.169504
0.155940
0.156688
0.179981
0.312067
0.244668
0.201029
0.184051
0.206268
0.172451
0.132367
0.142937
0.130776
0.127222
0.172077
0.126660
0.145557
0.174977
0.127128
0.211225
0.165061
0.166137
0.294574
0.288821
0.143358
0.102339
0.107671
0.152058
0.225023
0.180543
0.203181
0.191628
0.172404
0.166137
0.143218
0.126052
0.109635
0.119270
0.117259
0.107811
0.140178
0.158185
0.141207
0.143639
0.140833
0.146399
0.178391
0.139523
0.159121
0.136576
0.132273
0.181525
0.248457
0.234051
0.285126
0.160056
0.148223
0.124041
0.129794
0.124275
0.113704
0.140645
0.110290
0.111506
0.128391
0.129654
0.133723
0.160617
0.118896
0.111366
0.174696
0.148363
0.119411
0.193779
0.224322
0.123480
0.210617
0.311974
0.274930
0.203508
0.138821
0.123106
0.139663
0.121515
0.114920
0.118101
0.115622
0.111225
0.215856
0.210056
0.134518
0.114500
0.143545
0.129888
0.171562
0.347100
0.099626
0.157203
0.194761
0.147989
0.404630
0.360196
0.561693
0.245978
0.246352
0.196258
0.156361
0.139242
0.138541
0.134097
0.119691
0.136670
0.156829
0.136763
0.146352
0.148690
0.111413
0.141300
0.126801
0.121094
0.131993
0.150795
0.153414
0.186717
0.290365
0.266651
0.197989
0.374883
0.224135
0.143639
0.123901
0.120206
0.128906
0.130776
0.137418
0.144387
0.373480
0.146492
0.135921
0.143592
0.167353
0.120253
0.130823
0.112488
0.115388
0.166417
0.306876
0.337465
0.212582
0.328064
0.206876
0.434565
0.168896
0.125772
0.157390
0.140973
0.131572
0.126052
0.134378
0.141721
0.148737
0.142283
0.152432
0.153882
0.165716
0.163751
0.123948
0.120486
0.115061
0.102619
0.111506
0.286155
0.103368
0.245276
0.281899
0.211459
0.160804
0.141534
0.152058
0.242095
0.163377
0.138400
0.145182
0.131197
0.132273
0.214640
0.172825
0.320674
0.296492
0.246445
0.269130
0.371048
0.235407
0.101964
0.333396
0.560243
0.262862
0.291862
0.164687
0.104069
0.125444
0.119972
0.129981
0.129747
0.119551
0.137465
0.118101
0.115014
0.118849
0.126006
0.117867
0.217774
0.245229
0.158045
0.330776
0.228999
0.136950
0.234284
0.131572
0.110945
0.440926
0.454303
0.457343
0.235828
0.173667
0.166230
0.156735
0.111179
0.118896
0.106642
0.125865
0.111600
0.115248
0.114733
0.164593
0.227923
0.118849
0.110103
0.124369
0.104256
0.102713
0.095790
0.110056
0.139804
0.199439
0.295744
0.190505
0.152011
0.248363
0.154958
0.120112
0.124602
0.155706
0.128625
0.136342
0.119691
0.169411
0.159401
0.154116
0.146819
0.152479
0.166137
0.155145
0.178438
0.108606
0.101403
0.115154
0.271843
0.457156
0.433723
0.309261
0.200561
0.140412
0.123901
0.119832
0.122311
0.135547
0.127970
0.128672
0.123386
0.161179
0.140505
0.178110
0.140786
0.137325
0.127222
0.114687
0.117774
0.123106
0.225959
0.133396
0.193078
0.103181
0.148550
0.136202
0.137465
0.175070
0.133770
0.142516
0.142142
0.143639
0.137652
0.138447
0.130730
0.178485
0.239429
0.136109
0.161366
0.132039
0.106595
0.111693
0.140879
0.112254
0.290037
0.157390
0.161366
0.276427
0.452105
0.575631
0.295697
0.165108
0.225538
0.170159
0.179560
0.244060
0.133115
0.120159
0.147053
0.150468
0.137979
0.162769
0.169411
0.150374
0.154537
0.157203
0.176099
0.121094
0.134565
0.278391
0.207156
0.117867
0.150047
0.138354
0.127502
0.121609
0.119598
0.125117
0.141300
0.119925
0.124930
0.132133
0.114920
0.138213
0.119036
0.135734
0.145978
0.112909
0.107203
0.159074
0.110758
0.117540
0.098597
0.109214
0.119177
0.203882
0.156782
0.151123
0.509448
0.164593
0.134939
0.116885
0.137979
0.117587
0.123059
0.128578
0.115529
0.143686
0.135407
0.119177
0.185267
0.227502
0.133068
0.140365
0.141862
0.138167
0.154443
0.231993
0.195276
0.183162
0.338260
0.349018
0.167493
0.128344
0.123620
0.123527
0.118054
0.115575
0.115669
0.145276
0.121422
0.125865
0.130309
0.135921
0.123901
0.124509
0.228485
0.255706
0.125351
0.186810
0.118943
0.122591
0.242797
0.333817
0.422264
0.345229
0.158092
0.116090
0.132460
0.142516
0.135454
0.124088
0.132834
0.136576
0.143779
0.152245
0.169364
0.162535
0.144013
0.122732
0.117633
0.134752
0.129981
0.123807
0.111553
0.115482
0.206268
0.270861
0.320299
0.387254
0.191148
0.148503
0.123059
0.122264
0.128531
0.133022
0.156969
0.145510
0.132367
0.138587
0.152526
0.162021
0.155051
0.139991
0.119878
0.103555
0.107530
0.095697
0.143358
0.157109
0.241908
0.093686
0.190692
0.299205
0.129514
0.121001
0.128578
0.106314
0.112629
0.110009
0.114079
0.117119
0.134471
0.116511
0.115669
0.128017
0.111927
0.283583
0.262021
0.100795
0.097194
0.125912
0.106735
0.151543
0.178438
0.253227
0.216885
0.454958
0.229888
0.246258
0.117072
0.140692
0.114827
0.106221
0.111272
0.112582
0.181525
0.136810
0.124135
0.132975
0.146866
0.212254
0.170346
0.185828
0.101029
0.142657
0.197334
0.108606
0.115295
0.134799
0.176754
0.187699
0.193265
0.131618
0.130215
0.141768
0.115669
0.113938
0.114453
0.107951
0.116277
0.142002
0.127315
0.171983
0.200187
0.104911
0.133910
0.139336
0.110617
0.158887
0.428110
0.126146
0.087558
0.107624
0.147334
0.138400
0.144387
0.185407
0.161085
0.122685
0.121983
0.142423
0.138587
0.133162
0.138400
0.131338
0.117166
0.123994
0.204256
0.209963
0.184425
0.192142
0.093873
0.125257
0.093265
0.096445
0.164266
0.303835
0.199298
0.337418
0.162114
0.122264
0.097521
0.106268
0.112488
0.105613
0.114219
0.124181
0.210524
0.190833
0.119224
0.127268
0.110571
0.097147
0.115856
0.114453
0.105566
0.102292
0.133068
0.099813
0.184051
0.289804
0.137512
0.323807
0.362442
0.110150
0.136062
0.116604
0.109355
0.113283
0.103414
0.116978
0.186717
0.128438
0.130917
0.124322
0.119457
0.106876
0.176239
0.135500
0.212395
0.112442
0.183676
0.096024
0.180496
0.298129
0.273807
0.320253
0.153789
0.121282
0.128017
0.141815
0.124415
0.111225
0.131478
0.129280
0.154397
0.140552
0.184799
0.134846
0.113517
0.119504
0.118241
0.110009
0.232507
0.195463
0.122264
0.124228
0.344341
0.143358
0.135220
0.150000
0.135173
0.123480
0.113611
0.119317
0.117633
0.131384
0.109308
0.117306
0.135921
0.110711
0.113143
0.113564
0.126380
0.109963
0.137558
0.148223
0.147942
0.118288
0.119364
0.212208
0.194668
0.273667
0.348199
0.422732
0.151497
0.128578
0.128718
0.103227
0.109308
0.102011
0.117540
0.124883
0.110290
0.111880
0.121515
0.112254
0.110524
0.104069
0.090178
0.139149
0.253040
0.161225
0.140271
0.274836
0.218943
0.122264
0.122357
0.110103
0.121141
0.111179
0.134097
0.111132
0.104443
0.098457
0.109963
0.095978
0.102479
0.098176
0.104116
0.131572
0.138447
0.109401
0.113611
0.119598
0.106642
0.112675
0.107671
0.101497
0.105051
0.147942
0.149532
0.147100
0.159588
0.112442
0.134191
0.133396
0.129280
0.111366
0.110290
0.103134
0.103227
0.104818
0.146539
0.132320
0.117072
0.231993
0.233583
0.119224
0.112909
0.149719
0.315996
0.285500
0.489710
0.598129
0.164874
0.115949
0.343452
0.118943
0.107671
0.095744
0.115295
0.101029
0.115341
0.107905
0.112161
0.128578
0.115809
0.146258
0.086950
0.086015
0.149111
0.133396
0.099158
0.088634
0.101310
0.090599
0.195931
0.232086
0.363190
0.176754
0.112816
0.131431
0.112909
0.099766
0.114546
0.106735
0.106314
0.144294
0.136342
0.144294
0.127596
0.121843
0.125865
0.118896
0.107811
0.155659
0.167493
0.101731
0.098129
0.117166
0.130402
0.083255
0.136904
0.283910
0.110477
0.123340
0.125070
0.124883
0.096773
0.107811
0.115903
0.137278
0.136342
0.115341
0.115575
0.172498
0.171890
0.149252
0.119504
0.118943
0.228438
0.232039
0.219832
0.193686
0.376193
0.342283
0.352292
0.362301
0.188400
0.150421
0.111085
0.116043
0.114172
0.133583
0.111787
0.108466
0.126146
0.120720
0.118990
0.129186
0.147615
0.190926
0.175819
0.123620
0.126052
0.127175
0.108700
0.125819
0.236623
0.303227
0.297428
0.183022
0.218943
0.250327
0.100514
0.102713
0.101216
0.104210
0.092657
0.117259
0.103601
0.102806
0.120486
0.115108
0.121282
0.149673
0.168335
0.102432
0.100327
0.163985
0.125725
0.116651
0.154864
0.146305
0.241300
0.112348
0.129420
0.169878
0.100982
0.106080
0.099065
0.101731
0.099486
0.112675
0.103040
0.099111
0.096445
0.092049
0.097989
0.100094
0.151871
0.096071
0.114079
0.073527
0.088400
0.104537
0.134051
0.112161
0.106642
0.099673
0.108232
0.113938
0.165388
0.147802
0.136277
0.120033
0.128475
0.121043
0.134378
0.142086
0.153536
0.148400
0.254476
0.226838
0.234747
0.168326
0.259780
0.215622
0.172488
0.159972
0.265819
0.226862
0.248386
0.220776
0.258115
0.181169
0.184949
0.118709
0.104397
0.107016
0.111085
0.097053
0.131852
0.100702
0.114920
0.137418
0.104864
0.093312
0.117166
0.127549
0.092095
0.099205
0.092750
0.118943
0.326239
0.271422
0.273012
0.128952
0.128672
0.104864
0.129467
0.092984
0.097615
0.091721
0.098363
0.097708
0.097007
0.105285
0.104630
0.106782
0.140552
0.096024
0.089850
0.124041
0.089102
0.103882
0.099766
0.112816
0.253976
0.368475
0.170720
0.132133
0.118335
0.106408
0.111600
0.114312
0.117820
0.114827
0.100514
0.097147
0.105847
0.113891
0.111880
0.123714
0.116230
0.238775
0.101076
0.087067
0.093230
0.193972
0.126286
0.157577
0.124743
0.102245
0.129280
0.129654
0.109588
0.125772
0.106922
0.210898
0.119177
0.098269
0.116137
0.099252
0.108887
0.099532
0.144855
0.131946
0.115903
0.102713
0.101964
0.126520
0.097802
0.094574
0.082413
0.086670
0.114640
0.146539
0.172404
0.234705
0.174181
0.121515
0.112208
0.118522
0.124977
0.115482
0.109729
0.113190
0.110290
0.126333
0.139523
0.117820
0.101731
0.108746
0.100655
0.140926
0.113751
0.115622
0.115201
0.105659
0.112629
0.099111
0.108559
0.115996
0.123340
0.138868
0.107577
0.105426
0.108653
0.097989
0.096866
0.100702
0.103181
0.096586
0.107951
0.207858
0.217259
0.145323
0.406969
0.524462
0.097428
0.096960
0.109916
0.085267
0.327689
0.228789
0.196901
0.189798
0.250178
0.230047
0.156580
0.191410
0.106018
0.098729
0.107035
0.119633
0.116786
0.097848
0.111179
0.098550
0.120486
0.172638
0.208419
0.260290
0.202760
0.091628
0.102152
0.118428
0.252526
0.266978
0.318896
0.148457
0.263143
0.348644
0.115809
0.110617
0.126333
0.102760
0.117306
0.100000
0.118803
0.107764
0.151310
0.123901
0.124322
0.117259
0.169785
0.202198
0.130309
0.122591
0.107390
0.205379
0.204771
0.293031
0.184284
0.145042
0.137933
0.144341
0.111553
0.104958
0.100982
0.127222
0.102058
0.101777
0.111319
0.124556
0.137512
0.121141
0.130870
0.111833
0.140645
0.100140
0.106314
0.083442
0.075164
0.107858
0.142470
0.324135
0.249673
0.217633
0.121796
0.137933
0.171375
0.160664
0.161646
0.102292
0.096679
0.112769
0.101777
0.127081
0.139897
0.138120
0.128485
0.122732
0.152900
0.120954
0.135313
0.113751
0.214593
0.155051
0.164359
0.119598
0.105145
0.115061
0.120065
0.122919
0.132507
0.107530
0.096679
0.101871
0.093966
0.098082
0.090599
0.094621
0.102432
0.106127
0.137933
0.172498
0.163938
0.248363
0.129326
0.113143
0.136576
0.160103
0.234705
0.192984
0.191674
0.138307
0.200000
0.351403
0.144621
0.109916
0.119832
0.098597
0.094574
0.101871
0.095510
0.125772
0.143218
0.135828
0.284565
0.111038
0.113283
0.122825
0.202900
0.159308
0.195416
0.274322
0.210571
0.279747
0.260571
0.243545
0.121422
0.139242
0.154958
0.113891
0.111693
0.122544
0.103555
0.128765
0.105285
0.092844
0.100140
0.157858
0.177596
0.146960
0.207063
0.220206
0.283676
0.304443
0.294341
0.093920
0.189336
0.309167
0.166464
0.352292
0.146445
0.175304
0.386109
0.237325
0.108840
0.101637
0.120159
0.099953
0.103040
0.120907
0.120907
0.138821
0.368522
0.239944
0.160056
0.309214
0.157764
0.136342
0.141581
0.106314
0.270580
0.547240
0.186342
0.447381
0.367306
0.140084
0.145323
0.133302
0.119598
0.112909
0.106314
0.103601
0.122451
0.098550
0.098831
0.107156
0.104116
0.093405
0.133209
0.119224
0.089757
0.096866
0.096960
0.093312
0.086015
0.178999
0.179233
0.123059
0.146960
0.151076
0.120253
0.103695
0.094153
0.106688
0.092844
0.098223
0.090786
0.096586
0.099205
0.116277
0.167306
0.132180
0.122451
0.171094
0.200608
0.126146
0.114453
0.131338
0.117587
0.295042
0.176473
0.199719
0.147334
0.156642
0.108606
0.103695
0.100468
0.100421
0.114359
0.124883
0.111974
0.092470
0.117914
0.128672
0.138494
0.096211
0.196258
0.193920
0.271796
0.483255
0.139850
0.191066
0.224181
0.156314
0.289476
0.220627
0.145463
0.119177
0.135313
0.104818
0.123901
0.111553
0.110898
0.102993
0.138915
0.110290
0.201310
0.134191
0.230402
0.153321
0.415154
0.580917
0.296866
0.368428
0.349813
0.392002
0.312956
0.305659
0.326520
0.268241
0.205566
0.289757
0.185360
0.116183
0.120533
0.138400
0.105613
0.111646
0.115575
0.145837
0.126473
0.198690
0.211506
0.416230
0.342797
0.227549
0.315154
0.255987
0.184191
0.257250
0.268148
0.211179
0.234799
0.225257
0.201918
0.178859
0.157109
0.138120
0.121235
0.127643
0.106034
0.122778
0.128017
0.176146
0.126941
0.174743
0.164079
0.139149
0.225819
0.167493
0.153087
0.146399
0.121983
0.144294
0.193826
0.214733
0.142797
0.132975
0.130262
0.141534
0.110664
0.151777
0.095931
0.096024
0.097708
0.134004
0.092516
0.105613
0.155145
0.155566
0.130496
0.168475
0.190318
0.143779
0.099065
0.126520
0.147474
0.179139
0.142797
0.399111
0.318007
0.476193
0.205847
0.144013
0.123340
0.150889
0.109121
0.111272
0.110056
0.111413
0.133255
0.139850
0.119457
0.145416
0.139523
0.117166
0.149673
0.215716
0.111272
0.140458
0.251403
0.245136
0.165716
0.175959
0.148877
0.235126
0.137231
0.115201
0.199673
0.163471
0.111833
0.097147
0.096819
0.090178
0.098550
0.108746
0.118148
0.198924
0.161740
0.273246
0.428204
0.296165
0.270533
0.260804
0.120861
0.211085
0.335594
0.348316
0.190037
0.166324
0.161927
0.134518
0.133723
0.158326
0.143124
0.126707
0.120019
0.109729
0.148316
0.136623
0.151918
0.189383
0.209963
0.176427
0.193312
0.188120
0.136670
0.149111
0.136015
0.137886
0.155379
0.226801
0.330543
0.352385
0.193078
0.150281
0.118943
0.105800
0.120627
0.144902
0.120627
0.124836
0.136109
0.130309
0.139008
0.208232
0.156034
0.317493
0.137699
0.225631
0.128438
0.122357
0.118101
0.128485
0.251590
0.272170
0.261553
0.274977
0.191300
0.180309
0.162348
0.129186
0.117446
0.109729
0.117025
0.159074
0.140458
0.137231
0.142657
0.224369
0.171796
0.225210
0.237746
0.223948
0.243124
0.228859
0.184144
0.143358
0.372217
0.228765
0.198176
0.228906
0.478999
0.168054
0.156268
0.168241
0.131010
0.185173
0.134144
0.127923
0.155192
0.146399
0.144060
0.325912
0.197895
0.218101
0.188587
0.168756
0.188260
0.362769
0.578952
0.425585
0.208092
0.204724
0.157717
0.144902
0.416511
0.345697
0.167961
0.159822
0.141908
0.122825
0.124462
0.152806
0.147708
0.139897
0.123199
0.157437
0.194528
0.200140
0.393358
0.373527
0.148971
0.184238
0.144949
0.210430
0.586155
0.340225
0.301497
0.286109
0.192984
0.171609
0.152058
0.137839
0.130823
0.128297
0.140131
0.118475
0.148316
0.133068
0.176052
0.195416
0.164079
0.193031
0.187138
0.168148
0.235407
0.254724
0.262956
0.277128
0.303555
0.301543
0.373761
0.269738
0.199018
0.150561
0.261787
0.136763
0.130122
0.151216
0.123573
0.130028
0.131899
0.144668
0.198971
0.319972
0.276473
0.277409
0.208934
0.251403
0.216043
0.193499
0.177502
0.141955
0.142142
0.134425
0.149158
0.136670
0.188260
0.143405
0.117212
0.130730
0.094528
0.097100
0.094434
0.102385
0.106501
0.121749
0.137418
0.114500
0.124415
0.130449
0.145463
0.154911
0.125865
0.170206
0.178531
0.125257
0.164125
0.137933
0.128344
0.151871
0.156969
0.152292
0.182133
0.147287
0.114406
0.103134
0.097708
0.118569
0.105753
0.112067
0.154397
0.159214
0.131712
0.105706
0.147287
0.154771
0.151403
0.097428
0.115809
0.097521
0.112816
0.166651
0.171422
0.239757
0.261740
0.130028
0.136810
0.113611
0.131431
0.104163
0.110290
0.100468
0.107343
0.116511
0.196913
0.297802
0.279888
0.270954
0.105192
0.146726
0.098784
0.124930
0.106595
0.221094
0.278017
0.235547
0.215482
0.174322
0.217072
0.121282
0.108606
0.133489
0.105098
0.101964
0.103648
0.106221
0.135547
0.108840
0.132834
0.106127
0.101964
0.097568
0.147568
0.103555
0.100327
0.096445
0.110524
0.244902
0.236904
0.133676
0.210337
0.126473
0.122170
0.130730
0.159167
0.111132
0.104677
0.128064
0.095837
0.094902
0.110243
0.104677
0.150421
0.155659
0.170159
0.310103
0.172498
0.237044
0.216370
0.230870
0.266885
0.136904
0.394715
0.381759
0.351123
0.277502
0.179654
0.159121
0.138821
0.117212
0.113704
0.102432
0.131899
0.114125
0.130122
0.104958
0.151076
0.246118
0.259635
0.240599
0.163658
0.169317
0.135617
0.127257
0.154666
0.121282
0.274649
0.260664
0.251310
0.147848
0.192049
0.339663
0.124977
0.133255
0.166978
0.128625
0.116791
0.129841
0.144621
0.128906
0.168288
0.121141
0.169224
0.262442
0.334612
0.336342
0.213891
0.207764
0.139944
0.146726
0.142516
0.241394
0.397661
0.378017
0.207905
0.175117
0.154280
0.180718
0.147615
0.144247
0.118428
0.150655
0.170674
0.152853
0.141955
0.323761
0.456127
0.306969
0.269224
0.335360
0.258466
0.270720
0.266604
0.225210
0.180496
0.202385
0.269457
0.208372
0.163143
0.130449
0.122194
0.137710
0.102391
0.114549
0.108934
0.102713
0.151310
0.111085
0.174228
0.142657
0.115669
0.222825
0.185500
0.158232
0.167166
0.132694
0.126988
0.139102
0.221703
0.246819
0.239102
0.234565
0.168616
0.140084
0.135173
0.126941
0.116043
0.103414
0.138728
0.112021
0.108606
0.105987
0.171094
0.159448
0.219925
0.183349
0.148223
0.140645
0.148924
0.133536
0.133209
0.170861
0.192236
0.167212
0.120393
0.166838
0.277596
0.190833
0.142844
0.169972
0.157951
0.121375
0.120206
0.124930
0.113237
0.113938
0.236342
0.558372
0.295790
0.281151
0.441768
0.163751
0.158980
0.163471
0.179654
0.232226
0.234846
0.268756
0.167587
0.131525
0.247848
0.224322
0.150935
0.121936
0.138167
0.137325
0.106548
0.119083
0.110150
0.123714
0.185313
0.171562
0.270065
0.363330
0.310571
0.135921
0.139289
0.181572
0.258372
0.336950
0.388494
0.419270
0.400655
0.501684
0.386015
0.407811
0.270907
0.268475
0.263564
0.265482
0.259682
0.245790
0.257437
0.293124
0.263564
0.346586
0.271188
0.400234
0.328157
0.476660
0.268756
0.366838
0.603368
0.376052
0.504116
0.340692
0.463751
0.155706
0.300234
0.341020
0.175164
0.138775
0.144855
0.156174
0.322778
0.330262
0.246866
0.158232
0.162582
0.238915
0.279654
0.242236
0.195931
0.348784
0.302713
0.279420
0.375772
0.541394
0.529981
0.505659
0.304256
0.394013
0.525538
0.399018
0.281197
0.291300
0.264219
0.157717
0.171282
0.205800
0.179139
0.144200
0.146399
0.160126
0.166990
0.170422
0.173854
0.178531
0.334331
0.209355
0.286623
0.191674
0.260196
0.201076
0.164687
0.181665
0.175070
0.162582
0.140926
0.138026
0.110851
0.115388
0.107437
0.110337
0.146960
0.109074
0.127970
0.263096
0.243078
0.235500
0.182928
0.163658
0.153181
0.279326
0.202385
0.213237
0.283910
0.371141
0.246352
0.369738
0.438634
0.222732
0.157297
0.170533
0.125257
0.123573
0.116558
0.163096
0.190458
0.110711
0.200374
0.136576
0.197287
0.160196
0.187558
0.100842
0.143358
0.247007
0.154022
0.386857
0.210150
0.152666
0.227128
0.203508
0.168382
0.141534
0.126146
0.127596
0.133583
0.119036
0.114546
0.122591
0.112395
0.147147
0.120814
0.350561
0.311693
0.360711
0.207717
0.196539
0.155613
0.189991
0.183583
0.187184
0.214593
0.198410
0.121001
0.204677
0.198737
0.223012
0.151684
0.128064
0.148082
0.127502
0.115061
0.101731
0.119224
0.120065
0.123152
0.213845
0.191581
0.177643
0.155847
0.186249
0.270393
0.309495
0.281572
0.260524
0.140271
0.175164
0.216137
0.250982
0.248831
0.166745
0.146399
0.126052
0.156735
0.135313
0.136155
0.148737
0.211740
0.141441
0.133630
0.235968
0.378718
0.193218
0.246211
0.196165
0.152292
0.139055
0.161319
0.195276
0.257577
0.418335
0.243078
0.232647
0.349626
0.182834
0.159822
0.141066
0.157858
0.151497
0.132086
0.184331
0.149439
0.138587
0.153789
0.170159
0.230589
0.197240
0.157203
0.284284
0.161038
0.149860
0.206782
0.194200
0.194060
0.394761
0.318288
0.295744
0.370253
0.198550
0.179046
0.167119
0.160150
0.135921
0.154537
0.144434
0.163377
0.139944
0.137699
0.251590
0.295837
0.279046
0.250094
0.438494
0.216277
0.301123
0.227502
0.241862
0.361974
0.217774
0.224135
0.248644
0.208092
0.173667
0.160196
0.161272
0.164172
0.147755
0.138120
0.147708
0.270019
0.145790
0.189710
0.241113
0.325631
0.243171
0.175257
0.175257
0.149906
0.180589
0.135173
0.142516
0.233349
0.210477
0.236342
0.231291
0.451216
0.377456
0.284565
0.151123
0.146305
0.170580
0.141347
0.154630
0.179233
0.175210
0.138868
0.258653
0.304210
0.194808
0.173246
0.191534
0.186436
0.160009
0.232834
0.203087
0.234004
0.372077
0.184846
0.250935
0.193078
0.188354
0.173620
0.149486
0.161179
0.153414
0.137231
0.135126
0.124369
0.155613
0.205285
0.204771
0.237465
0.519551
0.358746
0.221282
0.260150
0.173620
0.275959
0.248410
0.204210
0.181665
0.316370
0.258045
0.271235
0.217633
0.202853
0.182273
0.198363
0.165061
0.169551
0.184238
0.169785
0.191534
0.218849
0.225257
0.184191
0.156501
0.282460
0.193592
0.164593
0.213377
0.234004
0.212535
0.202011
0.401590
0.207063
0.173901
0.397147
0.324602
0.375772
0.161085
0.149813
0.138026
0.181805
0.145229
0.137933
0.138073
0.255005
0.420440
0.372264
0.313704
0.215529
0.214359
0.191628
0.224088
0.191815
0.171703
0.405379
0.221375
0.270065
0.280355
0.244013
0.279701
0.258092
0.189663
0.193592
0.141441
0.130028
0.125912
0.141908
0.140318
0.160617
0.184799
0.328485
0.257413
0.355320
0.158928
0.275652
0.205389
0.228724
0.167776
0.377878
0.321399
0.321995
0.386769
0.390461
0.179281
0.167494
0.242984
0.164967
0.141160
0.148316
0.160617
0.145089
0.141347
0.136529
0.205893
0.154490
0.219457
0.175117
0.176052
0.164780
0.281197
0.261413
0.246679
0.246539
0.215762
0.291394
0.367820
0.319925
0.186950
0.161459
0.202432
0.169785
0.177339
0.183992
0.138815
0.169618
0.140188
0.175379
0.243700
0.325007
0.343186
0.221921
0.298262
0.286572
0.221981
0.264031
0.304957
0.355472
0.293545
0.314453
0.415903
0.662021
0.238073
0.288026
0.279514
0.159355
0.158279
0.178765
0.160524
0.207905
0.168709
0.180917
0.231478
0.238775
0.280355
0.392984
0.390599
0.373012
0.355332
0.356782
0.334939
0.445978
0.511553
0.415014
0.379046
0.447287
0.249813
0.267306
0.218616
0.174322
0.178297
0.167727
0.183583
0.148971
0.152479
0.182788
0.345136
0.377830
0.368195
0.387418
0.415949
0.370065
0.527362
0.496539
0.480776
0.441862
0.321048
0.296024
0.268382
0.275819
0.189336
0.267119
0.303695
0.209214
0.157437
0.162021
0.161366
0.153648
0.151169
0.186950
0.238400
0.224836
0.382601
0.415622
0.355215
0.376719
0.398223
0.566838
0.538026
0.764780
0.752245
0.693475
0.384623
0.432928
0.345042
0.226380
0.220861
0.205285
0.213237
0.253040
0.245510
0.178157
0.165482
0.215575
0.330449
0.224556
0.204303
0.303414
0.366183
0.380355
0.379747
0.498831
0.452760
0.450608
0.536763
0.608513
0.429280
0.556876
0.459822
0.332507
0.235688
0.230309
0.211646
0.142236
0.163517
0.200561
0.146913
0.134986
0.247428
0.321071
0.313693
0.330870
0.403087
0.338213
0.536202
0.554911
0.611483
0.645790
0.646445
0.784846
0.702993
0.433209
0.345136
0.267633
0.277128
0.242049
0.220533
0.196305
0.237512
0.245182
0.178906
0.174836
0.308185
0.253882
0.356969
0.293405
0.401731
0.585454
0.741908
0.772591
0.492095
0.501590
0.485875
0.751403
0.452058
0.651684
0.601871
0.341534
0.243124
0.180776
0.221328
0.189149
0.172217
0.232367
0.171609
0.210571
0.435220
0.267867
0.515201
0.516651
0.598082
0.661413
0.474486
0.565903
0.587325
0.905005
0.568756
0.643686
0.446399
0.431899
0.303134
0.255355
0.193955
0.199953
0.185033
0.176380
0.185173
0.250094
0.168569
0.227923
0.251590
0.288026
0.220065
0.475678
0.331151
0.478976
0.588833
0.538126
0.787839
0.927315
0.846586
0.806876
0.657390
0.419457
0.430215
0.311927
0.264687
0.203251
0.227561
0.170726
0.158539
0.163905
0.168382
0.276380
0.450655
0.751964
0.698644
0.745416
0.777456
0.593148
0.693732
0.863985
0.794060
0.881665
0.906922
0.786904
0.751356
0.688120
0.441066
0.453835
0.464920
0.340271
0.315061
0.259542
0.286155
0.292610
0.536529
0.417353
0.433910
0.492657
0.572123
0.583770
0.535641
0.625538
0.617072
0.691487
0.818428
0.717446
0.811693
0.584284
0.801123
0.477268
0.353181
0.351450
0.324462
0.412021
0.300234
0.221515
0.351590
0.451637
0.289476
0.275023
0.339429
0.548690
0.512395
0.630168
0.523948
0.349158
0.370346
0.318522
0.370299
0.365248
0.326006
0.552292
0.338541
0.599579
0.326427
0.190271
0.167025
0.168475
0.141955
0.148363
0.174322
0.207063
0.156127
0.237792
0.306782
0.399626
0.402993
0.492657
0.537652
0.622451
0.714546
0.794621
0.745790
0.791066
0.893078
0.900000
0.862582
0.918569
0.419785
0.449813
0.382601
0.245323
0.258138
0.207156
0.189663
0.185454
0.364500
0.379280
0.322498
0.217961
0.198176
0.210384
0.256688
0.271843
0.460898
0.470674
0.680075
0.626754
0.619130
0.665435
0.446819
0.420861
0.324790
0.245650
0.189523
0.173433
0.190084
0.159542
0.190552
0.173480
0.153181
0.171375
0.243312
0.425444
0.417072
0.352760
0.444153
0.485500
0.616277
0.673620
0.709167
0.778578
0.888354
0.741721
0.629888
0.778765
0.528531
0.295089
0.340178
0.235688
0.207951
0.175491
0.174462
0.180215
0.217867
0.152385
0.252245
0.347895
0.246165
0.304490
0.461038
0.497240
0.675398
0.774556
0.313611
0.434799
0.578859
0.374930
0.412067
0.292329
0.235360
0.217025
0.239055
0.169411
0.177596
0.165669
0.136623
0.145416
0.132788
0.213237
0.296960
0.350561
0.256221
0.435220
0.522123
0.373573
0.421094
0.353414
0.356548
0.358092
0.331291
0.341815
0.281384
0.262301
0.217820
0.182788
0.170206
0.138868
0.173340
0.134378
0.162021
0.136857
0.155379
0.203134
0.222778
0.235454
0.314032
0.220206
0.239804
0.141394
0.184705
0.168849
0.180496
0.271843
0.384846
0.401450
0.294013
0.358606
0.197802
0.164500
0.189944
0.136576
0.137278
0.122591
0.159635
0.138213
0.147147
0.166090
0.198924
0.234705
0.134892
0.188868
0.153929
0.158934
0.175304
0.163377
0.276006
0.327970
0.362254
0.300982
0.281852
0.322778
0.439102
0.160056
0.177128
0.150094
0.184471
0.141207
0.270907
0.188354
0.169036
0.191300
0.248971
0.246913
0.415949
0.364687
0.309167
0.332647
0.353368
0.371936
0.354584
0.285688
0.307156
0.295884
0.504022
0.341300
0.216651
0.253508
0.272568
0.151625
0.160144
0.161339
0.167690
0.223579
0.170665
0.180912
0.204771
0.300094
0.268849
0.224977
0.192189
0.262909
0.374696
0.332367
0.293452
0.381852
0.634799
0.537792
0.368990
0.352152
0.419621
0.282659
0.303742
0.234191
0.221609
0.209214
0.217072
0.455285
0.291020
0.265037
0.283080
0.270580
0.298410
0.266862
0.317177
0.290271
0.278672
0.392470
0.373807
0.351871
0.464266
0.309074
0.325257
0.450655
0.176614
0.166838
0.180168
0.155706
0.163283
0.144574
0.132086
0.156829
0.124041
0.142423
0.257297
0.338634
0.257390
0.241628
0.142049
0.283022
0.258045
0.181618
0.249906
0.321515
0.467867
0.497100
0.343639
0.343873
0.368943
0.277736
0.215435
0.196445
0.178952
0.188260
0.187231
0.186109
0.183255
0.180496
0.329560
0.272591
0.340131
0.302385
0.208138
0.229233
0.193124
0.194153
0.167025
0.322685
0.319177
0.354677
0.311623
0.389768
0.306548
0.214593
0.147180
0.120196
0.111286
0.101960
0.112806
0.106155
0.125613
0.139158
0.171515
0.197315
0.206548
0.211646
0.199065
0.165856
0.179481
0.195463
0.198587
0.252717
0.291815
0.233971
0.247942
0.240070
0.183522
0.147044
0.158466
0.126941
0.145463
0.126193
0.159682
0.123012
0.129981
0.131244
0.274649
0.328017
0.225257
0.192937
0.289102
0.130168
0.136062
0.132601
0.226941
0.254163
0.306408
0.281197
0.177362
0.182226
0.169878
0.158466
0.144153
0.135173
0.146586
0.148644
0.158513
0.126193
0.131618
0.132367
0.139196
0.163003
0.144668
0.126193
0.193732
0.200655
0.161179
0.190973
0.141862
0.130823
0.246399
0.235080
0.259355
0.266791
0.256127
0.135547
0.124509
0.138634
0.127736
0.120065
0.129701
0.166978
0.178672
0.178952
0.272638
0.175351
0.176848
0.233115
0.283115
0.231712
0.228906
0.293920
0.307063
0.311974
0.504630
0.515529
0.435220
0.249626
0.316324
0.236857
0.189991
0.167680
0.160664
0.200327
0.141534
0.149111
0.128578
0.132975
0.246866
0.414453
0.265154
0.200795
0.436576
0.295978
0.232788
0.196399
0.241300
0.283162
0.343031
0.462722
0.335781
0.303414
0.263611
0.215809
0.199626
0.175257
0.186904
0.189616
0.190131
0.160851
0.168803
0.161974
0.292937
0.274977
0.258185
0.232741
0.204163
0.257624
0.291721
0.299018
0.364125
0.256548
0.235220
0.198550
0.291908
0.286155
0.221796
0.161740
0.151310
0.156782
0.163564
0.146539
0.159682
0.146352
0.144434
0.164874
0.159542
0.162301
0.181057
0.253368
0.332694
0.332180
0.329981
0.264125
0.204256
0.395978
0.303274
0.259401
0.316791
0.229420
0.190833
0.160898
0.138120
0.136950
0.131993
0.132788
0.115435
0.127643
0.146445
0.227035
0.212909
0.141441
0.180122
0.286249
0.399345
0.307998
0.237839
0.566324
0.695697
0.599626
0.633068
0.504677
0.402806
0.351918
0.375351
0.303742
0.324883
0.224181
0.174462
0.134799
0.147100
0.137325
0.116604
0.163096
0.255192
0.237418
0.564640
0.607343
0.742891
0.576520
0.615903
0.676239
0.514874
0.566090
0.708793
0.685594
0.376941
0.450047
0.373480
0.253555
0.206174
0.214967
0.181431
0.159729
0.123994
0.152619
0.176333
0.292142
0.536202
0.620954
0.498269
0.567727
0.577877
0.616277
0.601824
0.774743
0.722077
0.759822
0.778064
0.568288
0.405285
0.354397
0.313564
0.290973
0.246445
0.204256
0.223573
0.190365
0.171936
0.168943
0.178297
0.446913
0.428531
0.358980
0.392563
0.352152
0.370674
0.517119
0.627830
0.758746
0.780496
0.821328
0.758419
0.566464
0.712722
0.846819
0.391581
0.344902
0.274228
0.303555
0.208606
0.223340
0.441207
0.381993
0.204350
0.299719
0.361833
0.387933
0.489055
0.491020
0.545089
0.541674
0.635126
0.648597
0.892236
0.911646
1.000000
0.934659
0.964967
0.846445
0.814172
0.415201
0.362956
0.296071
0.239008
0.231104
0.209682
0.226988
0.165014
0.201543
0.319411
0.322825
0.363096
0.341066
0.560571
0.580917
0.569036
0.580496
0.835313
0.706080
0.831431
0.739523
0.617540
0.681665
0.691955
0.413704
0.331712
0.291020
0.258559
0.180917
0.217680
0.164312
0.188447
0.269364
0.346866
0.353555
0.295463
0.227736
0.439616
0.545463
0.644855
0.771328
0.856408
0.927362
0.671141
0.609308
0.535641
0.405098
0.458653
0.240505
0.246819
0.182554
0.189242
0.176614
0.189429
0.150000
0.164359
0.165295
0.400000
0.355519
0.497474
0.548223
0.787839
0.615341
0.893031
0.704818
0.500935
0.594995
0.699205
0.685360
0.750374
0.546492
0.335313
0.409401
0.296071
0.245931
0.478859
0.505753
0.352806
0.331618
0.204350
0.335407
0.318382
0.260009
0.401543
0.308746
0.225398
0.278952
0.257109
0.230636
0.276099
0.260617
0.356221
0.281899
0.247802
0.528017
0.456922
0.447240
0.185875
0.139616
0.163798
0.141441
0.131197
0.145510
0.142142
0.147521
0.253882
0.413985
0.321890
0.491207
0.392703
0.385454
0.374462
0.425491
0.593171
0.879654
0.813564
0.869972
0.763564
0.405753
0.305940
0.298316
0.286249
0.215996
0.264874
0.214546
0.198550
0.223480
0.359729
0.546492
0.530730
0.388728
0.638213
0.680917
0.878344
0.810290
0.828297
0.697428
0.480309
0.431010
0.420346
0.422404
0.607858
0.653929
0.464687
0.369130
0.296118
0.350702
0.185594
0.193265
0.137418
0.165809
0.133817
0.162442
0.244949
0.256408
0.323761
0.286249
0.364453
0.315996
0.390225
0.414874
0.492937
0.573620
0.518569
0.316604
0.241721
0.348877
0.296165
0.397615
0.267025
0.206221
0.180402
0.212348
0.189850
0.312909
0.153976
0.349345
0.222217
0.221001
0.280870
0.310571
0.238447
0.233349
0.323667
0.344200
0.533630
0.783255
0.712769
0.444434
0.585828
0.803555
0.530776
0.300187
0.242470
0.152666
0.184799
0.147521
0.201169
0.157998
0.222217
0.340833
0.232647
0.362956
0.296352
0.268241
0.431805
0.517446
0.753087
0.792750
0.865482
0.882975
0.971983
0.887371
0.602292
0.478251
0.668616
0.655472
0.337979
0.296866
0.241955
0.360524
0.429467
0.327923
0.191581
0.219364
0.374649
0.564219
0.475304
0.488307
0.797615
0.803134
0.784238
0.875023
0.830964
0.711225
0.740879
0.627923
0.523480
0.462161
0.264827
0.235875
0.226660
0.206127
0.187839
0.167633
0.212582
0.233068
0.207297
0.147100
0.522872
0.601543
0.453508
0.470580
0.633630
0.641768
0.832320
0.880917
0.756268
0.899626
0.765435
0.761693
0.746211
0.636576
0.700795
0.530683
0.365482
0.370674
0.263283
0.174088
0.164920
0.164032
0.157484
0.288494
0.285828
0.314219
0.758513
0.638587
0.682554
0.738634
0.809355
0.668148
0.637839
0.811225
0.901684
0.780122
0.595276
0.474462
0.482601
0.293826
0.276520
0.331759
0.218288
0.171656
0.414266
0.300187
0.223854
0.184004
0.324790
0.304443
0.344247
0.554256
0.634939
0.564219
0.631665
0.549111
0.602713
0.703555
0.604584
0.602385
0.508372
0.403882
0.442376
0.360150
0.320159
0.283723
0.302245
0.221609
0.217633
0.181993
0.216417
0.231805
0.308092
0.579747
0.468101
0.605800
0.461833
0.543265
0.573293
0.631431
0.691908
0.820954
0.781899
0.566230
0.504490
0.495931
0.472732
0.400889
0.401590
0.263985
0.289710
0.231151
0.217399
0.289616
0.238821
0.206782
0.283583
0.328672
0.466370
0.511553
0.458232
0.387278
0.510384
0.475631
0.534892
0.613611
0.633162
0.389242
0.360711
0.365341
0.252479
0.300468
0.274509
0.255472
0.274930
0.237138
0.163096
0.144528
0.191908
0.206548
0.398082
0.422919
0.382834
0.235173
0.584659
0.615482
0.445510
0.548784
0.552198
0.635594
0.887699
0.645697
0.831946
0.575491
0.402385
0.422030
0.263704
0.274088
0.274602
0.181572
0.171048
0.169457
0.195323
0.165014
0.339429
0.297334
0.241113
0.328999
0.819224
0.433676
0.418662
0.539710
0.492797
0.459448
0.422685
0.409963
0.487886
0.411740
0.258232
0.215949
0.220112
0.247708
0.234144
0.172825
0.122217
0.148363
0.119878
0.105659
0.380730
0.479280
0.497474
0.502853
0.453414
0.376099
0.403882
0.458232
0.672965
0.749298
0.685500
0.531525
0.591347
0.514079
0.363283
0.318475
0.208559
0.212348
0.186717
0.144247
0.150795
0.201029
0.204210
0.241394
0.297521
0.429046
0.258466
0.411927
0.486857
0.459542
0.518195
0.713517
0.669832
0.732554
0.716651
0.689008
0.632788
0.463891
0.442610
0.422217
0.379280
0.271141
0.244995
0.223152
0.230636
0.221890
0.200234
0.227549
0.265669
0.318849
0.264733
0.305940
0.218101
0.231572
0.256595
0.260103
0.335594
0.410243
0.475772
0.445650
0.442236
0.387465
0.297053
0.325164
0.283442
0.186529
0.217493
0.150327
0.122872
0.128110
0.178718
0.138400
0.161693
0.215014
0.196492
0.359167
0.362582
0.382928
0.447194
0.531291
0.532554
0.567353
0.659027
0.731104
0.587044
0.351169
0.269270
0.209167
0.207951
0.153414
0.154397
0.112488
0.165529
0.165669
0.152432
0.175210
0.404210
0.288354
0.296773
0.367166
0.306174
0.237699
0.282928
0.325398
0.559542
0.964500
0.919177
0.718616
0.669691
0.603321
0.514406
0.237699
0.248690
0.252526
0.236529
0.194200
0.199158
0.152058
0.216324
0.316183
0.357998
0.238213
0.198690
0.247615
0.257858
0.303368
0.371235
0.401356
0.486155
0.561693
0.506268
0.453414
0.452292
0.469925
0.264172
0.198082
0.172872
0.148363
0.135454
0.130496
0.121328
0.133863
0.130496
0.299486
0.399626
0.260430
0.231384
0.246913
0.319130
0.387325
0.360804
0.477830
0.389429
0.437465
0.446352
0.498550
0.514359
0.474977
0.312956
0.249860
0.156688
0.261880
0.126707
0.151497
0.139336
0.157905
0.141113
0.179280
0.328906
0.361600
0.221048
0.336109
0.521562
0.459214
0.537044
0.626520
0.584518
0.551918
0.390178
0.346211
0.393452
0.601731
0.455285
0.286623
0.183957
0.177081
0.152760
0.141020
0.134705
0.154537
0.134144
0.140084
0.231899
0.203414
0.178438
0.171609
0.219224
0.428297
0.541815
0.595042
0.698597
0.649486
0.653087
0.629935
0.465014
0.409729
0.251029
0.176567
0.151403
0.117072
0.136155
0.159308
0.112021
0.112208
0.114920
0.104818
0.214874
0.217680
0.245182
0.192891
0.231384
0.313938
0.463377
0.493686
0.554818
0.742750
0.688494
0.490131
0.355332
0.329420
0.268241
0.249158
0.237371
0.222498
0.151871
0.148877
0.138541
0.163377
0.148223
0.134051
0.161833
0.196539
0.154958
0.210945
0.136623
0.241674
0.206408
0.180028
0.244855
0.179888
0.205332
0.207484
0.174743
0.144995
0.111413
0.121094
0.138728
0.107297
0.113377
0.104069
0.107717
0.104911
0.113658
0.204630
0.232180
0.278017
0.127035
0.091441
0.109401
0.197100
0.194341
0.183723
0.151637
0.257951
0.389804
0.193686
0.179747
0.194621
0.176520
0.157811
0.128017
0.138541
0.107671
0.129888
0.112909
0.119832
0.111179
0.114266
0.199018
0.304911
0.278999
0.252432
0.221749
0.107671
0.191581
0.286950
0.137699
0.243031
0.188354
0.155987
0.156969
0.160009
0.135968
0.133536
0.115061
0.130449
0.116183
0.157016
0.107811
0.112114
0.108887
0.144387
0.187044
0.169785
0.118756
0.147802
0.174415
0.159261
0.177877
0.196866
0.179326
0.131291
0.148831
0.268569
0.284986
0.248363
0.272170
0.179841
0.142329
0.117306
0.109635
0.097240
0.100468
0.106034
0.106969
0.139336
0.151310
0.133162
0.381151
0.203181
0.261787
0.222591
0.130589
0.131478
0.133022
0.200327
0.184659
0.268662
0.263845
0.265669
0.181525
0.208653
0.145603
0.127689
0.114406
0.113517
0.109401
0.125959
0.113938
0.119551
0.299065
0.281010
0.241254
0.340412
0.265762
0.212722
0.263003
0.312208
0.390552
0.363003
0.357343
0.394060
0.318896
0.252526
0.329467
0.225398
0.184238
0.169036
0.148971
0.144621
0.126707
0.104771
0.112629
0.142610
0.113845
0.193171
0.127830
0.130730
0.159963
0.191160
0.161646
0.167680
0.233255
0.406314
0.212862
0.205051
0.194247
0.263003
0.155192
0.145650
0.140365
0.168382
0.194247
0.110243
0.151824
0.168709
0.126380
0.101543
0.172965
0.311646
0.135173
0.212301
0.204630
0.266978
0.303368
0.261787
0.415482
0.372685
0.420440
0.343031
0.249532
0.295416
0.318990
0.151169
0.141441
0.156922
0.142984
0.128672
0.117727
0.128531
0.120907
0.192095
0.423901
0.255847
0.323807
0.180075
0.291347
0.138962
0.186202
0.235781
0.269785
0.376801
0.269925
0.245557
0.458653
0.373106
0.172591
0.146726
0.157343
0.109074
0.116137
0.133349
0.146866
0.108606
0.119504
0.235454
0.446399
0.340037
0.167540
0.170627
0.134939
0.225819
0.167353
0.230355
0.287746
0.302993
0.263704
0.203227
0.198690
0.217119
0.171094
0.189757
0.190552
0.162161
0.155239
0.166230
0.130402
0.140412
0.129186
0.222544
0.221890
0.252292
0.226848
0.212348
0.263845
0.133255
0.142563
0.189242
0.150234
0.215108
0.186389
0.182554
0.217633
0.338400
0.280262
0.194668
0.167446
0.132413
0.117353
0.111927
0.160103
0.134097
0.150889
0.110196
0.230215
0.278110
0.203508
0.160103
0.411506
0.273994
0.201076
0.210150
0.274930
0.338167
0.451731
0.477549
0.384986
0.298784
0.214125
0.135126
0.147287
0.151263
0.112862
0.114500
0.111974
0.123386
0.139242
0.112021
0.246305
0.144200
0.179186
0.120393
0.161646
0.141955
0.138541
0.123433
0.259214
0.320019
0.480028
0.312067
0.250935
0.206455
0.182694
0.234471
0.225772
0.191768
0.169130
0.136717
0.202152
0.129467
0.148597
0.141160
0.297147
0.303601
0.275304
0.184705
0.176848
0.177736
0.222544
0.201076
0.314827
0.294060
0.211272
0.275585
0.425678
0.461179
0.308606
0.186202
0.156034
0.144387
0.137231
0.143265
0.121515
0.132647
0.141487
0.159729
0.159869
0.510851
0.267399
0.286296
0.313611
0.214640
0.186576
0.270440
0.486997
0.405192
0.310758
0.333723
0.321703
0.263471
0.237933
0.159822
0.141300
0.157858
0.145978
0.176894
0.139897
0.167540
0.142563
0.131712
0.163050
0.186249
0.206735
0.233209
0.151871
0.113377
0.177409
0.168054
0.244481
0.350140
0.197147
0.250047
0.230028
0.274181
0.180122
0.165762
0.237746
0.208513
0.158559
0.162722
0.124977
0.123948
0.139944
0.294387
0.189570
0.216651
0.582741
0.313564
0.213471
0.243452
0.215949
0.304490
0.428859
0.515762
0.515716
0.542142
0.321001
0.308980
0.277830
0.275398
0.248410
0.217212
0.209448
0.201918
0.158700
0.154350
0.193312
0.178625
0.310945
0.463845
0.327830
0.356221
0.425117
0.353695
0.585875
0.719364
0.786740
0.786740
0.854116
0.802526
0.639944
0.696960
0.367399
0.274556
0.297334
0.239476
0.253508
0.232601
0.227409
0.251216
0.206361
0.315856
0.391020
0.347802
0.478531
0.273948
0.334752
0.287371
0.266558
0.349813
0.473246
0.523386
0.558653
0.638541
0.486342
0.381572
0.227643
0.195697
0.167727
0.167727
0.229888
0.170393
0.205239
0.244153
0.196352
0.194294
0.283910
0.207390
0.166558
0.198503
0.164266
0.138962
0.184846
0.165482
0.205332
0.271936
0.339336
0.273994
0.262862
0.201637
0.165014
0.142329
0.134331
0.122919
0.133910
0.143873
0.122919
0.150982
0.311085
0.120533
0.265108
0.316043
0.280730
0.341066
0.158980
0.166277
0.180122
0.198457
0.283255
0.296773
0.293826
0.329467
0.294808
0.234425
0.157764
0.153087
0.164593
0.140037
0.145370
0.162395
0.174836
0.199766
0.138120
0.138213
0.229186
0.165856
0.144995
0.200327
0.188681
0.143920
0.131852
0.238120
0.280589
0.382039
0.382180
0.212395
0.223340
0.240786
0.191160
0.187652
0.173948
0.198597
0.189991
0.179420
0.179326
0.187512
0.174275
0.166745
0.239570
0.211646
0.301871
0.189897
0.210290
0.146632
0.160243
0.169925
0.207577
0.362067
0.269972
0.218709
0.188213
0.218616
0.172170
0.166885
0.150000
0.163517
0.141955
0.134986
0.129514
0.131805
0.184097
0.139944
0.225164
0.259588
0.337558
0.269972
0.261506
0.249860
0.244574
0.314827
0.338400
0.312114
0.373527
0.245697
0.229794
0.223199
0.216137
0.229935
0.200468
0.156642
0.179841
0.149860
0.163891
0.163330
0.163845
0.168007
0.248597
0.227222
0.219224
0.216511
0.229794
0.166838
0.405753
0.505426
0.243873
0.433583
0.348831
0.330917
0.218756
0.375678
0.254443
0.170533
0.176239
0.138494
0.152152
0.134799
0.134331
0.152011
0.123948
0.184705
0.179747
0.140505
0.135688
0.139008
0.157250
0.262816
0.201076
0.239991
0.184284
0.185547
0.146211
0.138120
0.237231
0.226848
0.162021
0.146352
0.147100
0.156408
0.135080
0.129841
0.133676
0.125865
0.126427
0.194434
0.229467
0.193405
0.230823
0.250421
0.192610
0.162254
0.192189
0.195697
0.325257
0.423480
0.566885
0.517446
0.350842
0.292797
0.245370
0.213611
0.177268
0.198410
0.166230
0.163190
0.132694
0.138447
0.132788
0.180449
0.245837
0.510009
0.304724
0.280262
0.230730
0.317961
0.240505
0.289476
0.417540
0.497287
0.624509
0.522825
0.381993
0.315903
0.299766
0.192844
0.238915
0.164453
0.170065
0.161085
0.183863
0.142984
0.129467
0.145042
0.197100
0.260664
0.185313
0.163564
0.202432
0.213190
0.245557
0.229186
0.362909
0.381525
0.432180
0.311553
0.397287
0.542189
0.202713
0.141955
0.143873
0.151684
0.155987
0.132554
0.123340
0.143873
0.265341
0.232928
0.356501
0.252572
0.135080
0.223994
0.246539
0.208232
0.191908
0.191721
0.313517
0.231431
0.173012
0.194528
0.216417
0.199205
0.202105
0.243966
0.254303
0.147521
0.150234
0.175678
0.131759
0.131010
0.160617
0.174977
0.287979
0.333302
0.341113
0.231899
0.202198
0.271048
0.278391
0.196399
0.212629
0.199906
0.224041
0.178110
0.165061
0.201169
0.180917
0.160150
0.152947
0.148690
0.139149
0.169364
0.129326
0.129841
0.138775
0.168288
0.178906
0.325257
0.154116
0.125444
0.298737
0.334051
0.245370
0.316932
0.234471
0.237512
0.378157
0.204677
0.168335
0.240692
0.210664
0.176146
0.149065
0.145650
0.153087
0.139102
0.166464
0.143592
0.152900
0.147100
0.182133
0.227877
0.194013
0.274275
0.190552
0.182881
0.276941
0.236670
0.299626
0.448971
0.378531
0.316230
0.259167
0.277830
0.209074
0.169504
0.142236
0.144060
0.137792
0.162862
0.201356
0.164032
0.134144
0.143826
0.243452
0.257951
0.248831
0.216838
0.185360
0.152666
0.256548
0.180355
0.226006
0.323807
0.364125
0.304818
0.388354
0.234846
0.264733
0.180917
0.156642
0.159027
0.142563
0.153181
0.133676
0.172732
0.154116
0.146866
0.224883
0.290178
0.162021
0.223386
0.173293
0.127409
0.168990
0.133489
0.164920
0.317961
0.276380
0.287465
0.240271
0.220674
0.192142
0.196024
0.151169
0.134051
0.123667
0.158372
0.136623
0.129560
0.130355
0.172170
0.128157
0.143031
0.130449
0.138494
0.145837
0.112582
0.122778
0.132086
0.163283
0.257016
0.261459
0.239944
0.275725
0.260945
0.244060
0.175117
0.222825
0.152806
0.137231
0.154537
0.144107
0.137184
0.126239
0.152105
0.300748
0.250000
0.327222
0.198877
0.221188
0.150935
0.139991
0.290692
0.335594
0.268195
0.171282
0.172030
0.319364
0.224228
0.192610
0.173340
0.179280
0.143826
0.152479
0.140365
0.140786
0.127362
0.309121
0.174930
0.192470
0.234425
0.198316
0.234939
0.202713
0.200935
0.235407
0.177643
0.201076
0.250000
0.210243
0.206642
0.238260
0.276427
0.215903
0.174556
0.138447
0.154630
0.140599
0.142750
0.130028
0.128718
0.140552
0.160196
0.222123
0.157297
0.173433
0.186810
0.201824
0.157437
0.266090
0.270206
0.255192
0.250935
0.368943
0.439383
0.402385
0.436623
0.261833
0.204069
0.177502
0.146632
0.190084
0.147521
0.210196
0.149345
0.153555
0.163050
0.249439
0.357811
0.325164
0.174041
0.175164
0.161319
0.161459
0.206455
0.430168
0.512021
0.479888
0.378625
0.331946
0.400281
0.298269
0.182601
0.143966
0.139383
0.163283
0.117820
0.117680
0.163377
0.114266
0.143920
0.138821
0.128859
0.125772
0.153321
0.151918
0.150935
0.147381
0.257530
0.312769
0.505332
0.438073
0.303087
0.496539
0.345884
0.181712
0.201777
0.276427
0.245650
0.171328
0.153274
0.103929
0.145603
0.137512
0.242844
0.325117
0.142142
0.300421
0.402385
0.460758
0.588962
0.393920
0.366370
0.415575
0.387325
0.626801
0.679794
0.319972
0.210664
0.165435
0.170253
0.161880
0.183396
0.158419
0.197615
0.148269
0.154864
0.137886
0.124462
0.196539
0.302666
0.303976
0.256455
0.260103
0.214827
0.245276
0.372030
0.427502
0.464546
0.339242
0.277409
0.487371
0.268569
0.237091
0.226193
0.245229
0.218756
0.183396
0.169832
0.160243
0.134939
0.127877
0.137979
0.221235
0.189336
0.279467
0.155519
0.262301
0.391815
0.379888
0.266651
0.390318
0.468101
0.621328
0.624930
0.316324
0.258840
0.314266
0.250000
0.264266
0.121001
0.169504
0.170159
0.142891
0.127175
0.163938
0.118007
0.292703
0.459822
0.320814
0.427502
0.511787
0.473386
0.265341
0.474088
0.369504
0.426380
0.250561
0.253742
0.265856
0.256080
0.190318
0.161319
0.136997
0.118054
0.121562
0.123854
0.128812
0.116417
0.103087
0.122872
0.256455
0.127081
0.137138
0.187184
0.245042
0.144247
0.155800
0.188167
0.324556
0.210196
0.160804
0.166978
0.234612
0.258232
0.220627
0.173340
0.166417
0.136109
0.113798
0.116885
0.125164
0.114032
0.154911
0.121235
0.205847
0.177689
0.335875
0.266137
0.241347
0.340692
0.242610
0.288587
0.263798
0.244200
0.332273
0.217680
0.226848
0.225585
0.192610
0.146819
0.140786
0.102947
0.105239
0.102666
0.135407
0.105098
0.106268
0.119364
0.230402
0.202105
0.278485
0.149486
0.170814
0.113985
0.122965
0.145790
0.126239
0.271749
0.333583
0.221141
0.257577
0.237886
0.170674
0.220440
0.223293
0.187138
0.198597
0.146118
0.185360
0.160243
0.131384
0.106455
0.161787
0.236155
0.164453
0.156548
0.275023
0.183068
0.304022
0.413003
0.415716
0.292142
0.239570
0.252105
0.260945
0.232834
0.203555
0.167540
0.132367
0.126567
0.144434
0.130122
0.120720
0.126988
0.125444
0.209401
0.231805
0.182694
0.226567
0.209682
0.178672
0.142937
0.160196
0.237231
0.284565
0.264032
0.282975
0.257484
0.301590
0.280823
0.360150
0.432647
0.180309
0.166370
0.153087
0.166324
0.175585
0.183817
0.176707
0.114687
0.198082
0.236810
0.402152
0.307109
0.340318
0.571048
0.546024
0.350000
0.488073
0.713658
0.728251
0.742844
0.508559
0.496679
0.396679
0.266932
0.249626
0.465295
0.254584
0.205098
0.178952
0.202198
0.190084
0.195276
0.306221
0.386389
0.363190
0.705192
0.399252
0.369457
0.368241
0.467119
0.469177
0.601076
0.734799
0.657437
0.693686
0.391628
0.361366
0.308559
0.254069
0.199953
0.185828
0.193078
0.170861
0.198129
0.157016
0.178438
0.172778
0.437231
0.386202
0.333910
0.429654
0.463564
0.534425
0.582180
0.738868
0.710056
0.470299
0.415622
0.412909
0.381338
0.301029
0.249345
0.163424
0.203929
0.305987
0.132039
0.131899
0.136389
0.215435
0.172311
0.195136
0.239055
0.380543
0.227596
0.237465
0.133817
0.162208
0.214827
0.337138
0.318522
0.221983
0.224041
0.363517
0.287418
0.155519
0.134752
0.151029
0.115949
0.119036
0.133910
0.115201
0.111085
0.119083
0.135594
0.178485
0.139616
0.251403
0.225585
0.311179
0.237839
0.184004
0.316604
0.288260
0.287418
0.312161
0.272825
0.223386
0.185267
0.232226
0.200748
0.214827
0.151310
0.137558
0.121890
0.138634
0.134191
0.134004
0.174930
0.277268
0.207016
0.269364
0.169317
0.188564
0.150620
0.219224
0.151450
0.134565
0.158606
0.129818
0.085161
0.056846
0.083615
0.044310
0.045074
0.040077
0.043518
0.036726
0.047269
0.059836
0.045844
0.056832
0.053884
0.087559
0.130917
0.085688
0.083489
0.094200
0.093124
0.098690
0.078952
0.172498
0.214967
0.126941
0.100608
0.106408
0.085126
0.064125
0.090271
0.059588
0.061459
0.107671
0.065388
0.066745
0.066090
0.061787
0.071094
0.132834
0.202572
0.088541
0.111506
0.104256
0.083770
0.124556
0.097802
0.112395
0.125210
0.192002
0.111646
0.109635
0.084705
0.079139
0.088494
0.091066
0.063798
0.066511
0.086857
0.062442
0.083115
0.073012
0.100281
0.243873
0.187091
0.092423
0.302713
0.169270
0.164406
0.117119
0.168288
0.087886
0.085313
0.076754
0.050982
0.041347
0.077128
0.147007
0.073059
0.032460
0.052105
0.090692
0.144434
0.137301
0.154432
0.146439
0.160544
0.213691
0.302309
0.172202
0.197467
0.232456
0.192023
0.230670
0.262576
0.270156
0.284002
0.240364
0.228391
0.160851
0.167399
0.150421
0.159074
0.148269
0.145510
0.147848
0.145463
0.143920
0.149673
0.150561
0.189476
0.180589
0.181384
0.152526
0.144855
0.140248
0.158641
0.179321
0.194259
0.229426
0.245770
0.254229
0.236469
0.242065
0.248011
0.246456
0.180370
0.151333
0.142155
0.133470
0.162383
0.140871
0.146783
0.128938
0.142993
0.276670
0.333576
0.255544
0.325686
0.398807
0.277834
0.261932
0.284135
0.372334
0.474294
0.468520
0.402207
0.452877
0.489888
0.358831
0.233508
0.198550
0.161515
0.143891
0.159645
0.147942
0.132201
0.160454
0.495809
0.282254
0.173891
0.240940
0.206413
0.198192
0.235884
0.199097
0.359593
0.312138
0.258548
0.226670
0.345409
0.399267
0.365603
0.172498
0.155992
0.123246
0.135921
0.134097
0.116534
0.148959
0.118896
0.121469
0.239991
0.216464
0.386997
0.296679
0.224930
0.185594
0.152198
0.149532
0.176848
0.273059
0.397287
0.353368
0.286623
0.219224
0.187605
0.160851
0.184752
0.228204
0.257297
0.126333
0.147568
0.120861
0.117727
0.134705
0.180262
0.164780
0.184004
0.173433
0.202385
0.192142
0.271562
0.145510
0.165248
0.199439
0.327830
0.215295
0.221282
0.192844
0.175631
0.149813
0.151076
0.149018
0.142844
0.132180
0.134518
0.133209
0.149111
0.125631
0.117727
0.222357
0.170112
0.362348
0.247895
0.214406
0.166604
0.191628
0.138307
0.141721
0.232507
0.226894
0.183630
0.233910
0.200561
0.250421
0.140833
0.131665
0.136038
0.138833
0.163289
0.144671
0.132251
0.130368
0.142569
0.178765
0.167446
0.175210
0.266464
0.137886
0.115341
0.240599
0.330870
0.321165
0.171317
0.183881
0.193086
0.186623
0.162535
0.277409
0.263330
0.241558
0.191382
0.133951
0.138959
0.194175
0.155834
0.152543
0.146126
0.230730
0.251099
0.308688
0.283670
0.281522
0.256056
0.195744
0.178157
0.193195
0.332799
0.248953
0.177774
0.249972
0.189135
0.171321
0.178625
0.254397
0.170580
0.145136
0.143405
0.143545
0.138821
0.166932
0.231478
0.292095
0.217212
0.264827
0.242657
0.163354
0.157682
0.145796
0.147661
0.139149
0.272708
0.261132
0.274462
0.243966
0.258185
0.221422
0.184378
0.217587
0.154677
0.145744
0.162301
0.160009
0.135875
0.138167
0.150140
0.285454
0.187044
0.246913
0.364032
0.378672
0.152152
0.173714
0.192329
0.222123
0.216277
0.432180
0.371703
0.283676
0.223901
0.170954
0.158746
0.135594
0.129467
0.164032
0.137418
0.136950
0.136296
0.141347
0.198129
0.204210
0.165388
0.226520
0.203742
0.287325
0.151123
0.153742
0.155332
0.193686
0.272217
0.335267
0.220393
0.180168
0.193312
0.189429
0.145089
0.139804
0.135781
0.116885
0.113845
0.128064
0.140973
0.115622
0.176801
0.123948
0.110524
0.120533
0.134004
0.140809
0.132916
0.135050
0.231440
0.152858
0.190601
0.179374
0.232975
0.241909
0.256829
0.213704
0.145837
0.171936
0.159635
0.149065
0.140412
0.143171
0.133255
0.136787
0.141686
0.278952
0.247311
0.186775
0.250450
0.391549
0.197856
0.213404
0.251861
0.244569
0.255119
0.148841
0.243784
0.505802
0.307859
0.245885
0.159916
0.136904
0.132133
0.127877
0.164359
0.130075
0.142142
0.137699
0.165809
0.139242
0.136857
0.140084
0.135594
0.168101
0.147007
0.206501
0.150795
0.124977
0.139008
0.164032
0.177689
0.148597
0.138915
0.153882
0.155659
0.145229
0.118382
0.124415
0.124041
0.116090
0.124930
0.121048
0.122451
0.170627
0.184752
0.190739
0.201263
0.181384
0.133115
0.183863
0.227900
0.253543
0.290827
0.310240
0.175887
0.157156
0.145767
0.127818
0.143236
0.113643
0.149782
0.131665
0.113798
0.117119
0.117072
0.116464
0.122030
0.126239
0.124836
0.165341
0.228064
0.169457
0.126310
0.115189
0.120060
0.121279
0.146210
0.198222
0.163283
0.175678
0.237208
0.282145
0.146334
0.138462
0.116658
0.115248
0.119130
0.119130
0.131665
0.121328
0.133349
0.137512
0.193405
0.183723
0.141066
0.154163
0.215622
0.228718
0.141441
0.139055
0.123012
0.139570
0.198503
0.188728
0.204958
0.176988
0.159261
0.144808
0.140037
0.150702
0.142657
0.115716
0.138213
0.165809
0.149626
0.134331
0.118709
0.172872
0.234518
0.132834
0.210851
0.209308
0.182133
0.221796
0.175725
0.189944
0.232039
0.154350
0.131805
0.140692
0.189149
0.154818
0.119270
0.121048
0.123293
0.120206
0.143592
0.128531
0.154771
0.129139
0.115856
0.167025
0.316090
0.173761
0.097661
0.115716
0.107951
0.109448
0.261740
0.173714
0.190131
0.195463
0.196492
0.160196
0.150842
0.142423
0.153555
0.136623
0.122030
0.116604
0.111600
0.123620
0.155800
0.408606
0.211974
0.169738
0.148316
0.167119
0.164079
0.132694
0.135454
0.133209
0.164266
0.160571
0.181244
0.252572
0.250421
0.190178
0.187231
0.168709
0.157156
0.136740
0.124310
0.113985
0.123106
0.109308
0.134144
0.159355
0.176520
0.234799
0.222895
0.126742
0.105847
0.117399
0.114266
0.125117
0.111366
0.312909
0.271796
0.205753
0.149205
0.147521
0.123036
0.120545
0.158355
0.114865
0.123948
0.127175
0.112161
0.129046
0.128952
0.133536
0.119083
0.123386
0.154163
0.111553
0.110267
0.120674
0.127970
0.195954
0.192891
0.197240
0.166464
0.134542
0.143966
0.127643
0.140318
0.128765
0.129841
0.125164
0.122872
0.118522
0.142657
0.131712
0.145276
0.135641
0.140225
0.150561
0.125819
0.109448
0.112862
0.116698
0.115716
0.204958
0.233910
0.170861
0.222544
0.132881
0.132507
0.148363
0.121609
0.119785
0.119036
0.149626
0.140833
0.121609
0.116137
0.114266
0.122638
0.194761
0.151637
0.143078
0.118148
0.108138
0.142844
0.118148
0.189616
0.116464
0.134471
0.111927
0.129186
0.128017
0.133115
0.128391
0.122030
0.115856
0.117025
0.113424
0.112722
0.103508
0.117633
0.118007
0.118475
0.120533
0.162254
0.111366
0.131946
0.159916
0.111646
0.115622
0.102011
0.160571
0.238681
0.273199
0.157671
0.140599
0.111787
0.124135
0.127035
0.128718
0.115575
0.145089
0.113283
0.121703
0.117867
0.116558
0.193639
0.178718
0.127970
0.125164
0.149626
0.194668
0.100842
0.120861
0.134986
0.143920
0.166791
0.167633
0.176380
0.170861
0.161132
0.245697
0.166137
0.182834
0.148457
0.137138
0.136109
0.110664
0.117587
0.116464
0.162862
0.293312
0.214453
0.243265
0.138915
0.328204
0.200561
0.288962
0.282180
0.234752
0.225631
0.251964
0.262956
0.268428
0.178438
0.163096
0.182554
0.218990
0.144949
0.131151
0.128485
0.124696
0.143031
0.126941
0.144855
0.157016
0.163564
0.159869
0.236997
0.164827
0.149532
0.195323
0.277736
0.206314
0.233115
0.274790
0.183910
0.179888
0.245463
0.268943
0.131665
0.148316
0.149953
0.122591
0.149766
0.122732
0.126427
0.125725
0.143545
0.125912
0.114687
0.144153
0.159635
0.140178
0.154256
0.120720
0.126286
0.206829
0.204818
0.447053
0.320486
0.212021
0.209167
0.162254
0.226707
0.138213
0.130823
0.127923
0.120814
0.127268
0.152526
0.121609
0.150140
0.131197
0.132554
0.227783
0.121890
0.147895
0.134518
0.151310
0.124462
0.129607
0.333255
0.421796
0.272498
0.217961
0.246024
0.199158
0.201216
0.193265
0.107998
0.107951
0.109869
0.122732
0.125398
0.112675
0.133022
0.145370
0.135080
0.217774
0.264406
0.146586
0.133910
0.131852
0.201637
0.177689
0.238073
0.153555
0.143124
0.136436
0.142984
0.134565
0.149018
0.125164
0.117680
0.121048
0.115482
0.097147
0.114266
0.127268
0.144761
0.141347
0.116464
0.130262
0.122030
0.130589
0.111272
0.117212
0.129701
0.211319
0.306548
0.207530
0.149065
0.129654
0.179888
0.113564
0.125444
0.119411
0.124369
0.115949
0.110711
0.132601
0.124415
0.146399
0.125912
0.130028
0.130683
0.139196
0.119785
0.115248
0.182039
0.168382
0.142844
0.244995
0.206548
0.145276
0.125865
0.152058
0.114219
0.106268
0.105239
0.105847
0.111272
0.095323
0.104210
0.112021
0.115154
0.098877
0.102105
0.120019
0.115295
0.136483
0.112161
0.172357
0.132273
0.179747
0.154537
0.134892
0.126614
0.157390
0.131618
0.127222
0.149205
0.130496
0.122591
0.122591
0.153461
0.106034
0.118428
0.115762
0.102105
0.108840
0.117820
0.113143
0.139476
0.135875
0.121749
0.131151
0.134799
0.130730
0.138868
0.151216
0.161506
0.342423
0.230917
0.147287
0.129233
0.129326
0.137325
0.229888
0.136015
0.118756
0.113143
0.111366
0.117259
0.111740
0.147381
0.155659
0.153321
0.168803
0.124649
0.108232
0.102152
0.099766
0.127456
0.126427
0.280262
0.321609
0.178110
0.152479
0.146399
0.182975
0.145744
0.149813
0.134846
0.115996
0.114687
0.108793
0.115529
0.144808
0.120674
0.135594
0.113517
0.192329
0.107671
0.098410
0.162395
0.283068
0.198316
0.109027
0.314266
0.170393
0.168616
0.123152
0.131946
0.128718
0.199766
0.198036
0.200982
0.117025
0.143592
0.104864
0.120907
0.126754
0.128718
0.147428
0.139196
0.129467
0.146586
0.155192
0.187605
0.171562
0.101216
0.113003
0.149532
0.179093
0.149252
0.149532
0.168335
0.243686
0.208466
0.104864
0.099813
0.119411
0.107484
0.107624
0.105098
0.101871
0.111319
0.282601
0.120486
0.142703
0.118288
0.118288
0.126520
0.169177
0.115108
0.116043
0.175538
0.294060
0.183442
0.200795
0.174041
0.152572
0.128906
0.134799
0.131478
0.137839
0.122357
0.121983
0.133068
0.138400
0.254958
0.414125
0.178625
0.128344
0.148831
0.266090
0.150655
0.112956
0.113751
0.238447
0.221749
0.197007
0.206735
0.325538
0.236342
0.268943
0.173480
0.165201
0.132226
0.132133
0.127175
0.117727
0.118849
0.157624
0.125631
0.119130
0.322357
0.315762
0.231618
0.363190
0.344153
0.195510
0.167119
0.127456
0.135360
0.161272
0.155753
0.159261
0.362769
0.216090
0.136904
0.129280
0.128672
0.110992
0.119224
0.112722
0.117119
0.114640
0.132928
0.139149
0.239383
0.327409
0.197194
0.180543
0.142236
0.115295
0.197194
0.186015
0.161319
0.247895
0.222825
0.143218
0.209074
0.187979
0.196632
0.174556
0.118849
0.108934
0.109729
0.118195
0.117867
0.119083
0.125257
0.120720
0.146913
0.144668
0.129139
0.329139
0.168569
0.173246
0.184565
0.149018
0.338775
0.403648
0.190505
0.164546
0.169457
0.239383
0.128391
0.111693
0.123386
0.096305
0.101310
0.110617
0.101871
0.106829
0.102479
0.123761
0.149532
0.176380
0.272872
0.344808
0.187418
0.225210
0.221375
0.178812
0.245323
0.270720
0.170767
0.121936
0.134144
0.145229
0.172357
0.139196
0.131946
0.122264
0.107016
0.123620
0.126473
0.117306
0.115108
0.109916
0.131431
0.107250
0.119645
0.185313
0.191020
0.139476
0.134939
0.113564
0.112442
0.129747
0.156595
0.124790
0.130636
0.143499
0.136997
0.116651
0.116511
0.110009
0.116230
0.114359
0.113330
0.113798
0.124556
0.131291
0.121141
0.165201
0.217774
0.179280
0.158138
0.120533
0.137792
0.129280
0.197474
0.148363
0.143218
0.210898
0.164500
0.130215
0.145650
0.147989
0.130730
0.125678
0.109963
0.121141
0.111880
0.103087
0.110758
0.121188
0.108559
0.111132
0.174930
0.130449
0.128906
0.154256
0.171796
0.230543
0.160804
0.265201
0.208934
0.143592
0.160150
0.161038
0.136576
0.148176
0.188681
0.158887
0.106829
0.113938
0.117306
0.111225
0.102245
0.132226
0.139289
0.148877
0.142283
0.168428
0.181759
0.184986
0.180964
0.127877
0.166417
0.211927
0.238728
0.177643
0.170065
0.147708
0.155987
0.150842
0.142703
0.123386
0.123807
0.118709
0.116791
0.112254
0.125351
0.142329
0.157437
0.128157
0.096492
0.101684
0.140505
0.141721
0.132460
0.261132
0.198176
0.223433
0.159542
0.184238
0.186857
0.186109
0.154210
0.124415
0.125772
0.127689
0.105519
0.112442
0.110103
0.125538
0.126286
0.120346
0.127268
0.134331
0.227783
0.113891
0.129046
0.103695
0.098597
0.108372
0.122965
0.133676
0.145557
0.156034
0.185267
0.140739
0.146819
0.128906
0.132741
0.157203
0.139804
0.139476
0.134659
0.124883
0.122451
0.130075
0.132554
0.180823
0.164032
0.125912
0.118803
0.113143
0.125538
0.120907
0.124041
0.212535
0.218616
0.215295
0.220533
0.198924
0.224509
0.284284
0.172030
0.154116
0.135454
0.132039
0.133676
0.122919
0.123620
0.170346
0.180355
0.170253
0.150702
0.258934
0.217399
0.211179
0.172591
0.305285
0.398690
0.227456
0.221001
0.170112
0.152339
0.192703
0.144715
0.128718
0.193966
0.157203
0.128812
0.102526
0.125491
0.109448
0.155145
0.173199
0.172264
0.125538
0.119364
0.126099
0.087044
0.104864
0.140131
0.100327
0.137091
0.231431
0.204022
0.180496
0.170486
0.154630
0.125444
0.116090
0.106642
0.113517
0.147007
0.130075
0.105519
0.112021
0.109963
0.110477
0.112956
0.155566
0.155706
0.094294
0.145557
0.078765
0.102993
0.115716
0.142610
0.181759
0.184331
0.272311
0.162301
0.152292
0.134284
0.120206
0.119504
0.127362
0.137699
0.123386
0.112629
0.117540
0.117119
0.120861
0.138400
0.116230
0.184191
0.104256
0.097989
0.091862
0.109121
0.120299
0.123012
0.143499
0.148550
0.144808
0.136436
0.161787
0.135267
0.148597
0.120440
0.112301
0.113330
0.127081
0.112161
0.112582
0.114453
0.126052
0.132460
0.116183
0.114920
0.106548
0.126894
0.095557
0.097334
0.092236
0.183162
0.270299
0.230823
0.179139
0.140271
0.138915
0.115154
0.113330
0.111272
0.106361
0.136857
0.118195
0.111740
0.118148
0.121609
0.126473
0.128531
0.153648
0.115435
0.225631
0.107858
0.086342
0.103040
0.105379
0.149719
0.223340
0.229233
0.136109
0.132647
0.131478
0.112722
0.119598
0.118382
0.098129
0.108185
0.099158
0.104116
0.122591
0.140645
0.113985
0.107811
0.123246
0.116511
0.206127
0.180683
0.117493
0.139663
0.114079
0.132881
0.166464
0.154443
0.198784
0.150842
0.118241
0.131291
0.109074
0.106314
0.110758
0.120440
0.114312
0.120346
0.121235
0.131057
0.133817
0.115949
0.113190
0.143779
0.099766
0.121843
0.120486
0.109167
0.174836
0.170814
0.309261
0.242750
0.289804
0.143124
0.146819
0.130776
0.139289
0.152198
0.135641
0.116230
0.117446
0.128625
0.130075
0.133630
0.141721
0.109121
0.166791
0.177128
0.153461
0.136015
0.120907
0.144247
0.149719
0.315108
0.205005
0.184004
0.206688
0.334612
0.283770
0.301029
0.169224
0.185921
0.114546
0.109308
0.141674
0.123106
0.116324
0.124883
0.136155
0.155893
0.177643
0.104397
0.110056
0.106969
0.112675
0.106688
0.102947
0.120580
0.161880
0.130589
0.125631
0.144855
0.132694
0.110851
0.108700
0.106127
0.114219
0.115108
0.097147
0.111880
0.108887
0.135734
0.132039
0.122919
0.117680
0.133068
0.107390
0.152993
0.107624
0.112769
0.114453
0.117399
0.130309
0.141441
0.214266
0.177502
0.182601
0.168101
0.147708
0.118522
0.117493
0.109588
0.116464
0.118148
0.112442
0.129373
0.143826
0.131525
0.111319
0.118943
0.206922
0.131151
0.111693
0.121656
0.127081
0.180636
0.295931
0.242423
0.242937
0.234097
0.203040
0.168382
0.133910
0.113658
0.133723
0.117774
0.107484
0.112535
0.128157
0.109027
0.139897
0.127970
0.141347
0.126239
0.180683
0.189055
0.128344
0.193966
0.273667
0.269083
0.506174
0.256080
0.266137
0.255753
0.206782
0.208092
0.160898
0.155145
0.140178
0.142891
0.136623
0.140926
0.178344
0.152900
0.151543
0.156361
0.221796
0.155239
0.146773
0.177502
0.164406
0.154958
0.212629
0.190131
0.218849
0.224743
0.230870
0.194481
0.189570
0.183068
0.144574
0.137746
0.141955
0.133209
0.158232
0.124836
0.133863
0.135173
0.146445
0.181899
0.238447
0.212348
0.137278
0.270533
0.131572
0.112722
0.110103
0.156595
0.185547
0.214827
0.289383
0.302105
0.300047
0.281291
0.287886
0.158746
0.160851
0.157437
0.136062
0.166277
0.140552
0.150421
0.148410
0.144855
0.245837
0.131899
0.179373
0.150374
0.121188
0.120393
0.123714
0.138587
0.226614
0.249860
0.248644
0.191254
0.190084
0.172217
0.148924
0.122123
0.166791
0.120767
0.125491
0.120720
0.131805
0.138775
0.134331
0.119551
0.140786
0.228578
0.136529
0.137652
0.152245
0.220861
0.289383
0.289804
0.325164
0.341487
0.327128
0.337699
0.326146
0.216978
0.167446
0.159167
0.132601
0.125725
0.119457
0.157063
0.126801
0.122123
0.123854
0.136342
0.165295
0.139663
0.116745
0.115014
0.111459
0.215154
0.234565
0.279467
0.302152
0.346632
0.279747
0.269036
0.275070
0.248644
0.192703
0.139008
0.126567
0.136155
0.128718
0.120393
0.129420
0.123340
0.179233
0.153882
0.132647
0.123527
0.130589
0.157109
0.179888
0.171094
0.153040
0.210384
0.214967
0.231010
0.327502
0.329888
0.367493
0.298597
0.147381
0.142283
0.126988
0.107484
0.122311
0.131291
0.131478
0.134097
0.137979
0.126988
0.161646
0.178251
0.224743
0.209121
0.232460
0.149392
0.139289
0.247428
0.215014
0.216511
0.233863
0.191721
0.189242
0.171094
0.165014
0.115482
0.128812
0.122638
0.119738
0.122965
0.146960
0.164172
0.171282
0.159822
0.133302
0.178110
0.158372
0.180496
0.213985
0.146539
0.138541
0.172077
0.275304
0.211880
0.162161
0.183676
0.179467
0.177877
0.147848
0.117727
0.168054
0.119832
0.123480
0.110477
0.130215
0.126473
0.129046
0.139804
0.257063
0.136810
0.145510
0.156501
0.228344
0.165949
0.188073
0.194153
0.252339
0.270346
0.210524
0.251637
0.205613
0.166137
0.149953
0.151169
0.124790
0.106221
0.117820
0.145510
0.128625
0.145463
0.136249
0.135267
0.144294
0.142891
0.131104
0.135734
0.211833
0.184518
0.147521
0.156268
0.217540
0.168148
0.175117
0.239663
0.238962
0.199158
0.151123
0.115716
0.120907
0.104022
0.114406
0.106969
0.121422
0.147474
0.153414
0.164172
0.177502
0.151637
0.168709
0.208279
0.232320
0.287091
0.193873
0.173246
0.222965
0.319083
0.274369
0.214733
0.222778
0.300795
0.211038
0.272311
0.150047
0.126333
0.127689
0.107437
0.106034
0.151076
0.325210
0.157063
0.134051
0.162348
0.166277
0.117353
0.104677
0.125538
0.135407
0.133255
0.220486
0.224369
0.169598
0.217259
0.170720
0.140552
0.131618
0.121749
0.145697
0.120112
0.127268
0.122123
0.140599
0.128485
0.142844
0.179233
0.210384
0.207951
0.392797
0.288120
0.391394
0.169738
0.319130
0.167540
0.211085
0.185641
0.219411
0.116277
0.150234
0.155987
0.140318
0.120065
0.126052
0.110103
0.117072
0.149158
0.133957
0.149906
0.134518
0.155706
0.130262
0.239429
0.204350
0.250234
0.111132
0.120533
0.132554
0.216558
0.211085
0.180449
0.181946
0.169457
0.144855
0.206127
0.143171
0.126239
0.125398
0.112021
0.102245
0.107764
0.105145
0.147802
0.127783
0.132086
0.205987
0.136389
0.171890
0.119504
0.117587
0.169878
0.147194
0.169925
0.246492
0.250561
0.197568
0.207717
0.202666
0.182320
0.155239
0.135875
0.120627
0.118101
0.112675
0.115388
0.126099
0.123994
0.151824
0.150561
0.245229
0.247848
0.301543
0.218662
0.180028
0.138541
0.210758
0.278017
0.191628
0.183630
0.207858
0.235313
0.268241
0.240365
0.180449
0.121936
0.121796
0.126520
0.126099
0.125070
0.129654
0.121796
0.143078
0.147474
0.170346
0.167820
0.168241
0.161833
0.188213
0.273340
0.359355
0.310103
0.301450
0.313891
0.246960
0.199252
0.186717
0.193826
0.157951
0.116838
0.107250
0.119130
0.140318
0.126707
0.122825
0.118896
0.137558
0.134004
0.176567
0.284284
0.159588
0.233536
0.230402
0.351824
0.208279
0.293218
0.360804
0.357484
0.389710
0.332507
0.308559
0.278251
0.265482
0.265762
0.268428
0.264312
0.248831
0.145276
0.132601
0.140552
0.245182
0.326052
0.218569
0.232601
0.229654
0.262067
0.157250
0.222872
0.188634
0.275725
0.357063
0.312675
0.399579
0.387933
0.292797
0.251731
0.218662
0.145416
0.135594
0.136249
0.130122
0.134471
0.135547
0.122825
0.158185
0.184004
0.194481
0.216932
0.220907
0.247568
0.193639
0.158746
0.162909
0.359869
0.371422
0.308559
0.242376
0.232975
0.254771
0.222872
0.199579
0.191254
0.178110
0.154163
0.173527
0.143124
0.152572
0.164920
0.160851
0.140412
0.192049
0.169738
0.384471
0.436155
0.312301
0.336623
0.431805
0.567212
0.423012
0.535875
0.449392
0.541254
0.496118
0.351310
0.261600
0.214406
0.205379
0.156595
0.174181
0.149673
0.163611
0.173994
0.183817
0.174415
0.201356
0.382180
0.340271
0.365108
0.274930
0.281665
0.257297
0.249111
0.264733
0.364219
0.280309
0.275819
0.254256
0.247568
0.247474
0.174322
0.139383
0.160617
0.165575
0.143031
0.155893
0.163798
0.135641
0.156735
0.179701
0.213938
0.206361
0.256314
0.237044
0.200140
0.226286
0.256829
0.347615
0.278812
0.244107
0.283255
0.296165
0.338681
0.297708
0.277689
0.229046
0.128251
0.135828
0.133255
0.125772
0.124462
0.132086
0.151824
0.173012
0.173012
0.212348
0.164874
0.323854
0.288073
0.359401
0.267353
0.397895
0.323994
0.306829
0.301637
0.271375
0.273807
0.220299
0.235360
0.171375
0.130636
0.128812
0.131618
0.142189
0.132788
0.136249
0.139710
0.153601
0.153227
0.246492
0.165435
0.175585
0.206221
0.202526
0.330543
0.265388
0.285781
0.255940
0.262769
0.464687
0.240926
0.202432
0.241394
0.223433
0.222498
0.240599
0.206268
0.168101
0.157764
0.158513
0.201731
0.205426
0.225725
0.230402
0.183723
0.263751
0.274883
0.322311
0.213845
0.238681
0.338494
0.299158
0.254303
0.250140
0.237465
0.169083
0.160477
0.153976
0.156268
0.167119
0.158372
0.180917
0.226239
0.238915
0.215014
0.194341
0.184471
0.329560
0.192516
0.173854
0.186857
0.207250
0.240505
0.330262
0.355893
0.323761
0.256361
0.246352
0.349345
0.338634
