0.241939
0.248001
0.263491
0.330244
0.228468
0.226984
0.184017
0.298098
0.174578
0.251889
0.232866
0.232976
0.176410
0.220157
0.222600
0.243075
0.253241
0.355252
0.173999
0.234600
0.211031
0.219912
0.277758
0.211952
0.263568
0.278499
0.295429
0.282338
0.227709
0.272353
0.247880
0.279313
0.313637
0.364318
0.293871
0.321021
0.301355
0.416349
0.349019
0.344893
0.375877
0.391848
0.308239
0.272462
0.304949
0.325577
0.214669
0.289120
0.188312
0.278517
0.203150
0.208909
0.150314
0.277435
0.168688
0.192146
0.279249
0.467258
0.516682
0.457687
0.443911
0.414952
0.536964
0.342644
0.397514
0.287498
0.240361
0.358148
0.279907
0.300432
0.247597
0.227448
0.231185
0.267357
0.227265
0.225329
0.278478
0.200996
0.201709
0.242538
0.245793
0.324550
0.277842
0.339419
0.362384
0.491270
0.643675
0.519028
0.462722
0.360995
0.554487
0.385116
0.334320
0.243479
0.270526
0.312252
0.223229
0.206657
0.301130
0.273317
0.251382
0.364064
0.428411
0.442653
0.532244
0.376217
0.313279
0.406607
0.802429
0.712134
0.737166
0.721976
0.709904
0.747908
0.491249
0.416383
0.455721
0.271404
0.263153
0.294931
0.225204
0.178835
0.181702
0.182144
0.316124
0.285581
0.286355
0.305794
0.360290
0.547841
0.353169
0.565387
0.486950
0.482944
0.596686
0.550333
0.351868
0.454092
0.256897
0.347507
0.269968
0.204761
0.274316
0.222021
0.259994
0.297042
0.311205
0.262117
0.300723
0.329008
0.261784
0.231935
0.214526
0.366700
0.493006
0.492629
0.307101
0.434675
0.305372
0.343967
0.296612
0.319413
0.201066
0.299597
0.169684
0.191754
0.302275
0.204477
0.301878
0.318169
0.338431
0.260758
0.255972
0.293009
0.305064
0.201134
0.166838
0.162065
0.195588
0.290562
0.252901
0.177925
0.253183
0.281294
0.251009
0.327802
0.180614
0.218350
0.192321
0.202349
0.239819
0.276628
0.185638
0.305994
0.321615
0.266834
0.256656
0.223589
0.219712
0.256820
0.463919
0.483736
0.503174
0.359563
0.369136
0.377508
0.488181
0.582925
0.573229
0.535892
0.423939
0.265359
0.260279
0.236898
0.335196
0.261102
0.212266
0.292057
0.188553
0.312719
0.327351
0.334518
0.199894
0.305772
0.386378
0.370977
0.368526
0.316402
0.368790
0.635054
0.534866
0.445198
0.507337
0.360609
0.388613
0.321445
0.241978
0.177085
0.259152
0.230722
0.177458
0.297217
0.364693
0.315824
0.184057
0.243407
0.204508
0.194729
0.347720
0.310238
0.457429
0.450914
0.542206
0.535775
0.540226
0.482315
0.404714
0.578633
0.537176
0.415218
0.328954
0.254521
0.339430
0.275100
0.234032
0.235416
0.278068
0.322364
0.310077
0.319607
0.268054
0.230189
0.314028
0.428093
0.454950
0.445488
0.558008
0.333790
0.463628
0.461001
0.553850
0.575990
0.381305
0.267499
0.198977
0.245888
0.253010
0.181223
0.280099
0.251708
0.310137
0.298887
0.246300
0.361659
0.298651
0.189284
0.239735
0.408445
0.492098
0.467181
0.606755
0.601470
0.384236
0.535151
0.483135
0.399422
0.292919
0.383102
0.225017
0.226385
0.301172
0.241200
0.293759
0.323366
0.192489
0.215911
0.291936
0.282228
0.309577
0.344325
0.234401
0.350942
0.302698
0.262483
0.291542
0.270629
0.245927
0.214596
0.367865
0.200418
0.168386
0.259324
0.214378
0.285155
0.306254
0.190019
0.274152
0.331770
0.168814
0.330174
0.199527
0.296376
0.207282
0.244852
0.306627
0.240327
0.200866
0.286933
0.237990
0.252824
0.190110
0.157519
0.218616
0.231275
0.222196
0.227221
0.266936
0.256686
0.281416
0.214347
0.181537
0.278686
0.216902
0.238804
0.245999
0.261013
0.239940
0.319834
0.254318
0.337742
0.421377
0.441778
0.471614
0.329285
0.352913
0.487773
0.376568
0.556958
0.383198
0.316996
0.257794
0.278039
0.239022
0.256977
0.299596
0.249432
0.220697
0.342304
0.188091
0.252205
0.183238
0.184868
0.214735
0.296544
0.531454
0.447174
0.443580
0.487147
0.597587
0.451965
0.463913
0.427885
0.346290
0.246360
0.251153
0.299674
0.294904
0.241879
0.192726
0.228221
0.307030
0.281329
0.325742
0.175473
0.207853
0.228422
0.312963
0.365829
0.457856
0.464879
0.520369
0.504346
0.431928
0.387858
0.364187
0.555951
0.462399
0.424696
0.214632
0.261982
0.238303
0.232198
0.284092
0.281916
0.255637
0.223647
0.194416
0.251810
0.232006
0.293723
0.238627
0.536285
0.479470
0.493741
0.398009
0.536206
0.382913
0.521641
0.450394
0.523939
0.420296
0.348472
0.307399
0.281751
0.182558
0.266251
0.198869
0.287778
0.286993
0.253423
0.294732
0.218228
0.298038
0.331213
0.369927
0.410710
0.429064
0.347874
0.471554
0.515164
0.517354
0.516884
0.369272
0.327800
0.371243
0.231720
0.236087
0.273746
0.322339
0.226946
0.186771
0.184192
0.222263
0.281754
0.236102
0.208372
0.316552
0.244345
0.182569
0.447815
0.565705
0.382324
0.379129
0.428507
0.280776
0.289889
0.300939
0.302951
0.282240
0.270016
0.171463
0.268663
0.250568
0.218037
0.250674
0.230296
0.276561
0.224430
0.182112
0.229736
0.184285
0.229529
0.215170
0.207062
0.160394
0.209065
0.183666
0.245866
0.162134
0.183909
0.194865
0.160407
0.198030
0.169250
0.275641
0.193860
0.222795
0.241487
0.222419
0.165801
0.195215
0.177070
0.271273
0.196453
0.222973
0.194088
0.396648
0.500423
0.338547
0.538899
0.384349
0.521256
0.481031
0.572858
0.546800
0.399206
0.306011
0.188684
0.303854
0.241316
0.292278
0.205320
0.275682
0.298824
0.301822
0.311429
0.298379
0.196941
0.217310
0.322126
0.299348
0.323184
0.442261
0.464737
0.474313
0.402351
0.566016
0.480242
0.300070
0.427553
0.414533
0.202389
0.200973
0.235657
0.211966
0.204088
0.234006
0.275280
0.323684
0.234029
0.183391
0.222548
0.301675
0.187154
0.255397
0.290190
0.325900
0.336391
0.230923
0.461609
0.335175
0.310698
0.258230
0.275530
0.425203
0.215420
0.292731
0.278171
0.281482
0.293720
0.278940
0.332188
0.221153
0.260611
0.179769
0.232785
0.284708
0.323662
0.239106
0.353167
0.332214
0.413232
0.411699
0.385745
0.479611
0.334565
0.497294
0.487107
0.475757
0.215480
0.213383
0.288105
0.195568
0.286256
0.254357
0.220348
0.188310
0.296490
0.164214
0.231824
0.293986
0.230316
0.280095
0.285491
0.421881
0.317600
0.292864
0.543521
0.467583
0.353937
0.474081
0.432793
0.307036
0.214498
0.345269
0.350409
0.214529
0.269820
0.245203
0.367108
0.360338
0.252589
0.247272
0.302660
0.273423
0.287081
0.196414
0.223554
0.202137
0.302648
0.249891
0.219804
0.291106
0.328796
0.292508
0.251343
0.221666
0.183493
0.204028
0.212573
0.307829
0.276436
0.226938
0.286414
0.277183
0.231912
0.236754
0.268628
0.210427
0.247660
0.208467
0.180558
0.249590
0.160318
0.225708
0.235468
0.280769
0.288002
0.146431
0.189373
0.195639
0.228096
0.276989
0.277657
0.279508
0.191793
0.296191
0.272180
0.274978
0.203790
0.303604
0.242913
0.300801
0.239308
0.329873
0.496884
0.401139
0.495605
0.446185
0.437073
0.294130
0.386981
0.395675
0.419429
0.458253
0.333547
0.301678
0.216061
0.284839
0.206005
0.247171
0.185012
0.253431
0.245963
0.311217
0.305670
0.290924
0.272323
0.247356
0.496458
0.345393
0.326418
0.566961
0.485358
0.323408
0.412349
0.410113
0.348056
0.439690
0.264251
0.226647
0.314673
0.176668
0.189776
0.240307
0.245203
0.297695
0.255960
0.295664
0.284725
0.297953
0.248510
0.220134
0.313586
0.509617
0.448559
0.554950
0.515201
0.628789
0.447114
0.518813
0.366095
0.462700
0.302634
0.301638
0.279307
0.218956
0.261688
0.239778
0.178835
0.296940
0.311438
0.261643
0.248190
0.285982
0.198946
0.290297
0.289135
0.354696
0.492294
0.545053
0.449793
0.348742
0.545566
0.383781
0.415616
0.441436
0.343560
0.264434
0.287863
0.315847
0.239805
0.178558
0.266834
0.321452
0.235255
0.271278
0.206548
0.204439
0.253477
0.310674
0.459431
0.422086
0.488401
0.541171
0.585147
0.330078
0.411502
0.338362
0.432827
0.417035
0.174662
0.197315
0.206721
0.217819
0.185129
0.309273
0.309834
0.314598
0.258902
0.280935
0.289881
0.167903
0.271064
0.203194
0.263671
0.293172
0.437980
0.461426
0.437998
0.225831
0.387811
0.324891
0.241108
0.177655
0.265920
0.270039
0.299684
0.291430
0.306211
0.269420
0.302109
0.240788
0.293318
0.296678
0.183474
0.300165
0.293149
0.173394
0.198919
0.157132
0.250333
0.311305
0.285800
0.237730
0.191868
0.245574
0.274405
0.274045
0.295051
0.241685
0.298664
0.219457
0.179586
0.173566
0.214273
0.245339
0.190745
0.258842
0.343905
0.248621
0.179181
0.224976
0.328884
0.465559
0.294351
0.526153
0.607157
0.321448
0.419340
0.366349
0.549490
0.293280
0.164161
0.199629
0.213585
0.198731
0.249846
0.341315
0.195946
0.315757
0.226118
0.250641
0.250915
0.164416
0.236049
0.270268
0.432760
0.514692
0.429497
0.414050
0.360000
0.393515
0.564737
0.613311
0.336653
0.373414
0.287118
0.215850
0.323597
0.200318
0.292088
0.296533
0.242678
0.230839
0.220934
0.282964
0.273276
0.275030
0.303011
0.219473
0.300833
0.425827
0.510248
0.355187
0.367329
0.359322
0.381843
0.533239
0.614529
0.421852
0.246278
0.273483
0.213685
0.202047
0.276185
0.264526
0.263998
0.317622
0.352243
0.277646
0.274655
0.212443
0.246725
0.336399
0.496391
0.390158
0.482743
0.521864
0.331399
0.357947
0.588907
0.536084
0.450069
0.475559
0.293262
0.326534
0.220230
0.283244
0.201307
0.175282
0.208169
0.206941
0.228790
0.197170
0.308904
0.297740
0.332141
0.298787
0.562213
0.579073
0.397802
0.444678
0.375220
0.485443
0.409394
0.551859
0.290208
0.324043
0.213185
0.200282
0.242276
0.180152
0.240603
0.176588
0.250415
0.296346
0.265379
0.271905
0.258412
0.290194
0.226640
0.241188
0.374692
0.301277
0.397034
0.462478
0.444965
0.287808
0.252703
0.313564
0.231321
0.258427
0.242898
0.253158
0.204458
0.160260
0.262131
0.257668
0.246044
0.270980
0.278467
0.285511
0.235557
0.278182
0.170943
0.169065
0.261306
0.215080
0.224758
0.150756
0.148206
0.166473
0.264933
0.226128
0.211344
0.281332
0.174702
0.182524
0.208398
0.235417
0.232340
0.272394
0.244241
0.303133
0.248795
0.191781
0.302552
0.274612
0.327083
0.183304
0.313626
0.391180
0.375427
0.436039
0.221646
0.245904
0.421292
0.373241
0.320485
0.381339
0.172390
0.209102
0.284118
0.322326
0.199365
0.213368
0.327220
0.273145
0.235109
0.285541
0.232090
0.293422
0.224804
0.281039
0.468655
0.364536
0.310839
0.477148
0.349274
0.482400
0.439266
0.365831
0.370711
0.411211
0.350939
0.266359
0.225947
0.223563
0.286584
0.185407
0.240562
0.283150
0.301350
0.293497
0.172156
0.240234
0.307655
0.206826
0.337926
0.346392
0.400585
0.330230
0.391709
0.420804
0.542117
0.484363
0.575047
0.302424
0.377591
0.284818
0.280035
0.299806
0.318471
0.299754
0.158688
0.167457
0.166680
0.222790
0.198634
0.214651
0.311663
0.414270
0.350948
0.329284
0.447935
0.411515
0.417167
0.378044
0.472566
0.580640
0.503150
0.397206
0.251723
0.275672
0.213864
0.248017
0.248816
0.287293
0.217415
0.209552
0.223406
0.280321
0.248941
0.207957
0.179583
0.293896
0.287061
0.318349
0.501519
0.464515
0.392565
0.545597
0.577870
0.501544
0.469531
0.306135
0.299956
0.220048
0.272595
0.297862
0.281858
0.201291
0.191836
0.172884
0.208233
0.236451
0.262948
0.258398
0.231000
0.243177
0.346795
0.480508
0.459672
0.413535
0.337489
0.254195
0.352769
0.350639
0.224113
0.228507
0.228504
0.223649
0.290833
0.211269
0.185159
0.205542
0.230336
0.240791
0.223223
0.231977
0.179744
0.235529
0.169176
0.193864
0.232555
0.194171
0.249866
0.183648
0.162362
0.232400
0.245698
0.193761
0.191265
0.254903
0.252242
0.223277
0.300230
0.283322
0.239054
0.253581
0.287769
0.171751
0.221374
0.238115
0.201225
0.231018
0.289445
0.291642
0.420469
0.268991
0.442070
0.609833
0.460508
0.496012
0.581178
0.370000
0.557845
0.395536
0.319202
0.226930
0.310255
0.283527
0.206028
0.241068
0.218587
0.262439
0.250184
0.244961
0.242854
0.293444
0.241455
0.263714
0.290993
0.341352
0.446835
0.508109
0.458619
0.350525
0.450738
0.505562
0.356659
0.393883
0.320210
0.282643
0.274488
0.264349
0.209990
0.251239
0.271873
0.258695
0.251066
0.282649
0.178353
0.245505
0.198455
0.217377
0.398553
0.355634
0.381453
0.500940
0.457018
0.429818
0.359017
0.441825
0.403343
0.627961
0.361489
0.199275
0.257136
0.248857
0.240086
0.213448
0.309156
0.195483
0.254616
0.287637
0.177464
0.202878
0.230641
0.261709
0.407784
0.444557
0.436158
0.475112
0.354481
0.575016
0.340172
0.649796
0.388084
0.292462
0.211447
0.171089
0.203848
0.240625
0.286143
0.265247
0.221995
0.298194
0.185974
0.251710
0.230711
0.217698
0.202241
0.186406
0.274325
0.292926
0.340142
0.482333
0.396289
0.400123
0.305265
0.310256
0.401905
0.351452
0.296770
0.297839
0.170741
0.238769
0.180825
0.299227
0.314154
0.335493
0.308195
0.246443
0.253985
0.293446
0.175729
0.290910
0.332871
0.318353
0.274885
0.488826
0.505296
0.326718
0.337765
0.380869
0.187035
0.252918
0.219666
0.171050
0.277434
0.231726
0.169587
0.184043
0.319910
0.305096
0.241096
0.186613
0.223108
0.168805
0.258976
0.260011
0.174901
0.191743
0.255241
0.300247
0.191933
0.188783
0.228007
0.190542
0.297878
0.241353
0.239280
0.276113
0.225373
0.204415
0.240975
0.294735
0.246154
0.197490
0.226936
0.240045
0.271388
0.252695
0.183555
0.285826
0.326988
0.438864
0.433635
0.390118
0.365093
0.355577
0.424194
0.538318
0.358172
0.246221
0.203572
0.236069
0.294058
0.331001
0.237191
0.215293
0.234780
0.221078
0.194373
0.307733
0.274200
0.276260
0.203874
0.331055
0.383930
0.499439
0.445521
0.409018
0.515877
0.344962
0.550434
0.366101
0.440978
0.401853
0.280286
0.257991
0.220620
0.210444
0.287095
0.193821
0.209040
0.215685
0.214088
0.252338
0.283851
0.206937
0.241770
0.290982
0.319574
0.315897
0.489551
0.561155
0.527462
0.533575
0.604040
0.393484
0.371760
0.293077
0.177214
0.218841
0.253382
0.250541
0.161210
0.192930
0.254013
0.203930
0.231876
0.259757
0.297344
0.173206
0.291822
0.251751
0.433511
0.357435
0.321133
0.355338
0.574098
0.369614
0.611852
0.389814
0.500045
0.357592
0.297315
0.189796
0.334662
0.278245
0.325956
0.307465
0.210107
0.179328
0.187998
0.214714
0.264280
0.274239
0.233186
0.403016
0.469102
0.487597
0.425944
0.386289
0.566818
0.481757
0.429480
0.489154
0.215872
0.296500
0.301467
0.236330
0.274555
0.185136
0.267966
0.301861
0.253866
0.284140
0.189965
0.323977
0.199387
0.311016
0.210621
0.335710
0.265840
0.469368
0.310195
0.390405
0.430872
0.317159
0.196686
0.326751
0.215133
0.220786
0.222754
0.244790
0.205381
0.192153
0.295555
0.191025
0.262328
0.288559
0.278978
0.258726
0.234439
0.193823
0.237705
0.243138
0.165445
0.171775
0.176982
0.251645
0.202011
0.320137
0.245042
0.213720
0.152901
0.247408
0.240763
0.265167
0.259600
0.271979
0.165219
0.241910
0.188653
0.221961
0.261021
0.243572
0.270834
0.179688
0.211059
0.288998
0.328063
0.484104
0.328944
0.564137
0.372982
0.542513
0.464314
0.735296
0.433370
0.387249
0.296745
0.172476
0.273335
0.189326
0.263794
0.193959
0.265206
0.312410
0.280093
0.286404
0.273042
0.181094
0.253536
0.211697
0.380367
0.323827
0.398528
0.332231
0.336859
0.577772
0.418827
0.582006
0.592138
0.452716
0.207000
0.236030
0.285378
0.271269
0.189783
0.186217
0.224077
0.224284
0.286041
0.170460
0.318264
0.223936
0.153062
0.265962
0.472007
0.401239
0.506357
0.434427
0.413637
0.586926
0.438852
0.541189
0.439535
0.325363
0.256548
0.183882
0.175294
0.224655
0.266880
0.246172
0.170116
0.327002
0.243253
0.176846
0.256548
0.178493
0.236141
0.193164
0.379567
0.419815
0.399627
0.452183
0.352948
0.526263
0.406729
0.637480
0.569249
0.527867
0.386712
0.242319
0.164418
0.275091
0.234699
0.216952
0.219270
0.218298
0.273237
0.299839
0.279564
0.254673
0.265203
0.387468
0.379650
0.505268
0.431062
0.323118
0.482972
0.565323
0.472882
0.536546
0.304427
0.453485
0.276255
0.324707
0.266485
0.281617
0.283314
0.234234
0.305340
0.272885
0.284952
0.281062
0.299347
0.174032
0.290744
0.172043
0.356403
0.364279
0.494565
0.462438
0.422212
0.277055
0.341943
0.308509
0.225483
0.265838
0.215431
0.243718
0.198398
0.281544
0.207175
0.202992
0.285462
0.202976
0.234034
0.307095
0.231942
0.260567
0.218513
0.158604
0.225486
0.249697
0.220117
0.254686
0.297383
0.271786
0.173494
0.194841
0.282594
0.250083
0.208032
0.269007
0.239449
0.169348
0.233097
0.205718
0.195515
0.195417
0.237755
0.216318
0.258119
0.210834
0.321329
0.460837
0.363966
0.260086
0.335596
0.583405
0.528118
0.563909
0.545398
0.400407
0.356283
0.237350
0.200655
0.325650
0.219383
0.178313
0.263803
0.244999
0.294595
0.318246
0.230070
0.276497
0.280627
0.293038
0.226474
0.480565
0.420114
0.477624
0.440165
0.392407
0.618567
0.586682
0.607094
0.546698
0.410785
0.233863
0.261864
0.225866
0.210003
0.236759
0.260462
0.296118
0.265589
0.307650
0.331411
0.252974
0.300548
0.261887
0.411917
0.394865
0.427370
0.517995
0.483967
0.439199
0.492309
0.370114
0.445630
0.446917
0.386004
0.290809
0.217469
0.172045
0.208814
0.259587
0.181227
0.180378
0.239188
0.344277
0.189674
0.266859
0.300564
0.226421
0.331427
0.571654
0.582049
0.442590
0.474098
0.561551
0.320088
0.551324
0.483457
0.371401
0.394282
0.333847
0.262994
0.291961
0.183274
0.165977
0.176319
0.264839
0.210586
0.256222
0.288611
0.292805
0.279472
0.302428
0.431652
0.461026
0.303276
0.289729
0.614057
0.423752
0.334228
0.501730
0.471547
0.201854
0.257340
0.244848
0.237984
0.189469
0.181421
0.210708
0.214087
0.272789
0.233699
0.200311
0.165778
0.168595
0.250966
0.197121
0.176514
0.274640
0.396127
0.367277
0.303544
0.300918
0.344420
0.301684
0.268284
0.236610
0.148257
0.180587
0.240320
0.313511
0.258924
0.243615
0.268650
0.222253
0.272923
0.216045
0.179676
0.206350
0.230207
0.190041
0.166591
0.194913
0.187627
0.214328
0.279944
0.236259
0.225556
0.209132
0.176530
0.192268
0.259839
0.208880
0.234589
0.300325
0.229179
0.211177
0.286638
0.205831
0.162394
0.285729
0.175585
0.234972
0.345547
0.212447
0.398105
0.536397
0.538431
0.473308
0.538605
0.587822
0.438713
0.439523
0.388394
0.502342
0.293586
0.291584
0.202905
0.247749
0.242879
0.298039
0.277159
0.253801
0.248394
0.327627
0.264013
0.243289
0.222031
0.274416
0.326926
0.297115
0.373485
0.291977
0.556205
0.552790
0.650237
0.523639
0.518857
0.550336
0.315349
0.392668
0.292572
0.224142
0.277422
0.249910
0.255982
0.204420
0.294365
0.288987
0.264887
0.273690
0.301733
0.274094
0.319626
0.337659
0.293474
0.411868
0.498823
0.525385
0.510865
0.380339
0.560864
0.450025
0.373913
0.390527
0.296168
0.271376
0.198498
0.245656
0.327025
0.276568
0.268811
0.178191
0.170345
0.250105
0.188184
0.175807
0.304481
0.459126
0.458601
0.429545
0.450846
0.465613
0.339938
0.437313
0.473752
0.480242
0.427999
0.203463
0.229890
0.167861
0.136803
0.256906
0.157785
0.240116
0.162289
0.189682
0.190103
0.262601
0.249990
0.320132
0.293880
0.311291
0.348142
0.549986
0.438538
0.452058
0.362990
0.548256
0.362895
0.416695
0.283274
0.273638
0.215097
0.232086
0.255986
0.244154
0.187278
0.229202
0.198357
0.217035
0.293888
0.233453
0.164955
0.186306
0.372626
0.345687
0.254995
0.468532
0.358443
0.370073
0.324066
0.303458
0.234765
0.205470
0.246982
0.201885
0.277184
0.277854
0.169081
0.263048
0.169460
0.290915
0.235627
0.286329
0.185888
0.244265
0.291540
0.147358
0.170938
0.154651
0.180547
0.205355
0.226207
0.147186
0.143302
0.136852
0.152555
0.143197
0.140087
0.288714
0.206242
0.173611
0.189967
0.163188
0.241430
0.205357
0.207322
0.228238
0.217142
0.271868
0.184257
0.199618
0.347247
0.333915
0.256744
0.304321
0.390808
0.438825
0.544370
0.410124
0.309346
0.489129
0.260312
0.222812
0.258361
0.176102
0.239515
0.238410
0.201658
0.184304
0.204264
0.241507
0.209020
0.176971
0.206993
0.209121
0.314278
0.467788
0.497308
0.367242
0.286942
0.399039
0.314460
0.285269
0.568664
0.433640
0.273466
0.219602
0.222026
0.183115
0.149062
0.171361
0.171453
0.261917
0.202685
0.181670
0.175179
0.262830
0.198812
0.279162
0.246578
0.515549
0.478567
0.452804
0.337197
0.456563
0.583365
0.550665
0.481682
0.451237
0.447197
0.260797
0.195689
0.243306
0.233699
0.162733
0.283280
0.282060
0.216617
0.231449
0.287411
0.279390
0.268824
0.225767
0.355783
0.514138
0.315562
0.486274
0.359094
0.405075
0.446330
0.430673
0.545119
0.545771
0.414528
0.336517
0.251272
0.233825
0.231141
0.290518
0.213990
0.157487
0.229323
0.205466
0.204373
0.198669
0.150971
0.267929
0.324288
0.505018
0.291698
0.519919
0.305805
0.360204
0.433212
0.392919
0.430856
0.343974
0.180264
0.160835
0.168872
0.248829
0.227373
0.183070
0.144376
0.248610
0.249284
0.241465
0.248550
0.216632
0.220068
0.218516
0.184936
0.263919
0.252034
0.425941
0.215720
0.337452
0.306755
0.284218
0.264087
0.150814
0.167082
0.152974
0.127439
0.189238
0.171487
0.203763
0.189229
0.152547
0.176673
0.134929
0.219329
0.143384
0.130581
0.166364
0.159191
0.159388
0.196998
0.254502
0.132980
0.134126
0.143368
0.193627
0.264542
0.187634
0.194815
0.225016
0.174670
0.162985
0.162087
0.238958
0.214559
0.185294
0.212608
0.234423
0.148749
0.212377
0.172704
0.275109
0.236636
0.418749
0.373271
0.237489
0.409640
0.474464
0.459593
0.597873
0.378357
0.351486
0.374633
0.228817
0.203862
0.225446
0.155282
0.179569
0.213082
0.174156
0.235611
0.162805
0.219498
0.156314
0.242895
0.242622
0.295817
0.375443
0.288047
0.414048
0.338438
0.349720
0.470688
0.415415
0.405224
0.429140
0.344004
0.146906
0.129139
0.160786
0.157657
0.153775
0.202324
0.121390
0.170723
0.141016
0.201817
0.134371
0.160526
0.127856
0.148091
0.329355
0.256272
0.279943
0.233355
0.308755
0.256089
0.470606
0.454929
0.382043
0.377627
0.200436
0.187169
0.184955
0.105723
0.120905
0.159979
0.178545
0.128527
0.202050
0.176145
0.103573
0.117387
0.137457
0.233910
0.229528
0.352538
0.360432
0.431253
0.285106
0.523607
0.326001
0.339852
0.328059
0.209746
0.135778
0.198298
0.107434
0.138172
0.182094
0.176324
0.172952
0.120000
0.136342
0.154917
0.149536
0.150780
0.175243
0.161344
0.285659
0.219246
0.283187
0.264017
0.362128
0.341791
0.473604
0.333650
0.255975
0.220906
0.107647
0.212482
0.176867
0.133742
0.126391
0.197007
0.139424
0.190768
0.157174
0.209328
0.121481
0.141018
0.119423
0.094721
0.249645
0.293318
0.284126
0.336869
0.565344
0.432719
0.381356
0.412744
0.289244
0.246745
0.183932
0.227779
0.186413
0.188137
0.192540
0.137936
0.133959
0.250983
0.224576
0.154219
0.161799
0.136755
0.123047
0.143760
0.136953
0.128501
0.117821
0.187339
0.098493
0.130855
0.147846
0.141169
0.139987
0.218508
0.127012
0.212373
0.141194
0.157033
0.189221
0.181680
0.161331
0.124219
0.160523
0.184790
0.113753
0.133482
0.169505
0.259015
0.301059
0.309827
0.288513
0.410996
0.311196
0.286471
0.452936
0.434531
0.363431
0.227570
0.184200
0.118116
0.137275
0.142684
0.129074
0.178846
0.149399
0.115511
0.124049
0.165810
0.132093
0.144663
0.114665
0.183023
0.381598
0.336302
0.358537
0.371162
0.323997
0.467310
0.346617
0.437277
0.380547
0.287976
0.211117
0.223894
0.200312
0.257985
0.145241
0.178922
0.191080
0.178938
0.149530
0.148756
0.136916
0.186880
0.174753
0.247190
0.261428
0.382979
0.348563
0.326807
0.370414
0.349354
0.356193
0.305952
0.363270
0.328933
0.303876
0.175359
0.164819
0.147088
0.153978
0.182412
0.142812
0.152999
0.188752
0.142123
0.167284
0.127506
0.147184
0.236103
0.368546
0.350156
0.323100
0.358451
0.528305
0.474190
0.384599
0.555754
0.558238
0.408533
0.177314
0.162670
0.111556
0.179331
0.131037
0.179030
0.113111
0.132349
0.178537
0.153503
0.121790
0.129720
0.122589
0.202286
0.143673
0.246971
0.274988
0.219090
0.315475
0.411678
0.310703
0.359898
0.305465
0.256314
0.143310
0.123826
0.165731
0.172287
0.114481
0.156586
0.161169
0.114408
0.145896
0.191401
0.184369
0.153859
0.124178
0.095836
0.266453
0.359951
0.353868
0.229153
0.374134
0.260246
0.208375
0.313421
0.109432
0.086725
0.153804
0.212095
0.143203
0.096685
0.179271
0.098260
0.146745
0.175348
0.166772
0.106221
0.096022
0.122048
0.111106
0.225047
0.099332
0.131243
0.133008
0.104504
0.145186
0.100159
0.156459
0.186535
0.146221
0.182565
0.141228
0.190631
0.156274
0.161091
0.176918
0.187597
0.142396
0.166635
0.200578
0.164253
0.171386
0.135465
0.194897
0.335828
0.480381
0.281718
0.341766
0.467599
0.473862
0.519538
0.692099
0.545515
0.447168
0.395709
0.156546
0.210868
0.180075
0.158184
0.140781
0.225458
0.170829
0.162370
0.133400
0.103818
0.174703
0.154743
0.119734
0.179134
0.354201
0.365163
0.422134
0.419541
0.352786
0.512626
0.418957
0.467754
0.441665
0.458209
0.189925
0.151848
0.166166
0.153110
0.170507
0.132733
0.105742
0.172605
0.156888
0.151378
0.134661
0.177564
0.151252
0.212819
0.257562
0.404366
0.353356
0.435390
0.605781
0.536813
0.540732
0.408324
0.320132
0.364090
0.312152
0.183853
0.174107
0.203923
0.174693
0.123309
0.102299
0.175925
0.142250
0.142112
0.184223
0.112974
0.132639
0.179428
0.249320
0.380111
0.355286
0.366169
0.535026
0.346484
0.406691
0.336783
0.496464
0.395818
0.164167
0.122867
0.197381
0.161082
0.118387
0.166641
0.145876
0.102943
0.181508
0.133091
0.110700
0.169385
0.169241
0.347936
0.291759
0.285698
0.377711
0.485843
0.487599
0.478157
0.536718
0.537247
0.247365
0.283662
0.212055
0.228417
0.118880
0.116770
0.166564
0.186664
0.154554
0.179098
0.108695
0.146140
0.175170
0.128007
0.086968
0.159375
0.251460
0.290259
0.418081
0.338767
0.309805
0.250407
0.246632
0.197359
0.088828
0.160926
0.118225
0.108471
0.194107
0.145275
0.121102
0.151672
0.184452
0.139178
0.182667
0.167797
0.167654
0.092257
0.128639
0.127687
0.123966
0.131155
0.113838
0.123226
0.134818
0.213981
0.240963
0.170951
0.105470
0.107265
0.136007
0.167792
0.177100
0.156294
0.167010
0.193700
0.123366
0.136724
0.158371
0.155669
0.142470
0.182980
0.112269
0.257811
0.343319
0.339265
0.328493
0.400762
0.403089
0.400413
0.474777
0.358970
0.341200
0.293230
0.158040
0.159225
0.121179
0.220576
0.113817
0.208821
0.223785
0.193418
0.217958
0.127294
0.173095
0.102272
0.148289
0.169183
0.407948
0.273436
0.386221
0.260274
0.303252
0.440359
0.396602
0.438929
0.344473
0.271311
0.124696
0.156161
0.159508
0.118292
0.138047
0.191193
0.164278
0.107388
0.141235
0.128735
0.142293
0.098913
0.178216
0.187021
0.316407
0.307905
0.255399
0.314883
0.266580
0.406280
0.513549
0.429754
0.398234
0.242617
0.347097
0.202157
0.239311
0.150156
0.151456
0.128956
0.150170
0.112529
0.129853
0.165464
0.203952
0.096997
0.105119
0.267884
0.280158
0.428005
0.395252
0.432146
0.279914
0.516902
0.416462
0.397734
0.328057
0.241233
0.206544
0.122024
0.156326
0.171481
0.182767
0.204841
0.202757
0.176611
0.233758
0.180783
0.111256
0.168912
0.138231
0.205936
0.384789
0.244856
0.290430
0.313154
0.400273
0.445869
0.368938
0.376716
0.209495
0.196418
0.091925
0.129810
0.202106
0.142222
0.142867
0.134779
0.153534
0.154470
0.127348
0.177994
0.150634
0.139720
0.161360
0.109313
0.228933
0.352929
0.426425
0.385021
0.369273
0.218460
0.253306
0.158392
0.215922
0.082132
0.109430
0.175813
0.179732
0.166775
0.112773
0.127977
0.167633
0.163885
0.169544
0.154038
0.144527
0.110407
0.130271
0.141920
0.149370
0.135607
0.098957
0.128738
0.119977
0.152917
0.096135
0.095862
0.124304
0.152953
0.130547
0.174577
0.131151
0.192557
0.154624
0.154886
0.156986
0.156105
0.141433
0.152597
0.149995
0.126897
0.125756
0.309591
0.398300
0.293701
0.294286
0.388166
0.394187
0.280328
0.391380
0.418576
0.278215
0.206836
0.190576
0.120626
0.141016
0.153831
0.117251
0.166555
0.128622
0.169371
0.220119
0.156766
0.195070
0.156407
0.142751
0.195183
0.282032
0.349267
0.326319
0.281897
0.425339
0.349942
0.268960
0.303138
0.362126
0.512675
0.246203
0.207290
0.173558
0.236856
0.163240
0.131705
0.122006
0.102796
0.136002
0.114326
0.089745
0.106902
0.102053
0.126550
0.361177
0.384231
0.329737
0.400188
0.366191
0.343967
0.298566
0.501647
0.263333
0.379091
0.310114
0.247539
0.208433
0.104763
0.097496
0.110662
0.180292
0.161001
0.132145
0.128140
0.123897
0.092592
0.111625
0.256554
0.257821
0.321601
0.337164
0.264073
0.431775
0.259108
0.371906
0.591493
0.564444
0.420516
0.338767
0.257149
0.191464
0.168406
0.224517
0.171695
0.213106
0.112539
0.197102
0.109103
0.196155
0.091994
0.174624
0.215755
0.341914
0.232444
0.377869
0.351917
0.416552
0.541485
0.662391
0.589288
0.399696
0.397767
0.258510
0.129743
0.231880
0.155665
0.135250
0.190220
0.150549
0.157676
0.134882
0.155096
0.111033
0.086168
0.098417
0.092140
0.265527
0.173749
0.305270
0.289384
0.224096
0.206827
0.228648
0.211125
0.093615
0.084393
0.078168
0.074186
0.150892
0.112678
0.095166
0.092171
0.173152
0.114183
0.150997
0.111352
0.109515
0.109092
0.067659
0.073876
0.115887
0.103917
0.108470
0.121955
0.100029
0.097813
0.120165
0.121329
0.123877
0.096124
0.095447
0.147534
0.148855
0.134366
0.104603
0.131932
0.109239
0.147231
0.121543
0.167364
0.093524
0.126982
0.102482
0.145420
0.273854
0.198415
0.423642
0.511499
0.395689
0.633716
0.670401
0.645561
0.460168
0.492497
0.135518
0.144546
0.107970
0.140713
0.137147
0.088549
0.127615
0.103824
0.103658
0.185175
0.155396
0.208288
0.134516
0.243256
0.452105
0.506433
0.459460
0.514972
0.397061
0.588968
0.538880
0.768528
0.467030
0.504842
0.183313
0.142826
0.174263
0.211456
0.157896
0.155844
0.127498
0.172710
0.160470
0.143394
0.149060
0.149943
0.116781
0.223131
0.311619
0.209664
0.456771
0.453897
0.531354
0.465437
0.603377
0.381440
0.449621
0.276965
0.243532
0.096368
0.146507
0.112505
0.136842
0.182268
0.149872
0.122974
0.123926
0.117485
0.104836
0.103429
0.133817
0.142646
0.242998
0.269396
0.348096
0.351078
0.425727
0.527054
0.378942
0.666866
0.585732
0.277768
0.197856
0.113243
0.144079
0.141285
0.151597
0.115325
0.152202
0.164614
0.112158
0.114578
0.118265
0.091020
0.124751
0.165923
0.253650
0.239213
0.458008
0.722329
0.393013
0.434214
0.560212
0.541709
0.406734
0.376300
0.250424
0.226699
0.170248
0.235745
0.146508
0.199719
0.217257
0.159490
0.127558
0.161631
0.169966
0.106357
0.137302
0.110206
0.176540
0.301824
0.319528
0.311084
0.448185
0.289288
0.332630
0.222759
0.304790
0.203447
0.197735
0.205255
0.160988
0.184407
0.164754
0.158590
0.097556
0.153675
0.147235
0.098758
0.183277
0.081254
0.100195
0.103019
0.117754
0.150573
0.139583
0.165364
0.169410
0.128137
0.229801
0.245028
0.151836
0.192631
0.235987
0.200479
0.159903
0.216705
0.182255
0.155388
0.171217
0.178140
0.141965
0.128935
0.124444
0.226728
0.165470
0.378157
0.446546
0.459861
0.336236
0.565657
0.425447
0.699549
0.741375
0.366342
0.432747
0.265325
0.194440
0.147142
0.203832
0.118496
0.172039
0.100127
0.191974
0.173098
0.188535
0.233160
0.163496
0.158639
0.112038
0.224616
0.295501
0.167812
0.326589
0.498827
0.567509
0.619221
0.580493
0.405339
0.381770
0.473275
0.163611
0.228262
0.197265
0.131979
0.118282
0.171462
0.171685
0.109343
0.190793
0.161581
0.148963
0.197240
0.174220
0.182380
0.285868
0.289909
0.206150
0.371518
0.468653
0.463517
0.354540
0.382090
0.369229
0.254791
0.256921
0.253918
0.135393
0.148531
0.153867
0.154288
0.171515
0.143718
0.131264
0.148161
0.183382
0.145885
0.123168
0.192839
0.230845
0.386647
0.308557
0.343634
0.355431
0.277028
0.492106
0.550256
0.371701
0.393562
0.214934
0.146456
0.186076
0.099440
0.091698
0.097885
0.119051
0.101920
0.122913
0.082990
0.125043
0.119682
0.097960
0.254005
0.379979
0.338570
0.363744
0.386550
0.387381
0.458610
0.265910
0.367105
0.257673
0.281437
0.211470
0.141988
0.108687
0.149277
0.136217
0.140326
0.088080
0.109662
0.133202
0.084978
0.123434
0.162599
0.126869
0.155052
0.136610
0.244674
0.280756
0.284601
0.311493
0.187356
0.222452
0.191720
0.139219
0.139373
0.080214
0.099830
0.103480
0.120061
0.139362
0.087006
0.105861
0.140512
0.142186
0.122155
0.129749
0.142056
0.150513
0.063782
0.116487
0.088564
0.100701
0.065178
0.073783
0.103703
0.068220
0.106909
0.101730
0.134084
0.080972
0.142511
0.088094
0.131416
0.121275
0.135276
0.140265
0.137968
0.116559
0.126743
0.115299
0.141520
0.199999
0.211735
0.326358
0.245662
0.253688
0.346211
0.572373
0.359001
0.436164
0.526329
0.462121
0.323515
0.164536
0.248565
0.116028
0.155141
0.170665
0.149613
0.102926
0.098458
0.167609
0.102340
0.108571
0.136607
0.113252
0.242654
0.302625
0.452938
0.427934
0.359845
0.454223
0.539390
0.416161
0.292562
0.311857
0.215532
0.164254
0.120737
0.122265
0.140011
0.102624
0.118379
0.137974
0.176241
0.147329
0.130919
0.122894
0.107118
0.098817
0.192204
0.240470
0.208018
0.221846
0.297385
0.245801
0.285992
0.521671
0.289099
0.461812
0.418953
0.116346
0.081675
0.150280
0.099679
0.124355
0.090680
0.086504
0.154978
0.169706
0.181434
0.150507
0.093224
0.178670
0.113486
0.245465
0.277323
0.438468
0.381522
0.296649
0.513937
0.512422
0.555745
0.530046
0.321223
0.182519
0.090697
0.148489
0.163746
0.110124
0.120997
0.159024
0.116881
0.206636
0.106863
0.138634
0.179347
0.095481
0.121557
0.295676
0.307536
0.298442
0.407177
0.431421
0.512125
0.380994
0.425809
0.414980
0.306732
0.191186
0.207962
0.173364
0.199600
0.183009
0.233182
0.144143
0.156067
0.136151
0.149243
0.155673
0.121113
0.099922
0.128566
0.160691
0.199045
0.222116
0.152939
0.133351
0.167301
0.189142
0.244759
0.170537
0.183663
0.158416
0.147150
0.125012
0.157383
0.147545
0.181317
0.145402
0.155662
0.120262
0.146262
0.103885
0.104753
0.125727
0.114432
0.102798
0.094780
0.094038
0.135981
0.172248
0.169763
0.122881
0.270460
0.154198
0.169197
0.143579
0.134441
0.124765
0.154517
0.109444
0.126112
0.131229
0.172225
0.137702
0.156928
0.102276
0.129319
0.148821
0.180790
0.183827
0.257634
0.285164
0.340373
0.272011
0.200159
0.218661
0.239455
0.217132
0.238085
0.082526
0.113704
0.153334
0.168589
0.164452
0.102283
0.105595
0.122766
0.117262
0.123918
0.109135
0.093908
0.094799
0.125412
0.333140
0.437803
0.285035
0.269356
0.313411
0.215680
0.266186
0.189733
0.214107
0.102109
0.080920
0.077600
0.091804
0.107457
0.112670
0.101833
0.080821
0.083529
0.097962
0.064262
0.090752
0.051163
0.089610
0.105281
0.119934
0.250706
0.228439
0.295777
0.213825
0.329346
0.250358
0.345138
0.163348
0.196203
0.125330
0.071772
0.091802
0.102115
0.140869
0.093152
0.067486
0.138617
0.117921
0.140677
0.127083
0.118166
0.186950
0.214657
0.266285
0.394210
0.291978
0.311864
0.293435
0.333234
0.346052
0.303321
0.331053
0.376726
0.171744
0.116387
0.129668
0.138583
0.170358
0.125364
0.134062
0.109276
0.114231
0.161925
0.087840
0.168438
0.108861
0.215196
0.432538
0.524369
0.471951
0.566321
0.562599
0.795035
0.531362
0.494019
0.382935
0.326330
0.317468
0.178360
0.219517
0.192004
0.192120
0.104744
0.215504
0.157195
0.153292
0.182989
0.126174
0.105153
0.138566
0.097367
0.292515
0.300855
0.351941
0.395401
0.544963
0.524265
0.339477
0.360228
0.236385
0.189588
0.146398
0.166542
0.143973
0.103799
0.164486
0.124190
0.168112
0.151916
0.187077
0.138239
0.165596
0.126559
0.088986
0.103288
0.139283
0.166734
0.216498
0.173904
0.175634
0.209529
0.160050
0.219121
0.281735
0.210432
0.227915
0.391561
0.224384
0.200169
0.112082
0.172212
0.141365
0.195992
0.168965
0.189137
0.137304
0.172002
0.207127
0.242850
0.455324
0.345014
0.441459
0.602932
0.669819
0.498573
0.493743
0.789817
0.456347
0.414175
0.318704
0.258176
0.263828
0.113420
0.206238
0.131195
0.136679
0.147075
0.172426
0.148272
0.135228
0.243101
0.193442
0.193967
0.406954
0.584538
0.397760
0.639890
0.755851
0.436726
0.681903
0.770191
0.623474
0.307393
0.332591
0.151721
0.198775
0.135656
0.126660
0.194152
0.152723
0.181433
0.121780
0.198620
0.106327
0.136689
0.159520
0.273095
0.468890
0.320302
0.531065
0.682584
0.609410
0.747622
0.475207
0.893793
0.552472
0.437962
0.338806
0.243242
0.198136
0.199087
0.204400
0.184782
0.127505
0.123511
0.148097
0.160973
0.160427
0.171145
0.207026
0.240964
0.358398
0.544317
0.355657
0.538290
0.691082
0.431193
0.596790
0.714845
0.507051
0.482866
0.512108
0.219486
0.149774
0.130983
0.203671
0.166983
0.167265
0.147870
0.113558
0.157529
0.163165
0.241499
0.121424
0.226863
0.507294
0.530351
0.366633
0.633860
0.677655
0.869018
0.737684
0.809093
0.379377
0.268005
0.360310
0.161526
0.243433
0.162868
0.158743
0.222920
0.226710
0.141542
0.164141
0.151733
0.123058
0.126183
0.108751
0.161561
0.245525
0.390932
0.340189
0.408297
0.448033
0.361885
0.309808
0.425896
0.255177
0.291019
0.273777
0.162402
0.176905
0.222841
0.250937
0.129520
0.162919
0.145190
0.134052
0.220802
0.198983
0.214434
0.104754
0.132767
0.164354
0.233571
0.189090
0.174969
0.216920
0.230554
0.261910
0.188116
0.236885
0.205152
0.207399
0.227466
0.275292
0.229441
0.163883
0.217436
0.197621
0.194512
0.227121
0.225181
0.138720
0.193701
0.307915
0.397586
0.367144
0.448309
0.399397
0.385401
0.357718
0.355036
0.512974
0.327604
0.481441
0.262472
0.213362
0.158221
0.161239
0.122170
0.198244
0.143148
0.176605
0.138455
0.153418
0.136779
0.160865
0.171813
0.219724
0.363391
0.391449
0.604344
0.598196
0.662937
0.556004
0.702847
0.839132
0.830503
0.487953
0.391995
0.252419
0.274722
0.194013
0.154230
0.169900
0.159011
0.162081
0.135737
0.197788
0.152530
0.165775
0.137513
0.238107
0.229234
0.342411
0.481314
0.272800
0.584486
0.664222
0.677191
0.610627
0.623545
0.710403
0.353557
0.234673
0.237254
0.162343
0.163353
0.143401
0.139126
0.171069
0.155745
0.219269
0.158418
0.154821
0.156109
0.174791
0.248818
0.482439
0.268446
0.299093
0.598583
0.473055
0.716458
0.408873
0.438489
0.579771
0.441969
0.272263
0.274694
0.238786
0.214224
0.237823
0.228374
0.175439
0.190287
0.182276
0.131598
0.142579
0.269819
0.164965
0.381623
0.337998
0.391124
0.593493
0.437722
0.709526
0.689727
0.835506
0.431946
0.401003
0.388942
0.174489
0.183112
0.207200
0.182805
0.130584
0.141268
0.176628
0.126458
0.171813
0.155257
0.095068
0.075025
0.166386
0.208246
0.314444
0.364577
0.292361
0.233171
0.246415
0.333631
0.210848
0.319111
0.175266
0.165745
0.174869
0.158981
0.184333
0.148623
0.151429
0.150640
0.124269
0.115349
0.115886
0.171608
0.115208
0.080981
0.085032
0.116239
0.128934
0.090479
0.150424
0.149896
0.111277
0.101372
0.120978
0.222451
0.114413
0.176985
0.195836
0.141235
0.124559
0.183797
0.159317
0.148953
0.115996
0.162218
0.120144
0.144086
0.089686
0.111215
0.144028
0.180009
0.415365
0.493997
0.495694
0.414325
0.615184
0.649001
0.476345
0.473696
0.534883
0.457975
0.317153
0.140169
0.222103
0.179109
0.247294
0.159174
0.163008
0.228510
0.155406
0.164029
0.112605
0.205198
0.212510
0.175236
0.332023
0.576096
0.392176
0.571871
0.450692
0.513850
0.538936
0.511325
0.413618
0.441257
0.195429
0.204570
0.114282
0.143561
0.134713
0.177738
0.122556
0.143281
0.118697
0.112558
0.086195
0.141839
0.174347
0.203894
0.235203
0.417500
0.345312
0.452093
0.632125
0.691839
0.668217
0.607032
0.466748
0.477488
0.363218
0.246810
0.179966
0.150616
0.151042
0.140418
0.171588
0.236983
0.217599
0.110013
0.250013
0.198163
0.183104
0.237275
0.431353
0.351627
0.547503
0.538625
0.450235
0.387834
0.530308
0.500852
0.487407
0.425477
0.285073
0.197324
0.193816
0.148848
0.164218
0.171805
0.108915
0.137239
0.099799
0.139335
0.122753
0.110606
0.132807
0.275444
0.349073
0.306205
0.469357
0.294512
0.421359
0.448098
0.404852
0.333026
0.347875
0.332516
0.214806
0.203218
0.164866
0.197022
0.105235
0.105571
0.146950
0.187898
0.152968
0.106134
0.145784
0.104048
0.096751
0.111885
0.180463
0.314759
0.285181
0.315741
0.377558
0.347711
0.269798
0.308969
0.243650
0.172551
0.180816
0.127366
0.184999
0.182033
0.122428
0.108896
0.148811
0.166031
0.113347
0.113687
0.125153
0.115464
0.075855
0.116060
0.095449
0.096272
0.086475
0.102122
0.131858
0.143408
0.093169
0.169628
0.113670
0.129719
0.173697
0.184664
0.133425
0.122817
0.114117
0.167286
0.143100
0.148251
0.091033
0.147470
0.142896
0.121524
0.121042
0.212725
0.352877
0.323831
0.303531
0.412861
0.459521
0.535035
0.468135
0.610449
0.375743
0.440190
0.202568
0.176893
0.154811
0.214370
0.223687
0.160494
0.125287
0.179002
0.108758
0.132695
0.162460
0.098474
0.153989
0.162393
0.419332
0.374762
0.477307
0.591665
0.459858
0.556796
0.431896
0.500774
0.515130
0.273517
0.183367
0.203325
0.212719
0.175195
0.176608
0.161931
0.125159
0.118978
0.171451
0.132869
0.135276
0.215997
0.165702
0.198763
0.433341
0.584801
0.471029
0.576146
0.322938
0.392918
0.505740
0.527162
0.437821
0.430620
0.347880
0.303085
0.261537
0.172441
0.143107
0.176669
0.191898
0.169694
0.160551
0.174460
0.210051
0.233241
0.179626
0.245895
0.295908
0.308319
0.519074
0.735502
0.567935
0.647957
0.572706
0.436629
0.527417
0.498657
0.335154
0.153380
0.135701
0.159021
0.132227
0.108874
0.151422
0.148490
0.108643
0.143394
0.093534
0.098804
0.114405
0.257975
0.444450
0.394392
0.409471
0.588064
0.647435
0.565952
0.779793
0.514853
0.293947
0.314650
0.152606
0.141062
0.164761
0.170644
0.193515
0.120949
0.098284
0.153076
0.153986
0.153370
0.154249
0.129775
0.117131
0.112835
0.224905
0.272200
0.330010
0.321681
0.239641
0.252936
0.203427
0.268971
0.157588
0.194312
0.291691
0.146114
0.176597
0.187853
0.160003
0.116580
0.150472
0.157002
0.147738
0.137873
0.149192
0.187313
0.072780
0.095194
0.130032
0.138753
0.184790
0.157966
0.147272
0.227839
0.266899
0.258829
0.159191
0.162710
0.245449
0.118407
0.188864
0.166464
0.147862
0.194409
0.225697
0.134192
0.168956
0.160002
0.135776
0.232242
0.230879
0.202331
0.295894
0.462098
0.543457
0.504441
0.600554
0.471468
0.499611
0.540113
0.549829
0.523040
0.398952
0.265463
0.155752
0.205065
0.134265
0.154142
0.174673
0.148205
0.192997
0.141626
0.143106
0.242453
0.140852
0.194807
0.292740
0.289990
0.342466
0.467443
0.316224
0.414630
0.395833
0.292067
0.339640
0.294140
0.269645
0.289727
0.146787
0.184925
0.120734
0.122753
0.122873
0.118494
0.153488
0.173717
0.171506
0.159294
0.211021
0.282067
0.368176
0.646819
0.666171
0.758219
0.547693
0.839222
0.663480
0.633963
0.730411
0.604480
0.501795
0.291627
0.248021
0.162346
0.240417
0.173028
0.236505
0.180044
0.150806
0.190866
0.176557
0.278669
0.258260
0.245289
0.479928
0.608627
0.791272
0.684386
0.772272
1.000000
0.928966
0.978493
0.467490
0.558138
0.359906
0.272938
0.218940
0.226482
0.206951
0.183632
0.129640
0.177169
0.133565
0.128082
0.183214
0.292949
0.179790
0.373025
0.557725
0.389032
0.501357
0.405214
0.777071
0.614979
0.652805
0.579613
0.545038
0.338201
0.255341
0.239421
0.168834
0.129390
0.114765
0.132244
0.147816
0.178615
0.131283
0.179561
0.166520
0.125588
0.129002
0.258600
0.269399
0.320947
0.321486
0.278234
0.369344
0.445002
0.346568
0.406838
0.248030
0.334705
0.366565
0.275791
0.212180
0.233558
0.184439
0.179619
0.190456
0.133706
0.176340
0.163108
0.128108
0.096277
0.171015
0.115502
0.095129
0.146590
0.183621
0.168280
0.209849
0.286425
0.275089
0.247778
0.340959
0.311260
0.278664
0.214962
0.209990
0.157455
0.163664
0.201177
0.256583
0.183037
0.141740
0.208785
0.131389
0.151885
0.182832
0.306981
0.440225
0.482201
0.491810
0.557398
0.518892
0.397438
0.594022
0.621369
0.474004
0.559265
0.300793
0.257120
0.176295
0.239104
0.194320
0.204664
0.195824
0.167391
0.218728
0.154107
0.118733
0.166464
0.230451
0.163740
0.343909
0.294123
0.275226
0.383415
0.460157
0.589258
0.595968
0.550926
0.568051
0.450812
0.300127
0.242642
0.238929
0.218484
0.267344
0.152362
0.199770
0.132448
0.219663
0.126464
0.206999
0.133696
0.139981
0.393096
0.538839
0.566792
0.366719
0.695827
0.754382
0.870748
0.526417
0.690067
0.413730
0.331994
0.350941
0.257141
0.209585
0.170692
0.230047
0.163939
0.157314
0.113689
0.160999
0.136456
0.153314
0.168096
0.164381
0.165464
0.311437
0.324971
0.416592
0.444254
0.443885
0.442164
0.668906
0.468368
0.646821
0.363100
0.249654
0.240787
0.198491
0.212119
0.146644
0.167981
0.173015
0.179162
0.105403
0.169226
0.139194
0.154921
0.165736
0.295302
0.460513
0.373200
0.366938
0.429565
0.452038
0.612321
0.720586
0.456603
0.358300
0.471292
0.338235
0.223353
0.243547
0.162859
0.230116
0.124209
0.174869
0.149789
0.156852
0.126394
0.119332
0.150724
0.140525
0.200471
0.342486
0.292201
0.304014
0.338772
0.448412
0.431348
0.374852
0.493552
0.299103
0.332863
0.284367
0.171892
0.301417
0.254515
0.180828
0.225305
0.190851
0.166240
0.207166
0.152378
0.138500
0.137498
0.086007
0.162303
0.207973
0.162548
0.153696
0.244421
0.172377
0.255118
0.198337
0.308660
0.296073
0.425339
0.213454
0.216714
0.302629
0.235363
0.188973
0.208746
0.202924
0.210960
0.192808
0.206997
0.171966
0.171612
0.237394
0.303981
0.457330
0.359543
0.404971
0.557278
0.820057
0.810198
0.568292
0.475502
0.697406
0.635393
0.414809
0.282911
0.235922
0.194707
0.228669
0.251340
0.219264
0.231114
0.151863
0.220297
0.208473
0.125029
0.244579
0.262032
0.541172
0.668750
0.595316
0.770560
0.463114
0.748996
0.845832
0.814826
0.680966
0.446775
0.451119
0.289770
0.265059
0.273278
0.236082
0.164891
0.171947
0.247699
0.227017
0.226408
0.141603
0.117528
0.230703
0.244384
0.528661
0.428759
0.671419
0.788661
0.727902
0.854093
0.669939
0.810922
0.787099
0.739460
0.420628
0.332034
0.205793
0.181396
0.200796
0.246856
0.256903
0.199863
0.207364
0.207929
0.186808
0.159744
0.237986
0.313702
0.546532
0.541372
0.460500
0.714200
0.741875
0.477881
0.837053
0.519421
0.849292
0.606469
0.308031
0.317933
0.266970
0.205684
0.173001
0.199162
0.132006
0.230100
0.137917
0.165461
0.214456
0.112422
0.283947
0.233196
0.413483
0.516913
0.620217
0.526146
0.562911
0.471160
0.510799
0.488999
0.281073
0.392086
0.264098
0.199183
0.245059
0.203015
0.210768
0.135382
0.133831
0.187860
0.197707
0.111536
0.132111
0.139575
0.122057
0.175130
0.181537
0.300213
0.360904
0.447498
0.488514
0.309988
0.371294
0.357665
0.379862
0.336825
0.256299
0.184745
0.240374
0.180512
0.192450
0.212174
0.163321
0.166721
0.192261
0.146769
0.161799
0.101230
0.150751
0.177976
0.134179
0.170331
0.185160
0.192473
0.201222
0.208199
0.235712
0.228501
0.262249
0.151216
0.198236
0.182705
0.306531
0.222236
0.213716
0.244849
0.177868
0.108495
0.152513
0.102900
0.109358
0.149764
0.163853
0.195046
0.249324
0.285725
0.367584
0.332604
0.303910
0.397642
0.491756
0.516635
0.351356
0.497494
0.268049
0.210858
0.121834
0.255405
0.150953
0.223700
0.193211
0.174345
0.173577
0.141856
0.143429
0.110313
0.142124
0.247932
0.383143
0.491619
0.527964
0.626624
0.429025
0.701683
0.653827
0.520237
0.615928
0.489681
0.285253
0.209837
0.197013
0.192782
0.277304
0.173945
0.194785
0.188525
0.166367
0.134524
0.165447
0.215839
0.183982
0.222117
0.269090
0.483857
0.482662
0.414461
0.478003
0.582225
0.573119
0.671549
0.511335
0.559726
0.332236
0.243189
0.152396
0.196778
0.143308
0.146329
0.176570
0.118810
0.129865
0.119904
0.126458
0.101024
0.187192
0.199529
0.426489
0.489718
0.632080
0.493949
0.480235
0.556912
0.428739
0.685809
0.587334
0.453403
0.401305
0.280891
0.269686
0.210361
0.135042
0.169528
0.149021
0.127940
0.202950
0.155237
0.183776
0.179428
0.290535
0.457214
0.363704
0.461377
0.671465
0.586301
0.674506
0.734839
0.788687
0.605555
0.478526
0.447397
0.254460
0.163097
0.299600
0.166263
0.189779
0.166821
0.122332
0.179956
0.140915
0.124178
0.165363
0.101626
0.135605
0.121167
0.313644
0.410641
0.376359
0.459546
0.340696
0.468191
0.308821
0.436661
0.257123
0.303284
0.300285
0.274788
0.143701
0.228893
0.142429
0.225717
0.189568
0.158562
0.131455
0.180221
0.103978
0.155874
0.120064
0.125696
0.141932
0.193954
0.274560
0.232856
0.156735
0.250148
0.257798
0.226367
0.302948
0.214360
0.205687
0.175442
0.173655
0.147824
0.153682
0.186477
0.141886
0.192413
0.134184
0.145855
0.107320
0.095325
0.205101
0.238243
0.348591
0.264442
0.409002
0.447704
0.435684
0.410506
0.687071
0.518875
0.658442
0.566286
0.328878
0.335664
0.275230
0.161046
0.218972
0.174239
0.208226
0.195598
0.133352
0.179233
0.158626
0.146440
0.116621
0.294428
0.470955
0.465400
0.478047
0.644056
0.521477
0.676989
0.540570
0.466872
0.606989
0.532957
0.304871
0.296482
0.167605
0.273221
0.177188
0.136090
0.212009
0.140965
0.123945
0.167762
0.156984
0.104075
0.165906
0.293328
0.532129
0.517905
0.480526
0.512293
0.515695
0.805633
0.704839
0.748078
0.568429
0.537774
0.265388
0.327490
0.255537
0.185799
0.206506
0.138632
0.154358
0.113439
0.165734
0.198648
0.169250
0.131446
0.148615
0.272460
0.289276
0.422633
0.437721
0.555698
0.609857
0.431235
0.679818
0.440016
0.566350
0.309225
0.167561
0.190793
0.142314
0.137992
0.155691
0.149827
0.107115
0.160979
0.157666
0.099172
0.105293
0.142274
0.143072
0.144608
0.358675
0.361862
0.535138
0.337517
0.477361
0.482981
0.596978
0.376045
0.371129
0.389683
0.316505
0.201078
0.221988
0.149983
0.222793
0.147328
0.188595
0.136894
0.132773
0.136948
0.124837
0.084146
0.084717
0.106443
0.239905
0.403240
0.361491
0.357716
0.238901
0.152714
0.200357
0.193628
0.147967
0.165221
0.122911
0.127278
0.149514
0.155648
0.117362
0.165435
0.100895
0.128936
0.118478
0.118216
0.128536
0.091617
0.103783
0.099426
0.156887
0.163439
0.108786
0.159094
0.153498
0.269616
0.296685
0.203215
0.197480
0.160362
0.156207
0.159531
0.142591
0.113953
0.120822
0.122641
0.188460
0.153333
0.149187
0.131295
0.121999
0.108879
0.087413
0.283374
0.403504
0.545607
0.489508
0.418872
0.431748
0.645613
0.634558
0.581020
0.463103
0.550935
0.325223
0.168462
0.272472
0.181459
0.182028
0.167204
0.136717
0.168936
0.163702
0.174047
0.157423
0.158243
0.150505
0.251124
0.344263
0.307050
0.393779
0.396909
0.613937
0.635276
0.646041
0.681153
0.453475
0.498104
0.302433
0.283606
0.276477
0.167860
0.165809
0.231137
0.123607
0.151081
0.125462
0.185957
0.127248
0.123230
0.122446
0.229626
0.313082
0.506594
0.413142
0.357316
0.449818
0.411549
0.339523
0.493035
0.565997
0.580954
0.306846
0.233520
0.205113
0.211475
0.164856
0.161885
0.111328
0.130836
0.178477
0.204040
0.136362
0.152078
0.159401
0.257615
0.410464
0.358544
0.409488
0.499843
0.604991
0.482854
0.562143
0.759446
0.683778
0.595437
0.374890
0.271709
0.215246
0.237659
0.129067
0.219388
0.164905
0.166699
0.193288
0.201556
0.151273
0.126114
0.196929
0.346320
0.278294
0.511510
0.452289
0.567613
0.522341
0.422211
0.392811
0.532519
0.415453
0.342398
0.210097
0.199174
0.198944
0.128774
0.189717
0.151580
0.142300
0.208756
0.169697
0.138165
0.133624
0.152387
0.144492
0.126199
0.264306
0.369575
0.283287
0.261270
0.397183
0.270975
0.263187
0.465415
0.265715
0.257697
0.166270
0.215362
0.217364
0.173878
0.175042
0.173494
0.115281
0.207612
0.144866
0.128267
0.124965
0.166175
0.100457
0.126789
0.190698
0.111137
0.180308
0.110776
0.177911
0.191329
0.167658
0.165559
0.233009
0.161058
0.170244
0.173176
0.209477
0.205222
0.207699
0.104479
0.134372
0.182531
0.183666
0.196582
0.153389
0.115964
0.129827
0.217044
0.445354
0.390094
0.592636
0.440165
0.382216
0.394467
0.567780
0.617019
0.741659
0.304064
0.385557
0.318182
0.232739
0.172000
0.252905
0.192966
0.189579
0.136845
0.167074
0.121077
0.205453
0.163912
0.110185
0.292054
0.425889
0.444069
0.485551
0.421717
0.443708
0.563830
0.440259
0.621206
0.594850
0.409077
0.233808
0.131452
0.152109
0.173867
0.140306
0.148719
0.121219
0.177383
0.184706
0.111840
0.086966
0.232233
0.175155
0.172369
0.297354
0.437978
0.342520
0.412361
0.499766
0.509804
0.385795
0.518385
0.339963
0.538509
0.202242
0.186034
0.177773
0.128527
0.158205
0.152455
0.149370
0.123513
0.189939
0.181135
0.123157
0.266651
0.146322
0.214073
0.469363
0.436058
0.408525
0.491262
0.435500
0.547533
0.636343
0.560746
0.675625
0.572504
0.267071
0.230574
0.208367
0.180156
0.129440
0.148850
0.145126
0.091499
0.156034
0.141887
0.142497
0.167580
0.197059
0.175576
0.325603
0.279883
0.349201
0.607280
0.364287
0.414593
0.675726
0.566167
0.449535
0.256194
0.192583
0.231070
0.182081
0.181673
0.196341
0.121436
0.170899
0.173203
0.131744
0.115681
0.147210
0.133850
0.145469
0.188006
0.217460
0.227843
0.262073
0.407805
0.290884
0.318931
0.378832
0.257131
0.293000
0.310848
0.279639
0.232108
0.278716
0.139569
0.157758
0.158307
0.211843
0.118186
0.126430
0.149778
0.100942
0.169599
0.130942
0.124909
0.147147
0.127202
0.176071
0.195175
0.135169
0.282982
0.250931
0.216221
0.294192
0.198306
0.312907
0.300546
0.208320
0.238585
0.186620
0.247783
0.228132
0.218020
0.204832
0.206890
0.235219
0.321297
0.226130
0.236334
0.311993
0.515740
0.576450
0.397875
0.474688
0.370138
0.548073
0.453259
0.241914
0.194131
0.098015
0.119918
0.196240
0.119432
0.152691
0.129575
0.133231
0.159994
0.136612
0.142445
0.123499
0.162486
0.175370
0.247936
0.276670
0.453998
0.317863
0.569768
0.549386
0.566186
0.595032
0.582169
0.770484
0.466108
0.238916
0.209932
0.157784
0.258965
0.187936
0.225205
0.153199
0.100572
0.159611
0.099344
0.184767
0.102209
0.088274
0.230994
0.292934
0.392560
0.447157
0.422650
0.479452
0.364729
0.515619
0.391839
0.463282
0.615343
0.250136
0.297481
0.214701
0.151251
0.118559
0.143492
0.128138
0.150582
0.126575
0.159925
0.156874
0.128329
0.156396
0.219122
0.385780
0.538151
0.360219
0.302783
0.481183
0.329410
0.601834
0.495963
0.340891
0.201428
0.139330
0.173067
0.193720
0.120177
0.158025
0.132122
0.152476
0.116585
0.108451
0.115073
0.144859
0.192590
0.176763
0.250697
0.379072
0.490993
0.582801
0.523711
0.567261
0.571426
0.475139
0.487800
0.339662
0.318289
0.176961
0.261371
0.195395
0.122456
0.190054
0.201437
0.200608
0.172873
0.134931
0.128497
0.123013
0.152098
0.092243
0.158937
0.214474
0.194481
0.250515
0.354994
0.257394
0.280424
0.161455
0.272509
0.190140
0.163649
0.141567
0.134395
0.175196
0.097071
0.169421
0.106023
0.112054
0.120508
0.166680
0.172296
0.145122
0.165330
0.077920
0.096309
0.138316
0.108621
0.092346
0.122184
0.149690
0.172314
0.152379
0.153713
0.172509
0.244479
0.202206
0.132348
0.139079
0.191625
0.173625
0.158140
0.199483
0.112651
0.130413
0.137843
0.155456
0.192556
0.136868
0.316445
0.388728
0.310316
0.591398
0.248669
0.389303
0.382812
0.533413
0.657755
0.282467
0.381952
0.238464
0.132864
0.219092
0.105203
0.120618
0.097927
0.166587
0.155497
0.129307
0.111867
0.146614
0.106400
0.134319
0.320943
0.287826
0.405053
0.542892
0.488656
0.569051
0.587734
0.525292
0.410775
0.566954
0.468232
0.400465
0.277218
0.169946
0.175260
0.130860
0.154134
0.152687
0.162181
0.110474
0.124537
0.145972
0.138651
0.179935
0.189332
0.414406
0.457197
0.591283
0.454993
0.450531
0.549595
0.622245
0.636973
0.503000
0.326258
0.296505
0.269347
0.171710
0.189796
0.127892
0.178006
0.132121
0.167576
0.201589
0.186884
0.131342
0.210425
0.132887
0.304457
0.426830
0.318285
0.304943
0.339803
0.475974
0.426457
0.614704
0.371452
0.466527
0.356600
0.300324
0.200999
0.150166
0.163070
0.131024
0.143159
0.143625
0.137551
0.144544
0.092832
0.166085
0.137265
0.180420
0.153391
0.263131
0.453436
0.407281
0.453897
0.361879
0.540981
0.442185
0.386088
0.381205
0.266948
0.230254
0.172895
0.158450
0.137667
0.182133
0.112961
0.122693
0.141671
0.193640
0.112417
0.090213
0.131487
0.145258
0.193258
0.200791
0.228359
0.246390
0.187602
0.183360
0.328086
0.223360
0.335649
0.284910
0.246838
0.233480
0.138581
0.178825
0.188640
0.189991
0.180092
0.123309
0.141395
0.158104
0.143687
0.168297
0.132193
0.118159
0.127228
0.153102
0.119892
0.143377
0.163330
0.135406
0.168927
0.278848
0.227481
0.207149
0.174834
0.264515
0.277903
0.144727
0.174213
0.113974
0.128982
0.113903
0.188400
0.173771
0.133160
0.133264
0.305244
0.242265
0.170767
0.234007
0.260425
0.276404
0.316473
0.202957
0.224707
0.333556
0.332665
0.376590
0.283130
0.162504
0.166593
0.133011
0.097035
0.105370
0.089681
0.130264
0.175808
0.148992
0.142212
0.152791
0.140532
0.128748
0.242716
0.230606
0.421986
0.419227
0.484940
0.488323
0.562145
0.707408
0.465213
0.350130
0.163323
0.120624
0.170116
0.127328
0.134568
0.137586
0.084269
0.126732
0.102188
0.128043
0.104594
0.093945
0.185395
0.079465
0.167818
0.298416
0.338724
0.485986
0.525693
0.382791
0.561225
0.367546
0.382236
0.566053
0.345874
0.219617
0.215052
0.168198
0.175846
0.104977
0.117321
0.141259
0.188920
0.166978
0.112388
0.147509
0.163386
0.092429
0.221643
0.290364
0.250822
0.451418
0.497101
0.423232
0.440212
0.621856
0.527784
0.550238
0.341755
0.234540
0.159158
0.104110
0.136056
0.138850
0.110958
0.106692
0.202011
0.104787
0.127799
0.145023
0.245766
0.089291
0.208646
0.488449
0.512314
0.409825
0.370968
0.686830
0.727692
0.698704
0.446505
0.344871
0.396705
0.244960
0.190738
0.167817
0.215713
0.169739
0.167634
0.146919
0.132377
0.102215
0.126075
0.115693
0.131619
0.130720
0.176722
0.166563
0.295373
0.267156
0.346047
0.434530
0.186263
0.318013
0.386939
0.243941
0.230885
0.163215
0.150658
0.132022
0.191749
0.142646
0.203721
0.200535
0.218843
0.148973
0.179636
0.203881
0.189993
0.142266
0.096517
0.134783
0.113950
0.128254
0.167966
0.189418
0.207227
0.242951
0.167700
0.257946
0.137325
0.187802
0.149447
0.194381
0.144416
0.124060
0.153849
0.116638
0.225213
0.157630
0.156970
0.163969
0.250423
0.122456
0.206824
0.263796
0.262312
0.456945
0.433144
0.449903
0.655075
0.790317
0.710616
0.577909
0.421772
0.286494
0.159476
0.210339
0.167694
0.180636
0.125382
0.168553
0.167820
0.107118
0.131831
0.142338
0.241152
0.107980
0.245051
0.414813
0.443832
0.391334
0.483051
0.399085
0.495536
0.798325
0.701669
0.354521
0.671577
0.406172
0.245225
0.179510
0.156098
0.292742
0.140660
0.219038
0.170691
0.229368
0.203926
0.198924
0.148564
0.180824
0.239515
0.560663
0.360923
0.561171
0.547065
0.559561
0.626264
0.804581
0.793879
0.560616
0.460080
0.188951
0.301275
0.205932
0.240772
0.155371
0.149560
0.153334
0.115176
0.161865
0.119444
0.118418
0.334304
0.214717
0.176200
0.400162
0.589337
0.336401
0.507560
0.673189
0.657397
0.450465
0.706798
0.626470
0.455743
0.398795
0.229919
0.166737
0.218079
0.191361
0.158548
0.151674
0.142640
0.156516
0.131731
0.110642
0.216341
0.189786
0.371316
0.316999
0.446102
0.378145
0.396137
0.802473
0.439171
0.572957
0.586348
0.336948
0.327177
0.289280
0.232023
0.172805
0.174728
0.134732
0.132027
0.153388
0.189729
0.140453
0.229903
0.123281
0.131058
0.156762
0.217234
0.166360
0.331459
0.232317
0.258854
0.332737
0.311684
0.292583
0.188801
0.183242
0.144870
0.138750
0.102770
0.099570
0.120550
0.086293
0.115340
0.120240
0.088967
0.154953
0.153412
0.086781
0.119607
0.079216
0.093318
0.099870
0.078339
0.087608
0.093117
0.105531
0.088563
0.148947
0.185892
0.112455
0.160564
0.141215
0.147645
0.193575
0.118106
0.107710
0.144363
0.096068
0.133273
0.133558
0.126589
0.148899
0.163146
0.189917
0.303667
0.429422
0.425139
0.451447
0.352608
0.382884
0.516925
0.438780
0.413494
0.244919
0.223761
0.180502
0.157020
0.115241
0.117186
0.116215
0.090956
0.139926
0.124740
0.144805
0.147405
0.169484
0.141407
0.156839
0.141133
0.314126
0.427801
0.390851
0.314139
0.568323
0.494074
0.507155
0.570629
0.423268
0.500607
0.289814
0.256672
0.189736
0.151288
0.120247
0.210651
0.128900
0.137789
0.130966
0.218763
0.151981
0.226054
0.091686
0.271462
0.340854
0.308850
0.540927
0.386204
0.653717
0.582223
0.474181
0.673572
0.480644
0.433931
0.284057
0.249054
0.173348
0.178414
0.166472
0.084057
0.147902
0.153866
0.088155
0.196311
0.120940
0.175750
0.122541
0.266218
0.393404
0.255694
0.388405
0.411662
0.458185
0.682471
0.748421
0.757349
0.515040
0.304550
0.187651
0.194152
0.168191
0.156981
0.144468
0.119128
0.220612
0.183744
0.188918
0.111041
0.187937
0.337890
0.235383
0.361826
0.513449
0.388738
0.457547
0.510791
0.627003
0.721589
0.582461
0.440343
0.380683
0.311699
0.280081
0.201249
0.136276
0.147053
0.199949
0.135066
0.184609
0.179527
0.186277
0.182498
0.200284
0.122590
0.115616
0.166485
0.208306
0.347736
0.219567
0.397015
0.436811
0.369301
0.254491
0.237772
0.232766
0.251974
0.182447
0.183944
0.163675
0.171350
0.220836
0.200442
0.182666
0.199292
0.118898
0.164224
0.120610
0.183282
0.093367
0.125553
0.129983
0.144365
0.201483
0.133501
0.240136
0.270689
0.198265
0.239933
0.215805
0.187463
0.225888
0.181034
0.195914
0.238085
0.157044
0.122978
0.145317
0.151319
0.163841
0.157832
0.125516
0.247630
0.150984
0.256171
0.513404
0.404211
0.506356
0.461522
0.449304
0.670715
0.385920
0.487062
0.229427
0.196318
0.217024
0.099636
0.093199
0.094404
0.107846
0.144718
0.105782
0.141318
0.156468
0.131348
0.146505
0.164843
0.159453
0.192511
0.249776
0.410583
0.240839
0.255253
0.359903
0.253548
0.243389
0.249906
0.351545
0.296431
0.187551
0.105017
0.132299
0.210454
0.138660
0.132950
0.127285
0.124734
0.094891
0.110419
0.096693
0.125903
0.111951
0.166623
0.260650
0.224989
0.224680
0.254941
0.385116
0.418751
0.369696
0.652377
0.407740
0.379796
0.132361
0.160039
0.150822
0.140283
0.100213
0.085891
0.087286
0.186588
0.098093
0.077954
0.089984
0.128293
0.080508
0.121609
0.179431
0.237513
0.371298
0.233243
0.467782
0.302268
0.484444
0.403084
0.363514
0.274325
0.214410
0.193020
0.092795
0.154458
0.144868
0.110922
0.113151
0.089524
0.114398
0.110638
0.165046
0.128471
0.087476
0.121394
0.234113
0.252117
0.251087
0.287639
0.377106
0.305509
0.385476
0.301695
0.360323
0.271028
0.121226
0.163965
0.138732
0.087799
0.105693
0.069786
0.128741
0.093731
0.114037
0.101546
0.095360
0.097304
0.068347
0.137426
0.167674
0.282073
0.215454
0.253064
0.160068
0.147483
0.206405
0.194838
0.248854
0.164071
0.136561
0.115422
0.123540
0.137194
0.104161
0.080779
0.137765
0.123229
0.200027
0.195213
0.120929
0.142607
0.139282
0.133465
0.094933
0.114673
0.160897
0.147711
0.192226
0.170399
0.113584
0.122837
0.163778
0.130367
0.185220
0.182257
0.183712
0.144937
0.109722
0.164678
0.152269
0.147452
0.122117
0.147250
0.180597
0.174807
0.146852
0.262697
0.404682
0.462592
0.427589
0.243832
0.356181
0.246326
0.273987
0.503768
0.400426
0.246134
0.178414
0.171394
0.141344
0.187259
0.154654
0.104243
0.104016
0.108889
0.157542
0.153383
0.163127
0.148454
0.155291
0.310438
0.253284
0.456796
0.492517
0.516714
0.542188
0.438027
0.387403
0.335642
0.367309
0.405441
0.223563
0.195579
0.175758
0.167817
0.126797
0.116089
0.102525
0.106703
0.130475
0.097709
0.111012
0.088339
0.117585
0.155648
0.247934
0.437315
0.375136
0.442207
0.561602
0.517589
0.492799
0.669628
0.430504
0.282935
0.255547
0.124471
0.131599
0.121389
0.099352
0.192964
0.124375
0.129888
0.174358
0.101807
0.100454
0.142936
0.097539
0.223742
0.390738
0.476091
0.384264
0.331314
0.331423
0.444232
0.548257
0.313780
0.391811
0.415867
0.159602
0.124396
0.108207
0.132549
0.080207
0.126389
0.137254
0.150249
0.155123
0.083890
0.148717
0.131763
0.135122
0.246656
0.320894
0.202917
0.317210
0.509074
0.535745
0.540403
0.347910
0.338875
0.221184
0.209416
0.122404
0.095887
0.108489
0.105726
0.085755
0.126156
0.085705
0.117013
0.116201
0.163430
0.152602
0.119929
0.109489
0.102868
0.277509
0.330221
0.281403
0.254014
0.299542
0.267323
0.170140
0.230091
0.108317
0.207458
0.115964
0.128228
0.147012
0.105059
0.088877
0.111805
0.140701
0.095639
0.124409
0.151412
0.089873
0.141737
0.139021
0.114282
0.113893
0.091397
0.131539
0.099173
0.110432
0.119769
0.105515
0.143197
0.095853
0.138560
0.232116
0.178987
0.119118
0.149038
0.083742
0.151963
0.143788
0.096546
0.102414
0.147177
0.117177
0.094026
0.104360
0.192450
0.209415
0.336300
0.330510
0.277997
0.320294
0.471987
0.392089
0.336698
0.268694
0.329786
0.173704
0.189502
0.204319
0.141796
0.152762
0.096217
0.093024
0.181419
0.126610
0.128488
0.092533
0.117562
0.203544
0.181862
0.266797
0.508053
0.460742
0.254581
0.287044
0.423883
0.451592
0.244528
0.392032
0.421161
0.254889
0.095672
0.141292
0.165877
0.166927
0.156987
0.131050
0.115136
0.114805
0.147015
0.147699
0.100732
0.180972
0.228798
0.381270
0.414926
0.451502
0.404979
0.366967
0.536958
0.628964
0.510168
0.418739
0.262187
0.221958
0.208326
0.164010
0.201490
0.111456
0.166016
0.143806
0.123395
0.135778
0.186237
0.172155
0.119452
0.166106
0.163363
0.333857
0.350199
0.283091
0.384856
0.377122
0.333152
0.438403
0.432552
0.377096
0.279719
0.120462
0.155098
0.147198
0.116220
0.192496
0.128952
0.154839
0.103039
0.198156
0.129752
0.177049
0.137902
0.120128
0.247887
0.325976
0.338307
0.390897
0.390070
0.421152
0.459316
0.372084
0.440081
0.374333
0.310177
0.176506
0.116201
0.134974
0.134594
0.220947
0.150059
0.163424
0.100982
0.107915
0.127660
0.149819
0.107146
0.128764
0.106879
0.245686
0.198911
0.299532
0.231691
0.248477
0.233375
0.207024
0.164202
0.245274
0.290378
0.136318
0.155928
0.107178
0.212219
0.135584
0.193381
0.108826
0.127558
0.121486
0.131060
0.114770
0.123144
0.096645
0.120689
0.100899
0.099348
0.119367
0.152372
0.100411
0.103525
0.090251
0.129864
0.103272
0.091894
0.142758
0.150479
0.126857
0.166012
0.093506
0.138468
0.147820
0.172495
0.121285
0.163331
0.100902
0.149283
0.140939
0.200979
0.225234
0.368832
0.212901
0.351187
0.416583
0.554409
0.562313
0.346086
0.530807
0.289167
0.152190
0.099948
0.140177
0.121831
0.134234
0.172201
0.190839
0.137649
0.169605
0.177728
0.111280
0.149268
0.166186
0.211328
0.293824
0.284568
0.301028
0.354365
0.521030
0.500666
0.388324
0.331235
0.536735
0.380079
0.297339
0.136084
0.158182
0.121595
0.158203
0.143130
0.210914
0.155961
0.177261
0.117985
0.149246
0.109292
0.185670
0.161161
0.249784
0.366318
0.262602
0.417037
0.549858
0.339588
0.552231
0.469566
0.386341
0.338593
0.356533
0.170820
0.198001
0.190462
0.110525
0.148297
0.144643
0.161675
0.199955
0.110776
0.159314
0.131750
0.122171
0.172606
0.235568
0.317308
0.255516
0.426788
0.511373
0.562343
0.626115
0.473598
0.409212
0.313139
0.212677
0.239392
0.160182
0.288753
0.183167
0.138145
0.155526
0.145379
0.186890
0.136154
0.161892
0.100660
0.160488
0.188089
0.320475
0.536477
0.458095
0.445928
0.383438
0.612189
0.623154
0.355635
0.258736
0.216953
0.157760
0.154492
0.193094
0.157909
0.156747
0.155214
0.169746
0.112813
0.216812
0.176076
0.121248
0.149027
0.118358
0.181528
0.169035
0.329170
0.363103
0.300142
0.359476
0.230274
0.303299
0.322247
0.141227
0.131919
0.110232
0.160081
0.190463
0.131776
0.144724
0.110740
0.142137
0.150345
0.184267
0.172035
0.143745
0.126313
0.165928
0.129023
0.102254
0.092699
0.139443
0.141811
0.173365
0.125308
0.126584
0.093078
0.118026
0.101511
0.150399
0.161429
0.109232
0.157958
0.118561
0.117830
0.172427
0.175152
0.140918
0.106725
0.128080
0.126521
0.206157
0.167978
0.330787
0.214359
0.279240
0.504838
0.621751
0.543795
0.489559
0.513268
0.279634
0.306518
0.163164
0.190061
0.145834
0.117263
0.176721
0.115956
0.105168
0.167563
0.172170
0.154584
0.131853
0.121765
0.231181
0.216804
0.267059
0.394028
0.285542
0.230080
0.397818
0.355076
0.297836
0.308850
0.307321
0.236673
0.145225
0.190192
0.171046
0.103316
0.170083
0.148886
0.107721
0.129685
0.122366
0.195668
0.198701
0.117151
0.215504
0.233642
0.430664
0.276098
0.387666
0.340540
0.264785
0.256102
0.329953
0.372278
0.365671
0.378817
0.297195
0.135286
0.202714
0.112274
0.136678
0.178881
0.133605
0.122787
0.133839
0.158297
0.108341
0.116140
0.184328
0.182312
0.427319
0.270679
0.248469
0.260577
0.391266
0.420582
0.445633
0.384135
0.491803
0.327065
0.194102
0.133284
0.140444
0.140204
0.127918
0.162460
0.154457
0.172854
0.137505
0.144535
0.145000
0.207167
0.150219
0.352156
0.437868
0.444586
0.449897
0.381050
0.486000
0.436723
0.335274
0.381111
0.446524
0.233663
0.207420
0.169083
0.147476
0.157189
0.151572
0.149806
0.135233
0.150871
0.168028
0.163556
0.175296
0.168403
0.164156
0.195445
0.189292
0.353766
0.259917
0.345575
0.334714
0.237578
0.236292
0.176204
0.148442
0.151280
0.158625
0.182101
0.204474
0.181355
0.242746
0.209193
0.204570
0.227142
0.204613
0.174084
0.142545
0.210470
0.114865
0.112210
0.174246
0.125629
0.153145
0.149456
0.169514
0.139210
0.093174
0.161168
0.118160
0.173338
0.181056
0.142521
0.178537
0.188375
0.121114
0.184543
0.178418
0.171477
0.191373
0.154192
0.185343
0.171393
0.153682
0.183133
0.368496
0.416101
0.302278
0.404566
0.413868
0.611494
0.383869
0.405148
0.364824
0.218604
0.192672
0.141809
0.211961
0.173219
0.253122
0.183348
0.223387
0.142994
0.222432
0.176942
0.231297
0.125358
0.259830
0.273458
0.334911
0.286688
0.275524
0.419208
0.431447
0.344869
0.444621
0.413799
0.374389
0.228703
0.140012
0.193498
0.146776
0.245753
0.161869
0.231023
0.131339
0.206606
0.195474
0.171133
0.146110
0.189453
0.128583
0.252866
0.376117
0.351643
0.244356
0.242602
0.416371
0.286944
0.440780
0.379689
0.378120
0.435395
0.326149
0.154516
0.149437
0.209634
0.166420
0.183558
0.123402
0.185217
0.218646
0.196284
0.158699
0.187206
0.144355
0.270040
0.410284
0.332846
0.429362
0.363933
0.385456
0.341670
0.369586
0.468701
0.407897
0.316130
0.140968
0.125462
0.133104
0.158852
0.230703
0.143086
0.124726
0.125238
0.207588
0.170008
0.138607
0.204641
0.194800
0.230614
0.378302
0.392051
0.263156
0.346543
0.367895
0.333109
0.361953
0.439375
0.329422
0.212446
0.200889
0.125522
0.140521
0.128668
0.160017
0.129619
0.120948
0.212988
0.131443
0.160451
0.228094
0.163071
0.144466
0.127707
0.355306
0.244754
0.244132
0.255301
0.221465
0.233405
0.295528
0.145796
0.206702
0.187543
0.163120
0.123507
0.139525
0.161119
0.118182
0.208142
0.189875
0.140015
0.155721
0.148503
0.145676
0.145192
0.157389
0.144839
0.185561
0.186555
0.170991
0.159991
0.149945
0.114171
0.168882
0.144866
0.137828
0.272084
0.162567
0.258867
0.189286
0.207043
0.157456
0.225770
0.207581
0.173137
0.221377
0.144529
0.175197
0.247434
0.189060
0.137789
0.296143
0.370999
0.261603
0.216918
0.429986
0.332763
0.358863
0.442536
0.426147
0.411526
0.207586
0.126020
0.183179
0.168873
0.161386
0.139337
0.210239
0.201107
0.252017
0.155570
0.205068
0.149247
0.174145
0.156327
0.272109
0.418297
0.410221
0.342652
0.312263
0.314506
0.401076
0.470601
0.474239
0.359780
0.375876
0.184881
0.167882
0.242419
0.210929
0.155258
0.232072
0.220122
0.162430
0.213519
0.189016
0.205746
0.184504
0.260579
0.318466
0.416226
0.348623
0.445570
0.444906
0.410254
0.367123
0.262840
0.469523
0.410636
0.361454
0.290626
0.152988
0.161514
0.169969
0.160776
0.177050
0.182472
0.210704
0.161606
0.231078
0.139755
0.201168
0.184425
0.336141
0.373748
0.373785
0.272801
0.265081
0.573118
0.419033
0.333775
0.413969
0.353583
0.388788
0.139781
0.237410
0.147579
0.214030
0.178500
0.233184
0.210389
0.170717
0.238919
0.226259
0.170275
0.197351
0.175152
0.337207
0.550446
0.377972
0.413351
0.421997
0.311589
0.571394
0.384040
0.320989
0.212318
0.207124
0.198121
0.205795
0.174143
0.146092
0.173215
0.252122
0.176342
0.181859
0.199430
0.207424
0.212079
0.221260
0.189171
0.210556
0.257306
0.218903
0.207558
0.255220
0.242791
0.211925
0.180159
0.249494
0.178133
0.137616
0.229115
0.127949
0.188464
0.140095
0.144633
0.182733
0.208699
0.211526
0.206117
0.218505
0.145273
0.150665
0.188674
0.120520
0.174320
0.102553
0.148535
0.155064
0.117077
0.182196
0.129809
0.093959
0.139308
0.197176
0.150774
0.196106
0.194360
0.137795
0.161188
0.250316
0.214263
0.156367
0.149219
0.125420
0.127873
0.156855
0.217776
0.203590
0.448257
0.448100
0.250016
0.433523
0.329977
0.474330
0.439376
0.513813
0.374261
0.234926
0.262743
0.195639
0.145005
0.186188
0.165873
0.192511
0.157276
0.183344
0.176741
0.169419
0.176748
0.190526
0.172743
0.292739
0.280318
0.261436
0.269142
0.339142
0.308589
0.390882
0.523674
0.438494
0.385435
0.307113
0.220759
0.173692
0.186550
0.192077
0.142723
0.157324
0.199918
0.177413
0.184783
0.158163
0.164313
0.180396
0.129067
0.203265
0.376881
0.378621
0.505635
0.475469
0.462359
0.364613
0.340422
0.371461
0.386909
0.468167
0.296281
0.206295
0.143335
0.228947
0.140136
0.133853
0.209466
0.202306
0.141730
0.211438
0.152283
0.169124
0.135740
0.290182
0.334138
0.372223
0.336953
0.329412
0.440245
0.298708
0.335899
0.327621
0.469211
0.450371
0.309009
0.266785
0.128894
0.157708
0.197514
0.214723
0.170879
0.148327
0.200592
0.167284
0.181106
0.133432
0.148740
0.212329
0.347533
0.433552
0.359069
0.245660
0.397991
0.322298
0.418572
0.430570
0.263438
0.230401
0.187346
0.143625
0.125312
0.107542
0.187612
0.240399
0.144630
0.171366
0.190318
0.126760
0.113883
0.203744
0.194637
0.201286
0.274823
0.248445
0.393462
0.282693
0.258771
0.208525
0.218565
0.153313
0.162057
0.249159
0.167675
0.185756
0.243650
0.242636
0.162359
0.127826
0.207820
0.159883
0.229600
0.188206
0.168076
0.231655
0.156460
0.201747
0.101185
0.116027
0.114001
0.149207
0.127140
0.123696
0.170507
0.152591
0.229168
0.248305
0.198395
0.199846
0.138653
0.170642
0.130091
0.176190
0.149714
0.207537
0.145107
0.235981
0.179779
0.239946
0.205264
0.273568
0.373657
0.417763
0.278152
0.359392
0.426085
0.531090
0.420232
0.482614
0.437793
0.346967
0.256492
0.192190
0.155831
0.150344
0.127382
0.132448
0.195189
0.187015
0.269599
0.176915
0.174560
0.153245
0.254744
0.251885
0.442214
0.454485
0.261464
0.348922
0.396751
0.444191
0.493996
0.417438
0.409868
0.374500
0.153739
0.273407
0.193624
0.153575
0.215968
0.174446
0.200510
0.136258
0.237277
0.178526
0.159623
0.244256
0.194525
0.231822
0.302471
0.428921
0.320499
0.252168
0.485824
0.454208
0.434569
0.301654
0.204225
0.243371
0.155769
0.166646
0.195877
0.178752
0.216034
0.208990
0.161315
0.170464
0.149074
0.202299
0.166488
0.153671
0.138198
0.150086
0.233373
0.156029
0.183908
0.125605
0.154848
0.109387
0.158638
0.157758
0.177282
0.133606
0.181402
0.171473
0.221026
0.161712
0.166735
0.165856
0.170288
0.138048
0.195683
0.179516
0.152513
0.179682
0.208191
0.209282
0.233701
0.060372
0.260244
0.267813
0.260498
0.283879
0.265333
0.268029
0.242178
0.269605
0.319633
0.231114
0.107565
0.179276
0.209379
0.127021
0.125765
0.129694
0.228559
0.247409
0.198059
0.215214
0.123705
0.138503
0.301471
0.254795
0.357111
0.286211
0.352497
0.254660
0.232764
0.198492
0.213432
0.167089
0.236900
0.165115
0.215505
0.155905
0.148957
0.188596
0.150147
0.200648
0.159178
0.219777
0.156812
0.184805
0.189471
0.187613
0.123062
0.140167
0.266177
0.253148
0.263873
0.166470
0.189595
0.145507
0.235503
0.262067
0.173366
0.232021
0.131720
0.232315
0.220560
0.228213
0.198297
0.272888
0.222467
0.148306
0.158333
0.255438
0.181025
0.227740
0.395456
0.300952
0.281885
0.422941
0.259649
0.355383
0.349791
0.362530
0.445489
0.307919
0.221815
0.201196
0.150645
0.172014
0.114014
0.141970
0.137043
0.119428
0.164983
0.208237
0.221756
0.172242
0.143465
0.262221
0.238424
0.470127
0.393493
0.341969
0.146626
0.173268
0.454124
0.352341
0.238447
0.312074
0.254042
0.141098
0.208894
0.148633
0.128816
0.217594
0.160683
0.228792
0.157737
0.225163
0.176884
0.159537
0.213948
0.273193
0.364989
0.292748
0.302224
0.325306
0.462446
0.460357
0.399755
0.345596
0.363647
0.238971
0.336362
0.228201
0.153903
0.180007
0.222717
0.172676
0.194965
0.206357
0.240694
0.216871
0.171174
0.136655
0.249625
0.232611
0.272553
0.479606
0.242061
0.321212
0.464877
0.326400
0.317252
0.445850
0.375529
0.324280
0.136168
0.198741
0.216667
0.137686
0.144433
0.219550
0.181845
0.151927
0.214870
0.128181
0.183851
0.214030
0.364287
0.463235
0.352148
0.444550
0.460332
0.402394
0.453669
0.473867
0.498570
0.349282
0.380019
0.272063
0.176106
0.204160
0.210131
0.172323
0.136468
0.135158
0.227891
0.121978
0.208325
0.177741
0.162042
0.149530
0.160367
0.254365
0.323925
0.303368
0.244475
0.364119
0.339863
0.145138
0.221426
0.279836
0.210041
0.201458
0.216051
0.175449
0.131350
0.138220
0.161446
0.134579
0.244913
0.212343
0.219700
0.208559
0.156592
0.191362
0.239781
0.171612
0.193545
0.168814
0.158986
0.171426
0.161310
0.118436
0.121876
0.161674
0.220137
0.200235
0.153906
0.178872
0.135703
0.159400
0.108746
0.115878
0.176325
0.143295
0.172885
0.139617
0.159891
0.208317
0.134064
0.323547
0.412396
0.364564
0.349570
0.403388
0.323579
0.350876
0.504930
0.293119
0.489799
0.281707
0.157208
0.175024
0.129848
0.162193
0.246981
0.171005
0.132979
0.253022
0.179078
0.210512
0.177570
0.243181
0.239235
0.205264
0.288154
0.266189
0.512915
0.467241
0.470997
0.440337
0.356693
0.419216
0.465024
0.309160
0.284246
0.232116
0.293112
0.342462
0.198713
0.190024
0.179087
0.216184
0.254896
0.250003
0.172483
0.139453
0.166597
0.179814
0.492044
0.342499
0.279085
0.315823
0.523351
0.403465
0.360037
0.357557
0.524731
0.398002
0.346048
0.219257
0.237784
0.191659
0.239392
0.283117
0.227350
0.225108
0.289903
0.158432
0.274514
0.289320
0.280267
0.225683
0.507606
0.485011
0.321972
0.387992
0.330740
0.407984
0.366653
0.427830
0.308845
0.314925
0.216660
0.206641
0.140527
0.199166
0.272716
0.237583
0.258276
0.180644
0.184300
0.201125
0.215428
0.277715
0.202729
0.279464
0.476776
0.425560
0.412393
0.441338
0.379456
0.305288
0.563141
0.372998
0.244444
0.202165
0.237723
0.178191
0.188943
0.178276
0.211208
0.168475
0.195989
0.186242
0.162138
0.209777
0.195863
0.176596
0.289907
0.249534
0.228940
0.308732
0.456976
0.346603
0.378463
0.169623
0.318656
0.311000
0.224464
0.254535
0.163068
0.193140
0.149059
0.202486
0.205330
0.245932
0.243152
0.254457
0.218840
0.173768
0.252750
0.149832
0.182106
0.208437
0.155273
0.149786
0.126274
0.125450
0.181174
0.124992
0.115027
0.122675
0.120787
0.255409
0.156682
0.122794
0.144438
0.157942
0.139356
0.194829
0.185498
0.140461
0.200483
0.209389
0.210187
0.144681
0.204331
0.271346
0.282943
0.348715
0.446796
0.465934
0.377097
0.464756
0.385649
0.477827
0.367131
0.260275
0.289221
0.255529
0.202437
0.263357
0.165418
0.235469
0.261292
0.163234
0.199898
0.204912
0.229597
0.246991
0.306970
0.353819
0.386516
0.316693
0.362118
0.334323
0.350034
0.351078
0.444014
0.571073
0.331294
0.280904
0.303229
0.224538
0.175024
0.211199
0.207309
0.199610
0.237798
0.186496
0.153434
0.197325
0.189339
0.264378
0.184645
0.211787
0.420444
0.431931
0.255449
0.292055
0.430114
0.323863
0.335473
0.387327
0.301330
0.318095
0.234094
0.329016
0.163834
0.204880
0.200645
0.202936
0.147438
0.160839
0.140439
0.176229
0.151672
0.172993
0.157857
0.254100
0.476451
0.442160
0.255445
0.356818
0.465007
0.369614
0.425019
0.503019
0.276079
0.241285
0.162999
0.225934
0.131041
0.162652
0.187355
0.159755
0.221911
0.183514
0.266088
0.219955
0.180760
0.237746
0.226770
0.458265
0.350323
0.410839
0.360502
0.449606
0.308181
0.447946
0.309510
0.464770
0.364148
0.234720
0.169242
0.195122
0.192631
0.189610
0.163314
0.194357
0.145182
0.214602
0.217124
0.310929
0.144757
0.125213
0.149918
0.166591
0.273786
0.358558
0.403606
0.209584
0.273101
0.192415
0.246397
0.210967
0.141103
0.146471
0.175908
0.158449
0.228925
0.223138
0.218905
0.212353
0.271486
0.176996
0.238399
0.237322
0.219401
0.131296
0.153575
0.190958
0.228364
0.121339
0.130814
0.117115
0.206035
0.246721
0.152890
0.140367
0.191820
0.258523
0.214683
0.153697
0.153678
0.228828
0.216801
0.190217
0.273958
0.252568
0.187445
0.228764
0.242101
0.270910
0.248963
0.251352
0.321433
0.509541
0.374747
0.427956
0.380769
0.371169
0.416725
0.408572
0.343018
0.285405
0.212172
0.134039
0.223421
0.229963
0.222796
0.221179
0.171950
0.170786
0.130462
0.175791
0.203203
0.204709
0.271680
0.243506
0.349302
0.319738
0.381335
0.384832
0.287376
0.290484
0.394847
0.472437
0.378736
0.416342
0.332898
0.144926
0.221063
0.146370
0.150755
0.229318
0.197854
0.209315
0.199285
0.162202
0.157563
0.207177
0.244714
0.315292
0.332925
0.478586
0.398036
0.307837
0.386687
0.398378
0.493428
0.456764
0.273134
0.442019
0.326907
0.203256
0.138123
0.200413
0.217721
0.135239
0.213642
0.224759
0.192101
0.196830
0.247379
0.132004
0.219258
0.197454
0.242134
0.271311
0.412350
0.478288
0.408533
0.355957
0.491204
0.471083
0.554079
0.290623
0.291312
0.169234
0.195907
0.253953
0.219113
0.257190
0.266753
0.257568
0.221108
0.224760
0.279921
0.276653
0.196355
0.378836
0.303373
0.283121
0.309542
0.261754
0.264032
0.291912
0.401805
0.291156
0.326525
0.280854
0.363444
0.187518
0.174726
0.198099
0.175288
0.257206
0.207396
0.235976
0.270279
0.170920
0.257095
0.142810
0.209730
0.291176
0.241476
0.234446
0.213548
0.190755
0.251142
0.267558
0.194746
0.239611
0.211260
0.260547
0.170213
0.183446
0.183804
0.231310
0.248295
0.182472
0.231919
0.244854
0.200527
0.236674
0.203503
0.200151
0.161442
0.293407
0.207815
0.293518
0.316549
0.300223
0.172502
0.213057
0.138679
0.187274
0.225741
0.235693
0.178114
0.203622
0.323220
0.147170
0.246249
0.195498
0.245888
0.154992
0.245253
0.234884
0.204982
0.223995
0.249162
0.238535
0.174546
0.198330
0.234274
0.208889
0.161023
0.262286
0.256840
0.273955
0.296266
0.305534
0.299129
0.238004
0.266087
0.280107
0.232237
0.219259
0.314483
0.243374
0.286401
0.314527
0.322782
0.178732
0.337697
0.237924
0.495678
0.476957
0.359343
0.315640
0.339830
0.321884
0.479193
0.419812
0.388339
0.313129
0.307140
0.338589
0.179638
0.219123
0.302230
0.225347
0.275866
0.289883
0.323106
0.280725
0.258166
0.295428
0.291728
0.292671
0.290592
0.371750
0.240911
0.228168
0.325618
0.316400
0.328567
0.432284
0.299928
0.296816
0.212606
0.255930
0.247028
0.278412
0.186271
0.293310
0.202281
0.269141
0.216400
0.224076
0.252496
0.299101
0.167897
0.261935
0.410808
0.464822
0.264285
0.329583
0.443697
0.486087
0.450057
0.361037
0.405806
0.332838
0.162278
0.133875
0.142987
0.131799
0.194777
0.164744
0.218106
0.244259
0.170797
0.264655
0.230777
0.230389
0.160703
0.238466
0.354838
0.384359
0.399681
0.326815
0.343333
0.573623
0.290470
0.205837
0.331962
0.374019
0.211528
0.221995
0.247441
0.202386
0.224301
0.164245
0.264417
0.319844
0.176703
0.314358
0.170429
0.274923
0.341705
0.167855
0.315918
0.339582
0.233333
0.258073
0.252512
0.357622
0.299030
0.284009
0.270812
0.297790
0.294745
0.291400
0.287501
0.318230
0.313689
0.310153
0.194766
0.281073
0.235294
0.226060
0.266587
0.179677
0.258464
0.306700
0.289318
0.270222
0.162996
0.275012
0.192533
0.168285
0.221799
0.246938
0.241043
0.207097
0.268140
0.188990
0.290330
0.297392
0.292829
