0.235836
0.207379
0.180010
0.207699
0.176941
0.174767
0.185190
0.246643
0.316920
0.447436
0.232319
0.431833
0.436309
0.304195
0.314171
0.261031
0.486379
0.581916
0.227715
0.308351
0.241783
0.217995
0.176429
0.351516
0.193759
0.176109
0.197596
0.200665
0.216588
0.201496
0.182504
0.178859
0.359893
0.279831
0.244660
0.286226
0.483182
0.515859
0.284307
0.322548
0.468474
0.292109
0.244852
0.285842
0.243318
0.248497
0.195997
0.165558
0.161466
0.182696
0.226180
0.189794
0.222407
0.226819
0.198171
0.203734
0.390715
0.415910
0.395447
0.617342
0.271134
0.232063
0.290958
0.427612
0.489321
0.412904
0.286226
0.332395
0.406254
0.210257
0.276122
0.195166
0.240888
0.223366
0.235196
0.310398
0.268065
0.314490
0.308479
0.251311
0.339174
0.260903
0.285970
0.302277
0.234237
0.242039
0.309566
0.282581
0.493733
0.362642
0.245172
0.303939
0.245748
0.233662
0.221256
0.221448
0.176749
0.228098
0.218506
0.223110
0.261990
0.298120
0.437780
0.237946
0.251663
0.325496
0.375246
0.391143
0.416524
0.463601
0.500512
0.598734
0.513173
0.417566
0.459343
0.548062
0.713192
0.379767
0.380375
0.289017
0.342040
0.267580
0.248990
0.202926
0.212187
0.193349
0.233904
0.212361
0.185506
0.198649
0.185062
0.225029
0.194398
0.178987
0.228418
0.338151
0.637102
0.570917
0.495076
0.411114
0.284691
0.426397
0.187364
0.165239
0.210129
0.229185
0.192160
0.360724
0.442000
0.259432
0.268257
0.232958
0.336552
0.504668
0.440977
0.305282
0.252142
0.248625
0.248817
0.223878
0.548791
0.333355
0.165175
0.216524
0.252334
0.222663
0.269216
0.192032
0.206548
0.260391
0.212687
0.209745
0.209362
0.245108
0.223110
0.223046
0.288656
0.258729
0.322739
0.531078
0.641706
0.587479
0.566569
0.546170
0.508761
0.390971
0.262502
0.319734
0.290127
0.202136
0.281877
0.274140
0.175022
0.203095
0.267234
0.179946
0.202072
0.241911
0.312764
0.258345
0.249776
0.185893
0.198043
0.190817
0.262629
0.194270
0.228674
0.256810
0.439442
0.198299
0.247090
0.336424
0.344609
0.440466
0.151618
0.172720
0.210705
0.161594
0.206164
0.180266
0.219082
0.215884
0.242103
0.440402
0.330541
0.204886
0.268193
0.219338
0.177644
0.231232
0.216908
0.426269
0.367055
0.673040
0.371979
0.234877
0.414247
0.270559
0.183591
0.202839
0.226436
0.239097
0.209618
0.246067
0.227523
0.352347
0.318135
0.185574
0.223110
0.165494
0.156606
0.198427
0.171058
0.187876
0.240504
0.681289
0.582108
0.727459
0.458818
0.211920
0.250096
0.249201
0.275675
0.197084
0.221640
0.216140
0.265443
0.204438
0.219529
0.357718
0.377734
0.202647
0.191329
0.192927
0.228290
0.156222
0.146822
0.300550
0.313979
0.314107
0.361747
0.205461
0.209298
0.269408
0.352539
0.249776
0.325425
0.425054
0.226819
0.197212
0.240440
0.245236
0.261031
0.397557
0.383937
0.237562
0.320885
0.477747
0.288656
0.440593
0.252590
0.222471
0.250416
0.211216
0.351260
0.309694
0.244277
0.261095
0.273564
0.430234
0.225924
0.176046
0.214605
0.189091
0.183335
0.223302
0.226691
0.228674
0.264420
0.216332
0.264548
0.199834
0.152385
0.135887
0.164663
0.135695
0.130004
0.157757
0.334442
0.131986
0.198555
0.220297
0.266083
0.285075
0.329710
0.217355
0.190050
0.331308
0.445006
0.366671
0.227139
0.237243
0.230208
0.209490
0.275099
0.461760
0.450121
0.423136
0.345632
0.150339
0.168116
0.206932
0.330477
0.246003
0.189283
0.186469
0.199386
0.421281
0.215181
0.144584
0.198619
0.155647
0.183399
0.168052
0.202008
0.181609
0.190945
0.155774
0.181481
0.370572
0.215756
0.189858
0.174831
0.164343
0.263844
0.368845
0.278041
0.267106
0.205333
0.311485
0.288912
0.207763
0.206676
0.149060
0.136782
0.177580
0.180202
0.151682
0.191329
0.248625
0.249648
0.237051
0.208978
0.393912
0.174703
0.312572
0.461440
0.265123
0.475061
0.439890
0.337128
0.406893
0.686597
0.251567
0.391099
0.152897
0.177644
0.170674
0.148293
0.161146
0.196381
0.200473
0.177708
0.365264
0.202775
0.141386
0.110116
0.108901
0.101803
0.098734
0.111172
0.153041
0.206716
0.235856
0.140299
0.329262
0.151682
0.136718
0.143177
0.199194
0.126167
0.121371
0.126487
0.159483
0.235260
0.161849
0.209809
0.264996
0.319542
0.168756
0.147781
0.153472
0.140555
0.128149
0.125592
0.301125
0.121307
0.167605
0.238713
0.267362
0.202967
0.425182
0.422752
0.174958
0.139084
0.145735
0.134800
0.192096
0.188195
0.154943
0.158652
0.338406
0.189666
0.161530
0.182760
0.116191
0.122138
0.112482
0.150211
0.115936
0.168436
0.306625
0.159036
0.121755
0.128725
0.128725
0.362706
0.210257
0.170482
0.131539
0.119836
0.139020
0.163704
0.127062
0.193823
0.202136
0.207124
0.140811
0.197084
0.322612
0.407725
0.265571
0.247410
0.556337
0.390331
0.150787
0.343394
0.204438
0.162361
0.133521
0.181097
0.217355
0.209234
0.131283
0.124632
0.152513
0.285842
0.436309
0.225668
0.163896
0.148037
0.231871
0.129684
0.192160
0.190434
0.295754
0.511894
0.220233
0.201880
0.164087
0.353178
0.203798
0.158908
0.461056
0.178859
0.154687
0.181865
0.150147
0.120476
0.137741
0.170866
0.132434
0.188004
0.239225
0.252462
0.273884
0.177324
0.172784
0.160698
0.137869
0.122778
0.174063
0.214222
0.448779
0.224197
0.380100
0.223942
0.286737
0.324018
0.152961
0.167605
0.151298
0.117534
0.133649
0.165494
0.174191
0.188835
0.199322
0.287888
0.178795
0.168308
0.115999
0.129940
0.187300
0.143816
0.422880
0.294411
0.390203
0.249073
0.208594
0.280662
0.429659
0.248881
0.194206
0.188963
0.185574
0.141578
0.139980
0.146502
0.212303
0.187428
0.460737
0.204630
0.214158
0.244852
0.536961
0.348446
0.452743
0.414567
0.362514
0.262502
0.237946
0.290318
0.336104
0.226563
0.377414
0.722919
0.546745
0.192352
0.150531
0.147078
0.213902
0.164087
0.163128
0.170162
0.220041
0.342499
0.248433
0.220361
0.214733
0.158268
0.152641
0.206356
0.249265
0.297608
0.251631
0.398964
0.291597
0.299910
0.339557
0.299399
0.219977
0.180905
0.321652
0.139916
0.212687
0.209170
0.141578
0.194590
0.342691
0.219338
0.170226
0.178476
0.145543
0.128021
0.173807
0.173935
0.170162
0.255787
0.159100
0.293899
0.240632
0.185190
0.235708
0.187748
0.196700
0.230081
0.165047
0.164087
0.174383
0.128661
0.140235
0.182888
0.324402
0.274907
0.259304
0.415143
0.242998
0.245939
0.272925
0.465149
0.271454
0.272413
0.178923
0.210833
0.323187
0.230081
0.222599
0.200729
0.153408
0.145351
0.204630
0.220489
0.185062
0.188387
0.137997
0.158140
0.154623
0.209170
0.180522
0.187876
0.217035
0.323123
0.406126
0.297480
0.150659
0.364433
0.243765
0.613570
0.413800
0.479537
0.441681
0.243509
0.172976
0.147973
0.188004
0.163832
0.147845
0.163960
0.214030
0.170418
0.214414
0.249648
0.200729
0.208658
0.222343
0.159419
0.116511
0.172081
0.122522
0.226819
0.412713
0.460992
0.264420
0.213518
0.291853
0.188899
0.148996
0.172465
0.147973
0.140683
0.131730
0.148996
0.203926
0.161913
0.239673
0.281366
0.164855
0.180330
0.131539
0.153280
0.201113
0.127254
0.188068
0.439698
0.279895
0.325489
0.672209
0.227651
0.424863
0.159419
0.177708
0.185318
0.130324
0.129940
0.164855
0.177708
0.161785
0.186149
0.323827
0.224645
0.166517
0.178795
0.128341
0.156861
0.137805
0.175982
0.148101
0.200026
0.261926
0.516242
0.468346
0.222343
0.192991
0.313787
0.297289
0.145607
0.187044
0.161146
0.174511
0.205717
0.226116
0.211536
0.206740
0.408108
0.179627
0.162425
0.219913
0.144967
0.172209
0.157821
0.172145
0.142665
0.269664
0.334122
0.253997
0.559534
0.435222
0.188195
0.580701
0.209809
0.157693
0.206037
0.194206
0.215693
0.245684
0.179754
0.346720
0.251950
0.166390
0.185765
0.136335
0.157053
0.168692
0.272094
0.185446
0.122970
0.199450
0.204886
0.213454
0.348190
0.300998
0.663960
0.611140
0.531526
0.287761
0.235452
0.198683
0.225924
0.177197
0.175598
0.267937
0.276122
0.217035
0.395447
0.259432
0.358678
0.357207
0.185190
0.226947
0.186149
0.161594
0.157181
0.129556
0.161210
0.154943
0.230336
0.150659
0.142665
0.132242
0.177197
0.136143
0.167477
0.144967
0.166965
0.189730
0.178603
0.189155
0.157949
0.179882
0.198107
0.271838
0.286098
0.166326
0.121115
0.188835
0.289040
0.192480
0.174575
0.221704
0.181289
0.166773
0.165111
0.193503
0.145607
0.151810
0.160698
0.183847
0.196509
0.188643
0.283412
0.211600
0.184423
0.120348
0.117854
0.110692
0.137741
0.124121
0.230336
0.231999
0.375623
0.239033
0.218634
0.192544
0.312572
0.226500
0.125016
0.113697
0.152897
0.120604
0.160698
0.153408
0.145159
0.185510
0.264100
0.186533
0.152002
0.131603
0.133905
0.170354
0.211024
0.378949
0.318967
0.374345
0.429722
0.329518
0.233022
0.198811
0.255851
0.634800
0.268640
0.144264
0.187812
0.162361
0.201880
0.190114
0.235708
0.334889
0.242103
0.179627
0.209937
0.150531
0.155199
0.152065
0.196317
0.191840
0.574690
0.418020
0.411242
0.231296
0.347615
0.472631
0.444942
0.229761
0.222855
0.150595
0.210769
0.165558
0.204118
0.245684
0.212943
0.274332
0.344034
0.172145
0.178092
0.186853
0.152705
0.150787
0.150978
0.294923
0.134992
0.139084
0.173360
0.257258
0.305410
0.287505
0.253293
0.330861
0.164343
0.154751
0.234749
0.199258
0.166645
0.156734
0.219657
0.328942
0.197468
0.163704
0.175278
0.136462
0.126423
0.179754
0.186469
0.203734
0.122458
0.180586
0.422241
0.432216
0.169267
0.190178
0.241719
0.296969
0.129428
0.154368
0.172337
0.131922
0.135120
0.128853
0.220489
0.226436
0.269919
0.151106
0.250480
0.396086
0.200729
0.284563
0.136910
0.136271
0.136271
0.140235
0.127190
0.198811
0.225285
0.139724
0.359573
0.142282
0.137038
0.155455
0.113697
0.116703
0.134160
0.201432
0.143241
0.236731
0.456900
0.552245
0.320501
0.166773
0.211600
0.230208
0.369101
0.104425
0.194270
0.579997
0.446349
0.113761
0.181033
0.135887
0.204118
0.183655
0.168244
0.199642
0.141834
0.141322
0.173679
0.137294
0.183399
0.183272
0.295051
0.175022
0.308032
0.151618
0.113314
0.093874
0.092915
0.122458
0.125783
0.212879
0.485996
0.292621
0.266211
0.305666
0.183144
0.179115
0.164983
0.127382
0.115488
0.114401
0.172592
0.150403
0.144839
0.144456
0.267873
0.143752
0.153856
0.124952
0.137294
0.106024
0.136526
0.260008
0.116959
0.177900
0.116191
0.398261
0.475253
0.181993
0.368973
0.333674
0.129364
0.140171
0.176365
0.127062
0.122394
0.163256
0.153408
0.301445
0.223046
0.174958
0.297417
0.378885
0.302596
0.215948
0.132434
0.135631
0.097007
0.273820
0.402481
0.496355
0.397046
0.146950
0.211408
0.159100
0.115808
0.115424
0.186405
0.138509
0.137166
0.145927
0.182376
0.232766
0.578527
0.283924
0.143880
0.155327
0.143625
0.098734
0.118749
0.192352
0.174575
0.173104
0.387326
0.171122
0.373641
0.379524
0.188195
0.179754
0.170866
0.156772
0.117496
0.143254
0.109196
0.128233
0.133150
0.200774
0.186168
0.128578
0.131321
0.109407
0.098440
0.100710
0.096745
0.086271
0.105915
0.120604
0.364119
0.270521
0.121940
0.160014
0.173014
0.214637
0.185260
0.176557
0.113058
0.110116
0.107878
0.162297
0.170354
0.246643
0.225029
0.190050
0.251311
0.371659
0.372362
0.334889
0.237754
0.255084
0.563435
0.185510
0.134736
0.267745
0.361683
0.154943
0.180522
0.237626
0.111779
0.147525
0.107814
0.133777
0.144967
0.127318
0.133521
0.257961
0.134352
0.218314
0.400179
0.195485
0.145735
0.084666
0.111076
0.088566
0.269024
0.079997
0.132754
0.106407
0.132562
0.092659
0.167924
0.140619
0.098094
0.148708
0.130771
0.118883
0.162860
0.156906
0.147672
0.154425
0.195146
0.183866
0.156804
0.126602
0.120329
0.127785
0.144871
0.126084
0.277900
0.401528
0.580419
0.500179
0.351279
0.191617
0.220949
0.222676
0.138195
0.117953
0.125865
0.152769
0.123162
0.151810
0.153217
0.190913
0.210241
0.176581
0.152065
0.104137
0.114385
0.091308
0.084346
0.146950
0.075457
0.228034
0.401138
0.404400
0.274332
0.208978
0.148421
0.140063
0.136315
0.133393
0.095600
0.099373
0.222343
0.147845
0.144712
0.389564
0.449290
0.128853
0.100652
0.150914
0.090293
0.132945
0.107495
0.133201
0.222982
0.294347
0.106983
0.159419
0.303555
0.361939
0.494884
0.264228
0.162169
0.128213
0.107878
0.133713
0.135759
0.155519
0.130707
0.275291
0.173424
0.125400
0.152513
0.104873
0.094833
0.101036
0.166837
0.110948
0.119069
0.169395
0.373833
0.123289
0.183719
0.363665
0.254572
0.149316
0.186149
0.129045
0.125272
0.126231
0.209362
0.141898
0.178667
0.261734
0.177964
0.166709
0.297353
0.198938
0.261415
0.333546
0.304962
0.153856
0.173040
0.245428
0.154495
0.220489
0.208722
0.188835
0.330029
0.275483
0.199898
0.169395
0.132881
0.146758
0.154368
0.202583
0.179946
0.198299
0.312892
0.207124
0.227011
0.232383
0.443535
0.152065
0.181737
0.171058
0.188323
0.175918
0.309694
0.400691
0.292684
0.354265
0.274588
0.184998
0.209745
0.227651
0.150467
0.163320
0.160251
0.218506
0.140043
0.166709
0.281302
0.193759
0.300102
0.389436
0.457284
0.289423
0.337575
0.190242
0.266402
0.336680
0.487466
0.448715
0.251695
0.416230
0.408940
0.188131
0.168628
0.182632
0.154048
0.186341
0.202392
0.191904
0.168947
0.200217
0.274524
0.203990
0.493222
0.254700
0.126998
0.172720
0.100141
0.116255
0.255276
0.191712
0.128149
0.494628
0.297992
0.198811
0.148932
0.156734
0.150914
0.116191
0.120795
0.133969
0.185318
0.111587
0.136910
0.165878
0.249904
0.186597
0.134608
0.098990
0.117470
0.103530
0.172720
0.144264
0.126806
0.313275
0.105704
0.303364
0.523916
0.363282
0.516434
0.286737
0.122586
0.146886
0.114401
0.120028
0.185638
0.122586
0.126167
0.231232
0.226947
0.216332
0.410474
0.161658
0.132881
0.104361
0.180969
0.102059
0.240824
0.276506
0.137166
0.191649
0.198299
0.351388
0.366159
0.227267
0.126487
0.175086
0.125272
0.149572
0.195869
0.149316
0.152321
0.177197
0.310398
0.165366
0.223046
0.251950
0.319798
0.197468
0.330797
0.481264
0.143816
0.170035
0.179946
0.147078
0.199066
0.263397
0.165302
0.414695
0.300038
0.217483
0.198619
0.137422
0.148740
0.158076
0.209745
0.322356
0.342819
0.168500
0.173616
0.244660
0.291725
0.361747
0.207763
0.195805
0.128853
0.201688
0.166517
0.225029
0.240568
0.203862
0.206037
0.256171
0.136335
0.151234
0.180330
0.144136
0.180202
0.159036
0.169651
0.219274
0.262118
0.182632
0.207316
0.193887
0.141386
0.182696
0.168947
0.179627
0.135120
0.385343
0.352986
0.460737
0.346016
0.319222
0.229441
0.369165
0.327855
0.123289
0.122586
0.172784
0.155135
0.130771
0.166326
0.150275
0.179627
0.170866
0.234237
0.391866
0.525771
0.152705
0.174703
0.318007
0.469497
0.202136
0.119900
0.278488
0.343970
0.214861
0.260775
0.123801
0.158844
0.106791
0.104297
0.109605
0.138828
0.192160
0.152513
0.153856
0.259048
0.185893
0.185510
0.182632
0.345632
0.274076
0.196764
0.148996
0.453127
0.144648
0.171441
0.158780
0.284180
0.134288
0.387582
0.157245
0.110692
0.154176
0.106855
0.111076
0.214542
0.153792
0.175406
0.212559
0.299399
0.172401
0.162169
0.102890
0.100588
0.092403
0.147397
0.092211
0.153025
0.299719
0.455621
0.488554
0.371979
0.296777
0.156414
0.150403
0.185829
0.122970
0.125208
0.128469
0.176621
0.176109
0.173552
0.279639
0.189538
0.145543
0.187684
0.171441
0.161018
0.146886
0.220489
0.169011
0.275035
0.245748
0.326768
0.377926
0.128789
0.211920
0.152513
0.417892
0.143241
0.149699
0.175086
0.152769
0.163832
0.149955
0.178476
0.185701
0.285842
0.156606
0.181033
0.126039
0.169907
0.116063
0.163128
0.484653
0.225349
0.192608
0.259688
0.469625
0.285331
0.451848
0.482606
0.189538
0.171250
0.167221
0.166517
0.149444
0.179882
0.261351
0.168692
0.356631
0.198107
0.175790
0.214605
0.186277
0.170354
0.178156
0.224070
0.154304
0.155519
0.219913
0.411945
0.190561
0.155774
0.207124
0.219401
0.264868
0.162553
0.185062
0.190817
0.130388
0.141962
0.149060
0.217547
0.153280
0.216844
0.205653
0.204438
0.272605
0.434263
0.217739
0.240568
0.336808
0.165878
0.239225
0.170546
0.447819
0.193695
0.227139
0.199834
0.171122
0.160506
0.153089
0.181609
0.164343
0.159675
0.164727
0.234429
0.166901
0.269600
0.181289
0.281558
0.249968
0.356248
0.318583
0.164663
0.365648
0.405167
0.324850
0.264228
0.216971
0.206996
0.233662
0.234557
0.169587
0.174191
0.206516
0.193260
0.165059
0.178872
0.187748
0.208818
0.206657
0.247404
0.202046
0.239180
0.378156
0.382459
0.218538
0.174472
0.320949
0.230554
0.263992
0.233335
0.280675
0.228271
0.286520
0.385753
0.277267
0.228488
0.190024
0.221122
0.189999
0.222305
0.255634
0.231174
0.278380
0.295325
0.208140
0.258070
0.173155
0.205519
0.246035
0.320367
0.355346
0.437089
0.602264
0.332363
0.398983
0.376896
0.398312
0.462802
0.344635
0.225163
0.176640
0.187872
0.184840
0.199924
0.240472
0.181398
0.301906
0.180694
0.133610
0.150396
0.147506
0.127229
0.146393
0.168193
0.282696
0.203517
0.207258
0.308857
0.237275
0.236411
0.286789
0.269318
0.184909
0.127152
0.135925
0.160065
0.140964
0.143701
0.167087
0.206804
0.183272
0.216166
0.183361
0.205071
0.258652
0.223967
0.197020
0.371716
0.224236
0.308665
0.244961
0.222100
0.270859
0.273392
0.309950
0.247813
0.214797
0.203639
0.202635
0.205186
0.168749
0.165507
0.175911
0.169446
0.262195
0.193529
0.207252
0.374498
0.551407
0.390645
0.397340
0.182817
0.130842
0.175406
0.160244
0.149268
0.233022
0.209106
0.263589
0.478834
0.314618
0.167860
0.193183
0.235516
0.160890
0.168116
0.187876
0.278808
0.249456
0.195102
0.245875
0.344034
0.328814
0.438100
0.329838
0.142793
0.178731
0.124760
0.117886
0.172512
0.108582
0.202264
0.264164
0.338854
0.171313
0.158204
0.167605
0.114784
0.127126
0.165494
0.202520
0.163256
0.297992
0.221320
0.176493
0.144328
0.206868
0.139020
0.192927
0.160315
0.131539
0.282261
0.135056
0.093170
0.244788
0.124121
0.292557
0.200985
0.091380
0.130579
0.100716
0.097966
0.141003
0.135503
0.110180
0.168244
0.286993
0.148932
0.186021
0.149124
0.385088
0.188323
0.359957
0.254508
0.214925
0.180586
0.118941
0.164855
0.279447
0.220936
0.122394
0.182248
0.138637
0.121243
0.105512
0.155519
0.115999
0.128533
0.134288
0.166198
0.252974
0.147589
0.363921
0.140555
0.146822
0.105896
0.104105
0.132498
0.125975
0.158652
0.172145
0.279256
0.262246
0.147078
0.212175
0.149891
0.132754
0.157437
0.136789
0.128680
0.121595
0.123552
0.183208
0.185797
0.282178
0.195223
0.159157
0.173270
0.168257
0.343573
0.118724
0.121895
0.158850
0.200460
0.493631
0.304112
0.366025
0.215884
0.221000
0.279742
0.385874
0.492007
0.301062
0.151170
0.165302
0.122394
0.229313
0.162297
0.198267
0.152897
0.216780
0.130388
0.124568
0.170482
0.297001
0.152849
0.162681
0.254093
0.504013
0.284619
0.264100
0.441489
0.479665
0.176877
0.254700
0.236795
0.120859
0.113506
0.193183
0.123737
0.135375
0.226372
0.244085
0.283348
0.169651
0.147206
0.135056
0.109797
0.117534
0.154623
0.135120
0.305218
0.347679
0.376263
0.366671
0.262885
0.154368
0.165686
0.190114
0.286993
0.135311
0.125719
0.161402
0.112802
0.123481
0.156925
0.242167
0.114145
0.165175
0.183847
0.163640
0.140299
0.137422
0.245236
0.169011
0.257130
0.413800
0.320821
0.245780
0.249217
0.186661
0.192019
0.160545
0.162713
0.124607
0.129985
0.127120
0.140638
0.172349
0.124191
0.163333
0.158946
0.156324
0.363915
0.219242
0.178770
0.342109
0.383092
0.218180
0.143548
0.299680
0.184077
0.149469
0.149130
0.196643
0.183265
0.147046
0.152993
0.110820
0.183527
0.118302
0.129428
0.150467
0.217163
0.239864
0.123162
0.143177
0.099245
0.118046
0.097711
0.142793
0.142857
0.221384
0.277593
0.246131
0.161338
0.346464
0.222919
0.127254
0.208403
0.112610
0.112291
0.153217
0.159355
0.189346
0.166262
0.261415
0.209873
0.243190
0.146374
0.145415
0.155583
0.085369
0.089398
0.141386
0.093170
0.100652
0.334634
0.346080
0.228418
0.269152
0.208467
0.335081
0.156606
0.113058
0.133393
0.092915
0.107750
0.114784
0.177836
0.119261
0.199898
0.128021
0.141003
0.150595
0.112227
0.295818
0.117214
0.141770
0.116383
0.134992
0.377094
0.329262
0.328814
0.345632
0.302213
0.208594
0.152513
0.154943
0.149188
0.163128
0.129236
0.136910
0.134608
0.224006
0.164727
0.385535
0.165622
0.388157
0.204246
0.109988
0.205077
0.124952
0.137805
0.144200
0.187812
0.388924
0.208914
0.174511
0.416485
0.298759
0.245620
0.139020
0.134608
0.161530
0.181289
0.116703
0.186277
0.124696
0.218442
0.144328
0.148804
0.186341
0.117278
0.104425
0.138509
0.120220
0.137166
0.391226
0.404655
0.619069
0.194206
0.128149
0.168820
0.184550
0.140427
0.175918
0.160698
0.133329
0.169267
0.118749
0.148868
0.153536
0.190689
0.195166
0.128981
0.132881
0.201560
0.137741
0.158140
0.123737
0.140811
0.142985
0.091188
0.314171
0.088566
0.100205
0.333802
0.107303
0.134224
0.177516
0.101100
0.110180
0.100588
0.112834
0.159947
0.145415
0.133137
0.236795
0.343298
0.423344
0.410834
0.535127
0.430084
0.438376
0.467238
0.507290
0.299591
0.406574
0.321461
0.306945
0.167668
0.155199
0.131986
0.109413
0.109477
0.128917
0.138189
0.123162
0.134736
0.158140
0.160826
0.203095
0.238969
0.116639
0.114912
0.280279
0.151234
0.094513
0.120412
0.230784
0.244213
0.226116
0.168372
0.116959
0.167157
0.145543
0.194846
0.307840
0.203671
0.102826
0.109541
0.163448
0.149827
0.128341
0.164855
0.164087
0.161210
0.172145
0.087223
0.238458
0.190881
0.116703
0.371019
0.435670
0.279256
0.348062
0.237498
0.101356
0.092787
0.221448
0.358294
0.400115
0.083706
0.083962
0.149763
0.164663
0.127510
0.128725
0.313435
0.278121
0.180298
0.158668
0.147853
0.142445
0.139742
0.138390
0.136529
0.140235
0.474741
0.497506
0.282645
0.144999
0.378773
0.127190
0.131666
0.180394
0.143625
0.120028
0.112035
0.149444
0.133393
0.161466
0.186725
0.315002
0.145415
0.200985
0.153217
0.114273
0.181161
0.271262
0.096496
0.120923
0.086968
0.361619
0.472567
0.225924
0.108965
0.161338
0.141322
0.286546
0.114337
0.141258
0.161466
0.148804
0.124952
0.139660
0.289679
0.156542
0.187044
0.116895
0.127126
0.103210
0.127062
0.089845
0.095792
0.171889
0.135503
0.137486
0.113058
0.080381
0.088311
0.188579
0.151362
0.107559
0.103402
0.173424
0.129173
0.118813
0.105129
0.104937
0.191137
0.207827
0.150723
0.142026
0.170738
0.280407
0.189634
0.142969
0.154104
0.249740
0.294809
0.149316
0.168436
0.214158
0.223558
0.141706
0.181673
0.133905
0.094385
0.080445
0.093554
0.094577
0.102635
0.124952
0.113378
0.120316
0.098622
0.118685
0.091348
0.083818
0.084849
0.158908
0.117470
0.205985
0.327523
0.279722
0.194641
0.267624
0.172957
0.206567
0.183156
0.156113
0.119408
0.108112
0.096133
0.129055
0.110756
0.185701
0.130068
0.185276
0.191426
0.215732
0.209244
0.211773
0.230196
0.195492
0.203057
0.313339
0.242755
0.242454
0.438381
0.473411
0.390772
0.348184
0.430701
0.296118
0.262815
0.234905
0.225331
0.250471
0.225088
0.223300
0.238488
0.260535
0.217811
0.252690
0.242664
0.417661
0.343087
0.326007
0.279067
0.237756
0.284948
0.270112
0.243190
0.410474
0.360468
0.406126
0.208658
0.211811
0.129652
0.127369
0.119318
0.120130
0.156599
0.163876
0.140242
0.245114
0.146054
0.122861
0.173616
0.176851
0.240574
0.252481
0.149066
0.198216
0.132472
0.144839
0.161331
0.193535
0.206574
0.276621
0.239270
0.211677
0.162872
0.128348
0.134212
0.151854
0.130336
0.154201
0.151138
0.185356
0.257149
0.140414
0.137677
0.127657
0.108575
0.127938
0.152878
0.131916
0.210104
0.146234
0.174549
0.181692
0.208390
0.547787
0.346668
0.408262
0.278111
0.189765
0.183993
0.148493
0.151111
0.134802
0.111524
0.114018
0.099661
0.106935
0.129021
0.134608
0.158013
0.360852
0.384064
0.382913
0.237562
0.436245
0.331948
0.652520
0.460235
0.267950
0.321070
0.320700
0.266799
0.629467
0.265494
0.310327
0.179368
0.150305
0.136271
0.106088
0.124664
0.261430
0.277633
0.091688
0.184704
0.350665
0.327398
0.213263
0.362227
0.414167
0.101444
0.114637
0.084048
0.087799
0.083259
0.139148
0.289103
0.092403
0.086840
0.149444
0.108582
0.134160
0.105512
0.098478
0.166837
0.188451
0.132370
0.169715
0.226372
0.452935
0.292812
0.174958
0.260583
0.187620
0.125464
0.162233
0.117342
0.131909
0.130912
0.146783
0.127158
0.115299
0.111576
0.121832
0.127504
0.146870
0.129695
0.139429
0.179530
0.265031
0.236832
0.122879
0.104399
0.155876
0.341194
0.403479
0.197570
0.107021
0.139442
0.108045
0.141169
0.135094
0.168410
0.116166
0.104220
0.072311
0.072164
0.086104
0.137466
0.101375
0.086335
0.163876
0.134621
0.112495
0.099767
0.093530
0.092192
0.094635
0.140760
0.205480
0.173609
0.285337
0.257731
0.211766
0.179627
0.198363
0.184116
0.171128
0.107469
0.101643
0.095735
0.094737
0.117720
0.112297
0.153862
0.210155
0.180720
0.120489
0.106740
0.126762
0.148069
0.126257
0.180579
0.245306
0.438752
0.282261
0.230304
0.279933
0.239334
0.225387
0.234563
0.243043
0.154489
0.125227
0.123564
0.130036
0.126551
0.132568
0.134256
0.185913
0.241578
0.145364
0.126819
0.119824
0.108256
0.105365
0.148548
0.167553
0.434531
0.422535
0.476052
0.234538
0.317291
0.382229
0.259797
0.316895
0.248478
0.170840
0.177785
0.186219
0.174728
0.154994
0.194047
0.287639
0.168295
0.182159
0.174926
0.131417
0.129256
0.124799
0.144392
0.179326
0.264113
0.442518
0.406190
0.272522
0.340932
0.380356
0.359458
0.324102
0.310257
0.188611
0.207552
0.174562
0.140709
0.110110
0.121345
0.177324
0.230464
0.316824
0.194865
0.114708
0.106459
0.122580
0.143490
0.141917
0.240466
0.378725
0.158243
0.200787
0.175048
0.163371
0.171390
0.189212
0.153264
0.130878
0.154248
0.195541
0.180473
0.136821
0.129722
0.208921
0.179275
0.146828
0.136373
0.203351
0.527663
0.485222
0.196899
0.175790
0.185452
0.299194
0.228866
0.163947
0.172305
0.198638
0.198018
0.127075
0.152200
0.135414
0.124639
0.127222
0.150703
0.145984
0.122528
0.150147
0.200985
0.151970
0.122132
0.129499
0.108045
0.115309
0.131807
0.149930
0.156280
0.250518
0.220469
0.244475
0.225368
0.197819
0.250441
0.184122
0.167291
0.132076
0.137281
0.143273
0.152040
0.161446
0.165290
0.252085
0.224300
0.175195
0.175451
0.159234
0.141086
0.157079
0.441041
0.316652
0.366079
0.567171
0.323552
0.297622
0.303888
0.298907
0.271032
0.287092
0.159888
0.135674
0.139559
0.137972
0.148644
0.170316
0.184998
0.327232
0.202590
0.142755
0.135861
0.127075
0.115277
0.120610
0.197807
0.465725
0.273398
0.208972
0.218672
0.239807
0.265104
0.258128
0.325758
0.301496
0.195364
0.145345
0.154233
0.188694
0.151279
0.194699
0.149783
0.285331
0.322273
0.260852
0.232095
0.231877
0.309819
0.226415
0.231013
0.238131
0.206622
0.428912
0.246640
0.184866
0.266832
0.352175
0.255465
0.327093
0.180940
0.131839
0.141015
0.143426
0.178610
0.164989
0.284877
0.164158
0.162930
0.184192
0.124882
0.125579
0.114740
0.145044
0.126691
0.147525
0.314036
0.259771
0.227018
0.189027
0.307590
0.220744
0.322241
0.346272
0.323942
0.216390
0.157722
0.135262
0.126558
0.155458
0.211730
0.218411
0.145159
0.182824
0.172145
0.128789
0.232830
0.177836
0.147078
0.176269
0.148213
0.331908
0.385100
0.252052
0.121966
0.141642
0.209234
0.189442
0.191665
0.183823
0.215840
0.193321
0.189288
0.186599
0.187205
0.247395
0.262334
0.434243
0.286791
0.249515
0.302913
0.298311
0.266785
0.438483
0.304323
0.192864
0.252910
0.168883
0.152641
0.206996
0.166134
0.156414
0.133329
0.122906
0.187236
0.170738
0.162105
0.171122
0.247218
0.172528
0.203798
0.137038
0.139596
0.142346
0.143049
0.200857
0.137102
0.375496
0.389820
0.299591
0.256874
0.283860
0.323699
0.344290
0.176205
0.207949
0.168154
0.127510
0.127190
0.167093
0.171761
0.133329
0.159931
0.224773
0.121883
0.229569
0.235324
0.121755
0.085177
0.130771
0.335273
0.318519
0.252526
0.210065
0.580189
0.245556
0.158972
0.294795
0.275035
0.177324
0.195421
0.122394
0.123865
0.110052
0.160059
0.146694
0.324786
0.158908
0.131666
0.149955
0.099118
0.080701
0.089845
0.088374
0.149891
0.249840
0.419107
0.224325
0.253613
0.150787
0.407981
0.411689
0.149060
0.100205
0.139148
0.094897
0.096688
0.127638
0.172784
0.163640
0.161530
0.433751
0.224645
0.281110
0.135887
0.082491
0.086136
0.105320
0.123162
0.092659
0.278552
0.198171
0.096368
0.116831
0.153280
0.466364
0.336104
0.098926
0.085305
0.130196
0.087415
0.091955
0.143625
0.170802
0.261223
0.133457
0.098862
0.129173
0.095281
0.078910
0.080637
0.108710
0.075713
0.356248
0.149955
0.290958
0.133073
0.092723
0.112866
0.110180
0.243957
0.185254
0.096176
0.114401
0.163000
0.094194
0.087351
0.085689
0.155391
0.200729
0.147461
0.113697
0.168692
0.349341
0.078974
0.095984
0.129109
0.082363
0.084026
0.116319
0.085369
0.116895
0.088758
0.083323
0.117278
0.121179
0.129364
0.098350
0.094513
0.090868
0.113122
0.139916
0.121499
0.275227
0.079102
0.069638
0.078974
0.118493
0.101292
0.095409
0.141450
0.185701
0.202328
0.227651
0.107271
0.092803
0.194142
0.355416
0.121403
0.218570
0.147781
0.122202
0.077887
0.082523
0.083626
0.159164
0.118110
0.190945
0.132434
0.154495
0.245556
0.093618
0.073091
0.094513
0.090037
0.093394
0.113250
0.381443
0.136015
0.149508
0.306625
0.356439
0.293836
0.230208
0.184998
0.159483
0.129748
0.118238
0.086008
0.090101
0.139788
0.227075
0.292365
0.146566
0.271774
0.081148
0.146054
0.165558
0.295434
0.336040
0.305474
0.275035
0.210641
0.263844
0.335017
0.582683
0.282645
0.185446
0.142090
0.091060
0.089462
0.110500
0.152321
0.148037
0.192224
0.141706
0.106727
0.143177
0.086072
0.092595
0.083898
0.150019
0.266594
0.087032
0.245748
0.198555
0.263269
0.463678
0.454726
0.440402
0.241527
0.098350
0.105512
0.094641
0.074178
0.095600
0.114337
0.098350
0.108774
0.249840
0.100013
0.115776
0.119660
0.086712
0.088119
0.079294
0.109988
0.083387
0.258985
0.342115
0.261351
0.096752
0.147269
0.201305
0.240056
0.106791
0.084857
0.138317
0.092979
0.080637
0.110820
0.128981
0.162809
0.176365
0.152385
0.164151
0.146822
0.136143
0.173360
0.151810
0.147717
0.111523
0.138125
0.225668
0.364753
0.370252
0.150723
0.189091
0.307904
0.276186
0.122202
0.165047
0.161721
0.113761
0.097455
0.109285
0.158204
0.203479
0.163832
0.324914
0.242806
0.113761
0.112482
0.117406
0.132817
0.189346
0.256555
0.357782
0.371787
0.250032
0.248178
0.268001
0.173488
0.116383
0.117342
0.132114
0.149060
0.117598
0.104745
0.105576
0.162553
0.115424
0.107814
0.107239
0.115232
0.119197
0.152257
0.120156
0.148037
0.229505
0.461184
0.477171
0.414631
0.282581
0.312764
0.489321
0.208339
0.172209
0.204694
0.172784
0.152385
0.097775
0.147269
0.252334
0.215820
0.224965
0.145223
0.201624
0.151618
0.156606
0.149955
0.178539
0.185126
0.371339
0.387837
0.245108
0.329710
0.363665
0.291789
0.308160
0.292045
0.183719
0.224581
0.129300
0.194654
0.162169
0.163512
0.171825
0.148612
0.296010
0.200921
0.160379
0.209490
0.217093
0.239596
0.422369
0.564599
0.611811
0.505001
0.492365
0.479729
0.477427
0.348574
0.485618
0.492608
0.268199
0.151189
0.147723
0.138496
0.190753
0.178757
0.218781
0.226672
0.179511
0.150090
0.142461
0.195428
0.131180
0.134013
0.134378
0.158115
0.326563
0.409592
0.366984
0.296470
0.219983
0.250333
0.178571
0.182939
0.271499
0.214478
0.169331
0.136462
0.177580
0.154943
0.143049
0.193311
0.253037
0.139532
0.146886
0.121755
0.142026
0.117598
0.103210
0.144008
0.232766
0.300166
0.439570
0.522573
0.147653
0.182824
0.423264
0.157181
0.139340
0.165430
0.147078
0.179435
0.155135
0.131155
0.153153
0.250671
0.150147
0.124057
0.124440
0.167732
0.101611
0.090037
0.093682
0.148740
0.109157
0.237562
0.359765
0.189155
0.191073
0.208850
0.176237
0.146630
0.175726
0.149763
0.146879
0.165347
0.134269
0.142000
0.138944
0.194322
0.246342
0.183623
0.334480
0.318091
0.214075
0.411741
0.212610
0.241111
0.218845
0.307264
0.252551
0.172701
0.180707
0.174946
0.169593
0.184742
0.175783
0.180202
0.174031
0.140155
0.182976
0.165506
0.123295
0.143020
0.237498
0.216716
0.314938
0.351516
0.340581
0.401778
0.358422
0.385152
0.267042
0.196956
0.355579
0.230581
0.278230
0.204728
0.186105
0.235146
0.218228
0.182113
0.203613
0.175278
0.206868
0.204796
0.187313
0.329288
0.247832
0.234941
0.256778
0.215430
0.234755
0.214158
0.176141
0.233393
0.314260
0.266025
0.437665
0.243471
0.232619
0.199054
0.437415
0.244577
0.187626
0.166364
0.163595
0.126560
0.129945
0.165497
0.191906
0.207604
0.141467
0.174583
0.197760
0.362181
0.124529
0.124581
0.160193
0.137614
0.142410
0.330669
0.160187
0.312060
0.286642
0.378565
0.274485
0.174396
0.251791
0.115859
0.119785
0.191265
0.219063
0.395549
0.225285
0.281833
0.162514
0.152488
0.165533
0.164976
0.109413
0.120022
0.134825
0.105979
0.228194
0.314631
0.335190
0.600051
0.438496
0.302449
0.338988
0.419063
0.181366
0.123795
0.119964
0.106983
0.123225
0.181993
0.106024
0.201177
0.154623
0.118621
0.129236
0.318071
0.122138
0.198235
0.116703
0.138701
0.138253
0.126359
0.142953
0.147589
0.162489
0.103530
0.222343
0.153728
0.138765
0.178220
0.149316
0.134160
0.154751
0.115104
0.131219
0.227970
0.148101
0.136526
0.140427
0.180522
0.093043
0.098350
0.329134
0.162617
0.166326
0.133777
0.120604
0.123481
0.142473
0.173296
0.182248
0.222023
0.126934
0.112291
0.176173
0.110052
0.137038
0.118621
0.144264
0.106344
0.159931
0.119581
0.251119
0.380100
0.183208
0.243062
0.210769
0.354585
0.284435
0.139468
0.344673
0.097583
0.112035
0.143752
0.167988
0.212303
0.126679
0.151746
0.120220
0.128661
0.126103
0.156670
0.100524
0.103210
0.150531
0.189666
0.150019
0.268768
0.235196
0.149316
0.282197
0.135823
0.315194
0.422241
0.271902
0.106663
0.149124
0.148101
0.103018
0.100524
0.172592
0.120668
0.096176
0.088758
0.090772
0.133825
0.154264
0.103542
0.091124
0.105129
0.111459
0.156925
0.109029
0.103626
0.131171
0.099054
0.283476
0.140491
0.099885
0.126679
0.199834
0.205333
0.153472
0.258793
0.119581
0.099949
0.100141
0.134352
0.111395
0.132562
0.106216
0.178156
0.282325
0.147397
0.153600
0.177324
0.180522
0.327472
0.176237
0.221064
0.121563
0.086584
0.095025
0.279064
0.162169
0.481328
0.407661
0.147142
0.203159
0.233022
0.136271
0.116191
0.107622
0.129876
0.097903
0.234045
0.184806
0.085561
0.095920
0.128469
0.129684
0.128981
0.199578
0.321972
0.279575
0.164215
0.092979
0.240824
0.381507
0.339557
0.383681
0.157501
0.184550
0.106152
0.089909
0.134608
0.110308
0.113442
0.131219
0.179115
0.343266
0.114529
0.121243
0.131603
0.080189
0.090613
0.236092
0.113697
0.104169
0.174127
0.287697
0.321461
0.269216
0.195869
0.178731
0.238266
0.207635
0.159483
0.178284
0.166581
0.146054
0.136654
0.161849
0.234173
0.206548
0.267809
0.236092
0.162425
0.167285
0.162617
0.419875
0.317432
0.454854
0.466044
0.688579
0.414311
0.373002
0.298695
0.269472
0.525771
0.352986
0.360020
0.317176
0.268960
0.205909
0.195549
0.173424
0.249009
0.253549
0.227395
0.196828
0.257066
0.507226
0.455109
0.374472
0.448139
0.489129
0.513301
0.474549
0.512470
0.425694
0.429147
0.506075
0.695102
0.645671
0.256555
0.210065
0.196828
0.166262
0.147717
0.142218
0.234621
0.235132
0.198875
0.360020
0.234813
0.302085
0.244405
0.255659
0.419491
0.466748
0.469625
0.557616
0.446604
0.416805
0.360340
0.402161
0.354393
0.241719
0.178348
0.228993
0.153344
0.156350
0.134352
0.155455
0.207379
0.207252
0.152961
0.176685
0.345505
0.179499
0.381826
0.296457
0.203223
0.386814
0.406318
0.333546
0.473526
0.572196
0.365200
0.319606
0.515411
0.287249
0.191840
0.183975
0.215948
0.170290
0.167477
0.196764
0.181481
0.256363
0.209362
0.293772
0.355416
0.178412
0.352091
0.272158
0.407533
0.777273
0.513493
0.415718
0.315641
0.333163
0.331053
0.524044
0.327280
0.214989
0.205269
0.158140
0.172656
0.174511
0.164663
0.175790
0.220105
0.123929
0.128469
0.140683
0.188323
0.167413
0.155007
0.143241
0.200026
0.231871
0.493030
0.358869
0.368206
0.359189
0.349277
0.395959
0.320182
0.464382
0.198938
0.157885
0.161785
0.187556
0.166326
0.173488
0.227267
0.183208
0.192608
0.189986
0.283412
0.184678
0.369549
0.298951
0.260391
0.323379
0.375943
0.535235
0.549942
0.456452
0.435478
0.413800
0.393976
0.244021
0.195421
0.232063
0.185190
0.206804
0.170418
0.162425
0.287633
0.159867
0.233981
0.311613
0.223046
0.231296
0.196253
0.234365
0.369485
0.321141
0.347167
0.395447
0.487850
0.598990
0.531526
0.564842
0.509848
0.366799
0.380419
0.357527
0.264420
0.244916
0.195677
0.190114
0.260200
0.270495
0.423967
0.494053
0.512598
0.613058
0.536769
0.367055
0.814938
0.848958
0.886430
0.725924
0.681993
0.757322
0.580893
0.577120
0.721448
0.473142
0.401522
0.417700
0.336232
0.338726
0.282837
0.246579
0.310845
0.326576
0.274907
0.443919
0.529352
0.539455
0.418724
0.590037
0.520335
0.504988
0.568103
0.618302
0.592275
0.516306
0.449162
0.501407
0.738841
0.566185
0.497250
0.481136
0.417892
0.426653
0.343778
0.330925
0.333610
0.337511
0.316537
0.387134
0.481583
0.505499
0.517905
0.454022
0.362514
0.482926
0.321205
0.224134
0.388605
0.315258
0.484525
0.477810
0.691904
0.375368
0.418724
0.269024
0.242230
0.203990
0.171569
0.189027
0.205269
0.277081
0.292812
0.356439
0.339430
0.340709
0.338598
0.388285
0.548664
0.723430
0.654879
0.615616
0.618238
1.000000
0.819542
0.621627
0.670930
0.634288
0.447947
0.331117
0.307392
0.341028
0.266466
0.287057
0.332012
0.185893
0.194398
0.332971
0.239800
0.307968
0.299719
0.323699
0.439442
0.254700
0.401970
0.413608
0.519120
0.455813
0.464190
0.469050
0.344290
0.427420
0.266978
0.215053
0.235452
0.177388
0.233726
0.207060
0.253293
0.214286
0.211792
0.187940
0.225029
0.196125
0.414567
0.556145
0.701816
0.698875
0.570597
0.591188
0.552117
0.443599
0.475572
0.397046
0.396662
0.542589
0.368909
0.332971
0.284755
0.248881
0.213199
0.240952
0.172528
0.226691
0.193759
0.288592
0.388797
0.498593
0.512278
0.343458
0.564970
0.515795
0.605640
0.603786
0.610820
0.657373
0.583898
0.570022
0.595025
0.371723
0.214605
0.179946
0.183272
0.167541
0.164535
0.205525
0.220808
0.228418
0.328878
0.215501
0.536961
0.335145
0.329454
0.290766
0.287888
0.390331
0.485804
0.467707
0.483246
0.284563
0.297992
0.359701
0.293772
0.257706
0.260775
0.301509
0.366991
0.266530
0.247986
0.174127
0.199002
0.168628
0.195485
0.184487
0.211984
0.295690
0.279320
0.350620
0.396023
0.314938
0.421985
0.357654
0.492326
0.375176
0.283540
0.240376
0.206996
0.221959
0.186853
0.144264
0.165175
0.180394
0.099629
0.108134
0.097007
0.099309
0.119069
0.240312
0.298759
0.262566
0.202392
0.183975
0.150275
0.211792
0.385855
0.259048
0.296457
0.365968
0.296905
0.301893
0.305282
0.210897
0.164663
0.140555
0.149572
0.206548
0.226500
0.206996
0.163192
0.139852
0.169843
0.278041
0.181225
0.214414
0.133585
0.392825
0.369740
0.264868
0.418724
0.338279
0.217611
0.269792
0.202583
0.182120
0.166773
0.141003
0.160826
0.104041
0.102699
0.126423
0.114177
0.113426
0.131946
0.212315
0.145159
0.283220
0.204182
0.256363
0.252782
0.184550
0.109413
0.122138
0.183463
0.285267
0.229057
0.263589
0.304962
0.273564
0.348126
0.321780
0.297864
0.240568
0.252398
0.198235
0.216012
0.121947
0.177292
0.159531
0.186661
0.348190
0.215373
0.187044
0.383809
0.366959
0.334298
0.241583
0.289103
0.360212
0.309055
0.345888
0.232063
0.252206
0.254508
0.189474
0.158332
0.141386
0.166965
0.161338
0.134544
0.166773
0.112163
0.117214
0.119069
0.116831
0.146438
0.172656
0.277209
0.107047
0.109669
0.136526
0.193759
0.114784
0.111715
0.128405
0.106024
0.152513
0.262310
0.200985
0.411498
0.158396
0.124121
0.146182
0.088183
0.095537
0.117982
0.102315
0.122778
0.264420
0.179307
0.170738
0.263972
0.102826
0.281686
0.478642
0.177324
0.160187
0.129045
0.134096
0.174063
0.124121
0.251822
0.187428
0.084343
0.100748
0.099130
0.095447
0.091374
0.085714
0.091450
0.113282
0.112220
0.166473
0.136322
0.151982
0.156318
0.206324
0.178188
0.211862
0.222682
0.219497
0.192358
0.167860
0.136213
0.151151
0.133176
0.119267
0.103076
0.114145
0.087096
0.103338
0.109221
0.106344
0.121883
0.156861
0.108006
0.089398
0.143113
0.194398
0.316601
0.191521
0.111587
0.140107
0.257897
0.336360
0.210129
0.170482
0.171122
0.144712
0.141067
0.119708
0.126167
0.098926
0.113058
0.090037
0.088183
0.110628
0.101611
0.174511
0.111012
0.202008
0.131283
0.338151
0.116255
0.169715
0.144520
0.213327
0.272925
0.146502
0.114912
0.130963
0.268832
0.377414
0.190306
0.160251
0.166901
0.097327
0.087287
0.112291
0.092403
0.201752
0.152257
0.238522
0.160762
0.175022
0.273756
0.198427
0.182248
0.158460
0.288848
0.243318
0.253613
0.261542
0.545914
0.522317
0.457092
0.463614
0.394871
0.385983
0.273437
0.259304
0.196253
0.150595
0.226627
0.111587
0.131858
0.194334
0.150019
0.266978
0.219274
0.189538
0.274779
0.381443
0.205845
0.268768
0.328111
0.213199
0.197915
0.223750
0.259112
0.373385
0.329518
0.269152
0.140555
0.112866
0.201688
0.157885
0.134928
0.120540
0.140363
0.166134
0.107047
0.107814
0.108582
0.162745
0.144584
0.180522
0.154432
0.217163
0.343394
0.317112
0.182248
0.252782
0.164663
0.114721
0.188451
0.264420
0.183847
0.190945
0.204438
0.169843
0.166454
0.101036
0.104489
0.189027
0.260775
0.236283
0.170482
0.237179
0.337831
0.308096
0.470329
0.444302
0.375687
0.312316
0.219210
0.203479
0.458562
0.367310
0.530822
0.387773
0.254125
0.245875
0.151170
0.133649
0.169715
0.116383
0.112163
0.152577
0.262374
0.211664
0.729569
0.569702
0.338087
0.299591
0.299527
0.408492
0.466684
0.517777
0.451209
0.373513
0.509912
0.428124
0.337703
0.296969
0.219529
0.210960
0.128469
0.168628
0.157821
0.185701
0.110436
0.177772
0.179371
0.268704
0.255659
0.298568
0.407213
0.420770
0.260327
0.219146
0.272349
0.419811
0.620156
0.605512
0.538496
0.522381
0.489321
0.440338
0.430810
0.412137
0.246451
0.229697
0.242486
0.146886
0.205269
0.237179
0.314043
0.377734
0.204694
0.250032
0.217931
0.283668
0.255467
0.359253
0.502366
0.759624
0.624185
0.771007
0.614465
0.584666
0.627382
0.491943
0.356887
0.311677
0.205077
0.182440
0.212048
0.202136
0.154112
0.164791
0.200153
0.342755
0.291214
0.444047
0.366159
0.474357
0.346975
0.338534
0.400115
0.466556
0.573859
0.496931
0.522829
0.502494
0.654815
0.665622
0.507929
0.347871
0.323443
0.231935
0.181225
0.243126
0.220425
0.264484
0.234365
0.318711
0.446029
0.394104
0.397813
0.396918
0.434518
0.468282
0.526730
0.638253
0.633905
0.785011
0.783988
0.590485
0.497122
0.479025
0.368653
0.287313
0.223878
0.275419
0.203543
0.222919
0.131922
0.198875
0.211024
0.210960
0.402289
0.280599
0.214030
0.294539
0.298695
0.318967
0.390651
0.400051
0.400755
0.375623
0.341284
0.378501
0.450249
0.381634
0.314554
0.287697
0.236539
0.182120
0.139020
0.163128
0.129428
0.178859
0.269344
0.291086
0.230336
0.207699
0.250927
0.471480
0.473526
0.505116
0.374664
0.399156
0.372618
0.519056
0.420003
0.307009
0.312444
0.256938
0.177388
0.126615
0.128085
0.101228
0.148612
0.124313
0.140171
0.142793
0.161658
0.204566
0.241015
0.262502
0.212623
0.255851
0.292173
0.412265
0.517585
0.574882
0.575777
0.599757
0.756555
0.710065
0.534084
0.441617
0.319734
0.283540
0.253613
0.293068
0.243318
0.188707
0.181097
0.229185
0.146054
0.166709
0.189346
0.239609
0.172592
0.246515
0.207188
0.203223
0.338470
0.259432
0.228546
0.286354
0.369868
0.509272
0.456388
0.287377
0.215884
0.130260
0.161274
0.145095
0.151170
0.133009
0.175982
0.245364
0.143561
0.130260
0.157309
0.238458
0.298632
0.443599
0.306561
0.321972
0.623993
0.576352
0.431833
0.469050
0.452104
0.439378
0.455237
0.427101
0.365776
0.269983
0.237690
0.322484
0.301445
0.298695
0.272222
0.265827
0.202583
0.208083
0.246899
0.292557
0.380164
0.493669
0.292173
0.360340
0.557488
0.669971
0.471736
0.390267
0.473270
0.528648
0.507865
0.428955
0.245300
0.203798
0.230784
0.163960
0.152002
0.210065
0.155455
0.228418
0.169331
0.187876
0.255851
0.380803
0.380164
0.285778
0.220169
0.221959
0.265059
0.340836
0.388221
0.282709
0.262885
0.306561
0.318775
0.342755
0.237946
0.216588
0.186405
0.171313
0.152449
0.201368
0.164087
0.187684
0.164407
0.158908
0.171825
0.231935
0.317816
0.291597
0.258793
0.313595
0.372490
0.449610
0.647909
0.496675
0.464318
0.375815
0.289807
0.250544
0.278105
0.214030
0.179243
0.149188
0.150978
0.152705
0.155455
0.252142
0.163640
0.200473
0.235324
0.268896
0.233789
0.409899
0.330093
0.399731
0.500384
0.768896
0.520783
0.506587
0.491495
0.488426
0.608070
0.532677
0.422880
0.321652
0.272669
0.232063
0.198491
0.186661
0.210705
0.188643
0.242422
0.287377
0.296905
0.399348
0.369101
0.527305
0.445006
0.485100
0.640555
0.646374
0.695230
0.581276
0.643497
0.506906
0.455109
0.391930
0.328175
0.206548
0.222599
0.252974
0.193183
0.165111
0.169075
0.243509
0.213774
0.181929
0.244213
0.308096
0.301253
0.478194
0.416805
0.485036
0.505116
0.788976
0.896790
0.716588
0.622330
0.576864
0.495396
0.472311
0.355352
0.297225
0.288080
0.247666
0.319926
0.218123
0.229569
0.284755
0.242486
0.207124
0.223942
0.314490
0.283156
0.408876
0.325233
0.378117
0.578143
0.525643
0.514132
0.636271
0.659867
0.558447
0.468346
0.453958
0.322100
0.223302
0.252718
0.224901
0.221384
0.271390
0.159291
0.273117
0.221640
0.208594
0.218762
0.310398
0.316792
0.490408
0.425694
0.472375
0.497314
0.647269
0.406574
0.567400
0.468282
0.442064
0.431641
0.403376
0.341348
0.257066
0.242998
0.215948
0.222535
0.297992
0.272797
0.261862
0.360788
0.577695
0.366287
0.307776
0.249456
0.400882
0.272733
0.336616
0.601739
0.681929
0.723558
0.668883
0.567208
0.576992
0.545786
0.467707
0.307584
0.278488
0.289679
0.241975
0.239033
0.214478
0.190434
0.304323
0.303939
0.208658
0.155391
0.249456
0.160890
0.193439
0.314299
0.279767
0.361299
0.361811
0.343011
0.321972
0.390012
0.421281
0.481903
0.342883
0.372746
0.283029
0.169971
0.152769
0.162425
0.179882
0.159291
0.299015
0.315577
0.310845
0.192672
0.244660
0.272605
0.198683
0.240184
0.220105
0.369932
0.700729
0.587159
0.529671
0.525323
0.490920
0.564970
0.345249
0.220680
0.199002
0.280471
0.207699
0.188323
0.158460
0.136462
0.228354
0.228674
0.247282
0.198683
0.272413
0.264420
0.279639
0.241783
0.281750
0.324722
0.441617
0.394104
0.336808
0.342819
0.408236
0.320310
0.273181
0.212239
0.170162
0.122458
0.111651
0.139596
0.122138
0.113058
0.189858
0.161977
0.506842
0.313851
0.252078
0.202136
0.282581
0.327216
0.338087
0.441489
0.439506
0.432856
0.417253
0.427484
0.360340
0.320757
0.319670
0.329838
0.240376
0.206037
0.162553
0.145159
0.174191
0.161530
0.260391
0.263589
0.352219
0.218506
0.294219
0.316345
0.258473
0.260903
0.312892
0.385343
0.487850
0.553012
0.611076
0.649316
0.620284
0.488298
0.381379
0.301701
0.268640
0.288592
0.285714
0.285778
0.251695
0.186789
0.269600
0.208594
0.311229
0.285203
0.444622
0.213902
0.198747
0.247474
0.295306
0.297864
0.273181
0.315258
0.640555
0.305666
0.299910
0.542844
0.321524
0.217739
0.192224
0.178667
0.255595
0.131603
0.135823
0.123098
0.197723
0.339238
0.355544
0.358805
0.406446
0.374920
0.346911
0.469881
0.449610
0.420194
0.487466
0.399028
0.455685
0.369165
0.333227
0.397365
0.552564
0.300934
0.300550
0.164279
0.132881
0.175470
0.181417
0.198683
0.214030
0.180650
0.214542
0.309950
0.247026
0.237562
0.247794
0.477938
0.411306
0.594194
0.605448
0.523341
0.819095
0.552820
0.575585
0.414951
0.360788
0.291789
0.307968
0.159867
0.145287
0.154240
0.159547
0.182824
0.182312
0.236603
0.216268
0.226244
0.482415
0.612930
0.504093
0.300870
0.298632
0.285906
0.255787
0.355416
0.723174
0.446924
0.385024
0.717547
0.243957
0.200153
0.186789
0.142026
0.148996
0.101356
0.104425
0.111651
0.109413
0.136910
0.248817
0.159036
0.232638
0.256874
0.278936
0.235132
0.227139
0.248114
0.315769
0.382338
0.271518
0.288016
0.261606
0.284307
0.299399
0.174511
0.137102
0.152833
0.154879
0.155071
0.120092
0.131730
0.135567
0.106727
0.195613
0.264100
0.353818
0.383425
0.210769
0.228802
0.225412
0.282709
0.376135
0.353498
0.329134
0.289551
0.296074
0.299463
0.253869
0.163448
0.150211
0.141067
0.158972
0.107239
0.144520
0.095473
0.150467
0.173743
0.176429
0.351899
0.364369
0.317112
0.211216
0.226052
0.229057
0.351899
0.471799
0.330157
0.349533
0.309822
0.268129
0.269472
0.256810
0.161018
0.131091
0.138701
0.121883
0.134224
0.167285
0.107175
0.157565
0.178603
0.188131
0.199962
0.190817
0.169907
0.198427
0.181225
0.170354
0.304003
0.313595
0.266338
0.261095
0.253997
0.219465
0.197787
0.242550
0.145351
0.130515
0.110436
0.130963
0.154495
0.141450
0.151106
0.157757
0.099118
0.186341
0.295818
0.287761
0.205269
0.191840
0.130707
0.113889
0.134096
0.180714
0.171377
0.231487
0.137805
0.125783
0.134288
0.095600
0.081021
0.091316
0.093618
0.090613
0.127638
0.128469
0.111331
0.145095
0.111076
0.187620
0.162105
0.140363
0.295434
0.272541
0.121947
0.205589
0.268960
0.108582
0.202967
0.174831
0.100908
0.122522
0.142410
0.101995
0.136079
0.093746
0.085369
0.112930
0.117406
0.085689
0.125783
0.135631
0.103850
0.130835
0.121499
0.201560
0.234045
0.162745
0.363729
0.238649
0.179371
0.161210
0.319414
0.674894
0.630004
0.559343
0.311037
0.136015
0.113825
0.127958
0.096112
0.103274
0.094961
0.150723
0.142090
0.172848
0.088758
0.089142
0.089909
0.147973
0.099501
0.113825
0.097583
0.091444
0.267617
0.292493
0.228993
0.247474
0.233278
0.184678
0.197851
0.145159
0.141067
0.100652
0.097135
0.099181
0.112994
0.138509
0.141386
0.135823
0.185765
0.226052
0.139596
0.145863
0.165239
0.145927
0.115232
0.113378
0.203798
0.137741
0.141514
0.166134
0.167157
0.250288
0.332971
0.260136
0.206228
0.113889
0.100013
0.225157
0.118302
0.133201
0.279895
0.340069
0.148165
0.246195
0.194079
0.217611
0.179371
0.286290
0.284947
0.161274
0.284691
0.189155
0.197979
0.238522
0.171377
0.336872
0.372554
0.321013
0.219657
0.159036
0.111076
0.122778
0.135056
0.147461
0.115488
0.168500
0.142537
0.114657
0.098030
0.139980
0.127830
0.117023
0.141898
0.158716
0.234621
0.306561
0.241143
0.184614
0.227906
0.200026
0.202711
0.137166
0.098990
0.134288
0.106663
0.109349
0.110436
0.172912
0.163256
0.288272
0.262374
0.282197
0.172784
0.181929
0.299910
0.188004
0.272222
0.316281
0.366927
0.216396
0.339430
0.348254
0.349725
0.341412
0.280087
0.238010
0.137294
0.117790
0.164087
0.162553
0.125847
0.140107
0.157757
0.267170
0.216460
0.186341
0.312828
0.275675
0.180010
0.159036
0.160570
0.186916
0.283284
0.272797
0.292940
0.329965
0.317112
0.374536
0.389308
0.157309
0.177644
0.167541
0.118110
0.138189
0.115552
0.136271
0.178923
0.176749
0.166773
0.200537
0.383937
0.333099
0.218570
0.279575
0.263269
0.159100
0.312892
0.289871
0.328431
0.318071
0.273628
0.226052
0.232063
0.199258
0.251759
0.147078
0.138381
0.117214
0.154368
0.132881
0.131730
0.125208
0.235900
0.232638
0.148165
0.140171
0.180394
0.252462
0.226563
0.199514
0.221064
0.404911
0.304323
0.205909
0.219082
0.194015
0.212751
0.164471
0.143305
0.175342
0.131603
0.126039
0.116127
0.155710
0.130260
0.198747
0.120092
0.122586
0.284307
0.253421
0.163000
0.365136
0.406702
0.240760
0.267234
0.408045
0.359189
0.540542
0.463742
0.381059
0.301253
0.282965
0.162425
0.141131
0.154751
0.109988
0.110500
0.157245
0.119325
0.187684
0.147909
0.220808
0.214286
0.126103
0.141834
0.129684
0.118749
0.174511
0.341092
0.186085
0.183591
0.283796
0.191840
0.152257
0.180714
0.116511
0.138509
0.106471
0.103018
0.125911
0.171505
0.128853
0.122202
0.232638
0.119453
0.175342
0.298504
0.261734
0.171761
0.274460
0.387645
0.273373
0.360468
0.358742
0.487211
0.560366
0.481264
0.522573
0.301893
0.197915
0.141514
0.149380
0.111331
0.154048
0.170354
0.158652
0.148740
0.169395
0.152449
0.180969
0.182568
0.245364
0.251886
0.237434
0.283412
0.263461
0.322867
0.390203
0.377606
0.325745
0.273820
0.227906
0.262054
0.149252
0.155647
0.148484
0.126359
0.177197
0.175342
0.135375
0.132306
0.199578
0.144648
0.195038
0.361427
0.164279
0.251759
0.174191
0.215693
0.201113
0.320246
0.373321
0.399795
0.287185
0.283540
0.271007
0.328047
0.180778
0.121755
0.128853
0.140427
0.115808
0.150850
0.127830
0.133585
0.185254
0.175598
0.211920
0.366991
0.258601
0.253421
0.227203
0.433303
0.291533
0.340133
0.386239
0.389756
0.377094
0.321141
0.313915
0.289487
0.246131
0.189091
0.143177
0.131794
0.171250
0.195421
0.206164
0.156094
0.156222
0.191265
0.201688
0.283220
0.383297
0.570150
0.392314
0.401394
0.410219
0.563371
0.480240
0.542525
0.451464
0.383105
0.363154
0.464190
0.342115
0.314618
0.224325
0.199962
0.164919
0.222982
0.178539
0.142026
0.219210
0.146118
0.147781
0.199514
0.192032
0.189538
0.162745
0.142729
0.229121
0.180650
0.144328
0.338662
0.337895
0.198811
0.181673
0.182696
0.191840
0.163896
0.108006
0.104233
0.106024
0.146630
0.124440
0.117214
0.238585
0.254700
0.217739
0.179435
0.236411
0.155391
0.241783
0.139020
0.341796
0.253805
0.211152
0.273245
0.192224
0.142921
0.206164
0.230848
0.147078
0.120028
0.106152
0.133009
0.139148
0.098158
0.116063
0.140235
0.247730
0.128725
0.149891
0.163384
0.200026
0.136654
0.132306
0.135887
0.356567
0.703031
0.708019
0.280535
0.299527
0.281494
0.286546
0.200026
0.176173
0.136910
0.143561
0.119197
0.164087
0.128021
0.138125
0.146246
0.229249
0.105768
0.106727
0.105065
0.144200
0.122522
0.168756
0.229057
0.143944
0.303108
0.315705
0.152385
0.154559
0.212623
0.175406
0.160634
0.176365
0.125719
0.202008
0.116191
0.121371
0.118046
0.129492
0.131539
0.238202
0.117342
0.173935
0.201944
0.262374
0.136462
0.143241
0.212751
0.200537
0.339366
0.457539
0.302085
0.257770
0.229633
0.304451
0.373961
0.230145
0.173296
0.129876
0.170546
0.123673
0.190370
0.144136
0.122522
0.221128
0.161018
0.151810
0.225604
0.201880
0.341924
0.404208
0.417700
0.279959
0.214158
0.420258
0.606407
0.398325
0.282645
0.206548
0.247474
0.179179
0.159739
0.115936
0.152577
0.157053
0.119900
0.118302
0.115040
0.111843
0.126615
0.275355
0.382977
0.377286
0.309950
0.265635
0.241591
0.562284
0.433623
0.356503
0.319222
0.324594
0.231360
0.225796
0.210001
0.203798
0.153344
0.118685
0.106024
0.180458
0.117151
0.102123
0.136974
0.253421
0.128981
0.108262
0.154240
0.132881
0.299399
0.122074
0.126423
0.203734
0.244852
0.364369
0.209809
0.254508
0.246387
0.162169
0.143241
0.119389
0.127574
0.138445
0.125911
0.096943
0.091828
0.095984
0.165366
0.296457
0.149380
0.128405
0.143880
0.190561
0.149699
0.166070
0.137997
0.183783
0.186021
0.231296
0.433815
0.327088
0.263269
0.257961
0.251759
0.193695
0.114657
0.105640
0.117982
0.128469
0.199130
0.111203
0.129812
0.271454
0.118302
0.119708
0.163512
0.202328
0.288208
0.164599
0.191329
0.559790
0.615552
0.597711
0.378885
0.319414
0.260647
0.249265
0.263333
0.163128
0.138381
0.145991
0.130004
0.115296
0.151874
0.123098
0.127254
0.226180
0.137102
0.171313
0.157373
0.164279
0.157629
0.156158
0.241335
0.205973
0.200537
0.517585
0.183208
0.171889
0.239353
0.232383
0.204374
0.162041
0.138892
0.176557
0.153153
0.172592
0.166006
0.183208
0.179051
0.268321
0.168500
0.155263
0.228482
0.314618
0.243829
0.305666
0.179563
0.260775
0.221000
0.184167
0.311613
0.301125
0.219274
0.238202
0.258025
0.227715
0.139788
0.122138
0.129173
0.150850
0.124760
0.170994
0.169075
0.216076
0.128789
0.115744
0.112930
0.237818
0.234237
0.138765
0.205461
0.569446
0.528296
0.487147
0.639468
0.375112
0.367183
0.645543
0.682504
0.275355
0.173296
0.149891
0.128789
0.184934
0.110948
0.116895
0.158972
0.379205
0.264548
0.321588
0.333099
0.323059
0.420450
0.651490
0.435670
0.541118
0.587671
0.746195
0.774907
0.493605
0.382786
0.679435
0.373961
0.289871
0.225476
0.179307
0.167093
0.187236
0.146886
0.139660
0.120540
0.108582
0.135503
0.204118
0.243190
0.320757
0.195933
0.167732
0.181673
0.163128
0.225221
0.267106
0.173871
0.213838
0.172528
0.165494
0.191201
0.143049
0.143688
0.147525
0.139532
0.136079
0.134608
0.153217
0.119900
0.277145
0.100460
0.098990
0.102954
0.108965
0.097966
0.114848
0.097839
0.112866
0.164791
0.315130
0.230081
0.193823
0.127830
0.122650
0.154687
0.108390
0.129492
0.089781
0.098094
0.097391
0.097775
0.140235
0.092979
0.280023
0.086520
0.123801
0.075201
0.087159
0.185510
0.064970
0.077056
0.129684
0.194015
0.329006
0.219913
0.216076
0.135887
0.109605
0.122522
0.097966
0.122266
0.073986
0.107303
0.104745
0.108198
0.119517
0.106919
0.211984
0.095345
0.105576
0.067208
0.107111
0.066441
0.086008
0.139852
0.131858
0.239864
0.174191
0.201241
0.181481
0.212879
0.150083
0.166326
0.113506
0.100780
0.119197
0.098478
0.091572
0.133777
0.122266
0.101611
0.207316
0.107814
0.087351
0.129940
0.141834
0.136399
0.124313
0.120732
0.130260
0.251950
0.459074
0.307648
0.292109
0.249520
0.231871
0.315450
0.186021
0.144839
0.103338
0.089206
0.120859
0.115680
0.144008
0.099821
0.167668
0.354905
0.575201
0.504796
0.361811
0.164087
0.200026
0.180202
0.342627
0.261478
0.255212
0.403888
0.235132
0.224645
0.365264
0.339877
0.130899
0.203159
0.109669
0.099757
0.131411
0.089334
0.139340
0.090613
0.160506
0.146054
0.162872
0.282197
0.179243
0.147525
0.130068
0.185318
0.274715
0.395255
0.256491
0.288336
0.239928
0.260455
0.231743
0.195613
0.153792
0.107111
0.105704
0.155263
0.092083
0.098990
0.129556
0.113122
0.217739
0.107047
0.142729
0.114273
0.140235
0.120476
0.123673
0.130643
0.253037
0.514772
0.590229
0.253165
0.248369
0.292557
0.257961
0.189155
0.142154
0.150147
0.133073
0.118685
0.114081
0.093170
0.112163
0.131922
0.227267
0.115488
0.100269
0.144328
0.148740
0.173552
0.208658
0.390075
0.375176
0.385088
0.540223
0.298887
0.277849
0.257130
0.338982
0.200921
0.185446
0.110692
0.101036
0.087223
0.168116
0.100460
0.132306
0.100396
0.211664
0.144712
0.129045
0.126679
0.192927
0.174703
0.289935
0.186021
0.432984
0.435158
0.579166
0.491815
0.386878
0.382786
0.402673
0.287121
0.236219
0.152449
0.148037
0.162489
0.216908
0.153728
0.167477
0.106727
0.211984
0.146566
0.176557
0.160634
0.208083
0.171825
0.267234
0.480368
0.297097
0.437076
0.643369
0.357910
0.327024
0.315450
0.330477
0.310398
0.293580
0.193951
0.146694
0.125080
0.162745
0.151426
0.126359
0.149508
0.221831
0.119900
0.133521
0.092787
0.153984
0.116255
0.124568
0.155902
0.199386
0.388413
0.344034
0.372554
0.292940
0.245236
0.263205
0.286673
0.354457
0.327216
0.286354
0.208594
0.230464
0.161785
0.157437
0.177452
0.189410
0.133329
0.150467
0.173807
0.303875
0.167732
0.198491
0.172145
0.390587
0.470776
0.329965
0.236283
0.230720
0.252526
0.237818
0.303491
0.124440
0.134736
0.170354
0.116511
0.130835
0.105768
0.110500
0.120923
0.167988
0.091444
0.122778
0.239481
0.166390
0.129364
0.298632
0.101228
0.097711
0.254189
0.349277
0.098030
0.199450
0.129109
0.094130
0.108070
0.147653
0.111331
0.083706
0.082619
0.093298
0.107495
0.120540
0.087223
0.165878
0.083323
0.087223
0.080509
0.108134
0.098734
0.090741
0.089973
0.086136
0.136718
0.104041
0.102571
0.099885
0.142090
0.141898
0.189602
0.260583
0.106088
0.102251
0.148868
0.121179
0.090932
0.128853
0.091252
0.187812
0.111459
0.103402
0.084090
0.121435
0.098670
0.089078
0.114145
0.213838
0.136526
0.436501
0.435797
0.347615
0.456452
0.241463
0.214158
0.132562
0.114784
0.122714
0.161658
0.118238
0.090996
0.141258
0.108646
0.210385
0.122074
0.118941
0.122138
0.170546
0.138061
0.198747
0.209106
0.244021
0.402929
0.648101
0.331372
0.318135
0.250480
0.145607
0.155327
0.101611
0.092467
0.112291
0.131219
0.110756
0.094002
0.101356
0.112482
0.198299
0.110372
0.174575
0.123737
0.147717
0.091188
0.088247
0.184295
0.174127
0.404975
0.645799
0.421473
0.455621
0.360340
0.320182
0.374536
0.240056
0.182312
0.173616
0.150083
0.170162
0.197084
0.162617
0.191712
0.279256
0.246611
0.165606
0.235132
0.341796
0.208658
0.233022
0.237434
0.264484
0.485036
0.589078
0.510551
0.620923
0.442768
0.417061
0.350556
0.286290
0.311869
0.280343
0.201496
0.216076
0.197404
0.179435
0.206932
0.275035
0.162745
0.253101
0.279447
0.339813
0.279384
0.250735
0.259752
0.274843
0.324914
0.573922
0.748753
0.485484
0.425438
0.395959
0.666070
0.421729
0.298312
0.271582
0.252974
0.199322
0.207955
0.253997
0.228674
0.201049
0.172784
0.213135
0.240184
0.286098
0.495076
0.581212
0.574754
0.512981
0.432984
0.464446
0.481967
0.390523
0.395959
0.375432
0.256235
0.193503
0.149316
0.203479
0.176749
0.131027
0.131155
0.162553
0.119389
0.217547
0.148804
0.177452
0.128917
0.149891
0.095473
0.111971
0.101995
0.130451
0.124504
0.466300
0.329646
0.267489
0.171825
0.140875
0.145991
0.152641
0.105960
0.104553
0.141642
0.110052
0.120412
0.182568
0.119644
0.178156
0.120732
0.121627
0.106471
0.134480
0.098222
0.096752
0.095153
0.137550
0.223430
0.422880
0.131283
0.124696
0.204630
0.200217
0.132881
0.132370
0.120028
0.115808
0.177708
0.110756
0.111779
0.123993
0.136335
0.246515
0.099885
0.095153
0.100780
0.126998
0.091955
0.094449
0.090549
0.098606
0.136750
0.115952
0.149995
0.157809
0.139558
0.088004
0.079876
0.082175
0.066922
0.096321
0.058744
0.057956
0.057754
0.071817
0.066315
0.158589
0.070918
0.061325
0.045914
0.083323
0.045402
0.045914
0.045850
0.050006
0.171697
0.167221
0.216844
0.144072
0.082427
0.106535
0.084154
0.117790
0.067911
0.057936
0.056529
0.056913
0.057808
0.107814
0.061581
0.142026
0.060941
0.053971
0.051605
0.060877
0.038176
0.037601
0.056785
0.049879
0.184870
0.181673
0.137933
0.048536
0.074626
0.082555
0.095664
0.059151
0.051221
0.048600
0.045338
0.065290
0.054675
0.059215
0.048280
0.129364
0.076992
0.111587
0.209745
0.144967
0.220936
0.070022
0.083642
0.071237
0.084921
0.047640
0.048216
0.059726
0.056529
0.052181
0.091955
0.057104
0.059918
0.046617
0.057744
0.075042
0.121579
0.088319
0.091896
0.182730
0.086121
0.130540
0.247422
0.182223
0.100799
0.134713
0.141183
0.179877
0.168689
0.194525
0.161721
0.173871
0.128277
0.130579
0.129172
0.132370
0.138061
0.100652
0.104425
0.100205
0.099054
0.147333
0.114848
0.202072
0.117087
0.107303
0.129620
0.083195
0.078143
0.142633
0.174974
0.229097
0.294495
0.532495
0.300683
0.264646
0.264420
0.205736
0.164231
0.141316
0.123034
0.098683
0.107961
0.124114
0.087009
0.097891
0.112841
0.229250
0.115846
0.107757
0.101157
0.136642
0.102756
0.114359
0.110291
0.189824
0.377231
0.235357
0.197129
0.229921
0.182223
0.171563
0.166134
0.221448
0.115558
0.108965
0.082172
0.134032
0.094545
0.130627
0.095273
0.257514
0.292237
0.268609
0.196876
0.332515
0.300354
0.336134
0.206147
0.186876
0.254492
0.208307
0.125544
0.103338
0.092979
0.090421
0.124888
0.091828
0.090325
0.099949
0.108518
0.108262
0.168756
0.122458
0.084985
0.110372
0.095473
0.137677
0.276186
0.078271
0.336488
0.092851
0.083898
0.103402
0.237434
0.262566
0.150467
0.119581
0.117726
0.116447
0.141067
0.096815
0.080957
0.104105
0.084857
0.086840
0.123801
0.125783
0.102251
0.105320
0.101739
0.109733
0.131219
0.137933
0.163192
0.105129
0.099373
0.123481
0.248945
0.153856
0.227587
0.306433
0.131794
0.098222
0.133841
0.133329
0.093234
0.084793
0.084730
0.104617
0.103786
0.157629
0.089589
0.081212
0.104873
0.173743
0.365200
0.167221
0.117278
0.110500
0.127190
0.123929
0.141642
0.215820
0.137741
0.115552
0.187236
0.182440
0.271454
0.108198
0.128277
0.111267
0.084282
0.079550
0.085689
0.094066
0.120156
0.115680
0.088694
0.104553
0.157309
0.233789
0.336104
0.240440
0.323635
0.162361
0.148484
0.184167
0.208594
0.102954
0.114017
0.139596
0.103274
0.104361
0.147717
0.109093
0.122714
0.097199
0.099118
0.094322
0.145927
0.142090
0.116063
0.089270
0.074946
0.075649
0.121947
0.095409
0.074498
0.075329
0.201496
0.343266
0.122010
0.127638
0.106919
0.094194
0.096815
0.089078
0.137550
0.078782
0.074114
0.220553
0.139596
0.370827
0.118877
0.095984
0.094961
0.085817
0.077376
0.138701
0.074370
0.076289
0.081596
0.246515
0.293388
0.405870
0.185318
0.126039
0.138445
0.143177
0.138701
0.197532
0.120795
0.115936
0.115552
0.145287
0.138828
0.171761
0.137486
0.229697
0.156094
0.161146
0.136974
0.097263
0.090613
0.092147
0.124888
0.478770
0.361108
0.187940
0.155838
0.152002
0.152385
0.156414
0.148037
0.186916
0.138061
0.110052
0.111108
0.132354
0.157373
0.175598
0.167988
0.216268
0.116959
0.122586
0.139212
0.104617
0.086584
0.108774
0.082044
0.232766
0.311964
0.340085
0.191880
0.173348
0.180586
0.128917
0.132754
0.155391
0.106663
0.121307
0.098478
0.099118
0.129109
0.123801
0.135631
0.212303
0.116703
0.113314
0.160059
0.151234
0.128853
0.117790
0.102187
0.175406
0.194974
0.518097
0.195741
0.221384
0.207443
0.174191
0.155934
0.127302
0.108710
0.132754
0.126998
0.102507
0.121307
0.134864
0.162489
0.197723
0.115168
0.247986
0.355033
0.256938
0.145223
0.315002
0.206932
0.151042
0.107367
0.106024
0.119517
0.110564
0.120412
0.223110
0.262246
0.139084
0.121179
0.134736
0.131219
0.133073
0.120668
0.136335
0.151874
0.228610
0.119389
0.132370
0.128021
0.112674
0.096943
0.113889
0.066057
0.095089
0.170354
0.170866
0.080445
0.131027
0.178028
0.141258
0.124888
0.119069
0.134736
0.117662
0.159675
0.123289
0.121499
0.146630
0.167988
0.217995
0.121627
0.167285
0.183335
0.112291
0.308351
0.238458
0.351196
0.317496
0.251695
0.354329
0.159291
0.114145
0.209937
0.151490
0.140235
0.115680
0.095217
0.143369
0.138125
0.112035
0.115104
0.117406
0.142857
0.246067
0.108134
0.107686
0.083898
0.110948
0.098542
0.075265
0.073475
0.085369
0.312316
0.356695
0.189219
0.133585
0.158204
0.175086
0.137038
0.143049
0.133137
0.099885
0.215053
0.157309
0.152193
0.407725
0.176685
0.217035
0.124377
0.107431
0.128597
0.108134
0.076608
0.075777
0.078782
0.099181
0.150978
0.381571
0.276890
0.113697
0.145543
0.139212
0.107047
0.121563
0.093810
0.166390
0.114657
0.127062
0.125975
0.142857
0.169907
0.181289
0.153344
0.154240
0.153664
0.098542
0.078846
0.070341
0.078846
0.115424
0.216524
0.290191
0.135056
0.119772
0.131986
0.175214
0.132114
0.130004
0.145159
0.125144
0.134608
0.200601
0.234173
0.218826
0.123098
0.246323
0.119644
0.126231
0.079038
0.120923
0.077951
0.084026
0.061709
0.077951
0.213263
0.249904
0.146118
0.307520
0.144264
0.226436
0.157757
0.112738
0.143688
0.096688
0.147014
0.128853
0.113761
0.164279
0.117406
0.224517
0.173999
0.123673
0.111395
0.145735
0.130132
0.126039
0.110116
0.140107
0.260008
0.193887
0.120604
0.150403
0.148996
0.206996
0.233789
0.131283
0.128021
0.096048
0.120028
0.128405
0.093810
0.110756
0.114657
0.165366
0.129748
0.173232
0.306817
0.282965
0.315897
0.166454
0.069446
0.125528
0.186725
0.164024
0.204694
0.130004
0.172401
0.196764
0.181225
0.159291
0.131986
0.143625
0.155391
0.159547
0.141131
0.138828
0.127126
0.239097
0.151234
0.118749
0.149572
0.129236
0.118238
0.100013
0.089653
0.144776
0.182760
0.479857
0.291086
0.166901
0.211440
0.179179
0.163128
0.156126
0.128389
0.129428
0.266530
0.136910
0.159036
0.157117
0.148069
0.178811
0.156222
0.126551
0.140491
0.124185
0.138892
0.144584
0.338087
0.324082
0.347743
0.162553
0.179722
0.144344
0.155838
0.205109
0.160682
0.167477
0.152833
0.180969
0.199706
0.181545
0.164791
0.165430
0.171825
0.281046
0.224070
0.162105
0.289103
0.125655
0.114784
0.108262
0.111203
0.157629
0.158524
0.286610
0.191585
0.211600
0.140299
0.198683
0.133841
0.119133
0.187492
0.123801
0.134544
0.141131
0.153089
0.189666
0.165302
0.239225
0.173679
0.328495
0.216524
0.176749
0.193247
0.371147
0.240120
0.156286
0.134672
0.124632
0.136654
0.186277
0.191904
0.167413
0.332843
0.201944
0.171633
0.176173
0.196572
0.156734
0.160123
0.192991
0.187620
0.268513
0.210897
0.211664
0.229313
0.191649
0.192927
0.172528
0.172976
0.292748
0.272285
0.292301
0.180714
0.224453
0.446988
0.250416
0.202136
0.236219
0.217163
0.199962
0.242230
0.223174
0.252590
0.210065
0.215884
0.288976
0.215053
0.236667
0.254828
0.260903
0.238713
0.260967
0.170674
0.123098
0.121883
0.142665
0.225221
0.170610
0.179051
0.323315
0.310398
0.208339
0.194782
0.226116
0.162681
0.204886
0.252974
0.196828
0.254892
0.309950
0.177197
0.165430
0.186533
0.140491
0.131091
0.175726
0.156030
0.237243
0.446796
0.215181
0.183783
0.185893
0.194270
0.160634
0.155774
0.173807
0.139276
0.198171
0.177580
0.163384
0.164471
0.155774
0.228290
0.252526
0.154879
0.141770
0.205141
0.133009
0.140619
0.143241
0.147269
0.179754
0.180010
0.313467
0.301701
0.196445
0.224261
0.192927
0.185382
0.169587
0.169331
0.159291
0.189283
0.201944
0.178220
0.199962
0.223302
0.281686
0.186341
0.134864
0.171697
0.123417
0.126231
0.123098
0.141898
0.192352
0.195357
0.407277
0.330285
0.246387
0.227906
0.156094
0.148037
0.158204
0.167029
0.220169
0.133969
0.156925
0.173104
0.200281
0.231487
0.245236
0.183016
0.205397
0.146886
0.154623
0.150467
0.155838
0.188387
0.174511
0.186213
0.238713
0.239800
0.184487
0.174127
0.225093
0.372810
0.361939
0.153344
0.139340
0.116383
0.118366
0.123481
0.153089
0.212687
0.217675
0.134928
0.115999
0.161721
0.115680
0.109029
0.123098
0.156861
0.120284
0.243318
0.236795
0.402801
0.247602
0.469497
0.349789
0.198043
0.133585
0.151490
0.168308
0.126806
0.131539
0.159483
0.196956
0.285906
0.200921
0.166262
0.114848
0.156030
0.115872
0.172784
0.121051
0.157373
0.121627
0.138253
0.179690
0.283220
0.188643
0.387454
0.194206
0.158716
0.190881
0.146566
0.164983
0.170418
0.137486
0.135951
0.167221
0.224773
0.227075
0.184742
0.247730
0.181481
0.255915
0.166198
0.288912
0.257386
0.185190
0.115872
0.262693
0.368717
0.237818
0.198747
0.151234
0.196445
0.140747
0.157949
0.157949
0.126103
0.193695
0.126806
0.127254
0.174383
0.178987
0.174575
0.209426
0.322548
0.172592
0.177772
0.181545
0.221448
0.167477
0.180650
0.167413
0.174383
0.238649
0.239481
0.166262
0.185190
0.180586
0.209682
0.163768
0.159675
0.196253
0.204374
0.169843
0.221831
0.191009
0.264612
0.132817
0.116063
0.161082
0.156222
0.124121
0.122458
0.130515
0.172209
0.147973
0.443279
0.252142
0.156478
0.210705
0.151682
0.155263
0.158268
0.178987
0.178092
0.136207
0.131666
0.135951
0.160443
0.225860
0.259944
0.128853
0.113697
0.154176
0.117278
0.120604
0.112035
0.134224
0.140939
0.230528
0.182376
0.394296
0.325361
0.191329
0.154368
0.154368
0.184231
0.150978
0.179307
0.140811
0.139660
0.154879
0.188068
0.193439
0.223686
0.134096
0.115232
0.149060
0.106216
0.340389
0.440721
0.541054
0.367886
0.332076
0.424223
0.339941
0.453894
0.233278
0.152513
0.164599
0.165302
0.172912
0.148676
0.121051
0.133457
0.147525
0.195933
0.164151
0.315130
0.144520
0.130388
0.169395
0.132050
0.144328
0.163256
0.172592
0.137422
0.160826
0.195166
0.332076
0.206420
0.282517
0.336616
0.184423
0.193695
0.196764
0.176046
0.183847
0.206740
0.196892
0.244277
0.203031
0.277465
0.171441
0.147397
0.187428
0.155135
0.183399
0.165558
0.174703
0.215565
0.328111
0.391290
0.187684
0.424031
0.175662
0.200857
0.201624
0.160890
0.228482
0.163064
0.144264
0.150850
0.182057
0.190689
0.207827
0.242806
0.173871
0.360468
0.257642
0.149572
0.246963
0.240184
0.194526
0.263205
0.278936
0.359573
0.131411
0.191840
0.195741
0.191712
0.145671
0.144136
0.205461
0.149508
0.164727
0.187556
0.158908
0.192416
0.219210
0.216588
0.163704
0.132242
0.299719
0.321269
0.227523
0.159547
0.175086
0.264612
0.251822
0.207188
0.211664
0.193183
0.317752
0.188771
0.182696
0.238905
0.180905
0.212687
0.181993
0.192096
0.214925
0.180714
0.213902
0.219082
0.136143
0.105704
0.174383
0.108326
0.113889
0.106344
0.103338
0.140875
0.160762
0.325873
0.155902
0.241207
0.178987
0.158460
0.147717
0.174511
0.151106
0.127958
0.130196
0.133073
0.206356
0.171761
0.177516
0.215437
0.116831
0.091508
0.166581
0.094833
0.092083
0.099821
0.097327
0.148101
0.291086
0.210769
0.356503
0.237882
0.208211
0.138125
0.156670
0.143241
0.103786
0.097647
0.145991
0.126103
0.144584
0.143433
0.176941
0.426909
0.269216
0.098734
0.116895
0.119261
0.134672
0.177580
0.157757
0.168564
0.198491
0.362067
0.205653
0.184614
0.196381
0.175790
0.157821
0.129620
0.155710
0.188131
0.139148
0.150147
0.143241
0.201305
0.208275
0.296905
0.153920
0.127318
0.201560
0.132626
0.149380
0.147589
0.145351
0.164407
0.176877
0.223174
0.269536
0.320565
0.230400
0.176621
0.184870
0.203990
0.193183
0.152641
0.158716
0.164215
0.212367
0.185446
0.180138
0.302724
0.206101
0.208019
0.197020
0.172017
0.162233
0.150275
0.156350
0.194590
0.261606
0.239417
0.195485
0.181353
0.187684
0.290830
0.409196
0.172912
0.117087
0.157693
0.129940
0.126423
0.130515
0.215756
0.150850
0.257897
0.193631
0.186916
0.374536
0.320565
0.338534
0.292237
0.472887
0.422816
0.408748
0.294475
0.429275
0.533828
0.171250
0.214478
0.198811
0.257130
0.157821
0.144712
0.185765
0.186533
0.156222
0.199002
0.172465
0.244788
0.177772
0.173935
0.217931
0.334634
0.189219
0.168692
0.228546
0.138253
0.169459
0.133201
0.150914
0.299655
0.233470
0.243445
0.154623
0.225349
0.128021
0.120028
0.131411
0.202392
0.135503
0.162297
0.174831
0.277337
0.138765
0.160059
0.164151
0.115296
0.096624
0.091700
0.100141
0.297544
0.208594
0.233150
0.335209
0.201305
0.187620
0.321077
0.209554
0.132562
0.118813
0.154368
0.112355
0.150595
0.269152
0.167093
0.431257
0.317240
0.152065
0.115808
0.161210
0.143625
0.151170
0.129748
0.173040
0.239097
0.415846
0.386878
0.506906
0.220744
0.163384
0.163896
0.180522
0.177005
0.165302
0.154687
0.159355
0.182888
0.193503
0.172017
0.183527
0.311357
0.324338
0.122010
0.189283
0.149699
0.119708
0.110372
0.155455
0.198235
0.140491
0.149955
0.280790
0.203479
0.157053
0.183527
0.206548
0.160954
0.133265
0.148229
0.167605
0.125655
0.125272
0.153728
0.138765
0.229697
0.147909
0.175790
0.167732
0.119133
0.243701
0.158140
0.217931
0.198107
0.308735
0.307328
0.204694
0.288464
0.231551
0.191968
0.159547
0.151042
0.177580
0.132754
0.131986
0.166134
0.174319
0.156606
0.157629
0.214797
0.146950
0.135311
0.152385
0.059151
0.134352
0.148676
0.360532
0.139468
0.521294
0.224517
0.170482
0.193823
0.143880
0.147461
0.180202
0.230464
0.170354
0.159100
0.131411
0.126487
0.187492
0.169075
0.146246
0.243765
0.159867
0.304579
0.182760
0.129236
0.141642
0.094833
0.144136
0.117342
0.153089
0.129173
0.439954
0.165239
0.231168
0.201049
0.191137
0.195549
0.195741
0.164791
0.175598
0.185062
0.171697
0.157309
0.154432
0.293260
0.148165
0.153153
0.174831
0.160379
0.306881
0.135567
0.418915
0.229249
0.203479
0.223622
0.295562
0.182120
0.269408
0.181225
0.154176
0.194974
0.126487
0.148868
0.112482
0.122522
0.149316
0.151042
0.164983
0.150307
0.126743
0.144200
0.145031
0.108518
0.085944
0.114976
0.108454
0.135567
0.130451
0.272094
0.275930
0.237019
0.223542
0.211016
0.178028
0.195901
0.133457
0.139820
0.123660
0.121461
0.141489
0.144724
0.244712
0.178968
0.130675
0.129045
0.148344
0.098139
0.109413
0.104297
0.151631
0.120508
0.118915
0.121972
0.202590
0.176659
0.168461
0.198587
0.239596
0.146752
0.120118
0.155161
0.141195
0.138087
0.138912
0.177197
0.246323
0.193541
0.131097
0.179633
0.302699
0.102289
0.098715
0.099719
0.112866
0.136430
0.345568
0.235855
0.205960
0.187466
0.185829
0.249367
0.187741
0.151145
0.161721
0.126615
0.122586
0.133073
0.193247
0.158204
0.179243
0.342307
0.338279
0.290318
0.142665
0.139084
0.126679
0.087223
0.125336
0.105576
0.139084
0.126934
0.233214
0.169715
0.140939
0.145095
0.186149
0.112227
0.108901
0.114657
0.115296
0.171505
0.191840
0.177388
0.149763
0.158716
0.164791
0.153536
0.102379
0.100205
0.095664
0.126487
0.101803
0.113570
0.179946
0.258921
0.166517
0.339877
0.184423
0.147206
0.154048
0.136175
0.139516
0.101827
0.110512
0.120993
0.110372
0.172273
0.152609
0.187380
0.176853
0.150263
0.160852
0.611504
0.191895
0.119959
0.188417
0.290109
0.091659
0.151234
0.121947
0.099086
0.132482
0.109309
0.114988
0.133015
0.138959
0.168821
0.143944
0.212879
0.188835
0.157949
0.173679
0.194047
0.155375
0.159539
0.183268
0.372360
0.242645
0.138524
0.129308
0.135283
0.133379
0.325674
0.303936
0.186979
0.233789
0.146374
0.136846
0.110628
0.100844
0.162745
0.171825
0.125655
0.132498
0.166358
0.174367
0.217931
0.111012
0.095153
0.088311
0.123098
0.211280
0.068679
0.069766
0.133649
0.091955
0.249776
0.324274
0.224901
0.239417
0.300454
0.170178
0.201880
0.177964
0.151874
0.166198
0.194654
0.211984
0.254252
0.173743
0.281302
0.140427
0.183623
0.180154
0.202176
0.194290
0.205599
0.210486
0.232241
0.234326
0.260820
0.455173
0.399693
0.227273
0.201867
0.223852
0.219184
0.166728
0.149636
0.166134
0.190817
0.254572
0.199002
0.226691
0.274971
0.149763
0.136910
0.175598
0.160762
0.138765
0.141770
0.214286
0.176301
0.195102
0.303236
0.486187
0.342179
0.183847
0.226372
0.212048
0.220680
0.174319
0.176877
0.211344
0.195038
0.226052
0.212112
0.223750
0.329262
0.187748
0.170290
0.262054
0.331117
0.229057
0.154943
0.197532
0.143241
0.232958
0.235900
0.238074
0.259752
0.193439
0.183783
0.192800
0.212431
0.203862
0.184423
0.191137
0.174831
0.195421
0.211344
0.182184
0.273437
0.163448
0.125464
0.165494
0.145351
0.143625
0.172784
0.176173
0.137805
0.145287
0.158972
0.221384
0.206868
0.178923
0.178923
0.217163
0.228802
0.189155
0.162617
0.170035
0.185957
0.213774
0.242614
0.218890
0.283284
0.255404
0.274715
0.433815
0.234685
0.182376
0.179435
0.225860
0.304962
0.374089
0.507610
0.598606
0.502302
0.396726
0.206740
0.204630
0.206164
0.179371
0.184103
0.204310
0.173168
0.225476
0.185957
0.173232
0.193823
0.230272
0.171953
0.370700
0.186021
0.144392
0.155647
0.155455
0.318967
0.199642
0.494437
0.183399
0.299335
0.233534
0.251950
0.176749
0.156478
0.230081
0.286865
0.170674
0.204246
0.149188
0.197915
0.188068
0.260263
0.144967
0.137741
0.200729
0.156478
0.174703
0.150595
0.182312
0.151298
0.204694
0.367758
0.210270
0.176992
0.211734
0.177980
0.197237
0.184205
0.228226
0.162489
0.182248
0.199962
0.242039
0.213199
0.253485
0.313851
0.227970
0.144648
0.189986
0.184742
0.225540
0.254828
0.375432
0.209362
0.234237
0.417637
0.473910
0.290127
0.219721
0.186277
0.197596
0.169587
0.185765
0.183655
0.155838
0.153600
0.164151
0.208594
0.164215
0.268385
0.183208
0.152513
0.181353
0.161274
0.159611
0.173488
0.214158
0.358294
0.289487
0.298184
0.280407
0.249648
0.187620
0.180138
0.236092
0.161913
0.157373
0.154240
0.157821
0.245811
0.189283
0.175598
0.178028
0.317432
0.178476
0.184678
0.174447
0.261351
0.315961
0.146694
0.180394
0.270815
0.216588
0.188451
0.391290
0.260647
0.215437
0.198171
0.200409
0.174831
0.199194
0.169459
0.172273
0.200345
0.184934
0.201432
0.187748
0.265827
0.143113
0.128405
0.161721
0.127126
0.158844
0.121307
0.158972
0.157629
0.256618
0.396470
0.604745
0.410474
0.263141
0.235516
0.165366
0.151810
0.208147
0.136462
0.152449
0.167349
0.165622
0.217931
0.154687
0.225412
0.149891
0.136015
0.191585
0.162041
0.117918
0.153728
0.166773
0.184359
0.555122
0.623162
0.345313
0.178028
0.173488
0.153984
0.171953
0.185638
0.190114
0.181097
0.179371
0.210193
0.184870
0.193951
0.173807
0.181481
0.236156
0.162361
0.314362
0.331436
0.278488
0.391035
0.157949
0.128277
0.244533
0.382722
0.186789
0.196828
0.206037
0.171250
0.147269
0.163320
0.130771
0.191009
0.164983
0.190625
0.162809
0.185574
0.252270
0.286673
0.161082
0.147973
0.180330
0.150403
0.130324
0.110628
0.135695
0.112674
0.197276
0.268193
0.170290
0.163320
0.178603
0.149572
0.145991
0.137422
0.178923
0.130643
0.136590
0.268960
0.409579
0.267170
0.201688
0.326896
0.149955
0.270687
0.169331
0.132754
0.193567
0.125144
0.309822
0.115616
0.136590
0.195485
0.211280
0.194526
0.176941
0.155710
0.207955
0.169011
0.150019
0.153984
0.199386
0.207316
0.172528
0.167668
0.196381
0.306561
0.163768
0.157053
0.178092
0.148037
0.152002
0.127574
0.166262
0.128021
0.174703
0.344034
0.332332
0.451400
0.210321
0.178923
0.169459
0.186916
0.182120
0.146566
0.156158
0.177708
0.207124
0.233150
0.188451
0.284947
0.179179
0.159675
0.227587
0.137933
0.286929
0.157949
0.181161
0.237434
0.235516
0.269088
0.199962
0.232511
0.201752
0.177708
0.191904
0.182760
0.195869
0.197020
0.170674
0.172976
0.178092
0.226883
0.179051
0.330797
0.193375
0.194974
0.219529
0.200601
0.187748
0.161849
0.259688
0.406893
0.259688
0.287569
0.232766
0.294027
0.227075
0.239161
0.229057
0.229185
0.264804
0.193567
0.187940
0.224517
0.242103
0.212879
0.228866
0.365328
0.232702
0.291469
0.295306
0.234365
0.199706
0.230081
0.199642
0.162361
0.222599
0.176621
0.216844
0.319670
0.280982
0.196764
0.225924
0.236603
0.193375
0.178987
0.177708
0.233278
0.177133
0.168308
0.178987
0.331820
0.275291
0.171058
0.226052
0.178731
0.361235
0.160251
0.186533
0.177900
0.173168
0.169715
0.206804
0.184167
0.219082
0.248241
0.281814
0.208339
0.266914
0.233470
0.228674
0.216908
0.248241
0.219913
0.244788
0.418532
0.272349
0.279000
0.281622
0.271390
0.450121
0.345632
0.227011
0.226500
0.199002
0.206996
0.248433
0.227395
0.248241
0.219785
0.237754
0.191137
0.197084
0.194398
0.235388
0.244788
0.206932
0.235644
0.220297
0.282645
0.308096
0.418212
0.422433
0.428252
0.415143
0.266914
0.339238
0.483118
0.539455
0.519504
0.245172
0.292045
0.267362
0.282709
0.221192
0.265891
0.241207
0.227331
0.259880
0.231935
0.236731
0.230081
0.243126
0.297736
0.253677
0.251567
0.293452
0.260647
0.202903
0.247218
0.349725
0.224006
0.240120
0.273692
0.252654
0.239800
0.221320
0.226627
0.232191
0.246195
0.231328
0.242358
0.247218
0.279320
0.291342
0.330605
0.338151
0.531270
0.405359
0.316728
0.330637
0.321924
0.287033
0.217151
0.237333
0.254106
0.270175
0.218743
0.238592
0.324568
0.261530
0.214337
0.219472
0.207718
0.219734
0.214586
0.212546
0.212380
0.322829
0.264324
0.365264
0.501247
0.259253
0.312386
0.389756
0.224325
0.260072
0.410027
0.334698
0.340248
0.340568
0.335913
0.288004
0.256663
0.241892
0.269747
0.320361
0.306919
0.285286
0.277190
0.258185
0.276870
0.277241
0.292883
0.282869
0.349418
0.223328
0.245268
0.406164
0.210155
0.201816
0.219926
0.247986
0.232197
0.216786
0.413141
0.340223
0.312981
0.367988
0.299706
0.325476
0.354137
0.333067
0.280231
0.280958
0.254700
0.254316
0.307392
0.243765
0.326640
0.246899
0.323443
0.422752
0.440977
0.303709
0.262866
0.232786
0.244692
0.232223
0.425272
0.438483
0.324568
0.313953
0.244328
0.244328
0.244328
0.174703
