0.307252
0.169321
0.177934
0.297428
0.260782
0.270471
0.279079
0.167454
0.176323
0.207778
0.179349
0.267425
0.241696
0.212838
0.115813
0.160335
0.228074
0.180998
0.200930
0.268634
0.257207
0.308739
0.237563
0.208323
0.155080
0.243661
0.241206
0.238212
0.157170
0.146630
0.206308
0.146961
0.214021
0.227296
0.135406
0.237321
0.211974
0.198783
0.211418
0.150642
0.284151
0.226812
0.281646
0.151631
0.153569
0.200738
0.266102
0.217899
0.189864
0.218269
0.180281
0.244517
0.185881
0.390571
0.440268
0.391867
0.497067
0.704406
0.410592
0.578014
0.360823
0.477212
0.876137
0.649379
0.713438
0.312454
0.219349
0.230726
0.256424
0.294185
0.278856
0.215406
0.240896
0.304590
0.227357
0.235465
0.265922
0.656192
0.429696
0.551252
0.593680
0.441703
0.608797
0.711452
0.532713
0.532339
0.354069
0.415306
0.564643
0.360638
0.251815
0.425804
0.304892
0.219310
0.329997
0.323388
0.378198
0.224101
0.258600
0.261683
0.285807
0.758388
0.651783
0.768974
0.898207
0.952106
0.737829
0.553274
0.681592
0.645982
0.682767
0.499749
0.506102
0.667211
0.370615
0.379485
0.394287
0.308578
0.386452
0.249354
0.390668
0.380873
0.286247
0.345885
0.324351
0.755236
0.655512
0.890381
0.550129
0.634197
0.641814
0.846623
0.811342
0.490069
0.462610
0.493296
0.581851
0.493296
0.427026
0.469972
0.286651
0.333117
0.390712
0.355860
0.391233
0.397307
0.397187
0.280806
0.349577
0.487125
0.408376
0.398941
0.575714
0.417830
0.545507
0.326467
0.392251
0.293936
0.235721
0.226366
0.298196
0.386684
0.294337
0.342902
0.286930
0.230026
0.336181
0.257109
0.368561
0.302758
0.380774
0.331303
0.338659
0.437417
0.332743
0.227286
0.237658
0.299688
0.321634
0.304990
0.413160
0.397504
0.435661
0.193018
0.344399
0.434939
0.374319
0.271083
0.399709
0.374155
0.374976
0.293480
0.339475
0.229741
0.357526
0.336412
0.265616
0.517293
0.684281
0.624799
0.685923
0.452862
0.811964
0.697960
0.795907
0.417685
0.710492
0.644368
0.484384
0.524766
0.450950
0.294624
0.350233
0.401234
0.292176
0.248893
0.349340
0.320590
0.281650
0.309713
0.320449
0.649854
0.724418
0.437662
0.485026
0.488522
0.566629
0.659604
0.498400
0.550114
0.631385
0.671295
0.545107
0.482168
0.452114
0.245078
0.279133
0.348345
0.271645
0.406722
0.362165
0.392241
0.238480
0.255627
0.362428
0.444551
0.779604
0.684767
0.763083
0.647852
0.724838
0.601422
0.721142
0.616262
0.705439
0.505687
0.747828
0.507209
0.379490
0.254472
0.224855
0.381473
0.279431
0.274006
0.234860
0.293439
0.347569
0.324684
0.274993
0.766462
0.769537
0.821145
0.672940
0.585247
0.708229
0.517651
0.491408
0.527448
0.397831
0.602157
0.426361
0.645790
0.368023
0.410867
0.294738
0.432599
0.360150
0.378893
0.418196
0.361245
0.421398
0.422993
0.303132
0.830991
0.759664
0.509781
0.502457
0.562901
0.686002
0.727866
0.596327
0.750975
0.499542
0.526951
0.623247
0.572050
0.368884
0.449369
0.445471
0.273883
0.447018
0.305013
0.284805
0.407334
0.355940
0.386156
0.428584
0.590223
0.572983
0.549842
0.501925
0.547126
0.371082
0.458454
0.184440
0.228313
0.221338
0.286619
0.325544
0.293474
0.387699
0.293447
0.253717
0.315354
0.259493
0.274070
0.313148
0.298875
0.332722
0.280374
0.434770
0.423018
0.403979
0.387207
0.263984
0.204458
0.302965
0.184621
0.198345
0.260230
0.290180
0.309037
0.236499
0.287048
0.212383
0.292499
0.328780
0.241134
0.345326
0.252506
0.228547
0.262199
0.238915
0.321743
0.269530
0.553647
0.682012
0.711014
0.572373
0.443939
0.383555
0.626885
0.709744
0.537268
0.589069
0.619924
0.419705
0.590695
0.398580
0.225443
0.320916
0.313216
0.284187
0.270905
0.368195
0.255561
0.299843
0.245111
0.226910
0.528758
0.738099
0.725783
0.698803
0.891242
0.953870
0.500770
0.472364
0.535266
0.558370
0.504597
0.323404
0.449735
0.218132
0.263483
0.221033
0.393901
0.366096
0.377974
0.396553
0.227436
0.256072
0.292082
0.321128
0.742230
0.795415
0.852838
0.626365
0.834788
0.837280
0.583071
0.393923
0.435345
0.335410
0.340093
0.313416
0.262965
0.150726
0.145248
0.183326
0.166489
0.244251
0.274626
0.239039
0.212873
0.181752
0.261206
0.235098
0.455350
0.631786
0.649314
0.587246
0.415103
0.460236
0.531900
0.438843
0.497117
0.417836
0.598813
0.474129
0.424113
0.146620
0.229348
0.249174
0.254620
0.166596
0.150950
0.197944
0.181709
0.238263
0.252903
0.163346
0.713002
0.424967
0.601008
0.447768
0.721251
0.747007
0.533609
0.719721
0.603765
0.623588
0.498728
0.611773
0.355851
0.365625
0.204298
0.269821
0.286919
0.210097
0.177280
0.267336
0.176637
0.272239
0.170158
0.178522
0.587625
0.421579
0.303735
0.335568
0.408154
0.240879
0.348588
0.195158
0.167990
0.183942
0.257435
0.183834
0.188143
0.124675
0.201194
0.344662
0.154999
0.141458
0.138339
0.202843
0.197258
0.214747
0.158842
0.214611
0.180242
0.230925
0.330791
0.267911
0.164726
0.197391
0.166199
0.195290
0.108759
0.193562
0.193627
0.140440
0.223188
0.215833
0.239911
0.243314
0.229431
0.224926
0.171345
0.231696
0.250588
0.229118
0.195910
0.178557
0.576944
0.553847
0.504625
0.634953
0.402434
0.543947
0.475525
0.530697
0.580819
0.371886
0.552017
0.490392
0.385440
0.317197
0.194521
0.219562
0.313163
0.168902
0.319588
0.214900
0.283490
0.201118
0.196030
0.186243
0.689642
0.428530
0.636079
0.669129
0.879467
0.347437
0.665755
0.617783
0.503378
0.434131
0.597264
0.362321
0.392769
0.316408
0.265676
0.306294
0.236218
0.265436
0.304536
0.312384
0.219329
0.302391
0.294906
0.648374
0.594166
0.555880
0.467715
0.467745
0.760449
0.867324
0.596826
0.860079
0.590955
0.601048
0.368022
0.465844
0.423169
0.322742
0.268288
0.310920
0.234527
0.195556
0.296416
0.263398
0.214347
0.290859
0.235019
0.332264
0.577693
0.761272
0.603855
0.556840
0.898567
0.418809
0.443299
0.577886
0.588023
0.381724
0.407655
0.400813
0.294026
0.379319
0.209174
0.282586
0.208850
0.189271
0.203974
0.272849
0.391215
0.186426
0.291506
0.347892
0.687314
0.761639
0.523201
0.527429
0.735030
0.635750
0.667734
0.661286
0.660642
0.452249
0.293735
0.300487
0.342541
0.303559
0.282103
0.303090
0.269733
0.247011
0.290033
0.267958
0.310451
0.289122
0.233348
0.293615
0.588813
0.579611
0.501488
0.416220
0.301972
0.284250
0.331235
0.354329
0.269483
0.227849
0.205742
0.219600
0.253865
0.293332
0.252249
0.295812
0.239725
0.253624
0.244121
0.306388
0.237003
0.346719
0.286344
0.286117
0.232726
0.308252
0.200629
0.246820
0.159108
0.120320
0.184960
0.144690
0.099461
0.079984
0.146957
0.095971
0.153744
0.146647
0.164120
0.183974
0.268220
0.211432
0.211251
0.231254
0.139256
0.156754
0.210940
0.146058
0.397982
0.635778
0.511614
0.779458
0.718453
0.491678
0.300737
0.282311
0.269333
0.291982
0.448335
0.474209
0.273357
0.174680
0.232771
0.230456
0.277006
0.254544
0.198765
0.253750
0.228244
0.209514
0.285690
0.185400
0.438327
0.720160
0.672207
0.791423
0.527022
0.479960
0.447039
0.304992
0.384187
0.402854
0.310336
0.551601
0.376294
0.306959
0.228676
0.157135
0.287477
0.240020
0.279311
0.279453
0.221225
0.214162
0.163615
0.332544
0.592976
0.506547
0.659042
0.460110
0.586544
0.542890
0.567388
0.563592
0.422121
0.530209
0.318666
0.353037
0.321732
0.286819
0.201561
0.297872
0.197056
0.199988
0.298642
0.357892
0.286418
0.231545
0.253553
0.259438
0.538740
0.525844
0.672472
0.660405
0.849839
0.441291
0.730715
0.610161
0.524942
0.629004
0.661745
0.370981
0.564439
0.473895
0.316304
0.304661
0.258869
0.297206
0.387062
0.334772
0.270751
0.244233
0.315276
0.271932
0.748257
0.726794
0.502014
0.694037
0.787607
0.606415
0.386834
0.653362
0.357982
0.411892
0.328262
0.435465
0.280242
0.218337
0.272170
0.334022
0.215611
0.353719
0.327882
0.319613
0.202215
0.370975
0.335315
0.290940
0.613230
0.553683
0.454766
0.577884
0.289419
0.300329
0.471492
0.453962
0.237252
0.279863
0.218738
0.320132
0.433772
0.252306
0.310685
0.284925
0.212175
0.164694
0.108154
0.102504
0.172319
0.123314
0.158646
0.139197
0.093572
0.238742
0.220286
0.196694
0.078464
0.115032
0.079162
0.066677
0.085493
0.092489
0.051421
0.090926
0.100748
0.129807
0.143343
0.162962
0.106530
0.137113
0.153414
0.136346
0.193431
0.123527
0.174650
0.152143
0.386318
0.528340
0.612901
0.265285
0.474534
0.275604
0.385155
0.385967
0.384448
0.293583
0.381361
0.305112
0.214461
0.177011
0.106701
0.173397
0.115042
0.101014
0.114256
0.134475
0.155563
0.103577
0.135538
0.125739
0.384806
0.590084
0.525239
0.298106
0.454948
0.340792
0.300456
0.500042
0.335234
0.447693
0.419904
0.348303
0.174529
0.161305
0.150980
0.183924
0.149721
0.177177
0.140835
0.143314
0.194311
0.145958
0.167480
0.202573
0.593198
0.422142
0.460064
0.369490
0.281576
0.531677
0.401306
0.539706
0.379278
0.355713
0.352767
0.531298
0.299180
0.181695
0.185786
0.203065
0.180888
0.232216
0.133822
0.152801
0.153479
0.128624
0.136807
0.205781
0.523394
0.658185
0.559862
0.381499
0.309910
0.419939
0.329881
0.488102
0.372246
0.606192
0.503902
0.899304
0.563128
0.189643
0.172408
0.190081
0.155158
0.184592
0.143032
0.200534
0.201813
0.213174
0.175313
0.209531
0.542702
0.432679
0.510784
0.633631
0.430703
0.713445
0.525053
0.315828
0.225545
0.266517
0.278663
0.353972
0.423165
0.301994
0.360292
0.152073
0.151429
0.133683
0.121587
0.090306
0.150058
0.161549
0.138307
0.117385
0.366847
0.475193
0.490639
0.552088
0.358947
0.316316
0.160452
0.120253
0.149089
0.179196
0.212286
0.225183
0.202131
0.236356
0.326608
0.185642
0.169902
0.123622
0.121267
0.095036
0.154084
0.149829
0.126955
0.165009
0.117467
0.314500
0.242896
0.097041
0.090361
0.094275
0.201985
0.249424
0.288029
0.264330
0.249734
0.237467
0.151641
0.136709
0.162999
0.134734
0.107067
0.094803
0.142306
0.121001
0.154429
0.114532
0.111325
0.188501
0.622032
0.472189
0.516707
0.715619
0.478383
0.748339
0.657040
0.390532
0.554134
0.519490
0.486992
0.389074
0.242668
0.237954
0.159049
0.203268
0.222165
0.211044
0.259768
0.275212
0.227529
0.281055
0.176295
0.260846
0.637663
0.430152
0.586238
0.514533
0.534992
0.529699
0.411732
0.495644
0.255469
0.355846
0.389729
0.311304
0.275580
0.284599
0.243180
0.202604
0.235693
0.202355
0.287986
0.317229
0.200832
0.202797
0.210217
0.318910
0.514248
0.547911
0.490776
0.677499
0.613127
0.383873
0.284478
0.274693
0.355619
0.334118
0.457442
0.362073
0.271162
0.221112
0.201978
0.202328
0.271400
0.249330
0.220255
0.217859
0.197634
0.293442
0.191615
0.283479
0.736779
0.382108
0.320964
0.421036
0.653212
0.422917
0.316592
0.457532
0.348304
0.497380
0.367175
0.369399
0.147620
0.142854
0.142418
0.220701
0.249500
0.180970
0.201895
0.239466
0.192123
0.169140
0.215867
0.153474
0.421421
0.610935
0.390344
0.666017
0.550243
0.409856
0.327364
0.450075
0.357323
0.338104
0.294966
0.328361
0.196343
0.143587
0.127129
0.126401
0.199914
0.194305
0.214711
0.221977
0.208722
0.209889
0.172900
0.192943
0.256635
0.293308
0.395326
0.244757
0.326395
0.195961
0.239314
0.113919
0.130793
0.144550
0.113663
0.132360
0.154620
0.150304
0.141977
0.214346
0.211449
0.250206
0.170881
0.229292
0.157133
0.154392
0.257903
0.238065
0.287140
0.248409
0.151024
0.161473
0.183348
0.172458
0.154836
0.130595
0.192212
0.163589
0.164561
0.244232
0.275898
0.223156
0.183352
0.216799
0.137740
0.163537
0.176991
0.207969
0.137169
0.212079
0.132709
0.192804
0.362025
0.408137
0.382479
0.418351
0.356488
0.481392
0.523676
0.369860
0.481916
0.494091
0.459087
0.524106
0.262641
0.138369
0.186999
0.192144
0.170377
0.143223
0.241673
0.193131
0.196643
0.134101
0.162807
0.148473
0.254235
0.419446
0.277365
0.312983
0.324179
0.317406
0.367187
0.251530
0.264130
0.322945
0.303434
0.220626
0.289541
0.200980
0.255184
0.174410
0.106704
0.121504
0.226346
0.158272
0.195427
0.204611
0.136474
0.216066
0.343556
0.371283
0.327760
0.228805
0.334126
0.506506
0.429226
0.400174
0.279989
0.301872
0.244585
0.290937
0.182383
0.442818
0.365268
0.133929
0.188956
0.158997
0.186150
0.155966
0.197418
0.165043
0.131958
0.233432
0.280085
0.260406
0.363138
0.332876
0.542718
0.413369
0.315612
0.489653
0.420830
0.466255
0.359968
0.395144
0.254462
0.293483
0.170787
0.206145
0.169364
0.180632
0.174026
0.243990
0.227140
0.178889
0.146105
0.167968
0.377196
0.582140
0.500559
0.482380
0.596295
0.429670
0.537917
0.578429
0.510700
0.524124
0.444785
0.596107
0.261653
0.233978
0.217845
0.256996
0.278455
0.224600
0.309642
0.298192
0.214646
0.228908
0.296799
0.288348
0.605167
0.719599
0.484468
0.375610
0.368138
0.366900
0.349730
0.337723
0.287772
0.277004
0.385281
0.255435
0.295596
0.289772
0.236139
0.207816
0.175869
0.255501
0.203226
0.285148
0.236306
0.276328
0.276030
0.231628
0.188728
0.226557
0.158535
0.172801
0.173573
0.111904
0.145666
0.361530
0.379785
0.412839
0.194752
0.145585
0.095161
0.151247
0.149103
0.255574
0.183910
0.152971
0.253107
0.193784
0.166111
0.203327
0.304893
0.267031
0.411556
0.509179
0.742765
0.566329
0.534503
0.518551
0.236693
0.398713
0.272302
0.295652
0.406577
0.406258
0.480223
0.198427
0.392292
0.298984
0.139458
0.254921
0.239667
0.157169
0.247281
0.231391
0.231100
0.300820
0.465853
0.395356
0.439464
0.476589
0.423291
0.318466
0.537246
0.558117
0.497745
0.394439
0.317492
0.586426
0.508034
0.537103
0.267530
0.143732
0.212666
0.153534
0.195927
0.205933
0.240643
0.154341
0.185610
0.142445
0.448732
0.551767
0.683911
0.469602
0.398210
0.453947
0.443433
0.482029
0.380424
0.306810
0.384728
0.405266
0.395787
0.347241
0.163786
0.193088
0.186904
0.244711
0.234641
0.299730
0.253739
0.251395
0.152596
0.312561
0.612468
0.520866
0.722506
0.566877
0.541802
0.471329
0.487781
0.322202
0.478440
0.336895
0.508944
0.523116
0.212808
0.202272
0.251878
0.193690
0.244617
0.297044
0.268392
0.292125
0.254045
0.230481
0.258262
0.220037
0.682041
0.685023
0.454403
0.726780
0.432369
0.501657
0.413883
0.341586
0.395147
0.408626
0.525971
0.472683
0.348391
0.174391
0.272908
0.249769
0.205249
0.256113
0.268926
0.297337
0.190541
0.176896
0.202632
0.175589
0.374141
0.431832
0.532746
0.533678
0.425736
0.219739
0.136878
0.153868
0.260124
0.153512
0.167769
0.134617
0.176058
0.192249
0.193908
0.347764
0.282446
0.258259
0.199809
0.269441
0.216375
0.231476
0.172079
0.267680
0.240000
0.260974
0.128370
0.268548
0.595966
0.592650
0.476566
0.249072
0.361402
0.507274
0.397408
0.401082
0.251710
0.336730
0.265633
0.199164
0.313972
0.227590
0.172460
0.142655
0.144655
0.215817
0.215008
0.142676
0.515284
0.294113
0.349138
0.372104
0.300722
0.300056
0.405158
0.367788
0.277397
0.365010
0.311627
0.377990
0.335543
0.352134
0.394361
0.308467
0.278381
0.266902
0.219286
0.134054
0.157471
0.122036
0.104889
0.145707
0.509351
0.511578
0.536218
0.503174
0.276252
0.225792
0.322615
0.345018
0.422572
0.218982
0.363888
0.528466
0.613881
0.317915
0.324556
0.215034
0.192930
0.477068
0.184076
0.182334
0.184526
0.199678
0.151648
0.182108
0.599891
0.691362
0.478939
0.669498
0.683170
0.761096
0.598851
0.556919
0.377014
0.416665
0.449395
0.448361
0.359869
0.278991
0.320478
0.320302
0.192839
0.198388
0.154073
0.131924
0.128650
0.160447
0.177049
0.150530
0.495841
0.485613
0.756936
0.725662
0.555000
0.362330
0.399753
0.578938
0.447549
0.487543
0.804274
0.516489
0.541176
0.505648
0.487661
0.465262
0.438504
0.302132
0.352506
0.199133
0.374251
0.250580
0.358114
0.219085
0.785485
0.917530
0.859946
0.679350
0.395315
0.482192
0.569977
0.446479
0.704016
0.500701
0.494361
0.527865
0.693596
0.433385
0.395939
0.300393
0.474049
0.282803
0.470132
0.422114
0.420920
0.318465
0.335447
0.324041
0.767193
0.654851
0.691282
0.698804
0.750966
0.655907
0.334985
0.331821
0.282888
0.258928
0.470836
0.521052
0.695043
0.433530
0.488607
0.647520
0.628547
0.366769
0.418477
0.433346
0.276628
0.312908
0.265043
0.337799
0.403527
0.308542
0.428671
0.288020
0.272523
0.452726
0.369554
0.560613
0.390932
0.723565
0.593753
0.409746
0.483249
0.660012
0.479583
0.443733
0.577517
0.405311
0.257088
0.312897
0.403667
0.382310
0.618658
0.753814
0.697311
0.881855
0.933571
0.829252
0.532476
0.688012
0.833333
0.637231
0.505797
0.427880
0.515786
0.302016
0.273306
0.766403
0.620105
0.589410
0.375647
0.268125
0.438971
0.459430
0.388045
0.339613
0.472067
0.870196
0.588780
0.556099
0.682060
0.871281
0.786032
0.670498
0.454911
0.472298
0.393165
0.432497
0.424324
0.192146
0.288161
0.417374
0.344427
0.357190
0.328171
0.291122
0.231832
0.176646
0.267666
0.290627
0.304332
0.654536
0.725990
0.606258
0.660636
0.532701
0.432824
0.616335
0.474251
0.587717
0.388054
0.278095
0.285720
0.177076
0.330712
0.591496
0.268396
0.358974
0.333451
0.210321
0.154331
0.199678
0.207944
0.191101
0.230095
0.354267
0.596279
0.674425
0.658575
0.752898
0.791630
0.599703
0.913500
0.636383
0.521267
0.670110
0.607661
0.421743
0.366333
0.292767
0.481418
0.397694
0.416472
0.223847
0.274291
0.311032
0.214135
0.324881
0.300561
0.719437
0.590074
0.819377
0.534292
0.696953
0.860731
0.788394
0.549545
0.411922
0.563409
0.348388
0.242222
0.348788
0.240797
0.353053
0.253969
0.225024
0.184263
0.199997
0.159413
0.177045
0.190856
0.255662
0.178358
0.315818
0.542140
0.422389
0.200902
0.293332
0.255980
0.265964
0.180755
0.269059
0.203973
0.158769
0.192428
0.123307
0.087133
0.096395
0.221593
0.329685
0.202145
0.262381
0.155477
0.155789
0.217646
0.180241
0.160847
0.154648
0.435460
0.357750
0.166209
0.162404
0.177839
0.172331
0.459294
0.269747
0.129786
0.208344
0.346528
0.371983
0.554586
0.212985
0.261466
0.233118
0.143485
0.190510
0.150539
0.128921
0.120021
0.167101
0.276053
0.618072
0.618651
0.620391
0.692198
0.559306
0.401689
0.401453
0.435058
0.305431
0.224087
0.381240
0.379843
0.207559
0.255863
0.239309
0.336154
0.332335
0.153791
0.125337
0.226163
0.218331
0.189007
0.217626
0.248047
0.622375
0.647258
0.787094
0.477552
0.484732
0.332839
0.358373
0.252073
0.208862
0.342405
0.247901
0.335179
0.208759
0.140942
0.433816
0.363907
0.301600
0.371834
0.122752
0.290699
0.233070
0.149361
0.142672
0.188896
0.655946
0.664180
0.565816
0.296543
0.508224
0.393105
0.550571
0.514681
0.480579
0.453372
0.339887
0.369642
0.488088
0.255119
0.770062
0.444089
0.211279
0.185976
0.205034
0.152397
0.162371
0.179757
0.178462
0.263769
0.389264
0.408068
0.512064
0.611433
0.595731
0.631777
0.387583
0.427063
0.505220
0.547656
0.375200
0.605657
0.301631
0.201339
0.298605
0.236612
0.344095
0.225864
0.200084
0.137983
0.136135
0.170647
0.144177
0.216758
0.590908
0.705318
0.649414
0.855706
0.629654
0.840123
0.761509
0.563250
0.488404
0.498529
0.524454
0.410212
0.188677
0.183086
0.226619
0.168325
0.139168
0.236161
0.192295
0.165864
0.129696
0.292876
0.202010
0.148859
0.414450
0.610233
0.577895
0.472803
0.619512
0.625547
0.593550
0.524408
0.518962
0.290257
0.393432
0.525596
0.436337
0.185509
0.279485
0.378400
0.325875
0.212233
0.379434
0.268915
0.193865
0.199533
0.197980
0.203543
0.266753
0.516056
0.428865
0.133851
0.114877
0.198942
0.173438
0.160435
0.237301
0.404729
0.333856
0.401117
0.226093
0.404145
0.292076
0.219299
0.206060
0.214867
0.207515
0.164079
0.169806
0.196154
0.111019
0.146032
0.452542
0.583969
0.518223
0.474984
0.373632
0.336146
0.358521
0.378965
0.321485
0.322135
0.221226
0.473350
0.533351
0.357092
0.283783
0.313240
0.379557
0.270668
0.274231
0.249958
0.152079
0.233483
0.223549
0.208670
0.494805
0.527634
0.601821
0.568716
0.574202
0.362389
0.383324
0.382174
0.345184
0.329428
0.191642
0.279642
0.299337
0.258234
0.316943
0.292305
0.196454
0.147991
0.205159
0.105256
0.116743
0.186004
0.191112
0.169153
0.455275
0.452596
0.517688
0.334739
0.353847
0.261002
0.308936
0.314378
0.558583
0.503824
0.290050
0.485931
0.198222
0.392237
0.578002
0.375477
0.196390
0.186632
0.136102
0.141120
0.138918
0.183149
0.154560
0.200705
0.660273
0.626746
0.490083
0.398382
0.658503
0.430287
0.394299
0.369101
0.711651
0.659853
0.478064
0.373931
0.300468
0.188223
0.186290
0.274111
0.337083
0.290917
0.200607
0.153353
0.188597
0.134604
0.164358
0.136880
0.295585
0.424693
0.700689
0.851029
0.552797
0.468480
0.521956
0.334884
0.250835
0.211464
0.285009
0.292015
0.248254
0.149786
0.107119
0.183361
0.142584
0.154333
0.215733
0.203378
0.120993
0.156976
0.230483
0.193362
0.422612
0.526853
0.437708
0.242190
0.379934
0.425605
0.264129
0.263622
0.103572
0.126749
0.080692
0.068453
0.127676
0.066827
0.115899
0.261776
0.189846
0.207558
0.171420
0.179098
0.172528
0.184160
0.178885
0.255626
0.344824
0.432420
0.182475
0.111986
0.091244
0.173718
0.200548
0.328996
0.267838
0.269205
0.375977
0.147761
0.128969
0.305875
0.361026
0.322948
0.235692
0.198270
0.168847
0.198624
0.145114
0.183365
0.135865
0.143575
0.589562
0.465542
0.633927
0.526697
0.428263
0.587016
0.406167
0.401463
0.257822
0.485039
0.425347
0.600067
0.448403
0.448168
0.669350
0.433787
0.444185
0.304808
0.474891
0.235187
0.184931
0.240613
0.214348
0.162919
0.450398
0.441599
0.475536
0.412352
0.443384
0.404091
0.284394
0.529419
0.436338
0.363242
0.318786
0.378261
0.351317
0.272360
0.357043
0.193584
0.211953
0.187317
0.115172
0.181579
0.182189
0.136309
0.166425
0.205951
0.641765
0.646886
0.404045
0.327847
0.712688
0.692841
0.289631
0.296839
0.404433
0.229454
0.338328
0.419497
0.466297
0.306027
0.410729
0.375540
0.207409
0.180047
0.143193
0.128293
0.207202
0.164177
0.148494
0.207648
0.542491
0.515874
0.439673
0.577047
0.336385
0.370042
0.214402
0.309005
0.243132
0.367266
0.317802
0.346470
0.174080
0.184719
0.117188
0.210796
0.260494
0.287174
0.209879
0.231067
0.189821
0.140869
0.156349
0.249173
0.329703
0.652736
0.373790
0.377681
0.547254
0.437250
0.366172
0.342354
0.224997
0.258278
0.219766
0.272582
0.218313
0.213969
0.189988
0.176753
0.201653
0.226622
0.132266
0.145585
0.159338
0.109011
0.129195
0.155874
0.307320
0.269739
0.427616
0.435649
0.346849
0.617091
0.156390
0.099023
0.104705
0.077629
0.111760
0.137697
0.124280
0.086386
0.110928
0.187933
0.140036
0.149923
0.165954
0.077399
0.113549
0.085042
0.099584
0.100724
0.081824
0.077233
0.078470
0.066094
0.162532
0.117360
0.117101
0.215279
0.187117
0.168776
0.066364
0.157034
0.154304
0.085129
0.186298
0.127585
0.177412
0.234971
0.143904
0.071636
0.096631
0.135665
0.109412
0.082079
0.591966
0.299224
0.619607
0.490890
0.380463
0.252213
0.287302
0.389644
0.229641
0.335317
0.330570
0.540671
0.505862
0.408643
0.684181
0.374273
0.274068
0.175711
0.164917
0.225367
0.115598
0.157315
0.130189
0.122631
0.488115
0.578704
0.785498
0.535444
0.358922
0.301280
0.249690
0.321540
0.302640
0.211262
0.336487
0.329084
0.329296
0.280753
0.271799
0.272182
0.383670
0.313246
0.173499
0.277034
0.151206
0.124002
0.164747
0.125234
0.663184
0.400917
0.359572
0.353315
0.368787
0.294414
0.405995
0.465101
0.311225
0.317301
0.376422
0.418914
0.484564
0.373031
0.122470
0.296485
0.293357
0.213682
0.138549
0.158094
0.124518
0.119115
0.123058
0.102735
0.491166
0.351785
0.535636
0.417785
0.675367
0.492362
0.458265
0.470617
0.503171
0.661429
0.553187
0.593970
0.525847
0.186346
0.473617
0.728444
0.475177
0.351614
0.234440
0.117248
0.210383
0.173506
0.140801
0.105957
0.548694
0.338465
0.433012
0.537368
0.500274
0.229005
0.165752
0.309663
0.317843
0.314240
0.318478
0.443567
0.283764
0.251833
0.201038
0.187952
0.187349
0.173571
0.155745
0.144046
0.167700
0.149727
0.139792
0.101429
0.419524
0.454211
0.359555
0.335199
0.400538
0.365468
0.169700
0.199244
0.169906
0.320377
0.117458
0.184567
0.246947
0.213977
0.258080
0.355026
0.192503
0.413549
0.305095
0.128488
0.074371
0.080597
0.069551
0.066919
0.112507
0.129609
0.079271
0.073672
0.180779
0.073442
0.072003
0.130716
0.129485
0.040453
0.028090
0.037698
0.130730
0.101005
0.228709
0.289473
0.209955
0.205699
0.129394
0.084873
0.092647
0.118779
0.103537
0.118378
0.341051
0.296336
0.395138
0.241972
0.170671
0.242550
0.138960
0.284510
0.200889
0.176503
0.175982
0.206723
0.053521
0.059073
0.062511
0.585873
0.138307
0.157241
0.113719
0.086667
0.076619
0.086259
0.145455
0.093821
0.394428
0.440137
0.381981
0.223938
0.447983
0.366324
0.352788
0.447878
0.594246
0.361498
0.258525
0.259535
0.264807
0.274051
0.359253
0.331776
0.183088
0.217664
0.189788
0.158318
0.169325
0.199854
0.147622
0.219131
0.361686
0.366154
0.599403
0.592266
0.573089
0.428403
0.332553
0.393824
0.532138
0.683462
0.373726
0.284013
0.177793
0.341628
0.518025
0.476504
0.653463
0.269296
0.194968
0.232855
0.128643
0.223493
0.141218
0.178398
0.573643
0.408364
0.668757
0.601071
0.485047
0.395846
0.467574
0.316720
0.400459
0.266609
0.248139
0.358936
0.289287
0.202960
0.231400
0.300183
0.250025
0.150160
0.193523
0.202855
0.195143
0.137215
0.138443
0.117334
0.614211
0.596143
0.532702
0.320243
0.579777
0.245094
0.262073
0.263461
0.157140
0.218255
0.226749
0.246441
0.296051
0.125169
0.384431
0.346145
0.134486
0.152528
0.159656
0.135894
0.109163
0.075688
0.140299
0.097790
0.425563
0.546798
0.453494
0.424831
0.423271
0.242848
0.110436
0.208952
0.166623
0.147563
0.146177
0.156929
0.118906
0.099358
0.119285
0.200725
0.125455
0.074995
0.090130
0.053037
0.078593
0.072795
0.080233
0.095011
0.106933
0.043277
0.067196
0.060157
0.031581
0.020351
0.030322
0.034819
0.118332
0.040311
0.125097
0.172267
0.113658
0.099014
0.204496
0.132781
0.314137
0.266672
0.083985
0.102616
0.075270
0.107091
0.081058
0.069056
0.389749
0.498806
0.262396
0.405226
0.397558
0.255220
0.210867
0.287213
0.266312
0.238029
0.220666
0.304319
0.234055
0.217166
0.394496
0.439058
0.129148
0.204067
0.174306
0.075460
0.099382
0.079671
0.100449
0.082891
0.328344
0.315358
0.524135
0.228557
0.301303
0.254840
0.335904
0.276398
0.219125
0.269556
0.257647
0.214595
0.116347
0.293143
0.142964
0.219097
0.343383
0.066002
0.137263
0.056777
0.101332
0.097289
0.064808
0.128590
0.428864
0.320385
0.500317
0.356846
0.233697
0.280407
0.212757
0.286457
0.332687
0.303672
0.242757
0.340542
0.384824
0.400506
0.345990
0.464057
0.187740
0.160659
0.194017
0.077213
0.109595
0.087951
0.109423
0.083128
0.412348
0.480339
0.518091
0.280382
0.177047
0.175457
0.231189
0.276404
0.246795
0.214386
0.190710
0.288373
0.359516
0.218418
0.166012
0.337435
0.244445
0.229706
0.146673
0.099304
0.137313
0.094578
0.127021
0.076271
0.371956
0.410759
0.313070
0.337036
0.417107
0.266047
0.346724
0.288724
0.402545
0.428487
0.339328
0.285432
0.460815
0.486314
0.336644
0.189583
0.190017
0.264203
0.223921
0.253700
0.205981
0.261411
0.260818
0.179976
0.430156
0.456698
0.308220
0.393724
0.470806
0.240458
0.450405
0.357819
0.181780
0.123956
0.139450
0.136363
0.224341
0.310694
0.242621
0.238381
0.262884
0.269242
0.287219
0.221179
0.247698
0.172075
0.187632
0.113604
0.143520
0.172284
0.237810
0.095298
0.152558
0.202598
0.181163
0.262986
0.181646
0.131876
0.168277
0.224670
0.171405
0.380460
0.286222
0.610550
0.314401
0.214224
0.164411
0.152640
0.162057
0.128825
0.226196
0.138259
0.364238
0.400475
0.580095
0.503621
0.427967
0.303770
0.358409
0.290577
0.502299
0.244433
0.281437
0.300627
0.427151
0.324726
0.308728
0.417368
0.313237
0.192472
0.204757
0.131040
0.191844
0.222770
0.189054
0.133901
0.631043
0.603158
0.500759
0.331414
0.512612
0.257129
0.346763
0.239634
0.366962
0.266613
0.244268
0.325772
0.254741
0.217242
0.242761
0.221692
0.193157
0.114776
0.185309
0.152571
0.135335
0.146328
0.092076
0.171703
0.372340
0.463452
0.586323
0.316508
0.467997
0.257753
0.249574
0.237199
0.411722
0.307173
0.281530
0.290377
0.262194
0.156979
0.516863
0.473286
0.134771
0.217593
0.180351
0.083936
0.129011
0.164112
0.129549
0.112816
0.493444
0.263347
0.313250
0.192121
0.256059
0.345787
0.154180
0.266326
0.252148
0.313056
0.186604
0.306355
0.116580
0.062493
0.096791
0.125580
0.174036
0.097331
0.162177
0.096092
0.159004
0.109222
0.120207
0.115649
0.337154
0.272997
0.240755
0.275770
0.282839
0.239368
0.290425
0.315919
0.304101
0.209349
0.184256
0.233200
0.150030
0.080418
0.050618
0.097684
0.091641
0.129028
0.115521
0.078792
0.094772
0.078719
0.136663
0.092349
0.373012
0.234047
0.166379
0.189813
0.308942
0.336196
0.320690
0.265346
0.784803
0.287261
0.379888
0.130640
0.153918
0.176965
0.046672
0.118390
0.337472
0.291582
0.124800
0.147485
0.222674
0.086833
0.093230
0.083890
0.123274
0.054274
0.077025
0.036422
0.024430
0.077818
0.086807
0.117419
0.152046
0.311105
0.436051
0.225102
0.225359
0.134492
0.176932
0.213288
0.205131
0.075968
0.066223
0.085070
0.087644
0.092958
0.057135
0.079998
0.252644
0.216085
0.270101
0.275917
0.274187
0.293269
0.199391
0.224107
0.244765
0.278285
0.202259
0.244413
0.318767
0.252850
0.569273
0.472525
0.413457
0.355844
0.083724
0.103003
0.108570
0.130459
0.104162
0.074018
0.232573
0.264795
0.353494
0.395250
0.277879
0.223242
0.204184
0.260610
0.312829
0.353527
0.243106
0.320691
0.204729
0.105499
0.144112
0.153597
0.271642
0.195580
0.060045
0.045341
0.052039
0.032838
0.048626
0.085931
0.344665
0.261401
0.239689
0.298379
0.268801
0.291206
0.302690
0.220859
0.300071
0.216413
0.423809
0.173386
0.331805
0.223316
0.184975
0.304078
0.110794
0.118477
0.116085
0.137690
0.117606
0.111286
0.131234
0.153774
0.334993
0.189695
0.241501
0.434428
0.363136
0.374489
0.363649
0.281350
0.345830
0.338121
0.251065
0.237199
0.077242
0.254495
0.131295
0.426327
0.401913
0.301609
0.290788
0.102211
0.095211
0.114606
0.135657
0.131899
0.501877
0.370893
0.450866
0.386614
0.597757
0.460632
0.338172
0.366779
0.292242
0.477639
0.438916
0.379076
0.242745
0.041253
0.057425
0.059966
0.077169
0.097679
0.107085
0.171562
0.113907
0.122733
0.132364
0.125364
0.221506
0.217347
0.214577
0.355190
0.306242
0.260053
0.405778
0.354305
0.152644
0.134759
0.218934
0.107659
0.170018
0.426729
0.485894
0.391184
0.152023
0.258949
0.322603
0.104824
0.098422
0.124339
0.101407
0.106176
0.081348
0.084109
0.090948
0.160797
0.196845
0.332040
0.097457
0.032741
0.075403
0.479845
0.183549
0.220967
0.079561
0.224459
0.259258
0.611372
0.288712
0.200842
0.226383
0.135678
0.071989
0.115516
0.091431
0.067093
0.496198
0.396554
0.359147
0.427680
0.502692
0.628730
0.259672
0.356394
0.621776
0.365458
0.295298
0.398308
0.315802
0.703954
0.519027
0.282914
0.150277
0.234073
0.244628
0.111880
0.075293
0.101003
0.121180
0.097556
0.419721
0.184118
0.322877
0.452200
0.386027
0.323603
0.436748
0.397551
0.423574
0.363896
0.298852
0.652150
0.152214
0.254283
0.076051
0.177900
0.231446
0.220309
0.091856
0.070570
0.076434
0.065166
0.071568
0.083669
0.662963
0.239119
0.190289
0.256744
0.375870
0.291911
0.357266
0.397658
0.414556
0.368047
0.276392
0.342739
0.319030
0.555876
0.692421
0.296114
0.410593
0.201343
0.180667
0.123411
0.101090
0.059308
0.087979
0.104299
0.321164
0.365971
0.290448
0.397588
0.325740
0.296548
0.170188
0.255656
0.345574
0.288168
0.214615
0.393156
0.296184
0.204805
0.127162
0.146842
0.150780
0.154367
0.147393
0.057823
0.111526
0.121408
0.086321
0.068031
0.517797
0.545327
0.492440
0.378306
0.492557
0.422561
0.326869
0.451660
0.431085
0.212313
0.442675
0.265289
0.529887
0.203662
0.255091
0.325588
0.171276
0.109446
0.125921
0.187434
0.136140
0.143938
0.133823
0.124528
0.301872
0.246829
0.263855
0.219423
0.289723
0.512055
0.244362
0.270664
0.189107
0.113311
0.121485
0.116087
0.048660
0.041783
0.040409
0.113450
0.188299
0.513894
0.205517
0.234993
0.096890
0.143166
0.131764
0.106928
0.075232
0.117006
0.065717
0.142946
0.122164
0.209149
0.271034
0.193261
0.048375
0.113644
0.091645
0.337009
0.229383
0.247113
0.144027
0.229092
0.288884
0.262449
0.380836
0.136186
0.092923
0.125893
0.107134
0.107175
0.394253
0.424236
0.339506
0.361983
0.335051
0.246124
0.243263
0.265262
0.165734
0.307967
0.275040
0.376542
0.235767
0.198581
0.277902
0.165703
0.238127
0.274542
0.320890
0.128118
0.083486
0.069117
0.109795
0.056176
0.377544
0.330254
0.450366
0.257959
0.213483
0.294078
0.303246
0.205753
0.198501
0.313694
0.301252
0.215937
0.116485
0.096305
0.175372
0.189708
0.330724
0.208854
0.187581
0.141118
0.071453
0.082306
0.098103
0.096822
0.355105
0.242829
0.382439
0.388647
0.301200
0.240706
0.339055
0.223227
0.364557
0.348147
0.227010
0.195870
0.250941
0.179443
0.133625
0.132693
0.309497
0.453123
0.085951
0.113242
0.093114
0.088423
0.100613
0.141155
0.298611
0.242559
0.266896
0.365566
0.224881
0.383758
0.349319
0.359439
0.304898
0.280316
0.358305
0.381776
0.141247
0.094358
0.091006
0.099640
0.357371
0.193389
0.118241
0.122140
0.072813
0.063856
0.088709
0.098557
0.419520
0.212308
0.255856
0.269470
0.371936
0.354805
0.178769
0.299785
0.383714
0.662506
0.357688
0.551420
0.234192
0.083104
0.144033
0.109847
0.186249
0.172208
0.187225
0.076463
0.115504
0.099187
0.098713
0.086917
0.222134
0.193817
0.364568
0.461801
0.609007
0.304996
0.407055
0.529999
0.240345
0.402900
0.075288
0.137726
0.196669
0.090717
0.037254
0.595397
0.336584
0.281820
0.286352
0.167134
0.121225
0.188238
0.110360
0.148003
0.076364
0.117343
0.156477
0.143161
0.145681
0.227281
0.057613
0.164476
0.290991
0.097693
0.035475
0.022747
0.034987
0.057275
0.082920
0.135149
0.210191
0.313483
0.114184
0.080506
0.099968
0.077716
0.087596
0.073487
0.085648
0.033246
0.038655
0.048988
0.033287
0.103237
0.193881
0.145804
0.211424
0.222042
0.135283
0.362128
0.255794
0.107840
0.236143
0.124204
0.161385
0.246192
0.228480
0.089263
0.105500
0.079854
0.094870
0.091955
0.466549
0.248278
0.171752
0.219547
0.191102
0.254261
0.211615
0.252090
0.291153
0.208496
0.275619
0.180256
0.101227
0.118303
0.088405
0.200446
0.104968
0.180254
0.085890
0.066814
0.079162
0.134356
0.083163
0.097769
0.416309
0.217005
0.214868
0.181541
0.341857
0.379420
0.295768
0.358536
0.216204
0.442519
0.336017
0.434816
0.071924
0.075685
0.542587
0.292901
0.234140
0.159196
0.092216
0.096793
0.104345
0.074314
0.059539
0.105567
0.397050
0.214539
0.264617
0.497908
0.427661
0.567851
0.390733
0.427028
0.378060
0.596734
0.480799
0.582624
0.475578
0.295483
0.220699
0.111700
0.220970
0.187949
0.174072
0.157287
0.136494
0.076928
0.101780
0.099285
0.360065
0.280494
0.401332
0.564602
0.301855
0.305956
0.496509
0.314526
0.450528
0.543646
0.445734
0.372261
0.220093
0.172850
0.029150
0.184289
0.182440
0.343393
0.206758
0.169629
0.077611
0.066474
0.080993
0.075886
0.438638
0.489644
0.377229
0.407153
0.409672
0.414614
0.271819
0.313144
0.175611
0.177252
0.164814
0.366718
0.205994
0.134806
0.080333
0.230101
0.302155
0.107296
0.076942
0.067174
0.087479
0.093317
0.205719
0.096203
0.132691
0.050315
0.126777
0.044273
0.030387
0.102225
0.055232
0.275903
0.158874
0.231536
0.117053
0.153381
0.242335
0.114217
0.315883
0.261931
0.587629
0.181576
0.126140
0.073168
0.057617
0.068228
0.114026
0.076507
0.474197
0.490922
0.670951
0.566132
0.417751
0.456742
0.342270
0.372020
0.618707
0.508510
0.649589
0.508102
0.315406
0.342519
0.363772
0.228614
0.320575
0.370931
0.127246
0.138416
0.058499
0.077179
0.075058
0.074714
0.349382
0.295179
0.388748
0.348302
0.419489
0.527618
0.449639
0.472891
0.515624
0.490471
0.701003
0.479192
0.309366
0.355872
0.193073
0.171537
0.175927
0.122398
0.090389
0.169687
0.057828
0.088288
0.102266
0.069302
0.329625
0.493678
0.502732
0.457707
0.383415
0.367342
0.510627
0.383831
0.358765
0.360145
0.435261
0.558322
0.458225
0.438828
0.303471
0.330999
0.156585
0.209616
0.095035
0.100273
0.089379
0.068393
0.074063
0.097203
0.264685
0.393732
0.390063
0.335093
0.294438
0.365765
0.530127
0.493303
0.650084
0.534365
0.497580
0.434113
0.488190
0.776767
0.314673
0.741095
0.194990
0.140026
0.154279
0.066866
0.128436
0.155096
0.069524
0.089276
0.335693
0.391520
0.559041
0.558353
0.684970
0.613033
0.454492
0.550930
0.606677
0.530127
0.468539
0.367468
0.555422
0.397461
0.273323
0.244235
0.339924
0.222084
0.214706
0.142205
0.139664
0.110206
0.084176
0.075102
0.153744
0.357878
0.458454
0.305869
0.466987
0.607864
0.589346
0.636062
0.214996
0.209900
0.198857
0.184441
0.247966
0.186598
0.146451
0.105972
0.285466
0.257738
0.221841
0.062580
0.148596
0.135273
0.136937
0.103634
0.086244
0.046364
0.030771
0.269030
0.228363
0.282157
0.277694
0.225924
0.361634
0.355173
0.304612
0.171246
0.148470
0.514282
0.206587
0.317248
0.158694
0.378567
0.250335
0.297235
0.199365
0.106968
0.228288
0.127607
0.385298
0.419157
0.467884
0.570812
0.352472
0.435394
0.381487
0.408393
0.316286
0.392944
0.370293
0.672957
0.298304
0.382050
0.204181
0.253531
0.269704
0.137921
0.088057
0.110756
0.074319
0.100106
0.057467
0.175436
0.291585
0.332881
0.441565
0.431164
0.338490
0.343850
0.410646
0.689550
0.557380
0.662298
0.574327
0.501614
0.549270
0.509611
0.292006
0.555149
0.324510
0.326035
0.105950
0.103741
0.067438
0.150153
0.104838
0.131925
0.579027
0.394400
0.455258
0.348058
0.343364
0.341797
0.247108
0.386963
0.415113
0.554199
0.324541
0.612117
0.304266
0.126646
0.388521
0.393115
0.337078
0.262929
0.124124
0.147859
0.060475
0.100431
0.086843
0.099057
0.464782
0.584344
0.397189
0.389200
0.403916
0.409154
0.388224
0.417851
0.473760
0.451995
0.389581
0.549852
0.410552
0.217145
0.230764
0.214304
0.196600
0.140413
0.111965
0.157875
0.108304
0.102006
0.095665
0.118117
0.603327
0.310956
0.480837
0.323391
0.337105
0.636815
0.546044
0.543845
0.477612
0.513805
0.514814
0.704623
0.305791
0.176647
0.107564
0.062598
0.153370
0.198237
0.116614
0.077932
0.150068
0.094886
0.098161
0.126225
0.273091
0.450682
0.346468
0.391607
0.386014
0.540282
0.709850
0.912512
0.419468
0.194296
0.207382
0.174429
0.125178
0.126238
0.221538
0.222691
0.147958
0.200049
0.152466
0.075312
0.061361
0.083370
0.092350
0.057630
0.052811
0.102889
0.104824
0.132928
0.330386
0.484548
0.313897
0.158334
0.274572
0.034584
0.092583
0.133582
0.104071
0.101251
0.054027
0.184347
0.139257
0.188161
0.167139
0.098411
0.108278
0.108656
0.104235
0.095570
0.303615
0.291501
0.462664
0.532947
0.404845
0.551284
0.354976
0.405300
0.391025
0.442898
0.547424
0.325836
0.239603
0.220995
0.346922
0.178484
0.181962
0.132182
0.138644
0.088147
0.084819
0.099573
0.081230
0.086276
0.423233
0.349250
0.386455
0.336264
0.418258
0.510449
0.413410
0.312628
0.489533
0.297793
0.383597
0.562561
0.482183
0.407881
0.368616
0.367544
0.326442
0.233158
0.190924
0.171986
0.126766
0.083478
0.119276
0.075397
0.571370
0.277959
0.316043
0.393003
0.345382
0.418952
0.361641
0.404228
0.354382
0.280150
0.413000
0.470395
0.133582
0.092126
0.053465
0.147906
0.226942
0.137846
0.188862
0.085612
0.122381
0.129759
0.057123
0.103848
0.449795
0.527859
0.383807
0.399879
0.350804
0.358308
0.402990
0.456849
0.559689
0.457326
0.318107
0.582637
0.323071
0.312864
0.449394
0.316592
0.223484
0.290193
0.292959
0.127026
0.093487
0.093735
0.128418
0.109935
0.324094
0.305310
0.443642
0.341870
0.343551
0.390615
0.315199
0.304175
0.273736
0.298498
0.314407
0.389253
0.219606
0.209150
0.123477
0.116168
0.265583
0.231785
0.344947
0.132652
0.106734
0.089178
0.113081
0.069549
0.374931
0.240073
0.322240
0.461119
0.316774
0.364436
0.345589
0.185049
0.219289
0.226218
0.098272
0.122781
0.176318
0.303058
0.214975
0.213359
0.510631
0.112040
0.216883
0.086270
0.106998
0.078327
0.070892
0.098512
0.084508
0.095616
0.092215
0.064757
0.091437
0.142267
0.143632
0.125891
0.159186
0.109755
0.149733
0.150724
0.090188
0.113583
0.118032
0.178496
0.139466
0.155044
0.095336
0.120794
0.113228
0.106713
0.067107
0.098495
0.368279
0.282531
0.339063
0.268749
0.423970
0.502824
0.505810
0.375878
0.650571
0.507689
0.595523
0.595971
0.375234
0.194978
0.123390
0.213459
0.088090
0.231965
0.080240
0.081121
0.065136
0.107998
0.069110
0.079174
0.371871
0.453932
0.448911
0.355793
0.599333
0.266287
0.408211
0.388746
0.350197
0.240910
0.315203
0.329228
0.424208
0.153482
0.061703
0.088186
0.293094
0.258549
0.191641
0.106110
0.166614
0.094084
0.111615
0.158898
0.479665
0.382883
0.485955
0.460502
0.528069
0.439906
0.520808
0.501209
0.317288
0.464135
0.566692
0.371794
0.210469
0.087394
0.339282
0.511848
0.451474
0.297679
0.310155
0.262780
0.126921
0.135671
0.117049
0.095902
0.404820
0.554867
0.516309
0.451886
0.428679
0.420638
0.515991
0.417974
0.364709
0.451416
0.403109
0.458355
0.257473
0.265427
0.583226
0.446069
0.281354
0.257995
0.196713
0.202988
0.232412
0.182886
0.184465
0.173672
0.551945
0.409170
0.428394
0.530463
0.435895
0.286359
0.351355
0.507279
0.444123
0.407723
0.300721
0.597508
0.214304
0.160665
0.043988
0.147758
0.112306
0.294518
0.166353
0.060484
0.095083
0.102882
0.129697
0.076420
0.369100
0.174158
0.205210
0.210803
0.300844
0.247719
0.342301
0.162664
0.303974
0.221623
0.081697
0.101559
0.078323
0.187022
0.149295
0.131273
0.179199
0.251118
0.251924
0.159019
0.077951
0.066464
0.078253
0.110675
0.061674
0.100151
0.048331
0.067763
0.182526
0.092619
0.261145
0.254161
0.268075
0.168311
0.134280
0.201251
0.106369
0.120161
0.115434
0.184449
0.233358
0.313356
0.145156
0.189996
0.209638
0.101083
0.090109
0.140908
0.447942
0.473266
0.493582
0.550582
0.595026
0.560610
0.534496
0.611006
0.622499
0.488327
0.575315
0.613189
0.537706
0.484262
0.208820
0.171987
0.152405
0.205774
0.248637
0.183743
0.131648
0.108668
0.098903
0.128064
0.056571
0.045691
0.107733
0.045654
0.157959
0.176564
0.117720
0.555694
0.221121
0.447649
0.192487
0.255486
0.355763
0.410667
0.297918
0.379691
0.307274
0.316592
0.190099
0.288943
0.261541
0.097538
0.130007
0.090174
0.369647
0.331908
0.603921
0.584125
0.560056
0.465189
0.399647
0.704481
0.479259
0.493218
0.519015
0.376249
0.138052
0.100612
0.190101
0.252055
0.211223
0.223069
0.161106
0.163404
0.101322
0.143009
0.109598
0.103191
0.761474
0.492434
0.396173
0.537518
0.359942
0.590633
0.549617
0.389179
0.644341
0.620096
0.411786
0.637493
0.355966
0.217682
0.187924
0.188677
0.300341
0.432647
0.365711
0.385926
0.255040
0.287984
0.362776
0.311214
0.367071
0.481856
0.532574
0.612112
0.412219
0.436675
0.408225
0.541847
0.407018
0.543165
0.817547
0.903324
0.635390
0.213893
0.112530
0.145859
0.363290
0.380573
0.140095
0.191176
0.154452
0.137128
0.096108
0.125042
0.693306
0.399227
0.430410
0.606645
0.715672
0.372797
0.391873
0.443947
0.252635
0.237316
0.149139
0.215417
0.093311
0.081794
0.113629
0.044841
0.143600
0.116512
0.218301
0.148294
0.314981
0.067808
0.063432
0.128810
0.067922
0.048706
0.102466
0.072965
0.250963
0.026636
0.029628
0.199595
0.173382
0.268370
0.349285
0.503419
0.351734
0.259236
0.280591
0.329726
0.230861
0.118924
0.109814
0.149288
0.122179
0.147624
0.170775
0.073088
0.469805
0.618759
0.322217
0.389291
0.296216
0.527505
0.450654
0.608268
0.511864
0.645207
0.514348
0.610691
0.384213
0.483321
0.627493
0.329504
0.282984
0.107611
0.174738
0.061507
0.119893
0.085949
0.099848
0.120365
0.529541
0.552151
0.324942
0.662905
0.517987
0.573416
0.489817
0.356618
0.461583
0.430176
0.513907
0.525313
0.318248
0.401633
0.483307
0.374892
0.303364
0.184230
0.102690
0.137700
0.101930
0.188093
0.081144
0.110730
0.541358
0.653803
0.476080
0.595733
0.314195
0.468577
0.453895
0.596653
0.657514
0.522714
0.631578
0.652160
0.471749
0.232301
0.302066
0.183384
0.373662
0.239853
0.066076
0.155339
0.089418
0.120523
0.104045
0.165795
0.458756
0.443838
0.400665
0.381273
0.535403
0.357335
0.367718
0.526186
0.367016
0.619253
0.597260
0.571620
0.182161
0.080706
0.150854
0.377795
0.332246
0.214086
0.183570
0.102970
0.072391
0.111980
0.162636
0.075400
0.401514
0.496925
0.575301
0.528585
0.463568
0.418322
0.395847
0.497062
0.585088
0.455968
0.619553
0.716201
0.286023
0.128717
0.413683
0.540634
0.427332
0.526123
0.185170
0.161579
0.224752
0.108318
0.095486
0.065121
0.299482
0.344927
0.523298
0.458217
0.696240
0.384917
0.560508
0.573597
0.428310
0.289761
0.330730
0.279302
0.363965
0.438125
0.232297
0.205149
0.246205
0.217490
0.287591
0.209164
0.125941
0.127787
0.082687
0.064205
0.091057
0.051499
0.113023
0.065894
0.064262
0.063374
0.054671
0.315639
0.227684
0.266341
0.258513
0.180840
0.419015
0.360302
0.266625
0.452784
0.401092
0.247379
0.188286
0.124701
0.101016
0.088717
0.150174
0.075272
0.527130
0.508313
0.305800
0.571770
0.553066
0.465122
0.492109
0.671445
0.474263
0.504248
0.492651
0.817993
0.613486
0.725538
0.910956
0.441392
0.411326
0.272041
0.225555
0.162418
0.126534
0.156478
0.114160
0.072676
0.599097
0.346944
0.615754
0.502072
0.561196
0.639013
0.595174
0.596749
0.497044
0.658273
0.600419
0.830821
0.366308
0.343686
0.426055
0.260428
0.440674
0.373638
0.231519
0.121462
0.083071
0.105071
0.160506
0.095291
0.533414
0.415954
0.516473
0.461600
0.366025
0.487021
0.545421
0.514415
0.461601
0.417576
0.346935
0.686742
0.257830
0.193401
0.286660
0.437329
0.351820
0.246388
0.076066
0.073780
0.059318
0.138079
0.122764
0.104267
0.501847
0.353935
0.473495
0.380526
0.642399
0.327194
0.483612
0.636699
0.398174
0.530398
0.510825
0.542525
0.443062
0.677030
0.581122
0.725518
0.613923
0.523363
0.267776
0.206496
0.269806
0.195867
0.182645
0.145180
0.446066
0.434906
0.465272
0.594934
0.502775
0.478758
0.433253
0.752898
0.624368
0.654366
0.451426
0.490497
0.637298
0.272601
0.347386
0.278097
0.447962
0.346197
0.072223
0.150206
0.081837
0.100531
0.074573
0.160083
0.399296
0.325716
0.486338
0.463787
0.482615
0.300303
0.484209
0.224331
0.237582
0.317025
0.287951
0.182551
0.186498
0.281320
0.324365
0.171230
0.224377
0.168236
0.087310
0.295247
0.082916
0.076440
0.153492
0.175372
0.095106
0.068370
0.081237
0.058581
0.101033
0.332152
0.570917
0.410626
0.218336
0.288951
0.097043
0.256112
0.278223
0.368491
0.513998
0.405379
0.170887
0.255327
0.105836
0.124782
0.117823
0.111155
0.062738
0.062633
0.623999
0.447031
0.359304
0.452223
0.451420
0.345930
0.479150
0.460668
0.646066
0.352643
0.466601
0.765733
0.145350
0.244217
0.055276
0.116210
0.168652
0.137793
0.059650
0.085214
0.122549
0.079820
0.099772
0.151122
0.359399
0.491899
0.429849
0.513472
0.435124
0.328919
0.446597
0.442896
0.560174
0.393008
0.728591
0.787326
0.304906
0.407162
0.297000
0.522003
0.300115
0.242155
0.182264
0.083344
0.091593
0.096102
0.096250
0.105369
0.479251
0.394616
0.482887
0.645046
0.492587
0.448525
0.336475
0.434702
0.652208
0.503884
0.383242
0.516375
0.273507
0.186032
0.240695
0.381886
0.337733
0.194960
0.133902
0.091956
0.105036
0.095098
0.138593
0.146680
0.338805
0.465716
0.377146
0.473816
0.381265
0.591717
0.439674
0.422396
0.530608
0.641510
0.582575
0.643019
0.290259
0.175374
0.177203
0.212198
0.200183
0.190685
0.153535
0.244999
0.084896
0.088321
0.099347
0.103410
0.498171
0.670558
0.291304
0.297274
0.326978
0.296469
0.381691
0.591777
0.601220
0.421377
0.506070
0.527784
0.367010
0.245151
0.237227
0.199510
0.273037
0.235226
0.133357
0.221634
0.199550
0.113064
0.109983
0.098728
0.523812
0.470017
0.436607
0.297404
0.350602
0.314653
0.430347
0.387175
0.327273
0.313506
0.220128
0.305646
0.228659
0.117945
0.138459
0.159182
0.167701
0.273940
0.147640
0.171343
0.157694
0.086890
0.082895
0.109549
0.088453
0.096236
0.043631
0.026450
0.093525
0.082933
0.189104
0.094814
0.052648
0.175198
0.087075
0.098190
0.115580
0.185537
0.195222
0.184635
0.199208
0.097902
0.167851
0.154343
0.153703
0.096448
0.126888
0.193247
0.347221
0.351040
0.578936
0.295924
0.430068
0.471683
0.591661
0.383909
0.704682
0.459510
0.781022
0.567326
0.680291
0.645302
0.522583
0.335369
0.370203
0.301802
0.169717
0.134674
0.150570
0.161586
0.149065
0.122765
0.470748
0.481482
0.524623
0.513036
0.657188
0.552781
0.420836
0.508786
0.561631
0.574190
0.452093
0.465826
0.433166
0.373925
0.430041
0.307441
0.272666
0.156237
0.115475
0.093587
0.132335
0.110902
0.079976
0.093167
0.384409
0.459509
0.564037
0.590453
0.622205
0.507700
0.402585
0.492458
0.376593
0.552943
0.412419
0.590565
0.216342
0.098805
0.222202
0.237657
0.168387
0.354623
0.101962
0.166140
0.081443
0.133034
0.079236
0.095437
0.347850
0.353910
0.398782
0.354459
0.442341
0.395471
0.548553
0.510046
0.430288
0.593002
0.428712
0.408886
0.193950
0.059960
0.089398
0.120615
0.303248
0.183466
0.303461
0.203608
0.118312
0.106410
0.100096
0.087666
0.383383
0.384148
0.330975
0.302036
0.344149
0.552849
0.459308
0.387104
0.432242
0.531828
0.381422
0.318160
0.476581
0.269955
0.163882
0.274965
0.179338
0.171469
0.141823
0.076607
0.071112
0.135471
0.080273
0.120517
0.327509
0.350816
0.310732
0.286598
0.389502
0.306422
0.205133
0.146028
0.061504
0.039558
0.053684
0.029052
0.042060
0.078384
0.047803
0.089774
0.202070
0.148618
0.137409
0.196628
0.073343
0.061660
0.096884
0.082998
0.112468
0.056827
0.055650
0.046942
0.095510
0.094378
0.025354
0.045738
0.049494
0.068651
0.047188
0.037550
0.054087
0.086195
0.052725
0.182757
0.658053
0.318799
0.261938
0.259949
0.248816
0.101651
0.099985
0.097957
0.397950
0.670066
0.477548
0.397747
0.774143
0.631604
0.403413
0.612715
0.540886
0.425737
0.521210
0.565906
0.384582
0.403098
0.244222
0.305884
0.245474
0.212038
0.130121
0.156371
0.080470
0.080524
0.144250
0.129848
0.374008
0.332575
0.320499
0.537550
0.578007
0.455715
0.410208
0.515823
0.556616
0.540862
0.482690
0.574847
0.153139
0.087004
0.325824
0.427977
0.270065
0.178293
0.071051
0.072515
0.074720
0.110044
0.109354
0.102825
0.347379
0.535775
0.538665
0.570902
0.437206
0.580457
0.321876
0.440987
0.404167
0.317462
0.293316
0.312030
0.125072
0.103258
0.128745
0.177694
0.385024
0.217185
0.162092
0.141819
0.063170
0.084015
0.086710
0.168897
0.382285
0.461181
0.559159
0.450799
0.484032
0.556814
0.309258
0.476687
0.752679
0.478235
0.582286
0.565397
0.459432
0.438435
0.415819
0.149636
0.363872
0.411273
0.106586
0.066785
0.109540
0.115341
0.099744
0.109595
0.442672
0.560594
0.342351
0.627417
0.382233
0.308313
0.402554
0.582015
0.555780
0.426168
0.585628
0.547414
0.310201
0.253861
0.054757
0.126911
0.174305
0.182647
0.191172
0.088557
0.065332
0.068237
0.142050
0.135175
0.531496
0.353323
0.469645
0.477752
0.447875
0.296951
0.201612
0.356039
0.239529
0.232027
0.285745
0.186392
0.164730
0.395756
0.391799
0.281952
0.232444
0.244813
0.096049
0.078595
0.142326
0.101641
0.102224
0.112869
0.119169
0.090208
0.157384
0.150794
0.199904
0.379406
0.423630
0.217343
0.258807
0.465594
0.214619
0.142489
0.307894
0.383596
0.363730
0.280499
0.207641
0.096260
0.117562
0.078913
0.086024
0.080718
0.086789
0.126347
0.538583
0.435361
0.585300
0.348313
0.503240
0.410821
0.578980
0.409155
0.517743
0.317408
0.553764
0.436829
0.317135
0.333622
0.694638
0.262739
0.192400
0.098234
0.072188
0.118135
0.090245
0.072555
0.088483
0.104514
0.429318
0.341579
0.248150
0.478395
0.407329
0.424479
0.371753
0.500086
0.428056
0.365035
0.463409
0.302513
0.170280
0.234924
0.333748
0.366875
0.328180
0.305940
0.272854
0.143129
0.083131
0.079802
0.117097
0.079030
0.419075
0.470781
0.562164
0.665250
0.369934
0.427559
0.405156
0.550731
0.352428
0.523008
0.413524
0.504726
0.320327
0.475375
0.156265
0.252339
0.237284
0.276505
0.185048
0.210486
0.138277
0.107575
0.062435
0.063372
0.414818
0.565726
0.527383
0.394190
0.413662
0.477803
0.328654
0.473747
0.615720
0.571866
0.387416
0.453091
0.246708
0.252657
0.184723
0.352989
0.293749
0.313163
0.215235
0.164307
0.083342
0.080371
0.088365
0.098653
0.544340
0.652638
0.445027
0.354378
0.356728
0.448778
0.352769
0.367227
0.519347
0.376179
0.386489
0.334323
0.276890
0.170072
0.102369
0.097804
0.115512
0.077231
0.151756
0.168707
0.084187
0.122250
0.063332
0.074291
0.144663
0.194607
0.203194
0.279387
0.529279
0.533909
0.343695
0.094152
0.118559
0.064377
0.179999
0.118579
0.084868
0.115969
0.063778
0.215694
0.200718
0.254456
0.114299
0.078373
0.148188
0.060212
0.146606
0.152305
0.126604
0.083322
0.035706
0.062030
0.136555
0.069950
0.109491
0.144202
0.297734
0.140255
0.142666
0.193121
0.110186
0.109543
0.136845
0.384014
0.198131
0.429117
0.297270
0.148642
0.077355
0.135282
0.117419
0.199101
0.536413
0.724176
0.609099
0.464020
0.469404
0.633886
0.676820
0.653789
0.578886
0.657963
0.562436
0.492077
0.504665
0.247138
0.258752
0.213539
0.127130
0.232057
0.131927
0.150030
0.064610
0.075885
0.150949
0.062535
0.477319
0.458790
0.567914
0.345499
0.735873
0.506574
0.325591
0.485775
0.474764
0.334477
0.335966
0.410931
0.337700
0.368931
0.468099
0.216970
0.190933
0.086971
0.088191
0.089517
0.095506
0.080697
0.088695
0.074807
0.539993
0.366019
0.381248
0.328827
0.455143
0.490024
0.417357
0.471429
0.331600
0.438650
0.510281
0.634142
0.469204
0.374818
0.520769
0.366521
0.425719
0.090412
0.131679
0.098233
0.085815
0.088839
0.087029
0.080292
0.423554
0.393537
0.324554
0.593823
0.547467
0.348725
0.352951
0.322065
0.410360
0.426078
0.358771
0.527889
0.190085
0.200799
0.267791
0.170879
0.194341
0.122848
0.094425
0.121650
0.072058
0.098684
0.108241
0.133985
0.404692
0.402566
0.455985
0.303254
0.454312
0.423342
0.466709
0.335807
0.285638
0.330221
0.375572
0.529236
0.281143
0.090054
0.205224
0.312866
0.284756
0.167807
0.109475
0.075883
0.089871
0.095511
0.077892
0.103261
0.300662
0.345969
0.349540
0.455299
0.468741
0.268836
0.346142
0.154586
0.139233
0.181614
0.080660
0.061946
0.089579
0.061279
0.042879
0.392618
0.302457
0.349439
0.176827
0.190242
0.092916
0.074596
0.066619
0.096625
0.082580
0.083181
0.149447
0.032567
0.068482
0.023372
0.032177
0.037565
0.070784
0.105557
0.100518
0.033513
0.147674
0.174837
0.288058
0.282768
0.218980
0.119013
0.130618
0.122061
0.100816
0.068506
0.065254
0.098451
0.418376
0.576556
0.294084
0.590033
0.436123
0.543251
0.515484
0.304205
0.307208
0.518182
0.468255
0.595238
0.553520
0.579944
0.398140
0.228941
0.130727
0.102753
0.096697
0.126621
0.075767
0.082039
0.082478
0.081223
0.324628
0.408714
0.311625
0.529498
0.428613
0.476435
0.342382
0.500340
0.326846
0.571047
0.389126
0.603382
0.448980
0.592392
0.322642
0.240721
0.204651
0.292993
0.164388
0.098087
0.077844
0.101554
0.089054
0.124513
0.541490
0.305243
0.487005
0.365616
0.380230
0.567013
0.516026
0.628345
0.459921
0.570831
0.568667
0.721135
0.394077
0.127067
0.165144
0.201924
0.242070
0.100985
0.088610
0.096368
0.065230
0.086902
0.114612
0.090408
0.575065
0.502185
0.398130
0.495185
0.462895
0.530924
0.534184
0.540373
0.324308
0.439325
0.368717
0.277392
0.185879
0.099300
0.113722
0.170604
0.361324
0.273112
0.074045
0.114257
0.093007
0.081138
0.064682
0.091105
0.547570
0.311045
0.274271
0.541199
0.550292
0.521616
0.328906
0.310348
0.367738
0.357965
0.329588
0.387865
0.319346
0.164115
0.110291
0.104080
0.131688
0.191350
0.207842
0.094597
0.140171
0.081606
0.091892
0.064486
0.360006
0.321659
0.228401
0.421539
0.652133
0.434745
0.352225
0.216922
0.196398
0.297643
0.326716
0.381971
0.130154
0.345260
0.291677
0.581568
0.387500
0.441276
0.204556
0.091184
0.098528
0.143494
0.075955
0.097855
0.109464
0.084587
0.061361
0.056179
0.054468
0.053044
0.195249
0.328380
0.315490
0.141414
0.115345
0.092028
0.054613
0.184597
0.094931
0.138194
0.115328
0.191268
0.205431
0.136780
0.074713
0.073175
0.085051
0.177759
0.112306
0.135255
0.054787
0.073120
0.113159
0.090208
0.169306
0.177655
0.119479
0.084619
0.055433
0.106604
0.029132
0.069400
0.104767
0.142317
0.100834
0.124752
0.087962
0.076200
0.084252
0.074198
0.103097
0.061510
0.359935
0.216714
0.390748
0.477608
0.685793
0.477986
0.484874
0.516220
0.439368
0.482590
0.347161
0.292018
0.450884
0.604586
0.301480
0.578063
0.296425
0.151416
0.131450
0.082944
0.096418
0.121791
0.103985
0.160975
0.291498
0.312176
0.422332
0.545291
0.598272
0.464605
0.290935
0.472981
0.276095
0.377568
0.340496
0.370196
0.217013
0.192364
0.191087
0.100560
0.253192
0.126480
0.137211
0.083682
0.084726
0.064500
0.100418
0.084025
0.407731
0.193247
0.395685
0.348910
0.423061
0.489545
0.461561
0.513358
0.363363
0.458634
0.503297
0.391578
0.418101
0.118889
0.101599
0.210361
0.212107
0.444360
0.131531
0.059748
0.126495
0.103576
0.064800
0.092713
0.381858
0.398004
0.332488
0.531377
0.546032
0.360432
0.437816
0.507077
0.315427
0.585476
0.595949
0.445631
0.485868
0.139786
0.155437
0.082446
0.193791
0.437435
0.069518
0.101973
0.108749
0.100172
0.084850
0.103797
0.356347
0.288364
0.369881
0.393830
0.383369
0.321089
0.317891
0.112526
0.108720
0.098094
0.095363
0.227057
0.256376
0.223737
0.142120
0.161566
0.239081
0.153693
0.149920
0.102282
0.079311
0.060730
0.089564
0.105992
0.193150
0.292789
0.070084
0.031969
0.061910
0.084005
0.113666
0.284099
0.202611
0.345181
0.198466
0.252665
0.181150
0.129895
0.166449
0.249020
0.270193
0.253954
0.238557
0.104332
0.095190
0.105549
0.137766
0.094143
0.541158
0.400808
0.514633
0.606167
0.403018
0.542687
0.396819
0.508263
0.442536
0.793475
0.446042
0.515734
0.474494
0.305441
0.378794
0.259497
0.252324
0.130770
0.106794
0.074836
0.169266
0.087341
0.056376
0.107077
0.545649
0.406052
0.402823
0.431604
0.406602
0.512356
0.459605
0.381499
0.571473
0.519250
0.635102
0.473743
0.288239
0.360703
0.364306
0.488286
0.396381
0.201943
0.098496
0.085124
0.104628
0.147021
0.108850
0.093896
0.477446
0.502716
0.509843
0.443958
0.490621
0.338326
0.349260
0.424287
0.614945
0.710685
0.415295
0.399739
0.564175
0.283058
0.180708
0.207753
0.196842
0.221555
0.175963
0.100687
0.089607
0.075773
0.120081
0.117594
0.502606
0.638896
0.611105
0.554011
0.544293
0.531989
0.552830
0.417322
0.675411
0.649946
0.367902
0.613214
0.539919
0.308767
0.357627
0.354127
0.146578
0.170981
0.132707
0.086710
0.118750
0.136750
0.122998
0.102437
0.708895
0.421328
0.405498
0.453419
0.376617
0.426155
0.479092
0.379291
0.606178
0.373677
0.469146
0.596926
0.366033
0.149529
0.094303
0.119393
0.093928
0.132360
0.115049
0.103014
0.069471
0.062673
0.082872
0.059178
0.346417
0.497697
0.379168
0.398691
0.400387
0.404103
0.651219
0.417489
0.203964
0.094951
0.043828
0.034712
0.040381
0.049808
0.064539
0.095473
0.139423
0.081100
0.055011
0.078136
0.054902
0.066464
0.142116
0.102934
0.287131
0.127534
0.062406
0.048049
0.050181
0.104619
0.242137
0.394971
0.396275
0.579341
0.346572
0.306016
0.285774
0.225317
0.240831
0.461269
0.251747
0.199690
0.069840
0.077236
0.065398
0.069342
0.097588
0.067431
0.530478
0.440773
0.256074
0.294761
0.568523
0.520642
0.530686
0.397257
0.545555
0.380297
0.391266
0.264320
0.355153
0.297216
0.365381
0.287479
0.099051
0.117725
0.085347
0.062660
0.068438
0.087786
0.119662
0.110338
0.421606
0.395845
0.365500
0.426088
0.429644
0.555672
0.311538
0.602864
0.398103
0.371498
0.432176
0.762873
0.459533
0.355372
0.386456
0.288564
0.227950
0.203055
0.184273
0.206053
0.123479
0.123172
0.198522
0.169932
0.565698
0.378891
0.331011
0.356421
0.384379
0.611489
0.426600
0.553385
0.422033
0.564817
0.318765
0.371499
0.249033
0.176534
0.104724
0.131767
0.133428
0.107395
0.089511
0.106516
0.078067
0.088845
0.054223
0.088397
0.538512
0.541596
0.373524
0.342232
0.300116
0.362304
0.406565
0.418290
0.449696
0.352661
0.457247
0.352826
0.110651
0.076901
0.104014
0.124973
0.107259
0.147501
0.080140
0.086983
0.109985
0.089873
0.157474
0.097272
0.481407
0.607562
0.494077
0.457451
0.552691
0.339119
0.357014
0.556208
0.446563
0.544344
0.558900
0.481951
0.748995
0.215745
0.232733
0.336487
0.401115
0.274752
0.179936
0.076751
0.080746
0.097750
0.108050
0.099997
0.442942
0.370692
0.548390
0.495117
0.555790
0.394362
0.520321
0.274047
0.344905
0.263384
0.200507
0.231641
0.128803
0.085089
0.126053
0.198691
0.201524
0.314932
0.414858
0.149009
0.094504
0.094100
0.062059
0.129844
0.062956
0.151334
0.085497
0.352537
0.205967
0.176176
0.154403
0.206015
0.177871
0.090108
0.163418
0.070564
0.145586
0.110576
0.068648
0.122207
0.204329
0.187788
0.113248
0.124050
0.130589
0.098345
0.106656
0.092589
0.430412
0.623419
0.472217
0.412078
0.395800
0.562507
0.350134
0.344585
0.390465
0.419009
0.537841
0.395257
0.276601
0.197720
0.217978
0.173776
0.162729
0.131081
0.095834
0.103904
0.112351
0.099421
0.068195
0.060509
0.368278
0.641533
0.368216
0.384580
0.406428
0.263462
0.415724
0.251154
0.411409
0.274736
0.275184
0.261956
0.258531
0.203967
0.096002
0.070098
0.089212
0.057116
0.123239
0.088443
0.103029
0.077132
0.090991
0.085609
0.404429
0.602704
0.409124
0.470351
0.518483
0.464339
0.469410
0.311640
0.290384
0.444630
0.440964
0.401624
0.205392
0.055768
0.149457
0.163440
0.222171
0.103676
0.103043
0.075349
0.103361
0.082068
0.069590
0.088624
0.323883
0.446600
0.519570
0.432173
0.313178
0.392106
0.410435
0.310045
0.334586
0.298735
0.415290
0.282873
0.364681
0.194164
0.271683
0.195213
0.141604
0.145981
0.100487
0.079676
0.102159
0.086701
0.076523
0.094758
0.493573
0.507544
0.603949
0.297959
0.472259
0.335990
0.362449
0.481670
0.274246
0.438870
0.281017
0.460586
0.305413
0.039575
0.100860
0.094136
0.192859
0.090576
0.101110
0.077288
0.077031
0.084974
0.098267
0.083185
0.229360
0.213433
0.388582
0.279479
0.230935
0.298467
0.122141
0.105751
0.033971
0.075496
0.137060
0.079098
0.043065
0.086762
0.096320
0.099237
0.094258
0.140690
0.094691
0.108894
0.079655
0.074850
0.080562
0.067802
0.081169
0.063644
0.118242
0.102041
0.062583
0.163665
0.191258
0.258357
0.401640
0.490307
0.341088
0.291341
0.286978
0.230889
0.127685
0.334983
0.291872
0.282413
0.385794
0.173670
0.099885
0.078750
0.136674
0.070875
0.507361
0.583329
0.474130
0.577923
0.649494
0.282828
0.312000
0.487495
0.385344
0.355334
0.553170
0.414472
0.352406
0.379798
0.348024
0.408133
0.286828
0.241080
0.134084
0.112195
0.060142
0.106619
0.096734
0.099906
0.556697
0.851729
0.468024
0.474803
0.676787
0.348161
0.296512
0.471014
0.433186
0.360810
0.265868
0.365353
0.295684
0.348516
0.438541
0.168217
0.230713
0.159127
0.219013
0.224300
0.142080
0.117986
0.143084
0.075099
0.371465
0.406336
0.542489
0.380946
0.520300
0.260729
0.265631
0.401362
0.431194
0.332551
0.315023
0.294470
0.106017
0.061400
0.114298
0.129642
0.070839
0.090204
0.119348
0.063482
0.082839
0.129834
0.095326
0.077605
0.307390
0.583541
0.405399
0.420589
0.389274
0.373951
0.326526
0.261917
0.495927
0.341199
0.416465
0.364436
0.231227
0.073905
0.055530
0.076880
0.081896
0.079474
0.089222
0.083142
0.062644
0.097690
0.146143
0.068257
0.498037
0.423876
0.467594
0.393161
0.331955
0.210588
0.388060
0.432932
0.408850
0.259896
0.266912
0.288461
0.169397
0.110081
0.092247
0.085835
0.098100
0.070327
0.096354
0.119663
0.050256
0.078996
0.070410
0.130207
0.326534
0.323732
0.258619
0.299263
0.244548
0.184414
0.122459
0.084409
0.071731
0.075082
0.077564
0.084572
0.088845
0.061660
0.129790
0.094581
0.097780
0.099426
0.067951
0.099192
0.102211
0.078510
0.108284
0.088322
0.091235
0.115844
0.193697
0.025736
0.048523
0.210062
0.130713
0.040402
0.031410
0.023887
0.035844
0.058838
0.036422
0.063193
0.103028
0.107511
0.071860
0.117007
0.066956
0.062748
0.093324
0.060796
0.056894
0.054605
0.478981
0.269233
0.251364
0.309169
0.426939
0.437190
0.361861
0.321453
0.319543
0.408196
0.333843
0.342351
0.187411
0.135043
0.079870
0.057141
0.119334
0.081361
0.144977
0.107435
0.076745
0.095093
0.105485
0.095540
0.356737
0.280378
0.258169
0.240859
0.370391
0.401839
0.496437
0.506927
0.394853
0.460211
0.285592
0.311340
0.390107
0.284055
0.563772
0.389553
0.422973
0.251209
0.156540
0.262879
0.093411
0.099131
0.109834
0.109785
0.413835
0.523065
0.353649
0.448089
0.478546
0.477991
0.318553
0.375102
0.424835
0.305343
0.300333
0.637940
0.316606
0.170703
0.132419
0.133976
0.129811
0.142978
0.082792
0.079519
0.131784
0.100657
0.119415
0.146738
0.400621
0.395962
0.285689
0.552151
0.402912
0.226905
0.207267
0.320868
0.284225
0.301339
0.275936
0.286919
0.179962
0.133776
0.296456
0.158959
0.327468
0.348601
0.132236
0.079012
0.128229
0.116151
0.111141
0.099808
0.542557
0.230935
0.303768
0.283520
0.246828
0.240085
0.371891
0.288719
0.270701
0.302700
0.360028
0.306617
0.194090
0.268270
0.329322
0.246388
0.170283
0.155204
0.196096
0.111330
0.164561
0.201162
0.124784
0.152659
0.351576
0.379747
0.200760
0.389934
0.268866
0.401630
0.222914
0.223513
0.272139
0.231205
0.234905
0.247890
0.140894
0.189572
0.104275
0.160680
0.141367
0.183569
0.187440
0.182350
0.119131
0.136336
0.099384
0.216542
0.108091
0.167827
0.271907
0.185199
0.091188
0.168329
0.170005
0.108279
0.053296
0.047798
0.096571
0.104115
0.040614
0.063483
0.143099
0.215665
0.175167
0.207410
0.137953
0.155145
0.142264
0.118021
0.084489
0.142332
0.552355
0.537255
0.507681
0.517084
0.336874
0.269129
0.321392
0.233246
0.306970
0.350017
0.450436
0.312671
0.273195
0.182816
0.257818
0.142573
0.146060
0.160365
0.135915
0.097391
0.078771
0.100990
0.128557
0.069035
0.551472
0.323653
0.261055
0.295025
0.262620
0.284249
0.340436
0.539423
0.468486
0.249107
0.386195
0.574429
0.114683
0.056679
0.313717
0.201196
0.183956
0.120258
0.100199
0.120311
0.103520
0.084878
0.069330
0.116418
0.544386
0.555076
0.424379
0.314596
0.252373
0.280047
0.230613
0.295300
0.433225
0.427494
0.530439
0.325773
0.215043
0.078125
0.124412
0.075842
0.087535
0.189845
0.145388
0.102422
0.114535
0.152207
0.078200
0.095301
0.390616
0.242530
0.373190
0.223546
0.220754
0.230753
0.214960
0.288384
0.307121
0.241034
0.272472
0.235505
0.178389
0.083128
0.105561
0.180077
0.239838
0.151974
0.129575
0.138135
0.128944
0.102055
0.118921
0.117221
0.484956
0.259931
0.379511
0.393118
0.229384
0.491032
0.449017
0.407958
0.439361
0.411625
0.363894
0.446189
0.292888
0.308612
0.277298
0.264810
0.240525
0.252141
0.152491
0.123746
0.115841
0.136978
0.097851
0.114259
0.315413
0.318277
0.322301
0.199504
0.392299
0.320944
0.474356
0.325900
0.307837
0.322815
0.181385
0.140708
0.187997
0.224410
0.572226
0.110828
0.243748
0.127176
0.091551
0.136994
0.131648
0.154384
0.118454
0.098454
0.124965
0.123246
0.081714
0.160257
0.281501
0.270810
0.156130
0.102063
0.061157
0.041148
0.056985
0.037234
0.045751
0.131812
0.168718
0.356462
0.300836
0.156100
0.114551
0.098542
0.063955
0.150469
0.085855
0.093872
0.379522
0.275706
0.288935
0.268465
0.409786
0.353001
0.306182
0.235060
0.307455
0.306110
0.423482
0.380824
0.457069
0.425167
0.177811
0.109213
0.118392
0.101903
0.070934
0.083374
0.087114
0.081913
0.148013
0.131241
0.500982
0.526135
0.472555
0.384954
0.368505
0.268718
0.352698
0.387581
0.361741
0.369628
0.356852
0.472845
0.464880
0.335507
0.627228
0.183849
0.295037
0.203001
0.115560
0.072659
0.097328
0.106167
0.116262
0.089573
0.466911
0.819427
0.385308
0.387029
0.242717
0.216071
0.233744
0.311754
0.291592
0.454039
0.476299
0.307791
0.282086
0.281946
0.234499
0.375203
0.211177
0.185770
0.112625
0.098275
0.131389
0.112512
0.134835
0.137844
0.545081
0.591929
0.315471
0.369391
0.369937
0.208462
0.193352
0.296002
0.241473
0.247641
0.457690
0.432501
0.179291
0.333051
0.370314
0.257794
0.286648
0.192807
0.172520
0.167588
0.095105
0.106520
0.155352
0.156134
0.387693
0.477600
0.319657
0.212975
0.379181
0.444214
0.447937
0.374302
0.452985
0.416982
0.243140
0.349192
0.324985
0.334877
0.271883
0.503140
0.253208
0.163398
0.180092
0.229078
0.127131
0.171153
0.223704
0.221325
0.351356
0.289150
0.318731
0.633027
0.451810
0.448995
0.371581
0.249002
0.278619
0.219189
0.218477
0.219478
0.084765
0.131002
0.120668
0.241656
0.207333
0.189585
0.140856
0.139309
0.253183
0.142501
0.240071
0.184197
0.155456
0.150612
0.208325
0.124703
0.262059
0.248011
0.274264
0.222283
0.220967
0.148591
0.193117
0.155748
0.301019
0.174628
0.211907
0.228561
0.221446
0.249722
0.232207
0.148284
0.177996
0.120317
0.228007
0.169199
0.539446
0.285738
0.430330
0.549368
0.527869
0.378311
0.249519
0.335413
0.337490
0.358252
0.276844
0.322599
0.373174
0.234224
0.419561
0.703744
0.411528
0.216464
0.276034
0.158057
0.172862
0.169151
0.251396
0.241871
0.459348
0.720442
0.406133
0.478674
0.391211
0.268322
0.399884
0.299789
0.495583
0.401021
0.421365
0.419413
0.323105
0.491442
0.280742
0.324009
0.241253
0.216780
0.371934
0.259223
0.242536
0.160152
0.170461
0.163339
0.657168
0.632160
0.528241
0.591037
0.727591
0.742621
0.289756
0.343827
0.404787
0.435147
0.342917
0.380447
0.242493
0.331563
0.219553
0.362894
0.378518
0.238844
0.243529
0.233982
0.130241
0.245162
0.160729
0.151994
0.707454
0.456326
0.451648
0.475951
0.342660
0.458315
0.368850
0.234066
0.300011
0.246168
0.312937
0.449567
0.244298
0.270393
0.219632
0.248502
0.201267
0.316434
0.187903
0.199242
0.162913
0.232694
0.182881
0.266471
0.548386
0.755051
0.355556
0.408166
0.443742
0.322749
0.261098
0.322136
0.365563
0.319419
0.347024
0.363654
0.273478
0.307154
0.314393
0.136178
0.206636
0.289676
0.111208
0.203302
0.103657
0.111912
0.130418
0.150276
0.449648
0.366341
0.526579
0.239714
0.215742
0.274954
0.168648
0.146013
0.163337
0.170700
0.085611
0.113723
0.153734
0.091732
0.166663
0.193746
0.106713
0.331578
0.139164
0.083054
0.142684
0.182795
0.122073
0.144208
0.147720
0.131261
0.096783
0.080834
0.103344
0.128211
0.115250
0.108039
0.174764
0.235418
0.255989
0.164183
0.347211
0.326282
0.210466
0.296494
0.271402
0.455541
0.259312
0.101094
0.150549
0.104249
0.212561
0.142673
0.175785
0.363601
0.590772
0.392079
0.342522
0.490041
0.434786
0.364264
0.318248
0.247795
0.336147
0.224742
0.258751
0.412423
0.399355
0.389380
0.427439
0.327074
0.364775
0.178437
0.178922
0.216590
0.202241
0.208361
0.179443
0.504251
0.684120
0.414916
0.431311
0.488974
0.449403
0.395251
0.300252
0.278849
0.234022
0.324026
0.333161
0.441823
0.464525
0.325833
0.178933
0.305491
0.174013
0.167271
0.243757
0.182534
0.128933
0.217117
0.159471
0.465177
0.402069
0.542465
0.454598
0.421241
0.363605
0.332218
0.373305
0.260342
0.380119
0.267502
0.273470
0.210394
0.395862
0.286210
0.414670
0.271616
0.283620
0.334116
0.249224
0.191736
0.162709
0.160740
0.154276
0.517252
0.498218
0.560163
0.357199
0.262545
0.329609
0.456853
0.474033
0.425966
0.421483
0.326803
0.521410
0.508223
0.347949
0.220940
0.388961
0.600571
0.389537
0.314751
0.244569
0.291324
0.192611
0.243110
0.166485
0.539846
0.749561
0.493646
0.722302
0.758562
0.547290
0.509074
0.382241
0.485899
0.398020
0.583617
0.490208
0.487815
0.359572
0.224793
0.294503
0.291983
0.278631
0.193317
0.169128
0.161133
0.228091
0.241643
0.168557
0.370105
0.285537
0.377609
0.420700
0.397282
0.411368
0.389117
0.342765
0.381743
0.273683
0.357122
0.672546
0.506119
0.182337
0.150985
0.222254
0.178433
0.223255
0.154553
0.156941
0.174634
0.138272
0.185645
0.174332
0.160014
0.144079
0.163535
0.316525
0.384162
0.300904
0.264550
0.211220
0.201071
0.283460
0.177934
0.235314
0.267122
0.316510
0.543383
0.563083
0.669718
0.540324
0.361653
0.295112
0.229813
0.246442
0.283242
0.282447
0.513038
0.712642
0.727317
0.442107
0.547438
0.254017
0.482022
0.292092
0.522524
0.388715
0.354867
0.461142
0.456690
0.393637
0.327870
0.423962
0.282548
0.172754
0.203648
0.220143
0.204816
0.192220
0.175242
0.197931
0.623855
0.494473
0.474736
0.938844
0.852534
0.694503
0.421796
0.352585
0.421579
0.365090
0.357559
0.312166
0.294679
0.298665
0.434421
0.344288
0.257463
0.225896
0.130692
0.224742
0.145896
0.221826
0.175330
0.171523
0.510380
0.464143
0.667039
0.432142
0.394662
0.373961
0.340079
0.249184
0.318917
0.314795
0.321532
0.304766
0.454260
0.237997
0.286515
0.270197
0.316940
0.359305
0.253947
0.206347
0.248489
0.231914
0.229465
0.202698
0.723315
0.612194
0.676978
0.578271
0.390077
0.405937
0.387930
0.331404
0.348675
0.390773
0.371740
0.502191
0.494546
0.476011
0.253962
0.409247
0.280235
0.340172
0.245706
0.276226
0.144079
0.235257
0.165364
0.183190
0.607531
0.471752
0.630047
0.370115
0.479247
0.365899
0.473338
0.517766
0.331000
0.291319
0.374019
0.296235
0.504995
0.224699
0.219688
0.231109
0.326278
0.150800
0.293703
0.178003
0.220664
0.190182
0.248589
0.174193
0.498812
0.668956
0.435055
0.272242
0.305188
0.386202
0.308013
0.180662
0.167555
0.188969
0.182722
0.262795
0.317623
0.210866
0.221173
0.266869
0.302050
0.410942
0.429639
0.254276
0.291380
0.260241
0.275295
0.180003
0.272885
0.291011
0.291096
0.268941
0.306546
0.741307
0.359259
0.366478
0.302215
0.260432
0.144606
0.167435
0.188250
0.369412
0.265223
0.255879
0.264249
0.359079
0.266575
0.264588
0.225777
0.147591
0.221918
0.259355
0.578168
0.442055
0.696376
0.360639
0.330077
0.341477
0.374403
0.335786
0.299211
0.380750
0.377080
0.357059
0.360286
0.270413
0.194867
0.350927
0.502406
0.381674
0.295366
0.248777
0.215256
0.132100
0.245529
0.195579
0.431207
0.505445
0.404321
0.398543
0.554316
0.430567
0.256189
0.491474
0.548555
0.549145
0.324690
0.553614
0.529636
0.335311
0.495781
0.356954
0.353998
0.291023
0.250323
0.271933
0.193573
0.278770
0.238906
0.187097
0.733621
0.455368
0.631765
0.614019
0.404035
0.387430
0.450103
0.299131
0.266461
0.392589
0.474349
0.393850
0.233095
0.256944
0.196482
0.320237
0.197191
0.162264
0.173581
0.210132
0.139906
0.197646
0.165753
0.230166
0.204509
0.220564
0.229830
0.322679
0.239158
0.249798
0.244729
0.146813
0.142243
0.098709
0.216585
0.099607
0.144891
0.172435
0.316049
0.275992
0.312580
0.177361
0.158802
0.219873
0.193783
0.285103
0.131197
0.207519
0.440230
0.573903
0.410976
0.432193
0.527174
0.298720
0.315192
0.474594
0.446140
0.247424
0.348771
0.341222
0.466618
0.237061
0.167688
0.252318
0.225428
0.247099
0.162710
0.241416
0.121678
0.196594
0.244601
0.201868
0.392220
0.362835
0.371993
0.224386
0.479477
0.439048
0.454323
0.517197
0.233824
0.222421
0.240185
0.143680
0.448095
0.437375
0.298204
0.204990
0.340376
0.286733
0.462676
0.237260
0.206856
0.205877
0.268894
0.193171
0.167426
0.208598
0.315112
0.310640
0.302095
0.229533
0.294044
0.223579
0.132702
0.151911
0.097439
0.146323
0.125196
0.289854
0.593229
0.361373
0.345976
0.344772
0.226379
0.310979
0.261431
0.121474
0.152770
0.260341
0.499612
0.754420
0.616560
0.451562
0.381232
0.343493
0.383041
0.376124
0.306890
0.357045
0.325150
0.420786
0.448981
0.495017
0.430444
0.307319
0.219023
0.378927
0.186206
0.228960
0.186552
0.227589
0.214582
0.189503
0.690562
0.606607
0.377505
0.382628
0.370649
0.379731
0.375399
0.305156
0.191841
0.158253
0.254913
0.350936
0.346174
0.164259
0.273147
0.666723
0.360565
0.300473
0.375009
0.319477
0.191178
0.178344
0.277493
0.197226
0.619266
0.609298
0.577152
0.251309
0.364043
0.453550
0.420763
0.331913
0.289287
0.387679
0.286159
0.292422
0.419642
0.354384
0.360663
0.241784
0.149696
0.196348
0.261279
0.142999
0.258627
0.189627
0.224801
0.149404
0.512511
0.475002
0.427043
0.563997
0.664352
0.320179
0.526767
0.580094
0.281895
0.406769
0.281643
0.358898
0.394420
0.313715
0.228666
0.228474
0.204523
0.310543
0.270138
0.218390
0.203167
0.126566
0.137262
0.243715
0.424455
0.741813
0.553938
0.404105
0.293729
0.308057
0.362226
0.401547
0.243859
0.245499
0.334898
0.379973
0.387685
0.321135
0.245630
0.371520
0.211446
0.145166
0.110842
0.120958
0.122446
0.152525
0.131749
0.197463
0.285515
0.224705
0.359518
0.288647
0.556684
0.711113
0.402959
0.372452
0.189092
0.163206
0.197698
0.214319
0.609548
0.315902
0.347623
0.196582
0.296092
0.186600
0.278894
0.177432
0.141326
0.172751
0.219054
0.149340
0.189524
0.184365
0.198722
0.187529
0.218309
0.367395
0.419078
0.216779
0.189136
0.151124
0.188946
0.155000
0.221807
0.229719
0.542715
0.377902
0.229843
0.188611
0.161607
0.193352
0.175699
0.200950
0.199365
0.165466
0.638178
0.631237
0.573960
0.568204
0.345194
0.362243
0.337472
0.315759
0.529517
0.341768
0.692364
0.570053
0.571986
0.425903
0.351362
0.214913
0.465586
0.427619
0.262463
0.216135
0.139278
0.253144
0.166650
0.236993
0.615783
0.748084
0.546277
0.473456
0.484521
0.445686
0.461767
0.494341
0.339951
0.429744
0.373233
0.315806
0.663021
0.474672
0.421585
0.337607
0.289498
0.476296
0.278233
0.242179
0.170313
0.270208
0.201928
0.202431
0.710878
0.759566
0.545924
0.474373
0.615968
0.435576
0.438209
0.294344
0.358035
0.498173
0.399738
0.487568
0.952421
0.751245
0.268602
0.256395
0.373902
0.233402
0.274768
0.204955
0.378183
0.309087
0.248377
0.253957
0.602911
0.604978
0.791123
0.711906
0.640369
0.542463
0.529797
0.534538
0.575531
0.568726
0.390897
0.527812
0.529384
0.286539
0.376044
0.277993
0.436762
0.274634
0.416590
0.306662
0.325893
0.228732
0.355598
0.325148
0.814350
0.780303
0.710538
0.677899
0.427274
0.405963
0.781675
0.456730
0.456190
0.631628
0.487196
0.364754
0.464946
0.450516
0.502711
0.301271
0.200729
0.204828
0.289422
0.274906
0.305656
0.247652
0.204363
0.296345
0.550114
0.524203
0.405320
0.490964
0.363962
0.306756
0.268138
0.293343
0.227129
0.269399
0.180935
0.250799
0.563743
0.473701
0.490636
0.281403
0.512662
0.266636
0.253508
0.264775
0.345199
0.209197
0.301978
0.299546
0.217030
0.312763
0.295094
0.226972
0.261447
0.360927
0.340847
0.235314
0.153020
0.206072
0.187587
0.133441
0.203219
0.228287
0.317490
0.178594
0.172244
0.417230
0.387292
0.270830
0.266704
0.184500
0.272441
0.222192
0.753427
0.481076
0.473367
0.534376
0.404292
0.607203
0.521931
0.459886
0.518220
0.341251
0.408127
0.374293
0.522855
0.403352
0.367260
0.348923
0.219260
0.314381
0.315629
0.242713
0.241636
0.374113
0.238216
0.445518
0.813024
0.621811
0.408451
0.647198
0.541279
0.611887
0.539218
0.324121
0.398127
0.501200
0.434006
0.604701
0.724993
0.395052
0.550741
0.335170
0.510450
0.338495
0.325983
0.223376
0.295596
0.294344
0.354002
0.257041
0.774665
0.830012
0.779416
0.620695
0.393550
0.527926
0.344638
0.475552
0.457815
0.550579
0.525895
0.424916
0.560330
0.424901
0.333589
0.386518
0.333829
0.254441
0.386131
0.300356
0.270362
0.236697
0.314295
0.215909
0.510931
0.761116
0.413204
0.463809
0.346317
0.425784
0.326039
0.516248
0.639909
0.523172
0.348740
0.465446
0.366217
0.374170
0.436821
0.346213
0.436353
0.526620
0.359505
0.259084
0.223193
0.208402
0.206339
0.339002
0.764385
0.552430
0.509614
0.452901
0.487234
0.624466
0.478732
0.447037
0.572989
0.481477
0.533512
0.503005
0.340796
0.297779
0.269563
0.385335
0.225935
0.236141
0.243208
0.215609
0.174761
0.226773
0.257104
0.317326
0.343924
0.370142
0.369050
0.609599
0.510131
0.276329
0.277279
0.188114
0.228636
0.420072
0.313214
0.297274
0.295112
0.332252
0.320141
0.224268
0.331397
0.210360
0.307719
0.304712
0.231023
0.274582
0.270483
0.257988
0.271958
0.351940
0.307854
0.236368
0.294548
0.313753
0.325782
0.479042
0.416125
0.393121
0.356525
0.481266
0.576672
0.459143
0.365716
0.561798
0.444569
0.468734
0.388674
0.277694
0.253942
0.306878
0.302521
0.312542
0.561056
0.519165
0.480309
0.381039
0.505395
0.407476
0.435599
0.407462
0.412812
0.283659
0.283027
0.438389
0.288662
0.517399
0.510018
0.555008
0.263098
0.440851
0.281075
0.367853
0.278839
0.166940
0.193261
0.310864
0.791074
0.433389
0.616003
0.450380
0.359000
0.463843
0.513672
0.273024
0.329146
0.452898
0.339137
0.600650
0.627578
0.369931
0.235124
0.237926
0.251402
0.230889
0.225376
0.308414
0.182709
0.296383
0.275294
0.193825
0.641432
0.699064
0.427740
0.836962
0.649831
0.530294
0.383628
0.364374
0.363253
0.373555
0.363128
0.497576
0.325714
0.458032
0.281875
0.438958
0.400372
0.481266
0.193709
0.328836
0.272741
0.223048
0.270006
0.262286
0.584826
0.478258
0.776908
0.347866
0.362671
0.642612
0.430336
0.508438
0.358876
0.481955
0.354623
0.367002
0.438371
0.499471
0.361051
0.542175
0.723099
0.277596
0.252055
0.197589
0.277033
0.265885
0.340781
0.203919
0.906521
0.627943
0.979137
0.364692
0.506912
0.404511
0.430802
0.468824
0.321063
0.361107
0.288452
0.361576
0.576133
0.444445
0.321963
0.547381
0.483200
0.551672
0.364699
0.302069
0.368734
0.330151
0.319544
0.288780
0.242440
0.400555
0.476580
0.867527
0.740236
0.869398
0.524285
0.509248
0.377778
0.349084
0.309752
0.477396
0.345332
0.488196
0.597873
0.586969
0.352808
0.424923
0.389822
0.245432
0.382843
0.379133
0.341081
0.352517
0.349137
0.290844
0.289678
0.394599
0.560927
0.752609
0.332638
0.422231
0.262811
0.287787
0.218509
0.320064
0.492751
0.488651
0.401574
0.320430
0.391210
0.456995
0.400942
0.287238
0.357009
0.425122
0.416267
0.267117
0.420081
0.498712
0.436873
0.328923
0.605676
0.790684
0.390261
0.288434
0.200600
0.250280
0.276902
0.376858
0.279650
0.423772
0.467429
0.310579
0.300303
0.550393
0.542052
0.335870
0.467048
0.287617
0.469430
0.338936
0.651207
0.830117
0.558382
0.829620
0.715369
0.578905
0.602092
0.635119
0.680252
0.611006
0.571612
0.472749
0.905622
0.746226
1.000000
0.409123
0.424099
0.494875
0.492114
0.413577
0.308586
0.430351
0.393258
0.351781
0.923948
0.925734
0.545351
0.534176
0.745599
0.614534
0.416064
0.707128
0.603220
0.427663
0.744754
0.680059
0.705121
0.552099
0.450636
0.566420
0.519642
0.565150
0.558982
0.276641
0.395488
0.348451
0.359137
0.374754
0.872690
0.852336
0.546536
0.550966
0.733153
0.469409
0.406448
0.490830
0.562105
0.734480
0.598673
0.740367
0.589631
0.414448
0.465473
0.339801
0.396410
0.290645
0.310062
0.422529
0.401354
0.330427
0.426389
0.419880
0.576249
0.814070
0.910635
0.476046
0.689519
0.700834
0.646542
0.432872
0.591124
0.596921
0.466110
0.563044
0.358146
0.290558
0.685012
0.382779
0.448442
0.351004
0.470634
0.419650
0.460723
0.414304
0.392810
0.470574
0.698741
0.587285
0.440068
0.790386
0.691111
0.507584
0.837678
0.367988
0.370153
0.509242
0.512563
0.474417
0.747107
0.630930
0.385823
0.602862
0.588351
0.463585
0.467702
0.474402
0.409294
0.329569
0.474059
0.374979
0.358771
0.280515
0.257094
0.398298
0.357286
0.446778
0.433213
0.398105
0.328060
0.433527
0.302150
0.428016
0.533117
0.620992
0.372586
0.532597
0.491186
0.413051
0.455386
