0.108348
0.122728
0.101618
0.140415
0.129234
0.220634
0.181000
0.218959
0.207300
0.196194
0.399307
0.184338
0.311313
0.283071
0.239762
0.241701
0.268878
0.208153
0.271453
0.191791
0.149558
0.201071
0.141755
0.133165
0.155673
0.165569
0.094435
0.121107
0.146275
0.160908
0.102364
0.158141
0.298049
0.209056
0.220892
0.302656
0.267683
0.255179
0.238233
0.189271
0.134717
0.168959
0.331932
0.247149
0.242488
0.178605
0.098841
0.134129
0.090886
0.096743
0.142113
0.104418
0.144442
0.190107
0.134037
0.184961
0.194403
0.268131
0.110027
0.131927
0.188663
0.102603
0.159336
0.138383
0.244245
0.208976
0.290786
0.176294
0.151390
0.139062
0.190215
0.126849
0.101787
0.087530
0.122083
0.175883
0.152802
0.171581
0.214684
0.224285
0.149584
0.122260
0.136097
0.157655
0.313144
0.328814
0.162393
0.476541
0.402763
0.278067
0.276410
0.275005
0.210383
0.140644
0.154579
0.183306
0.145659
0.107501
0.114634
0.095816
0.117540
0.178941
0.191276
0.349430
0.272169
0.284540
0.250467
0.213552
0.196984
0.163767
0.222897
0.213327
0.222859
0.357271
0.404465
0.202307
0.230433
0.196840
0.212442
0.151599
0.144604
0.145080
0.168041
0.161922
0.181883
0.183152
0.222690
0.175230
0.310038
0.346880
0.219448
0.153993
0.116999
0.125139
0.109456
0.115153
0.211186
0.192204
0.245090
0.204138
0.179683
0.345748
0.159926
0.117547
0.141194
0.106160
0.102576
0.104684
0.122888
0.172119
0.137592
0.157998
0.172064
0.198966
0.161007
0.155863
0.181577
0.156560
0.138034
0.289640
0.158818
0.321848
0.333771
0.204050
0.196541
0.300169
0.209718
0.150635
0.102902
0.142307
0.121797
0.129905
0.208681
0.180141
0.136069
0.260361
0.129658
0.229659
0.277039
0.209052
0.145279
0.176368
0.219733
0.242955
0.287546
0.433405
0.273777
0.345011
0.253781
0.259708
0.123904
0.147175
0.158538
0.148246
0.116831
0.134178
0.166744
0.272556
0.166635
0.304996
0.190014
0.172434
0.191832
0.172581
0.155500
0.214145
0.179062
0.147338
0.206671
0.501473
0.415438
0.293264
0.227503
0.393859
0.162564
0.140344
0.148191
0.158111
0.150313
0.134883
0.160274
0.168918
0.117813
0.342109
0.287264
0.271717
0.175525
0.269946
0.143903
0.146808
0.204440
0.172776
0.244351
0.275463
0.368701
0.279569
0.629063
0.330278
0.151657
0.150961
0.107860
0.154654
0.151176
0.097072
0.123642
0.167691
0.180456
0.217543
0.219510
0.115853
0.208483
0.288345
0.296344
0.173862
0.232055
0.161739
0.171566
0.207580
0.247277
0.283520
0.225082
0.132124
0.160288
0.152566
0.181300
0.112266
0.137438
0.123219
0.135125
0.216691
0.157955
0.402363
0.419270
0.260720
0.167937
0.191150
0.274414
0.123095
0.131412
0.196128
0.330430
0.346487
0.509445
0.263879
0.361452
0.169606
0.175852
0.146383
0.114762
0.145767
0.178059
0.113956
0.179284
0.198671
0.231263
0.324171
0.226553
0.219765
0.200044
0.202105
0.133066
0.159138
0.157048
0.309952
0.350460
0.382296
0.314786
0.249258
0.195119
0.227175
0.186284
0.140673
0.098090
0.119552
0.200943
0.137940
0.165190
0.173294
0.189797
0.242239
0.253334
0.278453
0.273944
0.326485
0.483710
0.264617
0.243105
0.166923
0.473111
0.461124
0.241745
0.354345
0.473311
0.369942
0.150568
0.124257
0.193640
0.149257
0.127339
0.109058
0.138526
0.189479
0.132202
0.268975
0.433425
0.329825
0.270881
0.122297
0.125984
0.303594
0.263950
0.244693
0.225883
0.310063
0.304358
0.231952
0.323491
0.190085
0.181131
0.128903
0.139692
0.160896
0.105386
0.121469
0.159604
0.129072
0.167699
0.198981
0.381535
0.306249
0.251942
0.186868
0.250796
0.176325
0.224035
0.227052
0.366255
0.316194
0.311673
0.167015
0.150263
0.200851
0.166377
0.098673
0.139343
0.143285
0.082049
0.108985
0.152450
0.163222
0.166483
0.253669
0.207179
0.143337
0.167901
0.162015
0.133408
0.190629
0.202687
0.147970
0.321588
0.298553
0.391812
0.345516
0.251601
0.189477
0.171260
0.110997
0.167279
0.118393
0.131109
0.129295
0.135421
0.190469
0.146779
0.300953
0.349072
0.245304
0.164266
0.176781
0.204702
0.208105
0.143245
0.105360
0.266713
0.192796
0.308113
0.228046
0.180150
0.144607
0.263317
0.115788
0.157532
0.184820
0.127113
0.102744
0.160972
0.172610
0.160463
0.241265
0.264954
0.353814
0.246803
0.243597
0.164400
0.260364
0.145461
0.173153
0.351316
0.366260
0.306176
0.416895
0.209354
0.124617
0.171720
0.115999
0.150825
0.123334
0.131794
0.124392
0.078390
0.214164
0.219203
0.295545
0.390904
0.213645
0.178101
0.143962
0.119983
0.195292
0.136155
0.137866
0.403055
0.359606
0.333737
0.340523
0.218256
0.186053
0.142707
0.129135
0.100295
0.094540
0.128354
0.127725
0.122490
0.179059
0.152672
0.320684
0.277007
0.374944
0.344905
0.264082
0.150989
0.138940
0.298915
0.351326
0.195648
0.267134
0.238769
0.303300
0.206803
0.265328
0.274650
0.177134
0.133465
0.146781
0.146546
0.100550
0.106933
0.186799
0.178918
0.260982
0.398331
0.278281
0.377482
0.431910
0.528536
0.311298
0.176134
0.136037
0.301784
0.368785
0.341943
0.477422
0.280914
0.239681
0.200007
0.145295
0.152493
0.158553
0.129538
0.127529
0.105550
0.156073
0.197996
0.259085
0.216209
0.188705
0.123559
0.116727
0.213986
0.308954
0.186850
0.408187
0.244777
0.449262
0.288869
0.427369
0.269774
0.136935
0.168032
0.110342
0.096916
0.138414
0.107776
0.086403
0.133754
0.181105
0.194898
0.164864
0.182473
0.176705
0.174641
0.154047
0.181787
0.180673
0.170410
0.199533
0.436844
0.360678
0.351248
0.285210
0.145451
0.269020
0.157372
0.142475
0.132484
0.115806
0.160431
0.080901
0.113923
0.208791
0.233209
0.173038
0.279741
0.414058
0.264198
0.250351
0.217739
0.176562
0.217358
0.170799
0.206502
0.317901
0.348914
0.470986
0.305154
0.399482
0.147195
0.099840
0.142647
0.146234
0.159336
0.111887
0.168918
0.144791
0.193547
0.253853
0.413109
0.657138
0.147284
0.123534
0.142206
0.123452
0.159661
0.138148
0.174231
0.225654
0.220326
0.296727
0.158830
0.188880
0.175779
0.103216
0.134613
0.114426
0.153209
0.139815
0.184607
0.339855
0.199096
0.169475
0.162743
0.224440
0.194337
0.128242
0.152588
0.123434
0.265345
0.155436
0.229222
0.240627
0.293976
0.345462
0.225794
0.178944
0.121399
0.101500
0.152603
0.148061
0.139802
0.129969
0.182144
0.196316
0.160391
0.235771
0.353578
0.398274
0.313022
0.263870
0.143351
0.199736
0.269471
0.209226
0.161507
0.268161
0.278744
0.390775
0.207666
0.248965
0.206238
0.181831
0.168083
0.151564
0.132548
0.160762
0.127798
0.172596
0.120218
0.311700
0.317778
0.325166
0.427351
0.395886
0.230050
0.278024
0.229788
0.253176
0.244630
0.238909
0.307315
0.176720
0.240994
0.184315
0.130774
0.099962
0.114070
0.091726
0.123998
0.093870
0.094085
0.195866
0.269842
0.177002
0.125097
0.165974
0.227963
0.128568
0.159835
0.116011
0.118108
0.161824
0.209844
0.217857
0.208989
0.206103
0.212890
0.164899
0.150730
0.115271
0.180806
0.102300
0.130842
0.130081
0.120803
0.160018
0.285342
0.297066
0.408303
0.336746
0.173782
0.162140
0.223766
0.271219
0.208686
0.270103
0.317356
0.427656
0.219342
0.400639
0.323110
0.245185
0.157359
0.123896
0.142392
0.146826
0.119360
0.134220
0.101823
0.183892
0.229315
0.298492
0.403337
0.338529
0.404478
0.248717
0.258625
0.275913
0.179608
0.285002
0.285810
0.308590
0.166080
0.170758
0.200755
0.208293
0.191601
0.147556
0.178678
0.112066
0.149984
0.178522
0.156092
0.184464
0.209996
0.387293
0.272626
0.285044
0.154698
0.185356
0.286597
0.286848
0.143296
0.194504
0.209258
0.228259
0.275589
0.263041
0.408942
0.253845
0.261180
0.144467
0.164981
0.106526
0.117853
0.176298
0.177523
0.204775
0.204287
0.201195
0.194739
0.316535
0.201359
0.235007
0.125711
0.128999
0.149001
0.128686
0.165283
0.191457
0.181710
0.343212
0.230669
0.177131
0.135860
0.160302
0.150808
0.143654
0.129377
0.174732
0.114817
0.154241
0.179908
0.304196
0.282446
0.429644
0.186772
0.195738
0.247299
0.167022
0.165614
0.168444
0.137125
0.263884
0.149222
0.221823
0.218939
0.245020
0.153261
0.187007
0.147800
0.115200
0.149573
0.116594
0.120511
0.125790
0.196056
0.207694
0.210675
0.324369
0.423947
0.369904
0.353251
0.247249
0.261158
0.226535
0.213916
0.249801
0.194748
0.389984
0.239531
0.187751
0.148010
0.162673
0.106505
0.113076
0.136289
0.118972
0.148138
0.139901
0.246564
0.272900
0.457212
0.283041
0.110984
0.233470
0.166575
0.130732
0.164883
0.123884
0.202752
0.165704
0.366986
0.373603
0.240161
0.187167
0.162655
0.177785
0.113030
0.096578
0.123561
0.128346
0.113180
0.137533
0.158942
0.164892
0.180815
0.143228
0.186470
0.181121
0.256271
0.278686
0.132423
0.268093
0.265485
0.461529
0.443263
0.325957
0.172120
0.293831
0.158605
0.116287
0.157767
0.125143
0.135898
0.158414
0.122684
0.288718
0.160941
0.357604
0.305111
0.394771
0.485423
0.368733
0.301155
0.144708
0.244710
0.331976
0.264146
0.307830
0.184036
0.260987
0.176335
0.247564
0.194884
0.144774
0.201799
0.099944
0.141508
0.178246
0.168367
0.192968
0.314239
0.299291
0.261626
0.226362
0.185761
0.158217
0.122773
0.167629
0.098288
0.166404
0.286794
0.493249
0.317715
0.214834
0.245711
0.148844
0.122767
0.122627
0.117396
0.100240
0.107506
0.120882
0.179547
0.318069
0.335976
0.244594
0.266463
0.178265
0.188939
0.119491
0.176238
0.164338
0.134549
0.236394
0.233894
0.241000
0.253085
0.270091
0.125119
0.209501
0.153277
0.147582
0.116391
0.086356
0.081718
0.142401
0.143650
0.150615
0.152965
0.207010
0.174952
0.383367
0.312721
0.197637
0.169263
0.292508
0.177783
0.152472
0.208541
0.208980
0.347223
0.178355
0.152813
0.203994
0.163856
0.107522
0.108771
0.130047
0.145898
0.127079
0.188591
0.117699
0.126220
0.120837
0.316976
0.261364
0.228596
0.181512
0.153738
0.202910
0.205775
0.283900
0.250304
0.201671
0.564512
0.540754
0.236945
0.188332
0.168045
0.154547
0.094411
0.111121
0.098900
0.150742
0.181451
0.241966
0.218055
0.357894
0.190742
0.398661
0.374421
0.257761
0.141718
0.101024
0.144671
0.172148
0.276869
0.412739
0.299380
0.250962
0.170347
0.176887
0.159542
0.154916
0.144144
0.138537
0.138879
0.133108
0.144713
0.111170
0.166332
0.221221
0.240114
0.248432
0.144627
0.177203
0.194559
0.246620
0.170988
0.188609
0.185540
0.323689
0.353129
0.238005
0.211258
0.199053
0.160939
0.199103
0.167255
0.144061
0.164091
0.135778
0.207756
0.278072
0.287469
0.393436
0.451721
0.167332
0.179767
0.178867
0.218420
0.258851
0.143382
0.095686
0.327881
0.357857
0.346861
0.322203
0.271819
0.254067
0.153555
0.291075
0.260823
0.109521
0.136528
0.163543
0.138785
0.258115
0.143653
0.319056
0.190020
0.139783
0.354147
0.166865
0.223920
0.173359
0.138598
0.127227
0.237144
0.267696
0.322516
0.386555
0.214732
0.248210
0.120797
0.211053
0.240831
0.111176
0.088960
0.137338
0.162028
0.203816
0.239525
0.309910
0.197122
0.178981
0.191693
0.170653
0.157509
0.131744
0.108536
0.154808
0.193798
0.240680
0.280926
0.308003
0.270869
0.193748
0.199962
0.201777
0.132601
0.109296
0.114786
0.123808
0.141015
0.148045
0.124074
0.280372
0.231646
0.236116
0.216630
0.211636
0.307912
0.247706
0.258633
0.220730
0.227650
0.232744
0.253402
0.254166
0.343102
0.254582
0.113055
0.115428
0.136202
0.140403
0.104683
0.112595
0.137889
0.152936
0.264373
0.302747
0.264803
0.249245
0.186301
0.379376
0.132178
0.145053
0.230487
0.504499
0.118877
0.227392
0.203434
0.286881
0.348816
0.232358
0.177270
0.146206
0.117568
0.114787
0.119868
0.112827
0.145997
0.173025
0.158162
0.427453
0.211136
0.308619
0.247543
0.281738
0.185011
0.199455
0.182736
0.263832
0.268870
0.350577
0.343532
0.300366
0.265363
0.199944
0.153259
0.134089
0.125979
0.138574
0.152991
0.144332
0.098177
0.215734
0.208199
0.166666
0.157236
0.152296
0.206601
0.246258
0.153090
0.160273
0.173339
0.124703
0.128705
0.162494
0.320055
0.326298
0.239773
0.340020
0.115717
0.111713
0.121482
0.125717
0.108614
0.100417
0.131166
0.151912
0.191449
0.238859
0.351954
0.216879
0.166357
0.305326
0.243907
0.171000
0.224175
0.270494
0.217019
0.262801
0.270325
0.179309
0.212923
0.298739
0.188421
0.156464
0.162117
0.158743
0.095896
0.107230
0.124692
0.148092
0.131293
0.265800
0.194039
0.291043
0.136285
0.162663
0.148848
0.141469
0.164949
0.254293
0.194960
0.515210
0.277521
0.252801
0.270409
0.159615
0.155380
0.160533
0.118482
0.120909
0.142030
0.122136
0.116921
0.270872
0.147260
0.204733
0.146400
0.146717
0.261642
0.202177
0.205488
0.226903
0.233080
0.283423
0.358441
0.343369
0.244914
0.273357
0.302192
0.261656
0.200428
0.141286
0.110864
0.101765
0.104536
0.151068
0.124965
0.187345
0.123148
0.342003
0.417443
0.247099
0.459113
0.201960
0.295323
0.133196
0.174478
0.220479
0.198305
0.224666
0.319738
0.357412
0.313376
0.375096
0.180158
0.144699
0.116854
0.089319
0.132372
0.129128
0.112266
0.095881
0.161278
0.267070
0.446026
0.188432
0.258293
0.454353
0.252283
0.206995
0.201445
0.205818
0.216740
0.227591
0.204979
0.362212
0.251918
0.262217
0.202875
0.137912
0.129814
0.102238
0.134297
0.109928
0.181001
0.174518
0.328077
0.354474
0.335535
0.208900
0.168786
0.175503
0.323486
0.256428
0.151810
0.119799
0.238730
0.357700
0.288981
0.222219
0.299282
0.175018
0.129097
0.098031
0.135202
0.113239
0.087604
0.106364
0.093881
0.184305
0.174552
0.239810
0.145890
0.126548
0.244542
0.316540
0.195082
0.157943
0.213388
0.154754
0.249383
0.197955
0.197798
0.322667
0.244582
0.178179
0.169683
0.079209
0.077559
0.082101
0.130500
0.074781
0.153259
0.134036
0.236473
0.193430
0.212943
0.207854
0.220678
0.245059
0.455511
0.176842
0.195808
0.195388
0.450121
0.397919
0.295843
0.292261
0.249940
0.232729
0.177586
0.168369
0.120339
0.119500
0.112438
0.111621
0.154562
0.279752
0.229617
0.258942
0.129448
0.107884
0.197659
0.174728
0.198079
0.142271
0.220287
0.188573
0.120310
0.159329
0.245372
0.318984
0.166065
0.236148
0.205325
0.093742
0.149712
0.128676
0.101231
0.117584
0.147391
0.169936
0.282687
0.261404
0.163202
0.221666
0.180145
0.120073
0.129903
0.129988
0.254350
0.268921
0.328223
0.331281
0.323213
0.252832
0.293794
0.188113
0.132133
0.117152
0.128292
0.097841
0.136750
0.086133
0.150055
0.116839
0.182143
0.180102
0.221362
0.272546
0.249830
0.155088
0.174280
0.162503
0.124473
0.141225
0.198503
0.205152
0.275949
0.185197
0.263832
0.330499
0.235696
0.158135
0.100209
0.142025
0.085813
0.109857
0.094151
0.120443
0.105951
0.205222
0.151215
0.228491
0.167948
0.373353
0.230035
0.235190
0.136398
0.205981
0.168544
0.230702
0.265701
0.200648
0.220291
0.139856
0.161818
0.102964
0.120283
0.072962
0.100757
0.105470
0.075955
0.196587
0.243815
0.296585
0.230434
0.325133
0.178437
0.117681
0.118721
0.123043
0.143387
0.139666
0.342775
0.257601
0.259760
0.168889
0.125157
0.182781
0.092384
0.095851
0.128016
0.082783
0.084492
0.084928
0.140615
0.104688
0.179825
0.154632
0.129687
0.185481
0.198265
0.172541
0.119389
0.126747
0.180349
0.125468
0.142622
0.254584
0.219594
0.211644
0.154945
0.196330
0.136858
0.112854
0.122185
0.129353
0.143507
0.144768
0.103872
0.178711
0.261914
0.319966
0.243957
0.252784
0.195299
0.203829
0.219740
0.229818
0.152994
0.174214
0.236667
0.252139
0.445373
0.299145
0.271363
0.138396
0.130042
0.154796
0.099716
0.110158
0.137562
0.106401
0.119044
0.154839
0.121240
0.192993
0.275194
0.249473
0.251816
0.166984
0.133311
0.208550
0.182038
0.146854
0.233246
0.358985
0.233938
0.233510
0.248786
0.223861
0.188074
0.173886
0.143425
0.089794
0.081623
0.153529
0.148231
0.261694
0.256980
0.268637
0.119235
0.256369
0.191768
0.166177
0.141433
0.149076
0.132067
0.194186
0.259290
0.266247
0.374577
0.240141
0.340527
0.265628
0.281595
0.161576
0.114640
0.157067
0.142720
0.125595
0.126385
0.171031
0.172064
0.292363
0.237419
0.148897
0.249226
0.182517
0.208076
0.215096
0.173534
0.182770
0.370137
0.313705
0.257529
0.192906
0.158784
0.344034
0.180445
0.189396
0.170087
0.150479
0.169075
0.180234
0.146064
0.126322
0.198194
0.220789
0.232009
0.226575
0.397534
0.360980
0.126928
0.170782
0.286783
0.295741
0.350181
0.416381
0.221559
0.254946
0.155371
0.183512
0.122131
0.136362
0.149529
0.088659
0.108887
0.155192
0.276432
0.235333
0.221013
0.263559
0.207282
0.281905
0.166165
0.148387
0.165467
0.132041
0.121161
0.202577
0.312489
0.244283
0.263426
0.188193
0.295327
0.241075
0.204257
0.132244
0.166771
0.137838
0.127650
0.130663
0.190936
0.347340
0.373478
0.252987
0.261805
0.178851
0.202084
0.135722
0.212479
0.236041
0.218044
0.271026
0.249479
0.211934
0.359926
0.260467
0.175735
0.163305
0.165133
0.153616
0.168490
0.103111
0.128931
0.151465
0.255908
0.182658
0.224748
0.295487
0.254705
0.368456
0.341023
0.224717
0.131190
0.171996
0.221645
0.304184
0.375982
0.250365
0.276948
0.288698
0.254762
0.160043
0.141685
0.092395
0.151436
0.108117
0.158620
0.155906
0.147705
0.218714
0.218522
0.243032
0.198315
0.155339
0.134388
0.173506
0.185951
0.212882
0.307012
0.211700
0.295027
0.195578
0.296113
0.255699
0.200316
0.234492
0.131165
0.156497
0.119362
0.148568
0.134695
0.172332
0.207474
0.216740
0.247047
0.233102
0.201551
0.178235
0.159873
0.198562
0.150138
0.166330
0.141245
0.225444
0.139713
0.200821
0.214745
0.294443
0.178750
0.133690
0.133255
0.147279
0.110721
0.075203
0.123537
0.096925
0.100445
0.162229
0.241320
0.442824
0.288016
0.147962
0.274043
0.209217
0.202277
0.183367
0.168584
0.243406
0.243478
0.144679
0.298132
0.241560
0.180482
0.227233
0.124162
0.082816
0.090862
0.149747
0.152973
0.108669
0.117007
0.129538
0.347118
0.269444
0.162380
0.228715
0.330544
0.261943
0.261211
0.247077
0.199150
0.176274
0.136595
0.306832
0.323854
0.288178
0.185317
0.170998
0.144851
0.125670
0.144106
0.111449
0.101872
0.134789
0.155249
0.167490
0.247040
0.215729
0.295397
0.275686
0.291609
0.135948
0.130022
0.154865
0.210918
0.278258
0.221343
0.251445
0.258077
0.265188
0.229425
0.133414
0.120301
0.097359
0.164930
0.104200
0.105933
0.100078
0.228866
0.242889
0.302372
0.312284
0.240910
0.158210
0.152477
0.162352
0.120438
0.223032
0.180521
0.142443
0.165731
0.241152
0.252063
0.203356
0.190135
0.130677
0.166327
0.124725
0.145451
0.194127
0.092743
0.167674
0.144282
0.201373
0.444656
0.154403
0.186955
0.133527
0.214611
0.208804
0.252881
0.225435
0.208440
0.254000
0.163306
0.226397
0.326960
0.247995
0.146111
0.150217
0.112119
0.125584
0.124113
0.160243
0.125625
0.126567
0.227558
0.190376
0.275811
0.223675
0.238898
0.270882
0.305009
0.227741
0.125194
0.158405
0.117757
0.160846
0.197015
0.260256
0.386112
0.247964
0.199978
0.149058
0.216017
0.127182
0.123752
0.105509
0.122785
0.089803
0.140289
0.134573
0.162916
0.155464
0.255958
0.157237
0.132909
0.164158
0.086299
0.180014
0.253459
0.166183
0.156872
0.223625
0.239704
0.163706
0.125790
0.158278
0.143824
0.150729
0.089899
0.073695
0.147497
0.093795
0.153783
0.190734
0.247238
0.223600
0.273933
0.306082
0.190523
0.248929
0.241321
0.132802
0.225614
0.344129
0.314264
0.228268
0.161315
0.207334
0.174921
0.103091
0.143071
0.141542
0.120900
0.105166
0.104771
0.131613
0.102490
0.158672
0.280434
0.306774
0.302940
0.429872
0.213895
0.262579
0.329258
0.162821
0.112969
0.142423
0.236938
0.178435
0.273208
0.308598
0.264261
0.216202
0.130296
0.078619
0.113617
0.134036
0.108193
0.086515
0.215742
0.138970
0.144390
0.176789
0.170077
0.114956
0.109667
0.108217
0.119750
0.084318
0.122908
0.246958
0.374822
0.215110
0.186858
0.176757
0.161469
0.101690
0.173463
0.137137
0.085825
0.105652
0.098093
0.112756
0.140914
0.208422
0.268491
0.155122
0.196116
0.177410
0.158949
0.234759
0.188940
0.099541
0.141584
0.153256
0.153145
0.145535
0.144937
0.158676
0.122185
0.095722
0.078712
0.126971
0.126839
0.103721
0.120192
0.126472
0.141657
0.186445
0.245954
0.136453
0.223726
0.147435
0.303286
0.140861
0.156601
0.195183
0.240877
0.188110
0.392093
0.281892
0.269383
0.268692
0.138596
0.091495
0.084558
0.125881
0.096623
0.144202
0.085644
0.134543
0.150936
0.136912
0.179553
0.225118
0.192377
0.237724
0.222340
0.234944
0.312308
0.217293
0.151296
0.259763
0.367393
0.348872
0.209605
0.222834
0.199909
0.102835
0.136804
0.110374
0.120123
0.120161
0.165131
0.226956
0.133226
0.306956
0.334442
0.307664
0.318494
0.171951
0.143584
0.125155
0.182759
0.247598
0.088603
0.101699
0.181331
0.292272
0.269902
0.278633
0.123509
0.137008
0.127515
0.121625
0.077134
0.113395
0.112411
0.096295
0.162599
0.128251
0.209313
0.398013
0.212167
0.225681
0.184351
0.235439
0.202316
0.222188
0.200086
0.255908
0.217587
0.214599
0.176537
0.226698
0.237019
0.161693
0.117932
0.119159
0.131900
0.109258
0.114010
0.119967
0.141997
0.131143
0.167647
0.190397
0.336797
0.159167
0.143689
0.145938
0.198247
0.307698
0.169949
0.235170
0.348099
0.334096
0.284872
0.132751
0.214921
0.166678
0.119602
0.113607
0.087160
0.129150
0.081952
0.086103
0.126991
0.294634
0.364564
0.301527
0.183227
0.199538
0.293373
0.231066
0.182477
0.166429
0.112043
0.155074
0.409986
0.147195
0.340128
0.222937
0.144706
0.115119
0.091721
0.138094
0.118348
0.093181
0.131465
0.107763
0.171297
0.163385
0.243644
0.123370
0.126832
0.121705
0.108972
0.123399
0.128503
0.102051
0.122677
0.098499
0.249782
0.316259
0.187759
0.321836
0.105961
0.130164
0.079905
0.144680
0.108488
0.092834
0.103250
0.118438
0.193572
0.150471
0.219269
0.310676
0.193821
0.231449
0.155883
0.207029
0.167317
0.186526
0.213070
0.181509
0.229677
0.235511
0.247120
0.220260
0.150068
0.160063
0.124330
0.116768
0.122437
0.138001
0.095587
0.145982
0.155258
0.097306
0.243705
0.229916
0.197373
0.228881
0.133956
0.247829
0.172828
0.166198
0.132640
0.170317
0.135780
0.160308
0.299388
0.266464
0.208338
0.107705
0.108950
0.092220
0.125201
0.138328
0.143448
0.140282
0.180134
0.154201
0.151544
0.109468
0.164212
0.108388
0.082700
0.110211
0.124175
0.100911
0.133704
0.151111
0.144008
0.139579
0.127229
0.199222
0.271406
0.184621
0.132880
0.089991
0.071701
0.111281
0.131347
0.110763
0.154888
0.238002
0.180403
0.140750
0.169617
0.117957
0.111157
0.115339
0.108226
0.176981
0.249374
0.127321
0.201485
0.234725
0.313364
0.443898
0.312610
0.117735
0.139452
0.162824
0.161501
0.159560
0.117054
0.094818
0.161475
0.117974
0.189400
0.255349
0.351841
0.400485
0.282596
0.261012
0.263091
0.286696
0.188364
0.244828
0.485690
0.303333
0.349688
0.239284
0.180318
0.128053
0.109998
0.124696
0.105502
0.131360
0.133221
0.130582
0.154469
0.213163
0.321350
0.243442
0.186181
0.078706
0.186996
0.321901
0.111900
0.118999
0.183208
0.147179
0.220373
0.159357
0.370994
0.266682
0.236622
0.188309
0.133152
0.188333
0.130105
0.137786
0.143761
0.094493
0.106142
0.249693
0.192700
0.152071
0.249808
0.172620
0.166184
0.125456
0.132453
0.157581
0.164936
0.160283
0.338947
0.144075
0.141267
0.211250
0.127905
0.130591
0.096537
0.129992
0.121912
0.097952
0.130028
0.136537
0.180600
0.178520
0.279329
0.354932
0.128314
0.163831
0.280820
0.252192
0.222106
0.121847
0.169698
0.278253
0.289891
0.170320
0.252099
0.173588
0.144885
0.152684
0.131343
0.122753
0.102395
0.163513
0.109187
0.119401
0.102845
0.211365
0.302096
0.157963
0.182791
0.260156
0.156661
0.153052
0.168312
0.153919
0.134595
0.213400
0.136168
0.167600
0.247604
0.183474
0.211944
0.210670
0.147716
0.090008
0.115772
0.123199
0.107786
0.095397
0.118208
0.194679
0.363789
0.166293
0.227663
0.148567
0.145124
0.179355
0.170857
0.119012
0.230623
0.152800
0.215286
0.394169
0.390743
0.200164
0.129640
0.117591
0.180168
0.128463
0.144743
0.119483
0.144408
0.090932
0.157227
0.192798
0.241103
0.214177
0.265393
0.329727
0.273159
0.280210
0.173879
0.167557
0.193375
0.177826
0.222601
0.538775
0.200197
0.215694
0.148917
0.251439
0.166272
0.157496
0.155109
0.106953
0.101025
0.140158
0.144800
0.187230
0.207173
0.309738
0.312554
0.210019
0.361209
0.353595
0.209836
0.309540
0.236607
0.257754
0.202970
0.279500
0.377242
0.257384
0.197003
0.187822
0.140635
0.159743
0.190643
0.166277
0.145608
0.136886
0.176484
0.247044
0.354328
0.239128
0.196070
0.149909
0.216864
0.283178
0.349212
0.401937
0.298357
0.273873
0.330246
0.175163
0.253156
0.157409
0.294072
0.136562
0.149133
0.102340
0.166607
0.135286
0.170814
0.176971
0.215593
0.293882
0.290727
0.334797
0.154547
0.197655
0.190547
0.157468
0.131714
0.154648
0.143839
0.178898
0.207895
0.216081
0.327720
0.244028
0.168137
0.124220
0.109692
0.101394
0.150695
0.139833
0.147648
0.151996
0.104796
0.178093
0.245870
0.239054
0.166839
0.122968
0.178234
0.189414
0.307454
0.281268
0.175315
0.364611
0.395713
0.393407
0.344439
0.276220
0.248796
0.128043
0.108304
0.170675
0.124102
0.139423
0.081465
0.170502
0.191559
0.118988
0.249921
0.263389
0.218398
0.204490
0.112643
0.129200
0.132054
0.124136
0.272621
0.375570
0.252225
0.203873
0.270722
0.359998
0.206234
0.138751
0.119124
0.095107
0.077419
0.122640
0.122986
0.143040
0.240609
0.191687
0.334498
0.115897
0.207781
0.147866
0.094793
0.126334
0.095911
0.084623
0.144396
0.202248
0.219967
0.298650
0.231695
0.193598
0.151644
0.116591
0.099279
0.107676
0.085833
0.106186
0.116293
0.107196
0.090511
0.145534
0.260907
0.143981
0.236435
0.179644
0.144759
0.087161
0.089709
0.117096
0.260872
0.264019
0.266155
0.164491
0.223665
0.235634
0.227217
0.149153
0.084207
0.146670
0.113772
0.081999
0.087757
0.134572
0.133715
0.121729
0.339511
0.258927
0.339808
0.161815
0.125357
0.239308
0.198246
0.124178
0.137902
0.129374
0.233355
0.227735
0.385628
0.328406
0.241651
0.194326
0.129693
0.193654
0.137434
0.127513
0.092544
0.091027
0.207884
0.193799
0.230525
0.152835
0.199296
0.167594
0.158420
0.103849
0.109510
0.115801
0.171159
0.292412
0.476183
0.359575
0.252928
0.161821
0.240131
0.137839
0.131964
0.144456
0.128631
0.091440
0.125784
0.138803
0.128017
0.172029
0.188959
0.132002
0.140353
0.132282
0.190308
0.244047
0.127339
0.179997
0.285255
0.251722
0.351523
0.252262
0.188457
0.222820
0.271941
0.121120
0.163044
0.223360
0.108267
0.155793
0.089324
0.143579
0.163883
0.162589
0.191630
0.281706
0.156994
0.125338
0.228506
0.305366
0.232897
0.133347
0.110528
0.185996
0.167509
0.142589
0.270553
0.233854
0.170689
0.175526
0.099216
0.084110
0.135341
0.116045
0.101228
0.089068
0.163538
0.148057
0.355460
0.316133
0.202118
0.146401
0.107979
0.159701
0.137152
0.163891
0.257339
0.377947
0.275458
0.299374
0.385075
0.224220
0.192308
0.304170
0.264596
0.145900
0.145236
0.130500
0.098871
0.117206
0.188166
0.249856
0.219861
0.122340
0.104970
0.167585
0.142542
0.097994
0.165397
0.189071
0.159178
0.204353
0.274526
0.313544
0.329243
0.236430
0.207930
0.161826
0.146310
0.142434
0.129386
0.145449
0.130678
0.109486
0.159638
0.185675
0.160552
0.225386
0.217216
0.170940
0.246415
0.265034
0.198100
0.185466
0.138901
0.201675
0.204445
0.170396
0.413583
0.267877
0.151712
0.164544
0.123595
0.107541
0.135914
0.116745
0.077581
0.085751
0.130328
0.198781
0.346394
0.188546
0.285357
0.204837
0.426799
0.360071
0.187761
0.268219
0.313272
0.246261
0.298908
0.283689
0.249491
0.188461
0.118732
0.141205
0.096566
0.126858
0.140502
0.126441
0.155252
0.113556
0.112446
0.140506
0.308918
0.252552
0.177800
0.162543
0.142953
0.265837
0.162366
0.160751
0.201432
0.345278
0.210803
0.208618
0.181531
0.216490
0.231802
0.155471
0.158184
0.151437
0.150215
0.123914
0.088714
0.118334
0.257247
0.193252
0.189834
0.219125
0.170277
0.155914
0.162278
0.124047
0.120525
0.164445
0.196118
0.143406
0.233361
0.153107
0.164129
0.264852
0.287637
0.181720
0.165705
0.141178
0.102862
0.136463
0.150426
0.127513
0.131067
0.182432
0.231189
0.122895
0.151062
0.194885
0.266731
0.168948
0.195064
0.139800
0.176331
0.181636
0.216799
0.266118
0.348151
0.355320
0.183159
0.148215
0.093415
0.135882
0.075243
0.089726
0.082936
0.088768
0.180523
0.157247
0.167950
0.164220
0.147515
0.176518
0.108092
0.223915
0.138712
0.122066
0.145940
0.279787
0.136295
0.246716
0.242066
0.192119
0.182457
0.195987
0.096959
0.137553
0.072736
0.102933
0.117675
0.099176
0.157552
0.322721
0.150719
0.107767
0.131745
0.130528
0.129649
0.103267
0.135018
0.119242
0.159962
0.182636
0.103675
0.213386
0.241311
0.262668
0.181747
0.132751
0.126348
0.118675
0.071586
0.094668
0.111345
0.110403
0.082287
0.121346
0.161326
0.194730
0.168337
0.115624
0.125161
0.089226
0.126245
0.146855
0.248781
0.371601
0.259331
0.233632
0.268007
0.172566
0.187886
0.093644
0.104890
0.086253
0.138929
0.116495
0.080533
0.136591
0.094664
0.129389
0.185343
0.174413
0.163309
0.150212
0.114427
0.126915
0.134952
0.099311
0.132403
0.142198
0.196676
0.249568
0.218987
0.318974
0.347988
0.134536
0.084896
0.131745
0.128460
0.125663
0.125868
0.082684
0.182267
0.163789
0.153959
0.132342
0.133394
0.109524
0.170689
0.243740
0.178844
0.216575
0.117286
0.358638
0.259016
0.376148
0.379222
0.318102
0.233231
0.203788
0.184878
0.103553
0.122928
0.128012
0.095807
0.128853
0.175004
0.184247
0.155426
0.170877
0.204757
0.126138
0.123400
0.175381
0.209433
0.132704
0.211458
0.200526
0.223632
0.330978
0.445489
0.271489
0.204826
0.173825
0.140555
0.110690
0.174832
0.149190
0.140866
0.125325
0.142733
0.124418
0.210480
0.270273
0.355165
0.236586
0.297604
0.209020
0.149727
0.183024
0.301207
0.290602
0.221378
0.489733
0.250354
0.215403
0.151681
0.152762
0.154406
0.123651
0.099498
0.124714
0.102311
0.121501
0.222046
0.151507
0.228318
0.198887
0.196738
0.218787
0.140848
0.119849
0.112105
0.108936
0.142807
0.222894
0.178559
0.193144
0.159543
0.269986
0.215411
0.179330
0.113816
0.098811
0.143967
0.118110
0.082289
0.114875
0.143387
0.218960
0.125657
0.140676
0.133402
0.117295
0.098170
0.238772
0.147938
0.174282
0.185177
0.242128
0.283281
0.328991
0.173187
0.185389
0.324448
0.177043
0.241850
0.148847
0.088666
0.111819
0.084415
0.110917
0.141507
0.188403
0.347375
0.317528
0.342409
0.275041
0.248112
0.314095
0.273616
0.187142
0.254174
0.222927
0.216303
0.260171
0.156610
0.177330
0.163896
0.126175
0.108234
0.182192
0.141904
0.158046
0.118686
0.107402
0.101508
0.114430
0.187839
0.231464
0.217302
0.237445
0.200161
0.346088
0.289453
0.209936
0.162896
0.296172
0.262030
0.385935
0.320695
0.405771
0.387368
0.295628
0.181197
0.214263
0.145067
0.146976
0.152218
0.163606
0.156435
0.252451
0.261876
0.330018
0.217556
0.167184
0.218240
0.268028
0.210029
0.222434
0.279010
0.245166
0.334347
0.258099
0.286537
0.315757
0.319846
0.290323
0.203410
0.174825
0.145697
0.197018
0.113129
0.111703
0.115919
0.205211
0.212977
0.243634
0.290312
0.396689
0.248057
0.185539
0.296048
0.265363
0.323665
0.513488
0.405215
0.377037
0.274981
0.348353
0.282944
0.200835
0.303140
0.251451
0.232186
0.246017
0.172571
0.186861
0.179251
0.180128
0.189715
0.230508
0.157534
0.201809
0.137747
0.155070
0.190572
0.213417
0.276987
0.395135
0.299426
0.331208
0.238581
0.298461
0.216189
0.156236
0.141461
0.133679
0.143790
0.132209
0.095147
0.170570
0.145478
0.178931
0.249042
0.172601
0.274785
0.156506
0.094669
0.140654
0.164554
0.101914
0.196657
0.230464
0.285337
0.165462
0.189721
0.260201
0.237238
0.206704
0.217103
0.095961
0.128457
0.111888
0.137471
0.108802
0.139500
0.314906
0.182606
0.167709
0.129047
0.171401
0.128474
0.157692
0.105183
0.191316
0.219228
0.210049
0.257387
0.218252
0.304153
0.367687
0.235912
0.413145
0.148774
0.167502
0.188050
0.147038
0.117005
0.127456
0.165293
0.148277
0.256652
0.280293
0.281688
0.252628
0.311822
0.276274
0.273257
0.186502
0.253829
0.175471
0.254679
0.214133
0.232182
0.259263
0.224576
0.176141
0.102556
0.131747
0.124090
0.154826
0.081776
0.118187
0.132077
0.136096
0.180540
0.219218
0.191756
0.159790
0.355893
0.303236
0.216089
0.259533
0.260426
0.163711
0.333916
0.246942
0.376887
0.251867
0.150008
0.170521
0.118661
0.108081
0.096179
0.143684
0.130307
0.110935
0.114944
0.128299
0.188211
0.142037
0.114206
0.125050
0.140957
0.106692
0.129213
0.122995
0.198911
0.260506
0.199301
0.259539
0.439612
0.280285
0.173637
0.170692
0.136435
0.163593
0.120841
0.092132
0.100655
0.121633
0.165184
0.237643
0.259262
0.179992
0.188427
0.185567
0.234346
0.173792
0.143204
0.179441
0.126816
0.143429
0.138291
0.170209
0.295192
0.204837
0.222841
0.104273
0.164626
0.126834
0.151624
0.095508
0.116534
0.100567
0.165745
0.133776
0.184010
0.253381
0.173255
0.177447
0.174962
0.094376
0.118106
0.108757
0.130616
0.150641
0.136375
0.130037
0.160375
0.223733
0.193429
0.224797
0.167322
0.133599
0.160189
0.160393
0.145275
0.165348
0.131815
0.160139
0.226309
0.222272
0.222914
0.111171
0.221536
0.163075
0.173340
0.090531
0.193288
0.322404
0.251781
0.242379
0.201059
0.213728
0.274712
0.211249
0.111370
0.108685
0.114123
0.123744
0.121342
0.142205
0.145561
0.121217
0.160716
0.182277
0.145248
0.094241
0.159116
0.104179
0.142433
0.139438
0.257300
0.198268
0.208751
0.335272
0.332081
0.449002
0.238524
0.239542
0.197015
0.197547
0.101435
0.111211
0.109104
0.156285
0.135080
0.184158
0.304176
0.171329
0.170177
0.145538
0.186879
0.167946
0.104227
0.207052
0.151981
0.237019
0.184996
0.337205
0.316288
0.358089
0.237716
0.122218
0.187999
0.151267
0.185091
0.093038
0.161171
0.115187
0.152307
0.184912
0.181168
0.192890
0.254460
0.428644
0.291434
0.546517
0.386706
0.458608
0.256924
0.293346
0.434085
0.308774
0.368969
0.238655
0.290514
0.137958
0.153913
0.122431
0.115654
0.116491
0.153625
0.102843
0.121656
0.141232
0.151380
0.178821
0.232798
0.146671
0.149978
0.259775
0.224283
0.177926
0.345020
0.264438
0.192896
0.341281
0.243646
0.404069
0.269674
0.127945
0.156437
0.154116
0.109359
0.164976
0.094348
0.094440
0.179507
0.173031
0.200398
0.101122
0.316515
0.258494
0.131521
0.174258
0.095292
0.151110
0.223088
0.183419
0.294127
0.218654
0.334706
0.319293
0.229892
0.187864
0.174906
0.136044
0.092232
0.153517
0.147449
0.112422
0.138034
0.125221
0.120840
0.143324
0.261744
0.143248
0.125963
0.175631
0.242179
0.158211
0.162830
0.282047
0.432329
0.426684
0.278264
0.285253
0.200303
0.173744
0.105789
0.134256
0.132410
0.088410
0.149984
0.095760
0.133805
0.138288
0.218556
0.207106
0.148826
0.093828
0.177017
0.211933
0.136790
0.140401
0.253164
0.192166
0.269986
0.348961
0.326709
0.239426
0.289026
0.297276
0.169929
0.155131
0.166363
0.128533
0.164163
0.157219
0.129285
0.149257
0.147841
0.174514
0.132945
0.153832
0.137187
0.222065
0.215474
0.171148
0.252451
0.327232
0.371423
0.358621
0.402382
0.372202
0.330656
0.330332
0.218205
0.158085
0.206188
0.188465
0.173796
0.143757
0.196904
0.117346
0.181866
0.251358
0.308012
0.614994
0.483639
0.460187
0.383365
0.549024
0.461836
0.365723
0.255118
0.263822
0.259387
0.221513
0.281356
0.308538
0.165808
0.202565
0.163232
0.113963
0.152960
0.177166
0.132432
0.161432
0.108372
0.335441
0.469452
0.315759
0.392684
0.383420
0.449188
0.297700
0.468191
0.304201
0.355624
0.392722
0.346919
0.399074
0.300152
0.261380
0.170869
0.157044
0.153244
0.171015
0.122335
0.121080
0.166921
0.162955
0.380752
0.250014
0.249440
0.196529
0.258529
0.257143
0.179050
0.346271
0.304082
0.396381
0.299514
0.432542
0.352786
0.453224
0.321037
0.296580
0.163109
0.197413
0.197423
0.181212
0.131935
0.115927
0.161776
0.192563
0.290772
0.192203
0.185833
0.162073
0.290333
0.302989
0.352396
0.264396
0.463440
0.334868
0.340069
0.503019
0.488155
0.390800
0.248418
0.302079
0.263986
0.131272
0.172617
0.161961
0.145602
0.096692
0.137456
0.206211
0.200003
0.209283
0.218088
0.232072
0.234090
0.333205
0.328589
0.526656
0.337003
0.498715
0.464921
0.358173
0.268614
0.438180
0.379518
0.208018
0.284526
0.241687
0.141991
0.204404
0.187922
0.160377
0.206162
0.168164
0.188948
0.392204
0.352746
0.342919
0.556835
0.469871
0.404786
0.629775
0.394317
0.382053
0.481940
0.395865
0.383853
0.439778
0.314606
0.322117
0.217351
0.212084
0.234147
0.223622
0.168317
0.207704
0.252930
0.161423
0.226873
0.232666
0.190940
0.256566
0.205763
0.381755
0.368591
0.239216
0.437790
0.350830
0.440507
0.577889
0.471971
0.490613
0.313535
0.358860
0.246925
0.249281
0.170266
0.166833
0.177286
0.220726
0.256106
0.308563
0.359246
0.349596
0.313508
0.232118
0.482134
0.471882
0.314648
0.444668
0.487885
0.588803
0.598313
0.713184
0.458180
0.411539
0.638223
0.414013
0.338690
0.267933
0.259949
0.202290
0.274129
0.294597
0.277651
0.204903
0.300310
0.520238
0.393693
0.608857
0.597952
0.876997
0.644264
0.499376
0.621125
0.402597
0.827506
0.922814
0.517146
0.639776
0.503014
0.478770
0.348597
0.311504
0.190279
0.272568
0.178538
0.276386
0.264470
0.263591
0.267158
0.366713
0.281689
0.460543
0.378767
0.380241
0.270425
0.276835
0.165066
0.345141
0.409167
0.515534
0.314086
0.229807
0.327556
0.298472
0.189153
0.202294
0.185883
0.177450
0.210539
0.213487
0.160945
0.249434
0.396612
0.296613
0.339839
0.412950
0.613350
0.411337
0.499431
0.588966
0.670967
0.771407
0.496955
0.885409
1.000000
0.642667
0.448292
0.439508
0.305575
0.300586
0.275230
0.181456
0.184044
0.182519
0.177799
0.234683
0.267129
0.301293
0.227116
0.326741
0.169822
0.261934
0.288247
0.320232
0.324154
0.338335
0.490061
0.394373
0.527555
0.664206
0.404176
0.271031
0.334620
0.169707
0.175391
0.254826
0.141930
0.183269
0.184595
0.218485
0.269138
0.304622
0.286472
0.286246
0.465623
0.533654
0.477904
0.573370
0.411974
0.535501
0.465048
0.939196
0.598527
0.624751
0.324651
0.311645
0.190698
0.238456
0.146226
0.156126
0.178611
0.208383
0.163041
0.185228
0.252479
0.382794
0.282167
0.254288
0.172949
0.285866
0.242977
0.286604
0.359457
0.518524
0.365521
0.331790
0.468002
0.468192
0.366698
0.453359
0.336224
0.186557
0.204155
0.193647
0.148699
0.180448
0.139550
0.169002
0.361456
0.336332
0.248975
0.257165
0.373559
0.261642
0.246687
0.306964
0.375045
0.382104
0.392430
0.233760
0.373803
0.453646
0.397635
0.308102
0.217351
0.168523
0.145655
0.196938
0.123291
0.223464
0.159209
0.180994
0.278608
0.280196
0.251057
0.382891
0.431081
0.383620
0.366599
0.332139
0.198016
0.274850
0.356597
0.341971
0.343067
0.286306
0.221222
0.198597
0.148183
0.108642
0.170095
0.175198
0.122920
0.191012
0.235260
0.126046
0.205072
0.201167
0.206442
0.239958
0.251191
0.232545
0.208619
0.227775
0.413217
0.339913
0.455947
0.435297
0.417568
0.432230
0.253501
0.342051
0.207366
0.204860
0.153194
0.119246
0.123561
0.154646
0.178745
0.225502
0.204466
0.270365
0.305822
0.242926
0.238056
0.403774
0.257313
0.237476
0.317131
0.383166
0.321084
0.514914
0.454847
0.408547
0.364200
0.413718
0.290931
0.165933
0.157335
0.121216
0.179260
0.127293
0.171138
0.144793
0.246362
0.272035
0.321648
0.230945
0.165957
0.188446
0.148316
0.197523
0.325149
0.459004
0.560859
0.386501
0.311422
0.445704
0.500195
0.325332
0.273449
0.200549
0.282174
0.268146
0.162959
0.196738
0.232899
0.204479
0.277747
0.262736
0.210583
0.269929
0.208141
0.229050
0.222709
0.283183
0.349685
0.280218
0.302713
0.484769
0.406953
0.292388
0.369566
0.287987
0.146102
0.137633
0.150440
0.156965
0.105913
0.184343
0.123783
0.231178
0.229459
0.160343
0.100100
0.135649
0.247678
0.162572
0.119914
0.260083
0.198107
0.166188
0.243189
0.263360
0.311594
0.254269
0.291336
0.267836
0.198639
0.170035
0.161896
0.122811
0.128304
0.144390
0.177609
0.164192
0.270450
0.316376
0.248880
0.314237
0.193984
0.394085
0.152842
0.153477
0.205641
0.189814
0.218579
0.205570
0.157737
0.278041
0.137358
0.199084
0.179077
0.205011
0.154125
0.138707
0.156571
0.172215
0.203862
0.190234
0.288495
0.213900
0.207063
0.227597
0.340680
0.385711
0.401172
0.258300
0.239998
0.233796
0.398286
0.314240
0.441807
0.290591
0.286194
0.135496
0.163317
0.221556
0.187148
0.134567
0.114596
0.124664
0.152316
0.154838
0.123969
0.154818
0.198516
0.135385
0.149506
0.196903
0.228353
0.200114
0.214667
0.182001
0.268027
0.344285
0.381982
0.269027
0.287275
0.181394
0.156623
0.166517
0.105984
0.111124
0.146801
0.180535
0.170503
0.297073
0.263473
0.223763
0.208897
0.327941
0.279009
0.250367
0.267448
0.186437
0.187437
0.326012
0.310011
0.319986
0.313388
0.386355
0.369670
0.272279
0.268887
0.205512
0.159761
0.113257
0.174624
0.202518
0.191307
0.209860
0.291412
0.239056
0.288828
0.266784
0.198677
0.126073
0.238817
0.249233
0.241324
0.243089
0.402163
0.495224
0.378044
0.442480
0.259603
0.281064
0.344814
0.297370
0.304922
0.287020
0.285658
0.234339
0.191670
0.268652
0.212559
0.158793
0.137073
0.142339
0.156527
0.247953
0.243930
0.269674
0.274500
0.325200
0.424052
0.382104
0.254828
0.324254
0.319439
0.155466
0.154713
0.139949
0.127632
0.146817
0.172435
0.110682
0.201566
0.151038
0.243899
0.197256
0.127997
0.142027
0.201889
0.157872
0.224895
0.307458
0.525238
0.410116
0.512627
0.426789
0.339804
0.436774
0.336930
0.299104
0.273155
0.148301
0.146297
0.172563
0.127574
0.129217
0.192953
0.144818
0.318557
0.189194
0.343050
0.275570
0.292351
0.230920
0.202612
0.202240
0.307587
0.275941
0.231270
0.220348
0.431052
0.290474
0.275384
0.327153
0.174333
0.171471
0.154533
0.127169
0.152758
0.204239
0.188095
0.156084
0.165303
0.186887
0.310808
0.337749
0.479403
0.362561
0.279618
0.377093
0.399740
0.333058
0.438462
0.615375
0.497148
0.459480
0.372542
0.499331
0.201293
0.260784
0.214732
0.140013
0.168465
0.126786
0.163180
0.209540
0.271511
0.158828
0.265581
0.341260
0.227843
0.348174
0.438097
0.422883
0.342756
0.496983
0.376567
0.718194
0.504250
0.457046
0.396291
0.260239
0.248625
0.329536
0.283447
0.220536
0.232511
0.154214
0.261530
0.223969
0.195230
0.327142
0.290546
0.482822
0.546762
0.397054
0.361178
0.506060
0.354929
0.530425
0.438714
0.411140
0.532035
0.435073
0.265982
0.309216
0.251801
0.269860
0.218294
0.190828
0.143012
0.161999
0.195831
0.211482
0.255355
0.415812
0.346083
0.297037
0.376325
0.325824
0.385893
0.455010
0.525179
0.491718
0.396241
0.711358
0.467090
0.492712
0.581561
0.389573
0.294325
0.323299
0.264387
0.251888
0.264073
0.267154
0.283036
0.197964
0.209446
0.268781
0.268764
0.346142
0.341178
0.376643
0.356337
0.373118
0.533334
0.521494
0.716960
0.489671
0.546707
0.403877
0.324564
0.448721
0.299622
0.247231
0.336165
0.237280
0.246078
0.191886
0.190037
0.234614
0.283135
0.250763
0.140823
0.150759
0.311670
0.290619
0.261096
0.351684
0.588033
0.443401
0.489761
0.365235
0.350960
0.531644
0.497645
0.339034
0.355662
0.215894
0.252661
0.232967
0.131049
0.133055
0.123653
0.166581
0.200315
0.217956
0.255147
0.233071
0.466416
0.384838
0.447545
0.377801
0.367767
0.485224
0.417698
0.553125
0.347686
0.366320
0.410794
0.328091
0.192044
0.166556
0.187200
0.140049
0.194673
0.176714
0.243010
0.187369
0.163155
0.187947
0.270673
0.423352
0.523875
0.628763
0.682669
0.796027
0.354077
0.503074
0.417042
0.618680
0.466127
0.357525
0.451089
0.503039
0.326896
0.351263
0.282950
0.262752
0.270798
0.224663
0.310712
0.277313
0.244128
0.243171
0.193366
0.332491
0.336299
0.220576
0.303669
0.375799
0.471772
0.457573
0.387144
0.507993
0.312276
0.435845
0.425022
0.333863
0.345302
0.201838
0.163857
0.150917
0.143956
0.155230
0.195169
0.226143
0.335772
0.215953
0.167436
0.137716
0.247614
0.269345
0.269987
0.349887
0.557386
0.532067
0.679335
0.524791
0.598794
0.619919
0.551324
0.420031
0.218123
0.355920
0.324724
0.232338
0.241222
0.285425
0.221645
0.228808
0.320064
0.402150
0.521932
0.288541
0.413256
0.546605
0.383993
0.560760
0.481763
0.747348
0.404615
0.365318
0.517254
0.572695
0.546276
0.561343
0.348887
0.210519
0.220647
0.155858
0.137868
0.156504
0.157494
0.165611
0.188575
0.225140
0.176387
0.154357
0.210381
0.250844
0.294389
0.384573
0.500509
0.528705
0.390734
0.398885
0.636985
0.534966
0.463756
0.263071
0.213339
0.201226
0.132567
0.158869
0.125261
0.170624
0.230453
0.250314
0.319283
0.248235
0.186601
0.247862
0.257869
0.246220
0.175142
0.280647
0.496151
0.349701
0.701633
0.585125
0.310084
0.423691
0.390151
0.359263
0.183444
0.122921
0.141311
0.186526
0.165973
0.112284
0.207593
0.130121
0.185424
0.327412
0.408857
0.517571
0.456248
0.723054
0.530877
0.528993
0.643752
0.459730
0.582340
0.519351
0.721806
0.562365
0.464492
0.499852
0.369560
0.221887
0.377745
0.346495
0.223179
0.149897
0.225717
0.275825
0.192866
0.389145
0.423721
0.542941
0.269923
0.734346
0.418187
0.668370
0.473001
0.612990
0.491336
0.640613
0.747463
0.495485
0.327195
0.459693
0.296807
0.301433
0.152748
0.184091
0.152593
0.194371
0.142129
0.310995
0.350243
0.187089
0.289453
0.250871
0.288817
0.401489
0.527316
0.628243
0.671823
0.615608
0.640765
0.643393
0.365960
0.417251
0.473432
0.449631
0.410995
0.284158
0.305201
0.200459
0.303736
0.217404
0.292190
0.245592
0.178259
0.250472
0.259934
0.325219
0.269637
0.479678
0.436492
0.589327
0.450027
0.472269
0.497180
0.511054
0.468310
0.420712
0.339858
0.245068
0.236399
0.198540
0.200885
0.143512
0.164756
0.143118
0.239854
0.245105
0.144748
0.166605
0.185678
0.283242
0.296776
0.288195
0.400169
0.417930
0.472642
0.347859
0.409144
0.448827
0.430054
0.370615
0.388825
0.330094
0.278834
0.168541
0.169289
0.221484
0.249408
0.212209
0.228155
0.270583
0.135409
0.208369
0.273842
0.221104
0.310145
0.291348
0.284107
0.472305
0.448135
0.506393
0.399339
0.487681
0.414338
0.515939
0.417013
0.341636
0.250909
0.249932
0.240045
0.205336
0.265217
0.238340
0.266223
0.225263
0.179785
0.139340
0.132736
0.164294
0.187262
0.283654
0.232309
0.166922
0.275045
0.293467
0.342257
0.349426
0.365343
0.509645
0.236389
0.250683
0.304819
0.216607
0.221519
0.213502
0.199643
0.190387
0.132809
0.147257
0.221317
0.332743
0.320637
0.324767
0.254221
0.286156
0.459806
0.356677
0.434592
0.451855
0.411756
0.349688
0.347178
0.425015
0.313146
0.246316
0.288101
0.171946
0.164907
0.160038
0.178695
0.255780
0.209724
0.214065
0.251736
0.267755
0.246061
0.345418
0.290473
0.347078
0.274461
0.403447
0.353875
0.431092
0.244369
0.368119
0.637961
0.595946
0.416020
0.316022
0.245679
0.226803
0.144267
0.142243
0.139988
0.184052
0.142140
0.200706
0.124943
0.183522
0.218219
0.207750
0.237181
0.185710
0.361493
0.256115
0.332817
0.288042
0.551477
0.482228
0.384828
0.318083
0.360765
0.354048
0.177193
0.176745
0.137274
0.202339
0.135960
0.156482
0.289662
0.351529
0.319233
0.320256
0.274450
0.280158
0.242885
0.273568
0.325871
0.369240
0.437244
0.398502
0.476637
0.432185
0.461997
0.418785
0.404069
0.372728
0.330845
0.298430
0.186860
0.169725
0.250241
0.280009
0.256649
0.242868
0.166827
0.223874
0.228934
0.166839
0.274467
0.378634
0.224323
0.340766
0.254564
0.396083
0.574865
0.596829
0.410709
0.348352
0.367256
0.392680
0.316351
0.239648
0.220466
0.154992
0.196076
0.160184
0.206681
0.135552
0.413382
0.441499
0.290838
0.250379
0.235806
0.230807
0.195707
0.267336
0.335888
0.306396
0.484293
0.358823
0.453004
0.497218
0.518719
0.315877
0.211556
0.374010
0.215392
0.139460
0.171705
0.135068
0.170055
0.112821
0.217551
0.361049
0.231387
0.276424
0.274543
0.365321
0.475644
0.370608
0.459363
0.458342
0.659111
0.445165
0.383953
0.344081
0.349262
0.241684
0.247206
0.209598
0.193353
0.171804
0.155930
0.160505
0.174438
0.100559
0.201562
0.427328
0.234876
0.401528
0.437871
0.300014
0.403001
0.255313
0.373480
0.430496
0.432084
0.550395
0.605428
0.279296
0.358879
0.266260
0.249779
0.158497
0.121952
0.145296
0.119812
0.112102
0.095530
0.145948
0.208357
0.297315
0.212641
0.155114
0.255357
0.261736
0.353759
0.336182
0.343732
0.372826
0.293610
0.606577
0.457190
0.380986
0.349695
0.417168
0.153543
0.183643
0.126389
0.148116
0.152539
0.125161
0.141076
0.146080
0.124546
0.157025
0.140150
0.340073
0.393849
0.334058
0.292244
0.293386
0.329104
0.482191
0.637818
0.605617
0.593524
0.445778
0.318963
0.390949
0.371080
0.189886
0.149625
0.183046
0.140478
0.145622
0.133017
0.163660
0.192858
0.207821
0.145771
0.429822
0.291143
0.236060
0.385362
0.550745
0.683536
0.539644
0.647867
0.482101
0.622489
0.317729
0.438226
0.437651
0.397512
0.230954
0.138886
0.212004
0.161004
0.160658
0.176760
0.136467
0.144306
0.298220
0.230239
0.234796
0.204268
0.235477
0.211891
0.276036
0.350200
0.428920
0.516583
0.494789
0.466829
0.414581
0.238896
0.278821
0.251094
0.194786
0.186844
0.179901
0.195840
0.195963
0.131579
0.122735
0.185121
0.171247
0.179977
0.220090
0.165980
0.201893
0.140005
0.347765
0.335255
0.206632
0.280012
0.147333
0.286539
0.230463
0.146146
0.161836
0.127756
0.152867
0.088936
0.105900
0.171528
0.126669
0.139111
0.172572
0.275224
0.145892
0.214193
0.098673
0.143126
0.139786
0.136130
0.148437
0.221285
0.170132
0.273017
0.312658
0.267851
0.203335
0.318775
0.178483
0.303593
0.116927
0.099619
0.123774
0.139465
0.137612
0.118949
0.160395
0.104146
0.121275
0.154551
0.130180
0.154688
0.122969
0.166776
0.178463
0.195714
0.185881
0.200927
0.331429
0.210956
0.321024
0.238122
0.223093
0.123115
0.108861
0.126543
0.158947
0.110041
0.122662
0.103723
0.206575
0.233426
0.172642
0.139393
0.220912
0.306887
0.496511
0.418355
0.534782
0.323651
0.482664
0.448686
0.383763
0.348722
0.234543
0.244616
0.255809
0.165283
0.269936
0.255321
0.126788
0.107482
0.173193
0.203632
0.229031
0.194869
0.138046
0.260534
0.173168
0.311858
0.242076
0.304951
0.285840
0.322744
0.514586
0.597222
0.680940
0.588613
0.350216
0.470784
0.325712
0.343419
0.207984
0.203951
0.165077
0.145841
0.194092
0.323874
0.225091
0.378526
0.450527
0.326166
0.380880
0.277813
0.369382
0.350814
0.458811
0.257870
0.335057
0.530303
0.495431
0.275088
0.384330
0.413925
0.305152
0.238183
0.250850
0.164503
0.173949
0.172008
0.167110
0.195354
0.122673
0.238444
0.297897
0.174373
0.210025
0.182774
0.212525
0.359681
0.210945
0.192360
0.362816
0.456141
0.225857
0.388687
0.519748
0.221180
0.342562
0.263927
0.275958
0.137983
0.102674
0.150871
0.195455
0.228311
0.226869
0.234579
0.243303
0.204896
0.219993
0.324173
0.444387
0.253966
0.333761
0.248295
0.484667
0.782824
0.457171
0.608510
0.302139
0.373610
0.456424
0.150448
0.224291
0.267801
0.125435
0.110735
0.118310
0.146865
0.259021
0.198814
0.263978
0.349250
0.252241
0.205116
0.185612
0.302739
0.291498
0.270893
0.307721
0.348175
0.417587
0.404693
0.332504
0.199143
0.254474
0.200547
0.200569
0.115780
0.150593
0.113343
0.124024
0.159598
0.171089
0.232953
0.247424
0.344451
0.204353
0.304072
0.333040
0.281758
0.266714
0.192079
0.428082
0.434387
0.581976
0.394134
0.297237
0.365794
0.167030
0.253958
0.234778
0.246821
0.130143
0.109870
0.132230
0.157959
0.158369
0.114820
0.181690
0.165364
0.100706
0.202105
0.216811
0.232886
0.262179
0.202204
0.310394
0.290272
0.341949
0.405184
0.423537
0.264265
0.299326
0.248526
0.146460
0.182116
0.195209
0.178234
0.193592
0.157346
0.158125
0.174882
0.140403
0.147759
0.164479
0.173523
0.318715
0.405978
0.491139
0.270389
0.536021
0.309829
0.538779
0.381402
0.446089
0.279909
0.384981
0.228156
0.145955
0.118449
0.216099
0.156512
0.160824
0.203446
0.169104
0.142592
0.217456
0.148325
0.188666
0.256850
0.182861
0.238578
0.142630
0.241937
0.240024
0.238660
0.331533
0.400268
0.262556
0.197287
0.232075
0.179518
0.177641
0.164086
0.124050
0.134198
0.165070
0.263564
0.143035
0.234138
0.156170
0.183020
0.240171
0.216434
0.184825
0.340175
0.178946
0.233982
0.310865
0.295627
0.348745
0.331974
0.255520
0.236970
0.305414
0.173815
0.136059
0.126104
0.134467
0.195847
0.185630
0.195405
0.225339
0.227252
0.218551
0.288927
0.184356
0.260665
0.238227
0.227968
0.269445
0.207504
0.413533
0.366722
0.369203
0.341789
0.283165
0.304640
0.220373
0.230063
0.233001
0.162075
0.107429
0.147003
0.156086
0.142828
0.147677
0.175572
0.148803
0.198010
0.118884
0.107709
0.183997
0.216058
0.285164
0.291588
0.354546
0.303728
0.459244
0.461399
0.313340
0.564170
0.323152
0.275204
0.151474
0.155769
0.180463
0.207865
0.136489
0.219468
0.152064
0.162466
0.396025
0.345832
0.296914
0.288238
0.487401
0.328033
0.305592
0.494773
0.422939
0.512320
0.564210
0.385408
0.394444
0.416029
0.277115
0.319272
0.235888
0.156687
0.141068
0.159820
0.231195
0.272476
0.130843
0.204484
0.358906
0.290913
0.228144
0.302480
0.382863
0.569701
0.465402
0.525816
0.464929
0.402576
0.427341
0.505405
0.447667
0.341086
0.331427
0.298893
0.239044
0.162499
0.244496
0.165473
0.153736
0.282732
0.400293
0.302137
0.278665
0.331289
0.149749
0.215325
0.320051
0.241200
0.276655
0.315340
0.282844
0.255571
0.327632
0.348124
0.457843
0.376455
0.208597
0.253146
0.120003
0.144927
0.278704
0.136108
0.213937
0.304999
0.240468
0.241187
0.152425
0.145109
0.150467
0.192912
0.148552
0.187082
0.239832
0.267931
0.327446
0.234564
0.247062
0.264635
0.220433
0.273174
0.193573
0.204988
0.136766
0.141832
0.118834
0.147490
0.131951
0.176480
0.169605
0.238596
0.271730
0.244354
0.193941
0.104225
0.192833
0.205477
0.285496
0.188963
0.292465
0.190558
0.233630
0.231222
0.316233
0.276194
0.315376
0.234378
0.218047
0.125559
0.184685
0.137971
0.115223
0.241286
0.192450
0.199308
0.233939
0.185526
0.187347
0.154943
0.161963
0.276919
0.195057
0.165379
0.238988
0.223649
0.273825
0.286858
0.319505
0.201642
0.282826
0.148583
0.101739
0.173832
0.148381
0.101986
0.103431
0.110250
0.246682
0.159189
0.290946
0.212231
0.196212
0.185551
0.231171
0.195474
0.128352
0.174191
0.367516
0.336391
0.536541
0.340255
0.285616
0.192491
0.293937
0.164225
0.119648
0.161181
0.166156
0.183580
0.163106
0.121800
0.135295
0.154843
0.261891
0.290605
0.256078
0.257082
0.224680
0.189060
0.155172
0.275263
0.209057
0.365318
0.474080
0.383585
0.481478
0.206705
0.151779
0.131933
0.167574
0.171970
0.164118
0.148882
0.151457
0.113797
0.148831
0.365828
0.268289
0.308302
0.190060
0.292086
0.190155
0.312916
0.333104
0.353329
0.338946
0.364626
0.291349
0.218419
0.264981
0.192620
0.201332
0.195339
0.112593
0.126322
0.108679
0.121600
0.129987
0.180264
0.240008
0.176678
0.132909
0.097132
0.121610
0.123990
0.129977
0.255283
0.115054
0.228452
0.224028
0.291323
0.410483
0.254730
0.325248
0.197672
0.245587
0.169605
0.155683
0.120242
0.187711
0.118178
0.154598
0.193987
0.224988
0.143097
0.119552
0.157104
0.096711
0.108732
0.159309
0.208009
0.230206
0.273075
0.282284
0.324803
0.510129
0.456573
0.411466
0.290371
0.219997
0.193358
0.155379
0.171976
0.111571
0.186312
0.116837
0.129949
0.162066
0.300825
0.261969
0.170029
0.232521
0.130806
0.140301
0.239722
0.277315
0.254174
0.310474
0.452140
0.296943
0.421858
0.453869
0.346545
0.231825
0.212773
0.212482
0.166814
0.159218
0.157240
0.128179
0.255846
0.136252
0.106630
0.215272
0.158678
0.128936
0.264325
0.277136
0.266062
0.195596
0.225618
0.276541
0.235195
0.231676
0.298925
0.244565
0.329289
0.278663
0.177797
0.106183
0.160294
0.104949
0.148758
0.144262
0.095061
0.307245
0.124257
0.186149
0.106744
0.119130
0.107234
0.158694
0.202067
0.120482
0.124683
0.181214
0.225584
0.221367
0.190979
0.182386
0.146782
0.146995
0.156051
0.157380
0.162129
0.103791
0.102716
0.154650
0.164760
0.093586
0.122336
0.156118
0.149005
0.219981
0.266670
0.171290
0.160201
0.150484
0.207301
0.265455
0.246840
0.176182
0.269106
0.290630
0.221343
0.165927
0.147618
0.144771
0.144545
0.105857
0.157179
0.088114
0.105136
0.262304
0.158261
0.194426
0.229088
0.295138
0.165431
0.300268
0.179976
0.180265
0.259704
0.153715
0.208629
0.260551
0.249772
0.357387
0.432197
0.263266
0.254698
0.128444
0.152824
0.162926
0.117174
0.150443
0.196667
0.260001
0.242045
0.148175
0.178339
0.152515
0.149023
0.147005
0.130356
0.238211
0.495132
0.344558
0.421020
0.489239
0.392454
0.304762
0.290763
0.224669
0.146332
0.137717
0.183867
0.118218
0.160575
0.146590
0.221908
0.240703
0.184881
0.177267
0.111660
0.253963
0.260297
0.110529
0.145096
0.116268
0.170089
0.252290
0.278653
0.332891
0.257565
0.305267
0.242607
0.130311
0.144059
0.141302
0.115475
0.126822
0.144461
0.168693
0.103496
0.181745
0.212081
0.139239
0.147658
0.183782
0.210280
0.195813
0.215659
0.163112
0.168658
0.166051
0.379564
0.286514
0.238090
0.331164
0.257635
0.130110
0.142275
0.117653
0.105876
0.156089
0.137171
0.124747
0.172544
0.235738
0.157082
0.150070
0.179864
0.132926
0.151709
0.124723
0.111257
0.105702
0.187611
0.145913
0.163974
0.368438
0.266022
0.434479
0.268997
0.256837
0.148529
0.159448
0.135521
0.112539
0.119071
0.164576
0.152352
0.267791
0.226110
0.168978
0.160008
0.131181
0.205354
0.114158
0.125031
0.173715
0.261215
0.201405
0.297903
0.571353
0.383890
0.261750
0.280454
0.315229
0.138966
0.139821
0.119950
0.143165
0.115827
0.104161
0.125005
0.206229
0.238352
0.232573
0.248715
0.194049
0.187449
0.106404
0.188863
0.290103
0.177953
0.209674
0.292031
0.308798
0.278556
0.269245
0.307393
0.186956
0.147107
0.120365
0.158377
0.134214
0.108416
0.116537
0.103040
0.169771
0.173809
0.246806
0.233290
0.277254
0.396964
0.301599
0.405113
0.378080
0.488368
0.401485
0.335022
0.568514
0.510294
0.645941
0.308057
0.368167
0.250581
0.145046
0.163851
0.195220
0.157917
0.177487
0.130212
0.152131
0.167038
0.199554
0.143241
0.148565
0.223512
0.199341
0.261248
0.252209
0.198466
0.300626
0.285112
0.404233
0.405004
0.489787
0.370506
0.499996
0.330965
0.179025
0.150261
0.167925
0.118784
0.206615
0.123961
0.133682
0.192237
0.227504
0.121637
0.225741
0.205419
0.208702
0.183817
0.285287
0.234863
0.424667
0.364124
0.706495
0.578722
0.455212
0.425693
0.345523
0.219460
0.134115
0.100595
0.095512
0.174755
0.173131
0.213010
0.205892
0.162369
0.216926
0.262707
0.337138
0.279960
0.295870
0.319712
0.348988
0.478778
0.404526
0.452437
0.246726
0.520194
0.533622
0.373646
0.414343
0.165533
0.244349
0.118918
0.127029
0.196917
0.175592
0.200707
0.275229
0.224332
0.182042
0.275079
0.161382
0.387941
0.307951
0.353129
0.343354
0.518922
0.343798
0.588821
0.562222
0.469034
0.257299
0.403962
0.263059
0.185776
0.230312
0.212398
0.228845
0.235831
0.218423
0.281429
0.180406
0.235493
0.153129
0.184623
0.169234
0.176378
0.128436
0.165783
0.204234
0.261139
0.365671
0.285747
0.566387
0.353750
0.496374
0.453026
0.446935
0.334644
0.372111
0.200304
0.142561
0.278021
0.193930
0.163760
0.214114
0.234589
0.194729
0.185826
0.277826
0.406234
0.405964
0.270165
0.315985
0.310987
0.420102
0.229141
0.403293
0.260273
0.252870
0.227178
0.237839
0.119725
0.189558
0.088497
0.129359
0.159969
0.114203
0.191391
0.152495
0.186020
0.354134
0.190811
0.277529
0.350544
0.324125
0.213336
0.233798
0.397558
0.227215
0.369223
0.478546
0.323422
0.369099
0.199519
0.211870
0.232439
0.174952
0.191987
0.125207
0.164180
0.143651
0.218928
0.209901
0.215041
0.288764
0.238588
0.397633
0.139400
0.151496
0.115951
0.120404
0.155889
0.220177
0.223049
0.219325
0.269632
0.330586
0.153123
0.226741
0.111824
0.111634
0.101630
0.127328
0.140325
0.159793
0.205266
0.154134
0.187267
0.216639
0.134660
0.122570
0.146911
0.137134
0.248732
0.167546
0.195286
0.252021
0.271396
0.485918
0.516178
0.336292
0.210185
0.229221
0.138711
0.138142
0.148401
0.148211
0.158314
0.163489
0.177556
0.138842
0.176263
0.219286
0.204368
0.176445
0.154320
0.163880
0.130199
0.143272
0.210748
0.268449
0.226483
0.412983
0.295624
0.486869
0.269997
0.159676
0.155537
0.159237
0.098307
0.121846
0.113350
0.144435
0.158931
0.198557
0.179781
0.181482
0.108302
0.153150
0.102683
0.154619
0.126176
0.198106
0.209517
0.351353
0.566449
0.412797
0.581380
0.438114
0.486288
0.328763
0.191968
0.162561
0.158069
0.169677
0.136782
0.155213
0.314812
0.202237
0.249441
0.228097
0.235689
0.246386
0.364214
0.441816
0.570324
0.329710
0.475303
0.626003
0.679187
0.525572
0.575145
0.355979
0.398519
0.509184
0.252975
0.279077
0.162726
0.163569
0.235991
0.209560
0.210058
0.239652
0.266256
0.441819
0.346420
0.307199
0.442593
0.285279
0.610544
0.465186
0.467421
0.362277
0.742605
0.536482
0.446960
0.475548
0.316677
0.519454
0.350140
0.300235
0.361346
0.280954
0.162491
0.170096
0.191250
0.236204
0.323260
0.352156
0.505657
0.337485
0.213806
0.290870
0.454367
0.558839
0.407188
0.446277
0.528297
0.469851
0.281511
0.468798
0.346278
0.299730
0.253029
0.273255
0.174965
0.249949
0.148608
0.151421
0.196262
0.167528
0.196559
0.247052
0.153327
0.162254
0.167714
0.213802
0.137283
0.215571
0.111726
0.159757
0.257876
0.276575
0.271343
0.263566
0.288493
0.200374
0.136488
0.131841
0.200421
0.136779
0.096876
0.150359
0.183019
0.143699
0.317521
0.158469
0.233414
0.145877
0.281615
0.257274
0.426052
0.159771
0.346121
0.166953
0.328159
0.241540
0.363717
0.335393
0.246216
0.229930
0.125316
0.107817
0.124658
0.157754
0.121603
0.128542
0.164675
0.124962
0.258003
0.192255
0.178337
0.089389
0.240757
0.284423
0.178115
0.173761
0.303304
0.190064
0.277892
0.269789
0.195057
0.313538
0.182456
0.110189
0.167083
0.149439
0.078495
0.124782
0.128251
0.106884
0.164946
0.126260
0.228351
0.152114
0.128930
0.131941
0.161296
0.123229
0.166342
0.115095
0.122797
0.139088
0.226507
0.172964
0.283890
0.273877
0.214698
0.260107
0.108274
0.113383
0.149007
0.126993
0.158785
0.121281
0.148058
0.167346
0.220706
0.175339
0.180169
0.185963
0.167716
0.209817
0.275109
0.174224
0.141688
0.128062
0.125536
0.238115
0.178572
0.189633
0.129901
0.191369
0.111156
0.111650
0.084228
0.095843
0.135900
0.113229
0.151413
0.123830
0.166758
0.222631
0.113530
0.215253
0.224762
0.192006
0.140166
0.153270
0.180128
0.212863
0.246426
0.243798
0.325231
0.370145
0.138732
0.105219
0.141541
0.146396
0.165653
0.100890
0.118517
0.166472
0.168293
0.219545
0.192099
0.250910
0.297042
0.342600
0.320277
0.346360
0.331195
0.392576
0.267875
0.355973
0.330069
0.380474
0.325142
0.200995
0.166870
0.176079
0.155665
0.151459
0.110979
0.129420
0.189723
0.123888
0.147145
0.165808
0.190676
0.199402
0.159125
0.129662
0.215242
0.155260
0.260880
0.138608
0.208209
0.237862
0.256466
0.256420
0.293104
0.212365
0.231593
0.331295
0.217334
0.167281
0.218747
0.125196
0.160422
0.101331
0.192194
0.267288
0.154658
0.130415
0.163814
0.326002
0.242447
0.259164
0.209896
0.210593
0.276329
0.184744
0.321771
0.379030
0.294026
0.325742
0.274392
0.123227
0.141151
0.142147
0.112975
0.161818
0.151606
0.114019
0.202702
0.178429
0.212092
0.124023
0.092726
0.119742
0.102088
0.177914
0.303672
0.255196
0.193876
0.146096
0.290338
0.278318
0.306384
0.204825
0.199820
0.152848
0.162866
0.153416
0.124918
0.177989
0.139743
0.127302
0.130707
0.154271
0.285010
0.419878
0.227117
0.153543
0.222284
0.133235
0.163877
0.100992
0.167636
0.186736
0.386963
0.340926
0.306642
0.200235
0.300179
0.190138
0.137715
0.156865
0.107158
0.141928
0.163431
0.180357
0.166970
0.203038
0.120502
0.165759
0.139731
0.171968
0.185282
0.200542
0.216384
0.210732
0.286327
0.173030
0.404521
0.284265
0.254643
0.213550
0.174281
0.177002
0.113479
0.144120
0.169224
0.109263
0.178463
0.125859
0.129036
0.139478
0.155261
0.178161
0.202891
0.358259
0.258800
0.168840
0.229239
0.318450
0.340743
0.202388
0.247268
0.427414
0.552469
0.378479
0.258927
0.237337
0.164163
0.134532
0.110939
0.189399
0.153841
0.163918
0.149443
0.175872
0.191196
0.201989
0.265346
0.428513
0.190395
0.377169
0.403647
0.380296
0.171018
0.235402
0.303714
0.233498
0.367321
0.265327
0.212010
0.202766
0.175217
0.120227
0.143914
0.155461
0.193823
0.139576
0.227944
0.175924
0.191293
0.217209
0.102396
0.170261
0.113513
0.156742
0.203839
0.230246
0.162302
0.338075
0.369100
0.283795
0.446443
0.417776
0.197835
0.145902
0.124369
0.102457
0.156443
0.154761
0.145743
0.086913
0.197052
0.177186
0.124076
0.196533
0.169888
0.156875
0.164793
0.164990
0.153694
0.122215
0.175360
0.437184
0.451865
0.235222
0.313666
0.229908
0.184726
0.199039
0.142087
0.134357
0.140691
0.121438
0.095181
0.124241
0.203929
0.115499
0.180849
0.111281
0.125069
0.113364
0.157017
0.102516
0.118834
0.258268
0.166207
0.299136
0.263800
0.203962
0.322357
0.237119
0.202132
0.203809
0.095250
0.108954
0.157105
0.140069
0.129429
0.135000
0.108867
0.191440
0.261385
0.124282
0.135640
0.158700
0.225394
0.222204
0.129908
0.138273
0.079152
0.150584
0.256203
0.336453
0.273195
0.217656
0.136996
0.131091
0.100067
0.128741
0.166947
0.119969
0.093437
0.102276
0.206644
0.184759
0.148606
0.127350
0.124327
0.158555
0.161314
0.328818
0.176246
0.186604
0.142225
0.113786
0.161832
0.238070
0.195310
0.292251
0.159941
0.117470
0.096331
0.087291
0.101089
0.107608
0.113148
0.135239
0.157129
0.178308
0.204537
0.280347
0.231211
0.303315
0.157419
0.357096
0.428605
0.242499
0.196609
0.182884
0.155208
0.165389
0.314498
0.191282
0.284250
0.282192
0.114131
0.157617
0.112705
0.100606
0.110581
0.102811
0.102442
0.146971
0.208144
0.210579
0.238284
0.309792
0.264305
0.603101
0.192798
0.193828
0.195661
0.337982
0.444347
0.318570
0.164038
0.187709
0.262109
0.171037
0.118469
0.103762
0.160082
0.117717
0.141834
0.131610
0.143080
0.247844
0.219733
0.249266
0.136225
0.100966
0.123891
0.120635
0.144337
0.194953
0.176468
0.251711
0.268016
0.247775
0.255832
0.281850
0.194874
0.120276
0.174359
0.092035
0.118940
0.121683
0.139872
0.171324
0.158070
0.241429
0.169201
0.124512
0.096408
0.210634
0.211411
0.210127
0.125058
0.125878
0.168141
0.287702
0.329399
0.238888
0.327926
0.175175
0.197519
0.129967
0.137031
0.103826
0.165021
0.157926
0.147922
0.083232
0.159738
0.115315
0.249374
0.115610
0.180236
0.219441
0.082380
0.145464
0.141804
0.227402
0.227618
0.182309
0.205069
0.239531
0.233394
0.176264
0.163814
0.152813
0.096108
0.107143
0.142980
0.156313
0.134203
0.143886
0.172079
0.173629
0.270000
0.200796
0.077170
0.133028
0.148757
0.138752
0.119664
0.130239
0.146472
0.100953
0.146889
0.246000
0.274443
0.207163
0.132265
0.163661
0.171629
0.105350
0.108592
0.103612
0.141222
0.129132
0.172565
0.130640
0.216440
0.246087
0.198170
0.244705
0.244886
0.225768
0.138862
0.126875
0.095320
0.383285
0.150504
0.217140
0.285211
0.127800
0.173176
0.191696
0.143773
0.082807
0.084510
0.119450
0.093100
0.124970
0.159269
0.098828
0.187326
0.218476
0.258208
0.326683
0.305767
0.280846
0.201342
0.309596
0.248288
0.163325
0.219101
0.224840
0.279678
0.216605
0.229519
0.259959
0.115993
0.171610
0.132227
0.109034
0.151565
0.109098
0.177284
0.182424
0.145131
0.179438
0.252667
0.256208
0.224706
0.127151
0.142862
0.197466
0.190062
0.376288
0.174825
0.275474
0.438007
0.192264
0.214425
0.152524
0.128343
0.122170
0.122800
0.133846
0.132322
0.101737
0.160781
0.194816
0.163513
0.117217
0.109785
0.108834
0.174314
0.182878
0.218023
0.201115
0.262528
0.247297
0.236307
0.256413
0.356899
0.300600
0.150635
0.113713
0.150571
0.146479
0.096398
0.144539
0.128276
0.123616
0.154903
0.141940
0.143421
0.175530
0.179467
0.177879
0.186626
0.566223
0.291275
0.293634
0.262479
0.142258
0.363065
0.269999
0.294075
0.229899
0.121573
0.129533
0.132506
0.093645
0.098403
0.088262
0.079181
0.157333
0.171132
0.180632
0.191212
0.259171
0.236597
0.272533
0.281406
0.214336
0.145221
0.178168
0.135335
0.119757
0.254651
0.211684
0.313009
0.288793
0.327952
0.130489
0.086526
0.151795
0.095067
0.126524
0.082642
0.141787
0.203658
0.113198
0.149062
0.199004
0.313024
0.189254
0.200499
0.202501
0.221857
0.281818
0.195105
0.272271
0.369953
0.260361
0.146888
0.160873
0.162727
0.191527
0.163775
0.085607
0.109796
0.090048
0.128333
0.143169
0.098365
0.203268
0.098514
0.171271
0.172479
0.140114
0.182591
0.181109
0.151173
0.143353
0.124955
0.130558
0.197787
0.220747
0.252977
0.180209
0.158709
0.130544
0.090151
0.102476
0.136766
0.089273
0.109110
0.115118
0.093265
0.183972
0.174708
0.213144
0.201212
0.261522
0.198050
0.195600
0.168553
0.176582
0.330548
0.194845
0.299952
0.243481
0.187504
0.175127
0.324404
0.098354
0.141184
0.125037
0.144597
0.132466
0.087979
0.109900
0.142998
0.164543
0.114217
0.226978
0.218134
0.180398
0.296986
0.321174
0.194613
0.222433
0.445237
0.512763
0.451004
0.465289
0.262226
0.434890
0.170005
0.142046
0.101760
0.121178
0.101534
0.130602
0.088697
0.123844
0.182738
0.186214
0.196108
0.323111
0.247901
0.107470
0.249949
0.265911
0.096279
0.109456
0.195319
0.193134
0.194061
0.236978
0.210235
0.274334
0.166536
0.147710
0.089895
0.092164
0.145807
0.137398
0.119421
0.094506
0.122565
0.154248
0.154157
0.188135
0.181844
0.162507
0.203331
0.177401
0.378097
0.243868
0.234186
0.225053
0.202504
0.216569
0.318721
0.233572
0.120642
0.185759
0.128270
0.143890
0.088416
0.125950
0.110145
0.105782
0.218524
0.131523
0.247202
0.216575
0.171903
0.274195
0.206132
0.181858
0.138325
0.160204
0.145802
0.189310
0.220092
0.232275
0.173315
0.147111
0.126048
0.110663
0.147849
0.133987
0.116100
0.076493
0.089312
0.135013
0.128986
0.216592
0.136981
0.145915
0.146314
0.247674
0.311363
0.291658
0.191834
0.152384
0.141991
0.182125
0.427738
0.192029
0.223814
0.200396
0.189166
0.175838
0.088486
0.145701
0.150193
0.089218
0.124560
0.104619
0.154350
0.151788
0.125543
0.121768
0.095698
0.163753
0.287730
0.204727
0.148870
0.127198
0.294173
0.187868
0.100251
0.239059
0.309318
0.381935
0.228944
0.231652
0.103213
0.118332
0.095254
0.081237
0.101398
0.090175
0.099110
0.172823
0.183902
0.249533
0.196159
0.126611
0.276063
0.287813
0.281202
0.206582
0.355004
0.269327
0.287373
0.219602
0.232541
0.228720
0.242525
0.117397
0.082055
0.096323
0.105350
0.124730
0.104087
0.100046
0.122927
0.190939
0.162231
0.346742
0.280560
0.242211
0.379066
0.282629
0.245105
0.196071
0.172221
0.212199
0.162177
0.159760
0.305397
0.208785
0.128793
0.129848
0.096811
0.083261
0.158807
0.123836
0.142341
0.095193
0.166252
0.146127
0.095694
0.109402
0.136127
0.156434
0.116086
0.134099
0.104883
0.251528
0.143913
0.160090
0.154525
0.180806
0.249508
0.217756
0.136205
0.167554
0.155726
0.149681
0.117325
0.076879
0.140679
0.113313
0.128864
0.124313
0.131355
0.141199
0.164082
0.143159
0.095431
0.141238
0.097058
0.138270
0.132086
0.225815
0.399920
0.338565
0.188335
0.225908
0.195995
0.220777
0.138168
0.130397
0.119113
0.124940
0.117792
0.119743
0.145258
0.198473
0.221673
0.191101
0.229839
0.103047
0.215039
0.338610
0.194187
0.305828
0.154379
0.178061
0.177209
0.296045
0.213756
0.280701
0.204122
0.140688
0.166212
0.078925
0.103646
0.089094
0.138701
0.095908
0.094145
0.144122
0.174071
0.160661
0.248754
0.191676
0.223873
0.390556
0.434586
0.152171
0.110067
0.185634
0.208840
0.203159
0.240352
0.232193
0.268419
0.121587
0.101254
0.129240
0.151274
0.104904
0.125952
0.123280
0.155990
0.205706
0.253377
0.246431
0.159251
0.244899
0.152925
0.208822
0.224191
0.132146
0.156653
0.173887
0.203926
0.190865
0.203589
0.147989
0.269869
0.130288
0.152771
0.093799
0.079736
0.090938
0.134756
0.156623
0.096727
0.114914
0.172327
0.171075
0.205856
0.289865
0.338927
0.209130
0.444397
0.314685
0.231449
0.373666
0.233251
0.315622
0.244621
0.225372
0.287273
0.213900
0.151744
0.142159
0.149502
0.103386
0.083418
0.155006
0.144421
0.133603
0.196380
0.119672
0.282013
0.204763
0.115138
0.096082
0.175476
0.236774
0.153511
0.196413
0.187786
0.308031
0.209601
0.220781
0.278069
0.165571
0.166522
0.115820
0.090799
0.075319
0.111791
0.132134
0.121014
0.183391
0.147899
0.280698
0.205726
0.169397
0.175194
0.257963
0.328412
0.339222
0.228377
0.173593
0.216996
0.199415
0.291683
0.146962
0.190383
0.184648
0.157700
0.123701
0.133128
0.113171
0.146899
0.128021
0.113810
0.237539
0.141315
0.217363
0.141378
0.088649
0.137863
0.220090
0.274999
0.145221
0.202343
0.130567
0.237970
0.205829
0.270334
0.200131
0.117085
0.162234
0.135265
0.125863
0.103165
0.110846
0.081439
0.108577
0.093911
0.099025
0.155073
0.254213
0.208000
0.125690
0.136980
0.137666
0.168074
0.186554
0.239318
0.226676
0.300972
0.186432
0.227532
0.232986
0.145446
0.190209
0.130433
0.109968
0.096445
0.080644
0.119873
0.087296
0.119054
0.199577
0.163712
0.148967
0.138578
0.189940
0.260299
0.227404
0.215291
0.167981
0.126743
0.338448
0.327307
0.548988
0.387203
0.252116
0.192619
0.195711
0.164188
0.103134
0.103200
0.102506
0.142688
0.135802
0.135197
0.108623
0.173020
0.296826
0.128897
0.115660
0.144875
0.211700
0.176478
0.126316
0.098035
0.142850
0.159901
0.283689
0.196792
0.275103
0.222226
0.168862
0.195530
0.137505
0.092697
0.090996
0.075337
0.095269
0.147574
0.128149
0.167116
0.130284
0.338702
0.282879
0.264170
0.223097
0.202492
0.199854
0.308938
0.178700
0.234204
0.344355
0.281143
0.200597
0.170285
0.195746
0.163919
0.136513
0.161878
0.142246
0.113229
0.098711
0.133638
0.104953
0.139675
0.230504
0.187127
0.173233
0.181961
0.317022
0.317537
0.300337
0.370244
0.268565
0.350375
0.245240
0.223206
0.151267
0.130528
0.095922
0.120056
0.128044
0.122209
0.086570
0.140403
0.136072
0.144296
0.150160
0.172916
0.208304
0.148707
0.120871
0.117880
0.144667
0.202821
0.153010
0.118244
0.162165
0.190107
0.256351
0.204906
0.199540
0.125343
0.189003
0.125914
0.136313
0.085263
0.135177
0.089765
0.077277
0.143791
0.117505
0.172369
0.274066
0.187570
0.164045
0.110117
0.209338
0.181847
0.199291
0.244843
0.222292
0.350158
0.261063
0.294082
0.261296
0.262938
0.143762
0.113594
0.135699
0.084566
0.112963
0.143897
0.081060
0.139816
0.218236
0.158528
0.188249
0.151014
0.277295
0.224941
0.211597
0.174463
0.266869
0.193840
0.220471
0.251729
0.392849
0.330057
0.440167
0.161856
0.177045
0.222323
0.086271
0.132044
0.103255
0.133435
0.080204
0.108220
0.095730
0.099773
0.298544
0.287930
0.240331
0.350853
0.197271
0.101429
0.093721
0.106291
0.083445
0.157713
0.180890
0.246551
0.183304
0.152119
0.200174
0.135225
0.120815
0.082645
0.096499
0.074815
0.098662
0.089919
0.119450
0.165237
0.150522
0.201360
0.112313
0.123162
0.163135
0.243562
0.193228
0.255015
0.255672
0.322827
0.209161
0.417657
0.213733
0.178140
0.141815
0.129304
0.104709
0.126435
0.099997
0.102235
0.118683
0.117957
0.137557
0.107094
0.199455
0.233116
0.250002
0.187766
0.245541
0.208544
0.116333
0.159057
0.179924
0.256435
0.203485
0.221827
0.209169
0.198877
0.173199
0.114715
0.097103
0.099920
0.095061
0.105824
0.146658
0.143061
0.165533
0.205715
0.175791
0.168847
0.212976
0.221863
0.159200
0.409000
0.245756
0.248028
0.122550
0.215655
0.353052
0.362577
0.183851
0.245831
0.225551
0.135031
0.111606
0.123067
0.104126
0.117361
0.106386
0.152054
0.222337
0.136893
0.243091
0.208085
0.147766
0.123794
0.145431
0.285386
0.372150
0.133028
0.122591
0.219888
0.252428
0.195626
0.369662
0.221390
0.179945
0.144696
0.095842
0.124274
0.125394
0.147264
0.118300
0.082279
0.177218
0.200761
0.238055
0.152915
0.157522
0.241689
0.130227
0.201063
0.218854
0.337335
0.156594
0.241206
0.216748
0.274140
0.258553
0.227986
0.180765
0.182235
0.151879
0.089769
0.141920
0.154010
0.113725
0.142084
0.185392
0.124905
0.185440
0.211310
0.136947
0.194056
0.226410
0.191252
0.218734
0.246321
0.316565
0.143024
0.240664
0.308516
0.187004
0.182080
0.213501
0.134908
0.113541
0.104911
0.126554
0.128748
0.114873
0.150391
0.156658
0.137522
0.093220
0.244111
0.226557
0.160162
0.110854
0.236739
0.113367
0.152366
0.106806
0.139683
0.177632
0.267362
0.203256
0.273608
0.187089
0.166148
0.213952
0.141723
0.132296
0.136314
0.111555
0.087764
0.110563
0.164695
0.136591
0.131577
0.154584
0.130127
0.115665
0.163175
0.090390
0.134533
0.154428
0.108287
0.144893
0.144907
0.177668
0.143295
0.183216
0.156285
0.132491
0.098922
0.124452
0.140926
0.121147
0.110340
0.091689
0.166353
0.121635
0.246124
0.253907
0.177956
0.165337
0.139745
0.143131
0.257542
0.190347
0.139660
0.207919
0.359923
0.272135
0.150332
0.114405
0.152371
0.144079
0.131974
0.088352
0.125886
0.162695
0.118141
0.199638
0.091791
0.113328
0.171413
0.200818
0.281385
0.285375
0.280890
0.168803
0.344580
0.306529
0.230911
0.301119
0.163295
0.339844
0.202522
0.192530
0.134675
0.094287
0.138883
0.107192
0.081085
0.158103
0.102763
0.181271
0.156813
0.181365
0.133866
0.124521
0.112999
0.211602
0.283103
0.208359
0.182029
0.248204
0.228425
0.206131
0.321942
0.312260
0.166185
0.116991
0.096169
0.148999
0.109579
0.152081
0.128124
0.111998
0.156219
0.168577
0.093145
0.173213
0.187006
0.174988
0.152267
0.187340
0.277000
0.366696
0.231865
0.218550
0.151580
0.284366
0.187445
0.263363
0.209115
0.207066
0.173514
0.128325
0.160438
0.094563
0.158464
0.138344
0.172441
0.182944
0.114759
0.305134
0.121344
0.183912
0.251137
0.234744
0.201451
0.355443
0.261703
0.275857
0.454941
0.367960
0.252964
0.254277
0.350461
0.190382
0.118251
0.096122
0.110719
0.116888
0.108707
0.094591
0.118004
0.167512
0.184120
0.163777
0.126775
0.114734
0.114692
0.250061
0.300406
0.299813
0.225005
0.240754
0.232365
0.187175
0.233143
0.190530
0.232136
0.178778
0.145663
0.148637
0.128260
0.110841
0.134645
0.138218
0.122981
0.145099
0.129092
0.159646
0.298964
0.090314
0.155847
0.121439
0.238542
0.221776
0.202819
0.144460
0.222292
0.198118
0.263221
0.184405
0.237026
0.237301
0.344218
0.142306
0.142455
0.149838
0.102386
0.104998
0.126700
0.106664
0.130971
0.155696
0.370924
0.353900
0.306154
0.247106
0.181028
0.177969
0.288118
0.338036
0.176076
0.207356
0.229190
0.265134
0.132605
0.304049
0.122400
0.178157
0.137187
0.138943
0.136589
0.129267
0.130020
0.153871
0.138848
0.148607
0.379061
0.295924
0.202915
0.104209
0.142389
0.218786
0.223492
0.185517
0.281593
0.304635
0.293669
0.248257
0.325171
0.187802
0.159247
0.121052
0.128095
0.126474
0.157550
0.152579
0.160685
0.252420
0.271414
0.301886
0.283249
0.218154
0.240466
0.302627
0.363419
0.192423
0.118439
0.176956
0.226332
0.386290
0.238236
0.303432
0.213581
0.140525
0.138570
0.146769
0.149042
0.089476
0.097873
0.170423
0.107194
0.189255
0.144603
0.200857
0.195100
0.169470
0.114278
0.130318
0.139714
0.226794
0.207368
0.233351
0.139855
0.250792
0.236965
0.246725
0.261734
0.199865
0.184656
0.129591
0.139662
0.139917
0.163777
0.172168
0.106714
0.195229
0.199453
0.118424
0.208163
0.177437
0.371693
0.418175
0.219582
0.217234
0.203592
0.116923
0.234988
0.160584
0.195099
0.155986
0.265744
0.135703
0.124364
0.161554
0.119172
0.099616
0.137691
0.159208
0.165722
0.141948
0.240208
0.134004
0.225923
0.251866
0.152124
0.180786
0.107276
0.144998
0.131223
0.147752
0.270422
0.370905
0.326545
0.298746
0.279654
0.146839
0.165616
0.154231
0.151940
0.110678
0.095045
0.160197
0.186847
0.117513
0.219315
0.286068
0.157447
0.131532
0.140466
0.196196
0.229232
0.124239
0.108787
0.177821
0.166664
0.272035
0.246693
0.250019
0.338320
0.143411
0.147539
0.120517
0.117964
0.153370
0.141894
0.136621
0.141087
0.129607
0.136512
0.215674
0.212710
0.278111
0.161116
0.286709
0.188102
0.171336
0.147240
0.118463
0.231326
0.285948
0.322382
0.424303
0.520557
0.238840
0.205070
0.158700
0.122568
0.156526
0.113245
0.132688
0.118173
0.172700
0.160870
0.286032
0.271935
0.145573
0.236171
0.240237
0.353079
0.262450
0.171777
0.165569
0.189180
0.241127
0.184301
0.240691
0.225442
0.140580
0.131137
0.134018
0.138894
0.153712
0.105716
0.100559
0.114614
0.241685
0.241902
0.176482
0.169655
0.112662
0.114671
0.169416
0.174305
0.185604
0.180362
0.193172
0.154688
0.144127
0.184167
0.306701
0.373954
0.216620
0.141466
0.115298
0.121875
0.128266
0.126389
0.101037
0.179894
0.167957
0.220519
0.181018
0.165095
0.249738
0.181657
0.172506
0.201003
0.184119
0.147854
0.140752
0.255628
0.171126
0.320908
0.228262
0.321337
0.180059
0.135980
0.097572
0.116438
0.168396
0.107215
0.130156
0.145109
0.151992
0.126244
0.322105
0.133737
0.140121
0.173606
0.170307
0.109759
0.199460
0.194895
0.144944
0.208835
0.300910
0.266309
0.222603
0.151778
0.195688
0.174056
0.180186
0.122450
0.153072
0.101952
0.132857
0.102933
0.110198
0.095573
0.191655
0.147817
0.123403
0.141374
0.162340
0.189143
0.129775
0.099100
0.179090
0.164428
0.155864
0.273376
0.279426
0.446531
0.321060
0.306357
0.148116
0.084142
0.153388
0.094010
0.160794
0.171508
0.132170
0.166371
0.221929
0.330563
0.170007
0.169673
0.124706
0.185765
0.178221
0.233506
0.212435
0.176101
0.246970
0.316168
0.494748
0.215457
0.155058
0.188010
0.136108
0.089514
0.124455
0.103067
0.110471
0.172366
0.094615
0.168494
0.258628
0.196118
0.282967
0.328095
0.272283
0.289117
0.274053
0.397606
0.295751
0.235978
0.176937
0.326115
0.290734
0.292865
0.207667
0.200304
0.158868
0.138886
0.113695
0.123557
0.183737
0.145521
0.120549
0.217679
0.317768
0.255662
0.251578
0.413247
0.362492
0.406275
0.301831
0.350461
0.342236
0.317944
0.375295
0.310241
0.373038
0.222180
0.253425
0.253358
0.230975
0.191030
0.110889
0.171454
0.161552
0.140569
0.167912
0.190552
0.200535
0.174182
0.248651
0.319722
0.337220
0.300336
0.239821
0.235022
0.432663
0.331392
0.363343
0.258632
0.266141
0.331168
0.190048
0.168249
0.120622
0.133495
0.115920
0.159029
0.133662
0.132046
0.234478
0.201042
0.220180
0.254733
0.152651
0.160425
0.223387
0.125782
0.140982
0.186205
0.112941
0.159153
0.207913
0.352197
0.327724
0.237015
0.273416
0.158338
0.114594
0.111257
0.100790
0.136646
0.102660
0.202362
0.170793
0.194753
0.201038
0.148836
0.296337
0.205226
0.293332
0.221102
0.180373
0.202156
0.152246
0.308419
0.257719
0.218359
0.163199
0.358819
0.280785
0.142747
0.164049
0.147913
0.147550
0.170754
0.173825
0.122613
0.160789
0.149707
0.204732
0.227429
0.164173
0.155641
0.255353
0.306200
0.217896
0.199367
0.145662
0.283070
0.274151
0.159427
0.173718
0.268944
0.134160
0.122190
0.152252
0.133637
0.083795
0.161015
0.137542
0.167845
0.115858
0.112963
0.270053
0.183367
0.240265
0.135473
0.223564
0.122670
0.106173
0.241543
0.340555
0.287784
0.275878
0.401724
0.228143
0.226928
0.277090
0.176896
0.163104
0.134593
0.121465
0.168162
0.169584
0.105779
0.139616
0.165375
0.137421
0.236713
0.172861
0.292974
0.390537
0.543381
0.431631
0.364337
0.339065
0.351475
0.400644
0.495567
0.310835
0.317248
0.217139
0.201166
0.109149
0.167547
0.153654
0.112339
0.102995
0.129014
0.139935
0.126696
0.134753
0.184058
0.249563
0.387800
0.241487
0.308704
0.247859
0.267159
0.199837
0.278196
0.213265
0.369259
0.248413
0.358156
0.268262
0.232383
0.200137
