0.119379
0.108305
0.076967
0.187361
0.119936
0.144906
0.131593
0.107091
0.135875
0.248923
0.217903
0.213208
0.108622
0.148791
0.156975
0.289969
0.371815
0.336381
0.284359
0.294086
0.143847
0.119474
0.136447
0.130195
0.079340
0.109463
0.113618
0.104416
0.110836
0.084469
0.106192
0.096642
0.103860
0.113009
0.110815
0.197073
0.328184
0.310063
0.411765
0.400404
0.400665
0.183773
0.264870
0.128593
0.215914
0.126868
0.165488
0.100551
0.093030
0.114045
0.079248
0.117948
0.109883
0.066185
0.154384
0.164715
0.196124
0.190034
0.117582
0.217479
0.160972
0.088933
0.096653
0.118993
0.166136
0.221351
0.360318
0.141472
0.164188
0.105434
0.129884
0.108795
0.119739
0.118431
0.130721
0.115304
0.117271
0.100987
0.175295
0.273716
0.184511
0.115975
0.240315
0.324067
0.441426
0.187561
0.146712
0.153084
0.292685
0.418777
0.315631
0.181222
0.285893
0.189179
0.115540
0.080202
0.094892
0.126006
0.083931
0.134308
0.121452
0.101362
0.100745
0.293627
0.169068
0.112017
0.194495
0.212083
0.254191
0.285385
0.180485
0.583310
0.395631
0.443941
0.418630
0.242103
0.225060
0.333261
0.275151
0.187295
0.152538
0.142581
0.162231
0.130094
0.108734
0.082832
0.118026
0.139069
0.179910
0.106467
0.121441
0.144900
0.144683
0.097193
0.158874
0.122548
0.248302
0.315039
0.356603
0.231127
0.179722
0.161835
0.164978
0.210463
0.098872
0.092861
0.117683
0.152813
0.134407
0.086315
0.118434
0.213442
0.245872
0.414687
0.320307
0.190823
0.182665
0.158758
0.156990
0.192371
0.348120
0.146746
0.154179
0.201438
0.167282
0.079494
0.085128
0.070336
0.101433
0.091039
0.090919
0.226154
0.130903
0.083363
0.147966
0.234011
0.195398
0.256943
0.408070
0.317125
0.230345
0.188799
0.171073
0.110332
0.098261
0.336816
0.290364
0.281248
0.152404
0.218480
0.164763
0.137800
0.136172
0.124633
0.127356
0.122039
0.082949
0.089659
0.097564
0.272315
0.140902
0.154888
0.158451
0.108024
0.135077
0.203730
0.106338
0.098493
0.123320
0.261569
0.260549
0.163698
0.292243
0.176336
0.246536
0.088615
0.137110
0.108651
0.119680
0.095709
0.098394
0.087629
0.079760
0.278915
0.167166
0.253629
0.295940
0.249533
0.235217
0.466110
0.344653
0.325012
0.198433
0.286027
0.210427
0.312785
0.295068
0.219123
0.262653
0.172955
0.163708
0.128247
0.099082
0.099698
0.128897
0.089934
0.137509
0.216386
0.197690
0.107471
0.211915
0.126701
0.107121
0.091347
0.097117
0.077080
0.123059
0.286839
0.403200
0.232877
0.159852
0.307205
0.194703
0.081705
0.122491
0.095353
0.117038
0.101184
0.082898
0.101133
0.143850
0.240227
0.188372
0.159308
0.160135
0.086025
0.122148
0.074652
0.076520
0.096426
0.131352
0.223593
0.154480
0.218303
0.125822
0.114105
0.195414
0.128288
0.151758
0.132798
0.071821
0.142370
0.118642
0.094678
0.283573
0.292233
0.176456
0.083070
0.091257
0.123317
0.106317
0.088916
0.254355
0.298358
0.268428
0.300311
0.488388
0.197193
0.163181
0.100616
0.077197
0.078710
0.101315
0.111900
0.102234
0.079416
0.084217
0.092389
0.096443
0.173235
0.273257
0.230990
0.195670
0.356040
0.420590
0.277980
0.269840
0.330760
0.335881
0.275336
0.308264
0.292595
0.180012
0.226468
0.089414
0.081956
0.085930
0.087479
0.157693
0.080253
0.131257
0.079831
0.127416
0.129501
0.437168
0.313679
0.192987
0.182813
0.204215
0.075716
0.106958
0.071634
0.118739
0.098954
0.172072
0.174470
0.122138
0.128812
0.126577
0.070204
0.110402
0.107773
0.107274
0.074469
0.103242
0.078290
0.104214
0.109144
0.106582
0.119692
0.148787
0.168255
0.096210
0.142541
0.105649
0.146636
0.084637
0.241908
0.162332
0.278188
0.205704
0.234412
0.098489
0.097950
0.082149
0.109893
0.118188
0.071244
0.064035
0.061386
0.088205
0.159144
0.202660
0.256142
0.208700
0.143172
0.150153
0.265566
0.133487
0.082067
0.115980
0.242098
0.292131
0.279899
0.170919
0.195442
0.146317
0.107379
0.066650
0.111377
0.097453
0.104207
0.198317
0.134050
0.139842
0.184110
0.243939
0.379024
0.237007
0.110177
0.135565
0.224320
0.159890
0.232172
0.213653
0.302849
0.206723
0.202710
0.079382
0.186602
0.166959
0.109932
0.070834
0.084215
0.079896
0.082913
0.090790
0.091996
0.127518
0.164052
0.191777
0.211211
0.142877
0.072052
0.166999
0.153883
0.086247
0.160312
0.264587
0.254531
0.282137
0.296037
0.245239
0.153960
0.114744
0.112330
0.092146
0.118915
0.118473
0.131187
0.065793
0.087547
0.086823
0.419751
0.142459
0.211406
0.142983
0.135027
0.096378
0.064512
0.092094
0.078791
0.116189
0.157155
0.179996
0.137214
0.169482
0.089891
0.212504
0.109841
0.090448
0.075140
0.104471
0.065719
0.104574
0.084488
0.053741
0.219530
0.118909
0.242851
0.192353
0.104274
0.083645
0.114400
0.102922
0.112463
0.175838
0.219128
0.207059
0.212387
0.183991
0.291086
0.174626
0.513319
0.150019
0.097623
0.103714
0.081173
0.069829
0.060066
0.101519
0.087987
0.138501
0.173969
0.158474
0.295497
0.271897
0.372968
0.255706
0.136245
0.201635
0.136651
0.203763
0.227092
0.157762
0.286781
0.188392
0.086542
0.095595
0.075819
0.082735
0.107514
0.089381
0.097455
0.105380
0.221851
0.120177
0.076541
0.095176
0.092215
0.366832
0.148102
0.060331
0.415055
0.376650
0.497401
0.135706
0.118316
0.156743
0.254061
0.121740
0.098206
0.113272
0.210296
0.160118
0.196278
0.214719
0.219566
0.266325
0.281644
0.115919
0.156965
0.150585
0.140173
0.196167
0.070603
0.127865
0.213014
0.153649
0.165156
0.217025
0.295024
0.114650
0.139632
0.149415
0.202426
0.103379
0.077446
0.114620
0.093089
0.100314
0.088369
0.144571
0.096651
0.179078
0.413905
0.216812
0.173098
0.180073
0.330496
0.161246
0.207000
0.083706
0.350712
0.307919
0.242198
0.148015
0.160821
0.089721
0.107371
0.085049
0.087792
0.091401
0.094120
0.064058
0.094094
0.139881
0.117407
0.091079
0.082203
0.290598
0.343555
0.171804
0.182350
0.272454
0.388429
0.109677
0.147567
0.259795
0.156240
0.172476
0.102425
0.126187
0.088116
0.099552
0.114141
0.084114
0.093403
0.111778
0.128905
0.165675
0.301600
0.205741
0.120699
0.060458
0.090815
0.265122
0.151114
0.060567
0.060078
0.171636
0.256778
0.336854
0.324714
0.159722
0.180305
0.179496
0.131613
0.092564
0.090503
0.079928
0.129648
0.115519
0.117225
0.215642
0.360975
0.166956
0.145131
0.250438
0.250210
0.194842
0.240446
0.212644
0.307769
0.283061
0.226278
0.271248
0.147949
0.169255
0.113443
0.189914
0.114985
0.090656
0.104473
0.097360
0.107547
0.094421
0.078719
0.122169
0.131702
0.139199
0.229786
0.144834
0.263799
0.230462
0.142449
0.201205
0.145578
0.080088
0.119923
0.385582
0.226201
0.219507
0.118655
0.126403
0.126286
0.090158
0.072841
0.108377
0.106020
0.083115
0.127881
0.066994
0.293833
0.116535
0.083706
0.124018
0.117557
0.204725
0.160345
0.160003
0.210827
0.039938
0.377808
0.201353
0.180170
0.130175
0.103180
0.272559
0.076743
0.092031
0.066227
0.075632
0.052826
0.054914
0.081946
0.111569
0.260751
0.224327
0.046094
0.060869
0.122036
0.116731
0.141194
0.103181
0.107426
0.090860
0.347768
0.304185
0.153427
0.186929
0.252377
0.210518
0.196630
0.070674
0.095170
0.086046
0.095567
0.101973
0.055587
0.096062
0.236704
0.231202
0.162772
0.279870
0.236498
0.414149
0.287214
0.282364
0.500459
0.237453
0.200485
0.442978
0.224461
0.308132
0.206441
0.357628
0.154050
0.098346
0.089942
0.086379
0.109354
0.122141
0.060050
0.097815
0.298913
0.151102
0.065562
0.057016
0.153649
0.141077
0.106673
0.103136
0.121018
0.118871
0.291680
0.389430
0.153537
0.201086
0.176037
0.167657
0.114496
0.069575
0.101991
0.094871
0.102635
0.095645
0.060012
0.313390
0.274502
0.118117
0.168702
0.194044
0.101439
0.147589
0.118366
0.060937
0.131099
0.187169
0.192495
0.249223
0.116909
0.237402
0.144110
0.171771
0.117556
0.112123
0.066119
0.093888
0.089496
0.073712
0.109599
0.109186
0.404283
0.124591
0.214263
0.122255
0.196100
0.189491
0.081033
0.089953
0.162313
0.098982
0.147628
0.294665
0.080821
0.112083
0.311008
0.158901
0.194182
0.203900
0.054669
0.052706
0.087722
0.071135
0.099234
0.125238
0.182984
0.088446
0.349695
0.141274
0.137346
0.207087
0.208929
0.104567
0.091177
0.412383
0.108580
0.068893
0.078186
0.161378
0.100923
0.338497
0.063735
0.095982
0.070736
0.077378
0.080276
0.074761
0.097928
0.132598
0.300847
0.169778
0.078794
0.062908
0.067140
0.263524
0.156473
0.080893
0.098278
0.061644
0.146266
0.283081
0.228311
0.204833
0.062178
0.161255
0.091692
0.069766
0.078968
0.086588
0.083640
0.062799
0.063538
0.092592
0.310290
0.154453
0.142954
0.174952
0.167372
0.158414
0.106182
0.110547
0.084797
0.099313
0.234451
0.158124
0.291227
0.174226
0.426130
0.230092
0.230108
0.092622
0.127324
0.100398
0.067435
0.102157
0.099757
0.135568
0.246359
0.181498
0.105101
0.080589
0.065707
0.178303
0.117420
0.063477
0.113584
0.091203
0.122253
0.254133
0.175664
0.137336
0.087734
0.058963
0.110580
0.084151
0.109794
0.117123
0.116350
0.070062
0.059162
0.186104
0.130445
0.182519
0.166031
0.087781
0.099106
0.182382
0.271594
0.250841
0.148437
0.215025
0.171256
0.183356
0.344433
0.146355
0.248704
0.197549
0.073330
0.082681
0.084227
0.086531
0.096564
0.068673
0.108986
0.155907
0.351694
0.091728
0.082518
0.074758
0.095955
0.108804
0.065701
0.047849
0.074863
0.067980
0.084276
0.108122
0.100340
0.075666
0.138315
0.164810
0.114159
0.075389
0.101873
0.062573
0.101744
0.078560
0.128026
0.089754
0.112208
0.203193
0.150362
0.065947
0.117542
0.136465
0.058633
0.062865
0.065802
0.086040
0.163721
0.096663
0.151443
0.121748
0.102195
0.057730
0.074469
0.049155
0.069469
0.061429
0.092457
0.102937
0.068867
0.102117
0.092374
0.082295
0.067574
0.081803
0.301753
0.213050
0.245684
0.390839
0.101523
0.187762
0.157974
0.204870
0.149676
0.084387
0.112483
0.095986
0.092075
0.102466
0.106316
0.089796
0.076113
0.070058
0.117371
0.135185
0.160484
0.134118
0.259085
0.134680
0.227890
0.174037
0.106846
0.091322
0.078620
0.216182
0.167992
0.194600
0.143569
0.093252
0.091095
0.174482
0.104734
0.078264
0.098530
0.092695
0.119363
0.106795
0.087591
0.084936
0.184516
0.159217
0.206798
0.113571
0.066201
0.062664
0.029228
0.048637
0.051200
0.052080
0.106407
0.182508
0.082378
0.244918
0.295042
0.207426
0.298624
0.109428
0.095933
0.094063
0.064848
0.090803
0.079603
0.090624
0.127441
0.078513
0.084941
0.088675
0.044239
0.203274
0.055859
0.209520
0.049919
0.196943
0.230732
0.070036
0.052590
0.067741
0.102749
0.127687
0.075165
0.084334
0.073655
0.094701
0.090567
0.101813
0.075251
0.141590
0.248996
0.105343
0.059273
0.089776
0.162866
0.215415
0.093960
0.040745
0.108922
0.104628
0.120499
0.113704
0.095605
0.223992
0.092640
0.081907
0.060780
0.080350
0.064038
0.122922
0.051720
0.065635
0.056926
0.085413
0.144457
0.040767
0.101861
0.045992
0.035808
0.058054
0.142670
0.240186
0.155756
0.109878
0.092743
0.089537
0.099026
0.121412
0.142521
0.094743
0.065245
0.068156
0.069040
0.067810
0.067741
0.068574
0.081164
0.063383
0.057389
0.278779
0.116326
0.080005
0.076420
0.190851
0.318519
0.360018
0.093170
0.081253
0.081865
0.065637
0.108827
0.089121
0.061927
0.078462
0.070319
0.082516
0.100500
0.062076
0.074170
0.059423
0.089157
0.118182
0.142190
0.341222
0.276184
0.143926
0.115506
0.215050
0.198370
0.084232
0.095497
0.114633
0.089536
0.233339
0.174731
0.198684
0.127729
0.059265
0.076683
0.067583
0.079961
0.080753
0.071617
0.078145
0.062426
0.058302
0.338345
0.109664
0.065965
0.045183
0.046159
0.121703
0.089436
0.070353
0.105148
0.369286
0.255914
0.200503
0.130714
0.435168
0.301437
0.169017
0.101909
0.093819
0.086749
0.066418
0.077976
0.058634
0.064240
0.080070
0.155418
0.045147
0.076186
0.230563
0.062209
0.133015
0.073196
0.092964
0.060196
0.052720
0.115051
0.193242
0.399128
0.257513
0.244334
0.087369
0.062450
0.044674
0.075908
0.049973
0.103574
0.063424
0.063296
0.054089
0.137154
0.337372
0.240287
0.119421
0.052113
0.107680
0.096069
0.059046
0.099073
0.267969
0.486740
0.207621
0.113190
0.270819
0.064790
0.136436
0.099697
0.068851
0.078586
0.052208
0.044721
0.060106
0.052688
0.111292
0.215637
0.080561
0.138893
0.090271
0.105055
0.166892
0.094382
0.061969
0.079607
0.198009
0.271974
0.159731
0.106536
0.111569
0.209110
0.136774
0.067256
0.072572
0.069449
0.098860
0.078529
0.076747
0.068611
0.101281
0.089452
0.067019
0.084512
0.129615
0.105467
0.150827
0.105258
0.115484
0.198050
0.199724
0.089055
0.159203
0.143694
0.122846
0.115770
0.099165
0.109004
0.111676
0.078776
0.070999
0.095217
0.100131
0.082413
0.171071
0.111775
0.080173
0.116319
0.099858
0.053808
0.092824
0.064201
0.097451
0.213041
0.239071
0.078062
0.094280
0.091452
0.071396
0.138618
0.114776
0.090270
0.122683
0.131459
0.073360
0.188801
0.164472
0.118772
0.082506
0.260415
0.259276
0.112771
0.077280
0.152621
0.181081
0.110201
0.080475
0.287513
0.163618
0.207959
0.349152
0.163279
0.132088
0.181715
0.085623
0.106244
0.213434
0.127388
0.098289
0.097580
0.057441
0.079504
0.134480
0.197156
0.055930
0.065728
0.081424
0.146499
0.048715
0.256775
0.090130
0.085374
0.057898
0.459430
0.289302
0.209248
0.552856
0.359760
0.181832
0.153938
0.123046
0.073722
0.074561
0.109304
0.082960
0.077099
0.071487
0.229838
0.129915
0.086518
0.072725
0.182308
0.188115
0.343878
0.136664
0.082607
0.092704
0.071397
0.113323
0.085758
0.106988
0.220234
0.081933
0.127915
0.100038
0.075460
0.045139
0.067953
0.067966
0.077104
0.161113
0.124598
0.243198
0.203241
0.081860
0.140864
0.375553
0.251574
0.145274
0.113679
0.166080
0.203303
0.260989
0.285462
0.156038
0.115269
0.135771
0.083331
0.084140
0.092654
0.093107
0.104548
0.071820
0.073076
0.103463
0.264823
0.171616
0.119598
0.173533
0.181395
0.232876
0.115906
0.086858
0.090120
0.170684
0.128277
0.201544
0.252194
0.125768
0.112224
0.093224
0.090320
0.069149
0.098944
0.074973
0.082306
0.072688
0.083324
0.169171
0.361836
0.175962
0.162825
0.179802
0.151905
0.122800
0.101672
0.167577
0.140658
0.114834
0.122548
0.190692
0.102506
0.086011
0.130168
0.259900
0.083099
0.071732
0.123916
0.249354
0.103602
0.099151
0.106759
0.091871
0.243552
0.396757
0.420876
0.376294
0.346420
0.487644
0.188824
0.201972
0.079299
0.087039
0.355392
0.135072
0.114036
0.097154
0.155325
0.076316
0.103892
0.090830
0.084741
0.082903
0.108998
0.072802
0.094446
0.096095
0.112313
0.172613
0.161898
0.195587
0.207811
0.485855
0.170966
0.156393
0.100050
0.149004
0.434744
0.339530
0.188848
0.134887
0.148711
0.112968
0.154535
0.094640
0.095627
0.058916
0.065841
0.106553
0.080216
0.184450
0.227677
0.091746
0.221340
0.114418
0.133309
0.089586
0.068038
0.196208
0.258958
0.360161
0.262099
0.309088
0.173823
0.186400
0.155254
0.264527
0.274068
0.079177
0.072655
0.081997
0.089219
0.099726
0.089499
0.206865
0.206940
0.215168
0.055269
0.072321
0.143575
0.112607
0.086614
0.037538
0.061025
0.099964
0.064449
0.072134
0.153504
0.340317
0.194649
0.304558
0.224580
0.287664
0.148497
0.096710
0.111944
0.100756
0.121566
0.472950
0.436220
0.208323
0.084348
0.093387
0.118551
0.087987
0.049518
0.096579
0.060156
0.111928
0.171003
0.335269
0.153635
0.080181
0.064222
0.087820
0.056437
0.072268
0.072070
0.096683
0.061872
0.071656
0.107407
0.074826
0.225536
0.185229
0.132646
0.095145
0.098817
0.238103
0.097287
0.080566
0.111001
0.113346
0.116632
0.206501
0.134899
0.090187
0.070618
0.093159
0.091794
0.071822
0.094070
0.082586
0.117482
0.057387
0.104944
0.160291
0.241004
0.188431
0.214089
0.215378
0.213573
0.176811
0.096806
0.090084
0.154714
0.166882
0.195403
0.246955
0.165555
0.257431
0.108426
0.109850
0.092482
0.063093
0.081010
0.082049
0.078244
0.078117
0.072500
0.119296
0.125360
0.166150
0.303241
0.401670
0.313468
0.208414
0.360748
0.456751
0.269725
0.168253
0.252751
0.376190
0.095695
0.113026
0.120766
0.123246
0.112585
0.096718
0.082278
0.075130
0.084090
0.073665
0.080828
0.104662
0.070815
0.103776
0.256325
0.144883
0.264389
0.334993
0.248119
0.246571
0.215826
0.321679
0.348057
0.227651
0.488259
0.275697
0.135399
0.097114
0.056046
0.075932
0.106801
0.070148
0.100875
0.081185
0.177284
0.188725
0.207033
0.407704
0.144289
0.174987
0.205568
0.161626
0.083631
0.099434
0.131912
0.224402
0.108964
0.226998
0.100344
0.150025
0.250091
0.086144
0.082286
0.069193
0.088211
0.093381
0.127226
0.106230
0.152786
0.205457
0.227800
0.209304
0.205157
0.145183
0.106474
0.080568
0.109795
0.084544
0.076476
0.187286
0.210112
0.210083
0.122147
0.104312
0.135372
0.099530
0.090352
0.079504
0.100422
0.109934
0.120522
0.068762
0.245892
0.104418
0.202264
0.211185
0.196921
0.159430
0.254212
0.220179
0.074644
0.055898
0.078688
0.146973
0.260183
0.352839
0.261341
0.272034
0.183808
0.086788
0.097660
0.100172
0.071305
0.106530
0.097862
0.073373
0.157380
0.151223
0.216829
0.271582
0.208978
0.162001
0.087707
0.095959
0.088304
0.072914
0.128399
0.183886
0.130237
0.336512
0.121394
0.161833
0.123335
0.108827
0.101233
0.083358
0.079364
0.062411
0.060624
0.077962
0.297595
0.239809
0.174858
0.169764
0.128008
0.218659
0.115570
0.134010
0.165392
0.342234
0.193952
0.252397
0.247287
0.120621
0.361175
0.377426
0.204716
0.115514
0.115144
0.089911
0.069841
0.099494
0.110399
0.094999
0.116708
0.123332
0.312417
0.405556
0.328640
0.106212
0.159793
0.076931
0.147374
0.098666
0.052040
0.150428
0.144234
0.084220
0.078900
0.068866
0.109336
0.063477
0.086992
0.149429
0.101456
0.056423
0.108635
0.099952
0.112562
0.165466
0.341683
0.081359
0.110154
0.131733
0.162041
0.100706
0.059830
0.093748
0.082105
0.082253
0.101344
0.106959
0.174006
0.118840
0.210237
0.110226
0.125067
0.066860
0.101101
0.070975
0.073512
0.110072
0.171491
0.264518
0.208014
0.176351
0.186967
0.201877
0.084960
0.063860
0.101655
0.056955
0.252871
0.195006
0.426968
0.359997
0.464359
0.359640
0.161016
0.113641
0.088816
0.092452
0.080118
0.054273
0.066757
0.121201
0.173904
0.197717
0.074343
0.077866
0.094957
0.120208
0.101578
0.093293
0.125800
0.249795
0.125550
0.177421
0.332081
0.310478
0.227685
0.238635
0.168900
0.180604
0.088899
0.061985
0.096093
0.102318
0.090360
0.073429
0.136112
0.236660
0.316091
0.121863
0.283052
0.181520
0.074091
0.085992
0.067278
0.082760
0.114871
0.124814
0.283275
0.419428
0.240659
0.218032
0.074446
0.072719
0.057159
0.077273
0.119168
0.066758
0.069597
0.084504
0.148742
0.221225
0.116699
0.101036
0.070762
0.135762
0.257113
0.368900
0.124385
0.180143
0.169442
0.179525
0.287896
0.174910
0.096999
0.149147
0.079898
0.053218
0.070666
0.108829
0.079368
0.070920
0.096560
0.077420
0.185949
0.222339
0.157271
0.090909
0.134064
0.243176
0.266396
0.100018
0.181292
0.301928
0.232685
0.113886
0.247867
0.109342
0.074671
0.188585
0.110068
0.058828
0.103215
0.055313
0.086878
0.054082
0.104134
0.106139
0.133843
0.094433
0.150047
0.215104
0.299730
0.194487
0.159412
0.169181
0.277090
0.195099
0.158127
0.136891
0.206442
0.213513
0.088495
0.130051
0.153614
0.088121
0.119451
0.045155
0.095776
0.069067
0.158157
0.154631
0.093447
0.202733
0.407416
0.258315
0.204393
0.480031
0.459599
0.516619
0.159191
0.351138
0.270780
0.088689
0.214961
0.085139
0.140764
0.269036
0.146000
0.083970
0.089454
0.121240
0.230457
0.171865
0.227167
0.071573
0.092151
0.330958
0.091820
0.140518
0.080469
0.076880
0.115248
0.145478
0.228444
0.287546
0.171735
0.310574
0.169230
0.240051
0.174483
0.214793
0.228211
0.071174
0.073855
0.043856
0.075468
0.080530
0.087379
0.147011
0.267502
0.145962
0.053576
0.265049
0.093538
0.146474
0.271923
0.174311
0.271453
0.395088
0.198190
0.341230
0.190765
0.134589
0.270013
0.141323
0.126625
0.188418
0.077478
0.057638
0.061123
0.117894
0.111409
0.066100
0.174917
0.145828
0.089997
0.114479
0.107146
0.297646
0.210145
0.302067
0.349574
0.407140
0.628442
0.317428
0.221808
0.291732
0.137073
0.169449
0.112416
0.103002
0.105592
0.048018
0.069914
0.126864
0.092228
0.083730
0.165088
0.180455
0.149901
0.140716
0.194968
0.157055
0.234799
0.149630
0.097658
0.291632
0.245009
0.283328
0.081499
0.101290
0.143337
0.228598
0.067460
0.131886
0.070252
0.085235
0.076845
0.071011
0.145430
0.093486
0.233851
0.342043
0.081180
0.106228
0.072108
0.155382
0.097438
0.130377
0.144726
0.233305
0.468813
0.100651
0.176888
0.219224
0.158302
0.175077
0.313048
0.095121
0.137210
0.085898
0.101575
0.092178
0.186772
0.303856
0.174816
0.299170
0.143501
0.259794
0.174252
0.079719
0.100158
0.118816
0.097601
0.096086
0.258149
0.259999
0.106171
0.187692
0.141695
0.095948
0.074663
0.102584
0.085213
0.071174
0.065529
0.082295
0.174553
0.137903
0.072085
0.074834
0.189576
0.177477
0.189641
0.591237
0.374803
0.289845
0.148105
0.088048
0.105204
0.095788
0.100943
0.073973
0.071151
0.091039
0.085364
0.169190
0.109365
0.079069
0.080987
0.082570
0.043175
0.047180
0.169454
0.174990
0.101499
0.196069
0.099443
0.096736
0.209621
0.139372
0.218503
0.110871
0.139538
0.133062
0.122086
0.129914
0.290806
0.112074
0.150150
0.101989
0.057881
0.076702
0.077128
0.174222
0.135966
0.192854
0.230918
0.360943
0.196408
0.196082
0.123431
0.102546
0.251740
0.088094
0.100689
0.236473
0.122554
0.111509
0.148724
0.177679
0.232116
0.211531
0.093201
0.082459
0.086890
0.064260
0.070764
0.072872
0.198112
0.070448
0.144661
0.075481
0.158303
0.161774
0.140654
0.368736
0.497466
0.495293
0.324374
0.217809
0.436866
0.100129
0.100321
0.103531
0.121118
0.100378
0.237860
0.151769
0.101147
0.060794
0.068272
0.087634
0.206199
0.092805
0.154644
0.258632
0.190996
0.063151
0.092233
0.235666
0.120697
0.145091
0.097302
0.176633
0.336944
0.144876
0.149311
0.278773
0.168184
0.243406
0.335088
0.267531
0.102839
0.072700
0.098228
0.106688
0.112883
0.138685
0.097776
0.203396
0.218357
0.111463
0.101208
0.133329
0.246960
0.128815
0.102354
0.080233
0.154237
0.133166
0.154292
0.264373
0.097139
0.148865
0.082590
0.054277
0.064638
0.078803
0.126778
0.151835
0.199765
0.120576
0.105412
0.331846
0.090075
0.222636
0.149536
0.162027
0.150761
0.156922
0.263697
0.241483
0.145969
0.203854
0.211805
0.218168
0.123373
0.149723
0.074786
0.091574
0.062478
0.121675
0.127874
0.095101
0.157796
0.105044
0.123738
0.140528
0.124976
0.151011
0.073108
0.149578
0.341349
0.182279
0.441155
0.373536
0.315745
0.337737
0.381450
0.258533
0.260820
0.104481
0.134039
0.139434
0.101871
0.105954
0.219163
0.488124
0.248585
0.112488
0.192476
0.199408
0.074186
0.129244
0.107601
0.083645
0.192956
0.114121
0.149039
0.149335
0.094260
0.211620
0.207328
0.166591
0.245460
0.083408
0.291336
0.155040
0.086685
0.093537
0.107893
0.078979
0.236756
0.098410
0.110191
0.369604
0.148296
0.123296
0.112547
0.224085
0.141667
0.081689
0.113876
0.272340
0.100742
0.082355
0.155747
0.153300
0.117775
0.130466
0.262957
0.102413
0.086495
0.110617
0.082385
0.106876
0.121266
0.070724
0.154923
0.373908
0.301347
0.123710
0.123145
0.367664
0.481163
0.355003
0.104006
0.196116
0.146750
0.277856
0.427076
0.535711
0.449584
0.270967
0.116355
0.142519
0.075667
0.087087
0.085540
0.144360
0.146580
0.105868
0.213762
0.430640
0.170570
0.159844
0.084008
0.226455
0.271794
0.246665
0.167775
0.163826
0.330297
0.280694
0.310146
0.230412
0.412977
0.516333
0.094182
0.079359
0.101714
0.117344
0.085846
0.082991
0.112389
0.073101
0.157218
0.308260
0.139924
0.192357
0.075271
0.260888
0.450211
0.334328
0.220644
0.714521
0.301910
0.668538
0.379810
0.679627
0.400578
0.312042
0.217338
0.169322
0.096107
0.113251
0.083903
0.091719
0.159166
0.148517
0.106135
0.397245
0.244635
0.296247
0.404035
0.377499
0.251682
0.228931
0.307675
0.278942
0.257380
0.083463
0.211920
0.103987
0.108900
0.083536
0.111156
0.148896
0.116650
0.123175
0.090171
0.142058
0.094793
0.079049
0.133918
0.289024
0.121462
0.217173
0.140264
0.263903
0.263360
0.136765
0.106250
0.140293
0.069964
0.076408
0.168184
0.298386
0.294174
0.285695
0.273939
0.133615
0.066253
0.109169
0.062801
0.073053
0.105481
0.101338
0.136144
0.203845
0.155069
0.148218
0.295155
0.212342
0.145596
0.147190
0.155916
0.147379
0.159192
0.206995
0.190310
0.322740
0.256458
0.264783
0.145248
0.219446
0.192253
0.177712
0.099289
0.118927
0.211302
0.117101
0.181838
0.190136
0.317557
0.199587
0.167454
0.156741
0.192064
0.112411
0.063212
0.160149
0.079131
0.141341
0.253772
0.131829
0.115198
0.106585
0.180741
0.057409
0.088033
0.070348
0.052963
0.078845
0.106112
0.050090
0.087068
0.311377
0.073085
0.106521
0.143591
0.109880
0.216484
0.115590
0.132551
0.169153
0.179861
0.110641
0.088675
0.186158
0.313495
0.194380
0.113172
0.079303
0.087161
0.102501
0.065049
0.110257
0.081562
0.091346
0.254926
0.234503
0.204593
0.159308
0.266163
0.135478
0.156150
0.087313
0.180538
0.343640
0.163187
0.458011
0.177051
0.319056
0.132720
0.116168
0.195237
0.084693
0.108334
0.053269
0.060372
0.212511
0.116626
0.065545
0.142157
0.176267
0.084394
0.092596
0.113446
0.189991
0.221479
0.311354
0.350075
0.235187
0.078445
0.198455
0.175042
0.246134
0.183181
0.565601
0.089783
0.144888
0.072170
0.093117
0.082548
0.061979
0.096523
0.126388
0.071471
0.130538
0.155084
0.134698
0.113133
0.052856
0.095868
0.334874
0.442747
0.305223
0.135899
0.069942
0.080922
0.125248
0.081910
0.112710
0.048989
0.048315
0.083158
0.078589
0.077720
0.097738
0.164784
0.095448
0.105999
0.106600
0.107440
0.269303
0.458296
0.245113
0.550524
0.601641
0.614353
0.472607
0.506791
0.373077
0.179026
0.139970
0.211432
0.232297
0.306048
0.127969
0.141279
0.186369
0.108155
0.105877
0.150387
0.170504
0.104252
0.195058
0.145275
0.110213
0.119574
0.136752
0.159158
0.172278
0.264556
0.274134
0.226800
0.409121
0.715057
0.464539
0.386686
0.265421
0.136953
0.066600
0.093573
0.092707
0.093700
0.072662
0.148322
0.119986
0.144175
0.138534
0.136544
0.121587
0.227216
0.158167
0.134707
0.097566
0.139363
0.087810
0.141049
0.148348
0.088954
0.080163
0.141596
0.179992
0.115189
0.135984
0.091238
0.103553
0.056378
0.078076
0.168056
0.123165
0.111482
0.299619
0.140934
0.167961
0.210121
0.291350
0.122210
0.188572
0.545214
0.175068
0.224585
0.183209
0.252340
0.228783
0.314516
0.069401
0.086913
0.085932
0.092075
0.077840
0.063289
0.060840
0.121021
0.168280
0.169632
0.229725
0.125843
0.122105
0.120965
0.080609
0.077053
0.147214
0.221372
0.200170
0.236605
0.176323
0.171697
0.180975
0.101040
0.164135
0.161892
0.060345
0.086614
0.114156
0.079068
0.090533
0.099684
0.107419
0.144713
0.315950
0.141935
0.152734
0.131650
0.092034
0.158968
0.120129
0.178864
0.205050
0.315974
0.492744
0.262714
0.387877
0.729913
0.273504
0.155949
0.220465
0.102532
0.106529
0.093903
0.111188
0.121031
0.164922
0.128683
0.127580
0.271048
0.287676
0.162912
0.214708
0.270766
0.372835
0.198103
0.234253
0.098133
0.159347
0.218175
0.224903
0.084145
0.230142
0.492596
0.357313
0.084502
0.083709
0.084802
0.108792
0.126234
0.090613
0.092207
0.094246
0.089920
0.222716
0.508696
0.339398
0.400222
0.106016
0.066182
0.069028
0.217031
0.160676
0.202920
0.251556
0.186375
0.159366
0.264343
0.099496
0.127779
0.055696
0.057938
0.079590
0.073948
0.156459
0.278891
0.338759
0.179335
0.071523
0.090624
0.175679
0.225963
0.101251
0.187434
0.207157
0.327003
0.182064
0.242366
0.108361
0.171407
0.197287
0.153912
0.087132
0.111549
0.061548
0.084800
0.062969
0.166155
0.143792
0.159791
0.285747
0.068231
0.130632
0.090682
0.093739
0.125816
0.147236
0.078474
0.123823
0.084965
0.228744
0.239296
0.312060
0.282935
0.139423
0.196068
0.222473
0.101092
0.089328
0.106914
0.076056
0.094124
0.235964
0.133113
0.378992
0.242881
0.139150
0.229287
0.140870
0.331721
0.285995
0.147860
0.190502
0.084531
0.110786
0.161969
0.278531
0.202533
0.090878
0.228924
0.104567
0.099311
0.102851
0.177704
0.192597
0.220223
0.201178
0.352730
0.353142
0.184518
0.170892
0.143640
0.130265
0.187747
0.216744
0.112855
0.100533
0.126176
0.131554
0.341543
0.398478
0.273467
0.278245
0.149851
0.152333
0.174959
0.143234
0.149539
0.102220
0.131656
0.120027
0.168695
0.193209
0.090460
0.088793
0.157528
0.112072
0.144079
0.208474
0.138518
0.183948
0.254715
0.178297
0.162611
0.229784
0.377651
0.173679
0.274971
0.106200
0.206519
0.137411
0.172804
0.122267
0.221675
0.308958
0.271524
0.280275
0.509332
0.568101
0.618422
0.661493
0.416629
0.425815
0.502664
0.395500
0.199908
0.335456
0.319290
0.245464
0.164149
0.217898
0.180275
0.088356
0.167692
0.049073
0.100899
0.069803
0.070921
0.327532
0.139533
0.129307
0.315415
0.210698
0.493606
0.215695
0.160399
0.108467
0.104985
0.144780
0.184115
0.208648
0.411853
0.129545
0.323689
0.236526
0.162141
0.219769
0.196757
0.317253
0.219054
0.138444
0.083504
0.127645
0.408997
0.527883
0.158184
0.123864
0.246665
0.102077
0.159697
0.271524
0.156987
0.186837
0.268317
0.180733
0.557728
0.573905
0.470806
0.352259
0.298996
0.204182
0.145080
0.091877
0.100543
0.145153
0.145591
0.166036
0.159119
0.160050
0.090454
0.121307
0.111344
0.143816
0.253403
0.130023
0.127560
0.156913
0.220069
0.244459
0.307724
0.223142
0.365213
0.558769
0.568828
0.315639
0.177375
0.075811
0.113918
0.114655
0.143274
0.172684
0.168448
0.218271
0.242442
0.213066
0.240406
0.205190
0.329705
0.587603
0.243475
0.249910
0.185830
0.107355
0.134833
0.086981
0.225874
0.170386
0.266378
0.146818
0.110038
0.096152
0.229944
0.135320
0.096170
0.083907
0.222897
0.254979
0.203672
0.232213
0.176363
0.250571
0.197300
0.185386
0.267860
0.119216
0.193265
0.327432
0.262683
0.452915
0.140122
0.104728
0.204477
0.114416
0.110907
0.125085
0.131063
0.174461
0.096079
0.085974
0.191459
0.272733
0.061988
0.126503
0.134678
0.161538
0.091864
0.131356
0.082302
0.128244
0.224269
0.344589
0.242865
0.241337
0.397514
0.384212
0.558976
0.223841
0.172592
0.178850
0.191474
0.125209
0.116822
0.252576
0.253602
0.115208
0.292191
0.310649
0.504340
0.355620
0.146475
0.419240
0.184825
0.331137
0.292790
0.161775
0.287199
0.124300
0.088585
0.142400
0.097808
0.211476
0.138630
0.131632
0.163840
0.102949
0.184657
0.093593
0.186233
0.156226
0.193010
0.254548
0.517681
0.122416
0.471800
0.535234
0.227274
0.220793
0.364873
0.482045
0.289572
0.295020
0.503873
0.267871
0.397343
0.200088
0.197749
0.257863
0.222022
0.231982
0.176795
0.187570
0.280559
0.354029
0.341812
0.413530
0.333301
0.311004
0.270082
0.233916
0.220104
0.457504
0.272600
0.351787
0.310728
0.365117
0.419012
0.318282
0.295306
0.336772
0.304908
0.178682
0.230196
0.173129
0.171976
0.252762
0.319532
0.401634
0.554226
0.558120
0.622047
0.193682
0.242442
0.470049
0.273712
0.246568
0.223407
0.199455
0.265199
0.232418
0.370462
0.457617
0.227240
0.266828
0.354035
0.119456
0.113890
0.115766
0.102190
0.175049
0.179744
0.578140
0.417600
0.551524
0.486170
0.572839
0.469818
0.207845
0.364511
0.269015
0.261957
0.367313
0.604196
0.478096
0.372297
0.626529
0.183770
0.307491
0.129756
0.135767
0.142005
0.131971
0.170600
0.139765
0.230728
0.504717
0.162275
0.188219
0.258687
0.168041
0.329182
0.156292
0.193104
0.237310
0.160208
0.240044
0.256692
0.180806
0.164210
0.334715
0.141911
0.160310
0.192880
0.146041
0.097740
0.145094
0.128310
0.156909
0.225839
0.212616
0.282415
0.173082
0.131663
0.242730
0.371926
0.279801
0.104914
0.085111
0.448806
0.199009
0.272663
0.234669
0.318209
0.296662
0.321764
0.167891
0.157761
0.109981
0.123033
0.113299
0.082050
0.108131
0.106055
0.341693
0.228337
0.152613
0.469035
0.207444
0.463084
0.468459
0.307710
0.572764
0.297545
0.406347
0.294966
0.164898
0.331396
0.591200
0.463710
0.391474
0.288065
0.114668
0.094599
0.203264
0.133910
0.107827
0.113167
0.176675
0.341711
0.311881
0.293790
0.406046
0.359297
0.345950
0.195697
0.199389
0.275746
0.113894
0.408415
0.207164
0.233983
0.347585
0.193164
0.102078
0.124533
0.133645
0.117583
0.095699
0.100671
0.167896
0.213921
0.573052
0.323503
0.226878
0.203852
0.261933
0.439522
0.358403
0.310799
0.303644
0.291185
0.169107
0.187337
0.365335
0.152608
0.249089
0.272327
0.147160
0.123696
0.125525
0.123396
0.141576
0.101131
0.138367
0.215729
0.331130
0.234804
0.206823
0.209942
0.204564
0.333480
0.173653
0.155180
0.157660
0.190612
0.221690
0.235709
0.132247
0.159401
0.399070
0.206297
0.157573
0.104011
0.143555
0.101430
0.089171
0.103736
0.178674
0.269593
0.388256
0.252539
0.383532
0.269185
0.311098
0.424162
0.101704
0.125960
0.153091
0.213644
0.345091
0.593019
0.448717
0.598586
0.532921
0.468944
0.278465
0.206643
0.257624
0.302191
0.188919
0.163513
0.247878
0.341191
0.364336
0.328940
0.176177
0.140049
0.168334
0.171732
0.097520
0.416563
0.174556
0.392429
0.360010
0.281925
0.125419
0.182459
0.132742
0.173219
0.146538
0.077335
0.072111
0.103631
0.086782
0.092797
0.094539
0.238753
0.188392
0.273356
0.382577
0.150510
0.187993
0.397202
0.344312
0.389536
0.292624
0.264917
0.367725
0.394305
0.388098
0.373963
0.397769
0.163774
0.187846
0.113860
0.101722
0.160902
0.188837
0.168484
0.197971
0.229177
0.113674
0.110039
0.192091
0.291596
0.337058
0.681225
0.210479
0.151772
0.208018
0.199566
0.143757
0.183891
0.263121
0.409006
0.354298
0.210388
0.151250
0.278169
0.290969
0.255234
0.128957
0.152733
0.159732
0.145813
0.286592
0.210494
0.321358
0.343709
0.317505
0.397148
0.286104
0.247442
0.171139
0.326623
0.245192
0.223898
0.152287
0.128240
0.142142
0.160620
0.166839
0.174490
0.127095
0.102765
0.130111
0.085134
0.209949
0.336794
0.319532
0.278444
0.189477
0.431659
0.323018
0.260207
0.232462
0.235622
0.292428
0.325267
0.172512
0.313556
0.261348
0.499527
0.458910
0.463505
0.338026
0.213171
0.202976
0.151467
0.169765
0.165423
0.153541
0.253661
0.427333
0.123884
0.107544
0.082237
0.095811
0.214398
0.155289
0.097649
0.149432
0.118096
0.290514
0.114415
0.120573
0.349724
0.236260
0.169491
0.331043
0.198008
0.172147
0.136618
0.111796
0.128164
0.129089
0.109564
0.408269
0.197813
0.107069
0.325638
0.165071
0.138233
0.165114
0.135549
0.108797
0.183880
0.237143
0.194406
0.289675
0.159266
0.253993
0.242429
0.280730
0.136052
0.117653
0.133368
0.166399
0.170420
0.196935
0.314546
0.278353
0.224871
0.373366
0.465320
0.436932
0.473693
0.373669
0.291694
0.282692
0.287020
0.293649
0.360532
0.435014
0.351358
0.296058
0.416865
0.327157
0.179682
0.214075
0.194247
0.258660
0.210744
0.216554
0.269562
0.382871
0.421869
0.304891
0.260320
0.567916
0.315970
0.161553
0.214591
0.219809
0.216792
0.347172
0.467827
0.603597
0.550551
0.585737
0.223208
0.390899
0.318230
0.176630
0.254695
0.261353
0.250619
0.251559
0.296176
0.398538
0.547009
0.826268
0.324965
0.231018
0.221402
0.357930
0.563843
0.385750
0.386300
0.210985
0.300591
0.203797
0.250042
0.154940
0.176732
0.250742
0.157565
0.138862
0.280141
0.264608
0.225709
0.278298
0.330055
0.202598
0.283870
0.521430
0.417995
0.427970
0.195877
0.396936
0.377820
0.260800
0.430571
0.354849
0.356660
0.281145
0.477059
0.252582
0.229403
0.265893
0.340855
0.136982
0.296735
0.215290
0.163555
0.155587
0.159311
0.310635
0.343586
0.271801
0.189892
0.181473
0.326063
0.343588
0.311715
0.250952
0.408024
0.545148
0.475294
0.367388
0.471942
0.404603
0.259530
0.142969
0.158586
0.188418
0.186323
0.195896
0.210535
0.151246
0.224482
0.306149
0.519236
0.238909
0.352638
0.175838
0.477584
0.318081
0.266752
0.291091
0.236148
0.780425
0.507187
0.667854
0.473369
0.402820
0.637237
0.319706
0.165896
0.239001
0.214596
0.157645
0.181125
0.219453
0.207122
0.149505
0.326101
0.260439
0.166084
0.237158
0.386323
0.405744
0.182984
0.271271
0.170340
0.237340
0.681203
0.659273
0.425845
0.307369
0.277281
0.402732
0.313191
0.174763
0.125331
0.123384
0.135299
0.193914
0.255023
0.347152
0.360460
0.340877
0.171958
0.346444
0.382777
0.306900
0.430953
0.334742
0.379121
0.290952
0.303928
0.471844
0.281441
0.169274
0.187469
0.359485
0.180464
0.162154
0.188725
0.175286
0.128384
0.169193
0.385325
0.463618
0.275684
0.575457
0.521539
0.370777
0.811457
0.572495
0.377824
0.349638
0.451762
0.693914
0.519568
0.746031
0.459813
0.581776
0.266883
0.302084
0.284848
0.193312
0.203701
0.136404
0.115985
0.263147
0.260718
0.303475
0.402682
0.419862
0.691301
0.794911
0.355871
0.478057
0.383246
0.466436
0.434220
0.401793
0.624623
0.573269
0.362171
0.321998
0.309328
0.456400
0.659273
0.201656
0.235704
0.181993
0.294534
0.290378
0.266185
0.236826
0.365012
0.712261
0.583950
0.520849
0.675077
0.377123
0.629210
0.410392
0.468935
0.395932
0.248245
0.449639
0.457035
0.412699
0.276991
0.299163
0.234385
0.232534
0.273317
0.205298
0.287806
0.289373
0.357101
0.531929
0.463077
0.437805
0.358811
0.358807
0.386764
0.274796
0.151844
0.295133
0.338841
0.314741
0.563439
0.512891
0.357644
0.239506
0.450587
0.320892
0.186648
0.167867
0.178643
0.267600
0.322496
0.280091
0.186074
0.418989
0.392822
0.249696
0.293639
0.361421
0.529713
0.528516
0.379546
0.393307
0.489502
0.499948
0.459902
0.350255
0.459205
0.525061
0.387300
0.275964
0.258052
0.231929
0.168408
0.175616
0.153865
0.203288
0.216745
0.269304
0.295133
0.170894
0.168292
0.228466
0.228523
0.250941
0.144827
0.183177
0.358581
0.504376
0.437514
0.475118
0.672201
0.460256
0.156835
0.232962
0.122069
0.174976
0.295568
0.275268
0.273633
0.368095
0.294233
0.454545
0.418336
0.258901
0.189422
0.325432
0.272761
0.304581
0.258392
0.245996
0.287975
0.402011
0.257142
0.355870
0.378953
0.255635
0.235024
0.235507
0.260677
0.177533
0.137281
0.201914
0.205218
0.263844
0.217142
0.359046
0.235599
0.318957
0.233015
0.322562
0.728476
0.524153
0.475568
0.489199
0.471861
0.514375
0.562192
0.390162
0.584971
0.474508
0.392899
0.206564
0.283003
0.201818
0.232954
0.304141
0.337602
0.359345
0.211903
0.314338
0.259420
0.349282
0.326354
0.375245
0.312132
0.601870
0.457065
0.270621
0.354851
0.626224
0.451237
0.762203
0.437393
0.286344
0.275645
0.196300
0.118242
0.173811
0.129349
0.110590
0.156559
0.239295
0.301678
0.383196
0.248549
0.194361
0.533453
0.253855
0.457563
0.451882
0.261813
0.288555
0.219165
0.572221
0.381409
0.307019
0.244383
0.231150
0.189646
0.325825
0.131284
0.112142
0.081741
0.106224
0.125127
0.199626
0.370189
0.510059
0.499241
0.322606
0.356865
0.135517
0.162290
0.185131
0.207285
0.176346
0.425976
0.252397
0.578065
0.652323
0.404955
0.356198
0.277707
0.135545
0.153785
0.120230
0.251059
0.213569
0.174733
0.180195
0.186018
0.258420
0.263733
0.167318
0.249872
0.284172
0.201388
0.312962
0.273887
0.292725
0.225718
0.314397
0.461345
0.458222
0.193363
0.418747
0.200733
0.218831
0.167325
0.173767
0.183202
0.202048
0.172316
0.140619
0.154804
0.309612
0.347158
0.207588
0.311814
0.246596
0.328096
0.287523
0.169094
0.251083
0.255430
0.616817
0.634116
0.529785
0.659889
0.443788
0.296445
0.267238
0.203611
0.226646
0.267605
0.297292
0.209502
0.200172
0.198785
0.329580
0.374982
0.276530
0.399554
0.316063
0.372412
0.240939
0.457217
0.366993
0.333631
0.231818
0.529181
0.695055
0.429342
0.655221
0.349814
0.268138
0.198700
0.239466
0.182168
0.161863
0.240630
0.201014
0.236045
0.280250
0.217191
0.324524
0.223390
0.258349
0.368696
0.476628
0.218914
0.346948
0.374623
0.281933
0.300587
0.551089
0.381179
0.147177
0.259352
0.198866
0.158209
0.173772
0.204598
0.129103
0.134891
0.296858
0.161920
0.314839
0.367275
0.349733
0.303021
0.192810
0.277686
0.184623
0.299201
0.194722
0.173791
0.247537
0.416244
0.318146
0.325269
0.178566
0.101183
0.199046
0.241259
0.194642
0.201083
0.186890
0.160216
0.198040
0.176645
0.277758
0.271243
0.423156
0.365516
0.311496
0.305702
0.272450
0.263876
0.294870
0.379300
0.282704
0.297782
0.328984
0.289056
0.232672
0.205011
0.295297
0.077354
0.172072
0.055926
0.077426
0.071925
0.095695
0.116284
0.104679
0.096485
0.204280
0.094994
0.225213
0.172451
0.147580
0.172757
0.159501
0.077801
0.167676
0.279849
0.130312
0.106020
0.136626
0.123169
0.084996
0.112162
0.089118
0.117094
0.064664
0.086633
0.075417
0.166726
0.118802
0.141567
0.299775
0.391421
0.280178
0.492676
0.629138
0.455705
0.383828
0.255970
0.275033
0.441489
0.338145
0.367404
0.262762
0.151778
0.087218
0.169703
0.129889
0.151045
0.181919
0.136759
0.185873
0.100711
0.163319
0.309066
0.226423
0.287219
0.277066
0.268742
0.152201
0.189884
0.190128
0.260598
0.477920
0.781514
0.416520
0.384841
0.395518
0.209198
0.192465
0.136193
0.124767
0.217632
0.134239
0.134770
0.183971
0.155986
0.247320
0.338105
0.293810
0.185837
0.366914
0.270169
0.215024
0.212418
0.259096
0.319321
0.421484
0.741581
0.531192
0.346423
0.251125
0.242561
0.370295
0.138546
0.113064
0.113339
0.161318
0.179745
0.219082
0.239926
0.280464
0.353842
0.304633
0.344490
0.373762
0.262957
0.330944
0.344598
0.259548
0.210493
0.198777
0.214122
0.187151
0.438389
0.359394
0.286870
0.211716
0.147786
0.172076
0.092986
0.154957
0.121535
0.175760
0.244982
0.139659
0.167495
0.467036
0.295427
0.542801
0.504969
0.403321
0.357687
0.455874
0.292271
0.384512
0.384088
0.402630
0.182070
0.194990
0.196934
0.165968
0.162411
0.178377
0.152983
0.141023
0.188068
0.120556
0.156334
0.311812
0.373528
0.300571
0.346211
0.469477
0.538671
0.509268
0.585913
0.588714
0.471700
0.588659
0.485928
0.600230
0.454405
0.469932
0.261107
0.365413
0.240511
0.226107
0.185392
0.200677
0.161008
0.229796
0.273255
0.541646
0.318791
0.393250
0.285750
0.216357
0.299418
0.215655
0.199646
0.391329
0.409298
0.569906
0.490661
0.331412
0.226711
0.385773
0.289409
0.314266
0.374021
0.255584
0.195870
0.148319
0.151816
0.188890
0.127644
0.137075
0.235079
0.406391
0.362319
0.512301
0.659252
0.882354
0.554759
0.431768
0.555383
0.758823
0.465846
0.487900
0.398404
0.419327
0.377786
0.253593
0.265821
0.232734
0.156730
0.245474
0.200921
0.243812
0.255693
0.483994
0.473245
0.399218
0.303950
0.318077
0.412085
0.436879
0.375992
0.389196
0.226733
0.359664
0.742837
0.993479
0.524108
0.433422
0.233843
0.271908
0.266515
0.351413
0.415780
0.387901
0.280360
0.374352
0.252087
0.514935
0.355807
0.386955
0.385432
0.257976
0.425293
0.517589
0.342216
0.481633
0.613444
0.645692
0.518288
0.622161
0.506528
0.460610
0.357628
0.276944
0.372594
0.436546
0.269539
0.380826
0.235456
0.212710
0.258188
0.296267
0.310238
0.310721
0.313865
0.495822
0.250307
0.323930
0.365674
0.308155
0.516269
0.532910
0.636408
0.640012
0.459278
0.279385
0.359334
0.242098
0.195657
0.243158
0.164580
0.157062
0.153780
0.336921
0.304068
0.251872
0.322510
0.376807
0.599207
0.421166
0.624251
0.580376
0.421504
0.374618
0.351834
0.621494
0.493854
0.285390
0.406489
0.378176
0.239551
0.223846
0.345894
0.235185
0.196290
0.284502
0.269906
0.249607
0.160196
0.211220
0.164874
0.286580
0.420839
0.568922
0.574406
0.366925
0.473076
0.351719
0.368338
0.242243
0.316725
0.512132
0.541069
0.810674
0.616400
0.612350
0.310589
0.266145
0.360473
0.304304
0.169656
0.194729
0.279883
0.297297
0.227732
0.286901
0.244811
0.275654
0.396624
0.283889
0.301295
0.274446
0.336777
0.483806
0.937851
0.992866
0.498872
0.412316
0.463925
0.311650
0.244125
0.247448
0.213920
0.200730
0.218052
0.218184
0.300512
0.259986
0.256132
0.369661
0.326176
0.412022
0.439174
0.193903
0.327059
0.316082
0.274738
0.517318
0.577323
0.697512
0.590064
0.529604
0.452267
0.306122
0.306785
0.189209
0.221764
0.235212
0.220237
0.259165
0.400010
0.467666
0.177596
0.377837
0.306004
0.445918
0.465358
0.370462
0.592711
0.481916
0.382082
0.695250
0.746661
0.529864
0.514543
0.393356
0.190348
0.160566
0.224812
0.175189
0.217799
0.199575
0.158688
0.163564
0.338049
0.607916
0.353927
0.378166
0.338898
0.363040
0.382801
0.523409
0.315472
0.292125
0.291973
0.320392
0.402512
0.777856
0.504929
0.228638
0.321627
0.320386
0.175152
0.204439
0.175789
0.141853
0.139457
0.159331
0.175078
0.236503
0.207954
0.268697
0.186679
0.171480
0.169601
0.269282
0.323678
0.135817
0.270687
0.394092
0.601710
0.440901
0.308795
0.268108
0.362611
0.181872
0.207076
0.267477
0.253912
0.164159
0.157813
0.158334
0.210033
0.368881
0.554310
0.359167
0.357154
0.543905
0.571230
0.613495
0.553730
0.895540
0.579105
0.850620
0.448996
0.562686
0.564963
0.547210
0.381996
0.232520
0.245581
0.394123
0.228915
0.184651
0.152335
0.195020
0.286367
0.285198
0.315644
0.246253
0.307635
0.485221
0.426705
0.330251
0.354003
0.538845
0.388123
0.486098
0.626234
0.365787
1.000000
0.565350
0.264618
0.350102
0.330118
0.202096
0.341705
0.261775
0.141274
0.341414
0.298675
0.295823
0.159449
0.244571
0.264461
0.250166
0.411668
0.428159
0.423976
0.437238
0.406305
0.361696
0.655213
0.480521
0.772228
0.728127
0.475648
0.389825
0.391932
0.256257
0.286306
0.145684
0.190343
0.154925
0.454043
0.500560
0.233208
0.390937
0.383488
0.499461
0.683544
0.418487
0.361707
0.351356
0.512023
0.564144
0.686678
0.625930
0.556056
0.515423
0.299591
0.281672
0.386078
0.236544
0.302254
0.232989
0.268341
0.280144
0.342125
0.386176
0.235985
0.268653
0.280362
0.251269
0.249789
0.312036
0.345264
0.409317
0.428198
0.370245
0.360231
0.245162
0.434204
0.486177
0.460797
0.264111
0.406949
0.270745
0.280026
0.204518
0.179798
0.295667
0.373123
0.304777
0.226736
0.271461
0.192973
0.311681
0.225192
0.413220
0.283287
0.327186
0.347909
0.630471
0.650775
0.786876
0.835061
0.388099
0.520626
0.440833
0.391376
0.306126
0.278737
0.283938
0.170188
0.219929
0.273334
0.430038
0.378243
0.240511
0.251621
0.223997
0.393663
0.271644
0.202424
0.329550
0.680717
0.548763
0.662100
0.433747
0.481669
0.315463
0.375184
0.266041
0.264359
0.268137
0.196196
0.154431
0.128160
0.211979
0.211018
0.184387
0.261562
0.380325
0.681570
0.729205
0.886585
0.714151
0.910131
0.799707
0.634400
0.664159
0.744986
0.378445
0.763758
0.327231
0.342952
0.270195
0.440074
0.234759
0.194225
0.338352
0.208008
0.208247
0.227915
0.294019
0.301631
0.344476
0.307375
0.617358
0.704522
0.756366
0.454121
0.684605
0.468285
0.791707
0.620764
0.501455
0.517961
0.388652
0.279413
0.222716
0.296854
0.215470
0.175590
0.279611
0.222902
0.270007
0.263571
0.277544
0.251357
0.178880
0.194707
0.141824
0.153279
0.268961
0.177060
0.282377
0.327268
0.542757
0.463529
0.345109
0.336821
0.308521
0.298794
0.266007
0.282667
0.281586
0.286821
0.220218
0.225507
0.222327
0.201908
0.218149
0.270500
0.278512
0.357761
0.433692
0.227548
0.338457
0.329567
0.292765
0.531071
0.708855
0.636693
0.340400
0.493070
0.434389
0.529453
0.340888
0.329130
0.241754
0.240655
0.286130
0.316641
0.390387
0.352757
0.283082
0.272078
0.286416
0.229978
0.230330
0.188754
0.218304
0.159489
0.203662
0.284071
0.351298
0.499326
0.388182
0.700365
0.593417
0.407423
0.271677
0.211938
0.186533
0.226848
0.161462
0.265180
0.303694
0.227956
0.220085
0.221226
0.365567
0.236808
0.268250
0.422026
0.412859
0.338794
0.376626
0.481973
0.309969
0.360193
0.296881
0.404356
0.294634
0.292758
0.263626
0.226038
0.202257
0.215336
0.191703
0.251585
0.247512
0.306686
0.347526
0.247879
0.371791
0.243850
0.177200
0.327636
0.370472
0.557228
0.578668
0.334892
0.443547
0.427100
0.406951
0.719993
0.495631
0.287423
0.224206
0.288438
0.293561
0.203137
0.286874
0.150743
0.287915
0.250025
0.231743
0.280554
0.298745
0.308859
0.398074
0.205345
0.197951
0.478511
0.282133
0.219609
0.214607
0.438773
0.408207
0.571220
0.413602
0.308834
0.333944
0.294104
0.235974
0.128136
0.200458
0.144234
0.146606
0.255332
0.168914
0.323526
0.518356
0.345501
0.353833
0.318273
0.339948
0.400076
0.412430
0.723587
0.756734
0.889418
0.439978
0.726456
0.451802
0.364998
0.558922
0.344972
0.322179
0.167741
0.147712
0.182652
0.171625
0.331344
0.230962
0.275736
0.326526
0.377755
0.279493
0.342756
0.293792
0.343114
0.402618
0.349518
0.460841
0.608679
0.545876
0.449468
0.310102
0.263369
0.232761
0.343364
0.294976
0.300990
0.196061
0.266218
0.137400
0.298404
0.440291
0.391423
0.253514
0.394717
0.514436
0.722322
0.547355
0.754023
0.453308
0.676440
0.419458
0.503827
0.652968
0.495596
0.489749
0.209424
0.269835
0.135732
0.261038
0.268986
0.204044
0.181246
0.158302
0.132419
0.294618
0.370347
0.375257
0.324243
0.246183
0.446202
0.268650
0.356798
0.441150
0.289033
0.540538
0.444743
0.221935
0.245675
0.151912
0.242968
0.261970
0.202402
0.250398
0.201867
0.226545
0.234580
0.240536
0.206390
0.195646
0.253204
0.258132
0.470333
0.231883
0.416662
0.485918
0.393401
0.428007
0.261231
0.164004
0.350272
0.397774
0.279265
0.253851
0.286945
0.196574
0.266317
0.131059
0.150083
0.127223
0.171218
0.170528
0.366966
0.354218
0.229718
0.160231
0.136245
0.156650
0.162038
0.295555
0.238346
0.177844
0.184055
0.277724
0.267146
0.121282
0.267726
0.351708
0.220235
0.155856
0.177710
0.255104
0.152587
0.159721
0.170419
0.288004
0.235519
0.271330
0.198891
0.204358
0.294932
0.319003
0.155094
0.175365
0.217537
0.213851
0.136975
0.302201
0.257659
0.452469
0.293129
0.142157
0.180395
0.165502
0.176161
0.152957
0.120387
0.170890
0.167375
0.223901
0.181301
0.195424
0.210842
0.285418
0.172934
0.221251
0.247958
0.205798
0.276852
0.256487
0.340600
0.357120
0.587282
0.503004
0.415247
0.350969
0.201332
0.203184
0.155293
0.264559
0.225164
0.185196
0.228828
0.260038
0.303687
0.142211
0.156356
0.315747
0.172559
0.252382
0.188379
0.299890
0.309303
0.229136
0.343031
0.311490
0.487145
0.321729
0.226711
0.322439
0.599203
0.161425
0.298134
0.165388
0.149356
0.145866
0.146924
0.194480
0.214418
0.266494
0.262733
0.413053
0.189672
0.234940
0.297215
0.229581
0.362472
0.480293
0.401331
0.348512
0.364426
0.223330
0.335029
0.202245
0.206992
0.264512
0.185489
0.181216
0.108485
0.170800
0.204653
0.205013
0.332381
0.177638
0.216822
0.190529
0.203378
0.217828
0.227172
0.240979
0.157380
0.172626
0.167571
0.290973
0.367832
0.250159
0.425185
0.579754
0.207815
0.174570
0.218938
0.256632
0.248279
0.133543
0.235313
0.199481
0.301743
0.348475
0.279215
0.247239
0.167345
0.335106
0.323218
0.489457
0.441023
0.797038
0.294804
0.279737
0.502426
0.309115
0.581285
0.324769
0.384598
0.149410
0.175336
0.180921
0.203238
0.252337
0.252106
0.185409
0.223251
0.216044
0.209110
0.445628
0.250176
0.184603
0.151137
0.235601
0.242026
0.321836
0.239492
0.424950
0.395210
0.583617
0.181001
0.200237
0.131894
0.181683
0.163841
0.170484
0.183580
0.136494
0.123004
0.162306
0.133195
0.192369
0.298708
0.237772
0.210569
0.267933
0.185668
0.315706
0.269785
0.222937
0.125759
0.181629
0.183443
0.287010
0.321905
0.342581
0.258301
0.160720
0.148865
0.121316
0.207556
0.152085
0.164138
0.188133
0.164369
0.100465
0.162502
0.176879
0.273363
0.366552
0.495621
0.502507
0.366042
0.420870
0.511036
0.425800
0.319464
0.201967
0.172246
0.252531
0.257498
0.217998
0.205027
0.235538
0.151178
0.177801
0.113352
0.166606
0.193579
0.172352
0.143316
0.323970
0.314079
0.260233
0.197766
0.300099
0.342933
0.224695
0.216017
0.318832
0.154523
0.161438
0.151341
0.263997
0.249436
0.166457
0.227303
0.157665
0.164578
0.177953
0.167111
0.180372
0.130993
0.192378
0.516499
0.331508
0.217070
0.170081
0.316006
0.359771
0.249894
0.176194
0.248951
0.186202
0.248971
0.456988
0.218944
0.255187
0.308321
0.270451
0.204887
0.153680
0.091551
0.167093
0.157392
0.224837
0.295520
0.237471
0.333612
0.227115
0.242084
0.182231
0.562454
0.364436
0.252768
0.255321
0.302298
0.276955
0.140644
0.185163
0.225273
0.184570
0.256458
0.215891
0.192577
0.234698
0.194661
0.227177
0.156933
0.186848
0.180227
0.356202
0.386518
0.220135
0.499180
0.254686
0.295855
0.383557
0.440067
0.423514
0.393762
0.310372
0.377778
0.204569
0.250497
0.198793
0.305352
0.157504
0.148582
0.145674
0.126214
0.152866
0.178002
0.268374
0.124154
0.294942
0.348079
0.382087
0.256433
0.268587
0.188236
0.229953
0.306250
0.322269
0.163797
0.352616
0.421602
0.306348
0.266131
0.329497
0.260920
0.306389
0.097383
0.109797
0.249548
0.113332
0.164640
0.152753
0.166848
0.156301
0.224461
0.239576
0.230713
0.223542
0.309518
0.152137
0.219944
0.196681
0.284042
0.390210
0.235869
0.307776
0.285379
0.250781
0.475852
0.203333
0.171440
0.440082
0.242773
0.142821
0.163280
0.129175
0.159721
0.135419
0.256971
0.292457
0.274263
0.395264
0.371911
0.339918
0.262762
0.445948
0.318734
0.507702
0.406506
0.338535
0.505114
0.443320
0.382575
0.302884
0.196881
0.179808
0.168394
0.117526
0.133881
0.119403
0.195931
0.187797
0.290317
0.263854
0.380230
0.159921
0.300346
0.306708
0.165023
0.342518
0.240656
0.388269
0.308239
0.441172
0.277181
0.175758
0.261750
0.157580
0.096432
0.155085
0.075284
0.089776
0.088119
0.153080
0.187449
0.167403
0.274353
0.263901
0.160669
0.115296
0.227827
0.190627
0.269312
0.133221
0.216402
0.293015
0.500971
0.472191
0.171258
0.223944
0.191741
0.076176
0.078792
0.099021
0.076208
0.069354
0.092225
0.097239
0.361985
0.226580
0.310867
0.165178
0.333055
0.597086
0.677470
0.315097
0.250782
0.205922
0.311435
0.389340
0.357254
0.331564
0.189548
0.280456
0.215423
0.158995
0.118794
0.097188
0.083317
0.122809
0.099081
0.157075
0.215255
0.184678
0.192387
0.198718
0.201308
0.123208
0.240430
0.194100
0.164098
0.158411
0.135094
0.270815
0.292946
0.102754
0.170703
0.256713
0.230199
0.181145
0.116658
0.121279
0.197514
0.158279
0.153164
0.191876
0.141283
0.201554
0.227559
0.265867
0.206058
0.253666
0.179465
0.180394
0.373671
0.390850
0.292258
0.229010
0.312524
0.178971
0.164115
0.146571
0.264462
0.083803
0.128950
0.157726
0.127204
0.295207
0.109493
0.149369
0.139457
0.115295
0.119903
0.418736
0.362985
0.197116
0.498998
0.227607
0.267267
0.300829
0.231654
0.199387
0.265114
0.311676
0.243230
0.247196
0.298135
0.247790
0.253827
0.321671
0.143270
0.185992
0.162499
0.147830
0.219384
0.182548
0.181005
0.284711
0.624899
0.315419
0.301743
0.622212
0.347905
0.311655
0.163192
0.188932
0.179424
0.152074
0.134008
0.168996
0.206603
0.183630
0.157096
0.150184
0.105503
0.172039
0.159012
0.178640
0.131136
0.205307
0.108739
0.119341
0.120836
0.168159
0.245102
0.251052
0.193829
0.148916
0.169840
0.255278
0.251669
0.186187
0.202223
0.358129
0.239211
0.082281
0.141719
0.106454
0.117805
0.084690
0.299257
0.102202
0.091412
0.239233
0.114855
0.075309
0.086228
0.155852
0.118705
0.307224
0.249024
0.173159
0.191735
0.132057
0.154869
0.286627
0.219628
0.307498
0.146786
0.132730
0.159995
0.146274
0.090481
0.137554
0.129820
0.114819
0.176439
0.248371
0.103711
0.124072
0.081578
0.171264
0.194240
0.204068
0.166697
0.302432
0.242880
0.480401
0.732519
0.651443
0.537060
0.525914
0.257907
0.116732
0.111662
0.074018
0.070606
0.108141
0.089813
0.151622
0.135158
0.253603
0.094233
0.137942
0.097327
0.104839
0.154027
0.182314
0.427672
0.216447
0.108648
0.190520
0.162861
0.237937
0.311881
0.145083
0.140488
0.176125
0.124365
0.117417
0.129246
0.241545
0.162058
0.132667
0.260879
0.269195
0.171588
0.104301
0.096912
0.157591
0.132204
0.195876
0.208393
0.152894
0.449060
0.237737
0.327049
0.168963
0.223487
0.198275
0.130056
0.126508
0.119429
0.226621
0.143702
0.123524
0.112077
0.162929
0.166367
0.158328
0.126012
0.214209
0.566969
0.673040
0.610082
0.517722
0.597541
0.590701
0.520988
0.392986
0.304620
0.249675
0.124512
0.109525
0.129001
0.073621
0.166895
0.144867
0.127938
0.092425
0.082884
0.157350
0.139468
0.168373
0.239124
0.261809
0.382809
0.377928
0.275745
0.473873
0.281611
0.411523
0.362024
0.265840
0.278515
0.268281
0.420901
0.217464
0.205473
0.146376
0.267306
0.187887
0.113776
0.097164
0.148190
0.145870
0.107011
0.159260
0.386730
0.527321
0.212154
0.538858
0.355404
0.397680
0.398788
0.522538
0.147196
0.330133
0.513569
0.337114
0.537670
0.358174
0.130895
0.076860
0.109417
0.081772
0.130757
0.125324
0.085037
0.131771
0.114784
0.173228
0.134139
0.084621
0.115750
0.112852
0.121085
0.106581
0.168710
0.167513
0.256919
0.426331
0.290199
0.679265
0.304204
0.294270
0.130620
0.066975
0.109064
0.074668
0.100901
0.102281
0.098656
0.186038
0.135258
0.220308
0.097117
0.134924
0.107486
0.153384
0.127897
0.150639
0.267858
0.188484
0.128849
0.148690
0.118117
0.092289
0.223311
0.118132
0.133375
0.088096
0.122053
0.130919
0.113904
0.092519
0.077550
0.119257
0.175807
0.234921
0.109538
0.051828
0.109167
0.154290
0.140984
0.132726
0.170383
0.153604
0.297997
0.236258
0.223425
0.301849
0.402393
0.208296
0.162540
0.159058
0.163352
0.142865
0.127775
0.089044
0.071571
0.100470
0.324821
0.292034
0.146014
0.063515
0.068159
0.146731
0.093083
0.136911
0.218281
0.157194
0.214450
0.335478
0.337458
0.191866
0.275491
0.188205
0.098294
0.097913
0.123594
0.111869
0.140408
0.139063
0.097146
0.102665
0.078918
0.058715
0.213700
0.265389
0.313994
0.339444
0.243608
0.250944
0.200037
0.380753
0.363597
0.093434
0.305369
0.588415
0.502584
0.532249
0.266893
0.228483
0.194072
0.240921
0.099868
0.135643
0.138036
0.199983
0.116456
0.176231
0.175138
0.209277
0.299007
0.237540
0.156050
0.233719
0.314425
0.356432
0.331875
0.250757
0.403633
0.343727
0.384878
0.340860
0.255996
0.171513
0.164739
0.107146
0.071344
0.104859
0.095347
0.163976
0.214689
0.334043
0.124037
0.093433
0.167404
0.163275
0.327237
0.201639
0.309022
0.512823
0.661245
0.387230
0.504119
0.235947
0.386742
0.300590
0.202721
0.089360
0.092721
0.089056
0.095004
0.150871
0.114282
0.219841
0.167705
0.225548
0.123044
0.100989
0.129104
0.081321
0.151676
0.275318
0.196435
0.267468
0.217090
0.267673
0.425785
0.191513
0.298057
0.251712
0.246900
0.135593
0.219746
0.162730
0.164750
0.279078
0.161733
0.275304
0.213013
0.184362
0.161775
0.193223
0.245730
0.632412
0.889155
0.363257
0.360716
0.345605
0.219384
0.291310
0.208661
0.291864
0.315217
0.295157
0.160760
0.159564
0.132275
0.160706
0.119870
0.120169
0.116736
0.143138
0.185470
0.396552
0.114418
0.089843
0.120335
0.195172
0.267539
0.208846
0.276938
0.191153
0.212064
0.358046
0.273763
0.354825
0.244439
0.191631
0.137483
0.086573
0.133518
0.133267
0.128151
0.253797
0.191846
0.130475
0.125943
0.491474
0.172505
0.121125
0.137335
0.190479
0.303572
0.136856
0.108076
0.120774
0.327894
0.436559
0.386327
0.476594
0.306293
0.118511
0.311214
0.166969
0.086196
0.077868
0.135510
0.080926
0.159875
0.201472
0.224201
0.190517
0.188323
0.296894
0.216666
0.406755
0.307640
0.302313
0.361489
0.341725
0.408921
0.408415
0.293116
0.303629
0.158214
0.267671
0.295779
0.179140
0.123835
0.101718
0.106546
0.088427
0.095819
0.106815
0.086733
0.057663
0.089735
0.201699
0.247093
0.358970
0.117871
0.131212
0.213814
0.166125
0.152452
0.106574
0.139592
0.167450
0.336644
0.199912
0.307195
0.457477
0.255072
0.248323
0.148055
0.104555
0.105337
0.136640
0.133246
0.215403
0.167477
0.150461
0.124842
0.213257
0.308637
0.294530
0.264747
0.262417
0.262482
0.631472
0.679514
0.358370
0.541129
0.476732
0.220542
0.160144
0.133363
0.094753
0.089852
0.076249
0.073148
0.092721
0.208939
0.260883
0.130262
0.069172
0.129439
0.096633
0.162889
0.073955
0.150353
0.154000
0.138090
0.197168
0.422569
0.210987
0.243202
0.277372
0.277535
0.199295
0.138864
0.086595
0.113495
0.126818
0.137499
0.254404
0.225199
0.249317
0.131003
0.099687
0.113618
0.121163
0.207571
0.176534
0.131765
0.254481
0.216777
0.339997
0.226218
0.143671
0.182944
0.221538
0.103400
0.118049
0.120918
0.171997
0.150111
0.088382
0.128458
0.079034
0.101798
0.200934
0.128061
0.057527
0.064228
0.123272
0.218421
0.209858
0.268986
0.374481
0.367185
0.189431
0.363036
0.263774
0.437653
0.483631
0.351468
0.164499
0.080666
0.111999
0.110692
0.259384
0.089997
0.182004
0.159343
0.386940
0.428293
0.326211
0.154631
0.256608
0.359933
0.262163
0.359434
0.387873
0.331001
0.403389
0.341470
0.358809
0.339498
0.303825
0.214356
0.286689
0.169281
0.113433
0.150858
0.088727
0.104381
0.115359
0.080734
0.092359
0.303215
0.282080
0.386722
0.336042
0.464760
0.692959
0.562588
0.534610
0.666384
0.423923
0.361220
0.266149
0.326682
0.345015
0.302477
0.198641
0.133453
0.116257
0.124045
0.071461
0.128305
0.090867
0.167105
0.149000
0.206916
0.297038
0.181993
0.222601
0.499262
0.464276
0.418602
0.227930
0.194203
0.270095
0.288663
0.249429
0.342518
0.327691
0.174586
0.186021
0.106580
0.095279
0.081199
0.123581
0.106692
0.162444
0.166023
0.243219
0.162902
0.140480
0.191148
0.158263
0.134391
0.099139
0.113888
0.123086
0.412683
0.180461
0.202946
0.335562
0.324729
0.268588
0.174335
0.122479
0.074656
0.082345
0.078034
0.093329
0.062128
0.063095
0.083599
0.246367
0.128496
0.091295
0.080647
0.166352
0.278588
0.226968
0.171304
0.221626
0.230793
0.097318
0.288575
0.251975
0.179681
0.194893
0.335510
0.146919
0.118719
0.068717
0.072848
0.074982
0.068904
0.137541
0.064019
0.237351
0.078461
0.254671
0.324157
0.197846
0.378451
0.210225
0.143874
0.135799
0.364073
0.276706
0.174680
0.081128
0.103454
0.128311
0.123016
0.075455
0.067022
0.067673
0.047859
0.057135
0.054592
0.060907
0.073885
0.138652
0.102970
0.184671
0.250703
0.061171
0.163731
0.136146
0.152068
0.217389
0.328763
0.244419
0.584534
0.317573
0.230629
0.215111
0.132466
0.064551
0.091687
0.055892
0.042380
0.061646
0.043591
0.113071
0.056251
0.129606
0.132639
0.093390
0.077790
0.084759
0.124044
0.104494
0.173954
0.116842
0.113182
0.092763
0.221453
0.186032
0.088481
0.118437
0.120867
0.175062
0.054058
0.058655
0.045057
0.063843
0.082276
0.080352
0.053729
0.107438
0.262947
0.340643
0.265924
0.222593
0.296822
0.158333
0.095267
0.157257
0.314421
0.162973
0.284687
0.363442
0.260284
0.325488
0.282904
0.136173
0.081976
0.073063
0.110231
0.082783
0.138479
0.213198
0.130189
0.153724
0.209624
0.337156
0.305212
0.418650
0.260586
0.381708
0.444970
0.417388
0.207255
0.393998
0.631100
0.364817
0.499781
0.264035
0.220836
0.090547
0.094284
0.104460
0.070776
0.107076
0.059552
0.161819
0.110316
0.296982
0.168646
0.149110
0.167846
0.331738
0.522543
0.156070
0.153139
0.142917
0.214644
0.224391
0.116402
0.095958
0.098724
0.190086
0.109770
0.140475
0.174589
0.116936
0.160864
0.105752
0.104631
0.185330
0.124098
0.181098
0.108814
0.097969
0.117901
0.083719
0.086730
0.111160
0.221539
0.146147
0.153180
0.220565
0.509485
0.177079
0.217007
0.125661
0.104742
0.116874
0.060985
0.059242
0.097115
0.099938
0.058541
0.221776
0.153692
0.146480
0.052397
0.062211
0.126372
0.155711
0.211886
0.159802
0.196692
0.124554
0.089016
0.035716
0.200238
0.164718
0.182393
0.130353
0.137921
0.089736
0.097330
0.179968
0.178206
0.080804
0.076448
0.141081
0.139950
0.149810
0.100629
0.099514
0.083428
0.041504
0.048930
0.043382
0.054404
0.081221
0.061269
0.149321
0.255047
0.165339
0.164301
0.106859
0.159071
0.106527
0.108964
0.052089
0.077494
0.077430
0.055249
0.118165
0.149094
0.394823
0.165996
0.128957
0.052466
0.132231
0.150146
0.143166
0.101239
0.103695
0.185245
0.275499
0.297481
0.314040
0.195810
0.193904
0.087467
0.107372
0.100440
0.093687
0.048739
0.069475
0.061446
0.082184
0.095072
0.064141
0.101764
0.182471
0.270457
0.168981
0.163365
0.287011
0.142920
0.105460
0.094254
0.151530
0.124418
0.143991
0.107696
0.094092
0.161751
0.118728
0.125309
0.124645
0.084101
0.081004
0.112521
0.090595
0.063143
0.136457
0.174451
0.182289
0.058457
0.212442
0.149178
0.234788
0.296640
0.272160
0.133083
0.147522
0.096009
0.107997
0.209013
0.105344
0.108389
0.065063
0.067808
0.119361
0.090391
0.083772
0.121446
0.126919
0.055138
0.187299
0.043412
0.179008
0.228393
0.135580
0.293469
0.168893
0.080015
0.096250
0.129806
0.209017
0.328303
0.374262
0.116149
0.097205
0.176608
0.086043
0.080012
0.083980
0.080401
0.045165
0.056162
0.038169
0.075477
0.182511
0.090050
0.082786
0.117304
0.179013
0.093047
0.096727
0.069663
0.059457
0.093779
0.076739
0.454135
0.258450
0.314078
0.198305
0.103260
0.055651
0.034374
0.046277
0.042936
0.086544
0.069626
0.115757
0.088724
0.197280
0.060837
0.181495
0.222821
0.160032
0.267708
0.085130
0.190344
0.286017
0.187956
0.210665
0.283277
0.330663
0.195117
0.156362
0.078789
0.062389
0.085489
0.089445
0.055879
0.071151
0.073835
0.071027
0.203542
0.125897
0.078902
0.147571
0.250736
0.226685
0.088282
0.212160
0.103768
0.111634
0.129795
0.220571
0.284032
0.591262
0.174223
0.341324
0.080478
0.077472
0.089984
0.114355
0.211071
0.077693
0.082434
0.135810
0.161776
0.125161
0.117638
0.110000
0.189606
0.179701
0.134227
0.112118
0.134843
0.241935
0.130428
0.066868
0.086699
0.229051
0.237375
0.269995
0.149414
0.059638
0.186074
0.100887
0.110662
0.064597
0.065005
0.067361
0.058030
0.070744
0.231303
0.404586
0.321803
0.144709
0.120149
0.071622
0.050483
0.102175
0.075167
0.101516
0.128391
0.090347
0.156078
0.307669
0.182282
0.129155
0.099555
0.091817
0.085790
0.081437
0.044136
0.074186
0.085661
0.166711
0.345635
0.590736
0.473918
0.442066
0.298050
0.633777
0.312726
0.155312
0.184712
0.126574
0.222613
0.118401
0.201184
0.165729
0.162255
0.089631
0.079217
0.108053
0.086360
0.064259
0.060057
0.147189
0.123143
0.084598
0.081840
0.037508
0.057697
0.215615
0.142394
0.089606
0.091192
0.096891
0.048855
0.076385
0.228014
0.273110
0.383401
0.324167
0.160855
0.137629
0.132486
0.113058
0.116699
0.064597
0.044827
0.138414
0.085471
0.075665
0.101740
0.126124
0.207960
0.147348
0.153940
0.168232
0.202780
0.325659
0.327767
0.126975
0.453405
0.461366
0.261409
0.240593
0.276611
0.152991
0.088765
0.094116
0.093177
0.146596
0.128856
0.139543
0.157130
0.194065
0.066079
0.094463
0.144561
0.162097
0.117128
0.186542
0.415098
0.301681
0.257070
0.293257
0.315008
0.336772
0.244333
0.092463
0.121034
0.060787
0.059843
0.083472
0.051581
0.078469
0.156952
0.151433
0.140323
0.195626
0.298503
0.064830
0.131155
0.112623
0.099745
0.096487
0.066645
0.060205
0.080971
0.250501
0.261784
0.697690
0.480069
0.163250
0.215566
0.060691
0.061524
0.066007
0.063453
0.084599
0.091428
0.108695
0.147662
0.225369
0.266560
0.192337
0.263522
0.119872
0.064577
0.046071
0.106368
0.106108
0.090725
0.116716
0.132369
0.145029
0.313349
0.393572
0.097006
0.137168
0.143707
0.214086
0.136316
0.130421
0.095743
0.139535
0.078521
0.116170
0.100136
0.277665
0.393252
0.462401
0.357863
0.218472
0.193283
0.177807
0.253034
0.297411
0.461320
0.214652
0.199777
0.164564
0.170199
0.171733
0.123568
0.181085
0.176161
0.125042
0.376105
0.084715
0.107385
0.111627
0.159857
0.322954
0.272589
0.146091
0.122552
0.186560
0.188838
0.108916
0.043351
0.095761
0.202538
0.152287
0.294537
0.232296
0.085051
0.128115
0.155878
0.157638
0.434957
0.136676
0.114361
0.100586
0.117439
0.204888
0.121512
0.246572
0.256862
0.175356
0.402922
0.374439
0.441941
0.525939
0.166952
0.200865
0.199830
0.226168
0.250228
0.192017
0.094964
0.095686
0.056834
0.090287
0.076528
0.051690
0.045900
0.084381
0.097581
0.079521
0.059771
0.242134
0.071094
0.111992
0.121362
0.066064
0.094643
0.043322
0.044388
0.075186
0.124511
0.166717
0.149803
0.160812
0.068161
0.063257
0.083217
0.065857
0.074212
0.064678
0.047658
0.062640
0.061736
0.125701
0.156042
0.142810
0.159702
0.157263
0.243858
0.389554
0.256963
0.447292
0.068302
0.300426
0.222688
0.166958
0.423397
0.441475
0.096910
0.087365
0.061368
0.091311
0.070869
0.138458
0.091628
0.091908
0.176970
0.207613
0.249890
0.112743
0.395088
0.075469
0.058054
0.062127
0.224506
0.298917
0.256599
0.246415
0.307426
0.270396
0.279318
0.246830
0.115367
0.169408
0.159410
0.096420
0.100946
0.089105
0.098189
0.085132
0.393874
0.290801
0.112412
0.131922
0.315542
0.207015
0.197808
0.151619
0.132342
0.092098
0.259264
0.111877
0.116234
0.094222
0.129180
0.099631
0.116458
0.096313
0.098733
0.153304
0.069429
0.067732
0.094475
0.083481
0.144167
0.088460
0.199937
0.247069
0.302995
0.494333
0.349818
0.169045
0.070551
0.085710
0.070074
0.116444
0.205445
0.218325
0.242769
0.106427
0.109232
0.090718
0.070356
0.076338
0.048775
0.084545
0.090174
0.108706
0.069453
0.090383
0.239393
0.269634
0.237880
0.155991
0.134484
0.159590
0.204192
0.273354
0.202157
0.207996
0.187649
0.147706
0.234220
0.248022
0.216239
0.225070
0.121269
0.169618
0.114341
0.097003
0.109523
0.085854
0.165484
0.202141
0.133647
0.188788
0.150969
0.172926
0.348514
0.291751
0.294371
0.433805
0.251024
0.482795
0.444091
0.261583
0.283655
0.322281
0.129227
0.154821
0.084473
0.158851
0.142610
0.153922
0.093614
0.075247
0.152865
0.174272
0.143334
0.216795
0.174681
0.127133
0.159723
0.163361
0.155795
0.134916
0.098454
0.119964
0.194153
0.181008
0.196226
0.278803
0.115747
0.097251
0.063607
0.183392
0.085972
0.069899
0.073697
0.065806
0.112337
0.142808
0.157146
0.170909
0.184797
0.205331
0.076036
0.107083
0.139626
0.329873
0.161785
0.264347
0.379351
0.313122
0.273569
0.309050
0.082718
0.094587
0.065519
0.052387
0.073163
0.088203
0.067444
0.125778
0.177790
0.113002
0.287342
0.364228
0.098648
0.168884
0.183442
0.110739
0.102704
0.259587
0.468253
0.279987
0.423358
0.271330
0.303381
0.428609
0.120973
0.126457
0.059101
0.064593
0.052615
0.287542
0.231469
0.073585
0.218139
0.166059
0.093108
0.083716
0.141919
0.267788
0.172725
0.119089
0.068330
0.143204
0.060604
0.086063
0.097591
0.187485
0.167524
0.362451
0.159863
0.207303
0.128189
0.116540
0.084477
0.090477
0.070738
0.099619
0.102723
0.062790
0.238062
0.238709
0.451441
0.450386
0.299327
0.334665
0.080281
0.123564
0.079980
0.214929
0.095385
0.078927
0.176085
0.261866
0.172851
0.063939
0.080686
0.075537
0.095978
0.114715
0.100392
0.052919
0.106757
0.132020
0.344087
0.142283
0.132518
0.167822
0.096230
0.111553
0.153161
0.136755
0.127733
0.155378
0.118375
0.293606
0.321331
0.167597
0.146665
0.111340
0.090602
0.111472
0.105833
0.148163
0.080395
0.053131
0.082356
0.167531
0.155077
0.135327
0.163118
0.160084
0.249936
0.160612
0.114833
0.082846
0.103513
0.071759
0.199701
0.382232
0.474971
0.233631
0.357237
0.114044
0.143466
0.139665
0.098797
0.070105
0.057821
0.084351
0.164818
0.170552
0.268221
0.248175
0.214056
0.111214
0.430853
0.277339
0.266919
0.182739
0.396652
0.211539
0.139618
0.241502
0.473093
0.201206
0.246420
0.083108
0.098221
0.069778
0.081664
0.067394
0.042540
0.048073
0.118021
0.125886
0.161916
0.164832
0.188899
0.302302
0.178124
0.458998
0.290513
0.132302
0.171950
0.228744
0.254168
0.435573
0.453141
0.258720
0.116780
0.105762
0.096494
0.134025
0.109904
0.099003
0.078319
0.073141
0.128277
0.209414
0.385471
0.285982
0.280444
0.240837
0.076235
0.099278
0.108493
0.099675
0.069097
0.056145
0.102317
0.079629
0.138974
0.154161
0.396600
0.227577
0.241476
0.113565
0.080577
0.115683
0.105843
0.080994
0.133536
0.141545
0.137966
0.132836
0.143869
0.269120
0.183394
0.291954
0.161137
0.350015
0.221029
0.198096
0.335227
0.209137
0.291337
0.122622
0.159071
0.187775
0.140114
0.068773
0.093716
0.077043
0.070319
0.144181
0.136342
0.194669
0.160354
0.139646
0.169964
0.244753
0.165215
0.174644
0.124089
0.172147
0.240340
0.247011
0.379486
0.384464
0.267656
0.150210
0.357241
0.239514
0.053817
0.092227
0.144132
0.072358
0.105029
0.091749
0.097349
0.131393
0.298260
0.419631
0.372290
0.399497
0.374964
0.297087
0.346789
0.373101
0.259749
0.227566
0.356678
0.184144
0.097357
0.220203
0.181027
0.096789
0.102635
0.052951
0.066674
0.097846
0.145028
0.088940
0.127526
0.142895
0.209431
0.271584
0.144072
0.491781
0.367171
0.175803
0.731423
0.250456
0.408536
0.146641
0.285933
0.292625
0.286505
0.154569
0.290804
0.156076
0.132608
0.086298
0.084588
0.057255
0.159067
0.081133
0.098457
0.117758
0.163940
0.101620
0.173577
0.500284
0.290950
0.164153
0.212220
0.294244
0.081821
0.090980
0.095878
0.351894
0.291229
0.137803
0.296299
0.196630
0.092582
0.124673
0.039753
0.045649
0.044421
0.119795
0.046066
0.201108
0.257837
0.301676
0.252285
0.219405
0.179335
0.121442
0.077802
0.067689
0.162533
0.094589
0.269473
0.188418
0.170421
0.304845
0.184181
0.172418
0.133465
0.093196
0.096529
0.062142
0.051040
0.070656
0.200530
0.169761
0.246185
0.166980
0.139157
0.284758
0.424561
0.652278
0.476008
0.167448
0.200563
0.101815
0.240395
0.374765
0.296955
0.359784
0.169861
0.182229
0.181200
0.085419
0.107211
0.080704
0.055417
0.081639
0.085833
0.129156
0.255007
0.319071
0.215207
0.091585
0.344040
0.273157
0.117310
0.100187
0.126169
0.222644
0.144609
0.505813
0.192541
0.245256
0.308161
0.107760
0.271566
0.210039
0.217012
0.128702
0.123933
0.139638
0.105772
0.253165
0.097211
0.109166
0.247050
0.611320
0.441533
0.439666
0.346280
0.220829
0.266262
0.264139
0.230037
0.292743
0.118273
0.219924
0.171021
0.255821
0.163282
0.195917
0.132762
0.082526
0.076186
0.119224
0.104893
0.090332
0.271561
0.327154
0.417774
0.123163
0.116724
0.057653
0.071732
0.101692
0.102436
0.096153
0.122194
0.224858
0.187487
0.142950
0.184458
0.203228
0.094427
0.100756
0.083836
0.096321
0.122427
0.132411
0.085933
0.210796
0.414478
0.240611
0.303325
0.302634
0.451633
0.255481
0.328782
0.132014
0.285784
0.077602
0.150621
0.490052
0.253044
0.314277
0.303163
0.289899
0.122290
0.111443
0.069182
0.070989
0.149223
0.093156
0.149742
0.400803
0.302809
0.138781
0.142897
0.328183
0.092977
0.110817
0.217203
0.121492
0.071546
0.074700
0.193075
0.407744
0.367676
0.168865
0.169389
0.183605
0.337499
0.126376
0.162396
0.133391
0.093085
0.082405
0.145251
0.184176
0.203195
0.286686
0.534357
0.444161
0.252025
0.419392
0.192265
0.430329
0.287517
0.313194
0.368811
0.293055
0.323211
0.330932
0.233615
0.316186
0.197022
0.133698
0.197243
0.259013
0.208488
0.213939
0.305682
0.187970
0.431621
0.490998
0.472444
0.689294
0.303338
0.391395
0.300252
0.400985
0.263970
0.233365
0.135264
0.186598
0.176552
0.468966
0.478810
0.102858
0.153551
0.198825
0.111859
0.082488
0.120252
0.064880
0.107293
0.235905
0.234985
0.283045
0.157358
0.070853
0.091500
0.174826
0.250846
0.173070
0.138073
0.122641
0.157196
0.261379
0.066128
0.143322
0.126292
0.364250
0.077127
0.073067
0.109735
0.064154
0.093321
0.115056
0.098043
0.120360
0.070691
0.152261
0.267680
0.443324
0.287364
0.352741
0.594183
0.653293
0.203324
0.117074
0.244518
0.213904
0.339253
0.288139
0.114192
0.164674
0.185187
0.069743
0.092900
0.101898
0.138044
0.055698
0.078089
0.098607
0.118742
0.423732
0.442586
0.704507
0.409074
0.232632
0.188678
0.170236
0.132143
0.289577
0.285693
0.222608
0.122992
0.197204
0.324484
0.159497
0.115399
0.086163
0.076553
0.049371
0.098386
0.086626
0.192074
0.162348
0.171382
0.082287
0.163301
0.321957
0.233015
0.152279
0.121539
0.079066
0.062715
0.087543
0.157572
0.162767
0.181837
0.400125
0.420178
0.148035
0.132984
0.052913
0.081618
0.083656
0.056089
0.069434
0.076915
0.140198
0.123233
0.110998
0.226693
0.180397
0.066898
0.165477
0.080308
0.137950
0.129561
0.114528
0.276516
0.394305
0.194442
0.101020
0.202452
0.347995
0.094758
0.072112
0.059759
0.106929
0.105184
0.136008
0.094637
0.095629
0.501706
0.236565
0.094229
0.189520
0.243706
0.199802
0.304026
0.149424
0.112536
0.224592
0.208137
0.329867
0.226732
0.129645
0.227333
0.071912
0.115919
0.077105
0.048043
0.126659
0.124508
0.087763
0.081206
0.068520
0.199502
0.172199
0.225682
0.210713
0.553655
0.223125
0.049809
0.043855
0.070283
0.060529
0.104711
0.289808
0.265743
0.248665
0.243939
0.124995
0.141392
0.195987
0.077900
0.077595
0.065807
0.087243
0.152558
0.221255
0.160004
0.088632
0.130532
0.146749
0.172367
0.235518
0.209657
0.086098
0.050953
0.165742
0.111823
0.364088
0.199839
0.086104
0.124786
0.192179
0.053717
0.112344
0.076426
0.041352
0.070378
0.072201
0.165045
0.284724
0.189938
0.109556
0.212146
0.119400
0.347291
0.173339
0.137395
0.256564
0.220789
0.115255
0.114457
0.195917
0.271512
0.135793
0.183569
0.409795
0.201313
0.212392
0.085569
0.055451
0.075621
0.078680
0.117773
0.074616
0.145584
0.197495
0.147651
0.156863
0.079463
0.059669
0.061922
0.042330
0.076053
0.131575
0.091125
0.376983
0.763490
0.597709
0.183327
0.268198
0.177786
0.110242
0.101754
0.069837
0.064813
0.067815
0.178321
0.068444
0.092854
0.120076
0.239530
0.048341
0.059964
0.152078
0.064222
0.057018
0.059745
0.144160
0.273965
0.261127
0.162234
0.244943
0.256622
0.114236
0.131378
0.100134
0.118518
0.084236
0.093592
0.098625
0.171944
0.188015
0.121734
0.176230
0.116726
0.092845
0.085008
0.128084
0.194105
0.271420
0.065596
0.092570
0.185963
0.275206
0.241137
0.332613
0.224520
0.082872
0.118081
0.075529
0.096775
0.080103
0.064448
0.162863
0.225226
0.127783
0.115966
0.144994
0.158467
0.147184
0.132795
0.306907
0.171679
0.270074
0.175628
0.141276
0.295884
0.205362
0.114250
0.290715
0.338624
0.178376
0.170524
0.060509
0.104378
0.093651
0.062308
0.121601
0.172723
0.182974
0.148501
0.123447
0.297664
0.215704
0.365821
0.223084
0.223058
0.263783
0.170091
0.115209
0.342475
0.171889
0.092141
0.313063
0.212156
0.220666
0.179074
0.078934
0.079068
0.145565
0.089425
0.066985
0.163299
0.124003
0.268708
0.147316
0.210326
0.146014
0.296108
0.118953
0.099338
0.069825
0.236017
0.294513
0.498268
0.334053
0.090750
0.103359
0.093703
0.083173
0.146076
0.124027
0.084292
0.069879
0.071152
0.095707
0.177317
0.115923
0.155178
0.154568
0.215525
0.353358
0.106455
0.124696
0.081263
0.049293
0.077915
0.350259
0.370607
0.365213
0.369579
0.434719
0.230810
0.198760
0.141771
0.086905
0.109921
0.108914
0.118949
0.066880
0.176340
0.092392
0.142134
0.245699
0.379743
0.273766
0.391178
0.237545
0.422910
0.283400
0.123016
0.118298
0.144173
0.453648
0.374851
0.596824
0.231237
0.214050
0.122941
0.102456
0.110702
0.120177
0.117746
0.077299
0.162719
0.145190
0.136443
0.101089
0.252225
0.130912
0.080595
0.274608
0.491445
0.161758
0.202623
0.257147
0.247433
0.484910
0.268253
0.182031
0.216965
0.308164
0.114600
0.094237
0.091122
0.075613
0.155194
0.080828
0.166293
0.134825
0.195669
0.112975
0.105250
0.236298
0.074622
0.216640
0.237237
0.158584
0.045875
0.113409
0.213562
0.155159
0.076480
0.185777
0.344938
0.117950
0.327588
0.074624
0.146394
0.147773
0.108205
0.084267
0.142250
0.097898
0.116768
0.137769
0.213294
0.194187
0.298311
0.320061
0.350955
0.358322
0.428401
0.217153
0.094801
0.172078
0.075592
0.279684
0.147297
0.223184
0.285263
0.088347
0.101988
0.132868
0.086238
0.117064
0.142149
0.162355
0.289414
0.337086
0.141723
0.099543
0.070701
0.133879
0.088261
0.072557
0.218872
0.118989
0.356038
0.324624
0.228385
0.188163
0.124217
0.395324
0.178233
0.091214
0.078770
0.088154
0.098680
0.054937
0.236202
0.112984
0.194615
0.214057
0.137460
0.234584
0.352602
0.466725
0.563203
0.292692
0.189901
0.058750
0.200119
0.308857
0.438089
0.142145
0.400117
0.355201
0.062530
0.095730
0.070666
0.056822
0.072119
0.172595
0.098216
0.114612
0.063211
0.227509
0.141514
0.248562
0.160599
0.205345
0.167286
0.221612
0.240636
0.186068
0.326539
0.485074
0.252502
0.142689
0.466136
0.147895
0.146403
0.083950
0.077362
0.096906
0.103362
0.092601
0.164605
0.093836
0.104337
0.162139
0.218897
0.182595
0.068779
0.062348
0.081862
0.088636
0.120722
0.273563
0.226472
0.159554
0.149497
0.133666
0.153981
0.076883
0.058437
0.225443
0.119157
0.097223
0.071250
0.069794
0.205293
0.084498
0.142103
0.282492
0.363920
0.233135
0.214975
0.260242
0.179047
0.138751
0.089169
0.204500
0.222079
0.515155
0.803511
0.471447
0.355069
0.478813
0.168820
0.085513
0.076780
0.096341
0.075186
0.063975
0.163215
0.183688
0.207219
0.156214
0.140712
0.150260
0.240763
0.283902
0.127893
0.271204
0.135129
0.189827
0.334676
0.344101
0.221475
0.271670
0.408617
0.468115
0.211445
0.060195
0.091970
0.125496
0.089065
0.170728
0.225737
0.100983
0.243881
0.226640
0.176264
0.255514
0.151841
0.078814
0.079719
0.077818
0.169976
0.081259
0.107907
0.189783
0.102043
0.220714
0.277169
0.150591
0.087249
0.099901
0.072616
0.217640
0.094427
0.098021
0.193238
0.087941
0.266288
0.349712
0.196352
0.134697
0.154305
0.298772
0.094425
0.122307
0.253515
0.456776
0.255633
0.208415
0.230040
0.179778
0.130734
0.387281
0.110105
0.083816
0.104649
0.076574
0.052790
0.097777
0.092195
0.131651
0.153808
0.183329
0.193869
0.210017
0.149499
0.115197
0.076123
0.168092
0.383804
0.145630
0.474699
0.221937
0.139614
0.143747
0.234087
0.403394
0.143986
0.307313
0.170457
0.091867
0.088912
0.086246
0.160891
0.099646
0.130739
0.206502
0.347389
0.251985
0.255948
0.447926
0.445011
0.382869
0.452967
0.404990
0.364876
0.358171
0.540239
0.542065
0.308654
0.110738
0.154569
0.087976
0.117382
0.104183
0.084860
0.065307
0.104351
0.169929
0.152753
0.185862
0.325128
0.748465
0.598955
0.552266
0.487564
0.237732
0.194732
0.224999
0.201030
0.256204
0.190015
0.136892
0.213714
0.176028
0.229559
0.125202
0.098848
0.123120
0.092995
0.105990
0.077183
0.096117
0.114955
0.225796
0.231391
0.361030
0.590362
0.696560
0.284820
0.177820
0.337375
0.166493
0.203694
0.326964
0.151076
0.158477
0.206737
0.175659
0.200811
0.115358
0.130017
0.071976
0.063836
0.104417
0.185500
0.107056
0.179366
0.219702
0.216155
0.339892
0.223111
0.463830
0.449226
0.268429
0.130276
0.344908
0.289044
0.236629
0.485595
0.301856
0.239289
0.197201
0.382073
0.150915
0.127609
0.108260
0.107043
0.132836
0.199677
0.131693
0.236790
0.170181
0.171415
0.331370
0.219467
0.221144
0.268144
0.349853
0.260938
0.177329
0.222470
0.620669
0.514111
0.327970
0.365508
0.243231
0.120331
0.142700
0.093355
0.095985
0.081651
0.084040
0.197890
0.170762
0.125555
0.161225
0.243876
0.235658
0.187889
0.440228
0.393666
0.208234
0.202385
0.114078
0.234137
0.126917
0.075333
0.157128
0.216150
0.198341
0.219225
0.088696
0.098003
0.052521
0.122313
0.050470
0.186123
0.080614
0.137197
0.170663
0.148814
0.126040
0.366484
0.222907
0.149371
0.081466
0.102343
0.092356
0.131067
0.272144
0.199860
0.150190
0.414384
0.508932
0.563749
0.179240
0.147585
0.124421
0.087852
0.077097
0.193649
0.132839
0.196066
0.137710
0.333170
0.255534
0.431002
0.198404
0.154927
0.070668
0.134545
0.195320
0.111511
0.287790
0.267696
0.219381
0.187474
0.148766
0.337778
0.118922
0.176847
0.090945
0.065697
0.116844
0.294209
0.179947
0.360725
0.138001
0.151937
0.116520
0.178930
0.324936
0.293130
0.267822
0.149919
0.115985
0.163365
0.336080
0.245836
0.154041
0.089827
0.106271
0.076065
