0.177644
0.260868
0.325090
0.131037
0.141713
0.147694
0.183229
0.257413
0.215814
0.479097
0.185276
0.142537
0.116254
0.156279
0.155379
0.204279
0.302024
0.215929
0.298301
0.263941
0.291282
0.331768
0.331122
0.166777
0.188381
0.134626
0.103834
0.131106
0.157622
0.117349
0.169359
0.121985
0.116918
0.143075
0.155356
0.186252
0.190884
0.142254
0.172461
0.268724
0.212662
0.494637
0.232442
0.204114
0.314703
0.303992
0.111197
0.211612
0.237167
0.182539
0.105931
0.169710
0.104202
0.186966
0.299155
0.353565
0.291273
0.147233
0.141115
0.172334
0.135301
0.193614
0.175254
0.233236
0.184519
0.179519
0.228634
0.456805
0.347041
0.460694
0.251361
0.370086
0.285853
0.231491
0.197189
0.188020
0.243617
0.279716
0.317348
0.240686
0.243538
0.183210
0.228777
0.199033
0.395491
0.172084
0.243182
0.168570
0.249827
0.277925
0.243096
0.301883
0.215554
0.445734
0.315248
0.252279
0.330150
0.194720
0.197048
0.202134
0.174042
0.266261
0.250242
0.210751
0.160188
0.177918
0.243212
0.342576
0.373693
0.279852
0.242489
0.343365
0.330620
0.460987
0.359794
0.306500
0.552186
0.395058
0.433259
0.322953
0.285657
0.145485
0.184425
0.149414
0.192780
0.150322
0.188013
0.117940
0.123638
0.196766
0.112069
0.175685
0.140667
0.283332
0.172628
0.193936
0.171794
0.173042
0.433971
0.375824
0.518076
0.446003
0.198867
0.173813
0.232994
0.210532
0.180046
0.210053
0.172498
0.113178
0.140132
0.160513
0.166261
0.142020
0.363566
0.463114
0.376776
0.328646
0.142542
0.729362
0.493308
0.388754
0.235226
0.534413
0.579912
0.533216
0.301048
0.291432
0.310135
0.377264
0.187260
0.245504
0.206452
0.236212
0.269724
0.282374
0.253927
0.361562
0.190857
0.354989
0.388670
0.307043
0.559079
0.291049
0.472059
0.554536
0.344197
0.479929
0.290272
0.182779
0.270133
0.374161
0.199063
0.195137
0.279630
0.139211
0.225913
0.200977
0.272719
0.231327
0.155475
0.182377
0.150790
0.142076
0.161207
0.110002
0.163297
0.320321
0.425246
0.224381
0.224711
0.193043
0.311514
0.474274
0.263943
0.336987
0.241278
0.150714
0.141727
0.201858
0.282143
0.188381
0.160734
0.175834
0.262766
0.345225
0.228070
0.127626
0.147070
0.097660
0.127926
0.155295
0.149287
0.110935
0.339985
0.365087
0.647137
0.403045
0.255634
0.405758
0.291120
0.276954
0.214791
0.170295
0.159369
0.261497
0.204102
0.189060
0.180584
0.132914
0.101002
0.116340
0.118464
0.175310
0.195882
0.143378
0.104009
0.298705
0.350380
0.192746
0.267572
0.175490
0.227435
0.165468
0.281010
0.140353
0.179091
0.142401
0.114562
0.147256
0.174629
0.159149
0.182577
0.120131
0.106074
0.158955
0.124601
0.139318
0.210546
0.123648
0.281417
0.198022
0.325666
0.360336
0.367543
0.313090
0.281903
0.205215
0.240008
0.231548
0.182272
0.174636
0.248324
0.173260
0.294335
0.133023
0.089479
0.123619
0.176179
0.136953
0.135400
0.103912
0.112599
0.191394
0.096046
0.174856
0.274165
0.589266
0.353385
0.350589
0.231281
0.220577
0.168048
0.177287
0.148405
0.083586
0.102080
0.144113
0.150845
0.149055
0.148491
0.240602
0.453193
0.305142
0.563621
0.259901
0.144047
0.287766
0.294787
0.286656
0.249851
0.182305
0.168743
0.217348
0.218908
0.180177
0.139108
0.160837
0.208355
0.193874
0.105745
0.143221
0.264455
0.175203
0.176783
0.318600
0.250326
0.329444
0.216413
0.194008
0.174525
0.175123
0.132904
0.191864
0.414308
0.297722
0.239298
0.219000
0.193638
0.274189
0.216162
0.158786
0.135730
0.118405
0.107943
0.147741
0.156888
0.100188
0.109721
0.211830
0.288308
0.448601
0.417248
0.129798
0.350625
0.547542
0.356268
0.361232
0.444535
0.281610
0.202742
0.144511
0.147881
0.222059
0.108830
0.133989
0.119931
0.078734
0.127452
0.123906
0.118345
0.132791
0.260935
0.125809
0.139101
0.227748
0.141325
0.201312
0.171326
0.134475
0.160778
0.135443
0.155668
0.251413
0.118469
0.154882
0.105249
0.124861
0.185212
0.106221
0.121916
0.163818
0.104812
0.156281
0.121065
0.105249
0.116281
0.074396
0.087592
0.085148
0.105654
0.072615
0.095366
0.099194
0.127818
0.113404
0.195735
0.329942
0.375231
0.457177
0.354225
0.191790
0.179782
0.171475
0.086488
0.115440
0.127175
0.120155
0.125037
0.417795
0.207897
0.092875
0.122215
0.102254
0.099525
0.096318
0.074224
0.077112
0.076907
0.125756
0.165546
0.110766
0.116394
0.139103
0.108629
0.299583
0.144565
0.242829
0.094653
0.096578
0.117564
0.154141
0.129669
0.133817
0.085035
0.116220
0.127111
0.149388
0.131094
0.098587
0.096721
0.136505
0.117342
0.118712
0.181097
0.310829
0.191989
0.601450
0.286510
0.269995
0.232064
0.120314
0.081009
0.135231
0.123523
0.103855
0.131122
0.140969
0.096376
0.087290
0.098605
0.112591
0.137064
0.119855
0.118664
0.090085
0.213289
0.110537
0.230904
0.233629
0.351998
0.518856
0.143640
0.144036
0.210346
0.346011
0.150257
0.095872
0.099028
0.112365
0.114860
0.080435
0.126313
0.082590
0.339949
0.224852
0.092821
0.116711
0.263279
0.164207
0.201460
0.116507
0.334569
0.303843
0.157692
0.300672
0.530420
0.564220
0.200759
0.189306
0.114646
0.091526
0.109120
0.125096
0.162477
0.201623
0.120497
0.129646
0.103871
0.127765
0.139235
0.310136
0.269705
0.143831
0.288908
0.209754
0.297474
0.185873
0.181261
0.243637
0.092140
0.124403
0.091005
0.123847
0.096360
0.149939
0.104407
0.096941
0.133087
0.149220
0.198640
0.097483
0.110810
0.172446
0.135328
0.154654
0.152529
0.152555
0.298511
0.244076
0.621782
0.266232
0.194714
0.163440
0.176217
0.239969
0.067009
0.105680
0.144524
0.089078
0.069777
0.091495
0.181623
0.134033
0.119658
0.145646
0.138214
0.098341
0.116064
0.138557
0.121521
0.150850
0.162548
0.181801
0.148587
0.234378
0.142086
0.132149
0.192991
0.243635
0.178520
0.119092
0.138583
0.104650
0.081478
0.116914
0.208389
0.252123
0.131737
0.146429
0.135220
0.113320
0.076931
0.106574
0.307559
0.164137
0.232163
0.317854
0.116991
0.144330
0.409050
0.343377
0.398262
0.156972
0.125602
0.085980
0.168946
0.123222
0.131670
0.142751
0.241346
0.161750
0.092740
0.121862
0.156079
0.142294
0.351836
0.346039
0.424767
0.309018
0.139455
0.105569
0.143477
0.163537
0.184537
0.177058
0.227848
0.368672
0.308931
0.142428
0.097988
0.129573
0.134654
0.171867
0.144517
0.181273
0.173975
0.111914
0.143508
0.252513
0.337744
0.182123
0.113077
0.126135
0.090060
0.328850
0.117107
0.185759
0.174355
0.271095
0.183933
0.158063
0.161908
0.156401
0.108082
0.147247
0.155408
0.113123
0.094918
0.077647
0.172076
0.411981
0.450051
0.139676
0.154405
0.107169
0.123713
0.075435
0.130377
0.298809
0.285169
0.183292
0.135632
0.166574
0.181501
0.270702
0.154062
0.159840
0.103272
0.100683
0.131055
0.130052
0.111324
0.205965
0.076563
0.100008
0.132084
0.115534
0.151587
0.175464
0.087901
0.344400
0.311001
0.234270
0.205956
0.181718
0.155179
0.181195
0.146645
0.215696
0.171368
0.095589
0.123542
0.088611
0.099481
0.081106
0.121679
0.158637
0.275426
0.120845
0.105301
0.075703
0.261108
0.101818
0.097581
0.122158
0.106540
0.157256
0.312715
0.320037
0.410699
0.414606
0.084415
0.282520
0.252555
0.087154
0.075282
0.104470
0.160087
0.128498
0.139035
0.118599
0.117717
0.109853
0.125862
0.123894
0.081557
0.142279
0.109936
0.109673
0.146131
0.220725
0.337223
0.220548
0.213116
0.147126
0.131894
0.130591
0.144994
0.291177
0.139698
0.154296
0.090765
0.091852
0.109157
0.300053
0.105925
0.138723
0.130406
0.131859
0.153647
0.174840
0.128039
0.089419
0.102485
0.197648
0.274275
0.368880
0.441393
0.181381
0.133103
0.222117
0.125698
0.175952
0.111677
0.112417
0.108874
0.166876
0.157720
0.088625
0.177626
0.080914
0.122736
0.105401
0.119893
0.129926
0.085345
0.121492
0.142449
0.229866
0.268118
0.250707
0.161413
0.110286
0.152885
0.141481
0.153686
0.163067
0.159553
0.268679
0.135838
0.098176
0.124041
0.128130
0.103721
0.090203
0.109779
0.300045
0.105180
0.074989
0.524704
0.600902
0.471275
0.288146
0.197483
0.188100
0.122345
0.137501
0.361640
0.178788
0.144660
0.132275
0.120613
0.099082
0.090470
0.165561
0.093847
0.081856
0.089959
0.263999
0.158022
0.260957
0.393559
0.525263
0.184589
0.246174
0.224539
0.225041
0.169535
0.259127
0.225930
0.299973
0.247785
0.216782
0.426550
0.114579
0.142733
0.128324
0.105449
0.099038
0.115413
0.407540
0.115222
0.082094
0.123054
0.107458
0.088697
0.070730
0.127225
0.138108
0.054124
0.120895
0.103280
0.155427
0.108055
0.287727
0.192598
0.163039
0.082600
0.090854
0.101223
0.077980
0.128666
0.110881
0.095769
0.114085
0.168811
0.087297
0.135360
0.114418
0.097887
0.093522
0.107046
0.094727
0.118050
0.141018
0.172451
0.673466
0.450278
0.306807
0.180541
0.240576
0.198911
0.125635
0.124815
0.088200
0.147648
0.191118
0.129661
0.131049
0.119370
0.105109
0.105916
0.162637
0.197305
0.126505
0.156214
0.138964
0.094796
0.121061
0.108702
0.240287
0.102360
0.473920
0.308099
0.362793
0.221868
0.199358
0.138970
0.134022
0.098572
0.191143
0.129603
0.211603
0.126930
0.158424
0.115536
0.123779
0.117795
0.082695
0.078406
0.117447
0.126761
0.167257
0.281872
0.243697
0.229436
0.174580
0.142021
0.274272
0.116717
0.143429
0.125626
0.127400
0.131402
0.152431
0.218476
0.173368
0.096375
0.110636
0.121039
0.110189
0.124369
0.065040
0.108772
0.104362
0.134755
0.109785
0.403658
0.178033
0.116804
0.106829
0.256804
0.234872
0.097238
0.076252
0.116150
0.105674
0.061309
0.129287
0.075997
0.117429
0.114221
0.086101
0.164207
0.095178
0.075742
0.142803
0.362298
0.158930
0.217484
0.110627
0.124513
0.126874
0.147893
0.228202
0.103376
0.143146
0.115194
0.085993
0.128379
0.140375
0.125799
0.200265
0.109957
0.133913
0.160507
0.471200
0.371143
0.236267
0.110123
0.095980
0.111805
0.232400
0.166232
0.289669
0.218419
0.203111
0.266334
0.250698
0.113380
0.080259
0.182918
0.106276
0.109824
0.094568
0.084463
0.107222
0.126839
0.194506
0.072578
0.112924
0.108157
0.120272
0.096824
0.309754
0.208944
0.236187
0.211410
0.327492
0.338981
0.118583
0.250479
0.299886
0.449679
0.199250
0.077856
0.106946
0.084758
0.126835
0.123406
0.151139
0.111201
0.124944
0.155851
0.170005
0.060142
0.119020
0.077558
0.104327
0.052815
0.149082
0.113208
0.191722
0.229052
0.112306
0.160595
0.193800
0.085987
0.165356
0.084668
0.108222
0.140946
0.099005
0.093170
0.115955
0.175436
0.210331
0.215441
0.166813
0.068824
0.107333
0.096368
0.097615
0.096330
0.126348
0.111464
0.144194
0.224414
0.193258
0.304980
0.109988
0.260816
0.268863
0.241918
0.194920
0.106668
0.111570
0.166416
0.122715
0.108691
0.227665
0.109791
0.123141
0.093427
0.101204
0.100822
0.097818
0.071020
0.071513
0.089909
0.193063
0.366623
0.347824
0.290095
0.174786
0.142917
0.207904
0.103273
0.160153
0.109946
0.073516
0.129134
0.087235
0.182122
0.086676
0.088497
0.084070
0.090297
0.109613
0.098532
0.060560
0.064437
0.051046
0.071289
0.069023
0.170209
0.136164
0.088371
0.132602
0.129436
0.220256
0.142129
0.092986
0.185403
0.129337
0.103979
0.125079
0.083606
0.127723
0.193062
0.125993
0.317520
0.166185
0.244345
0.312430
0.231451
0.231925
0.611507
0.305266
0.280209
0.186589
0.305326
0.136638
0.180390
0.090275
0.094729
0.108657
0.126976
0.076609
0.126616
0.093519
0.142173
0.089655
0.113604
0.132451
0.116317
0.130296
0.145305
0.168502
0.229929
0.230881
0.261505
0.336296
0.209199
0.387072
0.492139
0.154352
0.294695
0.234675
0.124618
0.100168
0.048480
0.065152
0.157337
0.092803
0.073446
0.144527
0.107616
0.079032
0.214508
0.096760
0.341409
0.257890
0.381847
0.283941
0.416273
0.165360
0.347754
0.230641
0.193105
0.138577
0.228889
0.209532
0.127169
0.297038
0.133261
0.072074
0.083716
0.066139
0.148044
0.075854
0.099407
0.114701
0.078311
0.089527
0.078846
0.075401
0.078370
0.069875
0.065897
0.176278
0.102215
0.228348
0.096941
0.123171
0.110102
0.305046
0.189564
0.123035
0.092241
0.102779
0.110505
0.121040
0.224920
0.157437
0.092895
0.134491
0.113545
0.099712
0.103909
0.127409
0.141225
0.165577
0.237528
0.483375
0.266935
0.104475
0.186346
0.142258
0.478997
0.271887
0.310729
0.101464
0.128974
0.115049
0.071451
0.156920
0.120745
0.258821
0.114254
0.082705
0.105868
0.110688
0.137158
0.087981
0.116919
0.089475
0.128936
0.217309
0.238586
0.149914
0.301424
0.130160
0.082624
0.233570
0.113806
0.090441
0.094937
0.117745
0.083530
0.078901
0.205694
0.120724
0.099470
0.167162
0.108374
0.091250
0.124798
0.199888
0.134832
0.156489
0.129007
0.255435
0.417690
0.176507
0.348481
0.208124
0.185624
0.147087
0.254897
0.200064
0.094555
0.107555
0.152089
0.086069
0.083393
0.095860
0.121862
0.116484
0.116578
0.081164
0.332539
0.704620
0.416716
0.386338
0.156532
0.155388
0.145898
0.349240
0.119228
0.262519
0.133583
0.129621
0.187692
0.234241
0.078227
0.152130
0.095427
0.110706
0.118813
0.101881
0.096277
0.101868
0.376903
0.168288
0.095408
0.199106
0.234831
0.571148
0.284221
0.192254
0.382460
0.319477
0.366959
0.233609
0.216501
0.243943
0.239790
0.097055
0.089308
0.167014
0.118239
0.123620
0.128788
0.242569
0.107567
0.129796
0.066781
0.120949
0.098221
0.082680
0.090962
0.204961
0.348596
0.095645
0.139066
0.109555
0.184115
0.141687
0.228691
0.197700
0.105507
0.102469
0.155346
0.105383
0.093254
0.093886
0.072533
0.131387
0.205155
0.140609
0.116075
0.137899
0.091438
0.161215
0.087786
0.090222
0.090461
0.108850
0.161521
0.330037
0.254311
0.178490
0.133533
0.341229
0.105053
0.174734
0.089544
0.099776
0.087091
0.130795
0.204881
0.112358
0.132059
0.122707
0.154009
0.068701
0.111196
0.092757
0.132669
0.253268
0.304792
0.189163
0.141052
0.194425
0.303984
0.097250
0.160192
0.097785
0.265508
0.139349
0.131467
0.116879
0.076833
0.103343
0.097445
0.316169
0.142984
0.162134
0.124819
0.162450
0.116751
0.126434
0.141205
0.278783
0.114082
0.164351
0.143864
0.170878
0.104739
0.202030
0.130399
0.360431
0.079209
0.134553
0.093390
0.139673
0.150880
0.124564
0.177998
0.263447
0.197053
0.158309
0.105021
0.114398
0.090921
0.149201
0.115972
0.118588
0.138945
0.174125
0.229650
0.153574
0.165882
0.181126
0.102847
0.096043
0.089889
0.269545
0.115625
0.168027
0.129732
0.145416
0.105579
0.158308
0.175808
0.281565
0.481477
0.111272
0.138265
0.265490
0.400047
0.249659
0.220722
0.111029
0.192619
0.120014
0.109472
0.129374
0.140649
0.282130
0.135699
0.151820
0.102434
0.088017
0.113425
0.122262
0.114653
0.135155
0.119713
0.250181
0.127838
0.134858
0.148413
0.158194
0.135901
0.181219
0.103607
0.153706
0.253501
0.290745
0.252292
0.331470
0.282517
0.238981
0.094140
0.126054
0.088322
0.077603
0.095651
0.065693
0.083446
0.154004
0.140119
0.089773
0.079098
0.067001
0.251523
0.206837
0.104321
0.092949
0.380068
0.126063
0.135864
0.437446
0.233849
0.375166
0.162117
0.214218
0.083881
0.102583
0.086336
0.133823
0.107736
0.113643
0.095091
0.084010
0.240473
0.076575
0.094913
0.078984
0.110227
0.068020
0.116179
0.079120
0.144098
0.212322
0.164104
0.444988
0.629707
0.266089
0.133702
0.152654
0.219644
0.321372
0.251922
0.115709
0.137951
0.128603
0.150087
0.123319
0.133883
0.135545
0.131819
0.086683
0.123456
0.075917
0.144977
0.106680
0.072493
0.126401
0.241147
0.183480
0.177564
0.262321
0.153471
0.319098
0.150086
0.102359
0.118562
0.123802
0.124519
0.085595
0.183597
0.279290
0.073513
0.084463
0.113962
0.117121
0.126065
0.136244
0.192196
0.080198
0.116913
0.144305
0.137550
0.173259
0.151704
0.362225
0.195843
0.141367
0.181731
0.121989
0.136130
0.141424
0.103215
0.082305
0.149260
0.112248
0.090395
0.135577
0.134054
0.112656
0.075282
0.149812
0.113710
0.117925
0.119642
0.175747
0.163638
0.189846
0.216901
0.268207
0.131048
0.211106
0.136316
0.106470
0.141769
0.126116
0.110591
0.228270
0.157300
0.193104
0.224963
0.140870
0.151083
0.210243
0.452526
0.179846
0.292906
0.364415
0.326806
0.211459
0.248608
0.174127
0.253508
0.129621
0.130408
0.143958
0.190061
0.145204
0.167086
0.136336
0.080784
0.084611
0.178052
0.103345
0.177119
0.180484
0.326073
0.620696
0.179683
0.547149
0.512880
0.319188
0.215425
0.502313
0.338414
0.235551
0.126617
0.277909
0.278818
0.347783
0.237900
0.113258
0.125727
0.113259
0.097824
0.159733
0.105775
0.086871
0.086591
0.115937
0.125758
0.186669
0.100985
0.211571
0.095049
0.304883
0.146539
0.091204
0.149993
0.157623
0.100328
0.146340
0.137088
0.186293
0.073113
0.128149
0.145618
0.097948
0.124709
0.153460
0.161570
0.163767
0.120025
0.129594
0.137148
0.098597
0.152012
0.074641
0.110957
0.104611
0.082899
0.217017
0.127213
0.141110
0.146734
0.133800
0.371524
0.136291
0.171966
0.152883
0.143061
0.140660
0.100983
0.238057
0.173636
0.107625
0.114832
0.077878
0.149091
0.073846
0.089344
0.108559
0.105238
0.096387
0.182042
0.098832
0.154209
0.304097
0.320083
0.280311
0.313498
0.087710
0.137367
0.140764
0.091622
0.118951
0.098279
0.108202
0.293427
0.143518
0.134711
0.071222
0.092843
0.071082
0.145906
0.098580
0.117123
0.185961
0.293377
0.182188
0.219072
0.192187
0.334343
0.204694
0.162144
0.234463
0.108384
0.089209
0.079486
0.125562
0.138963
0.144279
0.132442
0.130191
0.135513
0.129700
0.101398
0.100004
0.113430
0.118068
0.091017
0.089667
0.266835
0.122888
0.238343
0.331218
0.110109
0.083262
0.191015
0.242903
0.086809
0.103104
0.109845
0.114195
0.153536
0.107730
0.127269
0.314701
0.274742
0.310883
0.246491
0.080901
0.122089
0.047792
0.074768
0.100771
0.121876
0.066810
0.146995
0.097166
0.119695
0.142066
0.265712
0.191968
0.313709
0.167686
0.122629
0.097182
0.074319
0.074278
0.073173
0.088714
0.239450
0.110996
0.139668
0.096581
0.064353
0.081349
0.146965
0.126721
0.104783
0.341336
0.093604
0.253723
0.105082
0.185345
0.682154
0.135407
0.074562
0.112642
0.086335
0.084249
0.106174
0.095507
0.095262
0.109618
0.144387
0.082801
0.226945
0.111414
0.089790
0.229601
0.226808
0.254377
0.193486
0.602521
0.409713
0.297287
0.330854
0.127111
0.112167
0.199279
0.083413
0.069204
0.105690
0.125548
0.113260
0.146233
0.090342
0.077770
0.257311
0.264339
0.258405
0.165440
0.113003
0.095777
0.103348
0.117358
0.253316
0.334535
0.277849
0.152699
0.165061
0.098562
0.167195
0.096350
0.142218
0.197711
0.087811
0.093546
0.135642
0.260792
0.149483
0.198829
0.150430
0.078982
0.086614
0.123346
0.118695
0.077899
0.071802
0.107669
0.284074
0.239097
0.261326
0.109259
0.189724
0.364207
0.395442
0.284875
0.188889
0.097475
0.075893
0.154245
0.129197
0.108959
0.190589
0.098760
0.124503
0.115039
0.109848
0.089515
0.151386
0.123731
0.080111
0.306373
0.160650
0.223384
0.500238
0.201657
0.207217
0.206777
0.362031
0.108907
0.181560
0.140968
0.086105
0.073721
0.176969
0.141298
0.107606
0.095639
0.080055
0.089630
0.069108
0.071488
0.112050
0.093894
0.082172
0.199088
0.210321
0.137840
0.121855
0.158936
0.252870
0.247116
0.274927
0.429396
0.173540
0.269883
0.129809
0.120325
0.091121
0.087065
0.126995
0.113627
0.294017
0.315631
0.358560
0.291389
0.250628
0.380644
0.160950
0.234548
0.307054
0.167794
0.110171
0.104510
0.166629
0.109940
0.229251
0.228566
0.077812
0.110027
0.154887
0.128122
0.098506
0.108060
0.165782
0.371580
0.183775
0.270850
0.126287
0.101964
0.398708
0.237614
0.165074
0.123071
0.148421
0.124954
0.160850
0.280660
0.311063
0.291769
0.238083
0.219731
0.098780
0.105331
0.096956
0.091109
0.112956
0.096591
0.143924
0.083424
0.155607
0.082650
0.073869
0.083458
0.091045
0.137962
0.117549
0.343581
0.345135
0.171217
0.075332
0.301318
0.217095
0.095150
0.161790
0.194101
0.080903
0.067802
0.079076
0.068509
0.101609
0.073067
0.091836
0.204580
0.131299
0.072851
0.051400
0.100497
0.054259
0.061205
0.104298
0.054738
0.085079
0.226130
0.144682
0.194873
0.305140
0.360895
0.217996
0.099816
0.077308
0.061137
0.098203
0.088003
0.085083
0.364835
0.223384
0.068086
0.077265
0.068654
0.143162
0.113745
0.088377
0.054987
0.088263
0.120962
0.148431
0.212894
0.166923
0.369125
0.168665
0.309273
0.231058
0.171415
0.201166
0.110275
0.097747
0.144297
0.090532
0.242735
0.365033
0.095650
0.143242
0.101382
0.264818
0.245118
0.100787
0.198477
0.099376
0.147779
0.204172
0.166465
0.243673
0.202921
0.179873
0.106439
0.146404
0.130534
0.088036
0.111653
0.107163
0.080197
0.087572
0.321486
0.243374
0.090163
0.156743
0.139787
0.108170
0.130615
0.128753
0.140319
0.146255
0.121385
0.185838
0.149954
0.226374
0.174203
0.242543
0.232044
0.233562
0.095021
0.078816
0.104415
0.113687
0.072228
0.269633
0.102185
0.182857
0.117119
0.149612
0.094646
0.066255
0.089305
0.100217
0.079134
0.072291
0.068559
0.093410
0.089363
0.059229
0.149464
0.104619
0.440801
0.076199
0.091536
0.068660
0.060807
0.165680
0.172341
0.118622
0.093841
0.091336
0.092364
0.094832
0.066922
0.111172
0.094003
0.211971
0.096785
0.414733
0.243257
0.204416
0.424487
0.109022
0.186192
0.074177
0.096431
0.254647
0.091852
0.127433
0.088466
0.081616
0.089352
0.096521
0.161684
0.112096
0.096130
0.096282
0.129967
0.103242
0.119745
0.074756
0.142484
0.286214
0.201345
0.317552
0.234266
0.199430
0.219733
0.241503
0.232763
0.364032
0.359664
0.146276
0.072008
0.084308
0.054941
0.098898
0.099872
0.193132
0.184748
0.113883
0.129622
0.082095
0.058265
0.144254
0.058506
0.069287
0.072101
0.094053
0.122604
0.101016
0.083795
0.209992
0.218372
0.106032
0.195126
0.091059
0.078535
0.109971
0.093149
0.106000
0.177462
0.139558
0.150475
0.273066
0.187250
0.086860
0.099261
0.126378
0.065132
0.086463
0.114264
0.326460
0.259863
0.453102
0.288001
0.211649
0.104964
0.163247
0.141756
0.092204
0.073021
0.124787
0.101968
0.131057
0.227824
0.103816
0.077726
0.069361
0.101274
0.096465
0.112577
0.093595
0.236915
0.069906
0.077741
0.052588
0.170305
0.400112
0.211412
0.147198
0.122046
0.331083
0.173693
0.108505
0.088784
0.084160
0.080343
0.111474
0.206096
0.127955
0.105262
0.112795
0.076708
0.089497
0.073914
0.060331
0.112210
0.064106
0.080425
0.134868
0.282872
0.402335
0.661298
0.272935
0.144727
0.089131
0.085153
0.218490
0.087448
0.109647
0.122728
0.101173
0.101846
0.258967
0.249233
0.052276
0.126439
0.075114
0.070388
0.111693
0.116422
0.222781
0.294246
0.575631
0.295226
0.204713
0.181881
0.098753
0.226413
0.143021
0.141134
0.119944
0.097686
0.091542
0.074368
0.069661
0.082632
0.080706
0.100141
0.154354
0.089447
0.251312
0.337711
0.249094
0.119137
0.176913
0.513701
0.156381
0.126283
0.365901
0.290648
0.362826
0.250843
0.137476
0.154413
0.372625
0.076529
0.099277
0.105680
0.101084
0.098628
0.125080
0.093767
0.068259
0.068903
0.118961
0.058213
0.097780
0.112126
0.088180
0.133355
0.138965
0.141868
0.220495
0.163236
0.174492
0.141704
0.365417
0.140126
0.099109
0.054324
0.090110
0.094824
0.093357
0.156143
0.097216
0.223752
0.109048
0.081615
0.052767
0.099870
0.052441
0.055375
0.069080
0.065450
0.129447
0.129769
0.204799
0.259762
0.203856
0.233337
0.434150
0.352097
0.314534
0.112414
0.116221
0.067421
0.063107
0.134263
0.108269
0.087554
0.081271
0.096889
0.080278
0.075762
0.084624
0.084883
0.102123
0.078903
0.130717
0.225710
0.170050
0.156311
0.368500
0.118602
0.094592
0.157518
0.068053
0.091256
0.109829
0.071937
0.093737
0.091671
0.149826
0.061159
0.068315
0.076130
0.099355
0.163466
0.104039
0.080669
0.076700
0.064952
0.074481
0.089943
0.135612
0.265904
0.306735
0.157783
0.068959
0.214764
0.071298
0.113934
0.119409
0.082921
0.087652
0.116566
0.100599
0.076338
0.057581
0.106634
0.064550
0.132621
0.053739
0.040547
0.059106
0.195239
0.091312
0.141175
0.177331
0.297466
0.172504
0.126166
0.091698
0.071697
0.081151
0.076036
0.257469
0.175940
0.260962
0.238983
0.224904
0.113143
0.111188
0.075464
0.097506
0.099199
0.106354
0.104659
0.082269
0.089342
0.084864
0.101672
0.124292
0.123515
0.099031
0.111712
0.084933
0.061199
0.097536
0.053239
0.136001
0.055654
0.095889
0.102611
0.100939
0.065949
0.087644
0.186452
0.228442
0.080818
0.085207
0.095381
0.093956
0.155342
0.109243
0.102479
0.068022
0.251168
0.385212
0.329488
0.126926
0.208621
0.069987
0.092889
0.052373
0.071802
0.087431
0.226974
0.235914
0.086822
0.137433
0.066835
0.150033
0.370253
0.062964
0.259634
0.141823
0.323778
0.057663
0.115400
0.095749
0.092492
0.098705
0.098304
0.295487
0.103008
0.117314
0.083742
0.073697
0.112543
0.054285
0.130348
0.092305
0.431173
0.168566
0.076800
0.064753
0.075973
0.086854
0.076404
0.088622
0.115567
0.104787
0.102830
0.125544
0.359895
0.204393
0.371450
0.238408
0.187215
0.070821
0.058364
0.083662
0.102450
0.077528
0.153404
0.069804
0.063150
0.073440
0.132799
0.095298
0.142467
0.085219
0.121908
0.293141
0.284940
0.155533
0.092150
0.156882
0.332149
0.254436
0.383674
0.210537
0.147745
0.112625
0.108141
0.127520
0.153007
0.160768
0.178081
0.193028
0.121905
0.084578
0.156667
0.169593
0.148102
0.257343
0.239529
0.188891
0.335534
0.320072
0.180998
0.248164
0.189627
0.121981
0.193719
0.221622
0.133870
0.117554
0.100563
0.142630
0.114208
0.128125
0.449050
0.189945
0.119109
0.090927
0.132510
0.079432
0.200426
0.340472
0.230504
0.246408
0.254077
0.221883
0.395303
0.353117
0.179268
0.143815
0.225432
0.248668
0.123023
0.150240
0.093526
0.127658
0.105823
0.099656
0.102024
0.249916
0.299951
0.149860
0.103974
0.074249
0.100391
0.327713
0.336343
0.085703
0.267305
0.150381
0.091715
0.119970
0.127686
0.169614
0.132768
0.439982
0.316470
0.182193
0.135692
0.093593
0.105422
0.080640
0.073271
0.095096
0.141382
0.145969
0.168827
0.079513
0.088205
0.126597
0.330260
0.287923
0.345798
0.152986
0.381568
0.321372
0.382468
0.426906
0.188618
0.143685
0.347353
0.138047
0.122142
0.149049
0.106230
0.105402
0.087547
0.151408
0.088941
0.100844
0.217298
0.074209
0.106193
0.134681
0.104255
0.075379
0.082612
0.119988
0.120351
0.203775
0.165226
0.252073
0.200650
0.265750
0.394618
0.152624
0.084492
0.059654
0.122153
0.096611
0.092868
0.110151
0.198943
0.166155
0.086931
0.082200
0.158250
0.136627
0.059692
0.086474
0.096004
0.107570
0.123078
0.095654
0.176151
0.249502
0.252189
0.163385
0.099197
0.083062
0.115806
0.124781
0.112046
0.092382
0.125751
0.161822
0.072288
0.135951
0.124231
0.102977
0.147751
0.132909
0.102786
0.135908
0.115899
0.115710
0.113695
0.214853
0.271421
0.158802
0.122402
0.206215
0.167984
0.121724
0.096747
0.176717
0.174353
0.102483
0.129149
0.162241
0.113555
0.117653
0.132620
0.088111
0.146854
0.137277
0.132435
0.130075
0.089032
0.253383
0.143813
0.270716
0.454153
0.294965
0.242375
0.413814
0.253958
0.113854
0.099536
0.116163
0.130507
0.136592
0.119831
0.118578
0.139565
0.105790
0.104881
0.126852
0.128886
0.094697
0.079420
0.091138
0.081053
0.136689
0.314958
0.271941
0.280353
0.201358
0.174065
0.162963
0.153507
0.116657
0.093171
0.120348
0.107809
0.088915
0.104295
0.119033
0.136856
0.130737
0.318554
0.310576
0.274980
0.194161
0.122400
0.076930
0.476799
0.185101
0.184950
0.128519
0.232730
0.169182
0.125437
0.093511
0.085003
0.142357
0.107248
0.095094
0.059589
0.090247
0.107626
0.105294
0.076032
0.070113
0.129251
0.227977
0.162280
0.219237
0.293219
0.195933
0.261268
0.239600
0.325518
0.191973
0.149506
0.199061
0.279409
0.185725
0.127834
0.089049
0.120707
0.074751
0.161865
0.064230
0.126257
0.119007
0.109744
0.085301
0.091983
0.056587
0.098987
0.080835
0.054766
0.082757
0.086227
0.076266
0.076977
0.124315
0.322117
0.182857
0.198521
0.267421
0.100722
0.082234
0.105660
0.081794
0.161226
0.186719
0.064344
0.130745
0.308603
0.097515
0.092128
0.088803
0.135574
0.058496
0.083038
0.101773
0.072406
0.110161
0.217952
0.154306
0.503836
0.287532
0.253944
0.410327
0.281770
0.126952
0.107197
0.079451
0.084921
0.054475
0.157871
0.145588
0.109835
0.074214
0.086852
0.059972
0.063354
0.082387
0.057966
0.068077
0.049792
0.082369
0.247610
0.250028
0.087318
0.107630
0.364402
0.136195
0.183179
0.193198
0.101939
0.073504
0.096887
0.134276
0.077063
0.142697
0.081146
0.110649
0.049539
0.076975
0.095189
0.064287
0.083302
0.110574
0.103672
0.077761
0.130964
0.093155
0.098328
0.089776
0.207606
0.110320
0.074159
0.089227
0.070474
0.101640
0.079347
0.063927
0.092326
0.071343
0.137303
0.048413
0.095443
0.068534
0.053332
0.072228
0.045082
0.048764
0.107741
0.069901
0.067148
0.063479
0.093187
0.120064
0.145462
0.159447
0.104291
0.181692
0.147552
0.093996
0.119091
0.081111
0.113136
0.075302
0.123298
0.153305
0.130993
0.255214
0.366004
0.269563
0.453271
0.366839
0.265241
0.128922
0.195600
0.366473
0.381929
0.181078
0.118585
0.093000
0.252557
0.233351
0.051585
0.071115
0.104375
0.049875
0.046477
0.059616
0.179750
0.248961
0.212172
0.189193
0.072497
0.086909
0.147970
0.147291
0.325769
0.461502
0.183184
0.103470
0.254812
0.224503
0.235494
0.230407
0.082469
0.058552
0.118851
0.052575
0.074261
0.059911
0.087153
0.201465
0.230668
0.070991
0.056474
0.260908
0.119972
0.054997
0.076794
0.135513
0.131843
0.162679
0.170726
0.362701
0.139390
0.160760
0.200834
0.358863
0.080744
0.108948
0.085306
0.065719
0.056622
0.085007
0.116655
0.062775
0.198819
0.091494
0.115081
0.136512
0.204658
0.375592
0.375873
0.248139
0.337260
0.262966
0.217638
0.091125
0.129363
0.095815
0.275887
0.076133
0.049829
0.040347
0.094071
0.066246
0.035487
0.051760
0.105262
0.048557
0.061726
0.039493
0.053678
0.057160
0.094993
0.079080
0.046654
0.053247
0.322526
0.194467
0.065255
0.102919
0.110874
0.102257
0.067768
0.211215
0.170491
0.052306
0.071013
0.064958
0.079244
0.052675
0.293633
0.175707
0.070525
0.076994
0.053410
0.075015
0.057240
0.074406
0.070753
0.061433
0.067340
0.101604
0.266472
0.157826
0.271007
0.259282
0.215422
0.085242
0.132154
0.230453
0.064944
0.064283
0.073344
0.098744
0.343964
0.046992
0.082404
0.058798
0.077592
0.061809
0.067834
0.045531
0.048942
0.046498
0.051771
0.106826
0.190784
0.185720
0.155940
0.128434
0.070220
0.320564
0.215665
0.101753
0.087912
0.129009
0.052707
0.074100
0.064694
0.076177
0.051436
0.125915
0.228160
0.278059
0.125290
0.081489
0.134555
0.105816
0.102879
0.098251
0.132979
0.191418
0.224840
0.136410
0.103973
0.153863
0.145671
0.093593
0.089567
0.087266
0.090389
0.055030
0.129395
0.083935
0.061971
0.296928
0.256397
0.275685
0.227255
0.188762
0.532936
0.351388
0.306674
0.223805
0.351321
0.235675
0.281065
0.154992
0.262586
0.161136
0.136393
0.213153
0.099762
0.094981
0.106832
0.126522
0.284377
0.163092
0.124969
0.189184
0.113411
0.167120
0.148468
0.200414
0.227983
0.236841
0.143340
0.242417
0.380856
0.322493
0.222793
0.177453
0.189254
0.273814
0.276442
0.104353
0.102311
0.170576
0.070236
0.069191
0.068568
0.109631
0.116300
0.136374
0.062743
0.076526
0.166432
0.236801
0.142607
0.198339
0.266358
0.239370
0.199106
0.381112
0.242200
0.387312
0.405858
0.542175
0.210949
0.287452
0.295440
0.216972
0.103706
0.101351
0.176537
0.121902
0.158089
0.140751
0.156749
0.102424
0.174030
0.201762
0.172769
0.249397
0.193079
0.255808
0.164377
0.231872
0.211068
0.382889
0.208413
0.176996
0.097620
0.092751
0.100848
0.159179
0.128740
0.147190
0.185370
0.288696
0.092723
0.082071
0.090378
0.132666
0.128323
0.095473
0.124204
0.087757
0.134429
0.321901
0.248085
0.183716
0.224225
0.188123
0.194234
0.461923
0.323132
0.156395
0.135135
0.168599
0.104014
0.155754
0.238237
0.383720
0.136000
0.148832
0.094376
0.112874
0.145574
0.118500
0.127092
0.154782
0.199562
0.213982
0.149503
0.303345
0.222018
0.163585
0.186627
0.256850
0.129115
0.096206
0.083958
0.137979
0.117249
0.098092
0.274828
0.256573
0.271721
0.384199
0.284033
0.150696
0.149029
0.272525
0.171871
0.158273
0.221691
0.175379
0.150420
0.169742
0.167571
0.188340
0.183240
0.348440
0.168754
0.161269
0.087332
0.111464
0.103530
0.164089
0.129037
0.107855
0.117287
0.207505
0.259486
0.236400
0.278115
0.366557
0.130301
0.169774
0.426746
0.260617
0.243339
0.260395
0.547451
0.402247
0.369121
0.444288
0.111478
0.115675
0.111931
0.116667
0.128655
0.119488
0.088256
0.167551
0.087192
0.077921
0.125871
0.262706
0.259248
0.059452
0.062570
0.117279
0.170809
0.501837
0.200817
0.251415
0.225581
0.373515
0.198174
0.186781
0.076240
0.082385
0.086538
0.140237
0.121307
0.068208
0.109993
0.132198
0.151442
0.138285
0.096317
0.158813
0.074841
0.087640
0.078999
0.061715
0.096978
0.115197
0.135989
0.161095
0.150397
0.148853
0.119075
0.253563
0.188293
0.131413
0.135494
0.170068
0.208432
0.115418
0.168386
0.179828
0.107203
0.097740
0.136371
0.138782
0.136900
0.171208
0.116987
0.081252
0.329204
0.135581
0.165466
0.195165
0.163434
0.175674
0.126312
0.311263
0.276963
0.151934
0.129492
0.188813
0.081517
0.090837
0.283364
0.260732
0.074641
0.142416
0.123300
0.088374
0.131408
0.089983
0.080421
0.125246
0.111079
0.333631
0.286434
0.287767
0.282862
0.202156
0.282635
0.228563
0.098197
0.078291
0.100152
0.139147
0.093989
0.088539
0.153641
0.098685
0.135851
0.117139
0.144732
0.094446
0.160719
0.136677
0.139471
0.109353
0.139597
0.239292
0.642748
0.577535
0.311959
0.340063
0.520148
0.297461
0.119202
0.142693
0.105729
0.241852
0.140466
0.100078
0.105417
0.089377
0.123375
0.160402
0.293164
0.319853
0.267086
0.261111
0.216618
0.275239
0.176393
0.166996
0.190191
0.194933
0.152436
0.161364
0.217249
0.123301
0.121278
0.141090
0.132479
0.121657
0.141011
0.133311
0.159692
0.121739
0.117351
0.127280
0.130846
0.329251
0.307930
0.241705
0.144227
0.153597
0.129161
0.153983
0.337570
0.225557
0.275155
0.473667
0.578939
0.295368
0.209363
0.128573
0.123623
0.093030
0.100834
0.091307
0.100344
0.147684
0.136513
0.130798
0.189335
0.194205
0.295225
0.381181
0.319870
0.146915
0.204772
0.480667
0.160753
0.217886
0.194148
0.141919
0.216867
0.154552
0.124488
0.160433
0.076082
0.102169
0.107700
0.096678
0.070730
0.166523
0.101314
0.085046
0.069168
0.047478
0.061835
0.043181
0.078733
0.064197
0.123662
0.083257
0.088065
0.222141
0.089371
0.072769
0.178563
0.271232
0.105605
0.066853
0.071940
0.066991
0.097585
0.077157
0.150105
0.062814
0.086894
0.046161
0.073561
0.108457
0.095951
0.077430
0.049508
0.058037
0.106649
0.102853
0.265451
0.103119
0.137563
0.089713
0.073387
0.080322
0.087353
0.069716
0.097233
0.235694
0.145985
0.118182
0.109329
0.244595
0.184685
0.122192
0.151454
0.081806
0.115416
0.201017
0.160911
0.181599
0.420098
0.315294
0.289088
0.289644
0.195951
0.251064
0.337458
0.364291
0.340373
0.133150
0.164765
0.161562
0.196520
0.177836
0.348657
0.267776
0.207887
0.130669
0.168861
0.196356
0.266333
0.147378
0.210102
0.168609
0.238687
0.222627
0.170947
0.239632
0.286654
0.523464
0.305524
0.216870
0.157862
0.177458
0.174966
0.157920
0.206920
0.145977
0.114940
0.223890
0.144219
0.134416
0.153557
0.105966
0.170609
0.232154
0.357536
0.364740
0.324027
0.229249
0.192020
0.325197
0.253999
0.105369
0.123854
0.193387
0.148784
0.123581
0.164844
0.149313
0.132901
0.102336
0.112856
0.124971
0.112611
0.376526
0.210363
0.142127
0.176499
0.164362
0.167729
0.255276
0.442726
0.259525
0.491328
0.432540
0.244730
0.181247
0.183283
0.209407
0.187792
0.192765
0.214115
0.150603
0.124592
0.126106
0.210033
0.318955
0.159059
0.198354
0.210325
0.233849
0.210638
0.223518
0.198010
0.243467
0.314811
0.179594
0.376220
0.262322
0.342867
0.306997
0.155331
0.254564
0.251644
0.107085
0.174978
0.183870
0.163332
0.086475
0.152614
0.149946
0.223193
0.192513
0.191641
0.222813
0.238699
0.254519
0.355241
0.299210
0.275962
0.355703
0.354813
0.274878
0.583885
0.506156
0.392616
0.224930
0.169427
0.183560
0.266478
0.170794
0.196890
0.112712
0.225880
0.149586
0.119225
0.225379
0.200635
0.197106
0.186871
0.200440
0.224520
0.220905
0.206485
0.327362
0.328463
0.206704
0.200016
0.231534
0.448858
0.215711
0.209088
0.307030
0.222697
0.164977
0.208607
0.124440
0.210268
0.202955
0.095339
0.179720
0.141374
0.259207
0.192266
0.225603
0.275239
0.199579
0.282087
0.276279
0.210643
0.179322
0.188023
0.430802
0.260361
0.222263
0.323516
0.292972
0.219760
0.172922
0.156874
0.179659
0.112366
0.216106
0.133507
0.096196
0.185102
0.172552
0.210598
0.213631
0.199746
0.357794
0.286055
0.345000
0.360355
0.341222
0.501043
0.388271
0.560024
0.784592
0.507064
0.509562
0.324145
0.228875
0.164094
0.115380
0.189328
0.219826
0.156330
0.269616
0.359600
0.242925
0.292540
0.377378
0.341341
0.616932
0.639131
0.480880
0.328439
0.309728
0.284363
0.325031
0.311603
0.178680
0.246844
0.154019
0.265238
0.238969
0.171550
0.229867
0.169469
0.146643
0.303610
0.538911
0.254049
0.220604
0.543063
0.405166
0.243150
0.306537
0.706366
0.355313
0.422114
0.679875
0.300824
0.460175
0.317667
0.343879
0.168104
0.268239
0.214111
0.221313
0.166596
0.191719
0.325008
0.509229
0.277993
0.287344
0.229272
0.328746
0.179160
0.230553
0.213587
0.139188
0.283780
0.174396
0.152087
0.219609
0.341481
0.257228
0.281808
0.197427
0.130457
0.117752
0.120670
0.167879
0.159357
0.111526
0.108564
0.350657
0.129469
0.184044
0.126090
0.192996
0.162864
0.285138
0.292731
0.307964
0.256594
0.205310
0.302218
0.370286
0.245778
0.232175
0.387409
0.325492
0.305700
0.285138
0.210788
0.191367
0.266481
0.161252
0.363481
0.751501
0.261845
0.126309
0.178305
0.192810
0.256231
0.209849
0.240288
0.159685
0.222274
0.190642
0.257503
0.222721
0.228264
0.296788
0.246923
0.265780
0.327463
0.230925
0.130311
0.144870
0.203663
0.160824
0.143022
0.143593
0.138870
0.207958
0.219516
0.202483
0.173654
0.279293
0.309571
0.206526
0.224586
0.304208
0.327779
0.281452
0.323429
0.232779
0.294473
0.318646
0.327685
0.222474
0.181188
0.267717
0.246966
0.132471
0.197927
0.215835
0.285210
0.323943
0.469280
0.282838
0.370048
0.465984
0.376743
0.348789
0.300368
0.375006
0.298261
0.266075
0.391243
0.390400
0.259659
0.741172
0.281255
0.165432
0.221711
0.156767
0.168894
0.229431
0.202472
0.335038
0.263180
0.295790
0.277802
0.181406
0.259756
0.249539
0.162032
0.308446
0.317371
0.537209
0.374807
0.252304
0.405206
0.401043
0.188451
0.184491
0.122081
0.106465
0.396685
0.168157
0.117441
0.102922
0.161984
0.123223
0.184254
0.147337
0.137053
0.187285
0.199938
0.184894
0.493516
0.220439
0.246643
0.192515
0.165920
0.259538
0.228304
0.532227
0.154552
0.228751
0.189524
0.139229
0.084761
0.123734
0.086109
0.117099
0.127106
0.156246
0.125816
0.183272
0.171973
0.140274
0.110039
0.163384
0.212624
0.108917
0.230618
0.152246
0.235137
0.199673
0.203738
0.278924
0.142480
0.187360
0.143911
0.116715
0.122363
0.128020
0.142004
0.125781
0.144081
0.175814
0.151185
0.163341
0.130614
0.116843
0.134078
0.147561
0.344140
0.476421
0.236553
0.561648
0.464701
0.207972
0.389915
0.277018
0.251842
0.171304
0.171917
0.141189
0.228975
0.199147
0.203554
0.134545
0.162857
0.154099
0.209250
0.126444
0.219423
0.198447
0.157291
0.245589
0.173067
0.203994
0.321307
0.307120
0.328306
0.280164
0.184610
0.299803
0.301867
0.298883
0.182300
0.178063
0.173820
0.230659
0.133282
0.180260
0.131773
0.201441
0.239979
0.165700
0.286996
0.163128
0.216590
0.284846
0.212624
0.185516
0.375056
0.382537
0.365035
0.399644
0.454292
0.253815
0.224280
0.404801
0.372320
0.207023
0.192200
0.136916
0.165078
0.107746
0.174602
0.177741
0.268224
0.399018
0.389658
0.170759
0.254935
0.259357
0.176139
0.131887
0.140274
0.152699
0.188799
0.412818
0.210279
0.392876
0.118004
0.121779
0.115071
0.134657
0.137413
0.142665
0.114773
0.088646
0.109174
0.066858
0.113383
0.110690
0.115455
0.208785
0.164358
0.305940
0.251146
0.099545
0.135478
0.131336
0.197739
0.134042
0.176720
0.417757
0.174967
0.189064
0.148858
0.141921
0.126261
0.089005
0.102549
0.079341
0.084965
0.080995
0.141107
0.176692
0.160758
0.140874
0.128607
0.131175
0.215539
0.227820
0.207209
0.174001
0.263801
0.253231
0.165217
0.185150
0.212563
0.147482
0.249015
0.174555
0.108323
0.155703
0.132160
0.120242
0.162304
0.287138
0.381115
0.141582
0.104593
0.339359
0.203113
0.122743
0.263667
0.270480
0.159694
0.154912
0.439958
0.134179
0.281429
0.174621
0.449925
0.182391
0.233947
0.120029
0.104781
0.093456
0.069458
0.138264
0.102044
0.341804
0.301946
0.183824
0.127261
0.131916
0.167307
0.185554
0.142981
0.173873
0.163813
0.252824
0.197490
0.148808
0.266666
0.240462
0.197985
0.202916
0.155182
0.202416
0.201991
0.286883
0.163921
0.166619
0.282519
0.254228
0.179758
0.178598
0.229476
0.154127
0.179103
0.414628
0.266064
0.327839
0.372967
0.321446
0.308816
0.328111
0.447225
0.373759
0.319617
0.410006
0.298548
0.349371
0.254605
0.259547
0.215000
0.223413
0.169862
0.178941
0.245240
0.235976
0.222837
0.144689
0.270654
0.356569
0.295469
0.266762
0.324350
0.264994
0.261320
0.356397
0.533855
0.752903
0.590282
0.304758
0.154720
0.207798
0.181855
0.120694
0.155494
0.103123
0.177648
0.227708
0.141003
0.106350
0.132251
0.160616
0.191083
0.235327
0.231694
0.306247
0.192448
0.266350
0.197878
0.301388
0.265538
0.268448
0.220626
0.255943
0.205226
0.111378
0.176724
0.178980
0.126482
0.145684
0.116776
0.197808
0.215402
0.185846
0.464919
0.315867
0.198781
0.348907
0.499312
0.783728
0.430624
0.484650
0.479847
0.566543
0.311924
0.383226
0.174551
0.243935
0.190049
0.146260
0.143093
0.218034
0.296820
0.338887
0.127646
0.193136
0.179596
0.422065
0.166487
0.190268
0.272091
0.559531
0.643811
0.792790
0.520724
0.417564
0.336446
0.292550
0.225859
0.266061
0.327708
0.208935
0.249568
0.217117
0.153162
0.157972
0.199898
0.228799
0.179028
0.198658
0.239144
0.173231
0.125393
0.176155
0.227927
0.264294
0.260115
0.605647
0.290989
0.350373
0.249273
0.553702
0.395449
0.509275
0.375983
0.201908
0.219959
0.243844
0.260175
0.168730
0.163263
0.142909
0.190006
0.226686
0.189433
0.187085
0.241130
0.231319
0.277632
0.322177
0.516265
0.269403
0.223777
0.362769
0.552819
0.465380
0.380899
0.310738
0.177908
0.332651
0.237924
0.226607
0.165120
0.133932
0.205819
0.114165
0.175857
0.209820
0.221441
0.209682
0.188709
0.207861
0.256919
0.223257
0.272256
0.260325
0.216468
0.266469
0.625066
0.384398
0.304397
0.402139
0.406398
0.208629
0.300269
0.286918
0.225770
0.247193
0.244446
0.183279
0.188066
0.181594
0.317212
0.333569
0.369869
0.263534
0.312065
0.272703
0.333764
0.367690
0.427861
0.461564
0.292628
0.483939
0.287627
0.355860
0.406774
0.530306
0.504447
0.347569
0.271359
0.271514
0.264525
0.150180
0.221231
0.254450
0.213931
0.335438
0.241634
0.285106
0.178513
0.288341
0.282081
0.384701
0.393441
0.411976
0.237712
0.334654
0.188466
0.374767
0.395113
0.233560
0.215845
0.175965
0.200339
0.184653
0.149144
0.172943
0.143618
0.221505
0.399715
0.261430
0.442888
0.302846
0.207330
0.276038
0.234225
0.243209
0.283619
0.368572
0.583631
0.464795
0.321602
0.623018
0.771447
0.289273
0.280864
0.160039
0.129435
0.113266
0.173055
0.163756
0.176245
0.239220
0.136562
0.241865
0.216110
0.209431
0.315895
0.404726
0.360193
0.363502
0.635904
0.377327
0.740988
0.453237
0.547920
0.369281
0.360591
0.285623
0.316959
0.252915
0.187245
0.156926
0.205830
0.197727
0.138404
0.291969
0.198845
0.176957
0.195720
0.228647
0.149344
0.185001
0.431611
0.482479
0.342178
0.519068
0.588299
0.332981
0.323799
0.258030
0.216395
0.281947
0.173974
0.168991
0.222406
0.167668
0.175499
0.220058
0.200836
0.185380
0.223595
0.214716
0.201419
0.161380
0.242605
0.227239
0.338221
0.315664
0.337360
0.206168
0.347163
0.226458
0.378275
0.653798
0.308502
0.368061
0.393920
0.329548
0.292453
0.279194
0.211039
0.216895
0.297524
0.388386
0.203343
0.178795
0.332423
0.215229
0.242035
0.247802
0.357683
0.355024
0.572470
0.436672
0.227914
0.276822
0.402899
0.388871
0.349675
0.315196
0.392695
0.258357
0.162539
0.239315
0.306163
0.194503
0.202739
0.257728
0.148874
0.119014
0.142461
0.146753
0.246079
0.467900
0.302905
0.250139
0.410657
0.349366
0.340754
0.210355
0.308823
0.628140
0.286239
0.166318
0.137319
0.205424
0.195248
0.178392
0.103194
0.179278
0.352303
0.262730
0.215841
0.145803
0.124812
0.177031
0.178675
0.212894
0.265463
0.215695
0.200501
0.211301
0.259855
0.277465
0.235413
0.331747
0.250080
0.246002
0.258154
0.189461
0.194951
0.143762
0.230200
0.199752
0.193981
0.247580
0.226599
0.307657
0.224104
0.247927
0.321599
0.384452
0.359673
0.565000
0.357840
0.408552
0.377988
0.253533
0.362639
0.451053
0.420030
0.422751
0.275592
0.229673
0.363615
0.269518
0.301353
0.298706
0.285602
0.255727
0.191842
0.249499
0.392039
0.301432
0.456852
0.481137
0.393434
0.400916
0.334244
0.509101
0.411937
0.340993
0.462984
0.287982
0.330381
0.400585
0.149376
0.274674
0.148860
0.229594
0.274568
0.200497
0.201622
0.111491
0.181954
0.226499
0.227899
0.314054
0.371382
0.384829
0.467111
0.456404
0.531089
0.412715
0.290278
0.372263
0.450056
0.567448
0.424386
0.585712
0.376594
0.396430
0.368608
0.268353
0.284382
0.323423
0.235474
0.208733
0.301417
0.233305
0.209605
0.190561
0.359144
0.554784
0.284813
0.244474
0.296860
0.333547
0.315352
0.592692
0.563127
0.384099
0.203249
0.167420
0.242183
0.246059
0.173330
0.186347
0.157232
0.208391
0.349792
0.255463
0.163875
0.168413
0.169724
0.281400
0.164988
0.566325
0.483297
0.514056
0.363783
0.333681
0.495872
0.798791
0.519620
0.548131
0.369632
0.441744
0.389515
0.319833
0.170979
0.224119
0.169815
0.217884
0.435375
0.688132
0.552779
0.348470
0.289422
0.242675
0.536556
0.501549
0.318739
0.387806
0.420892
0.466013
0.684517
0.492970
0.278791
0.389172
0.563044
0.302895
0.535325
0.542996
0.258879
0.327913
0.232957
0.177644
0.360900
0.222939
0.237448
0.281597
0.311880
0.318534
0.286427
0.489925
0.195182
0.314995
0.167623
0.423510
0.405898
0.454410
0.268538
0.366782
0.288897
0.267407
0.316726
0.272348
0.252017
0.162516
0.222369
0.156742
0.309272
0.209696
0.205343
0.280525
0.367005
0.529993
0.362809
0.539569
0.410830
0.666392
0.484635
0.406198
0.580094
0.436538
0.400291
0.662494
0.266025
0.267456
0.341951
0.296967
0.336795
0.315346
0.203939
0.147461
0.240568
0.345115
0.730428
0.598450
0.474012
0.695826
0.665184
0.558513
0.472808
0.386044
0.323784
0.274223
0.423806
0.523282
0.441315
0.323198
0.206339
0.316674
0.302972
0.258341
0.149631
0.182503
0.238669
0.152443
0.206252
0.278561
0.161539
0.209911
0.405706
0.473515
0.243330
0.347938
0.318688
0.530204
0.406998
0.443273
0.339491
0.318791
0.259605
0.284977
0.283962
0.358159
0.199030
0.134018
0.204643
0.159058
0.174630
0.150838
0.186868
0.254618
0.180904
0.208778
0.213377
0.237888
0.244669
0.451586
0.476578
0.660033
0.682480
0.387193
0.454305
0.552505
0.525197
0.441956
0.411557
0.400794
0.262855
0.231036
0.314975
0.351437
0.293172
0.181419
0.259458
0.231572
0.199764
0.304280
0.248057
0.264010
0.306863
0.322331
0.398201
0.389660
0.346766
0.533291
0.387150
0.592652
0.412141
0.457140
0.640548
0.343035
0.272331
0.186977
0.287121
0.146091
0.212543
0.279381
0.296060
0.336827
0.276258
0.222682
0.247584
0.220087
0.230624
0.283485
0.351763
0.348063
0.389491
0.707901
0.357451
0.385000
0.489930
0.616243
0.394748
0.551122
0.213559
0.280567
0.199710
0.245496
0.277673
0.244866
0.304248
0.157624
0.273529
0.197491
0.172830
0.262789
0.223801
0.325214
0.321902
0.274045
0.411762
0.309528
0.348973
0.466124
0.325636
0.436777
0.601375
0.348897
0.204749
0.244326
0.279978
0.226632
0.267884
0.283642
0.224165
0.383831
0.246488
0.307642
0.440411
0.360667
0.348524
0.297262
0.333964
0.347681
0.404304
0.530837
0.458844
0.477248
0.381142
0.300065
0.523141
0.331254
0.378793
0.188255
0.193062
0.250988
0.227445
0.228114
0.162971
0.170369
0.360883
0.243234
0.273418
0.242165
0.569343
0.394825
0.447531
0.223408
0.280480
0.304678
0.370402
0.215694
0.499497
0.318910
0.449243
0.551433
0.225343
0.266335
0.246543
0.227321
0.226297
0.154435
0.304715
0.307506
0.240703
0.172449
0.147690
0.269271
0.319548
0.330866
0.362130
0.560731
0.411095
0.392459
0.458293
0.592850
0.374786
0.411131
0.465116
0.177686
0.326203
0.244120
0.199764
0.227930
0.174603
0.233293
0.228401
0.247852
0.342183
0.204850
0.158134
0.249332
0.261802
0.405808
0.266311
0.657578
0.451386
0.391167
0.399122
0.285399
0.354474
0.460303
0.372115
0.241637
0.197055
0.182261
0.182650
0.219822
0.243372
0.136527
0.252907
0.163131
0.259463
0.247407
0.143679
0.248678
0.161489
0.284577
0.289100
0.323838
0.285066
0.297555
0.380881
0.368855
0.352424
0.443946
0.283745
0.488921
0.263413
0.177520
0.183082
0.289058
0.228991
0.259465
0.243658
0.271515
0.110451
0.189865
0.220095
0.167173
0.201440
0.169861
0.220204
0.188074
0.146077
0.209727
0.196452
0.215590
0.364698
0.281671
0.234127
0.254710
0.349632
0.196558
0.153046
0.111976
0.127896
0.224304
0.302644
0.134733
0.115548
0.143621
0.137567
0.175932
0.179111
0.202400
0.198830
0.124809
0.112411
0.140050
0.345785
0.341645
0.171983
0.250158
0.261277
0.410012
0.357152
0.222827
0.204057
0.302210
0.141649
0.150769
0.314848
0.194470
0.158040
0.250899
0.518940
0.217048
0.316408
0.314790
0.263060
0.364236
0.165943
0.209692
0.172032
0.194909
0.211460
0.265124
0.291626
0.264625
0.224318
0.167087
0.156122
0.113705
0.210476
0.232340
0.179083
0.220631
0.224612
0.358472
0.231930
0.212518
0.166683
0.302367
0.227422
0.287557
0.224160
0.217407
0.256386
0.369870
0.549738
0.556794
0.507685
0.238074
0.163771
0.260500
0.212605
0.164855
0.181515
0.208305
0.185923
0.390998
0.309618
0.414483
0.255040
0.181032
0.409992
0.496614
0.366051
0.558892
0.416643
0.559042
0.352170
0.402382
0.256503
0.274736
0.252670
0.222663
0.147215
0.282064
0.143432
0.162071
0.215406
0.137318
0.131773
0.214337
0.270330
0.166493
0.195050
0.123499
0.170205
0.131468
0.170672
0.261268
0.198865
0.490099
0.381222
0.375964
0.382897
0.350019
0.311423
0.322903
0.313182
0.275733
0.222427
0.193583
0.131370
0.200526
0.285176
0.191162
0.157050
0.174060
0.172738
0.155754
0.140920
0.147853
0.180791
0.141187
0.192046
0.262010
0.181392
0.264345
0.276641
0.318423
0.229955
0.331223
0.249499
0.178121
0.303852
0.153491
0.191009
0.181668
0.142663
0.217469
0.189585
0.181553
0.185423
0.183553
0.205141
0.166421
0.185928
0.305287
0.272418
0.367506
0.614105
0.314740
0.703031
0.558264
0.302896
0.246262
0.162383
0.188116
0.241566
0.170656
0.199154
0.145947
0.360202
0.246746
0.171332
0.169251
0.133098
0.177056
0.240198
0.210803
0.253611
0.197443
0.339663
0.542377
0.532093
0.238020
0.243947
0.530457
0.283618
0.198358
0.189423
0.183692
0.196778
0.132145
0.188679
0.108858
0.169831
0.137069
0.250577
0.432104
0.890007
0.522608
0.290563
0.334719
0.235920
0.351143
0.420705
0.443644
0.414521
0.348555
0.337279
0.367248
0.139318
0.262706
0.153694
0.229475
0.206196
0.178936
0.197336
0.152300
0.202627
0.189585
0.184765
0.238973
0.262309
0.351405
0.252260
0.183175
0.213773
0.127775
0.212443
0.271964
0.162016
0.260615
0.213794
0.351002
0.209988
0.254513
0.269249
0.225202
0.173638
0.186841
0.231557
0.139088
0.312931
0.188098
0.403016
0.200356
0.157061
0.198412
0.257375
0.293688
0.260389
0.255121
0.240793
0.384713
0.291029
0.242280
0.170259
0.244187
0.181796
0.397156
0.204385
0.170798
0.176943
0.173199
0.245860
0.241845
0.160126
0.137938
0.204545
0.104668
0.120366
0.139900
0.109973
0.205792
0.146936
0.204035
0.203465
0.160232
0.249444
0.236692
0.325389
0.564255
0.268908
0.173689
0.180038
0.155632
0.207020
0.159941
0.220320
0.131755
0.201958
0.224263
0.118448
0.163227
0.167482
0.192241
0.201624
0.235123
0.220228
0.257930
0.197773
0.190934
0.274898
0.172974
0.188221
0.412998
0.242571
0.213337
0.160962
0.159474
0.181410
0.166842
0.156940
0.176171
0.490336
0.283156
0.186872
0.174619
0.253833
0.182907
0.164239
0.446795
0.416019
0.215350
0.243558
0.599783
0.342680
0.194054
0.209523
0.204837
0.517141
0.646540
0.140560
0.175271
0.188602
0.134050
0.104706
0.166682
0.339637
0.222293
0.131526
0.167579
0.119211
0.104220
0.167395
0.307145
0.214840
0.250294
0.276513
0.271711
0.272097
0.247679
0.331998
0.245783
0.340045
0.172550
0.279125
0.148249
0.143712
0.112942
0.141646
0.109366
0.125136
0.260708
0.215814
0.145117
0.144862
0.225216
0.258005
0.324780
0.360871
0.383335
0.551452
0.321494
0.428253
0.299546
0.208354
0.521592
0.588751
0.384162
0.334907
0.224130
0.288961
0.143479
0.163097
0.188550
0.141229
0.148628
0.193454
0.152820
0.250768
0.434741
0.512570
0.439581
0.372868
0.454244
0.305593
0.239256
0.368502
0.299597
0.276297
0.219309
0.204870
0.272587
0.410479
0.207516
0.111647
0.180362
0.146101
0.133677
0.191766
0.227839
0.134425
0.200657
0.116535
0.245013
0.116052
0.205986
0.179177
0.246042
0.185971
0.242114
0.199434
0.169616
0.239223
0.158186
0.242285
0.330100
0.102385
0.157074
0.175037
0.229765
0.158163
0.134304
0.184956
0.217413
0.230253
0.217634
0.154324
0.122863
0.160877
0.166001
0.164468
0.139013
0.179995
0.128905
0.182341
0.191771
0.247254
0.219362
0.137435
0.135765
0.207340
0.131728
0.134845
0.129477
0.132620
0.137127
0.290366
0.278494
0.250289
0.146842
0.115480
0.149009
0.164864
0.120468
0.176818
0.336874
0.201531
0.222860
0.155085
0.282103
0.528606
0.308288
0.538671
0.424586
0.135178
0.155768
0.185488
0.228330
0.240718
0.217773
0.241992
0.161016
0.177258
0.183089
0.164571
0.206940
0.199234
0.227337
0.143328
0.191734
0.168477
0.200893
0.231682
0.248795
0.308879
0.428827
0.395186
0.254577
0.189822
0.220384
0.207706
0.185049
0.202277
0.158851
0.202563
0.132672
0.163069
0.179325
0.172890
0.140079
0.181811
0.203952
0.156765
0.141673
0.152210
0.252953
0.287910
0.139941
0.360030
0.312366
0.267399
0.292671
0.237523
0.206787
0.134694
0.212945
0.139722
0.185496
0.139154
0.245536
0.214980
0.271863
0.206061
0.330224
0.370571
0.219912
0.179486
0.271189
0.182963
0.228465
0.358117
0.447389
0.416040
0.502075
0.417514
0.177109
0.139611
0.227689
0.167799
0.176969
0.202044
0.347062
0.172263
0.331107
0.227953
0.183307
0.248511
0.153287
0.212668
0.160841
0.256453
0.238953
0.207358
0.403539
0.356937
0.369166
0.611276
0.447222
0.196615
0.345329
0.182071
0.176468
0.194732
0.176599
0.124907
0.122334
0.266236
0.241378
0.273898
0.165551
0.101005
0.065522
0.164006
0.081005
0.116691
0.094229
0.146826
0.121683
0.194209
0.314313
0.213836
0.517650
0.226909
0.125545
0.209732
0.136258
0.109513
0.105170
0.119440
0.086233
0.188970
0.158091
0.107523
0.091995
0.115040
0.105248
0.096683
0.113339
0.111049
0.098787
0.108052
0.100902
0.107931
0.158969
0.196833
0.296370
0.183430
0.133169
0.191993
0.277088
0.137518
0.169844
0.147288
0.170388
0.200469
0.132323
0.131982
0.117194
0.129961
0.137181
0.114492
0.158108
0.193311
0.193776
0.165828
0.332428
0.587819
0.507746
0.447095
0.165632
0.217106
0.295309
0.151402
0.160463
0.214921
0.158622
0.130044
0.136987
0.123627
0.550590
0.154511
0.123717
0.130795
0.092136
0.136744
0.159398
0.233184
0.121115
0.207015
0.119242
0.218661
0.300973
0.226938
0.184093
0.279152
0.285712
0.231072
0.099760
0.127007
0.120268
0.124846
0.106427
0.246957
0.102938
0.081036
0.111414
0.123452
0.068659
0.102476
0.130509
0.121673
0.070768
0.083578
0.253760
0.476609
0.408236
0.206561
0.227217
0.135040
0.200289
0.478075
0.189957
0.089923
0.117276
0.132048
0.163925
0.138278
0.092276
0.270079
0.145235
0.240822
0.209980
0.232192
0.197924
0.232038
0.268645
0.215160
0.383114
0.370275
0.319031
0.462912
0.481200
0.217185
0.287853
0.301800
0.231785
0.204294
0.161906
0.100763
0.163438
0.195840
0.207211
0.258878
0.548178
0.656132
0.179759
0.280190
0.257572
0.282362
0.358716
0.244183
0.202410
0.271975
0.263640
0.147511
0.198977
0.236958
0.500646
0.225408
0.139876
0.118751
0.181888
0.142273
0.127995
0.182759
0.109419
0.153511
0.130512
0.187411
0.174754
0.150478
0.188786
0.322954
0.179631
0.208574
0.210217
0.215020
0.162748
0.517988
0.527745
0.327054
0.305860
0.195823
0.148660
0.115791
0.139398
0.149664
0.274255
0.192516
0.144479
0.097360
0.073250
0.097146
0.076883
0.137400
0.176834
0.119915
0.093238
0.119541
0.149344
0.181850
0.147941
0.185132
0.136718
0.183956
0.155369
0.174153
0.160065
0.144293
0.179221
0.116438
0.149218
0.128134
0.104030
0.227696
0.121712
0.097271
0.089804
0.087786
0.131178
0.104137
0.147858
0.135702
0.155929
0.169074
0.259239
0.133138
0.179170
0.143707
0.199176
0.146984
0.164300
0.095084
0.085834
0.127297
0.131405
0.222847
0.354284
0.194763
0.123811
0.092873
0.076840
0.094717
0.119818
0.128573
0.155313
0.287734
0.207131
0.094526
0.349996
0.346507
0.127414
0.241704
0.221195
0.099377
0.110431
0.113871
0.140428
0.154632
0.106171
0.188020
0.109509
0.132924
0.093870
0.124551
0.109828
0.141497
0.127708
0.107464
0.157039
0.273638
0.308102
0.336530
0.343557
0.521429
0.205692
0.230904
0.151131
0.107686
0.173797
0.115152
0.120070
0.102522
0.109208
0.079175
0.149165
0.124202
0.279575
0.441662
0.107116
0.080543
0.153427
0.087066
0.292313
0.273508
0.239888
0.201130
0.174316
0.638997
0.477252
0.272748
0.171066
0.340852
0.145524
0.152804
0.109726
0.099964
0.203612
0.216830
0.432885
0.082504
0.382569
0.376865
0.123832
0.240713
0.499725
0.405141
0.248156
0.182563
0.406904
0.366852
0.521101
0.606902
0.268917
0.163058
0.220592
0.202803
0.170338
0.199817
0.171694
0.209728
0.154737
0.165135
0.144988
0.106028
0.177131
0.202697
0.298973
0.145823
0.263252
0.318222
0.359938
0.479800
0.481859
0.529658
0.368717
0.628607
0.754182
0.428406
0.270100
0.227406
0.224313
0.294622
0.177164
0.143711
0.151715
0.182784
0.155905
0.202962
0.155284
0.218116
0.150337
0.217478
0.209510
0.267949
0.519758
0.465659
0.353518
0.375827
0.653023
0.345423
0.374464
0.378814
0.314270
0.244328
0.235076
0.184066
0.162973
0.155147
0.204412
0.250463
0.221649
0.219136
0.131390
0.202969
0.127013
0.202548
0.294613
0.329457
0.222466
0.373179
0.324675
0.279173
0.419231
0.377734
0.267304
0.550648
0.391620
0.258868
0.240470
0.249586
0.194952
0.142199
0.127891
0.200276
0.151988
0.148671
0.208331
0.343730
0.278746
0.279226
0.411197
0.274675
0.478959
0.430048
0.452544
0.325181
0.370941
0.363948
0.280277
0.267829
0.238170
0.290860
0.158630
0.173811
0.195122
0.172173
0.156491
0.210428
0.186891
0.156231
0.161239
0.219337
0.132187
0.191226
0.287800
0.238461
0.340973
0.306531
0.308389
0.291867
0.529829
0.389536
0.448101
0.323099
0.243660
0.366657
0.219925
0.213277
0.146493
0.260525
0.172137
0.222166
0.213354
0.363295
0.214931
0.151565
0.142569
0.230795
0.259100
0.323208
0.274418
0.297664
0.403771
0.732904
0.398667
0.260650
0.444203
0.393565
0.250704
0.146268
0.140398
0.240895
0.103596
0.157536
0.160568
0.148127
0.083327
0.164517
0.166040
0.118764
0.104255
0.169764
0.096702
0.155808
0.154606
0.160696
0.152685
0.189128
0.227906
0.199851
0.300963
0.331065
0.161874
0.202905
0.088125
0.117196
0.116069
0.114387
0.094242
0.165694
0.169455
0.113386
0.104717
0.135969
0.076758
0.101548
0.313556
0.128324
0.132471
0.500242
0.242432
0.209510
0.497337
0.202039
0.204241
0.149365
0.213961
0.099328
0.146991
0.111340
0.170546
0.114783
0.120419
0.224748
0.223997
0.134147
0.141430
0.120296
0.102362
0.166866
0.147877
0.200062
0.265442
0.204762
0.416908
0.505627
0.244339
0.364418
0.353851
0.212374
0.249996
0.305319
0.195747
0.231962
0.259810
0.214256
0.113628
0.294904
0.215966
0.216303
0.178525
0.213603
0.129741
0.132335
0.255100
0.304441
0.282715
0.280110
0.566951
0.350013
0.326627
0.645033
0.574460
0.481662
0.243410
0.158530
0.137952
0.174526
0.129084
0.108867
0.113298
0.162071
0.188421
0.083018
0.116372
0.151609
0.125338
0.145487
0.254730
0.199474
0.270881
0.229268
0.301507
0.335057
0.548928
0.533907
0.453821
0.331403
0.364699
0.253631
0.266036
0.185777
0.148805
0.202091
0.202525
0.630004
0.479008
0.267457
0.310622
0.244487
0.221501
0.307048
0.295719
0.312953
0.249743
0.320673
0.274174
0.299356
0.411512
0.413784
0.287824
0.352116
0.428095
0.292001
0.209334
0.126352
0.184103
0.237085
0.148517
0.259278
0.227234
0.218896
0.466690
0.320892
0.276885
0.392238
0.444807
0.287382
0.304017
0.401555
0.430726
0.383348
0.606502
0.444798
0.355374
0.342896
0.511068
0.376953
0.370261
0.207832
0.166675
0.129941
0.113409
0.136269
0.136601
0.182825
0.370494
0.252336
0.144282
0.296080
0.297079
0.449299
0.336403
0.486033
0.346385
0.267245
0.568526
0.339281
0.352809
0.189646
0.379714
0.240819
0.168508
0.218870
0.236541
0.269343
0.218748
0.229539
0.167862
0.110000
0.164284
0.316593
0.290068
0.203526
0.226093
0.204210
0.155574
0.186656
0.298086
0.211276
0.168175
0.224920
0.365496
0.849350
0.208449
0.285785
0.105226
0.111321
0.155110
0.217603
0.259690
0.169929
0.138081
0.134670
0.118498
0.091886
0.104138
0.109868
0.149491
0.184211
0.239552
0.217278
0.232520
0.147253
0.182905
0.355114
0.413366
0.407932
0.341355
0.090335
0.130825
0.100581
0.164053
0.166214
0.099606
0.507956
0.169538
0.163735
0.123870
0.067119
0.179452
0.140639
0.139460
0.120281
0.114280
0.102700
0.228911
0.306106
0.322484
0.445170
0.169479
0.144633
0.232767
0.089326
0.093593
0.157276
0.137262
0.118145
0.097601
0.106695
0.075378
0.125428
0.065362
0.165651
0.072669
0.093506
0.102479
0.092368
0.145209
0.131086
0.166370
0.145331
0.245928
0.350341
0.185282
0.187496
0.258366
0.143047
0.124512
0.099397
0.129199
0.106878
0.159070
0.170346
0.116015
0.100663
0.085762
0.093990
0.141711
0.099911
0.086955
0.090644
0.094903
0.158694
0.163817
0.119821
0.110580
0.121097
0.107198
0.159176
0.152150
0.147550
0.105508
0.125141
0.092368
0.115231
0.123442
0.215834
0.193258
0.128344
0.133005
0.158576
0.150930
0.111329
0.120292
0.155051
0.171540
0.104988
0.264969
0.125642
0.144925
0.134085
0.158510
0.170652
0.102776
0.135203
0.111440
0.155886
0.201287
0.230331
0.167940
0.158909
0.144469
0.193920
0.311475
0.166405
0.265972
0.212930
0.186820
0.189645
0.269501
0.486063
0.343811
0.162933
0.205492
0.174513
0.173394
0.573172
0.276100
0.147502
0.165808
0.146937
0.238406
0.205289
0.161152
0.192006
0.155863
0.127149
0.175038
0.229103
0.185623
0.208722
0.207217
0.128112
0.106300
0.125683
0.176388
0.311163
0.148797
0.292833
0.342069
0.216115
0.316555
0.133290
0.092932
0.100001
0.137198
0.109860
0.209367
0.248296
0.215723
0.110677
0.084678
0.178737
0.119036
0.156764
0.228118
0.133773
0.142583
0.118575
0.168206
0.270875
0.209931
0.446839
0.373451
0.247090
0.300289
0.209332
0.168763
0.146430
0.148934
0.135972
0.136082
0.191898
0.135595
0.141963
0.146380
0.155452
0.167590
0.155192
0.126055
0.090198
0.089698
0.225410
0.363586
0.309397
0.501525
0.464115
0.412616
0.245908
0.377917
0.555347
0.134197
0.176222
0.119752
0.106100
0.149943
0.208508
0.160743
0.118907
0.099432
0.130769
0.127396
0.230892
0.346115
0.117531
0.094333
0.093945
0.211500
0.196539
0.182048
0.156910
0.117981
0.304061
0.327605
0.087678
0.128724
0.084353
0.119093
0.159927
0.164058
0.150990
0.114268
0.197969
0.130633
0.088173
0.117964
0.176967
0.108932
0.174244
0.156414
0.182811
0.216472
0.320173
0.355203
0.464855
0.363668
0.313304
0.201124
0.156767
0.186767
0.168469
0.184266
0.131146
0.168104
0.102105
0.128323
0.123286
0.160039
0.246764
0.193808
0.307143
0.265230
0.155429
0.173394
0.252227
0.166777
0.220041
0.270444
0.271535
0.266599
0.178806
0.192733
0.163323
0.226030
0.151873
0.188199
0.255088
0.446274
0.108099
0.151270
0.302915
0.198718
0.136422
0.349993
0.409374
0.340798
0.318482
0.314939
0.636863
0.176937
0.294978
0.447867
0.338660
0.220327
0.144031
0.124944
0.147460
0.113452
0.181979
0.181511
0.163730
0.129536
0.125038
0.148376
0.157762
0.171897
0.098078
0.121073
0.187512
0.092928
0.061330
0.099857
0.139038
0.102018
0.207769
0.156500
0.239884
0.289805
0.202928
0.136244
0.217858
0.186453
0.155863
0.165961
0.128837
0.100247
0.438926
0.204135
0.128794
0.084179
0.140200
0.145838
0.089171
0.308633
0.123070
0.098340
0.121124
0.198479
0.199412
0.129987
0.429099
0.318501
0.359376
0.257919
0.257011
0.167332
0.163523
0.232072
0.110617
0.126790
0.217960
0.162063
0.173950
0.167320
0.127411
0.187152
0.140123
0.120354
0.127703
0.117973
0.114605
0.221596
0.319512
0.282468
0.443359
0.167228
0.117632
0.100815
0.186128
0.126051
0.144259
0.123124
0.090099
0.114371
0.264636
0.173334
0.090977
0.092760
0.139665
0.120812
0.084583
0.092379
0.132053
0.129572
0.115581
0.104882
0.132710
0.353764
0.322366
0.302898
0.305608
0.274449
0.080325
0.150179
0.163891
0.124341
0.085608
0.174721
0.199906
0.085330
0.106784
0.128712
0.146271
0.127062
0.135238
0.107121
0.128966
0.175094
0.108835
0.153469
0.152404
0.150345
0.150131
0.126657
0.234505
0.238745
0.143067
0.129184
0.168433
0.137194
0.101002
0.100670
0.154570
0.141058
0.102412
0.224574
0.209952
0.138530
0.142564
0.093408
0.277278
0.362798
0.198500
0.174931
0.208668
0.241945
0.234895
0.165466
0.195855
0.364310
0.198314
0.133783
0.173404
0.119300
0.150941
0.134371
0.094291
0.346290
0.337379
0.299086
0.336092
0.253834
0.142431
0.219491
0.242897
0.173575
0.217403
0.536951
0.101221
0.382373
0.430752
0.286268
0.374579
0.135153
0.172751
0.195321
0.167621
0.158792
0.129234
0.141910
0.140522
0.114973
0.627278
0.225668
0.173135
0.115559
0.147242
0.095624
0.113425
0.111051
0.224143
0.165753
0.221578
0.152320
0.187655
0.157003
0.175396
0.260538
0.188100
0.144306
0.105635
0.128190
0.099691
0.149889
0.179876
0.136800
0.071053
0.111174
0.087842
0.179989
0.128947
0.089239
0.108363
0.134350
0.122713
0.137678
0.234999
0.151004
0.168634
0.192244
0.201602
0.328372
0.212783
0.129384
0.134195
0.169350
0.090933
0.089922
0.109361
0.095248
0.236028
0.072942
0.082926
0.127173
0.110225
0.117822
0.100724
0.118340
0.127534
0.092202
0.290363
0.404404
0.580629
0.621339
0.348067
0.336122
0.112564
0.123194
0.093359
0.129365
0.134006
0.135579
0.208538
0.113299
0.114693
0.148564
0.109105
0.174054
0.150138
0.107784
0.115625
0.146137
0.118487
0.126360
0.217838
0.253356
0.487624
0.339171
0.140340
0.120645
0.106476
0.167353
0.117255
0.112765
0.123141
0.116128
0.517258
0.147264
0.098226
0.076360
0.095674
0.113931
0.081011
0.119638
0.136665
0.140759
0.095038
0.252656
0.379889
0.303365
0.218525
0.134641
0.156668
0.265237
0.194712
0.115304
0.125955
0.095767
0.107056
0.141381
0.100745
0.147698
0.184628
0.129054
0.301102
0.325642
0.191717
0.149165
0.463630
0.367630
0.473133
0.294506
0.141343
0.209322
0.673172
0.240836
0.106239
0.120034
0.337514
0.118715
0.105665
0.155786
0.079774
0.106453
0.112750
0.149067
0.144138
0.156663
0.308398
0.212813
0.284918
0.130604
0.206598
0.174656
0.211117
0.277466
0.188838
0.152644
0.274816
0.177534
0.147013
0.322438
0.126492
0.149659
0.134511
0.087995
0.135041
0.121925
0.159525
0.167578
0.101366
0.135409
0.126802
0.075449
0.135812
0.126486
0.106609
0.087460
0.089886
0.409125
0.186703
0.491617
0.317469
0.290113
0.199784
0.231111
0.135129
0.165623
0.125077
0.090951
0.089680
0.142358
0.160213
0.132316
0.149163
0.126613
0.086468
0.088151
0.098059
0.125360
0.184792
0.229351
0.125325
0.142672
0.147326
0.168483
0.276569
0.180900
0.208813
0.378612
0.135222
0.152766
0.086431
0.108649
0.177073
0.113380
0.216115
0.370456
0.525285
0.092482
0.074670
0.103802
0.145025
0.150577
0.114021
0.138509
0.083950
0.246692
0.206533
0.308743
0.420605
0.177849
0.357916
0.193310
0.251216
0.115952
0.148770
0.104753
0.140907
0.173249
0.217298
0.186540
0.142460
0.118671
0.137391
0.156155
0.227097
0.218628
0.091959
0.117188
0.116737
0.130931
0.116420
0.283500
0.414740
0.764935
0.355634
0.214836
0.202305
0.124454
0.090508
0.131026
0.108333
0.173123
0.346269
0.143936
0.148229
0.113891
0.133980
0.121265
0.089394
0.113764
0.258089
0.181578
0.099631
0.135078
0.207017
0.365246
0.203248
0.145238
0.291534
0.323189
0.202133
0.143182
0.166107
0.160819
0.129866
0.102203
0.183040
0.133631
0.167514
0.233105
0.296574
0.113580
0.167986
0.328338
0.255912
0.107210
0.287915
0.174494
0.214855
0.259066
0.185724
0.198354
0.155229
0.312354
0.288896
0.188641
0.188996
0.191526
0.126868
0.142722
0.112506
0.161370
0.141851
0.249649
0.183057
0.208090
0.580409
0.234314
0.484862
0.255953
0.414780
0.385082
0.144516
0.244189
0.230352
0.221970
0.201764
0.649874
0.149997
0.293639
0.217625
0.122535
0.130645
0.135181
0.149904
0.250150
0.170676
0.285320
0.124311
0.122082
0.117828
0.131830
0.122750
0.121034
0.151950
0.100968
0.149011
0.106972
0.159756
0.254931
0.313381
0.313393
0.137850
0.079725
0.117132
0.088590
0.160947
0.203547
0.268533
0.185407
0.153885
0.114921
0.131657
0.153241
0.153641
0.092349
0.139903
0.102582
0.084264
0.154083
0.078927
0.183979
0.301873
0.184707
0.234700
0.180626
0.229166
0.112787
0.104035
0.157088
0.101032
0.090819
0.198986
0.237701
0.159097
0.101639
0.116013
0.129361
0.122028
0.121987
0.161892
0.101153
0.083568
0.399021
0.269148
0.242201
0.557180
0.521619
0.169933
0.211671
0.340965
0.143071
0.164596
0.134850
0.139657
0.207095
0.248594
0.118495
0.114076
0.113662
0.086263
0.064292
0.129117
0.097343
0.079167
0.132446
0.160753
0.201608
0.170837
0.187499
0.212641
0.272671
0.387742
0.138395
0.189184
0.167936
0.126195
0.094083
0.119769
0.101827
0.157314
0.188306
0.156198
0.075072
0.131815
0.092844
0.081461
0.075792
0.131130
0.086961
0.117364
0.141843
0.163545
0.183467
0.182952
0.308829
0.362377
0.446230
0.406555
0.122776
0.097548
0.104798
0.101394
0.159271
0.235767
0.167094
0.091612
0.233674
0.432220
0.229322
0.219419
0.270311
0.312479
0.474698
0.375925
0.690854
0.336459
0.428517
0.383315
0.384220
0.488929
0.295841
0.320899
0.159079
0.221370
0.152072
0.155641
0.212926
0.168704
0.221225
0.138189
0.216421
0.236593
0.542429
0.277595
0.206885
0.177951
0.145560
0.186701
0.255781
0.521602
0.686735
0.404194
0.408428
0.538281
0.351723
0.270281
0.136668
0.114101
0.113325
0.174510
0.140531
0.252328
0.170758
0.190729
0.168437
0.117405
0.137188
0.118580
0.157121
0.096842
0.107225
0.169580
0.104179
0.198933
0.218544
0.288293
0.247589
0.213837
0.191229
0.261267
0.207975
0.149709
0.140383
0.132204
0.119056
0.190644
0.207318
0.118547
0.127941
0.150272
0.118662
0.168227
0.122101
0.107145
0.090574
0.114887
0.131374
0.317589
0.145390
0.287155
0.247921
0.256532
0.201540
0.263436
0.284013
0.269552
0.146448
0.145192
0.148169
0.238992
0.385559
0.170892
0.149559
0.084273
0.108254
0.128963
0.153754
0.168658
0.111405
0.095410
0.123336
0.194360
0.215842
0.539088
0.399800
0.226691
0.231097
0.264089
0.190280
0.183681
0.165889
0.118632
0.138522
0.174678
0.152562
0.252853
0.156636
0.158108
0.113430
0.105570
0.130914
0.113414
0.096634
0.146939
0.211903
0.452163
0.229569
0.235180
0.388163
0.271312
0.125536
0.191744
0.174376
0.165144
0.171743
0.144061
0.191191
0.209692
0.172862
0.146244
0.205461
0.100042
0.147952
0.164433
0.120578
0.110353
0.128936
0.120221
0.170702
0.223136
0.172817
0.145359
0.192187
0.191993
0.185120
0.141288
0.126528
0.323625
0.152043
0.153848
0.151092
0.137481
0.116375
0.137109
0.148664
0.152839
0.168616
0.159372
0.241129
0.338406
0.225075
0.385274
0.204932
0.402623
0.236176
0.267220
0.204522
0.199291
0.211013
0.251989
0.227842
0.143827
0.151563
0.131656
0.156019
0.080615
0.091566
0.118601
0.132766
0.543553
0.157957
0.236978
0.303380
0.175846
0.210333
0.146754
0.131209
0.155378
0.173603
0.194315
0.281293
0.367304
0.178662
0.125376
0.282629
0.126398
0.173938
0.112570
0.114486
0.116145
0.303040
0.223660
0.093030
0.162693
0.142224
0.133729
0.175666
0.084915
0.091913
0.142549
0.198230
0.312419
0.185997
0.173126
0.322852
0.470231
0.380461
0.124974
0.251866
0.144330
0.144232
0.106140
0.127793
0.098194
0.427408
0.464575
0.126884
0.112151
0.125746
0.139416
0.146281
0.096834
0.139945
0.100684
0.117171
0.117687
0.148249
0.184192
0.353323
0.187907
0.201436
0.445842
0.084123
0.157261
0.123679
0.097919
0.125136
0.159670
0.229203
0.152430
0.086808
0.091253
0.118547
0.087523
0.139573
0.193914
0.106458
0.106509
0.096041
0.166342
0.228108
0.163679
0.195348
0.142857
0.194443
0.160200
0.145385
0.188352
0.167382
0.178009
0.180984
0.173175
0.224740
0.189081
0.152776
0.180291
0.096603
0.120953
0.142091
0.146163
0.131053
0.125374
0.138928
0.205267
0.282677
0.429735
0.666769
0.674673
0.278099
0.677356
0.115724
0.202283
0.182798
0.121591
0.143055
0.238009
0.277564
0.128755
0.253682
0.248889
0.125654
0.110609
0.144864
0.188965
0.130657
0.408152
0.156089
0.105940
0.121665
0.154980
0.256565
0.122419
0.150351
0.088237
0.189498
0.145389
0.150590
0.149389
0.163216
0.153337
0.131082
0.156509
0.169553
0.177882
0.203819
0.236273
0.247760
0.487691
0.216692
0.161374
0.176162
0.297628
0.296324
0.175100
0.160386
0.173146
0.138047
0.100864
0.155378
0.087787
0.126137
0.108023
0.111645
0.184907
0.145416
0.202793
0.183640
0.149780
0.179729
0.204656
0.178615
0.124339
0.247503
0.113490
0.148635
0.208716
0.309760
0.125099
0.217125
0.515577
0.274387
0.374434
0.150550
0.169387
0.179113
0.338842
0.230160
0.142983
0.207268
0.133541
0.130743
0.121846
0.090568
0.133336
0.127978
0.128173
0.129224
0.154315
0.167157
0.180808
0.264771
0.194829
0.149552
0.470143
0.319927
0.213664
0.182602
0.183525
0.172587
0.107252
0.083112
0.134343
0.335601
0.268604
0.128383
0.169770
0.148920
0.145248
0.145298
0.138007
0.227647
0.222196
0.238976
0.288009
0.322692
0.324442
0.300297
0.311712
0.350419
0.224850
0.111108
0.221637
0.112064
0.169016
0.160566
0.130174
0.235552
0.156973
0.190544
0.167996
0.135916
0.200449
0.151316
0.134955
0.121432
0.120854
0.123362
0.239435
0.397800
0.342136
0.626613
0.536730
0.380657
0.268375
0.268080
0.266851
0.162594
0.127563
0.110367
0.196447
0.115056
0.170503
0.263794
0.240494
0.471406
0.270960
0.510668
0.124463
0.283282
0.282538
0.155422
0.175783
0.129793
0.336762
0.396508
0.389763
0.178400
0.149880
0.369129
0.145622
0.128172
0.089006
0.116563
0.091332
0.247966
0.225334
0.374579
0.138165
0.099353
0.107967
0.151723
0.157070
0.136939
0.092793
0.355034
0.375934
0.230791
0.229466
0.220298
0.404249
0.423212
0.269970
0.335712
0.190338
0.206990
0.127069
0.101977
0.141627
0.148536
0.212059
0.160347
0.187639
0.358879
0.375929
0.261212
0.190451
0.249483
0.290366
0.201551
0.217867
0.189081
0.154237
0.273407
0.196596
0.203209
0.405045
0.173184
0.228803
0.209228
0.111794
0.131398
0.091028
0.155491
0.210454
0.178373
0.310966
0.204977
0.160165
0.439379
0.417666
0.515390
0.519580
0.488343
0.465348
0.205077
0.263530
0.140597
0.217999
0.213171
0.225647
0.203461
0.187286
0.171016
0.137509
0.196559
0.204570
0.228002
0.135270
0.129035
0.158764
0.161527
0.107558
0.072350
0.149380
0.099963
0.112692
0.263258
0.208415
0.140553
0.146190
0.172547
0.182017
0.143148
0.333270
0.216668
0.165900
0.139098
0.123960
0.110171
0.124700
0.214694
0.196045
0.163274
0.127543
0.129531
0.104728
0.102850
0.180737
0.152324
0.089942
0.166913
0.113938
0.413871
0.171754
0.249830
0.171028
0.382318
0.193752
0.134702
0.173480
0.164107
0.201953
0.141800
0.113148
0.247296
0.144470
0.198983
0.112851
0.198124
0.144337
0.084092
0.135750
0.111248
0.181723
0.108930
0.327714
0.253567
0.525996
0.359381
0.341769
0.483513
0.438511
0.213167
0.139269
0.169952
0.147065
0.129681
0.151360
0.177368
0.227392
0.128941
0.144654
0.111434
0.097289
0.113332
0.135109
0.117144
0.135464
0.140302
0.132996
0.267155
0.203341
0.423064
0.394889
0.239674
0.131530
0.260881
0.179366
0.146878
0.109734
0.122286
0.117149
0.193177
0.541251
0.179549
0.094684
0.120708
0.089301
0.089396
0.092213
0.116384
0.093176
0.632104
0.251534
0.317676
0.293248
0.139518
0.179387
0.354628
0.474759
0.250239
0.199909
0.217540
0.182331
0.165304
0.213042
0.323193
0.265876
0.170619
0.249571
0.137434
0.117049
0.234226
0.455147
0.538624
0.140095
0.243522
0.304540
0.465702
0.240018
0.374471
0.286712
0.173043
0.137038
0.133225
0.107458
0.127097
0.126568
0.194804
0.146564
0.137490
0.192536
0.172582
0.235968
0.251713
0.179949
0.204445
0.125541
0.399877
0.236880
0.297300
0.453576
0.439729
0.898354
0.249100
0.192797
0.597193
0.411837
0.196177
0.150831
0.147864
0.104750
0.114795
0.142753
0.235091
0.237902
0.155084
0.063151
0.078983
0.130598
0.085140
0.131231
0.086866
0.146066
0.245752
0.288625
0.365141
0.476611
0.276416
0.256798
0.268159
0.205252
0.206685
0.151745
0.168421
0.162999
0.174701
0.142818
0.359981
0.174788
0.155742
0.160393
0.135419
0.126713
0.163114
0.218831
0.172525
0.093452
0.170782
0.213363
0.468344
0.264015
0.222114
0.138709
0.225781
0.261557
0.118150
0.171585
0.176687
0.162674
0.119882
0.192169
0.225364
0.247473
0.234874
0.206021
0.293482
0.157081
0.185840
0.166819
0.356385
0.163855
0.245761
0.232034
0.325608
0.267462
0.520766
0.470208
0.145909
0.160249
0.253105
0.152906
0.202598
0.130211
0.197512
0.180338
0.288499
0.188401
0.161181
0.280309
0.173860
0.099670
0.100700
0.143439
0.134806
0.148719
0.295114
0.270662
0.336670
0.203803
0.170202
0.358743
0.385753
0.471215
0.146899
0.207013
0.177538
0.182157
0.212043
0.208393
0.289567
0.180357
0.213438
0.252508
0.128883
0.169467
0.138579
0.147621
0.091742
0.134476
0.106438
0.262149
0.268810
0.262550
0.247833
0.291989
0.163174
0.514866
0.324962
0.215114
0.188286
0.143888
0.141975
0.219164
0.134124
0.167175
0.280270
0.188134
0.299199
0.271690
0.214927
0.159345
0.130690
0.179851
0.173476
0.458251
0.253192
0.469933
0.419636
0.391344
0.315381
0.351294
0.137171
0.255979
0.217021
0.180240
0.131472
0.128117
0.239919
0.215189
0.248172
0.493113
0.370592
0.196999
0.593000
0.356216
0.423905
0.363428
0.182444
0.230247
0.148943
0.206848
0.382936
0.180398
0.412433
0.164768
0.151266
0.514858
0.184217
0.217529
0.169141
0.175872
0.341548
0.322042
0.161311
0.154722
0.146366
0.125608
0.142722
0.338845
0.195988
0.178847
0.129687
0.666236
0.267611
0.189689
0.190814
0.213362
0.187114
0.221976
0.245529
0.153379
0.138944
0.203379
0.231876
0.215780
0.333191
0.281115
0.333400
0.159654
0.112333
0.127993
0.108733
0.192650
0.206987
0.169119
0.245618
0.376588
0.300866
0.323714
0.242388
0.523893
0.279479
0.218938
0.250438
0.150453
0.141284
0.131710
0.120262
0.145966
0.254308
0.209816
0.409873
0.168038
0.160765
0.098082
0.160416
0.184708
0.198950
0.142150
0.133641
0.222824
0.200316
0.521631
0.234154
0.268521
0.343743
0.222116
0.216438
0.279790
0.194172
0.160528
0.166306
0.193408
0.206415
0.160626
0.204663
0.213180
0.169559
0.201935
0.143060
0.155112
0.120342
0.175570
0.313213
0.262244
0.296197
0.411309
0.300938
0.207343
0.670452
0.343155
0.346154
0.166147
0.160367
0.228197
0.206822
0.156830
0.312234
0.351008
0.210921
0.183115
0.168793
0.168578
0.271622
0.322591
0.174199
0.250278
0.220567
0.375225
0.236006
0.263292
0.213088
0.194073
0.405814
0.411767
0.260732
0.165370
0.144686
0.160574
0.184970
0.112967
0.223498
0.187393
0.402826
0.491555
0.394746
0.318733
0.280787
0.341801
0.242338
0.291019
0.336049
0.327223
0.202866
0.216410
0.191456
0.234808
0.337402
0.235757
0.259986
0.122973
0.215046
0.156087
0.169330
0.183582
0.192776
0.184034
0.247501
0.240649
0.236736
0.251107
0.394538
0.226472
0.113562
0.181712
0.451127
0.761088
0.529344
0.269643
0.232041
0.278925
0.379219
0.297176
0.238677
0.234437
0.132922
0.238699
0.199086
0.202797
0.311495
0.371458
0.169640
0.120283
0.142952
0.122632
0.350462
0.176958
0.112621
0.110043
0.110922
0.152323
0.365553
0.403357
1.000000
0.236707
0.297817
0.482196
0.202230
0.242396
0.215253
0.189111
0.161850
0.194201
0.245476
0.172115
0.155460
0.116583
0.130332
0.121240
0.109158
0.101477
0.103034
0.120055
0.120776
0.178220
0.243846
0.373393
0.324017
0.156512
0.191945
0.154368
0.160601
0.135136
0.206619
0.176754
0.189853
0.145974
0.205146
0.658161
0.490324
0.123334
0.191952
0.215397
0.169733
0.164236
0.204058
0.141211
0.305568
0.262475
0.143333
0.206317
0.316042
0.248697
0.199503
0.450938
0.217250
0.243583
0.155821
0.180057
0.135489
0.216155
0.176066
0.231095
0.171305
0.187196
0.167332
0.122744
0.414962
0.153549
0.146266
0.196554
0.130364
0.211097
0.342651
0.346786
0.534173
0.279727
0.203735
0.175339
0.300926
0.194449
0.255236
0.234119
0.183019
0.210754
0.358192
0.495214
0.466289
0.236597
0.148991
0.141219
0.265021
0.441114
0.139347
0.142604
0.271496
0.283074
0.219454
0.237132
0.224299
0.262062
0.196314
0.271902
0.407252
0.351264
0.153504
0.139384
0.250137
0.189523
0.258701
0.197836
0.546296
0.259056
0.422229
0.411282
0.512009
0.321858
0.716364
0.754897
0.413677
0.484472
0.618097
0.226423
0.176589
0.265653
0.398981
0.474376
0.234847
0.233272
0.191240
0.180345
0.158904
0.216945
0.225370
0.203372
0.195170
0.402852
0.406314
0.560860
0.537630
0.431205
0.302953
0.366667
0.148520
0.382743
0.212046
0.220272
0.292577
0.327906
0.283434
0.202866
0.160492
0.250615
0.243494
0.191063
0.244635
0.195788
0.225180
0.198258
0.230302
0.352617
0.331679
0.282434
0.415629
0.238199
0.348462
0.288957
0.242412
0.203210
0.230295
0.319489
0.367926
0.431359
0.517610
0.213064
0.233752
0.264281
0.196350
0.294950
0.237410
0.207841
0.242386
0.244585
0.279210
0.156482
0.220841
0.177190
0.410409
0.239945
0.136572
0.145243
0.303016
0.500244
0.272061
0.288590
0.225723
0.201039
0.245453
0.364333
0.221212
0.189241
0.157951
0.237295
0.198361
0.286371
0.192131
0.255451
0.248477
0.352435
0.242086
0.214702
0.144043
0.221606
0.216650
0.166253
0.370119
0.263652
0.257409
0.227230
0.223285
0.339972
0.334631
0.240810
0.365941
0.264559
0.300453
0.184724
0.276137
0.171059
0.329193
0.223051
0.305040
0.209373
0.137428
0.237527
0.238013
0.210685
0.130535
0.188240
0.142042
0.267464
0.213908
0.523695
0.347056
0.369202
0.587690
0.256621
0.261237
0.247767
0.204801
0.251262
0.273300
0.238024
0.265818
0.269566
0.154945
0.206684
0.205689
0.234909
0.206495
0.247052
0.173831
0.137347
0.228518
0.459781
0.431239
0.528950
0.496174
0.267791
0.156835
0.188534
0.287553
0.224569
0.228584
0.239133
0.168972
0.220007
0.197055
0.237908
0.271742
0.530848
0.330374
0.353793
0.399437
0.166606
0.408261
0.395270
0.423004
0.605336
0.371594
0.331648
0.408674
0.254280
0.242162
0.158194
0.203960
0.273996
0.239305
0.215393
0.194778
0.252136
0.151916
0.169502
0.309266
0.564181
0.510437
0.569624
0.249377
0.519500
0.337364
0.189501
0.359888
0.563225
0.773559
0.525943
0.631718
0.448965
0.366434
0.293653
