0.208962
0.228371
0.264730
0.154940
0.060467
0.056053
0.050734
0.063600
0.082708
0.097557
0.077790
0.163965
0.140109
0.069726
0.086062
0.064893
0.088860
0.074396
0.125291
0.068628
0.098673
0.100392
0.082808
0.057918
0.070715
0.082668
0.060291
0.056867
0.075155
0.048745
0.056843
0.132666
0.246801
0.167480
0.080509
0.093239
0.064486
0.084483
0.080971
0.088929
0.094642
0.099166
0.218356
0.131798
0.215636
0.221013
0.169652
0.110935
0.059196
0.077167
0.077035
0.049451
0.077461
0.087769
0.096227
0.125987
0.215813
0.086204
0.070495
0.061430
0.091694
0.112623
0.067049
0.103642
0.087201
0.142481
0.242392
0.242998
0.188058
0.251559
0.269224
0.156634
0.105819
0.106840
0.109247
0.114171
0.109799
0.116989
0.069168
0.086128
0.098990
0.122736
0.073721
0.115288
0.275819
0.106162
0.115208
0.101160
0.118632
0.175187
0.184868
0.197468
0.177164
0.126680
0.090188
0.068696
0.111802
0.094627
0.073139
0.087613
0.092071
0.099438
0.063139
0.180220
0.221796
0.100200
0.146955
0.098966
0.131674
0.185922
0.127732
0.086175
0.163697
0.268882
0.276721
0.442694
0.331885
0.302083
0.215087
0.226299
0.125512
0.131340
0.109377
0.143488
0.129384
0.143425
0.097759
0.113154
0.113989
0.087005
0.119367
0.089344
0.126397
0.131753
0.087158
0.120900
0.092972
0.093493
0.172149
0.149914
0.142506
0.258053
0.165262
0.226041
0.198401
0.183026
0.068626
0.071812
0.057331
0.074530
0.098482
0.109406
0.140034
0.246167
0.126754
0.074219
0.080123
0.076533
0.081361
0.084421
0.152735
0.256011
0.250033
0.102280
0.123896
0.193266
0.164772
0.137734
0.116946
0.073019
0.074314
0.126382
0.112238
0.068108
0.097379
0.119786
0.118500
0.077372
0.116073
0.115202
0.065996
0.114202
0.092545
0.215820
0.086673
0.209261
0.226496
0.271626
0.282959
0.154608
0.107977
0.078344
0.103623
0.096982
0.087683
0.059316
0.077464
0.074266
0.092022
0.111520
0.067777
0.108053
0.101850
0.066274
0.117084
0.112714
0.234294
0.112317
0.068417
0.174399
0.264099
0.258410
0.186834
0.230275
0.190408
0.127837
0.116074
0.075969
0.101616
0.111313
0.118700
0.086185
0.097579
0.083631
0.112937
0.108752
0.086506
0.098134
0.145137
0.144480
0.105432
0.102248
0.095550
0.095112
0.130184
0.165508
0.101428
0.084353
0.118602
0.069657
0.108636
0.086149
0.089662
0.125139
0.108218
0.072930
0.123779
0.151894
0.144952
0.090039
0.127636
0.129275
0.252507
0.159024
0.140142
0.086972
0.117241
0.215074
0.161078
0.128581
0.176983
0.187525
0.111013
0.136981
0.117256
0.114684
0.121667
0.085480
0.110195
0.096876
0.120201
0.149017
0.093477
0.133438
0.138096
0.089062
0.134484
0.125670
0.148895
0.131201
0.124701
0.120430
0.162040
0.198774
0.218471
0.171507
0.226956
0.130757
0.116870
0.117785
0.108841
0.085845
0.075102
0.123034
0.116819
0.141591
0.129301
0.111315
0.110820
0.124355
0.129830
0.218330
0.286748
0.142550
0.149295
0.113000
0.156368
0.096427
0.115758
0.101841
0.136842
0.121125
0.099390
0.130887
0.134150
0.095365
0.080790
0.107794
0.099033
0.111587
0.107876
0.096670
0.135221
0.090246
0.118918
0.134095
0.103080
0.129723
0.089593
0.153896
0.159822
0.177502
0.252533
0.254779
0.221746
0.209828
0.206995
0.180447
0.134653
0.088140
0.126677
0.128022
0.088253
0.081587
0.107428
0.193885
0.204729
0.099087
0.166999
0.158756
0.297557
0.148734
0.236718
0.201377
0.252998
0.352535
0.347292
0.247963
0.138710
0.094329
0.121708
0.101727
0.112615
0.086667
0.081372
0.131561
0.112185
0.108646
0.118109
0.249721
0.197410
0.183351
0.307033
0.173089
0.137044
0.233879
0.238386
0.235188
0.298419
0.287040
0.304227
0.321730
0.195590
0.102172
0.099277
0.156492
0.175596
0.111073
0.128163
0.169256
0.173911
0.300481
0.155274
0.164223
0.110638
0.091900
0.162107
0.132604
0.091488
0.088679
0.094170
0.209713
0.187711
0.272074
0.219019
0.286381
0.251229
0.201681
0.115703
0.114485
0.077121
0.066402
0.117903
0.073760
0.112345
0.133062
0.085656
0.122287
0.100328
0.108897
0.083473
0.122975
0.100585
0.207563
0.144321
0.201774
0.117209
0.261487
0.181273
0.165813
0.138987
0.099809
0.068207
0.112253
0.088828
0.109220
0.102082
0.108407
0.120962
0.154751
0.308463
0.145201
0.195930
0.073998
0.087889
0.087467
0.098786
0.112550
0.079648
0.126558
0.180721
0.204739
0.167594
0.247297
0.241376
0.135588
0.152748
0.159254
0.156913
0.168396
0.146993
0.158732
0.171431
0.163545
0.094060
0.127270
0.095623
0.167341
0.142278
0.079563
0.123243
0.127481
0.241528
0.182837
0.340842
0.349796
0.207094
0.314638
0.221587
0.193522
0.228874
0.164075
0.083378
0.131835
0.095572
0.115115
0.128040
0.138079
0.072132
0.143041
0.070428
0.095480
0.106143
0.070857
0.113826
0.108902
0.090326
0.127229
0.180707
0.270240
0.275817
0.185227
0.202054
0.154875
0.135236
0.146448
0.085215
0.146844
0.126203
0.071651
0.084292
0.118453
0.110971
0.079329
0.119493
0.141387
0.102761
0.220185
0.153782
0.118091
0.171544
0.177049
0.213077
0.222276
0.281161
0.159892
0.137208
0.089675
0.101438
0.107058
0.123238
0.088535
0.102318
0.110361
0.129715
0.100100
0.118907
0.140537
0.108720
0.110055
0.120175
0.166071
0.129863
0.131344
0.125637
0.315958
0.257594
0.255881
0.257925
0.304595
0.198315
0.260616
0.175271
0.239629
0.093383
0.117898
0.083712
0.142510
0.132075
0.141543
0.173584
0.115746
0.090216
0.090491
0.111302
0.159714
0.104734
0.076261
0.133353
0.196709
0.241979
0.220877
0.214568
0.271761
0.135350
0.111779
0.127783
0.124683
0.092132
0.090633
0.107277
0.103746
0.113184
0.124740
0.122639
0.130520
0.131417
0.090813
0.168217
0.224921
0.124684
0.174014
0.092990
0.211356
0.220534
0.194714
0.181638
0.175598
0.195140
0.175356
0.132110
0.120499
0.084405
0.099480
0.105960
0.123072
0.133844
0.129335
0.111631
0.095605
0.130715
0.126607
0.165719
0.129444
0.086177
0.129782
0.119445
0.276590
0.232065
0.234180
0.168521
0.195128
0.204257
0.280841
0.151943
0.107880
0.084778
0.075708
0.075826
0.109704
0.095123
0.121680
0.115669
0.080640
0.072160
0.075612
0.094910
0.080210
0.083151
0.082945
0.119168
0.200413
0.325740
0.287890
0.215221
0.333008
0.215400
0.282677
0.174849
0.166840
0.167084
0.156972
0.122668
0.142639
0.150103
0.142838
0.098659
0.103668
0.221887
0.143828
0.110309
0.155229
0.082548
0.114134
0.134719
0.160157
0.157246
0.099749
0.169345
0.111702
0.105829
0.123984
0.122979
0.119499
0.070784
0.091533
0.081449
0.106117
0.129759
0.090393
0.095444
0.234783
0.170396
0.115658
0.197310
0.244733
0.117050
0.217200
0.102907
0.075476
0.080774
0.181797
0.187003
0.150035
0.217702
0.235697
0.101104
0.129901
0.077279
0.066355
0.110765
0.099039
0.125787
0.144905
0.166180
0.239724
0.100981
0.148238
0.124820
0.114080
0.092928
0.097058
0.077653
0.087280
0.161754
0.131634
0.120091
0.128851
0.108902
0.097811
0.067468
0.111745
0.084582
0.104508
0.083788
0.056743
0.094140
0.130814
0.060001
0.092428
0.065567
0.095656
0.084939
0.117032
0.078762
0.138037
0.116004
0.124183
0.283474
0.176292
0.261670
0.225840
0.206926
0.262831
0.079628
0.078688
0.062448
0.076423
0.107212
0.103030
0.099644
0.091119
0.087651
0.107263
0.084707
0.079081
0.286781
0.120670
0.087285
0.087782
0.114792
0.181083
0.179757
0.313879
0.268343
0.294003
0.239141
0.216855
0.076424
0.133143
0.114961
0.107522
0.071919
0.127109
0.115698
0.106831
0.110840
0.076627
0.063734
0.068287
0.171421
0.077363
0.273752
0.093473
0.098049
0.139178
0.251985
0.207724
0.289902
0.211798
0.251301
0.124930
0.076024
0.117646
0.070879
0.122025
0.090967
0.121808
0.087298
0.108612
0.125827
0.073391
0.076824
0.093964
0.112707
0.085557
0.114423
0.105815
0.107124
0.132238
0.241099
0.261705
0.306440
0.299086
0.185675
0.274874
0.295437
0.281088
0.225655
0.092312
0.082819
0.084094
0.102646
0.124848
0.130804
0.098914
0.091406
0.143563
0.460230
0.194604
0.296764
0.186668
0.338821
0.258960
0.279338
0.279518
0.285229
0.260253
0.226826
0.314071
0.154501
0.096249
0.115667
0.084560
0.120745
0.078668
0.129083
0.124386
0.326170
0.169448
0.226205
0.188835
0.251684
0.310059
0.443731
0.342806
0.376235
0.221907
0.364805
0.201673
0.214268
0.278474
0.171728
0.163128
0.124356
0.132156
0.102494
0.090522
0.131193
0.121086
0.127941
0.263080
0.262174
0.106204
0.125868
0.091612
0.489490
0.200333
0.108849
0.097074
0.172167
0.305747
0.289110
0.249923
0.301677
0.185286
0.198406
0.140175
0.076878
0.126938
0.135219
0.112762
0.114053
0.097243
0.103408
0.321196
0.124005
0.057984
0.069415
0.083460
0.129760
0.092924
0.078643
0.105209
0.182521
0.289357
0.265687
0.237322
0.247447
0.234798
0.284709
0.109114
0.077770
0.098604
0.101602
0.111621
0.107217
0.145110
0.124036
0.244051
0.163231
0.111384
0.120931
0.103058
0.219891
0.152823
0.115698
0.073395
0.094578
0.132531
0.159650
0.219056
0.292001
0.163759
0.117788
0.116817
0.115431
0.099279
0.131624
0.075859
0.113337
0.102651
0.081858
0.152872
0.101612
0.085911
0.085974
0.070356
0.272278
0.099988
0.096793
0.089751
0.091325
0.301413
0.282238
0.168320
0.174258
0.264785
0.172474
0.175685
0.086944
0.090676
0.096005
0.119220
0.114749
0.087756
0.106137
0.169562
0.179836
0.091075
0.111598
0.082648
0.127206
0.100819
0.088080
0.085549
0.077451
0.130285
0.092316
0.157269
0.160796
0.188652
0.212619
0.210582
0.210258
0.247517
0.115767
0.091078
0.091608
0.144587
0.152250
0.117162
0.106315
0.079268
0.116945
0.072941
0.117592
0.148066
0.181024
0.173514
0.263451
0.225213
0.266702
0.273929
0.176935
0.205034
0.194477
0.261580
0.259426
0.225064
0.210481
0.126408
0.068093
0.105938
0.089818
0.110252
0.079089
0.100271
0.107899
0.108053
0.132393
0.242340
0.169464
0.178254
0.326327
0.105219
0.065356
0.214286
0.146914
0.119412
0.122679
0.134549
0.114550
0.073229
0.071981
0.092387
0.077111
0.117758
0.066324
0.267480
0.180514
0.126373
0.325445
0.276889
0.123647
0.079753
0.089281
0.066249
0.180703
0.389479
0.399228
0.350064
0.220189
0.160864
0.151758
0.206739
0.102980
0.120455
0.112960
0.267551
0.141786
0.103876
0.079721
0.127621
0.075697
0.085356
0.062709
0.066715
0.145502
0.095281
0.215825
0.047280
0.047504
0.063585
0.174767
0.170979
0.161135
0.101303
0.062822
0.067627
0.062168
0.065980
0.081015
0.066706
0.050958
0.077001
0.085463
0.253677
0.126989
0.070513
0.069290
0.077760
0.182129
0.062983
0.061071
0.053061
0.056630
0.154662
0.250917
0.262959
0.199296
0.195436
0.077683
0.067296
0.050542
0.057858
0.066643
0.067427
0.084470
0.077291
0.096875
0.079078
0.078945
0.069209
0.051332
0.058235
0.059072
0.049361
0.063120
0.049833
0.057195
0.150914
0.161253
0.153782
0.149514
0.157775
0.204866
0.089094
0.071497
0.049066
0.087391
0.063994
0.064510
0.052584
0.083622
0.098362
0.062489
0.050308
0.042390
0.052035
0.061670
0.052584
0.059219
0.062147
0.284722
0.236983
0.256568
0.259829
0.328299
0.256914
0.158277
0.131430
0.154050
0.087154
0.043934
0.047852
0.068609
0.071711
0.049425
0.053417
0.061445
0.129495
0.432504
0.320991
0.202032
0.162688
0.150981
0.239726
0.252262
0.290909
0.258301
0.233990
0.152291
0.230959
0.197004
0.244440
0.228944
0.178389
0.205586
0.140272
0.079595
0.074916
0.043110
0.073884
0.080555
0.154892
0.258122
0.241815
0.080088
0.056665
0.058383
0.052789
0.042072
0.052876
0.060197
0.085619
0.092268
0.134707
0.090279
0.109017
0.116433
0.102110
0.101313
0.068717
0.089468
0.087456
0.078001
0.232082
0.103529
0.048009
0.069166
0.229906
0.175915
0.173976
0.074168
0.083646
0.102134
0.097741
0.136012
0.212036
0.134470
0.218609
0.210689
0.147607
0.076053
0.054178
0.056932
0.048963
0.059674
0.066888
0.071506
0.063785
0.052566
0.038515
0.044049
0.053653
0.054874
0.038261
0.058560
0.055780
0.044301
0.143694
0.163102
0.145633
0.188313
0.157102
0.196008
0.120093
0.038699
0.061022
0.057141
0.054913
0.072615
0.060954
0.046479
0.161245
0.152493
0.044896
0.046983
0.063212
0.177423
0.094082
0.043204
0.037146
0.044495
0.051320
0.067569
0.058705
0.058654
0.061981
0.036637
0.039601
0.062497
0.050683
0.053984
0.062214
0.067456
0.055993
0.037305
0.078377
0.040254
0.053432
0.058860
0.065399
0.078224
0.064031
0.194638
0.084639
0.052401
0.088934
0.062919
0.123579
0.181388
0.173967
0.165902
0.106372
0.076484
0.115550
0.108991
0.090585
0.126850
0.138911
0.106595
0.082983
0.284743
0.088571
0.049706
0.050224
0.065881
0.080193
0.091075
0.245734
0.075273
0.110369
0.159375
0.230748
0.185807
0.127296
0.079968
0.086154
0.050478
0.073090
0.093831
0.052881
0.065469
0.052372
0.050765
0.062769
0.067232
0.067773
0.052488
0.067797
0.296885
0.083140
0.067855
0.068354
0.039649
0.063014
0.040370
0.039591
0.132303
0.184495
0.103247
0.074119
0.051644
0.051681
0.061170
0.038761
0.039686
0.044038
0.060107
0.044481
0.055913
0.087245
0.076153
0.076384
0.053155
0.040149
0.064208
0.049330
0.044914
0.067649
0.090631
0.136127
0.075511
0.065296
0.065131
0.087497
0.054038
0.092177
0.079462
0.049404
0.057200
0.054787
0.056600
0.081707
0.065399
0.055518
0.036714
0.046628
0.216879
0.062328
0.053357
0.048819
0.172786
0.148427
0.351948
0.200080
0.240679
0.157517
0.055748
0.080940
0.069803
0.069852
0.060506
0.074922
0.077762
0.057972
0.067652
0.075308
0.081137
0.207469
0.084714
0.052376
0.068729
0.050320
0.069340
0.076091
0.065779
0.078890
0.148016
0.124110
0.147583
0.140505
0.178393
0.117925
0.068354
0.065388
0.068646
0.049159
0.074024
0.055964
0.087778
0.085304
0.050083
0.057468
0.043019
0.073184
0.093825
0.249137
0.105632
0.061534
0.042511
0.130976
0.194043
0.164806
0.177659
0.140638
0.203138
0.095937
0.050759
0.043540
0.045350
0.071280
0.049020
0.046112
0.055713
0.090556
0.049780
0.048848
0.063764
0.054781
0.081692
0.070389
0.073399
0.054725
0.066087
0.089877
0.207488
0.207953
0.199911
0.200326
0.127333
0.104213
0.071467
0.059563
0.072298
0.060531
0.057029
0.102066
0.081814
0.182058
0.092472
0.061516
0.070020
0.069951
0.078314
0.083502
0.067233
0.079229
0.069876
0.135139
0.169854
0.258921
0.233206
0.213549
0.243477
0.195483
0.180878
0.077176
0.085310
0.061552
0.062087
0.072801
0.147445
0.080067
0.106949
0.059102
0.068999
0.071430
0.082071
0.076141
0.076403
0.082962
0.208329
0.047395
0.057839
0.104674
0.107450
0.091200
0.098851
0.073127
0.059843
0.078176
0.055318
0.074738
0.085629
0.077532
0.075808
0.083471
0.059355
0.083441
0.056434
0.085822
0.098189
0.132735
0.087294
0.070474
0.108005
0.091692
0.094766
0.423603
0.218599
0.095758
0.071291
0.080628
0.059791
0.073703
0.067983
0.057023
0.076734
0.054657
0.078187
0.107346
0.051841
0.083030
0.106203
0.145631
0.213214
0.079049
0.049771
0.055039
0.269025
0.309324
0.253686
0.180110
0.185272
0.137983
0.164921
0.134239
0.061726
0.046287
0.043134
0.075411
0.063644
0.102374
0.074196
0.052074
0.067845
0.035289
0.035912
0.056155
0.136992
0.180465
0.062138
0.078382
0.052665
0.173353
0.149838
0.117125
0.118364
0.159386
0.164132
0.134534
0.076307
0.052245
0.055735
0.079220
0.065267
0.053852
0.042690
0.095905
0.064940
0.058198
0.073771
0.049571
0.241983
0.079296
0.038076
0.049887
0.065102
0.106654
0.167165
0.168647
0.211412
0.201394
0.177914
0.098924
0.054705
0.062172
0.074212
0.076558
0.048940
0.062484
0.075257
0.184114
0.118832
0.089038
0.066674
0.075255
0.058458
0.069528
0.064086
0.187607
0.157646
0.172238
0.178279
0.209252
0.257543
0.208512
0.182129
0.152161
0.093002
0.065028
0.087097
0.094972
0.053022
0.073669
0.082847
0.071439
0.057972
0.048513
0.060280
0.053964
0.053823
0.045426
0.058897
0.109600
0.088597
0.236512
0.292122
0.350944
0.196438
0.185778
0.201792
0.197104
0.131251
0.073487
0.065454
0.081572
0.064725
0.097334
0.063259
0.063544
0.141914
0.218008
0.094897
0.128770
0.140435
0.201814
0.185858
0.226013
0.180874
0.218226
0.147702
0.356572
0.156126
0.178356
0.228950
0.185155
0.139240
0.089969
0.089666
0.081471
0.091581
0.068913
0.093387
0.076423
0.067614
0.091428
0.203472
0.240000
0.187655
0.146599
0.094712
0.144882
0.179965
0.114483
0.153066
0.158521
0.104296
0.069726
0.112051
0.067196
0.064736
0.061856
0.079686
0.067534
0.077065
0.056559
0.119267
0.098085
0.157138
0.163892
0.067779
0.075551
0.055361
0.042743
0.075392
0.055409
0.178585
0.206110
0.181486
0.273963
0.197541
0.161536
0.087635
0.061821
0.114105
0.090733
0.062119
0.077664
0.066905
0.074669
0.096258
0.066084
0.062000
0.057451
0.155915
0.184118
0.052940
0.063910
0.062542
0.056250
0.111547
0.198375
0.181228
0.154923
0.186813
0.088175
0.081067
0.099647
0.065067
0.109201
0.073388
0.068757
0.106365
0.066567
0.094987
0.081296
0.077132
0.093398
0.067046
0.376108
0.174995
0.047692
0.068628
0.072533
0.180345
0.166585
0.176227
0.191998
0.162131
0.262812
0.074279
0.078945
0.073762
0.077527
0.084071
0.092651
0.056885
0.100208
0.062646
0.077267
0.158775
0.213293
0.058290
0.073522
0.080285
0.054622
0.081086
0.074307
0.246088
0.211192
0.221646
0.177411
0.197778
0.144932
0.147113
0.078518
0.062329
0.073144
0.087714
0.058369
0.076359
0.086114
0.154362
0.164868
0.247562
0.134951
0.174979
0.069595
0.122433
0.160413
0.141607
0.081029
0.114117
0.268171
0.205573
0.184886
0.263050
0.258069
0.224067
0.058085
0.088635
0.092389
0.099479
0.077972
0.091314
0.082374
0.233891
0.156224
0.120926
0.106611
0.120259
0.042649
0.049895
0.034162
0.118391
0.157404
0.100844
0.126899
0.183923
0.253228
0.176298
0.225347
0.161224
0.189887
0.171999
0.102328
0.066359
0.057568
0.060607
0.062970
0.088495
0.056144
0.069396
0.264051
0.328186
0.082446
0.112863
0.162157
0.142458
0.159520
0.055114
0.086409
0.118267
0.124758
0.090560
0.066500
0.081385
0.055528
0.090139
0.100346
0.060630
0.055605
0.094467
0.077639
0.085225
0.095221
0.052398
0.068500
0.046826
0.049196
0.055090
0.059348
0.071417
0.107654
0.233900
0.204734
0.188172
0.123563
0.173589
0.223068
0.120189
0.161792
0.197701
0.075545
0.063100
0.085979
0.063539
0.077981
0.080419
0.047808
0.061262
0.053225
0.062930
0.070820
0.083341
0.080619
0.054807
0.048237
0.101705
0.228870
0.078721
0.077516
0.068615
0.085977
0.120066
0.060364
0.094196
0.081937
0.078711
0.079167
0.089417
0.093418
0.070708
0.116429
0.077924
0.060335
0.040603
0.062787
0.063349
0.046920
0.069990
0.062956
0.118247
0.189667
0.143212
0.207752
0.256905
0.266269
0.155791
0.051191
0.065056
0.072782
0.070973
0.065017
0.074237
0.219771
0.127563
0.070709
0.087202
0.053355
0.054853
0.096665
0.055639
0.097863
0.219379
0.137226
0.080378
0.240090
0.284208
0.138944
0.330918
0.308681
0.199738
0.088779
0.074141
0.059872
0.072862
0.085531
0.075300
0.074536
0.174035
0.119160
0.076424
0.152271
0.241878
0.161051
0.066951
0.079776
0.083661
0.059857
0.090877
0.240384
0.186578
0.186608
0.145809
0.139204
0.211353
0.153064
0.182451
0.074774
0.100071
0.053650
0.066935
0.058620
0.099157
0.117454
0.126682
0.088877
0.214857
0.209466
0.161216
0.149365
0.177099
0.134186
0.246774
0.236673
0.143035
0.081639
0.112422
0.109212
0.111675
0.106999
0.080299
0.083129
0.068219
0.068939
0.086047
0.075948
0.084276
0.089619
0.062049
0.253963
0.071724
0.152394
0.166591
0.130881
0.122424
0.124560
0.224747
0.065637
0.238924
0.126581
0.095456
0.071343
0.068611
0.071009
0.050221
0.053277
0.083041
0.081247
0.089024
0.096716
0.106070
0.057570
0.087483
0.210055
0.050995
0.259336
0.086213
0.053697
0.047492
0.078545
0.203819
0.130240
0.209418
0.158501
0.229390
0.219144
0.135840
0.065744
0.053937
0.063098
0.078953
0.086099
0.054074
0.068149
0.086712
0.060585
0.054042
0.073607
0.067377
0.083182
0.069828
0.082790
0.044818
0.080135
0.085015
0.104641
0.173939
0.119733
0.099995
0.069861
0.070001
0.088116
0.074144
0.063454
0.085527
0.060331
0.058661
0.065933
0.072972
0.060357
0.098426
0.064516
0.081838
0.357863
0.191377
0.099162
0.095081
0.086434
0.125098
0.194822
0.142724
0.167814
0.176517
0.077927
0.074688
0.077488
0.050530
0.050857
0.062393
0.074080
0.056177
0.079726
0.104988
0.064069
0.171952
0.174304
0.113420
0.299200
0.135089
0.064969
0.090131
0.200190
0.205761
0.103704
0.091101
0.173821
0.145830
0.087446
0.112591
0.075313
0.105169
0.094111
0.057260
0.098947
0.089795
0.072786
0.112629
0.076365
0.069547
0.074329
0.224728
0.197297
0.112884
0.058529
0.065900
0.063705
0.098709
0.121391
0.230402
0.218509
0.295422
0.174157
0.252804
0.211988
0.076714
0.067086
0.072233
0.060909
0.055226
0.068437
0.086954
0.091675
0.071988
0.227532
0.212164
0.088446
0.095218
0.090047
0.110592
0.207906
0.266689
0.154634
0.114017
0.197596
0.262616
0.269726
0.129316
0.087725
0.055939
0.072559
0.078589
0.081269
0.053683
0.067640
0.109221
0.234134
0.147873
0.119495
0.216461
0.283538
0.166664
0.210940
0.145073
0.153035
0.147184
0.085903
0.259748
0.120947
0.109939
0.059643
0.086634
0.039385
0.041986
0.061318
0.081091
0.080497
0.075084
0.099911
0.067132
0.116000
0.163115
0.142258
0.097783
0.095191
0.088486
0.058086
0.195008
0.195064
0.166501
0.229211
0.133815
0.231761
0.176267
0.162061
0.063813
0.049780
0.072909
0.072434
0.051263
0.059654
0.065956
0.092976
0.087207
0.098400
0.086850
0.168983
0.122662
0.046570
0.084752
0.067761
0.038294
0.062729
0.115570
0.247005
0.175739
0.197189
0.109092
0.070622
0.070409
0.050199
0.067875
0.060644
0.060202
0.078188
0.068423
0.061717
0.082721
0.078071
0.069153
0.057155
0.143536
0.340246
0.081136
0.045405
0.062002
0.058919
0.300620
0.215162
0.202216
0.148071
0.328633
0.238686
0.234268
0.064104
0.060729
0.059820
0.048871
0.062486
0.090083
0.060655
0.114477
0.067185
0.053639
0.049047
0.062120
0.073238
0.043855
0.065490
0.077123
0.033973
0.364376
0.250222
0.167235
0.148849
0.247748
0.207580
0.083833
0.075769
0.053212
0.062519
0.064111
0.068197
0.061410
0.077596
0.089101
0.076837
0.084117
0.062397
0.064414
0.077811
0.050594
0.036606
0.072444
0.058300
0.166921
0.122238
0.170682
0.138877
0.175296
0.087892
0.075284
0.061772
0.068944
0.091903
0.072329
0.053141
0.077486
0.087697
0.152475
0.104964
0.056988
0.087447
0.200888
0.168951
0.181889
0.109739
0.158037
0.220507
0.177150
0.322648
0.194771
0.240263
0.242998
0.326844
0.237937
0.165870
0.117035
0.072134
0.123189
0.071648
0.095822
0.080050
0.058780
0.268245
0.333043
0.193688
0.186602
0.128621
0.090393
0.071201
0.103516
0.147660
0.133778
0.215312
0.151676
0.171864
0.092056
0.115190
0.087983
0.068244
0.051583
0.042866
0.051177
0.055639
0.056252
0.069687
0.072589
0.070501
0.168715
0.072763
0.070992
0.070375
0.063783
0.083421
0.091341
0.267167
0.448503
0.137386
0.150688
0.109134
0.109412
0.127796
0.207906
0.110471
0.053599
0.050270
0.056747
0.072888
0.049955
0.067142
0.048360
0.060302
0.059170
0.069978
0.041183
0.220148
0.257105
0.146170
0.040769
0.039986
0.119069
0.129925
0.159915
0.145428
0.151699
0.103940
0.067414
0.056901
0.068721
0.073676
0.047207
0.069442
0.087061
0.087944
0.051904
0.074261
0.051216
0.066355
0.062720
0.068779
0.059121
0.076628
0.055263
0.066143
0.132390
0.205802
0.143904
0.223586
0.139808
0.263693
0.093481
0.084357
0.048385
0.071356
0.075643
0.072886
0.067064
0.054981
0.087870
0.077159
0.248536
0.084817
0.055762
0.099889
0.030882
0.054620
0.036317
0.094915
0.299350
0.190770
0.181734
0.250379
0.238051
0.183193
0.287494
0.098996
0.065794
0.043203
0.060609
0.069536
0.053921
0.045350
0.122761
0.086633
0.086985
0.052837
0.090304
0.094579
0.115224
0.114928
0.188672
0.156903
0.166424
0.194048
0.189347
0.396705
0.210126
0.109766
0.057008
0.078350
0.065566
0.101098
0.047624
0.077102
0.066793
0.064926
0.099525
0.321864
0.174560
0.051849
0.068370
0.067665
0.108771
0.095731
0.192279
0.201247
0.129243
0.182110
0.247119
0.254324
0.164346
0.161437
0.113595
0.095899
0.115088
0.082411
0.116162
0.087754
0.062721
0.073546
0.107671
0.067605
0.066376
0.075366
0.100992
0.109610
0.132058
0.223052
0.103798
0.228028
0.067089
0.193470
0.172666
0.121793
0.069147
0.198262
0.062035
0.087469
0.053902
0.080908
0.056340
0.057950
0.050215
0.058486
0.135089
0.201236
0.062185
0.047819
0.067837
0.069784
0.058953
0.049798
0.060172
0.054843
0.169942
0.136779
0.186662
0.192019
0.207121
0.199453
0.088034
0.064445
0.059371
0.085251
0.082726
0.090195
0.053485
0.050057
0.059832
0.080502
0.102821
0.092283
0.089721
0.128245
0.072898
0.067125
0.064287
0.086443
0.203824
0.294570
0.159023
0.240173
0.283849
0.098258
0.073526
0.071774
0.076812
0.057355
0.050866
0.058858
0.071433
0.057640
0.101938
0.061225
0.067814
0.066763
0.047840
0.111059
0.050670
0.054844
0.085896
0.210680
0.126109
0.182660
0.152135
0.145262
0.151444
0.167031
0.065637
0.078603
0.072888
0.058343
0.062545
0.046882
0.065591
0.058886
0.088701
0.057685
0.045653
0.054158
0.082883
0.226419
0.123107
0.111565
0.178197
0.099450
0.096102
0.154572
0.184040
0.147981
0.193696
0.187914
0.115909
0.088212
0.059586
0.069954
0.066343
0.078023
0.070805
0.080735
0.069522
0.059670
0.070601
0.043297
0.222220
0.102479
0.040115
0.063602
0.113745
0.173251
0.086815
0.102243
0.134748
0.110183
0.115357
0.120474
0.103877
0.133313
0.054799
0.074711
0.055696
0.074763
0.079875
0.079770
0.083320
0.047923
0.058896
0.073639
0.069614
0.076508
0.059794
0.132150
0.185586
0.082204
0.077499
0.287313
0.132775
0.082908
0.086754
0.078095
0.059180
0.072701
0.092812
0.090619
0.080732
0.064821
0.055841
0.072949
0.043362
0.046990
0.057000
0.067450
0.112310
0.253714
0.141149
0.375085
0.255080
0.136164
0.076875
0.194123
0.086033
0.092888
0.241216
0.113117
0.080814
0.056938
0.055277
0.049093
0.063589
0.065147
0.065028
0.088014
0.095491
0.064198
0.071926
0.049115
0.053754
0.093075
0.078967
0.055186
0.039603
0.196845
0.196852
0.311043
0.323963
0.198566
0.220006
0.271987
0.205357
0.099101
0.080797
0.057775
0.072472
0.049477
0.060235
0.078680
0.078451
0.091826
0.068440
0.071010
0.101642
0.104044
0.074579
0.077440
0.085057
0.063249
0.169805
0.195704
0.154266
0.160441
0.242919
0.185062
0.104739
0.079334
0.068761
0.072574
0.074231
0.091095
0.086865
0.098400
0.104616
0.062142
0.105805
0.261600
0.274429
0.372394
0.090942
0.097233
0.115065
0.156394
0.201936
0.162729
0.185754
0.128226
0.179717
0.109986
0.187545
0.068186
0.073983
0.093622
0.058346
0.085513
0.074297
0.118913
0.120805
0.099395
0.090662
0.104199
0.089980
0.077498
0.079144
0.081853
0.073681
0.077190
0.235888
0.162983
0.206358
0.132580
0.090898
0.124833
0.103412
0.117734
0.070571
0.096244
0.088312
0.066241
0.088148
0.091609
0.093744
0.071238
0.099393
0.162019
0.073239
0.375017
0.095594
0.097079
0.057958
0.163633
0.232979
0.242252
0.153328
0.214191
0.158597
0.201290
0.191490
0.124729
0.068000
0.083484
0.087382
0.091393
0.068964
0.069991
0.117663
0.109273
0.129134
0.343877
0.246940
0.174678
0.199848
0.221594
0.098711
0.073897
0.066820
0.084459
0.107356
0.062435
0.129234
0.072930
0.067569
0.061262
0.085978
0.072853
0.066498
0.093298
0.081067
0.091264
0.084801
0.088570
0.194296
0.103880
0.122596
0.088654
0.114727
0.270124
0.124020
0.123455
0.115921
0.077645
0.111395
0.108936
0.132691
0.078227
0.111027
0.082957
0.101323
0.058912
0.078194
0.092330
0.079041
0.088750
0.168843
0.115042
0.212482
0.093446
0.199000
0.072813
0.048541
0.065768
0.083691
0.073432
0.211174
0.227887
0.202020
0.218199
0.230726
0.128646
0.054645
0.051965
0.070626
0.075740
0.050355
0.049660
0.066026
0.073744
0.060053
0.105874
0.221807
0.120824
0.126831
0.194172
0.123981
0.075477
0.054424
0.105873
0.097661
0.216807
0.167765
0.142757
0.192441
0.163126
0.045994
0.056334
0.076767
0.051341
0.072226
0.075911
0.075639
0.056031
0.243995
0.121744
0.049613
0.155782
0.058834
0.105212
0.064044
0.067456
0.051638
0.101782
0.162461
0.224249
0.219819
0.147292
0.196446
0.147801
0.069415
0.083317
0.094637
0.060794
0.052686
0.056395
0.049176
0.079558
0.082531
0.098707
0.203220
0.079865
0.202598
0.076890
0.060342
0.056006
0.117433
0.075008
0.080689
0.062254
0.090183
0.057946
0.080706
0.122614
0.113609
0.073710
0.051820
0.038009
0.067251
0.064619
0.057119
0.081306
0.080893
0.043749
0.056017
0.045206
0.052468
0.055889
0.078498
0.074649
0.078599
0.044864
0.152281
0.171251
0.183745
0.114996
0.152696
0.159294
0.215846
0.113812
0.075977
0.065626
0.077210
0.062367
0.055379
0.048403
0.076254
0.199602
0.143260
0.082030
0.173095
0.173436
0.153745
0.161316
0.176632
0.412158
0.200445
0.185566
0.122308
0.066438
0.077813
0.100787
0.055933
0.065020
0.049956
0.066547
0.038335
0.062892
0.052527
0.046462
0.090582
0.057954
0.107036
0.150146
0.172984
0.119681
0.223543
0.141606
0.318707
0.090540
0.074008
0.116225
0.069722
0.081478
0.122948
0.097387
0.062890
0.049566
0.058347
0.052132
0.064160
0.055167
0.062151
0.054194
0.082909
0.058322
0.054731
0.070702
0.041341
0.299570
0.155227
0.154451
0.256971
0.092042
0.332103
0.162596
0.180386
0.202527
0.261386
0.319613
0.363002
0.189591
0.176082
0.143404
0.139977
0.055018
0.055107
0.078557
0.104291
0.090822
0.204962
0.110340
0.086830
0.274029
0.161975
0.140073
0.075587
0.102665
0.258787
0.185150
0.139472
0.134392
0.203567
0.168004
0.248587
0.079409
0.066153
0.047398
0.065082
0.070993
0.051330
0.063223
0.109052
0.052218
0.062502
0.057556
0.127817
0.123676
0.042916
0.039911
0.054284
0.059503
0.097904
0.220749
0.201153
0.179785
0.116986
0.099345
0.052845
0.070634
0.055335
0.069419
0.057652
0.049529
0.042081
0.085047
0.127681
0.067871
0.105607
0.177224
0.129715
0.057277
0.045790
0.065790
0.115899
0.130752
0.074945
0.077268
0.062597
0.056732
0.079617
0.228007
0.161642
0.187375
0.045136
0.048783
0.062916
0.069304
0.046530
0.057018
0.062160
0.053686
0.060193
0.081844
0.030396
0.049297
0.078739
0.054750
0.044241
0.078342
0.180468
0.149102
0.184213
0.126087
0.228712
0.143133
0.219063
0.234743
0.113077
0.049243
0.061928
0.075599
0.043709
0.057176
0.061287
0.048539
0.069294
0.055546
0.161678
0.265868
0.117919
0.158151
0.076387
0.108201
0.150809
0.127784
0.194572
0.153295
0.181304
0.133860
0.190927
0.063348
0.061409
0.051524
0.051360
0.062382
0.052281
0.061446
0.063675
0.047646
0.064996
0.153964
0.178998
0.153034
0.198635
0.187117
0.240492
0.149046
0.103665
0.084075
0.072586
0.105371
0.358016
0.230326
0.112462
0.113496
0.086414
0.097342
0.094579
0.093667
0.090262
0.081941
0.089265
0.064672
0.079908
0.082179
0.111973
0.114350
0.100551
0.133174
0.101124
0.128911
0.253923
0.240454
0.251274
0.231795
0.445718
0.250987
0.266634
0.241113
0.119507
0.097227
0.084748
0.061088
0.078680
0.063150
0.166001
0.230122
0.259757
0.188217
0.312373
0.228699
0.237626
0.236675
0.256912
0.362588
0.394012
0.472766
0.326738
0.412479
0.304172
0.161974
0.166230
0.231368
0.163428
0.191450
0.096902
0.120033
0.112020
0.139984
0.127599
0.117148
0.156080
0.107494
0.147694
0.136313
0.206895
0.216496
0.190505
0.255348
0.151020
0.389361
0.278386
0.182387
0.254804
0.169002
0.161079
0.089058
0.066934
0.076086
0.061859
0.084098
0.057298
0.088474
0.098378
0.083237
0.095126
0.069291
0.194193
0.326746
0.124383
0.124664
0.181449
0.090613
0.234813
0.302202
0.138396
0.196120
0.255086
0.200116
0.173010
0.059260
0.062734
0.052333
0.053531
0.039377
0.048988
0.045763
0.081578
0.064758
0.047704
0.104333
0.096409
0.120473
0.076973
0.074362
0.052415
0.099163
0.110989
0.202527
0.241215
0.151601
0.140828
0.194571
0.197414
0.171969
0.164748
0.073868
0.061733
0.038355
0.045363
0.062920
0.102777
0.080814
0.271619
0.177031
0.091726
0.220980
0.070225
0.083772
0.136312
0.073753
0.058571
0.088996
0.072126
0.077114
0.092833
0.114980
0.074095
0.060457
0.042156
0.077950
0.065830
0.059798
0.047712
0.082241
0.082157
0.093941
0.103601
0.081590
0.111157
0.099321
0.128057
0.225456
0.257791
0.241529
0.270306
0.165184
0.287760
0.143833
0.115354
0.203139
0.065075
0.060573
0.085025
0.047191
0.063702
0.076678
0.055883
0.064280
0.061257
0.059624
0.060016
0.051550
0.085272
0.064783
0.066487
0.069899
0.066759
0.079453
0.089721
0.209412
0.155768
0.191803
0.230500
0.280960
0.096791
0.064852
0.082937
0.066363
0.083571
0.058748
0.067000
0.071276
0.294421
0.133911
0.087736
0.078967
0.123909
0.071141
0.277604
0.099281
0.068887
0.067016
0.103843
0.198681
0.159305
0.210736
0.210996
0.211104
0.181772
0.307150
0.071273
0.090450
0.069689
0.076212
0.059897
0.081972
0.060353
0.057677
0.061378
0.062084
0.051982
0.104505
0.059510
0.075906
0.060415
0.069409
0.105933
0.191370
0.143864
0.236915
0.329082
0.264330
0.220456
0.121436
0.104848
0.057375
0.054113
0.057390
0.062375
0.073571
0.103725
0.089834
0.146172
0.230259
0.134719
0.084072
0.092652
0.157783
0.162568
0.270396
0.272562
0.264914
0.070296
0.090858
0.096151
0.107898
0.146723
0.181178
0.073330
0.075171
0.064912
0.060393
0.060136
0.072949
0.058103
0.088329
0.118705
0.194114
0.116615
0.168320
0.317816
0.127253
0.113792
0.352185
0.168428
0.221492
0.201365
0.129606
0.118411
0.117636
0.117279
0.219537
0.109515
0.147254
0.087319
0.077981
0.094448
0.080156
0.100405
0.099283
0.216908
0.258434
0.074391
0.169270
0.059917
0.093662
0.181270
0.124316
0.102855
0.230046
0.161890
0.146109
0.110842
0.146100
0.116060
0.092668
0.126848
0.088361
0.067828
0.055210
0.047528
0.062490
0.067815
0.071601
0.104380
0.207166
0.252576
0.147618
0.059973
0.050081
0.182908
0.181776
0.117866
0.161393
0.150155
0.123776
0.257741
0.112774
0.112222
0.104914
0.082234
0.075913
0.060842
0.049246
0.081946
0.079461
0.066343
0.065091
0.132568
0.303243
0.193690
0.148206
0.175840
0.135377
0.102048
0.215393
0.199052
0.155561
0.147989
0.211770
0.222174
0.093363
0.069509
0.071029
0.069028
0.063775
0.055898
0.056318
0.063669
0.061555
0.073681
0.057965
0.075320
0.077681
0.113604
0.366399
0.185481
0.162883
0.057575
0.033830
0.104769
0.154059
0.165713
0.139650
0.202833
0.149855
0.059594
0.077840
0.089313
0.045422
0.055105
0.074292
0.055429
0.071098
0.098563
0.177900
0.167657
0.048792
0.078826
0.169690
0.112122
0.063290
0.068444
0.105793
0.278941
0.250827
0.206486
0.210063
0.168294
0.134954
0.131199
0.111992
0.116240
0.090876
0.113795
0.089254
0.062063
0.072077
0.124681
0.092413
0.088518
0.107675
0.089488
0.089585
0.069942
0.136075
0.253262
0.214651
0.211152
0.112194
0.054930
0.069030
0.094968
0.140870
0.123500
0.161240
0.173529
0.252002
0.217222
0.148528
0.219889
0.160870
0.224972
0.434137
0.363967
0.188385
0.188139
0.425394
0.302409
0.301642
0.405236
0.355842
0.453549
0.395187
0.300335
0.300274
0.273210
0.447918
0.252437
0.112127
0.188901
0.090114
0.146689
0.068601
0.046113
0.058442
0.196259
0.142788
0.203236
0.223357
0.510519
0.358317
0.286075
0.185577
0.282221
0.243108
0.273760
0.278444
0.348791
0.299083
0.319123
0.265699
0.136136
0.225362
0.110833
0.217208
0.172804
0.180910
0.090012
0.130203
0.175700
0.184299
0.285152
0.310309
0.281016
0.202794
0.301517
0.522377
0.555720
0.317542
0.495553
0.538724
0.306505
0.468563
0.334915
0.110083
0.167539
0.108451
0.064982
0.066970
0.058507
0.079150
0.082023
0.127930
0.131650
0.244446
0.115555
0.105307
0.200908
0.310252
0.243625
0.193419
0.234271
0.252588
0.264667
0.334961
0.425364
0.425525
0.346444
0.334608
0.193449
0.213565
0.131584
0.098283
0.081907
0.090375
0.094035
0.094330
0.255343
0.080692
0.124415
0.116468
0.181769
0.276731
0.289257
0.373829
0.213644
0.373019
0.310823
0.486840
0.495865
0.491954
0.356968
0.253145
0.267995
0.176086
0.118364
0.096352
0.068314
0.095107
0.078308
0.102209
0.128213
0.128803
0.102171
0.169336
0.375166
0.223897
0.211676
0.339645
0.330214
0.366939
0.356834
0.309948
0.323573
0.365076
0.358585
0.195220
0.367750
0.215206
0.152726
0.079370
0.154697
0.079576
0.081948
0.154957
0.123310
0.164792
0.084461
0.288724
0.299839
0.404107
0.356015
0.176839
0.352487
0.452219
0.287542
0.532318
0.251754
0.339903
0.274453
0.227602
0.108581
0.233672
0.132601
0.140226
0.098109
0.079854
0.058162
0.095720
0.079040
0.184519
0.099732
0.206008
0.251507
0.358556
0.301477
0.228519
0.309492
0.307473
0.566495
0.526023
0.266784
0.416773
0.229640
0.389666
0.396843
0.350388
0.270702
0.180225
0.289820
0.128512
0.230102
0.085867
0.262432
0.280493
0.254530
0.568753
0.357045
0.622114
0.528109
0.517610
0.654243
0.577835
0.603693
0.657524
0.385592
0.608948
0.307499
0.269169
0.280734
0.350326
0.194899
0.272093
0.147588
0.198438
0.205264
0.163262
0.198161
0.362455
0.593506
0.473615
0.263828
0.253762
0.369774
0.512989
0.521814
0.426873
0.565601
0.394479
0.440456
0.434508
0.519393
0.484783
0.321102
0.315766
0.201401
0.278885
0.266380
0.147561
0.080934
0.121244
0.276966
0.430238
0.325067
0.229446
0.320687
0.612483
0.454049
0.245288
0.251737
0.388296
0.434886
0.353104
0.261271
0.556334
0.485413
0.457244
0.297983
0.070764
0.085998
0.108196
0.063256
0.052233
0.073348
0.072500
0.186185
0.220310
0.184081
0.352128
0.379292
0.217707
0.449713
0.318008
0.324379
0.496604
0.622299
0.467338
0.582190
0.425066
0.369101
0.418930
0.329758
0.175875
0.270713
0.152087
0.086237
0.129933
0.075989
0.199266
0.243951
0.252433
0.094139
0.164968
0.105580
0.456892
0.167542
0.261357
0.273049
0.241683
0.384143
0.287715
0.501569
0.442093
0.417025
0.297392
0.098955
0.130382
0.140545
0.082254
0.127913
0.069254
0.102866
0.076392
0.180826
0.244063
0.217905
0.340314
0.183371
0.242893
0.214450
0.645619
0.459131
0.726236
0.646127
0.300241
0.459158
0.326635
0.236840
0.277968
0.273035
0.343440
0.237791
0.152088
0.127476
0.110225
0.069918
0.091673
0.096381
0.210704
0.166873
0.353859
0.243487
0.334457
0.229594
0.458640
0.366026
0.391730
0.295727
0.382196
0.355288
0.390298
0.389417
0.351965
0.313458
0.253891
0.154874
0.109721
0.124298
0.097216
0.074275
0.081472
0.114271
0.122448
0.272455
0.451132
0.220049
0.453065
0.330344
0.338710
0.258566
0.255151
0.207085
0.344567
0.275842
0.312302
0.186023
0.222646
0.179184
0.166829
0.118992
0.125560
0.120826
0.106562
0.077668
0.074523
0.117771
0.143102
0.096002
0.260626
0.172482
0.156146
0.318547
0.185950
0.442351
0.331174
0.238612
0.170238
0.178914
0.129588
0.304331
0.306212
0.057391
0.050778
0.045162
0.069196
0.053342
0.062455
0.064723
0.060033
0.073991
0.075157
0.072456
0.068818
0.205273
0.147826
0.180132
0.095675
0.217487
0.208989
0.205543
0.295869
0.388256
0.379870
0.325562
0.153623
0.132525
0.141443
0.085716
0.058798
0.088119
0.069826
0.082757
0.071567
0.248940
0.240971
0.066057
0.103043
0.190838
0.132079
0.209011
0.116763
0.268360
0.186152
0.238938
0.299282
0.347870
0.164811
0.409745
0.414737
0.130151
0.090877
0.084182
0.076456
0.102412
0.064490
0.075418
0.101380
0.089628
0.137930
0.100411
0.102952
0.120943
0.301853
0.103048
0.160588
0.093178
0.219086
0.253201
0.397008
0.364190
0.314214
0.340039
0.383166
0.118262
0.180232
0.092310
0.111771
0.117032
0.060551
0.063143
0.070991
0.153177
0.189454
0.301440
0.203132
0.255982
0.120283
0.248425
0.140036
0.141376
0.173033
0.334657
0.338924
0.279776
0.520588
0.326052
0.362989
0.168960
0.118239
0.070815
0.081997
0.079113
0.055971
0.058876
0.073275
0.078613
0.203011
0.240827
0.193721
0.234787
0.148173
0.120039
0.141223
0.198234
0.197742
0.121370
0.064709
0.085037
0.066397
0.071877
0.080438
0.136273
0.083799
0.059318
0.080768
0.049673
0.043882
0.052689
0.050478
0.043106
0.087394
0.067792
0.073316
0.088122
0.088574
0.051239
0.093280
0.059480
0.084952
0.064099
0.091083
0.098365
0.142556
0.154448
0.186464
0.053109
0.111078
0.106814
0.133211
0.104788
0.092520
0.114433
0.075287
0.104468
0.142296
0.126190
0.200600
0.206077
0.188251
0.130313
0.215175
0.245985
0.146585
0.168649
0.231622
0.184933
0.124318
0.211822
0.207185
0.126978
0.080375
0.057121
0.059935
0.059330
0.075280
0.058348
0.065526
0.085467
0.060740
0.063270
0.066932
0.178073
0.144667
0.257322
0.226860
0.093384
0.072527
0.119104
0.207342
0.253385
0.209962
0.177323
0.099525
0.085018
0.061720
0.074841
0.084366
0.065587
0.078542
0.084661
0.074525
0.118503
0.102931
0.066249
0.079845
0.098259
0.200931
0.137578
0.193576
0.260950
0.242717
0.225997
0.280601
0.262703
0.240818
0.177069
0.312310
0.182275
0.167325
0.080498
0.148142
0.062376
0.089018
0.097953
0.087621
0.211691
0.324397
0.266279
0.339730
0.490275
0.314876
0.167791
0.268897
0.179483
0.282064
0.567330
0.423144
0.424651
0.311225
0.253116
0.198074
0.147071
0.146568
0.107737
0.121663
0.142219
0.103625
0.120952
0.115506
0.283910
0.171493
0.149660
0.266936
0.395030
0.232023
0.150006
0.213806
0.333496
0.368313
0.419931
0.424503
0.280311
0.371124
0.225177
0.210510
0.239361
0.085495
0.131247
0.095160
0.108213
0.111726
0.075220
0.076806
0.112137
0.073606
0.171848
0.317666
0.167101
0.183059
0.238767
0.135007
0.285164
0.337317
0.262285
0.228285
0.166512
0.174432
0.271661
0.185311
0.201964
0.106892
0.104380
0.078838
0.121895
0.087083
0.063497
0.137352
0.170374
0.127528
0.163538
0.225085
0.195203
0.531926
0.545546
0.221234
0.356788
0.245995
0.329353
0.439142
0.454606
0.383849
0.303189
0.277641
0.173451
0.140145
0.106672
0.126967
0.151142
0.175008
0.112043
0.165378
0.089144
0.177232
0.314690
0.263133
0.459714
0.515811
0.563914
0.404694
0.933032
1.000000
0.833404
0.609475
0.341760
0.338793
0.542986
0.503635
0.201019
0.216312
0.292666
0.155266
0.183259
0.110226
0.143813
0.095497
0.154492
0.282043
0.209853
0.256126
0.259797
0.331208
0.387452
0.358947
0.290159
0.334820
0.470567
0.610687
0.657347
0.540472
0.435145
0.387166
0.451965
0.330752
0.353443
0.350233
0.259095
0.150555
0.164472
0.159520
0.182625
0.461343
0.321775
0.331042
0.382071
0.521279
0.445549
0.408664
0.531951
0.449400
0.585676
0.588733
0.512344
0.358484
0.445484
0.371616
0.252430
0.208808
0.366065
0.236034
0.192796
0.111700
0.111049
0.096096
0.193230
0.181049
0.435268
0.298669
0.273731
0.606962
0.412988
0.450911
0.608685
0.772298
0.892210
0.664813
0.718622
0.372687
0.390304
0.460722
0.420015
0.281562
0.240734
0.195238
0.316070
0.266202
0.112189
0.205111
0.237889
0.236041
0.324933
0.328529
0.366238
0.516879
0.420539
0.674592
0.607198
0.977425
0.747030
0.538893
0.822243
0.438686
0.428839
0.322434
0.491296
0.398650
0.386752
0.244392
0.169956
0.166221
0.189252
0.175107
0.198083
0.248267
0.200768
0.264744
0.265288
0.382045
0.492196
0.346025
0.414123
0.447009
0.618237
0.301193
0.461867
0.318149
0.374913
0.350739
0.188240
0.218474
0.213457
0.171640
0.144860
0.143934
0.108661
0.074667
0.092485
0.284435
0.245380
0.393139
0.569529
0.442918
0.398320
0.298718
0.379367
0.296589
0.506365
0.496598
0.305463
0.334695
0.423522
0.229482
0.249894
0.137271
0.132929
0.153343
0.185630
0.116288
0.129364
0.112757
0.120035
0.108910
0.263327
0.307233
0.435056
0.586052
0.590413
0.487523
0.703089
0.669932
0.599297
0.765569
0.424000
0.764348
0.581732
0.500482
0.339646
0.382353
0.264078
0.350781
0.447298
0.183415
0.233937
0.144083
0.347509
0.437828
0.203727
0.314807
0.227082
0.421234
0.299575
0.385869
0.294252
0.341179
0.302983
0.404383
0.356575
0.468021
0.366611
0.332077
0.264660
0.199744
0.280082
0.162303
0.176271
0.149525
0.157250
0.151177
0.159185
0.217524
0.201590
0.193368
0.284337
0.649914
0.507458
0.400034
0.414395
0.349031
0.544792
0.618554
0.816577
0.513173
0.542668
0.586188
0.656213
0.389368
0.278109
0.403088
0.442276
0.338733
0.372722
0.312915
0.398004
0.418521
0.586497
0.591045
0.497585
0.755494
0.388432
0.543519
0.514745
0.538422
0.487603
0.556540
0.344712
0.470323
0.480579
0.538394
0.193316
0.335242
0.250969
0.183388
0.127909
0.111924
0.139857
0.171454
0.241413
0.185730
0.199447
0.173578
0.192524
0.354750
0.450963
0.206121
0.244588
0.305530
0.438543
0.283345
0.269980
0.192134
0.180285
0.158591
0.281510
0.210436
0.125733
0.102029
0.136886
0.146768
0.123584
0.095103
0.124982
0.156557
0.175064
0.217054
0.149726
0.257490
0.438807
0.325221
0.282754
0.382842
0.534932
0.386601
0.305643
0.413250
0.517833
0.363450
0.351473
0.190697
0.159126
0.191862
0.218673
0.160090
0.132356
0.168780
0.183318
0.163509
0.272772
0.284126
0.684072
0.491675
0.487152
0.650268
0.770424
0.834634
0.552525
0.555432
0.590854
0.415166
0.373916
0.571699
0.425342
0.442030
0.181330
0.323088
0.341688
0.169680
0.159717
0.125437
0.357281
0.425431
0.398383
0.437940
0.387153
0.366908
0.372812
0.564777
0.653417
0.625927
0.594787
0.348721
0.570151
0.683741
0.525993
0.560294
0.550450
0.229326
0.248592
0.265798
0.164898
0.167929
0.195034
0.174818
0.228693
0.374335
0.291250
0.195265
0.348782
0.395302
0.370690
0.510138
0.457974
0.438571
0.569586
0.807648
0.832583
0.495651
0.718877
0.678348
0.507078
0.294880
0.292108
0.401314
0.330819
0.192704
0.259607
0.367795
0.547869
0.348798
0.197455
0.348784
0.569146
0.410777
0.687517
0.555003
0.541975
0.544622
0.623058
0.482202
0.825976
0.562029
0.601573
0.481687
0.547168
0.313230
0.283814
0.186059
0.287258
0.208200
0.202938
0.242755
0.225591
0.312183
0.248992
0.587810
0.736390
0.555073
0.435279
0.407404
0.625411
0.600633
0.576485
0.717394
0.494396
0.694373
0.412295
0.321622
0.365968
0.337631
0.272255
0.258902
0.234399
0.299342
0.257762
0.223509
0.264598
0.329985
0.835488
0.535833
0.474422
0.627740
0.662665
0.635061
0.417110
0.542847
0.797602
0.792610
0.613323
0.581598
0.533229
0.427752
0.479276
0.535711
0.271822
0.193178
0.336126
0.330892
0.197113
0.225000
0.198781
0.149481
0.455492
0.307401
0.209489
0.455743
0.208292
0.438629
0.330512
0.307953
0.524717
0.412939
0.342060
0.371459
0.477295
0.314853
0.199943
0.172834
0.226872
0.268146
0.296718
0.181054
0.160546
0.193020
0.194698
0.158619
0.296618
0.258555
0.268798
0.254213
0.446676
0.615380
0.363376
0.419112
0.465441
0.487218
0.497133
0.289089
0.414392
0.513063
0.384930
0.389896
0.255946
0.335083
0.153852
0.197922
0.169259
0.140892
0.163061
0.292693
0.238941
0.228563
0.353928
0.456507
0.539332
0.573466
0.442254
0.465827
0.361179
0.419280
0.459850
0.411433
0.585188
0.434371
0.246673
0.212836
0.164751
0.200928
0.158403
0.162974
0.113756
0.122853
0.250723
0.261143
0.313661
0.220338
0.381162
0.275988
0.596637
0.471852
0.524722
0.470588
0.723359
0.472097
0.323908
0.253789
0.467539
0.271714
0.211697
0.235023
0.247931
0.278590
0.148358
0.134479
0.119222
0.128497
0.242594
0.476165
0.244578
0.263543
0.383679
0.549159
0.514468
0.458095
0.633055
0.539154
0.619482
0.520233
0.536433
0.634639
0.672513
0.280234
0.326421
0.364417
0.359187
0.322489
0.284406
0.321255
0.306338
0.195689
0.327905
0.372461
0.338268
0.207328
0.440798
0.361277
0.327364
0.381789
0.315958
0.418084
0.417397
0.647344
0.400218
0.536946
0.672622
0.373116
0.249789
0.164676
0.162945
0.185549
0.167388
0.100679
0.182465
0.127268
0.164835
0.371500
0.205187
0.238146
0.426039
0.383247
0.674988
0.398104
0.398311
0.738035
0.454537
0.650665
0.466896
0.398549
0.291847
0.394930
0.343823
0.320203
0.390652
0.246035
0.247785
0.189588
0.151930
0.123352
0.122176
0.205966
0.256379
0.302537
0.349822
0.590628
0.429433
0.530187
0.532281
0.545248
0.569393
0.391117
0.608739
0.282586
0.358485
0.328052
0.512890
0.275804
0.156706
0.173902
0.173016
0.113417
0.103172
0.174853
0.256807
0.197653
0.328363
0.469908
0.283477
0.513420
0.469454
0.586606
0.343616
0.402673
0.676771
0.497713
0.280675
0.336528
0.341808
0.444992
0.198741
0.153153
0.153446
0.148175
0.194918
0.180821
0.151620
0.146829
0.139635
0.266701
0.248600
0.741355
0.440119
0.339277
0.539665
0.483450
0.861555
0.517674
0.478121
0.623147
0.383352
0.454656
0.414908
0.258293
0.205605
0.157982
0.242760
0.248342
0.126820
0.119667
0.136312
0.093288
0.095637
0.181703
0.216821
0.197944
0.312165
0.429697
0.276507
0.410361
0.253848
0.476238
0.421135
0.433511
0.472748
0.516483
0.643860
0.495163
0.503895
0.383802
0.393717
0.238224
0.218061
0.138332
0.103677
0.150993
0.152918
0.287826
0.164941
0.343961
0.476017
0.447271
0.408544
0.434367
0.582627
0.764554
0.683596
0.829003
0.555028
0.427376
0.321309
0.399339
0.229394
0.145186
0.135796
0.164294
0.227701
0.177664
0.131987
0.148464
0.150187
0.146948
0.195380
0.228703
0.242823
0.597503
0.556490
0.294823
0.377783
0.374193
0.462679
0.262283
0.254279
0.507720
0.217532
0.348065
0.256789
0.220914
0.210927
0.234415
0.255256
0.141616
0.324882
0.165479
0.273411
0.377102
0.178975
0.319730
0.361511
0.228736
0.264112
0.215915
0.244374
0.241036
0.349061
0.166763
0.181114
0.284984
0.305781
0.133713
0.133311
0.159729
0.197227
0.123286
0.088499
0.136692
0.131948
0.111919
0.115651
0.143429
0.097547
0.128797
0.247010
0.226908
0.201463
0.177702
0.128791
0.490459
0.346582
0.482206
0.326489
0.218183
0.263740
0.200441
0.198328
0.229989
0.215861
0.136023
0.113958
0.118879
0.084770
0.116869
0.091945
0.102118
0.116319
0.208629
0.316479
0.315031
0.355200
0.153384
0.102150
0.094089
0.084995
0.079267
0.121702
0.354721
0.306061
0.162471
0.175266
0.107039
0.076685
0.104993
0.090458
0.088435
0.061502
0.140059
0.084727
0.083822
0.131925
0.106505
0.191802
0.265597
0.215498
0.204520
0.207531
0.248837
0.225698
0.169947
0.260566
0.203782
0.422755
0.227739
0.139567
0.118592
0.137111
0.122995
0.114158
0.092981
0.076655
0.090780
0.127085
0.083162
0.127671
0.155950
0.265431
0.199753
0.414018
0.202881
0.243912
0.441808
0.249329
0.209743
0.251067
0.327300
0.311452
0.285317
0.154898
0.136051
0.160981
0.146699
0.150070
0.095181
0.138599
0.103234
0.096380
0.118079
0.109640
0.224149
0.152087
0.258662
0.541214
0.280873
0.255787
0.314384
0.285502
0.680302
0.365331
0.202871
0.292598
0.365063
0.272181
0.102062
0.144416
0.144892
0.121510
0.103004
0.118323
0.078573
0.110301
0.125972
0.127381
0.162538
0.158383
0.264707
0.474257
0.097451
0.099970
0.205052
0.233614
0.368825
0.378056
0.227746
0.234247
0.158717
0.175981
0.050720
0.055210
0.077591
0.066798
0.082284
0.049524
0.082700
0.134735
0.088703
0.173830
0.187374
0.255353
0.199458
0.269003
0.272893
0.243923
0.424598
0.457704
0.324861
0.173446
0.225308
0.301587
0.423163
0.260975
0.409976
0.117876
0.163818
0.111912
0.133789
0.135919
0.129008
0.161341
0.185747
0.128133
0.115337
0.307582
0.301139
0.252372
0.389723
0.208716
0.172505
0.471570
0.392446
0.267277
0.257140
0.213871
0.247183
0.301050
0.121922
0.171883
0.135324
0.129357
0.115618
0.151503
0.119307
0.159088
0.176763
0.172321
0.271053
0.517440
0.327656
0.366988
0.192683
0.270315
0.173406
0.422926
0.293111
0.258539
0.230172
0.173174
0.256166
0.238439
0.232509
0.215713
0.130169
0.116506
0.107510
0.115916
0.133755
0.153581
0.132011
0.167334
0.257936
0.287798
0.402299
0.444425
0.359508
0.294845
0.532887
0.252330
0.241854
0.455151
0.312702
0.397353
0.175088
0.150106
0.161424
0.116182
0.139533
0.136727
0.138825
0.092816
0.126697
0.118588
0.175262
0.163355
0.170319
0.144173
0.385571
0.370705
0.294127
0.269114
0.241680
0.709046
0.471385
0.523787
0.379965
0.288267
0.376799
0.261933
0.142395
0.274003
0.126969
0.162283
0.116995
0.082407
0.111784
0.124641
0.115204
0.162036
0.095846
0.136911
0.319939
0.354727
0.192651
0.205773
0.203862
0.522244
0.400445
0.217522
0.265894
0.321315
0.255812
0.273651
0.164242
0.181288
0.197986
0.106424
0.149302
0.167761
0.142743
0.089064
0.167826
0.326556
0.187185
0.179163
0.330982
0.261840
0.249229
0.509749
0.398729
0.364715
0.499610
0.480809
0.458852
0.233366
0.277174
0.276068
0.120487
0.174665
0.152732
0.112088
0.223510
0.107668
0.124837
0.187283
0.286255
0.192198
0.175648
0.160738
0.421812
0.293291
0.326021
0.274435
0.544560
0.338756
0.320219
0.441306
0.385257
0.223654
0.238211
0.220606
0.178851
0.251177
0.161391
0.151384
0.091952
0.103477
0.121932
0.215639
0.279231
0.114074
0.158004
0.099435
0.220782
0.215401
0.217333
0.364911
0.604645
0.507058
0.324685
0.201362
0.264196
0.429274
0.210889
0.153460
0.186098
0.188150
0.088687
0.116177
0.122397
0.101750
0.113634
0.116392
0.133855
0.122818
0.113315
0.173357
0.312602
0.541970
0.345623
0.417485
0.271675
0.317649
0.386606
0.331879
0.294113
0.251822
0.254563
0.217701
0.160893
0.209136
0.199325
0.140839
0.119865
0.111124
0.115972
0.132632
0.346492
0.191833
0.134599
0.285672
0.396272
0.701667
0.539374
0.426308
0.585722
0.635115
0.515191
0.481072
0.581750
0.394283
0.561271
0.402154
0.409383
0.236589
0.434735
0.319359
0.236420
0.223645
0.158461
0.216368
0.245315
0.222735
0.170230
0.322689
0.351448
0.195783
0.215611
0.280156
0.193062
0.363043
0.390401
0.202810
0.230576
0.332258
0.326377
0.211270
0.183411
0.151366
0.129242
0.171760
0.138256
0.120675
0.080641
0.121033
0.126875
0.108270
0.156209
0.125812
0.393757
0.213038
0.354229
0.317225
0.450129
0.478851
0.487233
0.256935
0.275395
0.391429
0.161171
0.132985
0.124836
0.079989
0.120446
0.138430
0.125221
0.133677
0.091642
0.114676
0.078165
0.100467
0.119897
0.068931
0.166026
0.166467
0.137544
0.208161
0.244821
0.436287
0.591480
0.300162
0.515841
0.322773
0.360290
0.151395
0.157391
0.117810
0.101082
0.142381
0.086860
0.073578
0.071321
0.136168
0.087919
0.143973
0.138503
0.140430
0.108607
0.180221
0.202756
0.191855
0.256767
0.441134
0.599864
0.198057
0.282790
0.259209
0.159691
0.096732
0.128353
0.073572
0.080469
0.140860
0.101067
0.105422
0.101267
0.136773
0.090631
0.132460
0.152382
0.113677
0.415868
0.444873
0.162036
0.181677
0.105977
0.387350
0.510259
0.473992
0.277599
0.263582
0.406243
0.196416
0.170267
0.138370
0.162678
0.108403
0.110346
0.087490
0.149078
0.172306
0.179921
0.325172
0.182365
0.422501
0.374548
0.403925
0.519953
0.419530
0.290852
0.443396
0.304382
0.288462
0.217947
0.419708
0.283347
0.107863
0.141208
0.110364
0.173032
0.102057
0.144532
0.110518
0.081379
0.118768
0.100859
0.139303
0.187775
0.380420
0.431434
0.430198
0.329207
0.244070
0.194007
0.287354
0.272264
0.255690
0.255885
0.321638
0.351829
0.177683
0.126875
0.138052
0.103760
0.078731
0.105198
0.076950
0.116546
0.134725
0.122482
0.175391
0.174434
0.236117
0.199294
0.368564
0.190592
0.243364
0.262606
0.510377
0.264981
0.292978
0.171102
0.354000
0.144031
0.162661
0.107840
0.133077
0.105624
0.097634
0.108210
0.097889
0.121322
0.213742
0.134122
0.262402
0.327853
0.147556
0.222295
0.143126
0.185174
0.252627
0.185637
0.663796
0.458689
0.340685
0.359393
0.341718
0.294869
0.182912
0.169415
0.135152
0.132943
0.148475
0.132608
0.110276
0.142473
0.156036
0.148288
0.122681
0.282587
0.291538
0.418039
0.448905
0.434355
0.329821
0.330207
0.397173
0.528469
0.580142
0.290821
0.380649
0.299114
0.273681
0.484522
0.351562
0.284577
0.180883
0.147319
0.134037
0.108405
0.160432
0.131346
0.138891
0.098753
0.135584
0.174701
0.177202
0.148957
0.144752
0.280670
0.253744
0.329815
0.263643
0.374685
0.210364
0.318820
0.266736
0.329359
0.165597
0.133083
0.160474
0.134635
0.088016
0.138547
0.265298
0.205997
0.239885
0.129285
0.118017
0.115539
0.128326
0.132504
0.211524
0.358635
0.337279
0.234521
0.146850
0.287065
0.259105
0.188464
0.118859
0.124762
0.157958
0.166856
0.111142
0.129270
0.156984
0.161510
0.145562
0.149152
0.157838
0.160256
0.213646
0.227461
0.177685
0.264724
0.504241
0.301747
0.381387
0.358767
0.331542
0.392513
0.415462
0.173153
0.221034
0.316782
0.131634
0.135501
0.100116
0.103871
0.149580
0.133020
0.255376
0.161448
0.146047
0.217868
0.302629
0.273577
0.538020
0.395423
0.361775
0.589235
0.482319
0.526067
0.467634
0.332988
0.319532
0.303925
0.153309
0.273972
0.172076
0.178169
0.168571
0.192676
0.173473
0.147577
0.109027
0.144228
0.247240
0.390843
0.400698
0.185280
0.300867
0.207676
0.310070
0.150680
0.141068
0.192560
0.139438
0.254289
0.258146
0.199940
0.159947
0.301723
0.262996
0.152423
0.149670
0.082319
0.116778
0.080060
0.101828
0.106827
0.125346
0.149243
0.174865
0.278582
0.229962
0.156738
0.133365
0.212409
0.325289
0.360165
0.254488
0.140726
0.171466
0.207162
0.157678
0.097540
0.109975
0.109841
0.066170
0.090928
0.106584
0.063500
0.113991
0.127266
0.113097
0.166146
0.105491
0.113839
0.115662
0.146721
0.131370
0.127994
0.131034
0.126637
0.128651
0.134119
0.102110
0.183174
0.176151
0.155695
0.078874
0.096216
0.105554
0.093812
0.118235
0.127640
0.090802
0.150563
0.182302
0.096806
0.250083
0.095846
0.142803
0.168423
0.266219
0.150492
0.266376
0.228414
0.328913
0.248378
0.182130
0.223925
0.222237
0.198742
0.095723
0.146982
0.087207
0.084735
0.115599
0.138460
0.122595
0.159811
0.183821
0.257935
0.335766
0.382792
0.255128
0.217589
0.267004
0.371991
0.251927
0.252309
0.272653
0.338123
0.293908
0.485562
0.157504
0.146881
0.247436
0.237044
0.194253
0.189771
0.080257
0.113602
0.134666
0.152551
0.230871
0.251141
0.154314
0.242676
0.208275
0.231956
0.252021
0.360117
0.417003
0.604431
0.319746
0.377591
0.267385
0.259213
0.316312
0.143155
0.201697
0.177898
0.113808
0.137942
0.143559
0.148719
0.136587
0.133671
0.237119
0.252816
0.225950
0.378438
0.260295
0.183491
0.294965
0.295327
0.381759
0.259975
0.240358
0.307116
0.194820
0.241315
0.177056
0.189555
0.094572
0.147741
0.126775
0.106768
0.092361
0.140957
0.145484
0.109718
0.238238
0.204758
0.185050
0.145575
0.219411
0.272775
0.404479
0.216851
0.397009
0.404273
0.293467
0.307121
0.421713
0.270412
0.165700
0.145271
0.182367
0.138633
0.124436
0.118175
0.117724
0.134879
0.132629
0.168531
0.154598
0.195652
0.229619
0.299525
0.348508
0.463617
0.391580
0.154352
0.365476
0.481443
0.399808
0.407781
0.341424
0.223141
0.171871
0.271151
0.164030
0.130450
0.177385
0.110565
0.165924
0.154438
0.169315
0.124475
0.179580
0.264047
0.418043
0.454711
0.354240
0.355414
0.240006
0.455140
0.610900
0.304100
0.456026
0.461014
0.418809
0.338730
0.189945
0.151122
0.220009
0.156179
0.168489
0.128692
0.166116
0.124367
0.119482
0.140040
0.111882
0.159197
0.296596
0.487828
0.306393
0.246007
0.152836
0.330919
0.419845
0.247449
0.420591
0.296726
0.242922
0.449639
0.152834
0.091673
0.156107
0.152853
0.088806
0.187524
0.171242
0.153734
0.200701
0.228179
0.203270
0.156515
0.218245
0.221738
0.318846
0.353968
0.260011
0.334854
0.428175
0.314738
0.225426
0.241656
0.372519
0.210870
0.245027
0.307187
0.269884
0.243377
0.151517
0.323624
0.179259
0.204517
0.186997
0.259673
0.302519
0.352785
0.489481
0.494247
0.557975
0.385083
0.362018
0.762897
0.466419
0.396893
0.193534
0.202777
0.239894
0.205884
0.184384
0.129440
0.145101
0.146506
0.121464
0.110725
0.116735
0.119548
0.093060
0.136406
0.159650
0.117751
0.141817
0.165651
0.187682
0.186580
0.182513
0.191772
0.397992
0.302349
0.359543
0.347585
0.194683
0.298019
0.327151
0.174185
0.156843
0.154030
0.127907
0.091086
0.131508
0.112718
0.150469
0.109042
0.255762
0.214833
0.377835
0.303808
0.137251
0.150099
0.319499
0.208664
0.246512
0.302665
0.200151
0.294481
0.139173
0.136566
0.169729
0.112991
0.094836
0.181303
0.151615
0.110404
0.102726
0.123534
0.166514
0.107908
0.131681
0.170190
0.110542
0.225337
0.195188
0.166545
0.143980
0.208884
0.307189
0.286595
0.307649
0.367607
0.260884
0.146793
0.107090
0.191845
0.127093
0.133465
0.164598
0.195583
0.180386
0.175465
0.358741
0.429656
0.224651
0.185177
0.322289
0.383315
0.310398
0.199999
0.364876
0.317022
0.258092
0.300443
0.302782
0.237165
0.255052
0.293171
0.154741
0.111451
0.110052
0.077404
0.068975
0.120305
0.093156
0.099485
0.102889
0.127791
0.117454
0.218563
0.103141
0.158895
0.175605
0.257991
0.393494
0.451693
0.629916
0.714066
0.390585
0.316228
0.346058
0.479792
0.226785
0.259633
0.250894
0.203907
0.174742
0.184777
0.249518
0.232080
0.191104
0.237866
0.232657
0.252856
0.265963
0.415282
0.395208
0.652714
0.871427
0.572613
0.575231
0.482454
0.450113
0.498918
0.562465
0.330442
0.360763
0.392585
0.282266
0.259795
0.421034
0.362222
0.284330
0.160678
0.269057
0.245785
0.318408
0.316922
0.434957
0.554815
0.742539
0.650870
0.344034
0.344370
0.331442
0.325577
0.259834
0.396938
0.308146
0.372772
0.424314
0.183776
0.179438
0.121427
0.154813
0.149882
0.189393
0.150067
0.117367
0.153594
0.230960
0.347104
0.421362
0.497814
0.530736
0.357913
0.614877
0.581213
0.370006
0.382756
0.564905
0.445098
0.347341
0.360966
0.293850
0.201282
0.120418
0.120359
0.110090
0.124803
0.119116
0.125672
0.162113
0.166470
0.154030
0.273137
0.143970
0.321745
0.147753
0.219877
0.152104
0.326874
0.371304
0.305581
0.279236
0.209403
0.262145
0.185625
0.142224
0.083645
0.121755
0.131272
0.074550
0.100298
0.101499
0.112650
0.131777
0.124705
0.105935
0.097670
0.096208
0.340168
0.118084
0.095021
0.133310
0.219772
0.178750
0.122651
0.220701
0.251820
0.197590
0.080307
0.102733
0.071876
0.097313
0.080648
0.078883
0.098607
0.094049
0.075690
0.079395
0.150326
0.156042
0.159800
0.216986
0.109411
0.084106
0.105272
0.110948
0.111389
0.159930
0.211335
0.222471
0.168257
0.220082
0.242621
0.100458
0.094975
0.074196
0.071896
0.093908
0.095328
0.079135
0.091562
0.068812
0.166450
0.143142
0.063283
0.067820
0.159000
0.191538
0.176992
0.270763
0.089410
0.355759
0.204609
0.169829
0.221714
0.186828
0.140276
0.214295
0.126004
0.132405
0.072593
0.105719
0.061660
0.080784
0.104469
0.075972
0.093490
0.134030
0.070765
0.055252
0.054081
0.118053
0.183660
0.103288
0.104085
0.143144
0.136622
0.184550
0.255358
0.178721
0.197191
0.184533
0.117602
0.075633
0.097481
0.072165
0.083002
0.054027
0.080540
0.061031
0.158583
0.308855
0.141861
0.276122
0.072860
0.092756
0.131225
0.208278
0.112259
0.101571
0.091145
0.138935
0.181027
0.231958
0.255164
0.226893
0.206868
0.238198
0.230772
0.206435
0.059712
0.090575
0.063028
0.101151
0.104351
0.191447
0.136224
0.096656
0.106930
0.144033
0.188651
0.247853
0.277493
0.165452
0.314057
0.083565
0.079004
0.292249
0.108499
0.074786
0.096044
0.083276
0.070420
0.064955
0.086514
0.081319
0.070021
0.293350
0.106139
0.099699
0.079374
0.115377
0.369943
0.311308
0.287161
0.140762
0.224911
0.222000
0.406897
0.364745
0.344283
0.500839
0.130637
0.138008
0.228612
0.127980
0.077912
0.097908
0.094820
0.110681
0.064261
0.107963
0.095458
0.110079
0.093337
0.240984
0.322685
0.389649
0.156765
0.102033
0.075860
0.108566
0.281807
0.134453
0.173880
0.116711
0.118611
0.091347
0.077466
0.099218
0.091017
0.080892
0.104483
0.078817
0.096373
0.133847
0.324790
0.349038
0.121669
0.216421
0.107057
0.067861
0.177724
0.213149
0.251213
0.169484
0.370363
0.295015
0.154775
0.318335
0.288986
0.221232
0.180541
0.108646
0.072980
0.088766
0.095534
0.056859
0.115159
0.150465
0.058793
0.073939
0.047548
0.104362
0.151967
0.124288
0.063283
0.109045
0.110156
0.398162
0.198276
0.262186
0.218238
0.158173
0.300106
0.128942
0.101905
0.080316
0.076393
0.122793
0.119609
0.112691
0.107958
0.242242
0.181402
0.141191
0.097693
0.099787
0.134734
0.181826
0.150104
0.097523
0.153452
0.173450
0.326074
0.262755
0.240998
0.179757
0.261781
0.186285
0.188989
0.093469
0.064401
0.084995
0.079996
0.076530
0.097804
0.079165
0.103518
0.334045
0.237470
0.260929
0.312124
0.279535
0.356785
0.183361
0.226484
0.104317
0.119225
0.131274
0.149058
0.147642
0.119180
0.073899
0.074166
0.088087
0.110267
0.080142
0.089716
0.073027
0.085644
0.085703
0.168355
0.153050
0.206910
0.171970
0.110025
0.147782
0.097338
0.113490
0.100682
0.164886
0.143136
0.190182
0.188971
0.326464
0.108282
0.149634
0.162820
0.154661
0.130645
0.182973
0.072591
0.084087
0.086194
0.152829
0.182685
0.165117
0.146832
0.071896
0.069272
0.089650
0.110772
0.095798
0.077028
0.232924
0.175022
0.205590
0.277648
0.253300
0.133844
0.084661
0.098160
0.075325
0.086021
0.061508
0.111289
0.094720
0.169410
0.136934
0.211738
0.164299
0.197829
0.085981
0.124074
0.303706
0.119374
0.089128
0.074705
0.153269
0.319238
0.174210
0.107331
0.097054
0.253426
0.122110
0.083150
0.081208
0.078763
0.060721
0.060588
0.086292
0.095538
0.119662
0.086646
0.091580
0.136795
0.085238
0.149761
0.101633
0.082183
0.116743
0.191688
0.141583
0.121388
0.199802
0.170285
0.215111
0.103295
0.088467
0.106770
0.094891
0.093144
0.100036
0.096383
0.095247
0.075160
0.234402
0.107510
0.105902
0.084417
0.184359
0.270384
0.099170
0.054624
0.067524
0.080343
0.219758
0.267184
0.357990
0.236340
0.155625
0.244012
0.098169
0.096906
0.078017
0.101679
0.061870
0.095405
0.059223
0.058239
0.195483
0.117048
0.104689
0.068756
0.090138
0.085182
0.072724
0.228157
0.179475
0.302437
0.422357
0.419365
0.245887
0.239162
0.208081
0.226830
0.201417
0.189465
0.184524
0.111852
0.066596
0.065603
0.080368
0.076204
0.116964
0.176502
0.209821
0.173123
0.155851
0.242811
0.166037
0.218999
0.352499
0.123458
0.070012
0.162310
0.253797
0.231357
0.188558
0.254639
0.138267
0.088329
0.094009
0.055767
0.061864
0.050520
0.076120
0.082104
0.072592
0.083969
0.108515
0.325093
0.263352
0.251249
0.133840
0.090086
0.245718
0.104885
0.081212
0.084936
0.290286
0.176292
0.102313
0.116621
0.062761
0.082375
0.063076
0.062459
0.049372
0.051252
0.065669
0.091311
0.099395
0.071301
0.076753
0.067218
0.086606
0.142482
0.058391
0.166057
0.215432
0.080545
0.115197
0.396595
0.246596
0.150088
0.089552
0.121052
0.071496
0.098619
0.104176
0.081822
0.067811
0.083478
0.087439
0.056494
0.271548
0.110683
0.077505
0.077445
0.043302
0.101575
0.049405
0.089792
0.072924
0.072470
0.119142
0.148736
0.224240
0.184974
0.077944
0.112239
0.118757
0.120529
0.133883
0.096014
0.064519
0.224085
0.207159
0.150094
0.077144
0.083213
0.131985
0.138066
0.102316
0.141966
0.085933
0.094846
0.123259
0.108879
0.218933
0.283695
0.272035
0.229270
0.244388
0.222423
0.155261
0.091660
0.080289
0.074147
0.077608
0.104049
0.080331
0.109608
0.105090
0.099766
0.068992
0.107687
0.097185
0.102248
0.106442
0.070875
0.114525
0.097153
0.288478
0.286783
0.228891
0.149080
0.166687
0.159259
0.088131
0.133367
0.114389
0.091707
0.084957
0.061983
0.079802
0.069797
0.224891
0.137210
0.177554
0.145780
0.089661
0.180818
0.131563
0.130698
0.168595
0.127895
0.167101
0.188270
0.159892
0.141328
0.145473
0.134318
0.260892
0.213517
0.109832
0.136697
0.131181
0.133950
0.094235
0.087890
0.095441
0.121384
0.105187
0.174716
0.211515
0.140469
0.171986
0.147743
0.197337
0.131044
0.108489
0.158574
0.165209
0.169950
0.141869
0.114960
0.128903
0.093630
0.074118
0.067713
0.058002
0.066433
0.080029
0.066230
0.105618
0.089626
0.132178
0.228179
0.185297
0.235979
0.187372
0.158622
0.150251
0.098338
0.187053
0.216065
0.328779
0.224293
0.111508
0.115110
0.096088
0.072835
0.099067
0.089085
0.111753
0.063800
0.087578
0.065554
0.064763
0.135844
0.109723
0.075778
0.165215
0.456021
0.098241
0.060370
0.063034
0.082955
0.258692
0.304878
0.208214
0.196732
0.205787
0.098338
0.120255
0.096259
0.083723
0.064816
0.067065
0.087578
0.098196
0.097683
0.135694
0.086899
0.097447
0.082606
0.085646
0.145666
0.221936
0.177691
0.128432
0.075298
0.163771
0.099302
0.131872
0.100783
0.123617
0.123806
0.068180
0.091528
0.082903
0.087550
0.075442
0.097575
0.098751
0.083400
0.115947
0.151597
0.069067
0.086377
0.074372
0.221890
0.108532
0.064630
0.067593
0.098989
0.173131
0.355469
0.159047
0.112191
0.074154
0.103798
0.103607
0.098646
0.093575
0.059472
0.059164
0.082222
0.086931
0.056162
0.110484
0.111941
0.094070
0.072716
0.077200
0.101063
0.047192
0.087767
0.098926
0.101690
0.218818
0.139789
0.111683
0.183919
0.283081
0.577870
0.215338
0.062398
0.075319
0.071863
0.101768
0.102027
0.085287
0.106304
0.286564
0.069162
0.094530
0.068590
0.084575
0.131506
0.279283
0.167893
0.149607
0.144141
0.351913
0.203930
0.215283
0.227099
0.176143
0.115818
0.144751
0.115726
0.107566
0.101635
0.115752
0.107110
0.087630
0.102775
0.089463
0.117820
0.088426
0.093392
0.089356
0.105773
0.069482
0.069030
0.168942
0.181973
0.204092
0.099873
0.133832
0.145751
0.223677
0.265909
0.177666
0.207516
0.224103
0.228776
0.162800
0.218878
0.133042
0.130505
0.150443
0.199196
0.243163
0.213960
0.210965
0.298858
0.292544
0.465898
0.262909
0.337414
0.621619
0.322602
0.188457
0.250951
0.140048
0.118874
0.151130
0.181644
0.142659
0.166578
0.114685
0.136776
0.154959
0.151146
0.134613
0.105410
0.214606
0.246754
0.237226
0.342961
0.199160
0.174152
0.203154
0.196124
0.267518
0.302645
0.261456
0.238289
0.250871
0.212244
0.106734
0.180320
0.107655
0.159740
0.169561
0.136978
0.153699
0.212693
0.275683
0.153325
0.119415
0.110936
0.178034
0.137283
0.283252
0.091866
0.090274
0.097738
0.142746
0.181907
0.220008
0.226309
0.231889
0.260329
0.133570
0.211507
0.180862
0.131314
0.195295
0.171829
0.169621
0.145986
0.200015
0.123458
0.146478
0.129399
0.166986
0.150956
0.193117
0.173564
0.106953
0.092340
0.190324
0.363770
0.336714
0.176713
0.343608
0.231780
0.132493
0.133006
0.109869
0.129399
0.214885
0.206778
0.170518
0.128416
0.251962
0.165111
0.077183
0.105867
0.094749
0.156405
0.095418
0.113292
0.155343
0.074834
0.191610
0.369037
0.426980
0.195313
0.342481
0.304321
0.163397
0.171816
0.138142
0.117889
0.135292
0.138959
0.114439
0.110252
0.340637
0.219942
0.154097
0.174438
0.167572
0.254843
0.148687
0.112019
0.263961
0.111381
0.194185
0.415654
0.317945
0.208860
0.149424
0.103265
0.134354
0.191467
0.159203
0.124332
0.149011
0.101393
0.135744
0.147386
0.165122
0.155821
0.160059
0.194517
0.161733
0.159781
0.106833
0.244860
0.096985
0.119083
0.107407
0.154993
0.159695
0.112806
0.163170
0.142352
0.120485
0.110128
0.131407
0.119486
0.136284
0.122840
0.101757
0.112584
0.092177
0.155429
0.117413
0.313898
0.253580
0.159450
0.141046
0.251707
0.288969
0.232322
0.220168
0.186841
0.312403
0.229770
0.209064
0.123208
0.158663
0.121876
0.118482
0.144317
0.141719
0.116146
0.085879
0.090443
0.093559
0.120495
0.137075
0.088355
0.138234
0.238238
0.138406
0.138352
0.217861
0.152887
0.095560
0.232037
0.280678
0.298302
0.389517
0.209889
0.291814
0.087759
0.100477
0.097929
0.134723
0.094281
0.083472
0.143998
0.203587
0.178384
0.122316
0.115046
0.085009
0.242587
0.181182
0.114306
0.105357
0.097314
0.108615
0.152637
0.166900
0.241403
0.242627
0.127762
0.121894
0.112783
0.113187
0.109559
0.122740
0.086169
0.106859
0.086755
0.089759
0.364259
0.121870
0.115902
0.202033
0.172334
0.094911
0.171716
0.133898
0.068788
0.165440
0.339217
0.214624
0.152504
0.156607
0.171904
0.223001
0.097128
0.107542
0.156160
0.120943
0.128849
0.116245
0.130750
0.118627
0.152077
0.151912
0.103610
0.145939
0.120151
0.160647
0.125275
0.184904
0.172765
0.135922
0.197290
0.310754
0.214815
0.378700
0.217258
0.217863
0.167260
0.150633
0.144827
0.104709
0.144128
0.139397
0.188433
0.181936
0.180430
0.122436
0.134658
0.172285
0.177169
0.192647
0.111896
0.104259
0.134845
0.262166
0.191773
0.526224
0.533989
0.362363
0.371048
0.224583
0.183611
0.099237
0.185064
0.156208
0.099345
0.094107
0.130517
0.121615
0.116340
0.139929
0.322661
0.346701
0.145188
0.282298
0.259887
0.321738
0.321524
0.446822
0.136950
0.314960
0.399595
0.217823
0.261345
0.203556
0.267049
0.099154
0.193430
0.216608
0.114182
0.080834
0.065122
0.121556
0.136624
0.140613
0.156991
0.188275
0.228432
0.244681
0.154136
0.241685
0.292223
0.360060
0.176015
0.205410
0.318380
0.268967
0.169875
0.124371
0.103728
0.113119
0.136121
0.133478
0.100163
0.097048
0.099246
0.088005
0.215446
0.203590
0.127527
0.183876
0.352905
0.433880
0.258748
0.160675
0.167915
0.174749
0.304803
0.180269
0.250119
0.296603
0.310886
0.183515
0.149060
0.159011
0.139604
0.102287
0.123593
0.093049
0.114361
0.121786
0.186912
0.120181
0.086773
0.103832
0.129726
0.171884
0.087860
0.120259
0.074943
0.126951
0.301282
0.263600
0.325425
0.153737
0.168284
0.158948
0.131434
0.106544
0.102021
0.132675
0.086252
0.102987
0.149829
0.135751
0.339333
0.135423
0.141077
0.115966
0.138704
0.121020
0.084636
0.070961
0.112053
0.121747
0.166113
0.237391
0.268112
0.127670
0.125311
0.115236
0.075944
0.103938
0.106822
0.131766
0.097309
0.101422
0.090717
0.091145
0.114265
0.113102
0.107756
0.145381
0.120959
0.091231
0.137937
0.119184
0.314236
0.247074
0.263168
0.336510
0.225654
0.163419
0.152444
0.127092
0.185581
0.248144
0.161057
0.096552
0.130115
0.094294
0.149454
0.177320
0.326731
0.114585
0.131753
0.113306
0.088658
0.263159
0.127460
0.088353
0.110401
0.119423
0.151056
0.194253
0.310475
0.290010
0.221615
0.206493
0.231875
0.191288
0.144406
0.108297
0.127162
0.102207
0.138216
0.144570
0.279205
0.252009
0.234940
0.131934
0.380702
0.323611
0.166547
0.164280
0.218563
0.129315
0.216169
0.243754
0.333076
0.319474
0.199848
0.191436
0.201416
0.187277
0.095086
0.125446
0.125520
0.147936
0.109266
0.156624
0.078165
0.136553
0.111937
0.238290
0.103605
0.301041
0.145768
0.102440
0.109169
0.155495
0.191844
0.133286
0.262372
0.303055
0.157030
0.102640
0.099547
0.093230
0.136555
0.121157
0.097765
0.137753
0.091190
0.086637
0.138235
0.111504
0.100929
0.140281
0.085815
0.168524
0.204106
0.145643
0.172229
0.132843
0.211700
0.307872
0.174945
0.166099
0.143945
0.180477
0.129065
0.121137
0.111047
0.077338
0.112762
0.118757
0.137218
0.119095
0.122469
0.107296
0.092053
0.145464
0.122624
0.114986
0.174211
0.107477
0.222853
0.177431
0.249837
0.151398
0.130921
0.151936
0.172184
0.134225
0.111014
0.119006
0.111480
0.090791
0.128740
0.083877
0.099800
0.074277
0.304622
0.104649
0.107789
0.127522
0.122808
0.117483
0.103017
0.122471
0.202279
0.274345
0.323512
0.294686
0.303211
0.296617
0.296422
0.247753
0.092758
0.121042
0.106218
0.097362
0.099262
0.094423
0.069131
0.069129
0.151415
0.224237
0.172554
0.242085
0.239148
0.115817
0.118504
0.128581
0.074838
0.097016
0.109845
0.116273
0.146694
0.090021
0.098996
0.116896
0.093828
0.082803
0.114118
0.095698
0.139738
0.128993
0.088255
0.116537
0.136624
0.212011
0.229886
0.236836
0.316983
0.131147
0.099245
0.132144
0.092191
0.192476
0.114307
0.126966
0.144841
0.149236
0.095397
0.139161
0.080254
0.112264
0.088049
0.120355
0.102300
0.108897
0.081379
0.085884
0.236172
0.204344
0.278468
0.119713
0.172963
0.309305
0.115620
0.143604
0.325703
0.197476
0.176643
0.196412
0.197516
0.225964
0.178505
0.163998
0.153439
0.109714
0.134403
0.151396
0.122965
0.117269
0.126925
0.081960
0.081628
0.149038
0.181204
0.348299
0.147425
0.150857
0.112573
0.312188
0.122962
0.117647
0.125401
0.112308
0.273040
0.152293
0.189707
0.175756
0.201714
0.145998
0.347413
0.207482
0.094941
0.122483
0.144046
0.119150
0.140073
0.095233
0.083423
0.106266
0.094678
0.118482
0.066958
0.067005
0.098731
0.111945
0.358102
0.342175
0.378962
0.200825
0.214390
0.120976
0.099476
0.108931
0.095405
0.115686
0.073752
0.108559
0.105581
0.077569
0.094853
0.308069
0.348018
0.233068
0.221475
0.160920
0.109437
0.096422
0.069569
0.078842
0.139313
0.238018
0.230207
0.247720
0.165016
0.144653
0.152208
0.113074
0.091000
0.137732
0.117386
0.086117
0.128979
0.086839
0.101954
0.113126
0.144539
0.161194
0.119235
0.120712
0.247221
0.082997
0.104275
0.136907
0.285203
0.190901
0.185298
0.190202
0.150121
0.103381
0.152443
0.145333
0.082941
0.125066
0.093555
0.222648
0.277202
0.134406
0.234854
0.137313
0.133005
0.162265
0.218232
0.238478
0.289808
0.135827
0.186054
0.179351
0.191143
0.286722
0.203439
0.156095
0.222696
0.191162
0.122594
0.083850
0.131670
0.087463
0.101209
0.113937
0.127270
0.095424
0.191459
0.158855
0.139082
0.111613
0.178935
0.182878
0.130841
0.073956
0.098508
0.144617
0.191891
0.232189
0.206652
0.249091
0.234124
0.159695
0.142943
0.112682
0.140454
0.099518
0.128729
0.096474
0.107306
0.115110
0.094730
0.156492
0.170556
0.115465
0.154210
0.217621
0.327785
0.274185
0.193660
0.481380
0.320698
0.544318
0.300671
0.315059
0.245921
0.207724
0.314382
0.228384
0.218594
0.122702
0.105802
0.104570
0.112625
0.137842
0.096914
0.187000
0.244209
0.115900
0.175171
0.184618
0.247746
0.237626
0.135623
0.130141
0.115217
0.268645
0.145066
0.163914
0.114810
0.143742
0.114466
0.094331
0.091970
0.092773
0.084339
0.085040
0.079540
0.088648
0.103688
0.060463
0.091702
0.107662
0.095573
0.106677
0.098711
0.095488
0.195662
0.293233
0.210551
0.144691
0.266710
0.170897
0.301017
0.176338
0.108565
0.098260
0.138084
0.113315
0.139213
0.138239
0.104384
0.153803
0.147286
0.221371
0.179953
0.156175
0.124971
0.142679
0.131852
0.205204
0.192087
0.186029
0.237105
0.281574
0.201165
0.166060
0.216093
0.179504
0.114200
0.112976
0.170173
0.101137
0.143909
0.146682
0.104921
0.103000
0.110126
0.169894
0.099584
0.161134
0.158416
0.123387
0.130128
0.194830
0.151284
0.197586
0.511225
0.416155
0.309459
0.250545
0.211026
0.259875
0.121849
0.165080
0.170025
0.147963
0.096209
0.168709
0.143312
0.104805
0.106345
0.154122
0.137020
0.140818
0.128239
0.164994
0.204174
0.150943
0.158871
0.186881
0.201848
0.374341
0.288693
0.298997
0.272869
0.184745
0.167850
0.185161
0.185443
0.142218
0.220191
0.192740
0.172345
0.187028
0.197116
0.218453
0.226872
0.207758
0.155956
0.138205
0.129579
0.144908
0.097866
0.296635
0.285922
0.281433
0.349039
0.465218
0.248404
0.226873
0.166408
0.180898
0.142494
0.366354
0.181571
0.110502
0.114619
0.188071
0.204528
0.152337
0.138267
0.146819
0.169661
0.125666
0.141376
0.113448
0.132070
0.162585
0.214600
0.132544
0.119106
0.187603
0.185767
0.291597
0.211691
0.202014
0.251064
0.227851
0.294836
0.261998
0.188729
0.222453
0.205697
0.207138
0.268210
0.133974
0.225080
0.238116
0.214561
0.203268
0.441885
0.255004
0.489096
0.204594
0.234660
0.331591
0.144738
0.212215
0.202532
0.131903
0.154016
0.179943
0.121302
0.147738
0.188653
0.134583
0.209656
0.141882
0.185777
0.326033
0.152269
0.326983
0.236163
0.185034
0.257746
0.225775
0.325797
0.555858
0.275691
0.378951
0.189299
0.143020
0.204775
0.176888
0.138732
0.170898
0.114076
0.148068
0.183606
0.149422
0.269167
0.161963
0.147292
0.309107
0.285413
0.213503
0.190081
0.128205
0.165625
0.162107
0.347392
0.342721
0.233568
0.223525
0.231643
0.210063
0.146447
0.117318
0.206351
0.158540
0.137974
0.188061
0.150195
0.178949
0.212489
0.183652
0.196719
0.148403
0.192553
0.202643
0.156836
0.240437
0.260642
0.185904
0.360174
0.328608
0.280601
0.267475
0.195924
0.180790
0.197727
0.145093
0.143983
0.176677
0.145612
0.151356
0.127869
0.206548
0.278211
0.196442
0.167465
0.124781
0.211513
0.169076
0.215497
0.224809
0.247193
0.145243
0.247473
0.439499
0.352650
0.263422
0.300041
0.349439
0.283414
0.177052
0.141030
0.181996
0.187294
0.144383
0.163825
0.247629
0.276439
0.209992
0.141109
0.193990
0.144738
0.265430
0.210384
0.178717
0.297538
0.329937
0.369192
0.407885
0.395555
0.368558
0.250280
0.330976
0.212200
0.132331
0.273121
0.236603
0.167758
0.162793
0.086957
0.107134
0.175420
0.112430
0.203142
0.188702
0.145329
0.409077
0.359915
0.175016
0.316239
0.305738
0.383838
0.221760
0.171576
0.170073
0.284777
0.235917
0.262121
0.180971
0.093936
0.169563
0.178420
0.145392
0.184067
0.272415
0.167351
0.220144
0.214783
0.392644
0.264838
0.248748
0.448452
0.342842
0.363163
0.201549
0.458155
0.273941
0.209014
0.455733
0.392361
0.351128
0.408130
0.189139
0.139092
0.199980
0.215519
0.172654
0.194425
0.142861
0.363968
0.276482
0.150816
0.197878
0.127459
0.169955
0.102768
0.125093
0.139679
0.209892
0.323320
0.224009
0.315881
0.410736
0.366562
0.265163
0.180093
0.241525
0.256418
0.202777
0.148667
0.248448
0.170353
0.226677
0.356661
0.155133
0.228937
0.254480
0.178109
0.346887
0.245440
0.248640
0.159229
0.224643
0.310205
0.282923
0.382272
0.319757
0.215531
0.141307
0.193812
0.115081
0.201297
0.113192
0.141497
0.163631
0.192880
0.119827
0.178899
0.173944
0.217926
0.409935
0.391213
0.255934
0.222063
0.210100
0.219838
0.171867
0.278125
0.211198
0.257247
0.308691
0.254584
0.211729
0.237852
0.192917
0.159690
0.194366
0.218329
0.218926
0.153101
0.187411
0.207029
0.250719
0.246469
0.257978
0.219553
0.211980
0.260528
0.152085
0.187226
0.201947
0.249145
0.408390
0.402175
0.366699
0.396394
0.169185
0.309748
0.194359
0.226619
0.219597
0.186401
0.142838
0.200708
0.212756
0.171730
0.152934
0.214787
0.220699
0.329827
0.442340
0.258499
0.196919
0.193026
0.233780
0.257239
0.248919
0.308970
0.434605
0.358180
0.523459
0.415144
0.352123
0.313191
0.282426
0.240057
0.215950
0.133572
0.160646
0.166562
0.294398
0.219101
0.324096
0.155639
0.236731
0.163712
0.195261
0.340829
0.248548
0.306034
0.209740
0.328643
0.359637
0.215308
0.345521
0.158102
0.159224
0.129016
0.129404
0.168297
0.128251
0.101611
0.101554
0.142236
0.198704
0.312947
0.210234
0.235950
0.214311
0.265618
0.203528
0.213193
0.196883
0.146804
0.211037
0.151461
0.190524
0.147368
0.111197
0.151875
0.144226
0.149711
0.179086
0.174366
0.166415
0.163655
0.140060
0.162698
0.335702
0.214720
0.208760
0.150549
0.138426
0.188533
0.129606
0.101968
0.181397
0.146668
0.165149
0.226443
0.177748
0.407303
0.333054
0.313936
0.288850
0.156696
0.275836
0.188745
0.233078
0.170240
0.155570
0.264791
0.309773
0.168768
0.230785
0.388871
0.324642
0.511919
0.647622
0.242711
0.321037
0.321531
0.292505
0.334215
0.358531
0.283383
0.197278
0.153690
0.259041
0.236438
0.150766
0.152737
0.123616
0.172356
0.230354
0.364097
0.250036
0.187111
0.183840
0.198744
0.190399
0.210304
0.273651
0.214392
0.302874
0.452767
0.342947
0.459674
0.467793
0.438420
0.412249
0.254645
0.281955
0.262816
0.235369
0.222589
0.219415
0.281422
0.275528
0.254997
0.267500
0.197969
0.270778
0.283164
0.277163
0.152986
0.234039
0.292455
0.324193
0.192950
0.361146
0.266042
0.312691
0.175552
0.191186
0.189813
0.258320
0.363191
0.260069
0.260728
0.269008
0.251298
0.259782
0.189016
0.231299
0.187423
0.291334
0.272054
0.285125
0.313827
0.262732
0.310546
0.259762
0.193188
0.451850
0.373281
0.261382
0.294357
0.280440
0.162871
0.291310
0.288439
0.213582
0.237795
0.215058
0.252831
0.209930
0.214601
0.280615
0.170100
0.155229
0.479108
0.267736
0.227147
0.173781
0.253820
0.241790
0.273134
0.316559
0.360340
0.424753
0.372342
0.210698
0.210436
0.221065
0.154655
0.253754
0.282142
0.152623
0.248883
0.223249
0.177605
0.205565
0.267133
0.295906
0.266342
0.280483
0.410341
0.249630
0.238215
0.213094
0.313648
0.291906
0.410862
0.331928
0.344336
0.296381
0.273565
