0.236159
0.161744
0.150933
0.108492
0.077871
0.139316
0.140105
0.126238
0.196205
0.502563
0.407705
0.299691
0.333886
0.310160
0.136016
0.125901
0.146677
0.282841
0.205454
0.322667
0.368281
0.285017
0.182165
0.152634
0.159111
0.194429
0.127080
0.234223
0.165511
0.132840
0.110348
0.092887
0.124759
0.493265
0.189179
0.225520
0.187539
0.122392
0.175703
0.267671
0.311715
0.352015
0.217811
0.224698
0.201435
0.312977
0.203765
0.264481
0.117381
0.095013
0.133637
0.137516
0.099877
0.140102
0.126602
0.258168
0.362861
0.325324
0.242847
0.294230
0.155467
0.171367
0.174500
0.213916
0.229043
0.599832
0.416608
0.253856
0.261366
0.131019
0.153903
0.182118
0.217202
0.160938
0.274482
0.225083
0.168080
0.150798
0.165774
0.462443
0.343044
0.135755
0.172902
0.114763
0.208599
0.423584
0.253682
0.108169
0.214088
0.559191
0.361588
0.390762
0.269124
0.195835
0.239593
0.196921
0.217599
0.177368
0.090669
0.158481
0.101649
0.120094
0.162578
0.277214
0.213350
0.218190
0.230441
0.322666
0.332600
0.180766
0.234170
0.325107
0.196629
0.435247
0.397672
0.298112
0.340666
0.313975
0.240485
0.189239
0.171811
0.123576
0.216255
0.265240
0.228759
0.195486
0.209828
0.144348
0.211365
0.292291
0.193501
0.130437
0.212499
0.133340
0.095421
0.188344
0.188078
0.574548
0.364079
0.455272
0.219506
0.171124
0.333225
0.242335
0.171189
0.121230
0.188834
0.156136
0.153265
0.124480
0.114366
0.165977
0.156164
0.432551
0.303226
0.226620
0.254001
0.222924
0.178249
0.257328
0.319003
0.287699
0.285569
0.129509
0.178098
0.188576
0.106628
0.121762
0.210389
0.158108
0.290676
0.113402
0.110449
0.129585
0.275470
0.204948
0.373423
0.523035
0.283798
0.447609
0.353203
0.200375
0.208599
0.232249
0.166960
0.569339
0.284340
0.481122
0.311876
0.222215
0.166781
0.183983
0.195824
0.317551
0.228596
0.168281
0.113101
0.154407
0.188388
0.173018
0.202908
0.155367
0.211123
0.196882
0.176161
0.205719
0.347577
0.223714
0.212179
0.388777
0.214179
0.237443
0.245763
0.355838
0.223859
0.276881
0.173282
0.266554
0.219886
0.133430
0.161712
0.172670
0.117397
0.296649
0.225946
0.188404
0.140394
0.223892
0.203667
0.214645
0.181542
0.309380
0.302172
0.397450
0.384990
0.322084
0.237303
0.276840
0.201785
0.206708
0.163277
0.190342
0.151183
0.209187
0.173334
0.122416
0.143083
0.350191
0.293846
0.232291
0.164639
0.180334
0.178564
0.165040
0.220043
0.151361
0.214401
0.193844
0.261732
0.458069
0.183904
0.256528
0.159872
0.204424
0.202697
0.350278
0.188009
0.195963
0.206017
0.165759
0.105807
0.567079
0.235885
0.196900
0.358343
0.443359
0.252523
0.282223
0.133157
0.125051
0.199580
0.393405
0.478240
0.257340
0.210116
0.189132
0.300016
0.122156
0.120825
0.162911
0.169814
0.158946
0.134493
0.153380
0.113901
0.333231
0.348357
0.224594
0.154278
0.199054
0.149922
0.215201
0.102268
0.135350
0.247758
0.406859
0.282701
0.368151
0.327654
0.139974
0.146974
0.231079
0.277727
0.206090
0.300285
0.128530
0.112234
0.105786
0.108316
0.129010
0.377680
0.542172
0.203719
0.265474
0.139117
0.200685
0.159961
0.147172
0.222340
0.199178
0.174070
0.157277
0.224961
0.197776
0.433347
0.128371
0.161211
0.218086
0.150630
0.184847
0.120331
0.089209
0.109717
0.173837
0.222076
0.326170
0.363819
0.211818
0.170195
0.146055
0.242350
0.267127
0.188274
0.531640
0.331953
0.457941
0.177967
0.620621
0.180476
0.109164
0.147607
0.190475
0.221693
0.174273
0.128276
0.120175
0.212889
0.372256
0.241442
0.253322
0.354798
0.198700
0.253908
0.355136
0.214390
0.156372
0.238416
0.303421
0.271118
0.170536
0.137812
0.229518
0.117902
0.129982
0.094500
0.090715
0.100947
0.143483
0.118820
0.196667
0.131899
0.196019
0.190791
0.372845
0.192773
0.218862
0.276932
0.209383
0.201381
0.185518
0.201937
0.382851
0.240638
0.142413
0.226531
0.137935
0.154356
0.137467
0.185327
0.115664
0.147119
0.108313
0.157644
0.139312
0.093701
0.239276
0.153967
0.166021
0.294394
0.213374
0.107845
0.265847
0.264746
0.244337
0.125515
0.227325
0.303704
0.464111
0.225575
0.186719
0.155757
0.081716
0.115501
0.143770
0.120793
0.147125
0.118575
0.096785
0.187968
0.292289
0.143552
0.247178
0.164296
0.156176
0.143686
0.096581
0.098848
0.140597
0.149756
0.243838
0.381718
0.182689
0.116434
0.158794
0.176113
0.214962
0.175809
0.259312
0.181491
0.121208
0.142254
0.147712
0.287675
0.347713
0.220739
0.100026
0.117942
0.130210
0.161196
0.179830
0.128538
0.175074
0.245070
0.186562
0.189327
0.271908
0.142171
0.179959
0.152931
0.211714
0.208430
0.251467
0.158885
0.125707
0.158616
0.172293
0.148799
0.154849
0.464396
0.406924
0.325040
0.300402
0.243080
0.233381
0.131040
0.167699
0.110461
0.348333
0.371800
0.231525
0.365550
0.247877
0.310575
0.451404
0.139138
0.144397
0.330810
0.158797
0.150186
0.120261
0.150916
0.117030
0.236313
0.305227
0.183177
0.335011
0.162138
0.175486
0.239254
0.359335
0.249568
0.484165
0.525407
0.286272
0.202276
0.116352
0.334681
0.337764
0.098544
0.107692
0.133005
0.146630
0.132222
0.200488
0.086015
0.623753
0.301032
0.184806
0.114722
0.196770
0.326996
0.225311
0.229353
0.440698
0.217283
0.235619
0.302460
0.203944
0.216876
0.286310
0.164534
0.148877
0.174654
0.081810
0.204538
0.169520
0.111873
0.096000
0.094335
0.247818
0.227256
0.296654
0.279012
0.189525
0.217911
0.229274
0.545819
0.317998
0.252664
0.292797
0.342375
0.509172
0.239996
0.320960
0.274338
0.213597
0.129957
0.127763
0.499749
0.162048
0.147045
0.101573
0.112236
0.234402
0.275317
0.375286
0.407661
0.296359
0.529924
0.208296
0.315511
0.283888
0.480635
0.499087
0.288217
0.376001
0.183399
0.142947
0.220420
0.104327
0.112193
0.139364
0.209713
0.122936
0.111239
0.134681
0.130726
0.233156
0.169423
0.252683
0.186395
0.231831
0.231244
0.157528
0.117508
0.189880
0.201137
0.614789
0.229200
0.172708
0.162713
0.206232
0.165088
0.132918
0.129104
0.116553
0.115542
0.125538
0.094526
0.152655
0.149859
0.340137
0.165876
0.172185
0.168771
0.223743
0.257665
0.100462
0.087245
0.143980
0.266779
0.415575
0.278742
0.274483
0.301321
0.267060
0.231368
0.188517
0.755379
0.233679
0.167353
0.112126
0.122694
0.149876
0.093715
0.148409
0.282711
0.324763
0.444244
0.289033
0.264899
0.265396
0.219954
0.171152
0.348024
0.287916
0.171529
0.194703
0.293483
0.258663
0.247610
0.170104
0.189731
0.186838
0.138810
0.148724
0.130444
0.114572
0.164862
0.088203
0.167367
0.141277
0.318507
0.215921
0.301199
0.131259
0.244784
0.113876
0.184881
0.358416
0.454241
0.440008
0.118239
0.111161
0.132749
0.092474
0.146764
0.137965
0.269067
0.323038
0.152532
0.132607
0.178063
0.473323
0.413800
0.221470
0.157368
0.150875
0.426256
0.168217
0.167999
0.194778
0.222051
0.286564
0.581565
0.842149
0.319206
0.208537
0.181065
0.085340
0.106484
0.166776
0.180583
0.104253
0.110724
0.139559
0.115764
0.381535
0.116192
0.084238
0.138650
0.174614
0.200402
0.141008
0.177330
0.125220
0.279676
0.408189
0.260420
0.466927
0.174018
0.115867
0.131562
0.082326
0.137602
0.123289
0.066060
0.121967
0.086299
0.137746
0.076229
0.409127
0.372177
0.302717
0.348969
0.356298
0.320044
0.170916
0.323000
0.170778
0.217351
0.437776
0.301803
0.415163
0.310898
0.287113
0.250126
0.188032
0.143295
0.257426
0.183353
0.211355
0.163123
0.165517
0.152699
0.489995
0.255181
0.417392
0.186901
0.128939
0.146584
0.231022
0.317964
0.245160
0.277155
0.530825
0.369572
0.233940
0.309881
0.234103
0.111316
0.199775
0.163497
0.149913
0.123615
0.121790
0.145572
0.119434
0.135387
0.610149
0.237787
0.196927
0.284446
0.134017
0.157849
0.196917
0.273476
0.177469
0.215443
0.294000
0.628362
0.176115
0.163169
0.189430
0.218624
0.127370
0.182592
0.223545
0.162619
0.224401
0.178116
0.161696
0.137445
0.270514
0.290708
0.196251
0.169378
0.123680
0.231929
0.168162
0.114114
0.373506
0.280040
0.329220
0.200910
0.164530
0.286184
0.244172
0.204624
0.179381
0.123150
0.182916
0.227695
0.119840
0.093373
0.152128
0.185534
0.122986
0.461781
0.330249
0.358208
0.180193
0.273817
0.192291
0.150391
0.134769
0.307181
0.283618
0.182758
0.249512
0.209201
0.213515
0.185702
0.144445
0.134613
0.163791
0.122181
0.194031
0.124066
0.238572
0.158232
0.338292
0.430441
0.199936
0.158964
0.115138
0.118125
0.225812
0.253887
0.160228
0.145027
0.349731
0.321583
0.200833
0.203965
0.181690
0.133201
0.113755
0.086246
0.159393
0.090794
0.104445
0.083865
0.173123
0.126910
0.315768
0.609993
0.363502
0.264142
0.272057
0.288641
0.271669
0.204961
0.122962
0.346494
0.296156
0.470640
0.289512
0.415846
0.185263
0.173869
0.111285
0.098258
0.158609
0.104409
0.164469
0.179431
0.124358
0.152315
0.318937
0.279935
0.282706
0.150186
0.175219
0.227551
0.293711
0.298888
0.203796
0.189781
0.266200
0.145500
0.308363
0.241911
0.158681
0.142512
0.117073
0.172639
0.167673
0.155234
0.219045
0.191412
0.177724
0.153875
0.265633
0.376002
0.227515
0.188171
0.338950
0.208362
0.145566
0.130241
0.135632
0.261308
0.398812
0.290926
0.203986
0.312348
0.221576
0.158498
0.123857
0.143753
0.182071
0.180138
0.175115
0.167675
0.269518
0.144182
0.418925
0.294306
0.227811
0.185464
0.113003
0.171815
0.168056
0.212934
0.130786
0.177083
0.113379
0.364016
0.225690
0.221351
0.149595
0.202320
0.156639
0.104817
0.134268
0.097018
0.081680
0.148931
0.156070
0.132504
0.127078
0.207176
0.266456
0.272066
0.260984
0.250078
0.123209
0.101030
0.185159
0.234473
0.334580
0.240530
0.314950
0.245263
0.197213
0.104943
0.096016
0.100858
0.133413
0.146278
0.102579
0.107146
0.075413
0.118871
0.148836
0.264006
0.313746
0.225737
0.494374
0.190026
0.286433
0.227666
0.205365
0.125200
0.250312
0.250541
0.249646
0.149902
0.149621
0.184877
0.143409
0.105642
0.194984
0.208483
0.116754
0.149220
0.150564
0.160225
0.236623
0.190695
0.363078
0.182823
0.272943
0.204585
0.234320
0.200870
0.132138
0.225319
0.277914
0.421095
0.573916
0.367363
0.395607
0.197916
0.162943
0.139214
0.132021
0.197840
0.105830
0.144438
0.205815
0.164108
0.308206
0.159054
0.239340
0.287504
0.259218
0.123743
0.132186
0.086508
0.108787
0.278904
0.320694
0.481911
0.510556
0.227290
0.169668
0.147486
0.189588
0.155338
0.129546
0.094575
0.093357
0.152545
0.135111
0.174673
0.483728
0.151928
0.417201
0.293751
0.267820
0.297429
0.264670
0.218125
0.446667
0.265570
0.128390
0.240705
0.238999
0.181396
0.188210
0.118158
0.157214
0.129977
0.127789
0.161114
0.234899
0.119843
0.211058
0.099184
0.286518
0.288660
0.169729
0.086391
0.102415
0.139185
0.078065
0.093520
0.143545
0.262640
0.311920
0.158392
0.173719
0.206703
0.144363
0.110363
0.097048
0.201760
0.082882
0.121063
0.167871
0.087857
0.103248
0.119053
0.447857
0.266516
0.246920
0.164164
0.177600
0.121627
0.222464
0.149032
0.223322
0.139066
0.172539
0.295036
0.348044
0.324954
0.218620
0.120728
0.095207
0.111468
0.111463
0.166131
0.112538
0.081655
0.329049
0.181113
0.150299
0.526173
0.288067
0.748716
0.277929
0.255980
0.169385
0.176422
0.193679
0.305563
0.344035
0.285669
0.243020
0.343936
0.165138
0.141093
0.121301
0.125430
0.095022
0.105629
0.091945
0.121966
0.098878
0.152830
0.123321
0.246087
0.136006
0.132319
0.204893
0.260313
0.157827
0.182502
0.150816
0.301165
0.396557
0.265187
0.179636
0.199499
0.276527
0.187080
0.217159
0.113555
0.115038
0.087410
0.107240
0.137889
0.071532
0.095617
0.284716
0.200977
0.204750
0.201427
0.292891
0.211763
0.198152
0.315610
0.194232
0.279167
0.324427
0.317650
0.122234
0.139632
0.091632
0.175425
0.120203
0.111825
0.140038
0.130158
0.093024
0.082890
0.105456
0.205514
0.326307
0.344290
0.142315
0.131101
0.137792
0.146603
0.166370
0.295318
0.221784
0.304331
0.236068
0.289171
0.142342
0.103456
0.162482
0.236473
0.141202
0.103404
0.126466
0.075991
0.109411
0.093900
0.067354
0.155349
0.442973
0.354926
0.224774
0.154177
0.169764
0.358029
0.328648
0.249089
0.184110
0.491636
0.269122
0.241248
0.482134
0.223067
0.246410
0.119614
0.087975
0.165461
0.123557
0.080201
0.078513
0.113339
0.097499
0.070712
0.341635
0.258525
0.095196
0.155995
0.182181
0.316272
0.165347
0.165100
0.164359
0.283838
0.341536
0.274981
0.237069
0.207724
0.177679
0.110127
0.096308
0.124189
0.079828
0.129392
0.129149
0.098753
0.134397
0.183192
0.221577
0.203857
0.175844
0.317547
0.188145
0.295955
0.228117
0.260155
0.202921
0.329460
0.225418
0.201921
0.158497
0.334442
0.176833
0.119616
0.208943
0.226577
0.201608
0.175989
0.243665
0.138584
0.172312
0.134533
0.211043
0.353997
0.298453
0.163459
0.235101
0.241140
0.108786
0.176271
0.130879
0.172894
0.193349
0.333519
0.218837
0.384533
0.216995
0.162794
0.118917
0.126965
0.169469
0.217594
0.114516
0.095329
0.114465
0.109828
0.083906
0.533213
0.257530
0.241234
0.265135
0.213365
0.172912
0.132338
0.340583
0.149665
0.319175
0.481453
0.489307
0.300237
0.298561
0.175826
0.122446
0.147604
0.108368
0.106817
0.081629
0.080504
0.132418
0.177414
0.507385
0.479671
0.314722
0.311644
0.234667
0.361956
0.153162
0.086718
0.090013
0.202023
0.254305
0.207545
0.314612
0.368999
0.269138
0.202452
0.118395
0.124470
0.115770
0.130428
0.121215
0.096190
0.082673
0.165036
0.296730
0.171132
0.171685
0.237363
0.194692
0.215356
0.108969
0.115053
0.115687
0.213120
0.502923
0.444174
0.242737
0.278023
0.233782
0.093392
0.090825
0.095720
0.133997
0.127539
0.123409
0.104346
0.125215
0.143340
0.342256
0.152623
0.158555
0.179573
0.296956
0.355748
0.333824
0.403668
0.195627
0.279470
0.614071
0.548425
0.274614
0.224272
0.210643
0.147290
0.139439
0.227757
0.218023
0.133626
0.108704
0.127716
0.116916
0.128916
0.453525
0.415013
0.318187
0.189038
0.335250
0.237677
0.179096
0.146169
0.184014
0.149055
0.224324
0.193813
0.205263
0.168440
0.218744
0.203764
0.208443
0.124344
0.175506
0.190683
0.143420
0.105825
0.130070
0.121581
0.538141
0.388253
0.259489
0.288852
0.304847
0.217646
0.160038
0.150823
0.110502
0.217806
0.232471
0.148370
0.261588
0.278321
0.227259
0.262771
0.130200
0.147480
0.156454
0.168935
0.171315
0.160087
0.171875
0.169002
0.097347
0.222704
0.206953
0.174107
0.141151
0.143637
0.258882
0.171689
0.202765
0.276260
0.303590
0.252243
0.302893
0.303826
0.270632
0.134665
0.276928
0.220065
0.231358
0.133539
0.187341
0.179098
0.159901
0.119955
0.152483
0.235896
0.196565
0.194819
0.177568
0.228071
0.189158
0.150630
0.176813
0.353125
0.337497
0.224200
0.157872
0.307552
0.355708
0.167153
0.147687
0.110127
0.151687
0.078732
0.089108
0.120978
0.096216
0.126133
0.309410
0.165794
0.122619
0.217698
0.157288
0.144606
0.106846
0.180819
0.138627
0.190209
0.229368
0.358721
0.324986
0.121373
0.252054
0.183171
0.109148
0.109921
0.096077
0.277510
0.206561
0.159321
0.202292
0.177996
0.373545
0.220103
0.151381
0.112096
0.235918
0.194192
0.097714
0.201629
0.219832
0.218237
0.282094
0.185479
0.148732
0.221936
0.126895
0.096055
0.073483
0.081218
0.212393
0.102859
0.114953
0.142741
0.121788
0.073163
0.333337
0.343575
0.308406
0.228581
0.294424
0.216058
0.342261
0.186966
0.178266
0.195320
0.208955
0.206105
0.189921
0.127577
0.283172
0.147679
0.127014
0.150687
0.233626
0.126981
0.116200
0.086785
0.078226
0.105682
0.501494
0.316550
0.272902
0.278003
0.249390
0.429496
0.286065
0.368397
0.308204
0.302582
0.540405
0.367487
0.241384
0.621791
0.225836
0.127830
0.118576
0.135656
0.188320
0.127318
0.112668
0.097940
0.134060
0.209362
0.473483
0.628244
0.342440
0.531492
0.448790
0.223124
0.118436
0.294457
0.341463
0.284985
0.202525
0.334471
0.183025
0.274495
0.278361
0.160365
0.248666
0.302827
0.318699
0.098206
0.171097
0.210421
0.174637
0.202663
0.308969
0.213452
0.379714
0.203713
0.327658
0.364906
0.328308
0.357612
0.262238
0.333983
0.279800
0.282076
0.346240
0.403760
0.198527
0.182214
0.264917
0.232047
0.323847
0.190308
0.257716
0.170891
0.242329
0.216869
0.360030
0.242708
0.266043
0.205206
0.443803
0.312405
0.225959
0.238200
0.262724
0.256454
0.119736
0.178864
0.220984
0.255777
0.364793
0.349518
0.197495
0.221425
0.323184
0.204535
0.219164
0.256972
0.122786
0.167178
0.176659
0.317923
0.306151
0.296158
0.198124
0.245790
0.406536
0.320476
0.327600
0.324042
0.462526
0.272027
0.265567
0.255759
0.327847
0.271299
0.356236
0.122894
0.103797
0.176929
0.110703
0.177091
0.135978
0.355883
0.285224
0.161765
0.181297
0.128022
0.179073
0.105666
0.345208
0.231484
0.209916
0.393610
0.377825
0.276110
0.265358
0.299891
0.262840
0.199299
0.208138
0.138552
0.124181
0.168037
0.217300
0.133293
0.111726
0.411223
0.174023
0.326859
0.231477
0.232457
0.299923
0.320801
0.163573
0.351207
0.295618
0.677622
0.304571
0.242042
0.482875
0.197046
0.173720
0.108434
0.123212
0.089456
0.126198
0.099572
0.110241
0.147227
0.135762
0.293304
0.382518
0.237427
0.229321
0.174880
0.338771
0.334070
0.243444
0.137901
0.154702
0.245064
0.254200
0.319967
0.170854
0.208402
0.206029
0.231292
0.116365
0.091027
0.076272
0.111004
0.104890
0.133425
0.124088
0.204351
0.472553
0.189981
0.261321
0.248834
0.215086
0.155543
0.190225
0.171602
0.189104
0.147713
0.386439
0.142651
0.185469
0.091068
0.136031
0.209516
0.324011
0.260421
0.162889
0.117036
0.090631
0.104684
0.121791
0.094018
0.212181
0.107734
0.200524
0.187391
0.434326
0.455012
0.268127
0.294077
0.388439
0.241046
0.174318
0.164201
0.213867
0.355920
0.178728
0.079989
0.114114
0.112984
0.132916
0.135432
0.177393
0.225846
0.170680
0.231877
0.333005
0.450695
0.262203
0.114557
0.148584
0.173526
0.279594
0.190549
0.305999
0.471863
0.463365
0.284513
0.220240
0.160355
0.150058
0.077784
0.114702
0.223377
0.141041
0.082964
0.097283
0.086817
0.096574
0.280632
0.251249
0.278693
0.267132
0.296908
0.235923
0.264210
0.130127
0.138930
0.152014
0.348111
0.521411
0.267545
0.156515
0.134551
0.147726
0.096871
0.146134
0.234820
0.316567
0.209633
0.243999
0.192474
0.104920
0.280452
0.166350
0.265319
0.268517
0.285203
0.291448
0.138430
0.108461
0.087004
0.139644
0.446649
0.507485
0.282506
0.176602
0.240885
0.301732
0.280482
0.194351
0.340106
0.250227
0.350155
0.235002
0.265166
0.248846
0.456768
0.370888
0.355790
0.230602
0.219827
0.419588
0.423860
0.294692
0.224643
0.386668
0.504097
0.180258
0.617703
0.372282
0.385484
0.315771
0.613854
0.255026
0.143647
0.111922
0.187296
0.224298
0.166277
0.152024
0.272139
0.268564
0.166223
0.151138
0.094393
0.419226
0.268845
0.228808
0.258794
0.312505
0.242971
0.440720
0.479960
0.255336
0.215281
0.306058
0.194176
0.193868
0.278843
0.091169
0.118006
0.174205
0.295291
0.170605
0.263106
0.335396
0.270548
0.173644
0.249400
0.178660
0.116694
0.146041
0.143899
0.217831
0.351035
0.217750
0.365517
0.181674
0.218240
0.183163
0.193304
0.148628
0.145288
0.107217
0.095729
0.109320
0.125875
0.099293
0.150366
0.340354
0.318197
0.540139
0.383403
0.421516
0.248093
0.153639
0.161816
0.128601
0.372464
0.261261
0.235726
0.197326
0.301520
0.147802
0.248690
0.221850
0.325283
0.106123
0.201363
0.166413
0.207663
0.112892
0.119240
0.184998
0.253216
0.311922
0.225280
0.231364
0.111634
0.139812
0.217828
0.207876
0.320881
0.127993
0.154442
0.261448
0.455552
0.172492
0.133657
0.142442
0.128298
0.179841
0.129496
0.131761
0.098343
0.130920
0.330959
0.428967
0.192774
0.299587
0.138526
0.136430
0.139181
0.108195
0.183920
0.177677
0.183981
0.248787
0.160528
0.411157
0.320855
0.173593
0.234102
0.201211
0.134826
0.175902
0.157838
0.161732
0.111867
0.076563
0.280115
0.166941
0.082099
0.076793
0.095517
0.216528
0.107117
0.111437
0.111492
0.106368
0.397723
0.260250
0.182670
0.218434
0.166955
0.113093
0.086736
0.211449
0.128595
0.294424
0.142853
0.079358
0.107191
0.140494
0.297669
0.164431
0.168769
0.297294
0.270008
0.252777
0.306053
0.318025
0.304701
0.385926
0.273672
0.347149
0.196450
0.180694
0.381099
0.168887
0.116681
0.249307
0.247040
0.121969
0.139167
0.115631
0.116595
0.104559
0.269835
0.331847
0.214107
0.203239
0.165990
0.235851
0.203913
0.337375
0.254033
0.159653
0.219878
0.195113
0.252016
0.206532
0.186985
0.199585
0.196836
0.318788
0.196994
0.245855
0.115802
0.136862
0.114927
0.096382
0.312119
0.426588
0.122086
0.141600
0.165100
0.104313
0.175667
0.149157
0.173785
0.147751
0.183242
0.278500
0.337994
0.309929
0.355710
0.229643
0.144291
0.071330
0.113933
0.096462
0.138300
0.085523
0.128599
0.175822
0.179764
0.362665
0.332682
0.394097
0.205473
0.268504
0.214668
0.097570
0.139938
0.209311
0.513384
0.215217
0.184179
0.177399
0.292253
0.358963
0.109532
0.152164
0.141397
0.167935
0.108972
0.083017
0.067409
0.105195
0.107547
0.139010
0.356549
0.163633
0.163114
0.204955
0.312647
0.151515
0.157378
0.196738
0.553154
0.309222
0.147694
0.158083
0.179838
0.374735
0.182097
0.076425
0.109271
0.154255
0.139332
0.106381
0.112357
0.089541
0.504403
0.341093
0.180342
0.102117
0.145057
0.201717
0.124645
0.150256
0.243379
0.260787
0.271113
0.310571
0.329318
0.152244
0.244285
0.439980
0.628936
0.406931
0.359381
0.140099
0.120558
0.205513
0.196943
0.152016
0.509774
0.404232
0.186814
0.118563
0.136511
0.135201
0.121772
0.108914
0.109047
0.215241
0.395615
0.198249
0.153570
0.220685
0.227729
0.300773
0.186610
0.256081
0.230610
0.276591
0.243520
0.275048
0.155923
0.091496
0.282925
0.192501
0.307409
0.287598
0.299422
0.390291
0.292513
0.382928
0.236266
0.508914
0.372660
0.290540
0.264395
0.321201
0.198812
0.120764
0.075459
0.122747
0.153474
0.159496
0.092517
0.066356
0.066868
0.082448
0.197745
0.081613
0.181865
0.204696
0.140308
0.246671
0.109297
0.144308
0.114812
0.363118
0.377956
0.253250
0.330084
0.152169
0.174236
0.177014
0.198445
0.440103
0.331878
0.149462
0.067547
0.096581
0.320114
0.146642
0.296610
0.161772
0.092173
0.157053
0.173702
0.116824
0.209890
0.210749
0.253236
0.183525
0.270595
0.126343
0.123859
0.144676
0.078710
0.270010
0.122115
0.106654
0.199022
0.168247
0.166270
0.112120
0.107835
0.091556
0.337553
0.194902
0.136004
0.095973
0.097971
0.074567
0.090212
0.063617
0.094363
0.129185
0.172217
0.137732
0.117802
0.151670
0.137121
0.120850
0.271957
0.126844
0.132127
0.128366
0.099051
0.091925
0.111625
0.086361
0.100017
0.105704
0.231851
0.205645
0.123333
0.152927
0.177155
0.094300
0.093845
0.081149
0.170226
0.376817
0.236999
0.190659
0.176782
0.136554
0.136402
0.131133
0.203071
0.101252
0.135407
0.090820
0.093549
0.105275
0.301403
0.149121
0.175506
0.288372
0.209473
0.198793
0.111807
0.245188
0.130670
0.401202
0.389211
0.262695
0.261432
0.327337
0.256183
0.188668
0.131432
0.147468
0.255152
0.189161
0.246576
0.172970
0.179784
0.223329
0.499400
0.613651
0.252956
0.222481
0.216627
0.242713
0.185522
0.101194
0.116904
0.188094
0.198660
0.248867
0.264432
0.202497
0.207854
0.107891
0.183936
0.077424
0.096754
0.100851
0.073923
0.106550
0.084436
0.112850
0.355977
0.428123
0.377509
0.269101
0.181948
0.512708
0.469287
0.268822
0.115664
0.407143
0.400495
0.279103
0.221265
0.185305
0.160688
0.136789
0.081508
0.205468
0.130121
0.064275
0.180899
0.179029
0.165240
0.065173
0.220724
0.123676
0.098375
0.148501
0.172227
0.125914
0.205381
0.176537
0.209365
0.178334
0.265291
0.247228
0.399673
0.133528
0.159050
0.286566
0.179513
0.069806
0.237860
0.130393
0.185043
0.167050
0.157427
0.118380
0.469848
0.447638
0.184099
0.257794
0.171108
0.308874
0.245907
0.244315
0.186188
0.173878
0.282128
0.283881
0.156421
0.179181
0.131144
0.234351
0.168564
0.155249
0.132922
0.074617
0.091303
0.099872
0.130571
0.108693
0.131021
0.195506
0.087695
0.195859
0.338831
0.176038
0.177293
0.144298
0.283071
0.259480
0.270028
0.159174
0.364817
0.134920
0.158618
0.203506
0.201613
0.212810
0.112754
0.082928
0.129260
0.097268
0.064896
0.086888
0.156247
0.188679
0.315088
0.366017
0.243852
0.149080
0.292779
0.193242
0.195158
0.354153
0.278771
0.193376
0.243462
0.112100
0.124379
0.139567
0.247648
0.170056
0.138266
0.111676
0.131787
0.083310
0.236618
0.162240
0.317893
0.554048
0.495714
0.445361
0.163783
0.181330
0.207592
0.245880
0.182600
0.326814
0.306242
0.202911
0.320025
0.144244
0.143144
0.126971
0.087021
0.087834
0.139630
0.082280
0.120800
0.076932
0.087266
0.124291
0.538949
0.185150
0.097610
0.141426
0.134527
0.132250
0.161236
0.178341
0.261752
0.324521
0.313701
0.390257
0.248721
0.115496
0.150410
0.147149
0.118510
0.099641
0.102061
0.085960
0.085700
0.063232
0.102586
0.160755
0.514647
0.354021
0.282990
0.205168
0.358203
0.370582
0.410533
0.645747
0.291974
0.352955
0.177501
0.139182
0.215133
0.146980
0.280382
0.140341
0.173067
0.098522
0.103631
0.084057
0.085154
0.089956
0.083788
0.079245
0.449321
0.221982
0.121275
0.149719
0.216218
0.106650
0.169674
0.318091
0.187433
0.252724
0.458686
0.215136
0.160175
0.093319
0.075816
0.190625
0.169004
0.110648
0.137027
0.086246
0.093523
0.113192
0.129671
0.081634
0.318586
0.288885
0.236980
0.121807
0.161177
0.164557
0.117352
0.127259
0.164845
0.106144
0.149380
0.203861
0.167548
0.171732
0.164711
0.087038
0.105518
0.226002
0.211511
0.212645
0.135753
0.217246
0.296436
0.210196
0.182003
0.267525
0.189037
0.119176
0.255229
0.287282
0.123011
0.109718
0.132503
0.240718
0.305379
0.198520
0.384749
0.163760
0.113301
0.126126
0.196930
0.327339
0.222378
0.205251
0.292842
0.060885
0.106006
0.101780
0.135931
0.364406
0.366533
0.334078
0.134063
0.559535
0.252343
0.138189
0.164199
0.142370
0.231332
0.129450
0.109327
0.276101
0.307015
0.402098
0.193007
0.107265
0.056298
0.068026
0.081645
0.088403
0.089893
0.105295
0.215159
0.154008
0.130389
0.158823
0.278078
0.125283
0.092044
0.152375
0.129188
0.130818
0.186338
0.088668
0.057675
0.101765
0.179226
0.173783
0.075181
0.051280
0.055808
0.070602
0.148274
0.119847
0.075090
0.050004
0.129904
0.076842
0.100519
0.079015
0.194005
0.140638
0.039475
0.065962
0.167470
0.131738
0.175919
0.206004
0.163270
0.096429
0.106108
0.184153
0.123272
0.104491
0.136717
0.079698
0.096055
0.159088
0.077088
0.088854
0.228488
0.117952
0.204662
0.214421
0.236834
0.180581
0.410038
0.417913
0.229504
0.170254
0.284350
0.246822
0.342833
0.269352
0.219516
0.158183
0.168357
0.077340
0.086931
0.089367
0.092228
0.068290
0.106762
0.136444
0.280788
0.154326
0.109845
0.082060
0.096429
0.110208
0.065986
0.075022
0.116131
0.118303
0.368799
0.248652
0.164910
0.174057
0.098939
0.230084
0.275143
0.183731
0.197906
0.161204
0.176826
0.118031
0.126406
0.122275
0.231951
0.228038
0.163961
0.169327
0.251868
0.140502
0.174800
0.170315
0.098405
0.084934
0.250377
0.089525
0.094051
0.083955
0.075496
0.073306
0.073162
0.156286
0.163010
0.104889
0.094427
0.088652
0.084791
0.079714
0.056026
0.131391
0.198708
0.287595
0.336618
0.143660
0.073602
0.164891
0.071480
0.072815
0.093508
0.102910
0.208449
0.150261
0.201308
0.156728
0.248030
0.148961
0.190912
0.108868
0.069991
0.070394
0.283055
0.149746
0.222191
0.284070
0.487919
0.103372
0.105802
0.117809
0.143091
0.085589
0.186595
0.253768
0.369964
0.182756
0.277201
0.275825
0.129159
0.142889
0.122003
0.126511
0.193625
0.152532
0.181105
0.108780
0.118063
0.139022
0.256629
0.262883
0.150949
0.338122
0.218997
0.348378
0.269388
0.276396
0.288442
0.180066
0.219418
0.137313
0.138768
0.152536
0.142414
0.352919
0.207174
0.211658
0.161531
0.182345
0.193139
0.225620
0.252208
0.271893
0.247095
0.097951
0.293300
0.221087
0.282997
0.112072
0.238225
0.250720
0.061349
0.454822
0.220740
0.164886
0.224566
0.211704
0.194282
0.260024
0.212942
0.171927
0.115532
0.100698
0.077963
0.106800
0.198695
0.176081
0.297511
0.283855
0.184462
0.230457
0.168328
0.080740
0.122808
0.147727
0.142725
0.116359
0.176947
0.138767
0.210778
0.254048
0.207014
0.142653
0.097554
0.115634
0.129237
0.130713
0.087947
0.074841
0.083684
0.085825
0.109950
0.276317
0.059989
0.176194
0.101586
0.062842
0.103357
0.119577
0.104757
0.112379
0.133193
0.322332
0.144618
0.364103
0.122101
0.198290
0.106461
0.088258
0.096098
0.066314
0.093144
0.087854
0.088292
0.095797
0.454440
0.373538
0.137480
0.082257
0.116528
0.165035
0.115317
0.237840
0.123570
0.138049
0.264167
0.335099
0.298214
0.178554
0.228724
0.153518
0.324002
0.253918
0.190308
0.127958
0.094555
0.115858
0.123350
0.099531
0.179419
0.147403
0.342859
0.216185
0.156729
0.430255
0.744801
0.223369
0.142372
0.171670
0.183371
0.148854
0.165190
0.235191
0.194138
0.248816
0.236148
0.125381
0.072823
0.093560
0.081093
0.113827
0.075687
0.125999
0.114637
0.177513
0.206514
0.241791
0.267085
0.455535
0.276866
0.206572
0.256537
0.521225
0.381699
0.268579
0.252129
0.385483
0.196618
0.270807
0.218279
0.309143
0.250519
0.129619
0.087065
0.146132
0.141900
0.138252
0.404498
0.352131
0.225759
0.250880
0.314943
0.133234
0.239601
0.157631
0.156730
0.180610
0.305516
0.692494
0.375454
0.366836
0.428272
0.235537
0.209503
0.206512
0.235502
0.258258
0.159620
0.184819
0.069352
0.172543
0.268083
0.183950
0.194654
0.193368
0.203805
0.362820
0.448723
0.338917
0.200670
0.247448
0.435211
0.499948
0.406247
0.444932
0.379451
0.401430
0.110561
0.167847
0.136874
0.123881
0.100919
0.121443
0.176841
0.097865
0.336244
0.174357
0.187675
0.232819
0.306442
0.188298
0.309612
0.243502
0.396990
0.304946
0.492021
0.254970
0.295530
0.304770
0.162539
0.089238
0.132482
0.095630
0.159004
0.111033
0.078764
0.080545
0.094922
0.091642
0.309825
0.265891
0.334155
0.151119
0.125599
0.155872
0.176667
0.137901
0.154478
0.139905
0.268276
0.280067
0.156519
0.248288
0.362031
0.263606
0.117374
0.143121
0.101068
0.139857
0.080420
0.160108
0.104249
0.074426
0.327233
0.340470
0.224263
0.184165
0.284023
0.235684
0.213090
0.165063
0.161683
0.141672
0.310198
0.204446
0.338623
0.302489
0.311057
0.409909
0.231761
0.294929
0.160042
0.081916
0.133480
0.192214
0.138072
0.165144
0.086731
0.192196
0.557669
0.288306
0.336936
0.412672
0.219441
0.253931
0.247357
0.471245
0.408880
0.246851
0.419353
0.291362
0.268339
0.186896
0.294789
0.271608
0.223495
0.198587
0.150235
0.117749
0.136997
0.120945
0.197514
0.156065
0.185572
0.214879
0.348801
0.364954
0.380367
0.457522
0.441110
0.752741
0.578198
0.754703
0.400540
0.377043
0.206004
0.231057
0.209313
0.285493
0.571297
0.471116
0.187299
0.189063
0.271905
0.257215
0.473972
0.336862
0.383160
0.303154
0.336723
0.272488
0.419075
0.339964
0.264255
0.225277
0.393227
0.299408
0.329229
0.261912
0.243013
0.270477
0.166486
0.108074
0.127884
0.142974
0.121700
0.092489
0.111950
0.152576
0.638907
0.467566
0.321473
0.269959
0.456071
0.367025
0.391595
0.500891
0.540705
0.383843
0.591880
0.344724
0.511978
0.404233
0.317601
0.253652
0.216608
0.194102
0.172110
0.157673
0.087852
0.154471
0.085341
0.184896
0.162981
0.230849
0.289659
0.233746
0.191974
0.319053
0.286876
0.443870
0.226949
0.163213
0.221754
0.376895
0.283651
0.503214
0.161287
0.112547
0.094844
0.095919
0.087785
0.130212
0.078565
0.081722
0.083291
0.098409
0.135604
0.214233
0.109556
0.158300
0.150602
0.186944
0.151298
0.127690
0.110226
0.078551
0.237989
0.144061
0.273403
0.132891
0.203840
0.137387
0.085089
0.128011
0.062705
0.078393
0.061089
0.052670
0.064374
0.074193
0.303764
0.227638
0.095678
0.087005
0.137330
0.198760
0.393361
0.372925
0.324998
0.189845
0.284978
0.309075
0.526493
0.288509
0.149608
0.077585
0.086736
0.083801
0.056801
0.075426
0.082585
0.121412
0.084635
0.091447
0.077509
0.362997
0.180003
0.246665
0.456596
0.320998
0.428931
0.154909
0.192950
0.153823
0.225820
0.324140
0.098878
0.164694
0.237487
0.168753
0.111969
0.073225
0.243955
0.084503
0.161423
0.178787
0.241881
0.227848
0.116037
0.160189
0.204020
0.154174
0.321539
0.331730
0.217733
0.187719
0.362233
0.253551
0.482931
0.435436
0.316615
0.332832
0.206537
0.157663
0.093492
0.134138
0.140109
0.117951
0.158679
0.146428
0.121211
0.155432
0.279072
0.264332
0.183304
0.113266
0.121492
0.157372
0.154679
0.132036
0.118454
0.184072
0.111688
0.140598
0.137908
0.440773
0.344971
0.244355
0.264120
0.201414
0.136934
0.085884
0.087777
0.130392
0.086800
0.071938
0.135191
0.141704
0.101839
0.105673
0.166366
0.212007
0.098766
0.136156
0.095583
0.164791
0.160278
0.189104
0.142448
0.232280
0.122263
0.121980
0.105164
0.105401
0.101298
0.068270
0.089360
0.143595
0.078863
0.078341
0.364922
0.119822
0.184207
0.129742
0.077135
0.084816
0.138196
0.107555
0.145505
0.145584
0.160764
0.108264
0.175810
0.132828
0.113745
0.294274
0.101886
0.105000
0.086450
0.124845
0.109960
0.070676
0.100107
0.088929
0.165292
0.124810
0.101784
0.116747
0.119038
0.153103
0.157288
0.160655
0.131524
0.155536
0.182736
0.295197
0.129414
0.103920
0.151603
0.112989
0.115569
0.116445
0.095555
0.131969
0.084103
0.099406
0.116989
0.109031
0.307134
0.234937
0.229621
0.248195
0.331667
0.361767
0.270982
0.211293
0.163085
0.196099
0.365304
0.274763
0.439912
0.473146
0.264501
0.369115
0.299194
0.254301
0.166097
0.224710
0.238763
0.237293
0.136040
0.123043
0.143911
0.388087
0.249437
0.451561
0.224798
0.217794
0.173675
0.100163
0.216863
0.175611
0.335015
0.228761
0.234936
0.286454
0.255970
0.269770
0.131748
0.128790
0.153504
0.122729
0.071566
0.107586
0.104002
0.081540
0.091165
0.132260
0.399173
0.322356
0.141143
0.228869
0.171117
0.217102
0.181365
0.372163
0.357284
0.412790
0.330563
0.302737
0.329825
0.270205
0.239200
0.118182
0.101927
0.103961
0.091155
0.093973
0.071399
0.072281
0.093081
0.362445
0.387575
0.405404
0.539614
0.218054
0.187876
0.140517
0.210049
0.199750
0.229639
0.115378
0.077182
0.578637
0.317855
0.191185
0.164620
0.246708
0.109522
0.078313
0.101463
0.099813
0.091254
0.081229
0.372780
0.251297
0.221674
0.199240
0.244951
0.284400
0.138127
0.153398
0.191800
0.139260
0.488897
0.491852
0.255511
0.219900
0.142897
0.132980
0.150952
0.114323
0.096022
0.129918
0.107082
0.071887
0.090112
0.089843
0.472364
0.158653
0.192481
0.159142
0.141076
0.187654
0.161049
0.200711
0.108542
0.206991
0.281011
0.292467
0.261130
0.240389
0.315144
0.245367
0.297044
0.331286
0.283200
0.154743
0.104657
0.086732
0.114200
0.106825
0.329509
0.292376
0.189690
0.240559
0.370316
0.276957
0.353279
0.432901
0.258441
0.320422
0.477676
0.572796
0.434459
0.260841
0.192617
0.257391
0.467012
0.287979
0.284339
0.266225
0.250823
0.166317
0.184626
0.273975
0.321887
0.415125
0.250564
0.349031
0.407305
0.241245
0.288763
0.254211
0.282116
0.419662
0.593177
0.310061
0.687107
0.460358
0.331516
0.302473
0.319044
0.186915
0.280995
0.187725
0.242553
0.273020
0.261700
0.330626
0.474112
0.231229
0.485805
0.406639
0.395054
0.499713
0.427167
0.384432
0.333487
0.400412
0.351419
0.432274
0.365365
0.275571
0.657320
0.377908
0.342381
0.208706
0.300648
0.295823
0.207646
0.242339
0.202696
0.225252
0.201453
0.339167
0.358077
0.391598
0.559016
0.560639
0.464212
0.487733
0.395952
0.308450
0.497990
0.440067
0.593214
0.298032
0.429664
0.326182
0.293931
0.300930
0.219624
0.171507
0.264184
0.227608
0.277996
0.251363
0.459432
0.327218
0.559340
0.288700
0.330513
0.411010
0.268964
0.345349
0.365847
0.342392
0.405384
0.383363
0.539959
0.262982
0.216055
0.381942
0.323011
0.259334
0.312052
0.254062
0.293689
0.270401
0.165620
0.148791
0.409040
0.381184
0.388329
0.461748
0.532300
0.528196
0.516261
0.566375
0.450600
0.327341
0.518560
0.439534
0.432507
0.599504
0.269531
0.354449
0.179880
0.192435
0.169907
0.284559
0.202792
0.106479
0.123164
0.088009
0.463786
0.440437
0.350541
0.232030
0.534557
0.386264
0.271657
0.257983
0.394600
0.316284
0.448433
0.637870
0.619123
0.514222
0.286097
0.367998
0.422650
0.401154
0.298994
0.237511
0.146668
0.154957
0.142867
0.135812
0.352102
0.335801
0.406988
0.477026
0.525118
0.494753
0.696827
0.540691
0.308781
0.484570
0.406306
0.597705
0.306419
0.463303
0.312674
0.347559
0.411569
0.372189
0.205400
0.185991
0.316379
0.355297
0.291358
0.296806
0.515003
0.543646
0.347087
0.365035
0.401776
0.590420
0.424949
0.454219
0.315419
0.528211
0.734382
0.630068
0.378819
0.432789
0.508825
0.318779
0.391876
0.388036
0.410131
0.403519
0.405103
0.290012
0.296284
0.509797
0.410424
0.534369
0.739584
0.505765
0.888384
0.762488
0.409371
0.406340
0.378588
0.312068
0.423484
0.607348
0.694334
0.403037
0.738981
0.603676
0.453871
0.471800
0.454908
0.337388
0.441377
0.258877
0.294826
0.237816
0.346586
0.325600
0.460724
0.478933
0.452698
0.488573
0.541658
0.469922
0.424973
0.509830
0.424403
0.487018
0.638615
0.535678
0.803263
0.561560
0.467552
0.359712
0.528538
0.456779
0.333957
0.286218
0.243245
0.284032
0.729418
0.585642
0.334826
0.438561
0.615821
0.475621
0.410764
0.261447
0.404810
0.421444
0.607148
0.311856
0.538130
0.512232
0.393196
0.378749
0.394955
0.264114
0.354967
0.275869
0.262841
0.205740
0.185526
0.292393
0.549146
0.551885
0.439883
0.678311
0.528979
0.560206
0.676727
0.475101
0.355778
0.421527
0.443780
0.464110
0.403453
0.318525
0.340975
0.435146
0.357762
0.387975
0.377080
0.300455
0.313197
0.248592
0.266919
0.203138
0.444153
0.454956
0.411701
0.396183
0.527667
0.374149
0.289960
0.365023
0.423420
0.271154
0.513312
0.654382
0.493326
0.478653
0.409661
0.444749
0.382951
0.331575
0.337018
0.179801
0.245553
0.284895
0.186633
0.178933
0.586815
0.526551
0.461477
0.482782
0.412884
0.525601
0.490257
0.323140
0.518936
0.544693
0.441149
0.679173
0.517798
0.455395
0.268553
0.225356
0.201536
0.266047
0.237179
0.223179
0.307823
0.311117
0.253026
0.244711
0.734495
0.297213
0.334869
0.408720
0.436477
0.541485
0.564283
0.248277
0.407763
0.367646
0.529425
0.345529
0.542220
0.343161
0.427484
0.351992
0.345882
0.296761
0.394379
0.285692
0.306812
0.287268
0.185701
0.408392
0.337296
0.517485
0.723939
0.466253
0.251606
0.296617
0.386307
0.338292
0.324958
0.521676
0.268189
0.261905
0.424072
0.440366
0.329482
0.236004
0.214975
0.219213
0.118128
0.137237
0.142709
0.104199
0.128342
0.113892
0.176236
0.276710
0.183193
0.246989
0.209936
0.286382
0.393084
0.499272
0.225514
0.607106
0.529693
0.397645
0.330940
0.301161
0.375068
0.476943
0.286446
0.156996
0.120655
0.093713
0.150650
0.096304
0.134008
0.110225
0.576200
0.157059
0.223650
0.230120
0.153306
0.313811
0.353811
0.234068
0.362624
0.263417
0.299807
0.434402
0.559291
0.289053
0.244992
0.333247
0.192548
0.206377
0.165282
0.113682
0.159893
0.163882
0.114846
0.169898
0.238439
0.179390
0.355474
0.282122
0.422738
0.401840
0.509753
0.495928
0.341841
0.427091
0.543199
0.527293
0.531466
0.328446
0.341562
0.413200
0.367632
0.214687
0.199899
0.304656
0.254483
0.197394
0.130597
0.158136
0.410889
0.566615
0.410356
0.291946
0.341590
0.268253
0.315792
0.257295
0.280012
0.318063
0.296081
0.281301
0.406346
0.372509
0.405560
0.276209
0.463915
0.310926
0.404345
0.286245
0.349354
0.287383
0.256808
0.207640
0.192601
0.157776
0.196898
0.187050
0.252694
0.172689
0.485538
0.308639
0.269520
0.189831
0.412073
0.280385
0.476839
0.662270
0.520316
0.329995
0.586703
0.441596
0.350324
0.266211
0.214663
0.193440
0.134016
0.173352
0.215399
0.194521
0.182390
0.241682
0.212924
0.294540
0.188505
0.178890
0.193123
0.163078
0.388964
0.305641
0.455339
0.177822
0.165549
0.130377
0.161943
0.179922
0.094419
0.076489
0.168674
0.116802
0.125104
0.103804
0.141841
0.214534
0.135354
0.148488
0.197985
0.319256
0.190625
0.170265
0.172132
0.260297
0.134172
0.233004
0.338883
0.240822
0.352718
0.196903
0.130444
0.194651
0.112194
0.154116
0.136095
0.156775
0.133590
0.145989
0.149584
0.216449
0.219192
0.182693
0.319880
0.322243
0.223231
0.306220
0.324800
0.415637
0.510953
0.385131
0.262831
0.347456
0.314819
0.292256
0.178351
0.266533
0.186989
0.085162
0.121458
0.104851
0.199140
0.170919
0.265163
0.247309
0.191258
0.165228
0.224711
0.494358
0.134294
0.244047
0.177480
0.130475
0.232048
0.231316
0.341040
0.347219
0.266454
0.543197
0.289783
0.259691
0.320347
0.183319
0.134818
0.080175
0.086231
0.101939
0.197557
0.077316
0.107314
0.182208
0.120129
0.190853
0.161645
0.216755
0.317661
0.210841
0.289737
0.221636
0.288896
0.628846
0.269847
0.456193
0.358536
0.200061
0.198746
0.273317
0.233614
0.210249
0.237322
0.122567
0.313437
0.241172
0.269648
0.255905
0.258650
0.223623
0.264670
0.167989
0.236117
0.309157
0.323834
0.338931
0.625880
0.379921
0.523162
0.340458
0.226628
0.242162
0.220807
0.242982
0.202142
0.112920
0.196524
0.204333
0.235403
0.192110
0.160779
0.204407
0.191133
0.259679
0.288129
0.247937
0.290785
0.436034
0.416622
0.349235
0.449290
0.511743
0.314912
0.356931
0.239369
0.206947
0.196118
0.143003
0.167857
0.138788
0.153375
0.088632
0.178482
0.151716
0.172842
0.144181
0.282280
0.186372
0.322204
0.290961
0.307675
0.258671
0.422599
0.468537
0.424227
0.240747
0.430586
0.246324
0.269300
0.266543
0.178197
0.090551
0.121519
0.090663
0.124109
0.139893
0.133154
0.262094
0.166761
0.143623
0.205980
0.339320
0.266736
0.179700
0.235104
0.186131
0.178880
0.237821
0.554353
0.352360
0.285160
0.325102
0.112776
0.174588
0.177571
0.106570
0.170895
0.147084
0.169280
0.100682
0.155621
0.375170
0.197162
0.170901
0.311269
0.284922
0.381091
0.391666
0.360228
0.481602
0.437059
0.500321
0.368978
0.361025
0.256437
0.381936
0.503947
0.404717
0.323602
0.322992
0.321234
0.332876
0.252425
0.246755
0.260501
0.549277
0.411573
0.480772
0.530533
0.425541
0.625129
0.583787
0.272327
0.290302
0.581289
0.525239
0.791279
0.456747
0.300091
0.329163
0.315591
0.225906
0.439269
0.425239
0.284446
0.306458
0.333396
0.375116
0.291535
0.435862
0.584239
0.255461
0.372986
0.399437
0.250393
0.370485
0.428281
0.476815
0.506934
0.299438
0.500159
0.268926
0.306590
0.488615
0.322575
0.464881
0.312532
0.218652
0.267122
0.342076
0.194464
0.327552
0.645378
0.302396
0.587131
0.560431
0.444933
0.330837
0.383769
0.330939
0.404174
0.483132
0.591206
0.563603
0.620419
0.467693
0.536913
0.501594
0.450878
0.286589
0.271386
0.302071
0.388230
0.347575
0.258582
0.263085
0.417719
0.529508
0.440657
0.325077
0.493182
0.412337
0.548459
0.410919
0.428993
0.360444
0.361528
0.676106
0.366569
0.446895
0.529647
0.562986
0.440126
0.382999
0.305413
0.299498
0.311504
0.260304
0.286284
0.308079
0.522092
0.681111
0.507483
0.349355
0.758088
0.522934
0.506645
0.608665
0.516019
0.438436
0.326813
0.759985
0.623551
0.386730
0.356396
0.379833
0.410699
0.423977
0.207185
0.327197
0.321114
0.287788
0.275817
0.294484
0.385632
0.643361
0.512251
0.502911
0.582450
0.490133
0.415832
0.424265
0.448779
0.409888
0.684245
0.405352
0.665919
0.531617
0.515066
0.272258
0.327890
0.219565
0.346131
0.339450
0.208349
0.289172
0.304901
0.323923
0.290591
0.652751
0.415225
0.485202
0.424904
0.537619
0.473468
0.409150
0.468705
0.546304
0.524815
0.328382
0.489587
0.498356
0.346984
0.423692
0.318650
0.365832
0.541974
0.448350
0.340562
0.345939
0.308770
0.350677
0.549480
0.292095
0.296992
0.446920
0.466605
0.466918
0.438645
0.415932
0.418782
0.407523
0.627742
0.768200
0.535602
0.495348
0.438369
0.242762
0.397992
0.491108
0.383390
0.270980
0.286580
0.240280
0.372440
0.376038
0.523557
0.329047
0.336771
0.506009
0.356418
0.425216
0.557835
0.371293
0.328971
0.565355
0.572590
0.398289
0.408077
0.446201
0.619006
0.521975
0.427383
0.366119
0.364618
0.350687
0.385407
0.394535
0.381591
0.322562
0.539451
0.510292
0.298351
0.303255
0.471045
0.563840
0.523749
0.425583
0.344944
0.552761
0.568696
0.517268
0.499657
0.347458
0.265628
0.278321
0.407952
0.276826
0.294743
0.312198
0.264842
0.256483
0.321400
0.268079
0.568093
0.466062
0.369217
0.492359
0.379864
0.495487
0.629724
0.399112
0.469880
0.422660
0.892696
0.391770
0.424360
0.527536
0.388741
0.461961
0.346983
0.402466
0.332521
0.196542
0.257862
0.224334
0.289705
0.193851
0.504010
0.458887
0.409696
0.605630
0.314396
0.490332
0.592071
0.670468
0.592927
0.449301
0.521773
0.346458
0.330353
0.362050
0.527818
0.347579
0.234618
0.386268
0.302334
0.245723
0.271716
0.292848
0.309413
0.206655
0.279290
0.274190
0.362044
0.525438
0.342391
0.630358
0.532851
0.478629
0.529167
0.580016
0.407822
0.532576
0.424691
0.617696
0.517096
0.311022
0.400894
0.445196
0.429863
0.423975
0.320357
0.301110
0.221876
0.265174
0.419800
0.514224
0.658663
0.397375
0.426639
0.530452
0.565167
0.397348
0.321058
0.531978
0.685020
0.422977
0.356089
0.507236
0.484185
0.418235
0.213033
0.340442
0.246539
0.460948
0.353659
0.408703
0.300768
0.282923
0.376106
0.361123
0.301293
0.419118
0.336670
0.355578
0.323758
0.356775
0.366373
0.452258
0.653562
0.869256
0.439229
0.359123
0.430713
0.481633
0.297405
0.357569
0.447596
0.371766
0.238160
0.437656
0.272820
0.254163
0.550921
0.383755
0.483474
0.497109
0.538054
0.553380
0.516280
0.559243
0.464788
0.337289
0.380829
0.603829
0.432059
0.442903
0.480412
0.377082
0.438489
0.340066
0.435759
0.425727
0.383159
0.369449
0.325162
0.419583
0.753418
0.339959
0.619283
0.329282
0.549179
0.586479
0.492287
0.564859
0.530745
0.514411
0.461537
0.683530
0.401596
0.329753
0.422475
0.305712
0.528885
0.576637
0.352957
0.404607
0.253700
0.263096
0.233893
0.247162
0.382458
0.247602
0.272502
0.246924
0.318843
0.309471
0.288568
0.445757
0.330875
0.330571
0.436920
0.438994
0.448823
0.294105
0.321378
0.298596
0.222590
0.283275
0.287732
0.246475
0.293231
0.155743
0.203827
0.167473
0.463474
0.306851
0.343322
0.351092
0.519815
0.349568
0.491468
0.485066
0.258016
0.480294
0.642748
0.695060
0.507158
0.355081
0.350209
0.285888
0.294037
0.195560
0.243379
0.146153
0.169273
0.220261
0.158675
0.120956
0.142420
0.385347
0.296228
0.374484
0.359493
0.378363
0.274382
0.310942
0.374475
0.560086
0.397986
0.339540
0.536445
0.264450
0.341981
0.340512
0.212661
0.150798
0.192099
0.149672
0.188669
0.130462
0.100189
0.152787
0.225158
0.384387
0.484912
0.323853
0.268821
0.546007
0.318062
0.224912
0.178397
0.214193
0.375304
0.283151
0.284987
0.282431
0.333277
0.290048
0.194173
0.276544
0.274312
0.197132
0.105840
0.173746
0.141022
0.241507
0.437072
0.201261
0.127996
0.278076
0.342963
0.291242
0.384536
0.307541
0.267413
0.448622
0.387387
0.287445
0.255030
0.217261
0.295098
0.219141
0.202407
0.150972
0.172805
0.234018
0.120156
0.163992
0.148589
0.157097
0.494126
0.529527
0.220432
0.337809
0.433150
0.516689
0.461229
0.253725
0.310325
0.286179
0.485995
0.554201
0.328672
0.464963
0.535959
0.459723
0.452175
0.227653
0.232314
0.231781
0.185989
0.291247
0.245674
0.311533
0.643600
0.521742
0.320415
0.376380
0.379282
0.498942
0.316671
0.293123
0.253262
0.346881
0.507106
0.406934
1.000000
0.586616
0.369074
0.347875
0.197141
0.333555
0.206881
0.137473
0.140030
0.119759
0.105866
0.130626
0.482978
0.348185
0.432407
0.378272
0.232234
0.462946
0.532292
0.357587
0.417864
0.291389
0.475275
0.390675
0.582105
0.652765
0.401320
0.250600
0.149380
0.202078
0.191972
0.186987
0.115567
0.176973
0.109206
0.188913
0.668637
0.376615
0.118633
0.163762
0.173590
0.236443
0.216008
0.201941
0.190765
0.171008
0.212818
0.301208
0.246886
0.208872
0.127289
0.224237
0.222760
0.087452
0.061512
0.086693
0.133557
0.087538
0.090423
0.108454
0.073958
0.135994
0.206592
0.170732
0.220867
0.186427
0.137917
0.169442
0.131683
0.272000
0.310536
0.295674
0.203997
0.206599
0.121670
0.142442
0.078649
0.074354
0.056030
0.050302
0.136347
0.090185
0.051615
0.063037
0.061237
0.068798
0.091773
0.086489
0.289688
0.187561
0.229110
0.240521
0.382532
0.388205
0.401471
0.432336
0.578246
0.290990
0.365181
0.414075
0.302370
0.160037
0.164848
0.137002
0.128095
0.397416
0.240181
0.196560
0.551098
0.534033
0.337052
0.367347
0.478891
0.541272
0.206420
0.243312
0.370166
0.373766
0.535287
0.319314
0.537576
0.232045
0.158045
0.219190
0.315894
0.140824
0.140067
0.112159
0.143769
0.125950
0.114569
0.169552
0.295918
0.206594
0.265238
0.276374
0.262286
0.242065
0.175700
0.285494
0.263417
0.262434
0.412763
0.529377
0.369931
0.336039
0.182102
0.161417
0.261989
0.114729
0.263559
0.176226
0.185087
0.098342
0.157021
0.076246
0.437720
0.273330
0.277047
0.143611
0.191026
0.217610
0.234756
0.290838
0.294968
0.420478
0.575364
0.528266
0.478399
0.210561
0.318722
0.212234
0.145427
0.114043
0.122605
0.100250
0.121980
0.237189
0.113199
0.068079
0.438445
0.334958
0.437290
0.385822
0.324726
0.341449
0.318929
0.311222
0.215482
0.172394
0.284926
0.227123
0.223276
0.220910
0.184403
0.098468
0.185591
0.106049
0.207415
0.199739
0.066591
0.054052
0.089380
0.075431
0.150459
0.458552
0.237465
0.296041
0.319818
0.126985
0.101938
0.105737
0.108040
0.212899
0.204620
0.122282
0.112953
0.071731
0.139127
0.092465
0.091190
0.098105
0.079070
0.131257
0.132438
0.089654
0.066973
0.096917
0.127492
0.155346
0.153778
0.109560
0.120238
0.073447
0.142411
0.117867
0.081539
0.053370
0.109954
0.090290
0.140250
0.063579
0.079504
0.123560
0.098997
0.149715
0.077823
0.088484
0.064342
0.072182
0.090650
0.098910
0.173235
0.099146
0.080135
0.060042
0.140707
0.308389
0.480091
0.310958
0.331615
0.601995
0.496893
0.582811
0.423646
0.286262
0.230748
0.132667
0.178398
0.207150
0.107752
0.080537
0.114384
0.104360
0.217336
0.091652
0.363052
0.126919
0.203355
0.376754
0.268732
0.414028
0.215954
0.363909
0.210587
0.210867
0.513970
0.237026
0.347619
0.313665
0.219291
0.166323
0.311622
0.112785
0.144508
0.147457
0.108023
0.094900
0.090838
0.082334
0.387161
0.360961
0.178104
0.203284
0.279473
0.624862
0.307060
0.292414
0.530866
0.210494
0.298920
0.434031
0.322141
0.232013
0.342332
0.195108
0.195675
0.089968
0.087647
0.176656
0.117803
0.067802
0.086595
0.141688
0.510201
0.390934
0.244127
0.314289
0.270632
0.244647
0.266317
0.170012
0.165093
0.176491
0.222763
0.251145
0.169753
0.217836
0.173622
0.257643
0.180171
0.122750
0.102704
0.084869
0.114618
0.103051
0.078684
0.078987
0.244037
0.206329
0.219814
0.180637
0.141623
0.132722
0.216867
0.178163
0.178928
0.141119
0.260348
0.255467
0.280131
0.169868
0.211669
0.209922
0.150673
0.104490
0.113109
0.219157
0.108371
0.143848
0.083542
0.137233
0.400362
0.122082
0.193108
0.098836
0.096265
0.215009
0.131672
0.128081
0.138477
0.193909
0.395611
0.386959
0.318859
0.274891
0.292185
0.134351
0.060693
0.089899
0.079051
0.154360
0.053382
0.077596
0.073801
0.093854
0.072703
0.191805
0.191469
0.250686
0.304390
0.165557
0.243941
0.184640
0.242903
0.352302
0.488555
0.528031
0.263031
0.220297
0.129957
0.216667
0.134542
0.122138
0.093588
0.103174
0.167593
0.118492
0.080840
0.091576
0.104950
0.270642
0.387532
0.264630
0.448427
0.546237
0.410294
0.443880
0.354830
0.406776
0.603003
0.528493
0.354171
0.252377
0.193643
0.171235
0.242923
0.147030
0.234304
0.105310
0.072249
0.114393
0.073427
0.150959
0.296944
0.165525
0.363735
0.226447
0.223305
0.233184
0.314448
0.211598
0.233129
0.260776
0.538887
0.480639
0.167147
0.253149
0.136419
0.263952
0.119384
0.176135
0.128210
0.095538
0.096763
0.117109
0.060836
0.102338
0.233186
0.149446
0.202977
0.190385
0.221254
0.290289
0.167486
0.177438
0.189501
0.208968
0.356175
0.396181
0.236470
0.137858
0.145235
0.089524
0.106810
0.065988
0.079384
0.174173
0.067333
0.070759
0.084534
0.152619
0.338246
0.317860
0.324383
0.437891
0.284535
0.179755
0.107213
0.141833
0.197781
0.203888
0.341236
0.213928
0.173900
0.134859
0.142075
0.142598
0.073028
0.122563
0.109502
0.150339
0.123574
0.134398
0.055159
0.058274
0.278889
0.133591
0.163882
0.124211
0.189156
0.240830
0.175053
0.226090
0.177358
0.187490
0.203098
0.212664
0.309905
0.139328
0.091646
0.065813
0.077033
0.073208
0.094380
0.104731
0.157370
0.076069
0.042372
0.064713
0.240782
0.262193
0.185019
0.122050
0.116655
0.146671
0.204499
0.236651
0.121770
0.153818
0.282784
0.235980
0.234671
0.193597
0.129059
0.148204
0.085664
0.091978
0.140735
0.055027
0.071304
0.267827
0.210718
0.134644
0.072427
0.571854
0.223805
0.227820
0.301709
0.230470
0.195500
0.210353
0.108763
0.191557
0.243745
0.341207
0.278704
0.197128
0.191237
0.074912
0.066858
0.111324
0.061250
0.076458
0.088446
0.058412
0.075732
0.062356
0.053084
0.271033
0.318205
0.330995
0.448669
0.386053
0.367374
0.355973
0.372572
0.360631
0.375301
0.366988
0.542806
0.214059
0.193137
0.295471
0.373826
0.152471
0.219183
0.161391
0.161747
0.162646
0.218186
0.317111
0.399632
0.306551
0.232252
0.339644
0.387071
0.332807
0.255812
0.354569
0.256442
0.456894
0.440017
0.239436
0.263830
0.207559
0.221613
0.127631
0.104944
0.082297
0.092840
0.080396
0.179624
0.143752
0.095411
0.092265
0.249254
0.136037
0.129197
0.191269
0.301242
0.226737
0.221500
0.272971
0.170808
0.201675
0.223783
0.215274
0.298162
0.288860
0.185975
0.191938
0.128586
0.110328
0.073744
0.132423
0.057393
0.097660
0.070406
0.112733
0.277332
0.196208
0.142394
0.115100
0.199292
0.255027
0.196388
0.215549
0.185285
0.160236
0.288670
0.274237
0.301345
0.168739
0.105817
0.180543
0.096424
0.070909
0.048698
0.189731
0.200857
0.108279
0.061811
0.070517
0.268074
0.235296
0.207183
0.224278
0.325290
0.130670
0.136067
0.124977
0.151070
0.176947
0.330047
0.283837
0.315331
0.159154
0.156547
0.094772
0.060254
0.056588
0.169022
0.162343
0.075562
0.078658
0.055888
0.074374
0.343165
0.345155
0.148270
0.131135
0.106701
0.120183
0.144180
0.188599
0.225936
0.324667
0.175047
0.226654
0.251542
0.252338
0.111771
0.107808
0.077246
0.121280
0.091911
0.103229
0.085589
0.063557
0.085312
0.088706
0.136465
0.265832
0.187704
0.139533
0.167932
0.317417
0.331615
0.140402
0.114515
0.205752
0.268721
0.247046
0.216164
0.149919
0.185310
0.300469
0.110062
0.079515
0.132123
0.137848
0.092751
0.110716
0.146950
0.106116
0.282661
0.199176
0.196775
0.201360
0.145191
0.185790
0.199315
0.272550
0.186136
0.187635
0.206592
0.297826
0.240536
0.167343
0.156480
0.314197
0.165454
0.158227
0.177136
0.085969
0.106746
0.174349
0.113516
0.179035
0.479352
0.106821
0.124945
0.125144
0.184453
0.183783
0.063794
0.103173
0.132870
0.272499
0.197322
0.149646
0.157031
0.176413
0.186387
0.198165
0.107926
0.092421
0.054205
0.134473
0.076115
0.131594
0.131326
0.110403
0.272510
0.183554
0.293756
0.249787
0.122052
0.336027
0.394027
0.246661
0.248583
0.325085
0.571723
0.472222
0.206087
0.198114
0.169407
0.171654
0.219005
0.121134
0.069435
0.122296
0.183635
0.080548
0.070177
0.112898
0.333536
0.265076
0.112544
0.161902
0.186169
0.193786
0.362690
0.274900
0.243247
0.528896
0.324424
0.457198
0.379089
0.259737
0.272589
0.117436
0.140584
0.158822
0.133879
0.096093
0.089043
0.106931
0.057555
0.071714
0.242642
0.104588
0.149825
0.094621
0.366291
0.235507
0.147403
0.230870
0.196517
0.328684
0.272725
0.191794
0.162524
0.182506
0.169230
0.143137
0.086367
0.074189
0.057817
0.081378
0.066055
0.068989
0.063866
0.068007
0.375374
0.109195
0.347539
0.148149
0.174759
0.195877
0.114599
0.141983
0.107438
0.157935
0.364972
0.391902
0.137690
0.127985
0.153394
0.141285
0.068607
0.169937
0.125321
0.068292
0.071540
0.066752
0.070909
0.086142
0.129875
0.287583
0.185103
0.221897
0.190694
0.334625
0.244206
0.255325
0.305768
0.179457
0.393014
0.306194
0.145763
0.170850
0.215416
0.139072
0.093495
0.087336
0.075295
0.076644
0.290677
0.139454
0.098313
0.079546
0.096142
0.415112
0.183263
0.231846
0.232256
0.209606
0.263655
0.266110
0.493937
0.423277
0.465315
0.409389
0.608398
0.309525
0.335007
0.172158
0.227608
0.162716
0.091332
0.098392
0.159997
0.107976
0.231165
0.100121
0.128091
0.231346
0.352944
0.184229
0.164482
0.178851
0.300773
0.163027
0.192690
0.223219
0.589541
0.383594
0.207557
0.181784
0.222466
0.106486
0.104304
0.107563
0.109944
0.108119
0.078702
0.122364
0.106610
0.080924
0.250243
0.221569
0.124180
0.216071
0.210296
0.126637
0.187871
0.227531
0.185343
0.185385
0.172865
0.281429
0.163290
0.179999
0.091099
0.100972
0.062440
0.077756
0.073975
0.171685
0.083629
0.091674
0.079002
0.070110
0.286766
0.197244
0.177141
0.112325
0.109440
0.401241
0.264018
0.193013
0.165027
0.271691
0.345548
0.244130
0.135750
0.492068
0.174192
0.103716
0.124968
0.136886
0.092962
0.062449
0.073909
0.076109
0.084259
0.088711
0.357847
0.160353
0.127016
0.145038
0.209714
0.198685
0.145320
0.134429
0.147443
0.312201
0.260688
0.204181
0.381726
0.210554
0.134542
0.088904
0.144210
0.086000
0.099511
0.173099
0.056080
0.087583
0.077180
0.110178
0.418955
0.134790
0.163185
0.427653
0.215017
0.224270
0.165739
0.190001
0.127433
0.265962
0.207345
0.160709
0.160657
0.165068
0.148429
0.172519
0.083950
0.080019
0.079455
0.109034
0.181086
0.132757
0.072542
0.081532
0.166697
0.218321
0.177046
0.212847
0.209691
0.113657
0.148923
0.124172
0.123568
0.066958
0.099674
0.164523
0.103000
0.279076
0.425787
0.197156
0.119228
0.061983
0.063797
0.067916
0.073650
0.074968
0.059290
0.054101
0.098317
0.214812
0.400218
0.200691
0.146282
0.211193
0.215409
0.149307
0.244990
0.331901
0.492562
0.335052
0.382940
0.322026
0.169721
0.377695
0.184186
0.156717
0.114715
0.129799
0.139145
0.070480
0.056561
0.055496
0.396917
0.139150
0.166420
0.191330
0.310073
0.378495
0.142974
0.180056
0.222684
0.259980
0.444695
0.444633
0.255224
0.190479
0.264138
0.244905
0.124740
0.136834
0.133452
0.102017
0.131129
0.296471
0.064096
0.118927
0.218259
0.095667
0.106065
0.146537
0.153939
0.165614
0.231619
0.144201
0.217970
0.126761
0.248694
0.332907
0.648396
0.313140
0.261047
0.106537
0.157092
0.194790
0.117900
0.067715
0.061621
0.199807
0.142462
0.072365
0.326987
0.153993
0.266071
0.396630
0.387834
0.381724
0.327879
0.189296
0.363124
0.461492
0.505256
0.400357
0.265790
0.215355
0.164711
0.239220
0.262169
0.121036
0.150267
0.114471
0.090526
0.096781
0.162667
0.148037
0.166080
0.079890
0.285690
0.101574
0.171686
0.269851
0.265863
0.362553
0.301390
0.455538
0.320895
0.374197
0.191751
0.137960
0.152449
0.178138
0.097940
0.132051
0.121754
0.111540
0.054076
0.064951
0.259418
0.215858
0.283094
0.107010
0.148318
0.119314
0.123966
0.206927
0.127742
0.206079
0.261536
0.251915
0.402611
0.375551
0.256215
0.143797
0.111510
0.155475
0.213118
0.147893
0.198483
0.261616
0.172238
0.202536
0.162554
0.102104
0.140847
0.624806
0.245859
0.293335
0.252377
0.259709
0.248018
0.264755
0.173332
0.266978
0.353925
0.222565
0.302475
0.231174
0.173494
0.161993
0.157247
0.163109
0.097534
0.107672
0.088155
0.083463
0.065630
0.073628
0.131399
0.187386
0.267314
0.203072
0.347398
0.294794
0.323898
0.220867
0.339752
0.354813
0.230030
0.356840
0.314551
0.190460
0.237157
0.091559
0.082482
0.065662
0.126615
0.050007
0.081204
0.077256
0.114312
0.106768
0.454005
0.183501
0.099296
0.102596
0.083288
0.273662
0.198421
0.108176
0.157632
0.282996
0.254385
0.276910
0.117329
0.167089
0.104974
0.089821
0.105050
0.081570
0.061957
0.102872
0.142009
0.085491
0.079430
0.063174
0.256679
0.295475
0.185067
0.152965
0.126430
0.201482
0.160949
0.137712
0.143581
0.241813
0.405817
0.193720
0.193785
0.260103
0.197430
0.110263
0.132235
0.084510
0.162911
0.133506
0.200817
0.064911
0.088758
0.092507
0.294240
0.297136
0.251057
0.242179
0.261502
0.323070
0.211825
0.200782
0.195925
0.290009
0.403727
0.188718
0.162221
0.196663
0.216894
0.064203
0.102583
0.116925
0.053302
0.058836
0.050272
0.228361
0.103361
0.163776
0.443616
0.119079
0.103412
0.226684
0.136488
0.133384
0.149604
0.106119
0.141545
0.313713
0.214625
0.276283
0.278598
0.335116
0.136664
0.124777
0.126273
0.090425
0.148986
0.120190
0.097017
0.148357
0.129145
0.215125
0.221917
0.227706
0.276954
0.201038
0.215031
0.181500
0.278634
0.320962
0.370117
0.361868
0.346299
0.165734
0.308356
0.178464
0.205726
0.174261
0.209587
0.079657
0.134278
0.152670
0.077155
0.109175
0.090752
0.122492
0.210157
0.324539
0.239107
0.282791
0.222904
0.348331
0.203188
0.254201
0.270984
0.333860
0.304658
0.370641
0.286591
0.329790
0.215127
0.120246
0.222800
0.188929
0.179247
0.147119
0.079978
0.133065
0.100572
0.087894
0.278959
0.248898
0.215752
0.176495
0.219220
0.186169
0.285238
0.356307
0.302454
0.278017
0.318979
0.402891
0.185078
0.294967
0.196422
0.111380
0.084492
0.140832
0.098873
0.089906
0.061899
0.068320
0.093124
0.069706
0.243087
0.119933
0.132445
0.165496
0.163384
0.094447
0.072720
0.100142
0.060047
0.109916
0.321251
0.353604
0.152850
0.115067
0.056116
0.089157
0.071654
0.051617
0.074420
0.131783
0.133070
0.074736
0.115447
0.081821
0.371688
0.263835
0.149999
0.128336
0.078359
0.105891
0.164505
0.092992
0.124608
0.144482
0.215547
0.476928
0.293715
0.213192
0.060703
0.082723
0.060623
0.052883
0.048581
0.073456
0.185235
0.106519
0.071217
0.107375
0.210620
0.092422
0.096042
0.078867
0.133655
0.087040
0.088229
0.047059
0.059511
0.196714
0.304208
0.220488
0.333871
0.090470
0.123708
0.074876
0.212240
0.225182
0.091233
0.108078
0.059249
0.058718
0.047497
0.098124
0.277775
0.140307
0.190668
0.212226
0.217690
0.166915
0.369224
0.423042
0.329861
0.421651
0.327936
0.207563
0.340115
0.141932
0.062355
0.085153
0.069867
0.057969
0.081972
0.055104
0.054842
0.083181
0.232009
0.191831
0.477209
0.224289
0.119336
0.110879
0.116281
0.165072
0.181808
0.201651
0.157863
0.200499
0.194391
0.136234
0.123004
0.111439
0.154024
0.116804
0.055777
0.071825
0.062647
0.075415
0.057795
0.070033
0.139928
0.123662
0.179910
0.274421
0.137990
0.189438
0.149861
0.277047
0.227081
0.277789
0.205687
0.138767
0.324481
0.360065
0.259296
0.098856
0.102308
0.114068
0.095358
0.054972
0.106038
0.094158
0.062186
0.098250
0.102882
0.249568
0.077465
0.436150
0.493549
0.528651
0.309678
0.179866
0.296106
0.222376
0.180975
0.508809
0.771131
0.385775
0.250496
0.231626
0.111558
0.121550
0.143492
0.178718
0.097674
0.146288
0.092315
0.066622
0.077452
0.091764
0.360262
0.237388
0.094061
0.101311
0.103996
0.198206
0.134736
0.140044
0.115527
0.167143
0.462746
0.204243
0.193923
0.220038
0.129124
0.126112
0.095362
0.083010
0.164401
0.150293
0.087984
0.085315
0.110478
0.218264
0.349388
0.222715
0.166766
0.171609
0.156481
0.185273
0.103133
0.113128
0.089467
0.152747
0.234135
0.111760
0.168505
0.153292
0.081676
0.115836
0.074837
0.143328
0.220381
0.197497
0.087472
0.081009
0.082998
0.079923
0.362412
0.155145
0.323913
0.299067
0.224804
0.282231
0.217100
0.327462
0.139001
0.174395
0.233177
0.081877
0.191533
0.124907
0.087168
0.070940
0.057610
0.105354
0.198299
0.113745
0.067234
0.077852
0.078053
0.041953
0.197159
0.132124
0.058108
0.084956
0.125004
0.224130
0.167319
0.097445
0.166743
0.151156
0.438256
0.209055
0.155235
0.160102
0.140456
0.069603
0.066172
0.224694
0.201941
0.079351
0.078757
0.054831
0.052806
0.092533
0.304360
0.166480
0.068467
0.096369
0.174967
0.195705
0.243514
0.158572
0.145701
0.103998
0.478099
0.234837
0.203439
0.369967
0.146201
0.155106
0.112931
0.152347
0.178993
0.126039
0.091814
0.069784
0.051109
0.076613
0.094978
0.253543
0.274793
0.173169
0.169705
0.115358
0.173314
0.219504
0.267172
0.218746
0.377704
0.210423
0.188706
0.212815
0.208531
0.142068
0.110828
0.075566
0.107265
0.064645
0.121830
0.057886
0.050132
0.081583
0.126244
0.319166
0.168184
0.184507
0.216577
0.283528
0.223193
0.169041
0.213903
0.238339
0.274201
0.372581
0.316197
0.242186
0.172973
0.233729
0.190273
0.122665
0.088639
0.063864
0.062079
0.064276
0.052482
0.060835
0.501179
0.185264
0.198990
0.069992
0.108272
0.091638
0.225360
0.116202
0.080240
0.108186
0.187731
0.345907
0.161244
0.143157
0.106690
0.077344
0.071747
0.137819
0.081830
0.063594
0.079148
0.079312
0.058972
0.055003
0.232645
0.193330
0.122081
0.148413
0.101173
0.221968
0.102592
0.094094
0.067457
0.175622
0.243753
0.194857
0.186732
0.152978
0.122273
0.083826
0.082277
0.082725
0.065759
0.064764
0.076667
0.058510
0.073139
0.074548
0.140583
0.053499
0.066749
0.061834
0.103613
0.127430
0.062270
0.070482
0.048919
0.055253
0.072462
0.059043
0.085602
0.125475
0.099949
0.091207
0.155179
0.071921
0.063576
0.070189
0.047272
0.117108
0.080007
0.094188
0.127468
0.084855
0.086838
0.105236
0.112812
0.176727
0.094361
0.070449
0.045529
0.047175
0.088660
0.228976
0.124483
0.131649
0.172554
0.163456
0.091460
0.082338
0.090024
0.052311
0.054005
0.067638
0.117640
0.145789
0.137841
0.087396
0.109271
0.068712
0.061932
0.081322
0.141035
0.084125
0.077206
0.176600
0.143788
0.190898
0.086493
0.144902
0.233122
0.226283
0.132942
0.144694
0.073151
0.063949
0.107424
0.058916
0.049678
0.051665
0.131232
0.134453
0.236660
0.141163
0.191491
0.517231
0.229552
0.170411
0.234711
0.306321
0.257783
0.413217
0.402359
0.357373
0.310643
0.204096
0.107798
0.117372
0.094688
0.087844
0.072067
0.086814
0.057332
0.060442
0.112521
0.399564
0.391463
0.421917
0.363001
0.330852
0.612961
0.270103
0.181419
0.125122
0.522230
0.332358
0.133713
0.170078
0.105285
0.109928
0.072324
0.079216
0.071610
0.065822
0.074739
0.058805
0.058534
0.053471
0.334414
0.164174
0.107036
0.109388
0.257189
0.294850
0.212380
0.114943
0.056276
0.166182
0.354829
0.153584
0.125158
0.120754
0.094628
0.179963
0.086642
0.263833
0.109022
0.068294
0.065398
0.075961
0.096542
0.068562
0.308339
0.093672
0.107340
0.170568
0.096953
0.119896
0.139901
0.088130
0.097453
0.188239
0.158115
0.345385
0.231318
0.209378
0.122138
0.116300
0.163467
0.272574
0.208261
0.067817
0.103433
0.082949
0.094024
0.192063
0.117060
0.240809
0.182671
0.121868
0.291876
0.256752
0.246220
0.238634
0.146146
0.248186
0.456535
0.288108
0.436788
0.261655
0.205486
0.197679
0.084762
0.071828
0.083880
0.184191
0.227963
0.063330
0.061821
0.197334
0.299604
0.226178
0.273260
0.156453
0.084447
0.138649
0.075266
0.219847
0.104944
0.145183
0.274481
0.367327
0.314908
0.226820
0.100535
0.092097
0.055341
0.146076
0.165945
0.064146
0.078664
0.073241
0.083162
0.050063
0.336079
0.390646
0.177612
0.166209
0.175368
0.220247
0.230841
0.232701
0.139871
0.188972
0.255953
0.217939
0.261327
0.146251
0.166937
0.122579
0.073439
0.075928
0.103121
0.057311
0.077971
0.052801
0.050194
0.084457
0.158852
0.247785
0.211705
0.236185
0.458114
0.434133
0.358730
0.295736
0.208806
0.209720
0.294875
0.274593
0.333467
0.278371
0.164972
0.207074
0.070138
0.051394
0.086361
0.056523
0.089047
0.081696
0.079155
0.049729
0.101921
0.303240
0.309761
0.252490
0.270149
0.266227
0.383405
0.256737
0.212684
0.358927
0.452747
0.400774
0.490788
0.225021
0.334202
0.131917
0.130619
0.099540
0.155122
0.148988
0.103931
0.093030
0.069083
0.082752
0.471564
0.123297
0.211156
0.141061
0.096523
0.214256
0.169482
0.203300
0.142871
0.138920
0.249346
0.160578
0.180388
0.174717
0.150469
0.123177
0.108597
0.116341
0.180333
0.089575
0.088300
0.178318
0.080707
0.058546
0.317426
0.090157
0.122703
0.220791
0.152170
0.164550
0.116509
0.153379
0.207441
0.114857
0.179921
0.225541
0.190443
0.225637
0.185403
0.165203
0.193532
0.094902
0.056201
0.100481
0.270660
0.137852
0.105516
0.160797
0.383510
0.272958
0.316662
0.272513
0.227397
0.257863
0.258303
0.162723
0.074743
0.070134
0.258413
0.105064
0.307310
0.143471
0.203172
0.149869
0.135799
0.093838
0.091745
0.144800
0.089218
0.146666
0.173183
0.186788
0.270624
0.306112
0.244998
0.139576
0.251108
0.334888
0.169607
0.123362
0.099869
0.118226
0.433360
0.299184
0.205214
0.251786
0.101449
0.175869
0.098845
0.168597
0.125001
0.456236
0.324818
0.302297
0.167251
0.159498
0.548433
0.249540
0.166468
0.112074
0.187076
0.152469
0.144451
0.328996
0.127448
0.267260
0.344751
0.194304
0.149048
0.142428
0.104719
0.098594
0.124462
0.133725
0.151747
0.172411
0.187241
0.170379
0.234344
0.124428
0.166823
0.161672
0.230959
0.261006
0.358661
0.422656
0.232664
0.177639
0.231889
0.398038
0.435689
0.417195
0.296888
0.213089
0.143430
0.096963
0.070359
0.092974
0.114431
0.118916
0.073663
0.067524
0.072939
0.072628
0.077669
0.606516
0.275054
0.259340
0.234447
0.276466
0.265515
0.325798
0.224428
0.188505
0.375270
0.177770
0.187108
0.179622
0.070690
0.084723
0.138978
0.167422
0.092511
0.217477
0.089335
0.087561
0.079412
0.098108
0.494108
0.240461
0.147360
0.176607
0.209115
0.162009
0.165345
0.217881
0.179432
0.170984
0.307595
0.145242
0.160699
0.177594
0.111493
0.125034
0.154940
0.122040
0.134742
0.323615
0.215229
0.140367
0.056530
0.085372
0.391513
0.104372
0.181520
0.190193
0.517285
0.247300
0.442330
0.190152
0.204046
0.197780
0.374810
0.188483
0.322082
0.255281
0.150067
0.130962
0.175864
0.159913
0.127134
0.091841
0.092509
0.217805
0.206333
0.192702
0.383587
0.202006
0.105908
0.101424
0.116395
0.194921
0.111076
0.117096
0.139358
0.122932
0.261795
0.208351
0.162148
0.105653
0.102901
0.120432
0.144567
0.221428
0.379965
0.210870
0.176687
0.159732
0.123686
0.175904
0.627779
0.366169
0.234557
0.244958
0.173104
0.217279
0.242097
0.325183
0.233371
0.188086
0.363540
0.354232
0.566805
0.193276
0.172230
0.283066
0.279426
0.189956
0.254603
0.221385
0.159503
0.164012
0.276800
0.290017
0.530366
0.301224
0.293596
0.240448
0.344427
0.140554
0.144518
0.275552
0.142789
0.136687
0.232039
0.128064
0.302812
0.127022
0.238801
0.149380
0.128187
0.191706
0.153082
0.253654
0.115165
0.091182
0.210509
0.166470
0.177282
0.113428
0.141240
0.291388
0.198155
0.231176
0.209350
0.201523
0.098019
0.123533
0.681446
0.184830
0.127713
0.129146
0.083999
0.134372
0.142218
0.178719
0.063871
0.091089
0.102405
0.064862
0.091483
0.071261
0.064963
0.211601
0.368654
0.253665
0.245534
0.349063
0.282569
0.334898
0.203140
0.200084
0.159300
0.596080
0.426543
0.291180
0.252373
0.231132
0.194263
0.206706
0.128061
0.102113
0.072576
0.079847
0.126291
0.124813
0.117665
0.441351
0.154545
0.281495
0.113620
0.154733
0.357918
0.340384
0.220004
0.146315
0.286287
0.554760
0.319232
0.206829
0.193838
0.131991
0.161910
0.224976
0.261696
0.135220
0.102440
0.088385
0.119719
0.136511
0.102912
0.234619
0.184228
0.279601
0.181395
0.338244
0.135641
0.243625
0.128267
0.075127
0.131735
0.287949
0.156761
0.200380
0.114464
0.145973
0.106562
0.070654
0.158521
0.124072
0.076503
0.076211
0.121868
0.076322
0.091504
0.413209
0.120800
0.104329
0.124231
0.200906
0.169614
0.104892
0.103784
0.149601
0.085489
0.257477
0.199645
0.213750
0.119720
0.239059
0.178157
0.100988
0.161009
0.104383
0.130002
0.240029
0.208444
0.182400
0.233176
0.500006
0.262028
0.341621
0.219846
0.256734
0.315744
0.112046
0.282393
0.110101
0.158905
0.246925
0.559083
0.258650
0.206430
0.134545
0.123193
0.152818
0.098982
0.130013
0.208833
0.088686
0.176286
0.133395
0.131233
0.491123
0.206159
0.163703
0.103858
0.183374
0.148085
0.166522
0.145726
0.133628
0.141913
0.140755
0.226963
0.172420
0.192911
0.142700
0.119274
0.077840
0.199640
0.137487
0.112468
0.178664
0.200029
0.230914
0.197409
0.210732
0.554843
0.201606
0.192545
0.225629
0.226128
0.308742
0.203622
0.107844
0.301296
0.225555
0.167886
0.189458
0.283418
0.156769
0.253901
0.105059
0.228939
0.116970
0.102947
0.085333
0.082092
0.109282
0.158259
0.215391
0.218294
0.274014
0.378313
0.307602
0.375568
0.197192
0.137728
0.186561
0.374267
0.291699
0.202972
0.106213
0.150052
0.132740
0.121704
0.126058
0.251355
0.187670
0.205574
0.332552
0.156859
0.278516
0.204980
0.670814
0.368480
0.159387
0.082061
0.154433
0.203831
0.208358
0.310091
0.260606
0.278237
0.575241
0.237955
0.277320
0.183131
0.114260
0.112537
0.127969
0.199024
0.100995
0.304361
0.309790
0.112654
0.171795
0.154869
0.442682
0.177780
0.222711
0.253696
0.186390
0.411664
0.329430
0.099020
0.074058
0.159113
0.231794
0.378984
0.163394
0.150661
0.186816
0.166259
0.086127
0.244735
0.261452
0.413016
0.151188
0.136189
0.139906
0.222363
0.237194
0.115144
0.076570
0.101837
0.074955
0.147004
0.111734
0.192282
0.182729
0.229532
0.277198
0.244669
0.318153
0.140977
0.120829
0.142025
0.130803
0.108182
0.091190
0.127677
0.183054
0.182129
0.185169
0.284316
0.638747
0.241807
0.312438
0.222303
0.179128
0.160300
0.165355
0.207522
0.081812
0.158901
0.416930
0.140124
0.207745
0.198635
0.163753
0.110781
0.096461
0.178236
0.203513
0.236414
0.193022
0.122159
0.106783
0.068508
0.310059
0.380117
0.201686
0.337974
0.146065
0.149441
0.272235
0.146402
0.187391
0.289328
0.423586
0.346564
0.211086
0.161182
0.130676
0.134117
0.128694
0.114422
0.141277
0.136855
0.229436
0.301046
0.137847
0.248327
0.368344
0.198015
0.141859
0.122885
0.299134
0.218746
0.287333
0.270571
0.192906
0.535954
0.245305
0.459583
0.372116
0.135749
0.172644
0.117913
0.193386
0.144176
0.086345
0.220619
0.300995
0.202499
0.127429
0.100285
0.234782
0.461081
0.324485
0.287535
0.310926
0.434359
0.337617
0.182809
0.284886
0.178654
0.247197
0.330943
0.233559
0.144507
0.125064
0.157765
0.235270
0.150894
0.068660
0.096440
0.208543
0.144435
0.183411
0.150064
0.207849
0.103389
0.238560
0.108245
0.149122
0.342228
0.196253
0.107766
0.106481
0.137985
0.248052
0.211183
0.152150
0.216443
0.217053
0.177638
0.288439
0.283778
0.418751
0.342965
0.208510
0.096616
0.218123
0.304893
0.568599
0.302329
0.133714
0.344138
0.176421
0.252929
0.417000
0.229283
0.200133
0.334500
0.541861
0.186568
0.125786
0.099384
0.096837
0.113987
0.120911
0.121529
0.282889
0.202907
0.267221
0.208151
0.223587
0.110459
0.266829
0.644847
0.276836
0.416392
0.308960
0.356465
0.302990
0.142672
0.128837
0.201200
0.231811
0.223673
0.276963
0.168704
0.159631
0.129453
0.142054
0.092832
0.079856
0.091174
0.143637
0.093521
0.250559
0.170685
0.086765
0.347811
0.258719
0.401879
0.337286
0.471380
0.498318
0.474688
0.401236
0.248021
0.381077
0.224155
0.367746
0.242579
0.216419
0.153691
0.133099
0.161982
0.106077
0.087320
0.061721
0.068945
0.067120
0.068305
0.195267
0.242099
0.290451
0.538641
0.207298
0.320129
0.226873
0.377806
0.273213
0.467174
0.534623
0.221076
0.219066
0.253859
0.219250
0.213205
0.151096
0.219920
0.207202
0.228349
0.133169
0.151925
0.228468
0.148396
0.248905
0.518119
0.454751
0.299094
0.255697
0.273476
0.316948
0.303718
0.298357
0.433020
0.400053
0.287065
0.296404
0.221686
0.277679
0.265954
0.177340
0.251663
0.213890
0.223208
0.218668
0.200403
0.241921
0.160826
0.214493
0.266217
0.398988
0.349307
0.411459
0.399444
0.311107
0.356195
0.251799
0.276426
0.355558
0.364321
0.208990
0.171537
0.355525
0.360325
0.172978
0.162076
0.149878
0.252958
0.259931
0.177839
0.243312
0.151940
0.310623
0.220191
0.467088
0.336845
0.330495
0.272090
0.253050
0.326295
0.195668
0.363597
0.680259
0.354860
0.270115
0.301248
0.294036
0.300985
0.224792
0.230333
0.213930
0.458778
0.336903
0.190226
0.172703
0.108626
0.457155
0.366171
0.159283
0.131936
0.089598
0.170256
0.095168
0.116646
0.140128
0.115300
0.144143
0.302339
0.343899
0.182054
0.148346
0.119225
0.202191
0.184733
0.156689
0.262862
0.254409
0.263030
0.195819
0.262081
0.582287
0.181744
0.123690
0.159646
0.101811
0.163522
0.140661
0.274403
0.122230
0.163814
0.256784
0.335482
0.142460
0.167588
0.131878
0.091218
0.110598
0.157145
0.343913
0.271407
0.366033
0.258732
0.134723
0.147249
0.390338
0.315546
0.183103
0.238663
0.235280
0.134877
0.223419
0.149036
0.119812
0.172776
0.204070
0.214196
0.272210
0.125824
0.114718
0.095011
0.092538
0.219457
0.118941
0.238219
0.159072
0.138628
0.212559
0.217754
0.315002
0.215731
0.104845
0.137646
0.131857
0.139327
0.192100
0.123416
0.187449
0.115659
0.212230
0.163726
0.191218
0.134972
0.091113
0.265609
0.158145
0.135353
0.154627
0.116344
0.145306
0.192016
0.222053
0.261794
0.137404
0.201976
0.274197
0.220471
0.252488
0.202451
0.186391
0.339312
0.190555
0.190626
0.296061
0.360391
0.389898
0.370227
0.323793
0.077153
0.102344
0.093528
0.135590
0.115701
0.104647
0.127153
0.150704
0.124957
0.096070
0.661632
0.402864
0.199309
0.206862
0.205313
0.197152
0.199788
0.188118
0.297347
0.350655
0.299584
0.161693
0.166637
0.186107
0.150882
0.150308
0.120259
0.093809
0.198151
0.088522
0.153511
0.136792
0.116936
0.396668
0.186588
0.145778
0.142835
0.229272
0.184101
0.227280
0.271550
0.153227
0.250484
0.266143
0.265285
0.329356
0.141341
0.119066
0.346086
0.181121
0.175983
0.134550
0.133030
0.155055
0.169530
0.245234
0.117998
0.301811
0.164649
0.303232
0.332308
0.267155
0.293958
0.257889
0.391212
0.170141
0.228587
0.315076
0.253376
0.192036
0.245629
0.188525
0.168060
0.197539
0.189692
0.128438
0.210203
0.347403
0.114332
0.091353
0.105509
0.454368
0.248911
0.216515
0.166346
0.263998
0.294977
0.326419
0.262540
0.169171
0.250836
0.182194
0.200222
0.159864
0.151762
0.149038
0.300926
0.226448
0.140987
0.249995
0.202149
0.151391
0.196687
0.144267
0.141206
0.333533
0.230602
0.112609
0.249801
0.231534
0.185870
0.309247
0.292905
0.114522
0.188068
0.422832
0.352728
0.231369
0.244886
0.170549
0.205140
0.182558
0.174581
0.214829
0.351761
0.118123
0.099463
0.086957
0.082116
0.298762
0.108876
0.124788
0.118750
0.140880
0.173604
0.236430
0.206472
0.348600
0.217313
0.610099
0.173690
0.302727
0.132929
0.181222
0.169690
0.073418
0.138071
0.200679
0.163984
0.313481
0.129438
0.209383
0.108392
0.334694
0.339974
0.227818
0.368266
0.250715
0.370710
0.184415
0.208685
0.348608
0.389058
0.569489
0.332271
0.321133
0.465369
0.432086
0.386029
0.241215
0.180602
0.215191
0.179949
0.132446
0.175797
0.175434
0.301539
0.151952
0.397853
0.521125
0.458248
0.315512
0.239675
0.306774
0.479884
0.325298
0.367796
0.342020
0.370146
0.235200
0.177649
0.201408
0.199423
0.267138
0.204728
0.139088
0.063732
0.132467
0.092011
0.123087
0.114783
0.366823
0.185993
0.104941
0.156821
0.167305
0.209523
0.090531
0.167427
0.112034
0.084002
0.305710
0.188625
0.239761
0.220381
0.161388
0.185805
0.119078
0.134798
0.108426
0.100041
0.141382
0.126398
0.071232
0.107791
0.246063
0.256297
0.074219
0.131585
0.138179
0.110782
0.131036
0.137347
0.124427
0.195969
0.388796
0.216861
0.179060
0.132366
0.169871
0.186636
0.096837
0.115646
0.109134
0.192615
0.114010
0.081583
0.053206
0.078522
0.272023
0.225764
0.190839
0.279793
0.293029
0.392462
0.280967
0.161558
0.180386
0.261392
0.366318
0.298015
0.275761
0.164455
0.202203
0.209917
0.101226
0.110823
0.199992
0.125193
0.242364
0.098681
0.127189
0.117134
0.425668
0.225699
0.246767
0.183242
0.173965
0.129444
0.166630
0.235143
0.131983
0.186293
0.262454
0.306146
0.416972
0.220100
0.199252
0.198382
0.189626
0.155511
0.168865
0.221815
0.204377
0.107236
0.102140
0.078825
0.122643
0.193565
0.084634
0.116700
0.141245
0.141784
0.120010
0.045069
0.053446
0.095790
0.083714
0.091572
0.080006
0.102437
0.147152
0.166684
0.121890
0.150977
0.151661
0.135972
0.080164
0.092310
0.141658
0.174946
0.208879
0.253104
0.210990
0.168777
0.141200
0.176866
0.135539
0.100854
0.213171
0.166277
0.314248
0.321552
0.181848
0.142326
0.209518
0.138558
0.087112
0.096286
0.093991
0.152027
0.177379
0.084861
0.186143
0.079462
0.305900
0.332923
0.221996
0.341874
0.232769
0.138691
0.184185
0.111040
0.292993
0.288603
0.313572
0.255446
0.234687
0.231746
0.106510
0.137947
0.090118
0.109059
0.106728
0.180237
0.087262
0.076867
0.098488
0.102114
0.124858
0.112896
0.250221
0.106946
0.113071
0.148311
0.131497
0.175459
0.175658
0.175066
0.208899
0.187462
0.175088
0.112501
0.126179
0.118406
0.133029
0.143042
0.083740
0.197103
0.182783
0.154742
0.152813
0.176187
0.353521
0.157246
0.135121
0.078163
0.295261
0.243100
0.261555
0.113623
0.137313
0.155735
0.139458
0.182099
0.207135
0.139292
0.095298
0.195833
0.118081
0.120330
0.140585
0.276122
0.110321
0.131172
0.088830
0.086795
0.296969
0.087468
0.256673
0.137983
0.246744
0.149553
0.129323
0.116222
0.118136
0.243818
0.363986
0.442420
0.198224
0.190996
0.122561
0.205642
0.204540
0.107630
0.184958
0.163061
0.371223
0.186075
0.121881
0.110064
0.364490
0.272998
0.205838
0.146682
0.099257
0.171569
0.225271
0.228188
0.137619
0.137630
0.204236
0.124479
0.175563
0.147922
0.104220
0.118129
0.159405
0.122760
0.069930
0.123489
0.094186
0.100868
0.148651
0.129679
0.169672
0.367121
0.421055
0.197971
0.220605
0.273016
0.231456
0.203233
0.139012
0.309123
0.492069
0.398920
0.326619
0.268806
0.275215
0.168556
0.102599
0.139135
0.097886
0.103503
0.139979
0.290520
0.081011
0.106334
0.119824
0.119451
0.168037
0.243764
0.298066
0.232635
0.118112
0.173961
0.160421
0.142624
0.172852
0.235095
0.186057
0.197397
0.230191
0.249015
0.205769
0.151115
0.095445
0.268225
0.069639
0.086662
0.122375
0.078415
0.246827
0.409917
0.162396
0.262832
0.105743
0.139419
0.138946
0.173639
0.100580
0.142439
0.304707
0.276591
0.223095
0.373686
0.196319
0.355896
0.271786
0.246613
0.096837
0.084318
0.138026
0.210992
0.191735
0.196302
0.257850
0.173877
0.220782
0.189314
0.174327
0.714417
0.544963
0.447938
0.421907
0.429862
0.275218
0.350591
0.521292
0.227818
0.195363
0.243818
0.168625
0.170300
0.169622
0.250504
0.236003
0.203723
0.175564
0.169774
0.353480
0.225771
0.316096
0.193372
0.257878
0.582495
0.342516
0.290401
0.193336
0.147108
0.371808
0.385431
0.210914
0.239325
0.293113
0.279934
0.209240
0.131027
0.212767
0.204712
0.184438
0.095524
0.222206
0.137957
0.190009
0.153664
0.392809
0.249341
0.366937
0.409272
0.269366
0.302209
0.189273
0.159086
0.362312
0.368672
0.273950
0.123300
0.110964
0.222279
0.161131
0.141498
0.121953
0.142438
0.133249
0.181335
0.168605
0.207385
0.253533
0.266867
0.167591
0.270240
0.190432
0.194526
0.251001
0.167012
0.205747
0.382504
0.256911
0.349113
0.442418
0.306086
0.250895
0.161668
0.228099
0.175578
0.182064
0.155707
0.182403
0.100768
0.098764
0.153539
0.257403
0.180512
0.207453
0.171376
0.312220
0.187173
0.180674
0.194137
0.242450
0.535281
0.357804
0.175858
0.258631
0.223481
0.298093
0.211686
0.102757
0.154775
0.132431
0.131714
0.121773
0.112260
0.099226
0.141542
0.187044
0.387105
0.505735
0.236504
0.403064
0.390092
0.381240
0.322336
0.238976
0.295629
0.748859
0.323401
0.199117
0.234131
0.126796
0.181492
0.254210
0.135752
0.136839
0.212745
0.133238
0.106323
0.107678
0.159090
0.182594
0.330792
0.421740
0.329092
0.261887
0.261517
0.266835
0.270254
0.189397
0.204951
0.365621
0.366640
0.250359
0.360629
0.283576
0.334349
0.244875
