0.269588
0.176054
0.189622
0.115611
0.114015
0.184615
0.164120
0.329350
0.221747
0.142276
0.175765
0.269224
0.302500
0.245941
0.292244
0.241495
0.253093
0.306961
0.391311
0.307910
0.247699
0.205576
0.277084
0.225517
0.195998
0.107466
0.103983
0.162652
0.175937
0.165208
0.123260
0.131268
0.138454
0.185313
0.278660
0.328577
0.366103
0.408215
0.645222
0.262175
0.381291
0.491403
0.215579
0.229390
0.484926
0.247738
0.194807
0.219740
0.158200
0.189996
0.192112
0.141066
0.148161
0.182689
0.316559
0.225626
0.171820
0.163129
0.220585
0.237962
0.171429
0.168994
0.164325
0.254981
0.185403
0.309097
0.280706
0.682392
0.531098
0.324008
0.176308
0.144552
0.155694
0.129044
0.160055
0.139087
0.176334
0.199415
0.283862
0.297209
0.172239
0.132344
0.184725
0.289919
0.365673
0.259999
0.211459
0.252625
0.236837
0.230852
0.217041
0.299386
0.212790
0.329574
0.265195
0.129031
0.119256
0.178654
0.206733
0.130180
0.174967
0.152556
0.265542
0.231396
0.194930
0.206580
0.200446
0.174122
0.164424
0.250088
0.224393
0.142016
0.231926
0.302368
0.486349
0.399410
0.350021
0.464848
0.304994
0.282770
0.177538
0.158382
0.148059
0.214415
0.133285
0.240217
0.233003
0.215272
0.189423
0.194890
0.192961
0.179031
0.223744
0.241606
0.266027
0.252234
0.189865
0.237318
0.200787
0.245585
0.219292
0.238545
0.267104
0.261110
0.213557
0.186001
0.156300
0.156871
0.119850
0.206624
0.225924
0.152610
0.312276
0.231428
0.184515
0.186641
0.241028
0.210674
0.302005
0.170283
0.176994
0.169075
0.240664
0.224045
0.171576
0.238888
0.131744
0.212521
0.197996
0.154647
0.119625
0.170011
0.119616
0.171699
0.123595
0.238706
0.245067
0.182982
0.255914
0.349059
0.500146
0.192430
0.191596
0.281514
0.328884
0.272063
0.530036
0.600553
0.309226
0.132416
0.178849
0.205025
0.180279
0.153709
0.154230
0.109604
0.166503
0.201184
0.341927
0.354838
0.221383
0.152991
0.173546
0.286330
0.161828
0.164773
0.146869
0.163685
0.162966
0.459610
0.358255
0.323205
0.240660
0.389767
0.329372
0.174649
0.164910
0.118010
0.163822
0.154798
0.164510
0.258197
0.197949
0.244815
0.262336
0.279857
0.191571
0.167679
0.265618
0.244809
0.274393
0.195790
0.223121
0.502021
0.438634
0.629166
0.282318
0.329407
0.225753
0.164442
0.165388
0.127084
0.137177
0.169189
0.164131
0.176754
0.249186
0.343592
0.100140
0.148756
0.119073
0.384067
0.176185
0.265710
0.269931
0.285374
0.209944
0.348632
0.359094
0.433074
0.468171
0.331542
0.228087
0.107867
0.145433
0.133151
0.165640
0.138867
0.134576
0.121740
0.257040
0.258364
0.221269
0.275401
0.303090
0.184701
0.120645
0.104098
0.149148
0.190696
0.139741
0.223017
0.397857
0.328711
0.210175
0.189463
0.211298
0.229851
0.145369
0.151029
0.123053
0.156252
0.186486
0.165401
0.315294
0.337253
0.322014
0.268951
0.271297
0.390066
0.204605
0.241555
0.230520
0.311385
0.263168
0.232612
0.166896
0.137937
0.229769
0.464635
0.249813
0.183533
0.242187
0.178129
0.143682
0.135502
0.144598
0.149732
0.214621
0.185656
0.234015
0.253912
0.235893
0.199326
0.223840
0.669294
0.338136
0.318468
0.343788
0.265704
0.453836
0.352674
0.247611
0.232952
0.152113
0.278551
0.173509
0.123810
0.152565
0.161129
0.164370
0.119934
0.145213
0.131751
0.402050
0.236580
0.193745
0.211308
0.327970
0.145330
0.141844
0.190470
0.148600
0.176941
0.362874
0.273967
0.370772
0.477760
0.156397
0.144629
0.177019
0.133849
0.138674
0.138863
0.181793
0.146384
0.219436
0.198388
0.164492
0.244504
0.285721
0.283657
0.210326
0.365035
0.258798
0.277419
0.374424
0.367817
0.478297
0.329720
0.334952
0.268014
0.155957
0.138170
0.159011
0.114967
0.134309
0.106145
0.099745
0.145895
0.257976
0.175415
0.174360
0.224436
0.184688
0.124450
0.216605
0.162643
0.145884
0.192934
0.257595
0.354244
0.417673
0.386451
0.256587
0.234580
0.234846
0.172635
0.120252
0.100483
0.174822
0.154712
0.219795
0.194523
0.387797
0.301525
0.103436
0.187665
0.141608
0.154276
0.095478
0.134298
0.124338
0.140079
0.121602
0.460829
0.352278
0.329843
0.466714
0.289100
0.231425
0.159414
0.166077
0.165587
0.145369
0.128642
0.163890
0.209143
0.410571
0.334816
0.148361
0.175220
0.346849
0.341701
0.195229
0.164061
0.186737
0.189116
0.174336
0.374623
0.421111
0.493746
0.201600
0.299488
0.243236
0.167245
0.191422
0.143349
0.152844
0.137884
0.151108
0.157588
0.300363
0.266841
0.144418
0.278473
0.163155
0.159659
0.153280
0.138191
0.216292
0.147485
0.224782
0.342726
0.355454
0.195712
0.164708
0.205201
0.258885
0.165334
0.153157
0.092982
0.123229
0.142724
0.180269
0.114506
0.198254
0.180097
0.174886
0.201728
0.329486
0.410924
0.176631
0.238780
0.332995
0.171246
0.269749
0.367833
0.355197
0.189937
0.153779
0.184128
0.166849
0.186013
0.199774
0.185599
0.114312
0.107379
0.169574
0.140701
0.237491
0.276161
0.185248
0.228394
0.178231
0.163841
0.204366
0.230019
0.215536
0.257160
0.192547
0.239949
0.327952
0.253049
0.188483
0.330395
0.257992
0.112096
0.176006
0.116332
0.108995
0.116971
0.180852
0.179985
0.320593
0.443798
0.138809
0.115881
0.103548
0.175082
0.147878
0.114904
0.094704
0.152016
0.214807
0.330675
0.238492
0.364586
0.468140
0.333754
0.183577
0.146430
0.116987
0.185101
0.124348
0.149360
0.183488
0.176170
0.290467
0.144573
0.093835
0.117252
0.164889
0.142577
0.175607
0.153027
0.260381
0.168926
0.213802
0.316924
0.481670
0.360679
0.364586
0.281860
0.150711
0.196774
0.218716
0.133524
0.104222
0.132757
0.138077
0.194399
0.265357
0.355852
0.232882
0.141547
0.301208
0.219417
0.337413
0.249707
0.242307
0.192949
0.196416
0.295337
0.523722
0.349996
0.401556
0.236527
0.153340
0.134705
0.127397
0.157872
0.150849
0.166778
0.202621
0.145928
0.251203
0.201395
0.202404
0.255936
0.138945
0.149781
0.149266
0.134962
0.117414
0.111534
0.142464
0.179782
0.198310
0.212541
0.328676
0.272183
0.441321
0.421737
0.259119
0.204618
0.223675
0.131649
0.132538
0.184687
0.370245
0.256271
0.186140
0.111226
0.112775
0.100629
0.104861
0.129701
0.132154
0.230543
0.259468
0.207088
0.205590
0.244914
0.175318
0.130274
0.103121
0.161302
0.154126
0.142392
0.157478
0.165341
0.129891
0.092039
0.121022
0.205464
0.115307
0.112877
0.182643
0.287305
0.383041
0.364404
0.305772
0.202441
0.161890
0.264663
0.222909
0.245969
0.273747
0.170232
0.261696
0.120618
0.128898
0.099377
0.097848
0.134124
0.145444
0.120853
0.180478
0.142115
0.128436
0.140779
0.179359
0.149212
0.158779
0.289028
0.217696
0.267494
0.197044
0.239021
0.302755
0.166157
0.331293
0.452543
0.286447
0.206966
0.149634
0.168679
0.099789
0.169055
0.160349
0.153232
0.346253
0.193413
0.140419
0.178259
0.147723
0.110754
0.134735
0.102887
0.133138
0.112187
0.202255
0.177784
0.336132
0.313776
0.227843
0.253772
0.219088
0.342645
0.160189
0.156533
0.143422
0.137978
0.168708
0.224462
0.354177
0.235089
0.123748
0.197535
0.322722
0.211194
0.190695
0.197054
0.093460
0.111411
0.162384
0.122087
0.249040
0.304125
0.333138
0.321751
0.220405
0.122796
0.132606
0.103098
0.124947
0.096026
0.122858
0.158673
0.330193
0.268356
0.133767
0.121353
0.160993
0.157248
0.136962
0.151388
0.146533
0.320031
0.254899
0.340481
0.354045
0.384536
0.235478
0.264636
0.285544
0.209085
0.146297
0.201937
0.107124
0.110490
0.107194
0.184601
0.314823
0.234218
0.212334
0.123197
0.181670
0.109558
0.108049
0.173041
0.112070
0.194474
0.184011
0.413091
0.559196
0.302476
0.340880
0.562149
0.408921
0.170867
0.184202
0.093568
0.165782
0.186702
0.131112
0.210414
0.471301
0.212746
0.219035
0.134390
0.169963
0.154248
0.149296
0.109270
0.159450
0.211869
0.181812
0.204860
0.418880
0.417558
0.243023
0.194918
0.273384
0.208302
0.251211
0.179983
0.243283
0.163133
0.246365
0.129005
0.145998
0.261145
0.276146
0.316841
0.282664
0.314302
0.368869
0.403041
0.374801
0.192502
0.274883
0.483629
0.305268
0.366381
0.270834
0.345127
0.185510
0.185662
0.139020
0.213121
0.141530
0.160295
0.174251
0.176165
0.264121
0.289651
0.195821
0.220064
0.347575
0.380882
0.307529
0.283891
0.544874
0.188047
0.403273
0.225497
0.372393
0.205074
0.225104
0.205069
0.266734
0.161779
0.161324
0.139110
0.157749
0.096788
0.173624
0.293932
0.431120
0.247947
0.156735
0.160935
0.209258
0.298760
0.227555
0.079365
0.144987
0.177370
0.191092
0.245534
0.390058
0.233090
0.277279
0.182959
0.189418
0.168785
0.203716
0.102126
0.110947
0.150604
0.142637
0.131867
0.311678
0.280278
0.103242
0.128819
0.118438
0.096839
0.121910
0.165721
0.150796
0.271750
0.196320
0.185063
0.312765
0.147064
0.157207
0.179994
0.265809
0.296716
0.121592
0.142340
0.096484
0.151952
0.116776
0.187868
0.285442
0.217881
0.164623
0.249842
0.191478
0.286654
0.249878
0.217550
0.215182
0.146341
0.166686
0.463627
0.450713
0.211549
0.472472
0.324974
0.184089
0.100816
0.183424
0.143621
0.118856
0.102077
0.108654
0.127320
0.346953
0.505242
0.140176
0.159345
0.203956
0.167829
0.135264
0.083090
0.084799
0.134981
0.232119
0.372378
0.252522
0.401811
0.199083
0.289570
0.232367
0.397490
0.231759
0.219771
0.176168
0.198757
0.165739
0.255504
0.452534
0.292178
0.162546
0.216699
0.205414
0.208491
0.198323
0.151706
0.196897
0.223243
0.193736
0.474140
0.429349
0.255759
0.224577
0.503890
0.186937
0.235716
0.186812
0.095416
0.157082
0.106579
0.105328
0.174495
0.174650
0.190545
0.177051
0.273735
0.250384
0.395542
0.354665
0.349075
0.263888
0.170712
0.299898
0.384166
0.172401
0.169061
0.190498
0.243092
0.128660
0.180477
0.175716
0.116195
0.096734
0.159242
0.169569
0.097004
0.233016
0.259467
0.466151
0.447807
0.250564
0.144326
0.265760
0.143652
0.306859
0.328449
0.186561
0.379323
0.288102
0.278454
0.482377
0.278368
0.316359
0.136286
0.106649
0.153064
0.178719
0.112394
0.132969
0.176239
0.240532
0.292515
0.115253
0.145421
0.068243
0.116257
0.114991
0.241987
0.199089
0.240592
0.268552
0.269689
0.306450
0.565863
0.412019
0.213736
0.262337
0.175587
0.147938
0.127293
0.083906
0.114336
0.092628
0.206279
0.298546
0.162314
0.124236
0.237233
0.196629
0.163481
0.190037
0.101615
0.290627
0.178553
0.151714
0.142375
0.239647
0.365314
0.252901
0.164138
0.365104
0.189653
0.147410
0.096018
0.148133
0.105011
0.155284
0.312229
0.342574
0.226697
0.147938
0.235112
0.243291
0.223397
0.166537
0.124205
0.112561
0.168850
0.232691
0.333911
0.442542
0.339032
0.405893
0.243866
0.255163
0.127943
0.107815
0.126573
0.126708
0.106615
0.112287
0.207131
0.401140
0.288851
0.115674
0.146260
0.147913
0.087589
0.125847
0.106042
0.165936
0.223567
0.132007
0.391419
0.286547
0.486352
0.329795
0.240986
0.144268
0.119334
0.122768
0.114872
0.139791
0.113243
0.140698
0.130509
0.293803
0.232013
0.117374
0.114048
0.124659
0.158285
0.097492
0.111166
0.106377
0.193935
0.134049
0.268787
0.547155
0.300759
0.148043
0.180001
0.175659
0.150341
0.094192
0.118068
0.103703
0.171670
0.108562
0.097361
0.107749
0.163181
0.337783
0.137889
0.160490
0.140926
0.174025
0.335262
0.176285
0.298780
0.235070
0.262516
0.208626
0.218803
0.200453
0.153879
0.157895
0.121649
0.140622
0.096414
0.082760
0.125594
0.096688
0.174422
0.217496
0.398383
0.250807
0.216139
0.169545
0.213713
0.180756
0.319025
0.204039
0.384587
0.260848
0.236309
0.557275
0.243467
0.235864
0.239122
0.161419
0.159655
0.090425
0.147617
0.106045
0.098707
0.124481
0.140521
0.205140
0.292396
0.213873
0.150216
0.258946
0.295015
0.257021
0.275506
0.165870
0.229354
0.313005
0.132007
0.227462
0.146045
0.182121
0.314275
0.187271
0.097295
0.110980
0.114632
0.127012
0.153459
0.132757
0.149139
0.447972
0.293909
0.187968
0.148013
0.092061
0.220501
0.228929
0.103461
0.052602
0.111796
0.138445
0.376835
0.366019
0.421247
0.300294
0.132250
0.193019
0.117982
0.150855
0.124442
0.096172
0.111399
0.121948
0.224874
0.251535
0.291575
0.099479
0.074388
0.062640
0.142114
0.081893
0.104562
0.073790
0.129743
0.131874
0.170026
0.144088
0.312494
0.487489
0.169131
0.214504
0.181241
0.119377
0.103917
0.133386
0.110407
0.120672
0.157104
0.268206
0.308384
0.135371
0.161841
0.175772
0.118276
0.076436
0.166326
0.289349
0.204192
0.222199
0.447245
0.619811
0.268272
0.220353
0.224188
0.190929
0.157881
0.101212
0.138907
0.142278
0.109485
0.116902
0.226996
0.212706
0.219936
0.256525
0.137905
0.168793
0.117986
0.146117
0.198644
0.227463
0.248625
0.251960
0.238363
0.365510
0.382319
0.312349
0.192978
0.141791
0.184712
0.101955
0.111498
0.107248
0.153457
0.162726
0.137533
0.178935
0.125692
0.155403
0.234191
0.347653
0.242185
0.410880
0.302745
0.248831
0.456069
0.361333
0.397298
0.283064
0.316649
0.269234
0.165633
0.290042
0.181813
0.118145
0.125067
0.104910
0.109653
0.115709
0.172179
0.262079
0.371793
0.194838
0.196600
0.298499
0.268280
0.373358
0.140195
0.358852
0.219158
0.156382
0.229351
0.506408
0.391021
0.152624
0.214933
0.178136
0.145519
0.128583
0.147804
0.138345
0.134674
0.189865
0.184291
0.402405
0.300308
0.117898
0.149276
0.128902
0.122908
0.083802
0.095101
0.152312
0.152714
0.115049
0.277744
0.366522
0.218600
0.442538
0.205028
0.184457
0.137631
0.134674
0.131147
0.085247
0.076455
0.159568
0.276702
0.465544
0.264765
0.124722
0.115886
0.135773
0.167086
0.247007
0.121034
0.082079
0.105566
0.145206
0.397903
0.354054
0.399137
0.320355
0.214387
0.258581
0.162772
0.178103
0.135777
0.115098
0.098902
0.159542
0.236981
0.283139
0.267436
0.114009
0.090500
0.125848
0.137029
0.241297
0.140083
0.105115
0.211858
0.294240
0.330288
0.193709
0.397922
0.453151
0.380032
0.206603
0.197573
0.114923
0.137230
0.115090
0.167221
0.234183
0.220468
0.351979
0.199547
0.111042
0.190832
0.140644
0.126675
0.132979
0.172273
0.086983
0.143181
0.097503
0.180804
0.236205
0.213745
0.183121
0.166679
0.147109
0.106042
0.111532
0.122084
0.144165
0.106714
0.173638
0.157300
0.205370
0.424125
0.168303
0.136701
0.143911
0.145890
0.154882
0.130393
0.123740
0.189329
0.176509
0.122462
0.363808
0.261055
0.192226
0.362312
0.222609
0.183116
0.119623
0.120057
0.125201
0.127442
0.132439
0.139124
0.136342
0.151642
0.404907
0.352501
0.227122
0.304740
0.189788
0.252185
0.111155
0.165534
0.147321
0.327261
0.116909
0.240505
0.143286
0.228497
0.160487
0.101261
0.120245
0.133460
0.102127
0.162040
0.172340
0.194721
0.180674
0.363078
0.309704
0.226413
0.429778
0.283790
0.141204
0.331371
0.387757
0.220924
0.360050
0.272058
0.369307
0.374481
0.307459
0.399536
0.199538
0.085193
0.125707
0.143815
0.084857
0.071001
0.142458
0.132531
0.401473
0.276259
0.090815
0.079085
0.184447
0.116225
0.132611
0.215920
0.307594
0.284945
0.403896
0.300456
0.228734
0.384124
0.345146
0.223591
0.128993
0.139816
0.119047
0.072834
0.067717
0.084616
0.121166
0.143639
0.304144
0.332991
0.170265
0.087306
0.074529
0.114415
0.117372
0.143590
0.211738
0.150006
0.173311
0.160929
0.451070
0.322716
0.308007
0.370080
0.168545
0.116431
0.068094
0.076492
0.089808
0.070964
0.107351
0.169258
0.209721
0.167378
0.117524
0.160045
0.099705
0.109540
0.106723
0.090153
0.171656
0.122105
0.191397
0.254496
0.239405
0.375312
0.424973
0.413874
0.188589
0.091798
0.142787
0.117207
0.093621
0.092195
0.086083
0.113600
0.321947
0.260059
0.149089
0.124969
0.069013
0.190364
0.267003
0.161587
0.136599
0.213069
0.176787
0.424342
0.260662
0.294255
0.288486
0.372683
0.243017
0.109939
0.111683
0.159740
0.096105
0.156563
0.158836
0.145777
0.261418
0.248078
0.168047
0.211870
0.155618
0.296083
0.324762
0.120677
0.201046
0.163474
0.317823
0.548762
0.593255
0.280760
0.332037
0.202396
0.294658
0.138505
0.117819
0.107526
0.133391
0.160488
0.152654
0.120664
0.314058
0.267608
0.188029
0.206290
0.154614
0.246713
0.263341
0.113996
0.116141
0.247451
0.165562
0.324810
0.313664
0.160336
0.218862
0.221073
0.200256
0.193026
0.143403
0.160102
0.095360
0.131856
0.138312
0.270071
0.274066
0.183398
0.175497
0.145420
0.203823
0.388075
0.353612
0.341093
0.240431
0.292307
0.378458
0.407802
0.462841
0.376836
0.352212
0.209996
0.167118
0.151245
0.163284
0.101456
0.104383
0.169817
0.152669
0.178869
0.243732
0.221333
0.125550
0.152695
0.274519
0.308003
0.211840
0.188068
0.247691
0.252728
0.330478
0.385061
0.303561
0.254027
0.303211
0.249071
0.155447
0.092038
0.129049
0.156765
0.088341
0.147910
0.218009
0.303865
0.339773
0.170153
0.100496
0.133038
0.138791
0.084491
0.163827
0.118859
0.114788
0.133322
0.394041
0.207886
0.551470
0.276595
0.225672
0.125462
0.169909
0.110098
0.134650
0.149136
0.105145
0.132755
0.189176
0.328375
0.388926
0.138891
0.185759
0.107654
0.140047
0.238764
0.246339
0.259074
0.125014
0.165572
0.231833
0.238402
0.177714
0.451947
0.590287
0.191086
0.161963
0.111046
0.127080
0.105942
0.131110
0.099700
0.143423
0.333319
0.212142
0.159118
0.314233
0.237925
0.137577
0.187896
0.170960
0.121693
0.260190
0.182193
0.291040
0.246035
0.383106
0.223119
0.275506
0.248277
0.207813
0.118033
0.092731
0.142773
0.140069
0.105284
0.244977
0.240828
0.197048
0.138409
0.152705
0.140114
0.219972
0.151061
0.217890
0.126981
0.114774
0.141631
0.203928
0.473472
0.263851
0.191985
0.357504
0.182034
0.119787
0.149788
0.126483
0.130129
0.092213
0.102633
0.097678
0.155411
0.136775
0.268299
0.417588
0.191050
0.215967
0.214711
0.347346
0.403388
0.172000
0.154099
0.203130
0.125946
0.230560
0.307312
0.141917
0.263695
0.187389
0.140857
0.085986
0.149296
0.070076
0.127710
0.143962
0.217923
0.357645
0.151962
0.166734
0.159852
0.233349
0.284324
0.230379
0.315076
0.161233
0.250886
0.229985
0.282509
0.238128
0.313891
0.215367
0.143093
0.079246
0.132929
0.071030
0.097774
0.104256
0.085299
0.129647
0.233549
0.254185
0.215093
0.113627
0.143158
0.115363
0.279115
0.108681
0.132231
0.113723
0.119763
0.404615
0.566093
0.397560
0.260881
0.215702
0.178287
0.116694
0.142770
0.086431
0.121157
0.091486
0.109016
0.231949
0.304877
0.298932
0.149495
0.201698
0.118130
0.160490
0.120378
0.110026
0.147185
0.313462
0.132472
0.337499
0.688172
0.396303
0.228161
0.378571
0.181230
0.090884
0.124628
0.114757
0.078861
0.142598
0.143486
0.256076
0.370530
0.295544
0.178030
0.090848
0.117644
0.112049
0.105973
0.139178
0.080748
0.229233
0.231645
0.534765
0.312579
0.331793
0.374063
0.292260
0.227210
0.158408
0.109656
0.152391
0.118525
0.106098
0.124185
0.203471
0.232722
0.261931
0.188665
0.120461
0.157809
0.205001
0.347364
0.149867
0.269165
0.217813
0.313408
0.353848
0.480157
0.355743
0.313357
0.245040
0.203541
0.117153
0.154364
0.107326
0.130623
0.131442
0.127999
0.199802
0.208977
0.274837
0.142029
0.107070
0.127428
0.123443
0.139723
0.157637
0.120748
0.308401
0.222454
0.491109
0.211205
0.338402
0.262839
0.231689
0.315908
0.397471
0.171935
0.104680
0.104661
0.117988
0.110075
0.113457
0.118860
0.132439
0.237247
0.407008
0.255160
0.123170
0.192720
0.260874
0.338369
0.367958
0.264586
0.188583
0.129267
0.297360
0.195113
0.207995
0.241343
0.130544
0.100706
0.167891
0.121623
0.134021
0.094399
0.115351
0.167389
0.288064
0.175123
0.180447
0.120317
0.278720
0.198628
0.187325
0.360344
0.200527
0.263020
0.178094
0.238018
0.244693
0.253771
0.317817
0.268422
0.140522
0.129896
0.139973
0.134307
0.137322
0.108872
0.166727
0.389656
0.212200
0.115783
0.216841
0.164876
0.227619
0.146421
0.108857
0.100517
0.136911
0.232275
0.469218
0.625377
0.299014
0.253154
0.289827
0.227436
0.107252
0.141106
0.105866
0.099531
0.079819
0.123323
0.139415
0.426369
0.185910
0.146647
0.120968
0.130239
0.140057
0.241554
0.157440
0.113518
0.112962
0.154886
0.202179
0.490924
0.310419
0.402593
0.240212
0.208390
0.122057
0.090767
0.077590
0.125965
0.064551
0.103582
0.197548
0.306200
0.211525
0.173463
0.113485
0.177384
0.160377
0.176462
0.252351
0.215539
0.259343
0.182034
0.234975
0.369238
0.380483
0.355675
0.210146
0.244825
0.172362
0.141387
0.137063
0.142558
0.122463
0.163735
0.198010
0.263680
0.223737
0.177236
0.131494
0.205421
0.168799
0.192089
0.162800
0.142798
0.231580
0.248842
0.451647
0.569772
0.354528
0.295795
0.186301
0.228296
0.189308
0.133615
0.123020
0.133805
0.145145
0.101380
0.143935
0.253070
0.243830
0.212102
0.259437
0.130195
0.117857
0.160090
0.186097
0.109161
0.223375
0.289294
0.261249
0.139443
0.265608
0.149546
0.165363
0.184852
0.276122
0.180111
0.143234
0.099903
0.115268
0.114253
0.160485
0.126376
0.161077
0.176449
0.137359
0.111047
0.155888
0.249481
0.215545
0.115546
0.156839
0.159012
0.126097
0.158326
0.147183
0.137292
0.159546
0.134442
0.223685
0.179191
0.120414
0.132649
0.106464
0.111913
0.076563
0.154587
0.151254
0.169468
0.174163
0.188188
0.145402
0.181190
0.285990
0.291652
0.211733
0.376279
0.361985
0.358865
0.292341
0.252489
0.379824
0.310555
0.140983
0.123012
0.158336
0.127709
0.139231
0.119554
0.263915
0.344645
0.202330
0.180977
0.108101
0.132893
0.119588
0.235056
0.147291
0.285139
0.126766
0.165436
0.227020
0.216502
0.433113
0.287481
0.191364
0.139807
0.183644
0.157905
0.125509
0.097374
0.082835
0.123633
0.135926
0.234808
0.174352
0.088769
0.145869
0.176994
0.135519
0.115514
0.200159
0.142569
0.123041
0.305269
0.189561
0.141533
0.129628
0.185054
0.158185
0.283799
0.184242
0.159014
0.108907
0.078319
0.087186
0.110819
0.219369
0.227428
0.190642
0.141902
0.315582
0.150957
0.143879
0.157725
0.139092
0.152604
0.290353
0.244396
0.360418
0.223798
0.263302
0.624732
0.180492
0.257875
0.157306
0.121442
0.130636
0.145301
0.113412
0.081486
0.245352
0.291344
0.269094
0.111877
0.095294
0.092248
0.109287
0.112845
0.247538
0.147264
0.204182
0.189261
0.327978
0.450005
0.222438
0.299289
0.342989
0.203994
0.157928
0.154143
0.145823
0.105561
0.090127
0.118819
0.150641
0.363204
0.291341
0.183601
0.129398
0.177695
0.141683
0.199820
0.168012
0.109558
0.193017
0.200251
0.152416
0.139863
0.141015
0.212556
0.147795
0.285502
0.395341
0.151553
0.070742
0.104887
0.134590
0.135886
0.178712
0.173327
0.216182
0.114733
0.112223
0.121259
0.171842
0.157178
0.330366
0.133951
0.191515
0.164303
0.300285
0.474802
0.205507
0.317072
0.240063
0.173298
0.175546
0.111255
0.064324
0.112552
0.112681
0.110986
0.102209
0.134613
0.399076
0.197075
0.096672
0.239831
0.215129
0.173323
0.320012
0.113898
0.284691
0.182303
0.152382
0.140512
0.115677
0.142937
0.272496
0.168794
0.093084
0.115755
0.070245
0.108275
0.085512
0.091711
0.204284
0.204965
0.247949
0.118933
0.070800
0.110634
0.078732
0.084591
0.091740
0.079862
0.227349
0.186274
0.311863
0.103003
0.339564
0.477382
0.286751
0.201564
0.117023
0.155572
0.127550
0.109697
0.064360
0.118645
0.186112
0.530740
0.222162
0.145360
0.149136
0.158800
0.164653
0.270810
0.088396
0.093185
0.112094
0.092698
0.121906
0.135479
0.120159
0.220430
0.199901
0.280119
0.117510
0.146874
0.081555
0.110249
0.099840
0.094123
0.141155
0.312366
0.297310
0.103628
0.093910
0.124211
0.126559
0.103035
0.209077
0.154335
0.124396
0.228406
0.449596
0.180080
0.221258
0.523778
0.303077
0.205492
0.152107
0.198631
0.076040
0.097371
0.119920
0.118434
0.271038
0.300250
0.193531
0.100051
0.258730
0.219997
0.382650
0.265309
0.258726
0.136742
0.152798
0.101233
0.289442
0.286695
0.268465
0.307652
0.252839
0.248803
0.207777
0.097947
0.123815
0.073000
0.104282
0.125708
0.143180
0.194012
0.195295
0.195043
0.331498
0.287962
0.230109
0.380340
0.274863
0.150993
0.227806
0.095079
0.096956
0.125212
0.194944
0.197060
0.169012
0.169006
0.103516
0.126011
0.115320
0.066692
0.112647
0.104682
0.086981
0.116381
0.168389
0.147985
0.165891
0.120437
0.182220
0.263420
0.243824
0.191796
0.173539
0.233137
0.233209
0.229277
0.141479
0.191606
0.105460
0.093774
0.160392
0.132750
0.088426
0.104110
0.096574
0.074755
0.065265
0.114864
0.139590
0.339374
0.113832
0.186500
0.192780
0.240023
0.103665
0.099634
0.154280
0.183808
0.119980
0.253040
0.435846
0.345795
0.294152
0.185541
0.089842
0.147579
0.141145
0.098965
0.066906
0.149160
0.153693
0.273316
0.240139
0.083585
0.156239
0.221781
0.236415
0.214556
0.148198
0.169593
0.133539
0.152601
0.215708
0.289284
0.590195
0.412192
0.382297
0.235754
0.146473
0.106462
0.071946
0.120385
0.102022
0.130403
0.132675
0.190888
0.147395
0.123799
0.165530
0.124883
0.116584
0.097034
0.140265
0.137609
0.155563
0.064400
0.130342
0.209493
0.213755
0.146254
0.271937
0.226820
0.095404
0.067982
0.082469
0.128615
0.090547
0.102334
0.103799
0.227605
0.223586
0.152097
0.096632
0.090399
0.097700
0.093235
0.114503
0.181175
0.152343
0.160751
0.300523
0.351363
0.256326
0.425446
0.299264
0.157520
0.146486
0.161653
0.079893
0.105897
0.079339
0.090041
0.162181
0.215591
0.223253
0.123753
0.175876
0.105065
0.099101
0.093222
0.091721
0.077223
0.125828
0.122037
0.128337
0.319845
0.279070
0.341952
0.235400
0.149513
0.198949
0.195426
0.126902
0.128021
0.084484
0.115254
0.167354
0.380698
0.269100
0.193527
0.228108
0.126983
0.191669
0.201498
0.243708
0.262941
0.176413
0.164763
0.187052
0.210430
0.359485
0.169319
0.134935
0.218320
0.100057
0.159011
0.130538
0.172099
0.163959
0.190775
0.200914
0.094924
0.236635
0.232128
0.146442
0.124862
0.141103
0.288022
0.173094
0.124679
0.218402
0.156000
0.235916
0.350785
0.433124
0.299789
0.165337
0.149059
0.167107
0.090260
0.142092
0.072217
0.069280
0.108893
0.098331
0.132853
0.292810
0.163047
0.223430
0.176817
0.233434
0.313842
0.280611
0.296569
0.128675
0.113420
0.255267
0.213661
0.212234
0.497105
0.433407
0.156313
0.164783
0.104428
0.145645
0.159995
0.077316
0.092762
0.135651
0.184236
0.321403
0.147032
0.166711
0.124668
0.148634
0.140050
0.168054
0.156398
0.156010
0.242750
0.557073
0.366807
0.338364
0.377510
0.210560
0.154489
0.102583
0.101346
0.120590
0.092239
0.103092
0.115349
0.225590
0.327077
0.253273
0.116386
0.102938
0.122425
0.109833
0.208477
0.131495
0.115315
0.150784
0.146955
0.231562
0.367641
0.475749
0.463330
0.382754
0.208963
0.177605
0.077650
0.145232
0.082065
0.119552
0.081431
0.184053
0.245314
0.193820
0.132170
0.085743
0.073696
0.142840
0.280677
0.145828
0.191428
0.256979
0.277079
0.412749
0.304834
0.207533
0.447993
0.390718
0.236077
0.151805
0.124902
0.132236
0.104675
0.156068
0.130869
0.146136
0.252329
0.276608
0.154326
0.149085
0.105816
0.129113
0.139296
0.147874
0.127853
0.154627
0.303820
0.648522
0.344873
0.392124
0.355446
0.254815
0.184382
0.164459
0.105605
0.137807
0.140954
0.148137
0.132703
0.170314
0.286330
0.211518
0.168615
0.297687
0.219710
0.287760
0.190046
0.133792
0.128997
0.163787
0.190902
0.448139
0.245184
0.378396
0.131367
0.209697
0.254192
0.321085
0.229033
0.132841
0.153612
0.181895
0.158501
0.145443
0.184682
0.130378
0.196025
0.439766
0.388727
0.214994
0.316947
0.256244
0.422162
0.156505
0.243653
0.325885
0.235782
0.193583
0.180493
0.292420
0.234290
0.198627
0.144466
0.165248
0.167086
0.145139
0.129527
0.113789
0.124505
0.198977
0.266742
0.248679
0.357467
0.178623
0.307540
0.294863
0.286727
0.457055
0.502269
0.273347
0.242425
0.253136
0.326478
0.216021
0.260629
0.139849
0.153381
0.143330
0.168247
0.141254
0.115602
0.167690
0.203025
0.225464
0.160938
0.216504
0.192279
0.084689
0.126307
0.169341
0.169832
0.116512
0.248611
0.257165
0.313398
0.463738
0.261940
0.193394
0.271264
0.161652
0.141737
0.155622
0.117229
0.154883
0.102775
0.204527
0.263649
0.270508
0.138789
0.108368
0.142168
0.108649
0.112408
0.087531
0.112399
0.116774
0.098296
0.117409
0.202861
0.182750
0.209562
0.337578
0.200089
0.149973
0.142770
0.139077
0.112903
0.117008
0.109295
0.180725
0.337012
0.185924
0.198443
0.113848
0.130692
0.102533
0.096675
0.162696
0.149792
0.306230
0.133684
0.173644
0.432191
0.346067
0.334380
0.254039
0.313966
0.126696
0.098843
0.111348
0.101025
0.092613
0.124805
0.180598
0.233686
0.205202
0.160427
0.180808
0.145956
0.121858
0.217756
0.200051
0.163261
0.100386
0.217304
0.336576
0.178211
0.235755
0.183086
0.310225
0.284769
0.154602
0.184666
0.156027
0.113648
0.132219
0.095155
0.239308
0.315803
0.237685
0.185991
0.180272
0.196796
0.293265
0.218120
0.221233
0.206727
0.263947
0.278833
0.400724
0.374701
0.148072
0.268569
0.263713
0.212491
0.150947
0.136937
0.099335
0.093773
0.103185
0.137684
0.159000
0.158872
0.283645
0.294308
0.186155
0.098942
0.171485
0.194798
0.321753
0.224146
0.181088
0.239521
0.154221
0.127923
0.157195
0.129887
0.189903
0.553447
0.209425
0.091196
0.146908
0.136032
0.081813
0.079317
0.112313
0.138888
0.351890
0.266125
0.255154
0.186463
0.190067
0.192075
0.155718
0.250052
0.126839
0.196708
0.256614
0.288515
0.242419
0.320159
0.417176
0.163009
0.082432
0.116643
0.121409
0.084793
0.143334
0.113445
0.169996
0.221791
0.223699
0.165526
0.188347
0.099532
0.151152
0.097584
0.233418
0.140730
0.183258
0.162976
0.252326
0.199154
0.261563
0.288949
0.224328
0.434849
0.151459
0.124931
0.143604
0.169480
0.091583
0.133043
0.186464
0.166732
0.205116
0.163026
0.158641
0.172841
0.131447
0.146957
0.088211
0.102103
0.208042
0.104578
0.395455
0.399389
0.348612
0.310277
0.202330
0.235777
0.102661
0.150087
0.156512
0.139145
0.107380
0.075628
0.114264
0.266646
0.201997
0.175584
0.095303
0.163998
0.135313
0.110134
0.269696
0.222876
0.161853
0.112368
0.226899
0.481876
0.457714
0.471116
0.270186
0.265792
0.128057
0.107149
0.094743
0.102861
0.063917
0.116416
0.178949
0.215137
0.158022
0.207360
0.121652
0.128091
0.114848
0.179886
0.152673
0.131939
0.080246
0.149454
0.242701
0.126540
0.168347
0.196182
0.193256
0.312211
0.242070
0.124074
0.180354
0.110628
0.133966
0.163999
0.150727
0.284895
0.247887
0.381241
0.164797
0.110487
0.254108
0.176791
0.208817
0.179954
0.151396
0.146182
0.110443
0.121365
0.141243
0.144902
0.130093
0.444893
0.204240
0.179096
0.160368
0.069092
0.106925
0.150082
0.113151
0.118605
0.305207
0.123951
0.127684
0.152281
0.232831
0.239410
0.319837
0.232230
0.142474
0.207768
0.678829
0.446560
0.202649
0.215954
0.240577
0.209272
0.140859
0.199698
0.179620
0.141662
0.088403
0.155251
0.125165
0.290196
0.141593
0.127561
0.182069
0.275601
0.224814
0.306145
0.197748
0.256552
0.156237
0.208631
0.122423
0.180113
0.297000
0.192825
0.368307
0.396998
0.244669
0.302376
0.163305
0.135004
0.156966
0.201665
0.179285
0.232947
0.445796
0.404666
0.278940
0.254776
0.335794
0.156745
0.173080
0.448488
0.302124
0.275087
0.281489
0.495273
0.578082
0.332248
0.332834
0.338504
0.396663
0.221820
0.246273
0.185664
0.099381
0.155452
0.208216
0.268844
0.225310
0.178811
0.225603
0.181789
0.259631
0.216135
0.185451
0.263230
0.171743
0.371239
0.631072
0.392036
0.518035
0.565468
0.522275
0.537858
0.258103
0.272920
0.180347
0.139148
0.112213
0.109433
0.217739
0.295404
0.313995
0.174586
0.133407
0.109328
0.160452
0.126096
0.201831
0.328419
0.325452
0.385897
0.281728
0.237639
0.244346
0.432807
0.630261
0.270820
0.238454
0.138690
0.138411
0.111102
0.161199
0.104417
0.209029
0.245649
0.230837
0.183638
0.204624
0.333238
0.305355
0.308767
0.321434
0.172641
0.096352
0.118528
0.155669
0.177817
0.202954
0.177443
0.250465
0.141871
0.095695
0.136081
0.104792
0.094651
0.090235
0.110756
0.220420
0.221244
0.208946
0.138776
0.149784
0.120775
0.142078
0.269859
0.327179
0.196204
0.172794
0.183934
0.123356
0.251624
0.252164
0.214452
0.180940
0.153124
0.207957
0.164402
0.104564
0.124416
0.111043
0.157763
0.189863
0.178830
0.124952
0.119493
0.173059
0.166033
0.211951
0.269226
0.445304
0.139415
0.135218
0.193374
0.150965
0.237096
0.315354
0.242413
0.351677
0.196040
0.226431
0.125756
0.161334
0.097737
0.130741
0.088321
0.164674
0.208556
0.265576
0.124948
0.134264
0.242433
0.276107
0.366647
0.455644
0.399764
0.225953
0.211264
0.213180
0.156524
0.146152
0.172594
0.307407
0.182259
0.132888
0.186081
0.139172
0.200194
0.140911
0.102023
0.289187
0.264001
0.308356
0.194272
0.145447
0.170243
0.154627
0.096830
0.147858
0.164265
0.206995
0.210002
0.368121
0.434592
0.266802
0.225187
0.303434
0.236643
0.228735
0.178999
0.142657
0.098951
0.227539
0.201629
0.338694
0.512346
0.420091
0.300286
0.253255
0.326690
0.455974
0.287475
0.246894
0.238170
0.234307
0.209896
0.353167
0.438785
0.354075
0.175279
0.273084
0.154056
0.125919
0.185926
0.112359
0.154948
0.136575
0.171539
0.162669
0.294175
0.200254
0.172241
0.152160
0.179141
0.199432
0.255203
0.171013
0.163949
0.232151
0.110823
0.196784
0.226885
0.416067
0.407737
0.298754
0.240324
0.121010
0.205989
0.155520
0.134280
0.150826
0.139573
0.146855
0.386551
0.256894
0.120468
0.161944
0.203604
0.166973
0.196724
0.281904
0.157336
0.170265
0.223192
0.374460
0.315977
0.335152
0.215779
0.501974
0.224263
0.196910
0.157970
0.094751
0.150040
0.104168
0.127696
0.223715
0.270687
0.389133
0.204701
0.303467
0.197505
0.223588
0.180710
0.224128
0.170123
0.256464
0.153870
0.136344
0.192014
0.259432
0.192218
0.141779
0.329839
0.294093
0.171337
0.163076
0.172368
0.107398
0.143267
0.095237
0.103805
0.162543
0.253319
0.296075
0.216066
0.175659
0.278506
0.272120
0.258605
0.220042
0.280407
0.447219
0.389437
0.325222
0.349224
0.303811
0.389757
0.402432
0.209757
0.129653
0.138154
0.146496
0.110466
0.091016
0.211059
0.376559
0.279501
0.302338
0.215542
0.237412
0.140687
0.179484
0.140369
0.137293
0.124349
0.165766
0.166378
0.117467
0.122408
0.190486
0.417270
0.472329
0.233995
0.188274
0.197930
0.115482
0.179261
0.123514
0.103138
0.199933
0.180405
0.348059
0.341633
0.426500
0.344423
0.333148
0.485278
0.320102
0.153050
0.187950
0.370772
0.282673
0.188733
0.172863
0.220252
0.168454
0.181159
0.154091
0.151649
0.181317
0.165396
0.188050
0.407246
0.115407
0.133199
0.156015
0.129446
0.145053
0.087005
0.125475
0.078015
0.204470
0.183708
0.322862
0.241859
0.261474
0.394069
0.525076
0.215970
0.076130
0.107132
0.099794
0.107081
0.100622
0.070190
0.128534
0.204023
0.219611
0.188912
0.158871
0.242292
0.183086
0.082083
0.115539
0.071743
0.160091
0.173300
0.215766
0.303905
0.474601
0.277159
0.243922
0.143449
0.129058
0.098540
0.087127
0.125617
0.128271
0.118867
0.298041
0.256022
0.194544
0.137194
0.208379
0.174856
0.209948
0.247918
0.210402
0.269078
0.246397
0.405284
0.411362
0.264180
0.335987
0.221406
0.294040
0.256632
0.255452
0.250348
0.219466
0.228426
0.196909
0.120360
0.203978
0.372825
0.286133
0.128894
0.181920
0.269952
0.319946
0.327660
0.250712
0.231466
0.239716
0.395664
0.376197
0.774428
0.720053
0.511956
0.406395
0.394359
0.276418
0.277429
0.250073
0.169115
0.236823
0.202031
0.263390
0.298681
0.439037
0.309270
0.273264
0.330624
0.295338
0.314092
0.541478
0.582687
0.336074
0.522386
0.446689
0.376804
0.446203
0.405262
0.250375
0.222641
0.294010
0.228811
0.212752
0.172204
0.202415
0.247110
0.249296
0.269457
0.287062
0.311807
0.315841
0.314920
0.355237
0.240883
0.278981
0.426491
0.555067
0.606578
0.389222
0.457936
0.423045
0.323827
0.294544
0.457798
0.328751
0.282702
0.256417
0.189231
0.227325
0.182842
0.262207
0.303783
0.221583
0.269150
0.242728
0.300729
0.284245
0.252308
0.224754
0.317982
0.494771
0.518406
0.495170
0.534485
0.529086
0.562821
0.480776
0.457411
0.350833
0.237280
0.189260
0.107038
0.138124
0.084979
0.199080
0.245028
0.265534
0.201791
0.257476
0.202179
0.200437
0.298132
0.273081
0.325120
0.426889
0.556601
0.387926
0.478502
0.607862
0.756515
0.578060
0.313586
0.205552
0.162523
0.169859
0.161486
0.105988
0.103695
0.163630
0.234520
0.246482
0.142690
0.239197
0.226153
0.315770
0.491275
0.438022
0.351408
0.632110
0.461848
0.676869
0.557042
0.483504
0.564760
0.418973
0.375582
0.341240
0.221722
0.194228
0.143852
0.100023
0.143764
0.209604
0.372484
0.234397
0.146463
0.186991
0.326717
0.340274
0.427811
0.298876
0.453249
0.529226
0.321414
0.503958
0.743533
0.351522
0.321005
0.417172
0.614429
0.365190
0.112722
0.151771
0.114607
0.089502
0.103042
0.184594
0.256279
0.218608
0.172100
0.222845
0.274770
0.339496
0.427052
0.372021
0.459569
0.445278
0.738214
0.639144
0.465676
0.389395
0.447837
0.372844
0.457729
0.314502
0.294836
0.297076
0.158881
0.295706
0.145313
0.161190
0.197072
0.276472
0.433746
0.509222
0.671913
0.476433
0.836938
0.722678
0.961944
0.633469
0.598757
0.714747
0.679445
0.597792
0.492079
0.531710
0.409542
0.630919
0.441864
0.297776
0.188091
0.177910
0.282196
0.216192
0.218604
0.341136
0.333405
0.279415
0.470665
0.483209
0.482522
0.329988
0.480357
0.558053
0.414055
0.428568
0.497935
0.519860
0.421865
0.567949
0.365696
0.367206
0.397967
0.303622
0.227926
0.227345
0.167194
0.276625
0.479679
0.234900
0.274988
0.273665
0.383582
0.418808
0.371282
0.485637
0.219624
0.277200
0.380192
0.591932
0.265202
0.331536
0.612182
0.400928
0.343138
0.417117
0.214396
0.158735
0.147914
0.166982
0.155415
0.197895
0.332011
0.286066
0.202029
0.177526
0.189016
0.400534
0.368251
0.404557
0.429742
0.429546
0.752466
0.840148
0.724676
0.883507
0.679393
0.782149
0.390234
0.524454
0.227401
0.204902
0.238723
0.121308
0.117491
0.299053
0.218016
0.208074
0.191238
0.312720
0.204204
0.248469
0.437843
0.369402
0.269719
0.430519
0.468197
0.574965
0.562880
0.638623
0.447987
0.362195
0.370099
0.244811
0.290447
0.191542
0.165684
0.178923
0.117449
0.245295
0.329375
0.174112
0.164251
0.250540
0.375259
0.322845
0.358632
0.292503
0.409307
0.322856
0.446464
0.593084
0.470922
0.417998
0.326709
0.490426
0.583775
0.351059
0.318110
0.288423
0.200735
0.145983
0.141779
0.225546
0.478083
0.387237
0.524429
0.327984
0.249820
0.585021
0.438792
0.353375
0.433731
0.415399
0.687001
0.661736
0.463909
0.678088
0.462825
0.328112
0.404834
0.321275
0.343318
0.161527
0.184568
0.118344
0.109746
0.199524
0.153765
0.226144
0.329484
0.237258
0.204847
0.302353
0.317381
0.547614
0.524758
0.331207
0.419177
0.259831
0.166471
0.216249
0.347875
0.302307
0.276575
0.269759
0.158034
0.217401
0.193871
0.173673
0.176936
0.176233
0.371177
0.216280
0.187149
0.199982
0.203530
0.185324
0.368604
0.188307
0.319199
0.535445
0.318434
0.381538
0.274413
0.371939
0.211405
0.259609
0.265764
0.154792
0.141601
0.171412
0.185263
0.161848
0.182521
0.203277
0.383368
0.244398
0.186294
0.218769
0.205382
0.125779
0.204339
0.127226
0.096522
0.174490
0.267211
0.295104
0.222045
0.459156
0.258709
0.302602
0.309400
0.263323
0.220401
0.140126
0.181378
0.136346
0.178703
0.239502
0.378862
0.146648
0.199269
0.214197
0.162917
0.219505
0.118875
0.152903
0.116263
0.346294
0.280554
0.461595
0.283916
0.580510
0.493960
0.379737
0.383678
0.269701
0.151336
0.183718
0.150008
0.123279
0.101897
0.182779
0.220315
0.152866
0.173806
0.171395
0.191404
0.194727
0.283481
0.160663
0.152432
0.354257
0.223868
0.510784
0.496080
0.587948
0.465248
0.498048
0.396072
0.275552
0.177076
0.180639
0.158503
0.092068
0.172713
0.204269
0.331551
0.233281
0.142724
0.163574
0.173471
0.159323
0.371509
0.450214
0.219710
0.203734
0.359262
0.269074
0.513428
0.259122
0.294716
0.339174
0.329050
0.232808
0.237444
0.180463
0.152483
0.159591
0.124439
0.149200
0.341992
0.137038
0.161448
0.200039
0.156462
0.244172
0.155138
0.282231
0.174279
0.283289
0.220825
0.426590
0.363590
0.201124
0.206040
0.295469
0.222001
0.236427
0.148648
0.173079
0.117557
0.151288
0.172627
0.137672
0.156956
0.157135
0.155869
0.195115
0.183595
0.194503
0.199299
0.201843
0.261474
0.205065
0.145702
0.125502
0.253483
0.364463
0.147055
0.139807
0.144158
0.115964
0.173484
0.099738
0.121927
0.118048
0.116279
0.132662
0.204579
0.222249
0.170205
0.108484
0.186930
0.321893
0.179236
0.164938
0.291706
0.181472
0.276744
0.195326
0.189781
0.214118
0.134571
0.132289
0.352190
0.176891
0.157446
0.146322
0.128172
0.102720
0.141868
0.219136
0.200293
0.184901
0.156246
0.242008
0.322287
0.277782
0.195119
0.132911
0.194647
0.151283
0.229290
0.402429
0.219234
0.578477
0.449286
0.325546
0.489228
0.307843
0.203395
0.175585
0.175601
0.118688
0.117284
0.240923
0.309939
0.195162
0.158635
0.149651
0.134525
0.286704
0.257466
0.241471
0.245572
0.216462
0.209457
0.204380
0.255679
0.344691
0.239574
0.369877
0.236061
0.196276
0.134594
0.141027
0.157087
0.142254
0.125935
0.223748
0.192490
0.125730
0.181028
0.225910
0.404031
0.371298
0.461822
0.322911
0.189990
0.333241
0.361664
0.409088
0.490388
0.523439
0.438756
0.490520
0.413948
0.337172
0.219288
0.187087
0.217136
0.146132
0.130766
0.196529
0.328511
0.242037
0.171150
0.215672
0.395887
0.419030
0.559756
0.269994
0.268367
0.297260
0.388007
0.415851
0.561263
0.244855
0.715260
0.769736
0.409473
0.216985
0.152726
0.167864
0.103006
0.107979
0.100218
0.169962
0.258370
0.210682
0.245813
0.149801
0.121968
0.180093
0.195582
0.278701
0.367486
0.376278
0.380399
0.472822
0.388582
0.247379
0.308490
0.418165
0.362001
0.132539
0.192112
0.138862
0.185867
0.164141
0.227669
0.207180
0.248475
0.253988
0.396346
0.285360
0.203871
0.218211
0.241417
0.277234
0.293482
0.251783
0.214482
0.420475
0.497875
0.292134
0.265187
0.399251
0.244923
0.342605
0.233801
0.200531
0.223956
0.120420
0.128464
0.168774
0.354843
0.381216
0.253376
0.322174
0.214838
0.201135
0.339591
0.483615
0.360589
0.451269
0.801617
0.735516
0.502474
0.411755
0.554068
0.272381
0.272295
0.249941
0.128627
0.176211
0.180303
0.102084
0.159663
0.293854
0.312768
0.243624
0.270327
0.161623
0.254043
0.250657
0.359411
0.314715
0.314451
0.703456
0.645529
0.611329
0.463196
0.501581
0.430602
0.465205
0.337168
0.342659
0.234150
0.259545
0.188087
0.236890
0.208190
0.200147
0.146873
0.258589
0.322334
0.345276
0.344076
0.419955
0.582647
0.693996
0.866245
0.586840
0.439039
0.624397
0.462254
0.357008
0.445028
0.447360
0.337808
0.324445
0.178993
0.173666
0.154271
0.142394
0.213823
0.227965
0.342751
0.240105
0.205961
0.250051
0.428160
0.494624
0.673333
0.675705
0.455892
0.424368
0.517756
0.774905
0.623503
1.000000
0.604234
0.568420
0.447249
0.326786
0.339709
0.282593
0.262310
0.211867
0.135966
0.174073
0.302609
0.201802
0.165157
0.279489
0.432517
0.416266
0.356584
0.477342
0.578968
0.577393
0.666979
0.695087
0.644242
0.646836
0.734735
0.547665
0.531309
0.359660
0.361041
0.256830
0.278357
0.193751
0.221486
0.309759
0.485056
0.352887
0.258133
0.300890
0.223988
0.309853
0.353093
0.365974
0.483881
0.458310
0.354014
0.371486
0.603879
0.450382
0.517135
0.390818
0.550189
0.462719
0.222906
0.187304
0.222847
0.241202
0.102058
0.116982
0.261747
0.350314
0.170354
0.246700
0.293887
0.373915
0.594413
0.478680
0.356917
0.391287
0.674306
0.701881
0.411079
0.627680
0.457968
0.297306
0.395465
0.331870
0.236693
0.204140
0.164191
0.173989
0.198577
0.160026
0.218835
0.392292
0.291736
0.231468
0.279919
0.381648
0.455440
0.536827
0.538784
0.560404
0.544907
0.645723
0.597400
0.477624
0.469396
0.618014
0.409668
0.372613
0.276127
0.273160
0.201168
0.177054
0.148907
0.282083
0.269856
0.401030
0.241242
0.395610
0.347056
0.345078
0.395048
0.515989
0.388993
0.292775
0.452839
0.699055
0.629423
0.616180
0.620879
0.344403
0.375059
0.191423
0.120196
0.121801
0.167508
0.092715
0.160520
0.241544
0.350812
0.213550
0.193049
0.219538
0.338104
0.204246
0.306862
0.415254
0.265457
0.391811
0.536553
0.442229
0.675425
0.441930
0.894811
0.780383
0.591647
0.412500
0.344656
0.235334
0.192151
0.255408
0.177138
0.211482
0.372262
0.350775
0.324203
0.414695
0.375416
0.438329
0.759085
0.571801
0.422997
0.630500
0.619374
0.610414
0.893799
0.616148
0.424804
0.356198
0.336503
0.291741
0.193279
0.175763
0.165079
0.129753
0.161933
0.155604
0.268740
0.151197
0.180178
0.234938
0.163226
0.342217
0.336134
0.517854
0.309453
0.375035
0.462761
0.511739
0.677889
0.540363
0.564508
0.371305
0.208989
0.212312
0.151897
0.114247
0.122314
0.158914
0.109655
0.227240
0.238574
0.191289
0.281554
0.419346
0.361829
0.391699
0.438535
0.278160
0.428687
0.530154
0.484582
0.473421
0.616905
0.539675
0.554819
0.537484
0.251085
0.299429
0.291774
0.194163
0.181296
0.142429
0.103165
0.181910
0.204570
0.236094
0.190253
0.360740
0.449255
0.431656
0.616680
0.846832
0.499088
0.526757
0.489545
0.572672
0.632208
0.647931
0.507699
0.546995
0.427238
0.256498
0.357342
0.333669
0.177095
0.210413
0.206324
0.195328
0.256150
0.211938
0.200750
0.289920
0.321418
0.462137
0.389287
0.480689
0.419838
0.333369
0.463615
0.601584
0.626859
0.956296
0.499731
0.506902
0.412782
0.355463
0.257458
0.160997
0.228578
0.213592
0.195070
0.193206
0.410333
0.140603
0.332365
0.397599
0.239102
0.558270
0.378601
0.484542
0.409548
0.383988
0.743338
0.563916
0.511695
0.719758
0.469197
0.572380
0.327361
0.416774
0.404463
0.188389
0.280527
0.236275
0.212512
0.294756
0.425433
0.286301
0.230415
0.282057
0.457130
0.500331
0.513831
0.422693
0.454358
0.528438
0.570188
0.735573
0.728332
0.932113
0.682929
0.565647
0.519367
0.234550
0.299995
0.194451
0.264241
0.197783
0.246414
0.239892
0.340170
0.272554
0.300400
0.362716
0.363120
0.427107
0.579121
0.502990
0.705325
0.558626
0.653076
0.340925
0.539603
0.630333
0.362969
0.412917
0.501014
0.346388
0.272794
0.226099
0.162578
0.284898
0.126489
0.271476
0.307033
0.228459
0.325986
0.432349
0.326379
0.358181
0.497638
0.430973
0.567400
0.465783
0.551733
0.425822
0.457695
0.486531
0.623395
0.508686
0.550176
0.384693
0.194398
0.179571
0.241160
0.227272
0.218122
0.212179
0.298731
0.155593
0.191332
0.290358
0.403287
0.267218
0.556986
0.465436
0.475446
0.282131
0.194624
0.259646
0.194940
0.196141
0.331870
0.455072
0.285350
0.285026
0.270643
0.133812
0.128777
0.167837
0.183080
0.168864
0.162229
0.273840
0.399576
0.314217
0.200773
0.267567
0.409666
0.397636
0.654564
0.586062
0.437668
0.354299
0.641987
0.434122
0.313574
0.447894
0.369426
0.276473
0.250845
0.141634
0.176066
0.114334
0.172581
0.137525
0.200531
0.395498
0.245338
0.294001
0.262665
0.242136
0.399371
0.293993
0.600376
0.512937
0.520007
0.443450
0.206467
0.504916
0.326886
0.533800
0.273431
0.191330
0.146723
0.152260
0.169586
0.189447
0.144852
0.141196
0.207038
0.154890
0.289593
0.184825
0.131589
0.164047
0.216366
0.178332
0.251763
0.444918
0.561310
0.741383
0.534018
0.629129
0.747571
0.512211
0.366772
0.342312
0.223575
0.203553
0.209134
0.135745
0.158247
0.243045
0.349179
0.243929
0.185741
0.215619
0.255567
0.319228
0.577917
0.607903
0.439085
0.765802
0.669669
0.987588
0.924227
0.579918
0.774056
0.513005
0.618193
0.410905
0.284593
0.229106
0.292188
0.206441
0.228942
0.296935
0.356177
0.186690
0.230545
0.212319
0.369523
0.303387
0.325104
0.331747
0.330602
0.587896
0.358647
0.639039
0.565417
0.786046
0.445459
0.564535
0.352361
0.286087
0.252600
0.135999
0.201329
0.194368
0.135750
0.204079
0.319605
0.152727
0.196886
0.307710
0.292992
0.338353
0.571464
0.292406
0.448186
0.373573
0.649576
0.486528
0.412967
0.537235
0.558873
0.450434
0.531474
0.276229
0.194292
0.156423
0.231157
0.216155
0.182579
0.229811
0.339835
0.268822
0.275407
0.191734
0.306884
0.385179
0.341896
0.421911
0.417514
0.368269
0.401846
0.306176
0.415765
0.358653
0.254113
0.318315
0.198101
0.225841
0.220360
0.131836
0.167098
0.146666
0.088591
0.099063
0.111847
0.185017
0.158165
0.271809
0.355010
0.330731
0.242580
0.253621
0.363421
0.259721
0.368558
0.507758
0.463012
0.351757
0.177732
0.249073
0.272184
0.240799
0.210004
0.147099
0.173010
0.126799
0.167302
0.185503
0.119167
0.148441
0.173065
0.166475
0.268113
0.310185
0.326945
0.379299
0.436339
0.527473
0.510366
0.599915
0.407263
0.309972
0.287409
0.276567
0.263640
0.226908
0.174006
0.153512
0.186800
0.134697
0.146101
0.187807
0.195788
0.140290
0.129949
0.127874
0.172208
0.269317
0.181761
0.249350
0.191401
0.210418
0.307689
0.270602
0.264025
0.148716
0.335956
0.231300
0.281458
0.172773
0.145933
0.083179
0.123140
0.120835
0.086426
0.200598
0.304207
0.140625
0.184348
0.190700
0.236141
0.147822
0.191540
0.198245
0.181894
0.367510
0.338640
0.320337
0.214368
0.302947
0.184656
0.213917
0.248824
0.255575
0.135606
0.129107
0.112637
0.136313
0.148584
0.184313
0.120493
0.095060
0.154135
0.174110
0.158493
0.165133
0.148179
0.298258
0.170670
0.432158
0.277317
0.284561
0.239871
0.348883
0.259073
0.193755
0.151290
0.113423
0.136666
0.099983
0.120206
0.126468
0.090870
0.161843
0.094455
0.127966
0.095507
0.164097
0.107906
0.130393
0.172134
0.159325
0.151093
0.125341
0.214760
0.119825
0.246806
0.183864
0.104966
0.087997
0.095485
0.114977
0.086943
0.085454
0.074436
0.098946
0.124620
0.155683
0.106930
0.101504
0.071760
0.099671
0.097388
0.100157
0.087708
0.134875
0.140139
0.149648
0.164110
0.125600
0.099785
0.100314
0.141336
0.150019
0.131015
0.125742
0.112494
0.107935
0.076733
0.075362
0.078790
0.086982
0.087826
0.098927
0.176706
0.272660
0.226722
0.211511
0.090584
0.096496
0.118607
0.097513
0.091675
0.174899
0.204604
0.171612
0.185958
0.175211
0.154781
0.135730
0.148876
0.122349
0.128395
0.113053
0.136065
0.138112
0.125308
0.132022
0.123658
0.212731
0.104666
0.112901
0.253900
0.248419
0.291919
0.497365
0.393452
0.422372
0.437183
0.282557
0.452995
0.411079
0.363359
0.142909
0.198924
0.105903
0.150404
0.188285
0.117974
0.194319
0.318767
0.180355
0.194710
0.300946
0.215606
0.249896
0.205352
0.239977
0.300753
0.344834
0.309145
0.389054
0.385110
0.520492
0.304087
0.442973
0.263457
0.359161
0.158425
0.144891
0.158447
0.160627
0.125399
0.252357
0.249413
0.210703
0.247830
0.322611
0.203219
0.177861
0.372343
0.198473
0.282140
0.531049
0.365702
0.572722
0.643015
0.567524
0.488074
0.373294
0.153124
0.206796
0.108522
0.137039
0.152063
0.140355
0.144841
0.189014
0.332107
0.172541
0.152455
0.176851
0.321057
0.295225
0.236545
0.261233
0.389420
0.355449
0.275253
0.682522
0.309928
0.320405
0.607640
0.319745
0.247768
0.160340
0.152282
0.174746
0.184526
0.187126
0.131264
0.149732
0.249048
0.151355
0.179842
0.289937
0.209302
0.272367
0.342966
0.202931
0.297370
0.304988
0.325505
0.662637
0.431859
0.454448
0.435620
0.300530
0.280452
0.222443
0.102004
0.179227
0.133914
0.087242
0.132991
0.137156
0.237229
0.139613
0.140418
0.163129
0.323057
0.423818
0.315047
0.373372
0.477495
0.319486
0.479761
0.398189
0.259264
0.371956
0.154675
0.155970
0.252388
0.181839
0.118237
0.119337
0.088328
0.100048
0.124723
0.141658
0.123477
0.249292
0.270853
0.188897
0.160322
0.209466
0.226196
0.329823
0.378952
0.556178
0.310536
0.240731
0.281954
0.315598
0.255724
0.292896
0.193911
0.129413
0.132916
0.121209
0.131938
0.124487
0.126984
0.120249
0.303501
0.246461
0.147475
0.139933
0.147670
0.209994
0.403646
0.250436
0.185786
0.310714
0.248483
0.233975
0.256416
0.259245
0.230285
0.318412
0.255943
0.229283
0.211173
0.093007
0.148253
0.164526
0.141111
0.191312
0.224484
0.143145
0.147422
0.118310
0.182714
0.239454
0.277022
0.264193
0.254895
0.565479
0.291318
0.622390
0.502255
0.596628
0.372550
0.224910
0.295749
0.161594
0.165068
0.121755
0.155511
0.154714
0.109701
0.125758
0.139427
0.239410
0.160471
0.169562
0.255190
0.284726
0.266771
0.162167
0.248305
0.278638
0.260374
0.444075
0.503582
0.547447
0.416200
0.251356
0.302313
0.138321
0.169668
0.098753
0.121922
0.166699
0.164319
0.153351
0.218659
0.164451
0.178895
0.258773
0.363226
0.433145
0.210802
0.254717
0.243276
0.243732
0.345375
0.402730
0.706375
0.568431
0.377207
0.577625
0.390521
0.314512
0.225271
0.194342
0.128723
0.172197
0.174078
0.172416
0.447141
0.252889
0.156801
0.135781
0.238502
0.278411
0.343994
0.220174
0.323103
0.272132
0.280746
0.454993
0.468647
0.372020
0.325757
0.466950
0.307400
0.233910
0.161938
0.163034
0.100442
0.121244
0.161581
0.151391
0.205960
0.264547
0.226775
0.172743
0.242094
0.171712
0.258122
0.633924
0.617564
0.573645
0.441181
0.501959
0.455934
0.277689
0.190224
0.268143
0.283841
0.151128
0.209328
0.135804
0.112634
0.099776
0.097852
0.183769
0.211839
0.279186
0.256748
0.150538
0.209821
0.319486
0.225034
0.524411
0.321525
0.311376
0.280632
0.438094
0.538259
0.562478
0.292958
0.240779
0.283144
0.220384
0.237687
0.182596
0.151031
0.227801
0.145950
0.156406
0.175429
0.546155
0.341699
0.273181
0.210679
0.337194
0.413158
0.294104
0.309453
0.573380
0.402581
0.392062
0.327850
0.361796
0.443751
0.560606
0.366893
0.233564
0.172515
0.198905
0.123068
0.184999
0.166890
0.151808
0.364632
0.185077
0.190956
0.141545
0.293358
0.450840
0.357911
0.340851
0.206650
0.237936
0.352327
0.364329
0.301240
0.412344
0.317605
0.241683
0.262336
0.156949
0.143381
0.107363
0.129894
0.153853
0.101513
0.145636
0.313269
0.151929
0.207215
0.247687
0.193111
0.262770
0.139234
0.197285
0.203525
0.198156
0.214806
0.221738
0.348619
0.286980
0.574063
0.427790
0.365487
0.219584
0.255430
0.153648
0.166572
0.115763
0.178121
0.188615
0.187415
0.301235
0.166847
0.224210
0.158034
0.172464
0.252354
0.204712
0.207008
0.299969
0.349090
0.267832
0.493266
0.254663
0.556664
0.418984
0.167373
0.173370
0.093815
0.145344
0.138681
0.101710
0.129942
0.191264
0.278833
0.213341
0.163613
0.140498
0.231684
0.165462
0.188992
0.248294
0.168291
0.273567
0.182066
0.204891
0.196979
0.175250
0.529012
0.391954
0.324532
0.188069
0.155182
0.097358
0.085000
0.155738
0.086468
0.183773
0.273568
0.234407
0.181089
0.369052
0.216806
0.245579
0.189992
0.218936
0.248318
0.312617
0.275005
0.363501
0.447431
0.366817
0.252576
0.202068
0.326825
0.199754
0.131206
0.126979
0.106030
0.198471
0.185357
0.182241
0.117220
0.206101
0.180302
0.268907
0.237417
0.235156
0.267869
0.348851
0.374631
0.238836
0.357734
0.239693
0.321246
0.375024
0.410784
0.360809
0.325690
0.243116
0.170366
0.161205
0.111825
0.180607
0.128045
0.152779
0.251919
0.247059
0.216055
0.136259
0.303014
0.257168
0.245273
0.300052
0.210047
0.243926
0.209208
0.364390
0.371034
0.279633
0.524073
0.382940
0.230155
0.174922
0.229157
0.196305
0.133681
0.128199
0.097023
0.246488
0.238156
0.229944
0.221418
0.150287
0.117410
0.143705
0.092071
0.183651
0.176642
0.172522
0.147534
0.387368
0.171236
0.311111
0.443142
0.403646
0.264693
0.121982
0.116734
0.172276
0.188222
0.154756
0.144559
0.158885
0.253615
0.160752
0.119271
0.126461
0.168294
0.319193
0.288679
0.193344
0.171457
0.274650
0.229964
0.375834
0.271809
0.387453
0.248635
0.255826
0.318279
0.169699
0.148660
0.134930
0.107532
0.091994
0.181205
0.200804
0.166818
0.161726
0.175504
0.228727
0.202349
0.122111
0.199614
0.156863
0.230915
0.244649
0.281025
0.468625
0.393419
0.390109
0.405653
0.339901
0.270569
0.232408
0.163481
0.185276
0.160625
0.147385
0.126505
0.169512
0.177299
0.503279
0.152088
0.156527
0.133360
0.115190
0.196548
0.163914
0.151516
0.205658
0.180196
0.551651
0.314076
0.304792
0.431620
0.531702
0.218681
0.251531
0.111807
0.147650
0.132667
0.147475
0.157082
0.270317
0.249877
0.202894
0.217571
0.152880
0.161903
0.143927
0.184149
0.184902
0.189414
0.137827
0.237555
0.478671
0.232755
0.302564
0.214878
0.299172
0.273757
0.251233
0.129149
0.103719
0.173301
0.137881
0.156666
0.129406
0.106070
0.118982
0.371271
0.207487
0.194136
0.265408
0.236774
0.368973
0.161633
0.292117
0.473271
0.244412
0.406614
0.239955
0.181777
0.398228
0.250686
0.208791
0.336550
0.172508
0.127844
0.183784
0.121690
0.091080
0.246598
0.288200
0.173060
0.228978
0.195743
0.170589
0.262637
0.413095
0.414588
0.329686
0.439381
0.412998
0.143148
0.273966
0.254246
0.266080
0.242403
0.269114
0.181491
0.189034
0.188441
0.115872
0.151925
0.127512
0.155112
0.143982
0.186262
0.134483
0.263341
0.204939
0.519964
0.208920
0.289475
0.227194
0.212260
0.187263
0.207904
0.240839
0.322913
0.200586
0.252276
0.163901
0.159835
0.144062
0.191957
0.141485
0.096435
0.163529
0.212151
0.136635
0.145115
0.131617
0.135592
0.151553
0.137860
0.110028
0.142365
0.130724
0.102666
0.177433
0.326904
0.334082
0.421102
0.206994
0.214541
0.138257
0.154545
0.124910
0.126690
0.095073
0.115900
0.195454
0.170029
0.156778
0.196212
0.128839
0.121644
0.173441
0.136200
0.226499
0.250157
0.278790
0.155963
0.219332
0.477913
0.333664
0.475565
0.203029
0.260938
0.186888
0.097826
0.126048
0.156763
0.099552
0.116680
0.218574
0.230286
0.178343
0.169878
0.288416
0.306474
0.185610
0.133982
0.208724
0.128759
0.162752
0.231094
0.104800
0.102765
0.105345
0.261666
0.283522
0.369428
0.235345
0.198636
0.143557
0.133656
0.124298
0.154815
0.199302
0.212258
0.248104
0.107163
0.158499
0.170487
0.301966
0.212389
0.216870
0.372702
0.266519
0.174127
0.259514
0.213898
0.426882
0.353601
0.244782
0.169272
0.144744
0.137297
0.119713
0.119983
0.096609
0.140865
0.215376
0.146284
0.199968
0.165125
0.255986
0.295798
0.234535
0.216916
0.255485
0.196751
0.240955
0.237864
0.389494
0.315650
0.354326
0.510857
0.346578
0.245876
0.176723
0.134501
0.160516
0.124244
0.106262
0.098191
0.142353
0.219822
0.350201
0.227512
0.220982
0.242348
0.193866
0.264930
0.261685
0.183107
0.342264
0.497078
0.473342
0.311312
0.341385
0.436305
0.544466
0.378532
0.269590
0.114347
0.113753
0.149113
0.109222
0.155247
0.192213
0.167549
0.183039
0.148692
0.153475
0.165500
0.108741
0.139011
0.190025
0.278664
0.283603
0.252772
0.748673
0.779951
0.546548
0.754924
0.388533
0.380908
0.154320
0.109520
0.171473
0.101030
0.113725
0.099096
0.223670
0.237091
0.210356
0.172341
0.159499
0.195863
0.204756
0.231220
0.339141
0.451944
0.320794
0.304347
0.370027
0.401757
0.578364
0.448954
0.352339
0.262459
0.134619
0.103906
0.092619
0.100456
0.126313
0.108139
0.175699
0.160712
0.232529
0.168221
0.196937
0.154026
0.311630
0.412322
0.305889
0.350476
0.471311
0.622976
0.616241
0.681779
0.413193
0.569833
0.554504
0.368005
0.316513
0.206648
0.141435
0.184995
0.150884
0.144453
0.252454
0.257165
0.189494
0.171157
0.272920
0.288175
0.300814
0.201868
0.285159
0.242890
0.375935
0.687517
0.602169
0.553051
0.649269
0.350404
0.430573
0.479541
0.369036
0.177132
0.171456
0.165736
0.104509
0.141330
0.142656
0.393054
0.397694
0.267796
0.291417
0.272224
0.380861
0.269770
0.377275
0.270698
0.312044
0.474118
0.255187
0.425532
0.335166
0.367116
0.502993
0.410815
0.361239
0.408295
0.311218
0.256192
0.237848
0.252504
0.129596
0.132852
0.217610
0.272162
0.319105
0.387455
0.259208
0.301746
0.346662
0.478312
0.232811
0.312158
0.374532
0.523856
0.472920
0.307526
0.158240
0.244725
0.180848
0.191505
0.105842
0.138958
0.116090
0.167583
0.133595
0.208831
0.432180
0.201758
0.171099
0.347682
0.137772
0.173249
0.114125
0.188656
0.213206
0.245190
0.208770
0.309213
0.241300
0.275871
0.354525
0.286878
0.210562
0.175946
0.155537
0.103961
0.094561
0.126538
0.214375
0.338851
0.224283
0.167529
0.188789
0.168325
0.180859
0.156578
0.146763
0.136692
0.145787
0.142011
0.128505
0.126704
0.232195
0.333813
0.437475
0.306429
0.153810
0.202839
0.112635
0.102582
0.139354
0.143899
0.214394
0.196848
0.298721
0.234448
0.226385
0.195941
0.158852
0.162920
0.109894
0.130149
0.153940
0.147231
0.165155
0.215203
0.299816
0.300163
0.189409
0.339674
0.292121
0.166330
0.194092
0.169358
0.169718
0.184270
0.150797
0.323793
0.200909
0.213174
0.225221
0.289756
0.289476
0.307796
0.186208
0.298799
0.367371
0.310234
0.661849
0.200438
0.213608
0.431500
0.284879
0.283585
0.119036
0.160649
0.114499
0.088462
0.099299
0.123259
0.171464
0.263359
0.243487
0.214835
0.189344
0.348531
0.208760
0.190029
0.204972
0.191626
0.303530
0.276824
0.338647
0.421717
0.702800
0.610625
0.459618
0.306304
0.234997
0.139133
0.258511
0.205626
0.174141
0.109584
0.221444
0.340105
0.219426
0.195005
0.343327
0.362080
0.400570
0.584064
0.471431
0.470741
0.485698
0.596550
0.620453
0.603713
0.480755
0.383423
0.298261
0.391529
0.266898
0.223394
0.150302
0.166807
0.209644
0.270924
0.196207
0.120850
0.214883
0.200711
0.244484
0.389497
0.361151
0.436148
0.358979
0.429290
0.390783
0.363305
0.470935
0.213186
0.469466
0.386091
0.330610
0.279216
0.227532
0.184622
0.100191
0.121857
0.105784
0.141786
0.083548
0.170963
0.199875
0.211266
0.296795
0.294465
0.408220
0.383685
0.391309
0.353249
0.577973
0.469403
0.536051
0.315497
0.260879
0.346227
0.272758
0.396761
0.263960
0.134617
0.120869
0.177822
0.174289
0.147044
0.143823
0.214544
0.213211
0.205669
0.217497
0.184998
0.209940
0.102085
0.178604
0.195148
0.238158
0.187568
0.402771
0.365000
0.539867
0.590079
0.325673
0.252040
0.227027
0.119163
0.143275
0.120710
0.134537
0.116218
0.160669
0.248755
0.214003
0.172543
0.154791
0.299677
0.129236
0.201691
0.141053
0.165102
0.215766
0.274807
0.242416
0.277375
0.316484
0.293090
0.178247
0.218223
0.135007
0.105300
0.143437
0.136585
0.139989
0.134078
0.230958
0.261256
0.174992
0.192449
0.180270
0.154774
0.135416
0.115110
0.183575
0.108459
0.145592
0.257914
0.312026
0.317311
0.409003
0.372510
0.308260
0.247616
0.167170
0.170092
0.138007
0.161090
0.116770
0.103654
0.171444
0.217779
0.198263
0.199020
0.137832
0.190964
0.126613
0.129736
0.149185
0.191500
0.228895
0.209126
0.307352
0.220995
0.253075
0.273418
0.202245
0.246829
0.203132
0.156729
0.092397
0.125767
0.076158
0.117788
0.129380
0.176485
0.252998
0.298085
0.176090
0.262825
0.248279
0.286681
0.164789
0.225584
0.186251
0.224701
0.207667
0.238466
0.253802
0.319199
0.259140
0.210799
0.203189
0.176191
0.139694
0.102619
0.101561
0.149541
0.085727
0.119136
0.099100
0.177030
0.174929
0.180511
0.148159
0.202309
0.247221
0.100312
0.078100
0.143460
0.154660
0.086662
0.187454
0.209959
0.167503
0.134668
0.111170
0.109225
0.071676
0.100196
0.081015
0.097587
0.086102
0.144671
0.244019
0.113747
0.090112
0.100119
0.166542
0.179375
0.292107
0.165931
0.365923
0.353312
0.246017
0.377104
0.490309
0.223581
0.188831
0.187029
0.195261
0.079297
0.148109
0.099115
0.122670
0.111723
0.136607
0.199581
0.191571
0.233073
0.128851
0.201717
0.333526
0.271391
0.336897
0.179813
0.283787
0.309841
0.361199
0.242762
0.224520
0.275105
0.258331
0.166461
0.204760
0.140231
0.153624
0.135548
0.159226
0.110698
0.215319
0.238240
0.138301
0.180052
0.157651
0.232802
0.111103
0.153750
0.223449
0.344655
0.272428
0.281774
0.410739
0.283932
0.504774
0.352059
0.246086
0.155834
0.171760
0.125723
0.084103
0.135671
0.121503
0.119996
0.143639
0.145442
0.124248
0.139442
0.163028
0.128855
0.254262
0.138500
0.204375
0.183290
0.255065
0.119309
0.269320
0.415417
0.438932
0.360289
0.364758
0.223866
0.167684
0.129243
0.113305
0.113602
0.109992
0.140419
0.143036
0.225629
0.287612
0.197986
0.163019
0.260360
0.125829
0.239102
0.172602
0.208185
0.144966
0.127554
0.308294
0.445939
0.286330
0.180092
0.174958
0.194019
0.111497
0.108108
0.148255
0.120675
0.145817
0.095414
0.177404
0.176998
0.304658
0.171604
0.182822
0.304584
0.235623
0.364617
0.184015
0.181565
0.254743
0.269473
0.213165
0.251655
0.304963
0.185998
0.146514
0.130901
0.189960
0.102702
0.146593
0.147982
0.109748
0.140666
0.226583
0.264876
0.147661
0.168138
0.186290
0.254071
0.205048
0.162233
0.274005
0.298106
0.180350
0.281995
0.382440
0.458872
0.280461
0.314296
0.248604
0.196726
0.200802
0.214344
0.138688
0.197397
0.100186
0.143609
0.124335
0.123372
0.196034
0.258730
0.273196
0.281504
0.231350
0.267137
0.385077
0.299935
0.160810
0.192528
0.374654
0.450060
0.274485
0.185845
0.219369
0.144836
0.163326
0.127471
0.102281
0.079447
0.110676
0.081283
0.184602
0.156690
0.258895
0.213467
0.185880
0.123814
0.162172
0.106264
0.105917
0.124780
0.201653
0.160808
0.272610
0.233420
0.368066
0.177383
0.241170
0.242365
0.172864
0.100821
0.122263
0.109479
0.129064
0.130562
0.138899
0.387072
0.195714
0.138106
0.129985
0.199250
0.093149
0.135843
0.105705
0.158750
0.214735
0.207084
0.308942
0.215478
0.209567
0.522046
0.313493
0.199674
0.129518
0.194129
0.172010
0.137108
0.105147
0.133843
0.173684
0.211546
0.230224
0.200357
0.206700
0.209011
0.242547
0.232479
0.120504
0.220750
0.255569
0.408961
0.350041
0.411206
0.242968
0.378548
0.378501
0.320310
0.176301
0.119499
0.106065
0.128546
0.104069
0.124761
0.242809
0.190518
0.301947
0.141966
0.184659
0.142564
0.209247
0.157844
0.110489
0.123019
0.118121
0.125291
0.125507
0.323465
0.259565
0.312764
0.298453
0.289794
0.167729
0.129631
0.121861
0.123006
0.111785
0.069130
0.125423
0.199969
0.343257
0.238315
0.194757
0.123601
0.271880
0.276009
0.319664
0.336201
0.238548
0.180682
0.200828
0.318550
0.303631
0.275623
0.201502
0.222411
0.156859
0.128359
0.141358
0.129005
0.112466
0.092427
0.194711
0.173860
0.244413
0.231540
0.250202
0.217947
0.317088
0.421652
0.313777
0.166722
0.139180
0.259873
0.248005
0.192043
0.208990
0.186560
0.178590
0.252736
0.217835
0.092394
0.143407
0.124375
0.096604
0.156960
0.180329
0.176687
0.227048
0.367743
0.370518
0.114876
0.149365
0.185838
0.239319
0.218269
0.221145
0.237621
0.199596
0.543091
0.280004
0.221382
0.180313
0.133003
0.137809
0.115838
0.109443
0.110463
0.121205
0.130152
0.114780
0.265817
0.310471
0.162019
0.172704
0.124526
0.203911
0.203939
0.240296
0.209343
0.213710
0.126660
0.195555
0.496190
0.412613
0.255247
0.258438
0.197263
0.097038
0.107428
0.085624
0.115381
0.115230
0.109561
0.127648
0.381266
0.200486
0.125814
0.172971
0.211037
0.191856
0.189549
0.096818
0.089202
0.169666
0.136707
0.192639
0.188577
0.408479
0.515254
0.259827
0.143980
0.166751
0.132546
0.129710
0.112356
0.077438
0.174537
0.273338
0.238911
0.174182
0.137246
0.156905
0.210550
0.158884
0.251397
0.132233
0.131013
0.129569
0.274680
0.223246
0.233912
0.334684
0.511142
0.370200
0.107836
0.113278
0.086838
0.076320
0.119494
0.142234
0.114947
0.144362
0.251647
0.207766
0.122668
0.214278
0.237064
0.254204
0.186832
0.295064
0.234395
0.108512
0.228802
0.294148
0.136520
0.095625
0.290687
0.325415
0.281465
0.148161
0.150168
0.099256
0.078900
0.107388
0.106467
0.096903
0.240556
0.157774
0.122073
0.120508
0.214834
0.319408
0.300050
0.145167
0.152888
0.215543
0.154684
0.407214
0.362623
0.146900
0.136169
0.161531
0.210733
0.202620
0.103141
0.082203
0.088657
0.119891
0.131445
0.101815
0.149241
0.130723
0.203166
0.215278
0.254738
0.379196
0.345262
0.244122
0.223794
0.239714
0.372865
0.313658
0.260583
0.135542
0.180267
0.216000
0.249565
0.235681
0.198444
0.154269
0.160648
0.176303
0.112897
0.134002
0.213776
0.245972
0.168053
0.144939
0.103992
0.141706
0.146598
0.189571
0.332809
0.338006
0.344692
0.309126
0.170457
0.291088
0.315672
0.287714
0.231422
0.163859
0.103904
0.099544
0.122871
0.135062
0.105081
0.208693
0.208659
0.185759
0.169076
0.136948
0.169782
0.174176
0.358969
0.161192
0.211609
0.156971
0.172520
0.447815
0.265899
0.269386
0.434998
0.229537
0.161945
0.175887
0.159145
0.090699
0.161350
0.127745
0.137069
0.196135
0.328402
0.223599
0.124693
0.126561
0.181854
0.199538
0.183027
0.158785
0.160158
0.168349
0.208331
0.425107
0.376064
0.342576
0.404373
0.279162
0.274971
0.171339
0.135015
0.143691
0.091695
0.096275
0.165876
0.166388
0.256752
0.238446
0.154460
0.120478
0.105307
0.145891
0.161161
0.278238
0.121695
0.181756
0.176102
0.320501
0.255398
0.293357
0.266429
0.217779
0.165501
0.117051
0.129650
0.077371
0.183781
0.104937
0.119890
0.239154
0.234001
0.240011
0.160433
0.175057
0.180574
0.210787
0.239982
0.207115
0.381844
0.233848
0.262621
0.349084
0.404091
0.277565
0.406640
0.266148
0.184908
0.163940
0.106169
0.134964
0.131019
0.120493
0.093512
0.144811
0.338624
0.263945
0.173718
0.139551
0.231425
0.362749
0.260271
0.201274
0.228822
0.242059
0.296163
0.357759
0.417101
0.320680
0.331067
0.301835
0.203663
0.203227
0.157571
0.108376
0.183784
0.180730
0.138836
0.246938
0.169582
0.338075
0.275684
0.171610
0.182625
0.166934
0.186078
0.152767
0.263059
0.211774
0.376384
0.450329
0.161927
0.144732
0.170447
0.179174
0.279685
0.133548
0.191024
0.187174
0.190156
0.152182
0.185045
0.104243
0.249028
0.323311
0.258319
0.182383
0.233809
0.224683
0.229911
0.233460
0.354793
0.222455
0.240388
0.401738
0.388933
0.205823
0.359085
0.378392
0.216663
0.147609
0.149762
0.168991
0.111081
0.133223
0.151461
0.166653
0.184085
0.309965
0.224888
0.194274
0.140655
0.172267
0.176215
0.147224
0.197357
0.406046
0.244311
0.282153
0.240227
0.231875
0.251550
0.288611
0.214956
0.147982
0.159801
0.178519
0.172761
0.164867
0.158181
0.160967
0.235878
0.171528
0.202590
0.200592
0.217461
0.198155
0.158477
0.168316
0.317455
0.182201
0.130804
0.254413
0.336937
0.431165
0.557079
0.332873
0.249786
0.141199
0.196422
0.118304
0.150927
0.146587
0.099918
0.125427
0.171933
0.332684
0.142898
0.262212
0.182307
0.232323
0.296690
0.254209
0.315780
0.154987
0.339778
0.389656
0.239086
0.186502
0.342758
0.438103
0.246097
0.144037
0.175233
0.123140
0.105175
0.158777
0.141257
0.168879
0.101815
0.309659
0.225759
0.188153
0.113450
0.188001
0.252619
0.153703
0.235091
0.268638
0.134191
0.357198
0.195485
0.157333
0.293736
0.232271
0.300258
0.175814
0.119404
0.122557
0.102141
0.098878
0.117572
0.264590
0.215339
0.133250
0.227652
0.125151
0.452682
0.333016
0.210643
0.183360
0.106304
0.155332
0.141365
0.170928
0.190493
0.229536
0.360224
0.308046
0.202821
0.121304
0.141703
0.083397
0.128064
0.140769
0.141238
0.124603
0.123712
0.220623
0.222507
0.141246
0.134434
0.239169
0.278012
0.172050
0.145843
0.340485
0.264118
0.158589
0.244722
0.471567
0.360611
0.258435
0.190838
0.169787
0.121203
0.108693
0.118993
0.167134
0.141063
0.146198
0.128723
0.222669
0.235938
0.114408
0.166638
0.129553
0.210188
0.267806
0.166959
0.396344
0.361660
0.382696
0.346948
0.208573
0.190451
0.202388
0.185095
0.129669
0.173157
0.098591
0.109647
0.180041
0.160585
0.149328
0.190061
0.276743
0.285271
0.148632
0.176170
0.152360
0.141011
0.139170
0.156548
0.178959
0.289302
0.290154
0.566513
0.464302
0.558391
0.413882
0.287515
0.144447
0.162356
0.153201
0.148447
0.164039
0.160320
0.176143
0.175307
0.296058
0.175712
0.195566
0.160215
0.234568
0.217801
0.208463
0.101711
0.186990
0.194145
0.150278
0.258962
0.540224
0.391072
0.325021
0.392863
0.333863
0.196284
0.102965
0.099910
0.177386
0.174026
0.124494
0.231540
0.322120
0.153496
0.132536
0.205139
0.148248
0.306302
0.168504
0.127517
0.131456
0.233568
0.266717
0.255857
0.274312
0.568775
0.591555
0.256300
0.206423
0.102187
0.177056
0.131909
0.172797
0.149880
0.110864
0.147553
0.199839
0.279628
0.188067
0.122824
0.200351
0.155413
0.153030
0.217467
0.223324
0.176611
0.223998
0.377891
0.496045
0.257835
0.391270
0.484932
0.251744
0.130176
0.171950
0.148116
0.116891
0.154383
0.165591
0.183044
0.222242
0.347202
0.163894
0.172382
0.141322
0.217673
0.200157
0.258203
0.184892
0.170873
0.167279
0.225612
0.346442
0.395658
0.345313
0.212775
0.174711
0.204668
0.147915
0.112031
0.123016
0.124011
0.097948
0.233050
0.234474
0.213559
0.197244
0.316395
0.149159
0.227686
0.409104
0.248099
0.232883
0.335573
0.534411
0.504964
0.495044
0.164814
0.203072
0.213615
0.288379
0.189205
0.172652
0.174495
0.136713
0.177918
0.128140
0.121110
0.262842
0.292209
0.180013
0.177231
0.182589
0.139932
0.170771
0.278316
0.237847
0.146944
0.132118
0.428400
0.339610
0.287037
0.346265
0.309772
0.159295
0.160802
0.100357
0.118102
0.158088
0.131121
0.184467
0.252398
0.213826
0.203477
0.237961
0.194727
0.264286
0.182281
0.169320
0.159862
0.125277
0.224133
0.398655
0.454937
0.362088
0.261850
0.471621
0.414133
0.260355
0.114972
0.125310
0.150075
0.108327
0.097947
0.201413
0.167117
0.377170
0.247788
0.203019
0.212248
0.267692
0.174424
0.170256
0.150665
0.143742
0.278737
0.232324
0.523322
0.421925
0.273927
0.251300
0.249362
0.148310
0.159679
0.147146
0.089848
0.124596
0.121755
0.100285
0.181199
0.232370
0.239103
0.170882
0.105754
0.183000
0.166192
0.130193
0.193595
0.139458
0.453130
0.367791
0.391215
0.239397
0.424316
0.245458
0.302989
0.238595
0.203063
0.125113
0.126121
0.179677
0.181595
0.125063
0.216246
0.180045
0.293671
0.145147
0.251898
0.146128
0.378368
0.302908
0.160803
0.215340
0.303942
0.227183
0.456423
0.489794
0.273600
0.290650
0.302305
0.219521
0.179078
0.157642
0.131355
0.158571
0.150294
0.088985
0.193209
0.183790
0.250014
0.135077
0.121177
0.132149
0.206531
0.209040
0.255775
0.214823
0.194083
0.178278
0.373749
0.280847
0.230904
0.208091
0.134209
0.248208
0.185633
0.156391
0.150650
0.093306
0.135390
0.142187
0.201979
0.182865
0.158290
0.150311
0.262274
0.462998
0.329740
0.294876
0.324053
0.142710
0.356267
0.339088
0.365237
0.228496
0.371450
0.356968
0.228666
0.146568
0.212138
0.172351
0.132790
0.123125
0.181249
0.165310
0.130665
0.223055
0.438820
0.329554
0.239710
0.289127
0.141300
0.223046
0.167584
0.206970
0.322948
0.230584
0.198708
0.166380
0.211030
0.176448
0.215420
0.128429
0.198152
0.122903
0.130181
0.095862
0.138934
0.114172
0.180914
0.249729
0.292431
0.205639
0.149677
0.141968
0.084698
0.100363
0.102242
0.129296
0.147393
0.334191
0.205725
0.312129
0.317592
0.487522
0.358860
0.136076
0.153900
0.176649
0.114397
0.079331
0.103414
0.126444
0.163711
0.375712
0.134067
0.139906
0.220674
0.120881
0.116991
0.230382
0.160403
0.161260
0.301419
0.398578
0.384962
0.367008
0.344831
0.331421
0.369336
0.311530
0.174258
0.103682
0.123056
0.145578
0.152513
0.196803
0.243865
0.172915
0.245855
0.269352
0.274645
0.278718
0.158632
0.182481
0.145276
0.159825
0.161427
0.214644
0.434443
0.348889
0.434328
0.232470
0.330182
0.215113
0.181447
0.195032
0.100947
0.148319
0.128364
0.170179
0.104367
0.239468
0.451224
0.349821
0.226725
0.235947
0.418036
0.131075
0.086817
0.099106
0.100397
0.125827
0.277621
0.222471
0.155512
0.250693
0.142472
0.137923
0.172924
0.123357
0.142983
0.163124
0.097408
0.085145
0.148825
0.106215
0.125496
0.207117
0.152491
0.108477
0.143100
0.286578
0.109218
0.173419
0.274736
0.302192
0.124991
0.152018
0.212332
0.213987
0.209193
0.313899
0.246440
0.214969
0.197650
0.110379
0.125005
0.169095
0.196611
0.302485
0.310336
0.271725
0.204679
0.185530
0.177366
0.135356
0.138541
0.245549
0.258422
0.332588
0.314406
0.414609
0.252142
0.397404
0.304391
0.187618
0.204512
0.232360
0.138796
0.153721
0.149665
0.144640
0.123072
0.232118
0.450800
0.215389
0.227840
0.208179
0.274609
0.231801
0.383946
0.327347
0.250283
0.291628
0.261529
0.231938
0.392187
0.355942
0.200269
0.273378
0.133389
0.104808
0.149936
0.109664
0.143549
0.133780
0.214828
0.244486
0.250272
0.314085
0.150102
0.114685
0.122594
0.172868
0.145847
0.327009
0.440446
0.127071
0.266871
0.253923
0.178949
0.290197
0.209649
0.304442
0.159563
0.162145
0.114605
0.182608
0.126796
0.100482
0.239877
0.275503
0.212849
0.216274
0.228778
0.219294
0.106948
0.142591
0.211689
0.200653
0.124213
0.191190
0.311081
0.337928
0.281420
0.267009
0.184086
0.160224
0.165624
0.102935
0.101891
0.128167
0.199149
0.185106
0.274448
0.331165
0.288115
0.158514
0.255817
0.182528
0.227295
0.247679
0.323517
0.179167
0.273087
0.239325
0.537615
0.416776
0.419624
0.313232
0.307796
0.140569
0.213128
0.135936
0.177761
0.153441
0.112414
0.116456
0.201928
0.246644
0.177258
0.150466
0.279238
0.190040
0.228567
0.203400
0.171562
0.113775
0.271287
0.274119
0.398345
0.372436
0.552136
0.497417
0.182601
0.236951
0.173027
0.140898
0.154552
0.248023
0.205216
0.139897
0.104651
0.245598
0.219557
0.129865
0.199047
0.314358
0.285049
0.201675
0.192914
0.198465
0.122139
0.105930
0.268737
0.252713
0.454913
0.344080
0.274688
0.222266
0.389445
0.270137
0.253441
0.251259
0.243811
0.155702
0.284663
0.185468
0.197717
0.427708
0.283246
0.353463
0.199215
0.184578
0.223665
0.198365
0.127607
0.121112
0.303726
0.253545
0.312675
0.254980
0.222524
0.417593
0.485461
0.423094
0.362542
0.384319
0.259414
0.204007
0.314470
0.383878
0.446452
0.416240
0.169943
0.231935
0.272778
0.231242
0.449456
0.394146
0.346677
0.333227
0.159120
0.374941
0.410469
0.247551
0.250463
0.215256
0.121264
0.117558
0.188420
0.123244
0.387538
0.281319
0.329742
0.406923
0.416327
0.301915
0.183403
0.195830
0.141225
0.147118
0.197670
0.367075
0.422724
0.424870
0.563344
0.656941
0.258147
0.412339
0.574251
0.195031
0.148470
0.155485
0.163479
0.228657
0.181967
0.244460
0.294500
0.230600
0.283199
0.133627
0.111612
0.161812
0.180041
0.173062
0.361210
0.325085
0.141626
0.245568
0.317385
0.462932
0.360410
0.335527
0.213322
0.234190
0.194990
0.196502
0.245354
0.256486
0.318564
0.134367
0.190337
0.193369
0.267950
0.152922
0.255962
0.237702
0.175962
0.132179
0.163613
0.268163
0.165663
0.327803
0.675182
0.533368
0.307604
0.348789
0.431741
0.170879
0.174680
0.122664
0.107601
0.224107
0.352118
0.185717
0.170980
0.179894
0.304609
0.142719
0.273144
0.135112
0.161924
0.297331
0.341252
0.292900
0.218162
0.343820
0.265488
0.281448
0.199788
0.259655
0.404380
0.258282
0.201897
0.190538
0.116617
0.368142
0.456766
0.550716
0.348124
0.287052
0.483193
0.412452
0.238096
0.183132
0.180985
0.184332
0.145200
0.134987
0.089517
0.154006
0.258165
0.231832
0.265602
0.202243
0.244018
0.216447
0.284277
0.314592
0.158454
0.278517
0.251182
0.139168
0.217756
0.196309
0.352795
0.328851
0.568406
0.402277
0.409061
0.368593
0.271726
0.200778
0.357448
0.303786
0.403931
0.425070
0.299906
0.520484
0.610269
0.615077
0.260654
0.286903
0.191184
0.255406
0.202036
0.198247
0.216615
0.145483
0.196143
0.455655
0.187989
0.137637
0.226511
0.184454
0.230561
0.156533
0.243958
0.299991
0.451751
0.346669
0.674123
0.329215
0.405450
0.156294
0.133696
0.100949
0.085494
0.178254
0.147967
0.195069
0.240626
0.331608
0.366136
0.142544
0.284120
0.208942
0.259259
0.274628
0.285875
0.171860
0.201586
0.183398
0.474955
0.474787
0.591155
0.318075
0.417488
0.314404
0.187046
0.208071
0.197835
0.362309
0.184603
0.381875
0.277240
0.425935
0.281494
0.158857
0.149124
0.213796
0.301673
0.360356
0.318164
0.202381
0.180251
0.236781
0.291215
0.276789
0.290269
0.268936
0.283594
0.266979
0.246188
0.244161
0.165763
0.135399
0.097744
0.312237
0.257590
0.327348
0.308198
0.150428
0.244890
0.217627
0.315381
0.293164
0.201949
0.108160
0.178847
0.180875
0.504025
0.324879
0.365306
0.523540
0.317029
0.401911
0.268910
0.192523
0.228755
0.167306
0.163374
0.239495
0.246167
0.212301
0.460553
0.240041
0.239964
0.201688
0.263834
0.356192
0.202905
0.167521
0.355796
0.222673
0.476433
0.327415
0.420180
0.378898
0.471668
0.346616
0.273414
0.222145
0.353408
0.198249
0.208525
0.163259
0.226157
0.446404
0.303822
0.230906
0.143538
0.156367
0.214809
0.311922
0.475974
0.263299
0.208740
0.331395
0.240708
0.110054
0.127980
0.270701
0.315829
0.232844
0.145689
0.239391
0.166982
0.142029
0.175030
0.211308
0.214523
0.172864
0.199149
0.344606
0.281170
0.167595
0.357979
0.154125
0.254332
0.259812
0.169977
0.326069
0.394467
0.503820
0.314647
0.355948
0.383583
0.271007
0.435234
0.328968
0.159859
0.246181
0.183613
0.184098
0.343891
0.334898
0.328808
0.252866
0.189783
0.105893
0.150960
0.226243
0.202626
0.385258
0.310078
0.255193
0.249636
0.319045
0.365033
0.549444
0.477971
0.360457
0.325445
0.267550
0.152622
0.106479
0.169200
0.183684
0.260960
0.402772
0.427669
0.279982
0.151862
0.182771
0.129630
0.159589
0.354906
0.258854
0.160131
0.192591
0.349692
0.451830
0.408655
0.284975
0.402969
0.276978
0.236420
0.180983
0.159078
0.309155
0.142784
0.191754
0.237997
0.351300
0.226099
0.204522
0.226945
0.144800
0.216816
0.204543
0.368022
0.292129
0.155414
0.309386
0.382278
0.247094
0.296776
0.278734
0.335412
0.512775
0.132199
0.221171
0.215182
0.341863
0.274894
0.366815
0.199812
0.306032
0.281272
0.147403
0.154311
0.204009
0.238558
0.176735
0.123620
0.251130
0.273977
0.365909
0.502502
0.347274
0.442066
0.346998
0.293497
0.297929
0.224954
0.174521
0.166273
0.256234
0.218694
0.204903
0.386500
0.349851
0.251196
0.188505
0.301997
0.211089
0.332022
0.331087
0.262842
0.173879
0.238666
0.248591
0.228699
0.328739
0.319971
0.220051
0.264196
0.390910
0.255418
0.216925
0.318018
0.208092
0.313615
0.213355
0.274584
0.251838
0.371119
0.165577
0.176458
0.294547
0.421134
0.424284
0.252359
0.565826
0.534595
0.213883
0.472257
0.530750
0.392588
0.362391
0.333020
0.530307
0.361752
0.232470
0.146374
0.211314
0.181789
0.153964
0.351434
0.249844
0.220534
0.306502
0.321932
0.603856
0.403787
0.363122
0.344347
0.307728
0.445541
0.551871
0.699906
0.391498
0.363966
0.338937
0.272214
0.224523
0.150836
0.183242
0.187092
0.182455
0.143848
0.244959
0.214586
0.311318
0.269932
0.243946
0.156221
0.283552
0.339279
0.364262
0.272443
0.431143
0.396427
0.501512
0.263311
0.182497
0.201139
0.309785
0.263990
0.331078
0.315538
0.280368
0.526286
0.265415
0.124792
0.174939
0.150431
0.207079
0.214698
0.266103
0.170742
0.508197
0.341721
0.328841
0.240711
0.271164
0.365549
0.367232
0.251363
0.252770
0.251903
0.397053
0.304823
0.323538
0.195646
0.118121
0.212572
0.182954
0.152453
0.176249
0.173379
0.154177
0.173536
0.192352
0.217537
0.223105
0.250133
0.239351
0.223239
0.247155
0.218807
0.406518
0.411205
0.514408
0.436417
0.379282
0.339928
0.268397
0.168375
0.184799
0.410909
0.492994
0.306132
0.207994
0.234939
0.306114
0.262999
0.198187
0.170618
0.404871
0.320764
0.134788
0.166986
0.271002
0.256323
0.359548
0.277450
0.337421
0.315144
0.420729
0.301094
0.260649
0.345489
0.244841
0.145225
0.196289
0.288007
0.294000
0.213689
0.215650
0.302574
0.252377
0.172583
0.301713
0.209892
0.399938
0.298700
0.328088
0.272260
0.344316
0.212017
0.669668
0.535057
0.512727
0.487469
0.375296
0.170403
0.194087
0.156511
0.221837
0.257629
0.193759
0.171807
0.142808
0.235599
0.327365
0.311773
0.296236
0.311217
0.415642
0.291252
0.319503
0.282932
0.458479
0.436241
0.553838
0.687414
0.623377
0.485746
0.343635
0.268164
0.401728
0.266733
0.244468
0.374396
0.511455
0.211163
0.165036
0.172047
0.161346
0.264861
0.276381
0.392773
0.613551
0.675044
0.379562
0.324006
0.353299
0.399434
0.589700
0.405455
0.227773
0.439454
0.302172
0.210141
0.148047
0.165519
0.156130
0.122718
0.308837
0.359007
0.739863
0.438562
0.302967
0.283318
0.166961
0.509606
0.506784
0.508356
0.810901
0.517576
0.415670
0.634654
0.937329
0.597604
0.396384
0.335622
0.348878
0.379737
