0.156568
0.157219
0.175089
0.145799
0.165325
0.125680
0.224852
0.206331
0.261065
0.431302
0.506331
0.300710
0.325148
0.360888
0.373018
0.318639
0.556509
0.366982
0.251124
0.217692
0.199349
0.233964
0.238521
0.171775
0.164320
0.160769
0.171538
0.176805
0.157574
0.179467
0.182130
0.298817
0.261657
0.406568
0.411479
0.260947
0.250473
0.232426
0.242781
0.202249
0.186509
0.254497
0.237988
0.243609
0.224142
0.202840
0.187988
0.167160
0.179408
0.183550
0.160000
0.146805
0.138225
0.151302
0.164852
0.201716
0.232308
0.294970
0.202663
0.414852
0.281183
0.464201
0.210355
0.237396
0.225680
0.279231
0.200592
0.189112
0.215621
0.227870
0.239290
0.168225
0.162367
0.179822
0.162012
0.201361
0.153787
0.162722
0.199349
0.228698
0.362130
0.234852
0.253373
0.191716
0.285621
0.334852
0.158698
0.277929
0.454379
0.411598
0.235030
0.232663
0.195385
0.220237
0.209467
0.173905
0.151598
0.161834
0.185562
0.146391
0.162012
0.209053
0.209763
0.246864
0.181893
0.185030
0.364272
0.496864
0.351479
0.289852
0.284189
0.344254
0.372781
0.348325
0.303266
0.237373
0.272923
0.212964
0.270864
0.247207
0.190852
0.208444
0.194222
0.184448
0.172993
0.190195
0.198825
0.252371
0.217369
0.181554
0.312396
0.212604
0.235325
0.410710
0.221657
0.231006
0.189349
0.187515
0.219527
0.212959
0.202485
0.212426
0.179527
0.154320
0.150178
0.142249
0.158698
0.150769
0.149467
0.134911
0.178580
0.233136
0.232663
0.232189
0.211420
0.270888
0.360710
0.381657
0.332367
0.306746
0.426568
0.353964
0.267929
0.218994
0.198521
0.229408
0.197751
0.137219
0.162130
0.130000
0.154911
0.171420
0.198994
0.173195
0.186923
0.489053
0.465385
0.377633
0.461302
0.191834
0.239586
0.235562
0.220888
0.198284
0.245976
0.237751
0.267811
0.162663
0.190059
0.163136
0.200414
0.132485
0.136509
0.129527
0.125325
0.119527
0.153846
0.173077
0.154024
0.297041
0.203432
0.169112
0.312544
0.258402
0.508343
0.314852
0.229941
0.248817
0.187160
0.314142
0.154260
0.179053
0.195680
0.165740
0.214615
0.154734
0.143846
0.111420
0.120118
0.145680
0.125799
0.151479
0.196982
0.167278
0.162426
0.158047
0.207219
0.161834
0.296154
0.294675
0.224675
0.190325
0.224867
0.247515
0.275858
0.237929
0.148757
0.162781
0.181361
0.154852
0.135266
0.143550
0.190533
0.136036
0.133787
0.138580
0.165740
0.191420
0.288580
0.330059
0.200769
0.354379
0.223136
0.182308
0.253964
0.235503
0.468107
0.340473
0.196864
0.169822
0.239704
0.217988
0.174438
0.139290
0.154615
0.148521
0.145680
0.168284
0.135740
0.186154
0.161065
0.322840
0.341243
0.177101
0.173491
0.199527
0.206568
0.195621
0.242840
0.315030
0.256331
0.229882
0.212781
0.183195
0.179231
0.171716
0.156805
0.159882
0.141183
0.180000
0.176568
0.137633
0.173964
0.154675
0.168107
0.198580
0.190000
0.227633
0.259231
0.318343
0.349172
0.357811
0.297574
0.292367
0.259704
0.264260
0.204024
0.196391
0.182130
0.267041
0.204379
0.144201
0.127811
0.122308
0.144083
0.146568
0.136568
0.208639
0.149527
0.179349
0.241361
0.224379
0.169290
0.311775
0.328284
0.266213
0.282308
0.424320
0.338225
0.269290
0.267101
0.214615
0.224438
0.187337
0.191243
0.188935
0.155148
0.191538
0.159822
0.147101
0.182426
0.201953
0.198521
0.220947
0.241775
0.171479
0.303787
0.272367
0.172426
0.205030
0.226095
0.156095
0.162189
0.411775
0.325799
0.241243
0.176805
0.213846
0.178402
0.133254
0.120059
0.133077
0.113018
0.151834
0.134379
0.120710
0.161893
0.144970
0.168462
0.200118
0.187929
0.188817
0.416509
0.148817
0.170355
0.283432
0.228757
0.204320
0.317515
0.189467
0.159172
0.178639
0.145444
0.143846
0.113254
0.135444
0.171479
0.111598
0.113373
0.161479
0.195030
0.264320
0.260059
0.167101
0.171598
0.172071
0.168343
0.226746
0.213136
0.149112
0.172899
0.171657
0.181006
0.160473
0.218876
0.183846
0.157574
0.159941
0.119763
0.112426
0.125799
0.170000
0.128107
0.331420
0.185562
0.297811
0.252189
0.146331
0.144379
0.217101
0.233669
0.214438
0.187633
0.450769
0.228994
0.210888
0.243787
0.141657
0.308047
0.166450
0.366213
0.144438
0.143254
0.122130
0.118639
0.115799
0.106036
0.133609
0.133373
0.313964
0.131657
0.156213
0.179349
0.359882
0.221657
0.155562
0.112899
0.185089
0.250533
0.293018
0.232130
0.300947
0.174438
0.200178
0.167456
0.127219
0.154793
0.118047
0.150059
0.113550
0.138107
0.120473
0.161834
0.238166
0.137633
0.194556
0.182544
0.172426
0.205740
0.187692
0.191065
0.164024
0.194615
0.210947
0.178757
0.145976
0.150473
0.170888
0.162012
0.130414
0.145148
0.129053
0.102308
0.116272
0.120769
0.124024
0.116627
0.183669
0.158994
0.212604
0.182367
0.143905
0.229112
0.203018
0.165148
0.235089
0.306509
0.177870
0.180710
0.178698
0.253077
0.192959
0.238107
0.181302
0.181953
0.169822
0.152426
0.137574
0.129053
0.155503
0.144556
0.214793
0.277633
0.234201
0.291775
0.398817
0.413550
0.194497
0.181657
0.125030
0.131657
0.131479
0.146805
0.128521
0.180651
0.156272
0.144852
0.123964
0.128757
0.143018
0.108817
0.139172
0.104497
0.156923
0.151598
0.185917
0.133964
0.163018
0.247101
0.397396
0.201538
0.198402
0.187160
0.154201
0.154083
0.158462
0.329053
0.177278
0.170473
0.133846
0.151716
0.190828
0.110533
0.114734
0.118521
0.104083
0.139290
0.121361
0.182604
0.267101
0.238935
0.247160
0.231538
0.170296
0.200178
0.183905
0.202485
0.178047
0.185976
0.155503
0.152840
0.139645
0.167751
0.183609
0.149882
0.179763
0.124911
0.119822
0.133728
0.118550
0.126849
0.182478
0.168251
0.156433
0.186560
0.150769
0.178982
0.202556
0.172124
0.194009
0.185454
0.359195
0.149497
0.235742
0.234901
0.148652
0.190645
0.167116
0.159078
0.166895
0.137755
0.134919
0.130001
0.150844
0.119144
0.151805
0.167124
0.174675
0.206959
0.159675
0.256615
0.374420
0.227396
0.236970
0.180444
0.209036
0.214905
0.455183
0.286698
0.170621
0.204846
0.185361
0.188509
0.201609
0.215793
0.211820
0.250217
0.239979
0.238025
0.238705
0.235968
0.279777
0.253220
0.235740
0.242799
0.236713
0.271510
0.225240
0.332047
0.229420
0.222254
0.231000
0.245538
0.210814
0.203670
0.210740
0.228273
0.174077
0.147039
0.153431
0.159410
0.134379
0.135444
0.118018
0.146450
0.181183
0.152219
0.132485
0.172189
0.169586
0.163580
0.189749
0.146442
0.130640
0.139994
0.180826
0.154762
0.160118
0.165296
0.150902
0.148351
0.149708
0.131511
0.145562
0.149645
0.114734
0.129822
0.116095
0.139941
0.155562
0.137041
0.151361
0.119822
0.164615
0.151716
0.175680
0.289822
0.177101
0.183491
0.202663
0.370769
0.175207
0.187988
0.164260
0.170000
0.168757
0.202663
0.115385
0.108047
0.080769
0.122959
0.109408
0.147811
0.145385
0.190178
0.167929
0.132959
0.359527
0.569882
0.353609
0.240710
0.178462
0.413787
0.221302
0.204793
0.226095
0.221420
0.155680
0.126864
0.122426
0.178876
0.108047
0.092959
0.117988
0.091834
0.135266
0.148047
0.156568
0.135444
0.146391
0.191538
0.162485
0.235917
0.258935
0.360947
0.270651
0.217515
0.207278
0.246272
0.160769
0.163254
0.178817
0.135266
0.137929
0.154793
0.140769
0.109822
0.096627
0.078521
0.154911
0.160355
0.170089
0.170192
0.135895
0.224279
0.298293
0.285360
0.168005
0.137819
0.189649
0.175801
0.183196
0.181214
0.164867
0.138173
0.146276
0.156185
0.133388
0.121073
0.130592
0.129533
0.111675
0.094716
0.128633
0.162568
0.227278
0.165929
0.299580
0.185817
0.213663
0.259095
0.217669
0.232598
0.236817
0.209189
0.208509
0.149136
0.144722
0.174497
0.280231
0.208107
0.140059
0.118166
0.124379
0.127278
0.171361
0.151006
0.111834
0.108817
0.164201
0.174615
0.133254
0.156982
0.409586
0.205680
0.310947
0.211361
0.208698
0.149172
0.180414
0.211065
0.213432
0.172899
0.140178
0.200414
0.141183
0.146509
0.131361
0.139704
0.124142
0.153787
0.117515
0.133314
0.248757
0.206982
0.148343
0.370118
0.198521
0.232722
0.374970
0.232840
0.333018
0.211657
0.171834
0.157692
0.167456
0.228994
0.194142
0.251538
0.161538
0.196568
0.146686
0.138166
0.157751
0.136095
0.130237
0.161243
0.316213
0.358343
0.144793
0.165148
0.139408
0.165799
0.119172
0.146331
0.128935
0.120769
0.216509
0.154260
0.143491
0.154201
0.161775
0.258698
0.137041
0.105266
0.134970
0.120178
0.156864
0.108107
0.129527
0.139112
0.290178
0.181006
0.177574
0.154793
0.138698
0.276805
0.414911
0.191420
0.246746
0.195976
0.175680
0.155444
0.172426
0.203669
0.226391
0.139645
0.139941
0.108047
0.135385
0.115976
0.109645
0.083077
0.140888
0.127219
0.183728
0.139527
0.152604
0.171065
0.196805
0.279231
0.219408
0.223609
0.308698
0.223136
0.228343
0.272130
0.191538
0.165740
0.170414
0.237870
0.129290
0.149053
0.115503
0.146746
0.159704
0.115266
0.127278
0.149941
0.180592
0.202781
0.252367
0.419172
0.193018
0.195148
0.181361
0.184734
0.236272
0.454556
0.369231
0.225680
0.182722
0.171834
0.156391
0.191479
0.126272
0.126331
0.138284
0.130828
0.174852
0.153136
0.133195
0.172130
0.249763
0.258698
0.153432
0.342426
0.123077
0.146568
0.162663
0.190178
0.195562
0.316923
0.252663
0.202544
0.162604
0.145089
0.170237
0.195680
0.220000
0.133728
0.114201
0.122840
0.123254
0.119882
0.130000
0.180296
0.207396
0.208402
0.168462
0.200237
0.142722
0.222308
0.180355
0.138639
0.147337
0.110710
0.231953
0.207929
0.173314
0.201716
0.179882
0.172899
0.130888
0.147041
0.116627
0.135148
0.092189
0.088047
0.119172
0.113373
0.300178
0.146331
0.220178
0.212722
0.218166
0.208757
0.434852
0.284970
0.183491
0.223077
0.230355
0.214260
0.175148
0.174793
0.186568
0.181657
0.139882
0.111302
0.105503
0.112189
0.102189
0.110769
0.103905
0.193609
0.163728
0.134615
0.219112
0.124556
0.159172
0.204675
0.202722
0.138462
0.180710
0.217041
0.215089
0.237633
0.450178
0.141893
0.118994
0.133373
0.151834
0.125562
0.123491
0.121716
0.113254
0.135976
0.143964
0.196213
0.150118
0.200118
0.135740
0.143491
0.179172
0.191657
0.169882
0.130178
0.158817
0.189290
0.189467
0.184793
0.174734
0.156154
0.153728
0.141420
0.195503
0.110414
0.119882
0.099704
0.120237
0.130178
0.127396
0.211893
0.163136
0.132544
0.173964
0.116686
0.109822
0.130533
0.174497
0.183787
0.148639
0.147574
0.143373
0.134379
0.141124
0.194083
0.172544
0.218639
0.126391
0.118284
0.117870
0.113846
0.116331
0.095148
0.154201
0.148343
0.155976
0.152604
0.137811
0.221598
0.201893
0.174970
0.180118
0.201006
0.231183
0.279231
0.435799
0.194083
0.281420
0.368462
0.197101
0.191302
0.139349
0.121716
0.121538
0.150296
0.117337
0.185444
0.132781
0.173669
0.151953
0.140828
0.191006
0.183491
0.163728
0.177219
0.175976
0.226923
0.250473
0.225503
0.184911
0.165266
0.172426
0.129763
0.129290
0.122959
0.111775
0.147278
0.110533
0.131598
0.095740
0.096568
0.110414
0.134615
0.144024
0.187988
0.134734
0.095799
0.121538
0.131243
0.309112
0.227337
0.188107
0.190710
0.161538
0.319763
0.233136
0.157870
0.127870
0.138343
0.124142
0.108107
0.146391
0.106627
0.157101
0.093432
0.087278
0.121598
0.162071
0.208817
0.119467
0.263846
0.249349
0.149822
0.245976
0.147219
0.121598
0.155444
0.136450
0.144083
0.124556
0.117988
0.165385
0.171065
0.123964
0.104438
0.106154
0.130888
0.114852
0.136213
0.116450
0.131953
0.173609
0.140533
0.125917
0.107692
0.145680
0.109112
0.155740
0.122071
0.161834
0.156036
0.201302
0.142308
0.167515
0.156509
0.163964
0.173905
0.141657
0.119941
0.148876
0.142899
0.100355
0.108935
0.099053
0.151420
0.180178
0.141302
0.142840
0.142722
0.200710
0.188462
0.163787
0.142781
0.155207
0.151361
0.218580
0.200473
0.135207
0.153728
0.163254
0.244379
0.260947
0.124556
0.127278
0.156095
0.117456
0.154438
0.119645
0.134734
0.363728
0.230414
0.164320
0.152840
0.310769
0.145207
0.147515
0.206272
0.404201
0.295917
0.191361
0.208047
0.165207
0.177870
0.157160
0.202308
0.131243
0.117101
0.124260
0.141420
0.122367
0.126213
0.113432
0.179763
0.190947
0.198225
0.157929
0.335385
0.368935
0.174379
0.171479
0.114438
0.127337
0.135266
0.176331
0.146154
0.177515
0.143728
0.197988
0.164793
0.155621
0.150828
0.115917
0.121775
0.147041
0.099645
0.129704
0.156036
0.169882
0.202130
0.134852
0.147692
0.197219
0.212367
0.219053
0.198935
0.190178
0.245562
0.192781
0.183373
0.153728
0.203550
0.184734
0.175503
0.146509
0.143254
0.158817
0.133846
0.151893
0.158343
0.126805
0.174497
0.173432
0.184083
0.151657
0.200828
0.146627
0.190178
0.315266
0.165030
0.182189
0.191124
0.405148
0.214911
0.216391
0.261065
0.161479
0.223254
0.282249
0.165503
0.182249
0.143195
0.162249
0.133846
0.148994
0.205740
0.170769
0.175799
0.173254
0.147811
0.226154
0.270059
0.141183
0.168817
0.150414
0.203018
0.388107
0.177396
0.156213
0.167751
0.165385
0.164438
0.145266
0.128284
0.154911
0.158698
0.141479
0.138402
0.139467
0.187515
0.249645
0.153728
0.176805
0.159112
0.133373
0.191065
0.125740
0.179467
0.230000
0.180237
0.205621
0.144911
0.170355
0.182249
0.168107
0.190947
0.146864
0.127160
0.114793
0.143314
0.138462
0.120828
0.148876
0.140296
0.189645
0.168639
0.180000
0.155385
0.304142
0.135680
0.148225
0.174852
0.135917
0.141243
0.199586
0.227515
0.390592
0.139467
0.186627
0.136805
0.126982
0.127456
0.141124
0.120296
0.141361
0.126923
0.161538
0.139822
0.130178
0.176686
0.267396
0.164675
0.187751
0.185089
0.186272
0.143373
0.231006
0.202189
0.169527
0.212959
0.194083
0.225858
0.170533
0.146154
0.120828
0.141716
0.120828
0.112249
0.134970
0.109053
0.133964
0.151183
0.151420
0.178225
0.223077
0.165325
0.243550
0.282071
0.188639
0.177633
0.153728
0.179231
0.133905
0.146272
0.137574
0.205917
0.197101
0.233136
0.185503
0.130651
0.120710
0.131598
0.159231
0.128817
0.130237
0.157101
0.162426
0.141065
0.153077
0.212781
0.145503
0.198225
0.187929
0.208639
0.176450
0.273728
0.242840
0.206331
0.172367
0.234852
0.207751
0.165207
0.152899
0.151302
0.114675
0.169586
0.152249
0.117988
0.119290
0.147160
0.191716
0.156036
0.179349
0.210118
0.225740
0.176509
0.256036
0.263550
0.335148
0.219941
0.186450
0.172071
0.152130
0.142781
0.164911
0.178757
0.200237
0.132426
0.129882
0.119053
0.149763
0.117692
0.121065
0.137396
0.191065
0.224675
0.181834
0.294556
0.238935
0.155917
0.193432
0.151183
0.148757
0.132663
0.149882
0.182840
0.184615
0.192840
0.158166
0.166213
0.131893
0.137101
0.152130
0.109822
0.108817
0.111183
0.133018
0.154083
0.189882
0.189586
0.145444
0.121065
0.113491
0.141420
0.199645
0.143905
0.149704
0.166864
0.243254
0.176095
0.167929
0.331716
0.138580
0.242130
0.196686
0.146864
0.115385
0.145562
0.112544
0.106036
0.090947
0.136923
0.201124
0.131183
0.145976
0.278817
0.156391
0.161302
0.115740
0.187574
0.128284
0.136272
0.183846
0.124911
0.164320
0.164911
0.164734
0.142426
0.109645
0.107101
0.130237
0.146391
0.088639
0.115799
0.114438
0.141716
0.239290
0.164379
0.142663
0.137574
0.184675
0.214201
0.132663
0.171538
0.160355
0.206450
0.200000
0.168935
0.138698
0.143964
0.178047
0.169349
0.162130
0.152663
0.214556
0.147101
0.134615
0.125207
0.123964
0.222012
0.183609
0.144201
0.167988
0.179941
0.189941
0.219408
0.178107
0.359112
0.189349
0.258817
0.212722
0.151065
0.194379
0.135089
0.165562
0.167988
0.116450
0.118817
0.116568
0.124675
0.155976
0.123787
0.171953
0.156095
0.171657
0.150355
0.169172
0.259882
0.322426
0.257870
0.204438
0.181183
0.325740
0.247929
0.251420
0.160769
0.144793
0.153964
0.164379
0.224201
0.145503
0.180651
0.120828
0.141893
0.148935
0.133373
0.139112
0.167101
0.234497
0.245976
0.345740
0.284556
0.201479
0.188166
0.465089
0.280237
0.217337
0.235503
0.234320
0.157219
0.166509
0.214083
0.190710
0.181183
0.175680
0.141893
0.145917
0.142544
0.141479
0.155917
0.128047
0.142840
0.193432
0.139704
0.177988
0.188639
0.186509
0.277692
0.445444
0.332189
0.230947
0.220000
0.245207
0.207929
0.231598
0.256627
0.227811
0.199349
0.140237
0.135858
0.158462
0.121775
0.122604
0.152012
0.144852
0.162663
0.164734
0.258402
0.150651
0.164142
0.142840
0.197929
0.207692
0.148521
0.200059
0.256627
0.239763
0.231243
0.227219
0.234911
0.229112
0.186864
0.147692
0.155917
0.115680
0.138166
0.154260
0.145680
0.152249
0.157396
0.171006
0.208580
0.327456
0.315355
0.303254
0.217929
0.192308
0.214201
0.174734
0.215799
0.194142
0.268402
0.367278
0.175444
0.194793
0.174852
0.142544
0.144852
0.137456
0.158225
0.140178
0.140000
0.179527
0.202071
0.161361
0.161479
0.175917
0.149290
0.142249
0.134852
0.169467
0.156686
0.229882
0.227101
0.154320
0.172544
0.191834
0.198935
0.170059
0.164201
0.124970
0.153373
0.138580
0.133136
0.144142
0.177337
0.151953
0.170178
0.237101
0.199349
0.188225
0.225976
0.254556
0.207633
0.267692
0.252485
0.223905
0.196154
0.188817
0.194911
0.148462
0.261479
0.339467
0.170888
0.189053
0.118994
0.155385
0.133491
0.129704
0.158876
0.192278
0.230932
0.203277
0.212319
0.203846
0.147633
0.188639
0.148994
0.153254
0.197515
0.216805
0.210533
0.166982
0.150059
0.199645
0.183728
0.210592
0.160828
0.173669
0.137160
0.133077
0.146331
0.157515
0.135444
0.161361
0.240178
0.155976
0.157515
0.227396
0.262130
0.170592
0.172544
0.188521
0.181538
0.215148
0.148343
0.210473
0.182663
0.227515
0.170296
0.152544
0.174793
0.161716
0.148757
0.131834
0.130947
0.143077
0.130769
0.136331
0.184438
0.118225
0.130473
0.162012
0.226509
0.220237
0.203136
0.192959
0.168580
0.169053
0.154467
0.115784
0.152604
0.132130
0.127870
0.154497
0.183994
0.161834
0.119172
0.130355
0.138284
0.135858
0.124201
0.151953
0.149763
0.147278
0.184379
0.149349
0.168107
0.214024
0.371065
0.132663
0.170769
0.206331
0.169349
0.128935
0.302722
0.149231
0.152899
0.154615
0.304438
0.148698
0.162308
0.165325
0.132781
0.140592
0.157692
0.161243
0.165503
0.173195
0.246154
0.189467
0.430296
0.249053
0.173905
0.117515
0.153136
0.146272
0.111243
0.118047
0.173669
0.178817
0.216213
0.178343
0.114142
0.123550
0.117041
0.104615
0.157870
0.104970
0.146864
0.127870
0.134615
0.120710
0.143314
0.155621
0.270769
0.280769
0.230355
0.321538
0.254024
0.186568
0.162604
0.200296
0.136509
0.171243
0.143432
0.211479
0.135089
0.137574
0.130059
0.118462
0.152012
0.129763
0.146036
0.175799
0.214201
0.158166
0.190473
0.165325
0.145207
0.153846
0.148107
0.191479
0.299290
0.149349
0.215385
0.152722
0.230355
0.157456
0.310592
0.163728
0.163018
0.111124
0.121598
0.143669
0.113254
0.157515
0.133964
0.170888
0.184438
0.278402
0.225858
0.156213
0.155799
0.167870
0.167101
0.238284
0.256095
0.175444
0.160592
0.157101
0.157811
0.129112
0.164320
0.123077
0.146331
0.130000
0.115385
0.110947
0.157337
0.135621
0.144615
0.167041
0.130178
0.126154
0.192367
0.212959
0.137160
0.167041
0.194142
0.171065
0.164379
0.205030
0.133491
0.161361
0.149349
0.196568
0.166450
0.156331
0.138107
0.109527
0.117811
0.157041
0.145385
0.109527
0.126154
0.135030
0.154024
0.126154
0.128521
0.139822
0.139704
0.160651
0.206686
0.182959
0.265444
0.185207
0.204379
0.194497
0.166331
0.147515
0.145799
0.158521
0.143491
0.168166
0.128047
0.168107
0.111716
0.107337
0.120769
0.113550
0.147929
0.139467
0.140592
0.157396
0.460473
0.397456
0.186627
0.188521
0.143905
0.179172
0.154793
0.107574
0.133018
0.150414
0.146213
0.193077
0.140888
0.145621
0.124675
0.105266
0.118935
0.143018
0.118166
0.155030
0.138047
0.129586
0.203550
0.292722
0.201834
0.158698
0.124734
0.114675
0.205680
0.162189
0.145385
0.083314
0.168521
0.140237
0.193432
0.158047
0.146213
0.118698
0.117751
0.108047
0.103905
0.099172
0.147988
0.178225
0.132130
0.130592
0.152840
0.343432
0.137219
0.143905
0.211302
0.203964
0.184201
0.191243
0.096627
0.092367
0.128402
0.176982
0.199645
0.135917
0.134911
0.146272
0.128935
0.125740
0.172308
0.147633
0.120414
0.171006
0.128876
0.131183
0.315976
0.345207
0.162485
0.162130
0.163550
0.180769
0.169763
0.165148
0.178402
0.245325
0.221124
0.228225
0.192249
0.175858
0.154970
0.165207
0.137515
0.146923
0.124911
0.131420
0.137219
0.164970
0.150355
0.198047
0.142840
0.123077
0.208462
0.171953
0.155680
0.285207
0.153787
0.158817
0.169941
0.194970
0.202426
0.167515
0.310710
0.217870
0.146686
0.171834
0.156450
0.139645
0.132781
0.116627
0.143550
0.164793
0.167988
0.203195
0.148580
0.159349
0.138225
0.149408
0.170059
0.160888
0.163077
0.149467
0.202130
0.175444
0.192249
0.152189
0.179172
0.169408
0.141657
0.138994
0.146568
0.124379
0.103432
0.157870
0.147219
0.156686
0.210059
0.153254
0.169882
0.153491
0.208521
0.128935
0.129882
0.138107
0.143136
0.151479
0.175089
0.177870
0.178876
0.310947
0.314675
0.262604
0.151302
0.149290
0.109053
0.116805
0.131479
0.160118
0.120947
0.173491
0.162012
0.196036
0.149704
0.138757
0.175266
0.179704
0.142899
0.152840
0.180059
0.154379
0.200059
0.149941
0.184260
0.345917
0.249112
0.185325
0.120178
0.152840
0.132367
0.120888
0.121953
0.119231
0.126805
0.174852
0.233373
0.268462
0.145089
0.150828
0.181479
0.173550
0.198462
0.262840
0.343018
0.289231
0.267337
0.217041
0.156391
0.204793
0.216923
0.174201
0.120473
0.114793
0.133609
0.114911
0.110178
0.112426
0.183254
0.192544
0.137337
0.139941
0.161538
0.177219
0.274142
0.181243
0.185976
0.176272
0.140947
0.144615
0.168521
0.166154
0.162899
0.185858
0.172426
0.193964
0.155089
0.110888
0.113609
0.143669
0.108639
0.129586
0.149467
0.157929
0.227219
0.175917
0.198107
0.310414
0.251302
0.205148
0.185917
0.244734
0.182426
0.194911
0.229882
0.173728
0.176805
0.171834
0.185385
0.204852
0.171716
0.155148
0.156568
0.142899
0.133314
0.160355
0.170473
0.198639
0.237929
0.232012
0.243314
0.197160
0.143964
0.174379
0.141124
0.161479
0.147811
0.182071
0.127337
0.193491
0.159882
0.150651
0.148580
0.155444
0.140947
0.153314
0.111479
0.121893
0.111183
0.099172
0.168580
0.166450
0.169527
0.238521
0.404201
0.362959
0.247870
0.176686
0.215799
0.191953
0.131302
0.140828
0.169704
0.124320
0.173846
0.180769
0.132367
0.129763
0.142308
0.117101
0.106627
0.113669
0.112012
0.105858
0.218580
0.121065
0.281065
0.184379
0.183314
0.224320
0.169763
0.167811
0.153609
0.141479
0.136923
0.154320
0.167988
0.262012
0.223905
0.141953
0.137811
0.133195
0.164675
0.095266
0.108757
0.095799
0.092071
0.132604
0.097633
0.227041
0.115089
0.186154
0.172959
0.149882
0.098817
0.254793
0.131065
0.214438
0.160651
0.112604
0.110710
0.115621
0.169882
0.169704
0.216923
0.277751
0.129053
0.108580
0.120473
0.135621
0.118817
0.104793
0.165089
0.174379
0.147633
0.154675
0.206154
0.182249
0.307456
0.270237
0.154024
0.155030
0.248935
0.155562
0.273609
0.213787
0.176272
0.152781
0.158935
0.155976
0.155207
0.127751
0.116982
0.121124
0.108225
0.150355
0.177988
0.158462
0.166746
0.176805
0.239231
0.178343
0.186864
0.164556
0.150710
0.123195
0.183077
0.163846
0.170592
0.124793
0.140355
0.176154
0.173254
0.151065
0.122071
0.140888
0.134201
0.142899
0.127574
0.117101
0.133905
0.174438
0.181598
0.284615
0.396627
0.270473
0.288225
0.163373
0.160769
0.135385
0.211775
0.136568
0.134201
0.115740
0.191598
0.144083
0.347633
0.124970
0.152840
0.118107
0.112071
0.119645
0.156509
0.114556
0.126746
0.164734
0.136568
0.293609
0.211953
0.225325
0.206982
0.342663
0.226509
0.165621
0.166036
0.186864
0.152899
0.117751
0.130178
0.170828
0.140533
0.173195
0.141834
0.134911
0.118343
0.129231
0.108462
0.113728
0.152012
0.204615
0.218876
0.210651
0.212959
0.266272
0.213964
0.138580
0.184793
0.228343
0.173018
0.225562
0.221657
0.179763
0.156095
0.137751
0.157574
0.183077
0.146036
0.154260
0.152367
0.113964
0.106627
0.124793
0.126154
0.166391
0.149704
0.117929
0.227811
0.170947
0.228994
0.270059
0.326154
0.185562
0.214793
0.178284
0.180533
0.129467
0.165740
0.193018
0.172663
0.182426
0.134320
0.134083
0.160237
0.146746
0.131124
0.131598
0.124142
0.237278
0.186213
0.230296
0.202959
0.242959
0.238343
0.134201
0.157811
0.157101
0.151420
0.157101
0.125266
0.154734
0.190296
0.161361
0.171420
0.147811
0.140473
0.148107
0.127160
0.115266
0.113314
0.145621
0.128462
0.163491
0.140651
0.206331
0.178994
0.135917
0.164497
0.151538
0.119112
0.125680
0.176686
0.124615
0.115680
0.139231
0.141893
0.197041
0.149231
0.163964
0.141420
0.143136
0.123432
0.127101
0.129822
0.131006
0.164438
0.252899
0.215444
0.168757
0.275621
0.165030
0.362485
0.211006
0.230414
0.253432
0.164852
0.206568
0.156568
0.138580
0.230888
0.254793
0.196331
0.171657
0.139763
0.138935
0.163018
0.156391
0.116450
0.135976
0.111479
0.270947
0.178817
0.229704
0.220118
0.210237
0.186686
0.312899
0.252189
0.278935
0.327041
0.209053
0.416923
0.217041
0.214675
0.188639
0.205444
0.198225
0.158166
0.136746
0.134970
0.122604
0.180296
0.120533
0.162781
0.212367
0.164024
0.206923
0.193964
0.210888
0.456272
0.336982
0.220237
0.205385
0.359704
0.214260
0.288107
0.215207
0.167929
0.215562
0.205444
0.248698
0.194734
0.180473
0.165621
0.166213
0.162840
0.187988
0.227160
0.194024
0.277692
0.229408
0.210651
0.148580
0.404615
0.337396
0.230355
0.170355
0.410059
0.154911
0.275148
0.169822
0.152604
0.133787
0.140237
0.153491
0.147515
0.154615
0.166213
0.116805
0.127515
0.168107
0.171657
0.149704
0.182071
0.157811
0.213905
0.164438
0.133018
0.128817
0.176805
0.118402
0.189763
0.146923
0.173846
0.206420
0.188772
0.167167
0.142371
0.138138
0.192899
0.130888
0.148166
0.151006
0.126331
0.143905
0.130888
0.266213
0.232663
0.256627
0.168994
0.174852
0.169763
0.165444
0.158876
0.159527
0.163728
0.176982
0.190000
0.166864
0.120592
0.195562
0.155740
0.139704
0.129763
0.141834
0.122308
0.122012
0.136154
0.152781
0.123609
0.163846
0.144675
0.164793
0.179645
0.141420
0.145917
0.176095
0.171006
0.148343
0.144438
0.241953
0.211598
0.180237
0.160710
0.285858
0.329408
0.158994
0.242249
0.151657
0.126154
0.142604
0.138284
0.138817
0.159822
0.161775
0.221006
0.392959
0.208284
0.351302
0.218580
0.196864
0.210118
0.226805
0.188462
0.234970
0.187041
0.276391
0.222485
0.201657
0.195740
0.229527
0.174083
0.177278
0.164320
0.142722
0.166331
0.152781
0.215030
0.190828
0.221183
0.220237
0.230178
0.274320
0.267574
0.289467
0.298994
0.289290
0.295680
0.322485
0.265740
0.238994
0.176095
0.368698
0.190178
0.240710
0.160118
0.185680
0.166331
0.148757
0.180000
0.139172
0.235266
0.200178
0.267337
0.209941
0.261953
0.244438
0.271598
0.267870
0.244556
0.238284
0.223432
0.232426
0.280947
0.198343
0.188994
0.215976
0.169882
0.211006
0.178580
0.132426
0.174852
0.135740
0.150355
0.135680
0.205503
0.225325
0.181479
0.360414
0.438935
0.287337
0.374142
0.309231
0.348580
0.200118
0.203609
0.266154
0.214260
0.202130
0.213846
0.226568
0.208047
0.174320
0.175917
0.159408
0.161183
0.205976
0.162604
0.112959
0.213195
0.162367
0.210888
0.214852
0.252249
0.281065
0.268225
0.299941
0.310888
0.281953
0.278107
0.272840
0.402012
0.292071
0.208757
0.215030
0.222189
0.236272
0.170414
0.157278
0.182189
0.146627
0.187278
0.146154
0.162485
0.201716
0.251183
0.298343
0.268462
0.248817
0.264734
0.279645
0.272485
0.277219
0.283373
0.350888
0.283609
0.327219
0.431893
0.276805
0.222959
0.239704
0.142840
0.147219
0.145858
0.140414
0.168994
0.185148
0.148225
0.166272
0.237633
0.212959
0.184497
0.233077
0.279112
0.283964
0.246154
0.345562
0.391243
0.479704
0.495740
0.282426
0.258935
0.352071
0.185680
0.350710
0.140710
0.132249
0.180059
0.129172
0.136509
0.162367
0.185562
0.178107
0.242189
0.209527
0.163314
0.265799
0.338402
0.202071
0.204793
0.254970
0.435740
0.188876
0.190710
0.129112
0.172367
0.401420
0.189290
0.213669
0.152899
0.166095
0.145799
0.143077
0.119172
0.126805
0.211775
0.196982
0.162308
0.208639
0.121124
0.144260
0.158343
0.193728
0.217751
0.195503
0.335385
0.269527
0.183550
0.154142
0.151420
0.300355
0.213846
0.164734
0.161775
0.117456
0.123077
0.167751
0.130592
0.137988
0.164852
0.380947
0.185030
0.169527
0.160118
0.119882
0.182959
0.128876
0.136213
0.115030
0.162367
0.168047
0.175799
0.102426
0.148107
0.151065
0.168639
0.179053
0.156095
0.113728
0.142308
0.129349
0.118225
0.126272
0.136154
0.256568
0.203254
0.284201
0.243314
0.156095
0.137574
0.171006
0.133905
0.145503
0.136213
0.204852
0.147515
0.176864
0.163491
0.183195
0.189941
0.151065
0.156509
0.162249
0.144793
0.110651
0.107633
0.104852
0.121834
0.117811
0.114734
0.176450
0.134260
0.148402
0.222189
0.185858
0.194083
0.187160
0.239349
0.276450
0.373136
0.211953
0.286627
0.493314
0.586509
0.723964
0.176686
0.160888
0.159704
0.160651
0.210651
0.161065
0.170769
0.138876
0.227278
0.278107
0.280178
0.222189
0.191124
0.143669
0.142840
0.141953
0.156923
0.182249
0.207515
0.395680
0.269112
0.381302
0.143728
0.161953
0.199586
0.150888
0.130355
0.106923
0.111775
0.104675
0.151006
0.168580
0.177929
0.159704
0.318994
0.150059
0.292071
0.313254
0.171006
0.153580
0.172692
0.222722
0.206450
0.168225
0.181006
0.156036
0.162544
0.197633
0.180828
0.165799
0.156864
0.133314
0.138698
0.136272
0.138225
0.117278
0.171598
0.170473
0.175976
0.134260
0.219053
0.158462
0.162308
0.239349
0.436154
0.506509
0.443728
0.304852
0.330000
0.310473
0.146450
0.161302
0.127278
0.117101
0.143550
0.136272
0.112012
0.112189
0.121716
0.158521
0.136864
0.132959
0.141716
0.211183
0.155769
0.168402
0.155414
0.134689
0.148143
0.250551
0.246925
0.251361
0.184260
0.158521
0.231538
0.252840
0.148462
0.157160
0.158047
0.160710
0.203846
0.165858
0.131657
0.190000
0.278935
0.165799
0.272544
0.346923
0.167041
0.158876
0.274260
0.259231
0.226331
0.197870
0.170888
0.189645
0.258935
0.155503
0.321598
0.186213
0.176509
0.111657
0.118047
0.124675
0.122959
0.159053
0.139763
0.178639
0.169112
0.147811
0.137692
0.141598
0.127692
0.129527
0.147929
0.163787
0.167692
0.176923
0.240710
0.192101
0.211287
0.199527
0.193432
0.256272
0.146272
0.129290
0.167278
0.142189
0.118521
0.148935
0.134379
0.177692
0.128698
0.138166
0.180888
0.134320
0.162012
0.175858
0.188402
0.179290
0.278876
0.375030
0.308521
0.403550
0.571065
0.623018
0.597278
0.552663
0.560059
0.500118
0.492308
0.495976
0.508047
0.491420
0.505621
0.639586
0.514320
0.582899
0.556805
0.516509
0.530828
0.567929
0.590828
0.570651
0.562308
0.719408
0.758402
0.656095
0.656095
0.656095
0.553787
0.417278
0.383373
0.242189
0.202959
0.149704
0.150828
0.151893
0.147041
0.294142
0.429822
0.332781
0.206213
0.199645
0.300888
0.180355
0.218284
0.202249
0.340651
0.303550
0.257160
0.355148
0.393018
0.450947
0.281953
0.419408
0.414970
0.375858
0.423964
0.235266
0.138639
0.158462
0.118107
0.111716
0.143077
0.142604
0.195444
0.213550
0.181479
0.171479
0.152071
0.214320
0.343787
0.449704
0.532959
0.582840
0.590710
0.405858
0.288698
0.223284
0.212559
0.207197
0.204516
0.201834
0.172189
0.144675
0.106509
0.283195
0.235030
0.282041
0.305547
0.317300
0.329053
0.225385
0.168876
0.152071
0.218166
0.155148
0.282485
0.531538
0.360355
0.265148
0.541420
0.158757
0.157929
0.190355
0.127929
0.135385
0.158225
0.136213
0.147574
0.144024
0.125148
0.165089
0.196095
0.157219
0.223254
0.204852
0.414734
0.246627
0.144142
0.171775
0.159527
0.154734
0.190651
0.193846
0.164852
0.155089
0.144379
0.146095
0.128698
0.115503
0.140473
0.116686
0.116923
0.115325
0.154379
0.147101
0.129290
0.172781
0.226805
0.187870
0.189941
0.170710
0.189704
0.206568
0.191716
0.239172
0.186686
0.182308
0.172426
0.147574
0.147988
0.133077
0.158580
0.114320
0.152959
0.167456
0.121834
0.147101
0.147870
0.128876
0.257456
0.277870
0.321893
0.351183
0.404024
0.365976
0.306272
0.242544
0.189467
0.255325
0.193787
0.178343
0.202663
0.174142
0.135030
0.169822
0.132959
0.124852
0.138047
0.139941
0.187278
0.159231
0.235917
0.167751
0.167574
0.170592
0.152544
0.171893
0.203491
0.223314
0.162249
0.297870
0.276213
0.166036
0.198698
0.219645
0.203609
0.179645
0.172012
0.158935
0.145385
0.132485
0.141243
0.127160
0.187574
0.295030
0.159941
0.182840
0.189112
0.143846
0.162130
0.163787
0.188994
0.156509
0.375089
0.483018
0.356627
0.331479
0.197870
0.220651
0.156331
0.132426
0.134911
0.127337
0.146509
0.129349
0.150296
0.111479
0.129586
0.135266
0.201716
0.232249
0.149467
0.126686
0.165858
0.271302
0.134556
0.212544
0.187692
0.143787
0.171124
0.187870
0.154852
0.162130
0.219763
0.188521
0.393195
0.231479
0.146686
0.142012
0.125385
0.153314
0.171893
0.187396
0.297337
0.139172
0.166923
0.198462
0.203018
0.129467
0.149053
0.128698
0.130769
0.191361
0.338284
0.236982
0.125799
0.173491
0.272722
0.131953
0.119231
0.159822
0.112249
0.108698
0.103018
0.105444
0.111657
0.175207
0.133254
0.141538
0.153018
0.183905
0.151657
0.118284
0.144142
0.204497
0.152485
0.202840
0.253787
0.187456
0.206450
0.245562
0.288343
0.218166
0.114675
0.096154
0.078521
0.111598
0.088225
0.074734
0.128166
0.133254
0.165385
0.160059
0.195089
0.148994
0.135799
0.130651
0.114142
0.111775
0.117574
0.116627
0.147929
0.193254
0.138462
0.141893
0.253373
0.236746
0.127692
0.085148
0.113195
0.101657
0.098876
0.167456
0.099231
0.093550
0.098166
0.193254
0.139172
0.166923
0.189172
0.438935
0.226095
0.165858
0.207751
0.136686
0.177515
0.197160
0.128225
0.258935
0.180947
0.149527
0.117870
0.098166
0.096450
0.155325
0.127101
0.094438
0.108935
0.124970
0.126982
0.120237
0.150769
0.140355
0.150473
0.112308
0.139408
0.107337
0.122899
0.126036
0.324438
0.207160
0.148698
0.161420
0.149172
0.162367
0.155266
0.117337
0.093195
0.102367
0.132367
0.107160
0.107751
0.160355
0.269763
0.297988
0.128876
0.199408
0.399586
0.304320
0.182189
0.133550
0.185207
0.199231
0.173609
0.215740
0.241716
0.202130
0.220710
0.147101
0.112485
0.097929
0.109763
0.128225
0.128047
0.088876
0.098698
0.125089
0.132186
0.157333
0.107450
0.085722
0.073639
0.123470
0.084806
0.086412
0.102307
0.079760
0.103333
0.104909
0.209549
0.209159
0.084103
0.279975
0.172967
0.093764
0.063924
0.121509
0.079266
0.077686
0.082047
0.056107
0.081124
0.059396
0.053805
0.068550
0.083237
0.077355
0.127527
0.081296
0.126337
0.159574
0.125550
0.076550
0.098846
0.128651
0.127911
0.134192
0.086978
0.071302
0.117396
0.094586
0.114009
0.113691
0.120928
0.118482
0.118205
0.113689
0.137584
0.137993
0.123789
0.123108
0.187560
0.118632
0.133133
0.125915
0.143135
0.242721
0.228698
0.225414
0.219985
0.173484
0.136416
0.135989
0.128941
0.127337
0.166923
0.136598
0.122559
0.110688
0.174989
0.125276
0.138525
0.113612
0.153048
0.284483
0.332567
0.350958
0.304207
0.254618
0.322664
0.393137
0.368935
0.418048
0.342130
0.214260
0.226095
0.183965
0.182130
0.154497
0.197337
0.179290
0.159763
0.155680
0.139527
0.146213
0.150710
0.128639
0.136627
0.167870
0.287633
0.292426
0.253254
0.293669
0.263964
0.345799
0.316154
0.342485
0.423669
0.257396
0.306272
0.168166
0.182544
0.173136
0.147396
0.168166
0.161302
0.128107
0.134970
0.168402
0.141420
0.134320
0.162663
0.336746
0.323195
0.216686
0.208757
0.297515
0.359882
0.425503
0.425385
0.393314
0.614083
0.359704
0.244201
0.182189
0.199172
0.161657
0.147515
0.134675
0.181183
0.123254
0.113373
0.110888
0.118817
0.150237
0.147278
0.189172
0.222544
0.267219
0.365976
0.431657
0.580592
0.588698
0.524320
0.440533
0.411243
0.392663
0.437988
0.198876
0.169467
0.120237
0.225799
0.295858
0.169763
0.239231
0.304852
0.166834
0.159926
0.192596
0.243432
0.320970
0.327787
0.457379
0.543568
0.586479
0.612018
0.735574
0.541970
0.379728
0.319391
0.412320
0.322047
0.198183
0.151488
0.157075
0.129882
0.127278
0.168225
0.125444
0.263254
0.150710
0.253077
0.286686
0.343432
0.229408
0.203728
0.517101
0.528876
0.635917
0.669053
0.988521
0.815325
0.565562
0.447574
0.566331
0.260000
0.197751
0.126331
0.215385
0.210059
0.168343
0.137337
0.281183
0.273018
0.191479
0.121953
0.254497
0.290710
0.393373
0.479645
0.528521
0.804970
0.574024
0.534556
0.570710
0.678994
0.382130
0.313195
0.249822
0.205207
0.206627
0.158580
0.124142
0.131657
0.106686
0.105740
0.321124
0.255444
0.098817
0.149586
0.133432
0.115917
0.165917
0.215089
0.364201
0.563373
0.694201
0.859172
0.824734
0.760296
0.674793
0.571893
0.530651
0.516272
0.473077
0.257101
0.149172
0.136568
0.139645
0.152485
0.095266
0.106982
0.236864
0.199053
0.325503
0.266154
0.298817
0.332249
0.498402
0.804438
0.658817
0.598817
0.775740
0.657219
0.648817
0.666805
0.608284
0.578580
0.465089
0.440059
0.498462
0.239941
0.219053
0.336627
0.171361
0.198107
0.451893
0.257219
0.243550
0.320414
0.247278
0.381183
0.595562
0.712663
0.537692
0.752130
0.807219
0.862189
0.823195
0.687870
0.916509
0.746686
0.421361
0.220651
0.247456
0.263077
0.387337
0.271420
0.242899
0.184970
0.257870
0.402959
0.550000
0.426450
0.415207
0.372663
0.297633
0.325976
0.295799
0.291479
0.434970
0.506923
0.490828
0.497633
0.313787
0.332722
0.223432
0.154556
0.128047
0.139290
0.161538
0.164201
0.298343
0.420118
0.256686
0.261834
0.322722
0.429290
0.492308
0.589231
0.818698
0.972722
1.000000
0.790118
0.901538
0.764675
0.710059
0.612722
0.696450
0.500710
0.290769
0.210533
0.237041
0.214142
0.176036
0.158225
0.152426
0.170118
0.129231
0.153314
0.148107
0.194260
0.157811
0.268284
0.270769
0.418107
0.482071
0.486509
0.728935
0.639408
0.463846
0.463432
0.497692
0.318047
0.235799
0.208994
0.150888
0.181124
0.135385
0.143136
0.200710
0.265976
0.195089
0.215680
0.209527
0.176627
0.159112
0.321183
0.450592
0.649586
0.844320
0.693491
0.902663
0.969112
0.734024
0.741124
0.558817
0.544675
0.353728
0.152485
0.134704
0.105754
0.113883
0.168243
0.115986
0.101425
0.130533
0.137893
0.159284
0.276846
0.369018
0.563059
0.457402
0.478633
0.433858
0.609633
0.683811
0.618988
0.404284
0.471414
0.533444
0.484219
0.312435
0.201365
0.216777
0.171614
0.232256
0.159353
0.132191
0.153610
0.200977
0.130074
0.157345
0.170118
0.258284
0.268698
0.405680
0.428935
0.416716
0.370932
0.494963
0.412659
0.304406
0.279097
0.229105
0.398458
0.315915
0.349466
0.165207
0.134379
0.162899
0.167840
0.142056
0.126857
0.369257
0.292972
0.149977
0.183006
0.214136
0.168873
0.151419
0.129940
0.132485
0.146568
0.291361
0.252130
0.341746
0.343950
0.254342
0.318621
0.197742
0.141031
0.138977
0.154488
0.152067
0.150116
0.151656
0.162721
0.135148
0.177278
0.149763
0.142899
0.147751
0.139763
0.145976
0.179053
0.170828
0.196805
0.338728
0.249038
0.310000
0.371006
0.220710
0.392249
0.210621
0.136169
0.125836
0.126764
0.125690
0.202727
0.154379
0.114675
0.167337
0.175385
0.174497
0.266391
0.345000
0.378240
0.384793
0.300899
0.595822
0.497751
0.845793
0.771888
0.458680
0.418544
0.370503
0.474497
0.436627
0.243964
0.222929
0.175237
0.151287
0.162093
0.169608
0.168295
0.194000
0.150355
0.151243
0.149822
0.178935
0.198728
0.221849
0.352256
0.269294
0.233197
0.461983
0.397589
0.506073
0.579752
0.565912
0.399169
0.212129
0.208165
0.269704
0.189231
0.158491
0.166849
0.295939
0.430710
0.224793
0.250207
0.243062
0.199460
0.325322
0.309761
0.422336
0.290592
0.336982
0.572071
0.539586
0.803077
0.500947
0.529290
0.459882
0.397101
0.211065
0.217633
0.163136
0.179763
0.189467
0.162485
0.192781
0.222840
0.194379
0.188876
0.238462
0.225266
0.217515
0.247751
0.262308
0.313964
0.391479
0.380000
0.593609
0.398107
0.436331
0.374142
0.291065
0.284260
0.188166
0.196805
0.218047
0.190296
0.198876
0.216450
0.161183
0.213136
0.210888
0.187160
0.213964
0.238876
0.373669
0.282781
0.241243
0.331657
0.232781
0.374260
0.385858
0.470414
0.332189
0.283018
0.251598
0.161538
0.149249
0.155669
0.143438
0.133201
0.134592
0.144260
0.167692
0.145148
0.198870
0.163509
0.150828
0.157515
0.175757
0.167349
0.170444
0.173923
0.197882
0.240858
0.286751
0.288574
0.290864
0.243278
0.220136
0.166722
0.246864
0.207041
0.182604
0.166154
0.175325
0.213905
0.140947
0.127751
0.174852
0.244793
0.260118
0.192781
0.189231
0.250769
0.199586
0.211065
0.302604
0.379112
0.514142
0.601834
0.343373
0.277219
0.241657
0.288402
0.168402
0.152189
0.144556
0.195148
0.138521
0.150355
0.129112
0.300325
0.435666
0.451146
0.455692
0.634384
0.677370
0.623241
0.619194
0.626402
0.466337
0.536272
0.612207
0.823811
0.789095
0.458864
0.442527
0.453030
0.232077
0.227991
0.177753
0.198374
0.164216
0.191250
0.197134
0.210017
0.190955
0.167253
0.263508
0.247523
0.172844
0.196452
0.293729
0.393373
0.395266
0.485308
0.698494
0.624141
0.445662
0.549618
0.518253
0.572245
0.324166
0.199101
0.193000
0.173101
0.168225
0.156432
0.328361
0.274521
0.237811
0.260716
0.338379
0.397071
0.396373
0.478893
0.372379
0.259988
0.321609
0.306012
0.422633
0.444201
0.560302
0.318633
0.499189
0.286006
0.131479
0.114260
0.134852
0.134556
0.143846
0.111124
0.216568
0.152840
0.195976
0.191183
0.241302
0.223728
0.287633
0.201893
0.223077
0.382604
0.473195
0.341657
0.480533
0.526036
0.392663
0.510414
0.436272
0.327515
0.189586
0.164024
0.150592
0.137870
0.154201
0.127396
0.184615
0.223905
0.162012
0.172308
0.198757
0.176686
0.234320
0.257337
0.257456
0.179231
0.175325
0.505266
0.767337
0.548462
0.452604
0.577456
0.332544
0.574497
0.187337
0.140710
0.155740
0.155976
0.195325
0.136805
0.137337
0.159467
0.289763
0.236272
0.346331
0.325562
0.250592
0.326450
0.376864
0.379408
0.651746
0.764541
0.794024
0.656036
0.585562
0.651775
0.556154
0.519882
0.177751
0.172189
0.165148
0.175207
0.209586
0.129112
0.124793
0.115562
0.181479
0.266982
0.364320
0.179763
0.188994
0.403195
0.425266
0.415444
0.581124
0.888462
0.863018
0.815385
0.658284
0.820118
0.693314
0.669822
0.258225
0.272426
0.178402
0.212604
0.157870
0.140237
0.260118
0.385030
0.347160
0.276686
0.271361
0.193609
0.353669
0.429882
0.484201
0.770769
0.745858
0.925976
0.990059
0.954320
0.969467
0.674142
0.449704
0.476686
0.521893
0.275621
0.218876
0.197870
0.160355
0.194615
0.201124
0.153195
0.238343
0.203314
0.285207
0.210888
0.374438
0.403373
0.510828
0.816746
0.967751
0.835207
0.861479
0.733728
0.512604
0.686686
0.737988
0.650178
0.323787
0.230947
0.224379
0.245976
0.217456
0.151361
0.244852
0.191834
0.171953
0.222485
0.389112
0.556272
0.788757
0.865799
0.817219
0.882071
0.912485
0.755976
0.817692
0.873373
0.847278
0.769053
0.783787
0.438462
0.352899
0.348047
0.212544
0.291302
0.184260
0.343077
0.206982
0.160355
0.192544
0.224793
0.328166
0.322781
0.355503
0.446272
0.430473
0.489586
0.642840
0.915621
0.981953
0.885799
0.647278
0.460651
0.347633
0.374556
0.307041
0.220769
0.172249
0.173491
0.125325
0.151006
0.116154
0.102130
0.121893
0.224675
0.119645
0.143136
0.239172
0.240473
0.442189
0.409053
0.445621
0.638462
0.742604
0.731775
0.529527
0.573373
0.409763
0.431834
0.279941
0.242071
0.172426
0.175089
0.195740
0.163432
0.151006
0.170178
0.163964
0.152308
0.182249
0.219822
0.331243
0.239941
0.231065
0.478284
0.437456
0.591006
0.757278
0.701953
0.815266
0.597337
0.632130
0.590710
0.495976
0.393195
0.326036
0.245385
0.253195
0.313669
0.194201
0.137396
0.174142
0.201006
0.527396
0.445207
0.332544
0.322130
0.434556
0.428580
0.376923
0.468757
0.702604
0.532071
0.505266
0.576805
0.573254
0.297929
0.236805
0.233077
0.166036
0.185858
0.174911
0.140592
0.152071
0.230592
0.334556
0.174497
0.220947
0.241716
0.306627
0.391953
0.412722
0.405266
0.468343
0.720059
0.666213
0.752604
0.662604
0.509527
0.512604
0.333314
0.397456
0.329172
0.264024
0.322722
0.203314
0.207396
0.288047
0.181243
0.194201
0.279112
0.587101
0.559704
0.442071
0.664320
0.479763
0.620710
0.717811
0.692189
0.782840
0.493964
0.523846
0.534438
0.392840
0.325089
0.198462
0.232012
0.254615
0.219467
0.204201
0.202840
0.262959
0.136627
0.175030
0.198284
0.164379
0.151775
0.182604
0.249172
0.378698
0.278639
0.367041
0.469408
0.532426
0.561775
0.473195
0.403373
0.311243
0.204024
0.177633
0.168107
0.142722
0.157219
0.185030
0.124438
0.120355
0.156627
0.153787
0.162663
0.320178
0.190710
0.132189
0.129527
0.254911
0.293432
0.347692
0.472249
0.874911
0.558402
0.424970
0.498876
0.393373
0.359763
0.220592
0.294852
0.177751
0.144083
0.165266
0.124024
0.136686
0.125030
0.234675
0.146982
0.318107
0.403905
0.341953
0.377988
0.547988
0.683964
0.760769
0.660533
0.800710
0.872130
0.705089
0.854675
0.787988
0.842249
0.776864
0.460296
0.352899
0.232071
0.220533
0.198580
0.177870
0.293787
0.214142
0.206982
0.261538
0.295740
0.454911
0.551065
0.645325
0.708284
0.755976
0.786686
0.875621
0.750355
0.608817
0.684734
0.728521
0.397396
0.277278
0.327751
0.211953
0.257811
0.210769
0.191006
0.168462
0.244260
0.214615
0.271006
0.322189
0.531243
0.839172
0.661243
0.885444
0.914615
0.959527
0.975917
0.997456
0.965680
0.917574
0.832899
0.720414
0.667633
0.440059
0.370651
0.441302
0.320651
0.288876
0.283905
0.219053
0.395976
0.396154
0.371420
0.331479
0.551893
0.515858
0.594320
0.848166
0.796568
0.837456
0.720237
0.900414
0.821538
0.709763
0.904556
0.600118
0.441006
0.340592
0.271006
0.305740
0.255740
0.199763
0.232663
0.133728
0.175385
0.363609
0.339053
0.359586
0.510296
0.630237
0.727574
0.918166
0.895030
0.944379
0.808402
0.868107
0.817101
0.789231
0.613136
0.581953
0.572899
0.362367
0.336095
0.257751
0.294083
0.285266
0.323018
0.301361
0.230237
0.340473
0.389231
0.358284
0.433373
0.520533
0.682426
0.729467
0.775207
0.935385
0.735503
0.963609
0.907396
0.643846
0.796272
0.671893
0.495680
0.432367
0.281065
0.376686
0.247515
0.243136
0.348698
0.182544
0.171420
0.179408
0.336036
0.266509
0.539112
0.588817
0.624675
0.637988
0.426036
0.305266
0.354260
0.463077
0.542130
0.355089
0.440710
0.481420
0.357870
0.256213
0.239586
0.260947
0.220710
0.174911
0.173669
0.152485
0.164852
0.182308
0.257633
0.311361
0.423018
0.332840
0.470178
0.628047
0.674556
0.711716
0.828580
0.838166
0.964438
0.881834
0.748639
0.606982
0.437751
0.418521
0.260355
0.216509
0.199645
0.214852
0.233846
0.248876
0.207692
0.183195
0.184734
0.213491
0.367101
0.344734
0.459704
0.677811
0.618639
0.602308
0.538462
0.567219
0.606982
0.438876
0.418994
0.359586
0.206036
0.179586
0.157870
0.154734
0.176331
0.144142
0.187574
0.139231
0.284675
0.188166
0.248225
0.337160
0.308166
0.137515
0.160355
0.151538
0.327574
0.443432
0.513787
0.540296
0.591953
0.496036
0.417456
0.357692
0.298343
0.163314
0.171953
0.150000
0.202663
0.126923
0.134675
0.128343
0.214024
0.185562
0.155680
0.198757
0.350355
0.433491
0.513077
0.634379
0.766391
0.761716
0.747574
0.849941
0.687337
0.630414
0.678343
0.533964
0.548462
0.397456
0.320000
0.279941
0.283018
0.263846
0.430533
0.239527
0.241834
0.182130
0.253373
0.360947
0.555444
0.459763
0.329882
0.391716
0.423491
0.485740
0.546568
0.555740
0.613136
0.524675
0.608817
0.490414
0.315917
0.250178
0.195503
0.144320
0.206272
0.169053
0.159527
0.146036
0.152308
0.163432
0.141183
0.227160
0.272308
0.254320
0.332249
0.431657
0.576213
0.705562
0.666568
0.719467
0.515976
0.485030
0.564615
0.528225
0.457574
0.240947
0.234675
0.162722
0.143550
0.185148
0.130651
0.139704
0.188698
0.171420
0.160651
0.185266
0.218462
0.224024
0.248935
0.436805
0.570000
0.669704
0.597811
0.546982
0.596509
0.423787
0.363373
0.327219
0.279172
0.244260
0.201834
0.263905
0.266154
0.147041
0.129527
0.134556
0.147337
0.136391
0.134260
0.144142
0.157219
0.185562
0.306982
0.350710
0.626568
0.730828
0.615680
0.812722
0.727456
0.753905
0.302130
0.211657
0.169527
0.168225
0.166746
0.192544
0.134970
0.183550
0.116864
0.157870
0.118698
0.118698
0.196331
0.155621
0.191420
0.213018
0.363905
0.258817
0.451302
0.499704
0.451716
0.743550
0.604320
0.474142
0.439408
0.247219
0.296923
0.202130
0.157396
0.177929
0.119231
0.166213
0.114911
0.190828
0.256509
0.383254
0.146391
0.175562
0.227456
0.175621
0.205030
0.333905
0.555976
0.524734
0.854556
0.558225
0.927574
0.599527
0.324320
0.311716
0.206509
0.202130
0.191243
0.142959
0.138521
0.197160
0.145089
0.164852
0.135917
0.171006
0.148580
0.176095
0.194142
0.273432
0.315740
0.320355
0.446923
0.681183
0.652012
0.763787
0.579586
0.554320
0.459467
0.443964
0.262663
0.204201
0.192899
0.197751
0.160710
0.168107
0.161834
0.151243
0.152012
0.139053
0.204083
0.144970
0.164852
0.292012
0.289290
0.491657
0.420947
0.448402
0.718876
0.727249
0.735621
0.558639
0.480355
0.340651
0.179290
0.223373
0.168462
0.168166
0.185325
0.141420
0.190533
0.113314
0.122959
0.168639
0.210592
0.161302
0.198698
0.156568
0.179467
0.216036
0.207692
0.148994
0.268166
0.428107
0.249527
0.278994
0.235444
0.199941
0.111716
0.124201
0.118698
0.111657
0.107337
0.110178
0.153787
0.117811
0.143964
0.159290
0.137870
0.152663
0.141479
0.249941
0.118521
0.166805
0.213195
0.174379
0.232249
0.308757
0.229112
0.251243
0.236746
0.187160
0.164379
0.186331
0.160000
0.140059
0.117219
0.122663
0.113018
0.125089
0.130000
0.156568
0.136213
0.144497
0.163905
0.151598
0.149822
0.156331
0.229941
0.492189
0.562544
0.518225
0.336154
0.231183
0.270355
0.216095
0.173373
0.169645
0.122781
0.145207
0.121834
0.150296
0.121065
0.129408
0.128166
0.122959
0.282722
0.266568
0.181479
0.156686
0.146864
0.175030
0.241538
0.182663
0.228994
0.403254
0.184615
0.217337
0.265562
0.212663
0.159763
0.113195
0.114615
0.148994
0.143905
0.108580
0.111538
0.148580
0.129290
0.124675
0.145503
0.196568
0.216686
0.303964
0.222189
0.216036
0.154497
0.133491
0.248047
0.381716
0.240769
0.306154
0.277337
0.245621
0.191183
0.142012
0.141183
0.116331
0.108994
0.115266
0.109349
0.160118
0.141479
0.110828
0.122840
0.169467
0.358935
0.255444
0.190118
0.183314
0.204438
0.254852
0.361361
0.471834
0.308343
0.281183
0.345858
0.317101
0.223254
0.192722
0.182249
0.155680
0.151302
0.195207
0.118284
0.159172
0.129645
0.148994
0.151479
0.274970
0.216982
0.155621
0.153314
0.201834
0.229704
0.215385
0.196923
0.279290
0.181420
0.214438
0.244320
0.206213
0.143491
0.176272
0.162781
0.120296
0.147692
0.127396
0.126864
0.119231
0.183195
0.126213
0.119527
0.157574
0.123491
0.179467
0.212367
0.130296
0.229586
0.195740
0.261420
0.373077
0.347811
0.338047
0.335089
0.212367
0.157574
0.181893
0.179112
0.162367
0.119231
0.121006
0.118994
0.117515
0.120059
0.180888
0.157811
0.123491
0.148343
0.156391
0.144024
0.156331
0.399763
0.273254
0.235917
0.383314
0.317396
0.316331
0.261538
0.212071
0.185858
0.170000
0.154112
0.136213
0.143195
0.122308
0.120059
0.101065
0.140118
0.106509
0.120828
0.180533
0.167101
0.170947
0.201124
0.180533
0.292249
0.259290
0.252781
0.333491
0.317988
0.287337
0.465503
0.236036
0.260828
0.239527
0.188580
0.160828
0.120888
0.115444
0.136331
0.115503
0.107811
0.131598
0.145266
0.156686
0.157811
0.165089
0.183964
0.227160
0.197633
0.280473
0.409763
0.352249
0.364615
0.379527
0.329941
0.189053
0.222426
0.165858
0.136154
0.108639
0.141893
0.148107
0.177396
0.110059
0.150769
0.180710
0.137101
0.171006
0.292959
0.201006
0.167337
0.195858
0.318698
0.231834
0.301479
0.461598
0.570355
0.650533
0.557751
0.275799
0.206568
0.137751
0.123432
0.116864
0.149527
0.148757
0.171657
0.119290
0.111124
0.178225
0.186450
0.292308
0.230355
0.222663
0.203669
0.170000
0.124438
0.183964
0.170888
0.209290
0.301420
0.342663
0.374083
0.222722
0.134497
0.127751
0.137811
0.121243
0.140414
0.109112
0.121065
0.151657
0.138757
0.135976
0.170769
0.149349
0.176805
0.290828
0.308698
0.156450
0.278757
0.303787
0.347278
0.458757
0.446923
0.309408
0.546686
0.240059
0.232840
0.162663
0.160710
0.150473
0.262781
0.142426
0.171716
0.142899
0.243491
0.332249
0.255089
0.367515
0.265148
0.217633
0.224320
0.207574
0.225562
0.245503
0.383314
0.458225
0.358698
0.310237
0.338935
0.216391
0.174142
0.155148
0.117160
0.118876
0.193905
0.118284
0.150414
0.123491
0.144675
0.157278
0.173195
0.205799
0.158343
0.137751
0.129467
0.156213
0.180828
0.134734
0.225976
0.196391
0.207988
0.216923
0.207160
0.296391
0.242426
0.208876
0.183491
0.107692
0.101124
0.099822
0.134438
0.096391
0.146568
0.123254
0.138047
0.102485
0.122426
0.120237
0.133669
0.180473
0.300769
0.381302
0.453491
0.532012
0.459586
0.330414
0.421361
0.318107
0.251598
0.199112
0.170355
0.185680
0.138402
0.140296
0.168935
0.127337
0.131598
0.124615
0.158343
0.148817
0.163491
0.251716
0.256627
0.251361
0.438225
0.402485
0.565976
0.723964
0.682426
0.592604
0.575089
0.609941
0.338639
0.154438
0.237692
0.193609
0.183669
0.148225
0.151479
0.116095
0.304201
0.177692
0.134379
0.131716
0.191065
0.170059
0.153669
0.153787
0.198698
0.258580
0.187988
0.325385
0.232722
0.210473
0.216095
0.297160
0.141124
0.138225
0.110651
0.121834
0.116450
0.145325
0.184320
0.105030
0.124497
0.116450
0.153846
0.142604
0.158994
0.194024
0.216568
0.156509
0.196450
0.172840
0.146746
0.361775
0.417988
0.280118
0.333964
0.145917
0.147692
0.117515
0.142130
0.115030
0.119586
0.116154
0.135444
0.138107
0.123491
0.117633
0.120473
0.129586
0.208343
0.184142
0.155148
0.209112
0.192130
0.207041
0.196331
0.296982
0.361243
0.242722
0.254734
0.206154
0.171598
0.196686
0.127870
0.146627
0.122071
0.120769
0.155325
0.159290
0.160000
0.157692
0.145266
0.265207
0.229941
0.332781
0.385266
0.182544
0.160355
0.170237
0.208284
0.167515
0.174852
0.352189
0.179112
0.142367
0.129290
0.139408
0.101538
0.177574
0.100355
0.099172
0.114497
0.091243
0.134024
0.105089
0.141775
0.107811
0.278166
0.232544
0.205503
0.235148
0.163018
0.198047
0.179822
0.462130
0.328994
0.537870
0.183018
0.155562
0.217751
0.140000
0.168757
0.109763
0.104379
0.193432
0.118757
0.231361
0.401953
0.124083
0.121006
0.171065
0.178521
0.181834
0.200118
0.168521
0.166746
0.163432
0.232071
0.363195
0.324142
0.180237
0.170592
0.190355
0.144083
0.127515
0.132485
0.098817
0.150710
0.113787
0.134024
0.138166
0.211065
0.122249
0.256864
0.155385
0.126095
0.141183
0.156095
0.135976
0.175325
0.254438
0.339882
0.251598
0.175030
0.315799
0.185976
0.191361
0.134379
0.131006
0.136864
0.111598
0.115325
0.157574
0.140296
0.149882
0.297396
0.210947
0.156331
0.207337
0.162130
0.151953
0.140000
0.110059
0.138462
0.154556
0.172012
0.143018
0.181893
0.221538
0.217101
0.161716
0.122130
0.134970
0.138521
0.115562
0.116272
0.114260
0.130059
0.095148
0.122722
0.105799
0.097219
0.242485
0.293846
0.159053
0.165325
0.203728
0.176213
0.157101
0.110828
0.187692
0.159231
0.174320
0.177988
0.159586
0.134024
0.117692
0.113018
0.136213
0.128580
0.114024
0.140178
0.155089
0.124497
0.132485
0.131657
0.160533
0.127929
0.128817
0.139941
0.194675
0.159112
0.172130
0.165207
0.310533
0.208994
0.263136
0.197160
0.199053
0.180118
0.127337
0.112308
0.117988
0.123491
0.119290
0.120414
0.116746
0.144911
0.132071
0.124970
0.129882
0.166864
0.115266
0.120473
0.135325
0.168817
0.145680
0.175976
0.128698
0.128639
0.153195
0.230473
0.157160
0.140947
0.150828
0.141065
0.121775
0.120237
0.112012
0.130000
0.137396
0.106391
0.112781
0.116627
0.145207
0.328994
0.136686
0.121361
0.145917
0.162959
0.175089
0.110651
0.130414
0.159645
0.170296
0.164024
0.162071
0.148580
0.129822
0.116331
0.153787
0.112249
0.103314
0.119941
0.148698
0.118047
0.140237
0.119941
0.110296
0.158343
0.188166
0.256272
0.343905
0.224793
0.245680
0.263964
0.467929
0.383077
0.201183
0.210769
0.222840
0.189763
0.143905
0.155740
0.121006
0.119112
0.115680
0.125740
0.138462
0.125148
0.185740
0.136746
0.144556
0.175325
0.149822
0.165148
0.145621
0.165917
0.167633
0.156450
0.301302
0.230178
0.231302
0.163077
0.202899
0.156095
0.142781
0.136272
0.157396
0.121479
0.151183
0.131006
0.171361
0.210473
0.158521
0.177337
0.196686
0.266154
0.281065
0.313609
0.267337
0.281302
0.217219
0.214201
0.197870
0.251124
0.249941
0.186864
0.185858
0.119882
0.117101
0.130414
0.113846
0.125207
0.133254
0.130651
0.104497
0.197160
0.165740
0.114556
0.114852
0.155976
0.185976
0.142544
0.123491
0.170651
0.130118
0.160059
0.154852
0.162249
0.216272
0.119290
0.137041
0.118343
0.120710
0.122130
0.110178
0.115148
0.133314
0.135740
0.095385
0.127337
0.109704
0.225976
0.152781
0.187219
0.190178
0.124793
0.131775
0.180414
0.130828
0.165562
0.265266
0.134379
0.170059
0.145385
0.154911
0.140947
0.148402
0.108817
0.106036
0.132663
0.095680
0.102604
0.093491
0.169349
0.257633
0.121538
0.144793
0.169586
0.163195
0.124142
0.138639
0.172899
0.208343
0.162840
0.200651
0.197929
0.181302
0.173432
0.201302
0.123373
0.129231
0.154083
0.123195
0.115207
0.114379
0.125858
0.102781
0.163550
0.201893
0.217160
0.147988
0.151420
0.189527
0.134911
0.138639
0.139882
0.157988
0.189527
0.263550
0.203846
0.440118
0.395799
0.253136
0.239467
0.184734
0.119527
0.118225
0.119527
0.170473
0.140296
0.116331
0.121361
0.146213
0.201065
0.225799
0.218994
0.200533
0.284083
0.233964
0.381657
0.271775
0.412130
0.696568
0.638935
0.653491
0.422189
0.430592
0.309704
0.216746
0.184142
0.191124
0.176213
0.180533
0.138876
0.115976
0.139527
0.190828
0.338639
0.318817
0.416923
0.444497
0.450414
0.715385
0.667515
0.409645
0.426864
0.410592
0.261834
0.242604
0.204438
0.182249
0.161598
0.148580
0.117456
0.117101
0.114497
0.143077
0.107988
0.112840
0.181893
0.136982
0.139172
0.169349
0.171065
0.265385
0.235089
0.389586
0.463373
0.245385
0.204142
0.210000
0.367160
0.350592
0.348817
0.249290
0.201302
0.190947
0.161775
0.177515
0.137929
0.135562
0.132130
0.126509
0.128402
0.137278
0.274911
0.235266
0.236746
0.211657
0.339408
0.601420
0.628402
0.372071
0.378521
0.327219
0.333669
0.452012
0.312899
0.328462
0.163254
0.174970
0.153964
0.164675
0.135976
0.159290
0.120828
0.119822
0.180414
0.172781
0.166686
0.235740
0.222544
0.237811
0.643550
0.688698
0.764083
0.721479
0.562781
0.656272
0.612189
0.730769
0.513136
0.311420
0.289882
0.207101
0.173609
0.185266
0.146864
0.165621
0.187811
0.167870
0.159645
0.221775
0.209527
0.359941
0.476213
0.505799
0.448107
0.513373
0.484556
0.446036
0.578047
0.541243
0.319586
0.358047
0.469586
0.449763
0.511124
0.376923
0.200533
0.159527
0.165030
0.162249
0.183728
0.142781
0.166627
0.143964
0.183254
0.162899
0.204024
0.138107
0.175089
0.152781
0.186391
0.292426
0.242604
0.371420
0.297041
0.261302
0.372899
0.375325
0.350947
0.205148
0.231302
0.165444
0.175325
0.172663
0.154734
0.203314
0.175207
0.201361
0.173550
0.478639
0.473136
0.424438
0.269290
0.327574
0.302308
0.341538
0.284379
0.219882
0.336095
0.349231
0.358225
0.295385
0.282722
0.164793
0.171893
0.140533
0.145917
0.135385
0.139822
0.151183
0.170473
0.162840
0.228107
0.233077
0.168284
0.195621
0.192722
0.315444
0.231775
0.208698
0.386923
0.209172
0.216036
0.487041
0.244734
0.207396
0.165740
0.145089
0.172485
0.133136
0.126154
0.127633
0.176805
0.140947
0.298817
0.338876
0.277160
0.406805
0.293077
0.316627
0.518698
0.239112
0.396450
0.272308
0.195976
0.218580
0.271065
0.322544
0.293964
0.204675
0.167929
0.196450
0.185503
0.185325
0.157751
0.164556
0.172899
0.169882
0.164675
0.163491
0.281243
0.243491
0.201243
0.171598
0.231834
0.218876
0.232604
0.251716
0.262781
0.281302
0.329763
0.377751
0.379586
0.269882
0.191598
0.186095
0.171065
0.180769
0.174497
0.180710
0.186095
0.165621
0.180178
0.147160
0.155858
0.300947
0.168698
0.225385
0.250947
0.381953
0.462426
0.520059
0.217101
0.334911
0.396686
0.475562
0.319941
0.312663
0.189053
0.155266
0.141657
0.170414
0.130414
0.175325
0.128107
0.136154
0.132485
0.128521
0.137396
0.161775
0.137574
0.195740
0.159704
0.198402
0.256213
0.203846
0.354024
0.369231
0.378343
0.338639
0.447870
0.404024
0.294438
0.243846
0.162899
0.188284
0.201006
0.186568
0.213728
0.132367
0.216805
0.243787
0.200769
0.308994
0.237574
0.310178
0.406686
0.576509
0.374497
0.500710
0.751716
0.693432
0.597396
0.485680
0.321953
0.252663
0.274970
0.197988
0.239941
0.344793
0.268639
0.308521
0.161775
0.174260
0.181479
0.244793
0.264379
0.727870
0.610473
0.437041
0.372840
0.335444
0.597160
0.691657
0.590769
0.430118
0.330000
0.324083
0.363669
0.300237
0.321420
0.316391
0.313491
0.198757
0.219941
0.181953
0.161243
0.162840
0.201243
0.168166
0.202840
0.256627
0.381124
0.423846
0.458817
0.512722
0.566686
0.552959
0.459172
0.298817
0.503314
0.477988
0.377337
0.359112
0.278935
0.215562
0.161006
0.168521
0.167101
0.157396
0.153018
0.194438
0.189349
0.169172
0.156746
0.175325
0.328343
0.185740
0.212308
0.214675
0.211657
0.258166
0.151302
0.241006
0.214556
0.223787
0.185680
0.168580
0.208166
0.154497
0.144438
0.168343
0.150473
0.188107
0.136391
0.133669
0.143018
0.147811
0.158343
0.159053
0.172367
0.248580
0.167041
0.158166
0.156923
0.174911
0.206923
0.202367
0.192722
0.166923
0.159408
0.176509
0.149586
0.172604
0.127396
0.113432
0.112189
0.115562
0.151361
0.110178
0.101065
0.144615
0.177633
0.134260
0.271657
0.169822
0.171834
0.169290
0.147041
0.149172
0.179822
0.117959
0.129186
0.156013
0.124871
0.125068
0.148984
0.117066
0.109894
0.114030
0.161127
0.112309
0.143669
0.108284
0.108580
0.101953
0.122663
0.144970
0.110000
0.119704
0.148876
0.110947
0.132722
0.118935
0.178521
0.142071
0.133609
0.124320
0.149172
0.156154
0.140947
0.121716
0.123373
0.122249
0.108817
0.148935
0.100355
0.093373
0.100059
0.128225
0.113373
0.144911
0.143314
0.150178
0.118107
0.116923
0.161538
0.195444
0.152189
0.160710
0.121538
0.153905
0.147396
0.147278
0.132071
0.127041
0.149941
0.117988
0.154556
0.106272
0.139408
0.245562
0.118698
0.113077
0.099645
0.126982
0.121183
0.236627
0.311124
0.169527
0.218580
0.200533
0.480473
0.517870
0.348462
0.250888
0.140355
0.153669
0.145799
0.123491
0.113195
0.163728
0.170533
0.175178
0.142204
0.148617
0.228569
0.266858
0.167985
0.216833
0.172795
0.190037
0.191291
0.255438
0.210175
0.209111
0.213609
0.202130
0.209881
0.239172
0.193018
0.195207
0.201124
0.200237
0.156391
0.163669
0.163669
0.170888
0.174497
0.246686
0.211893
0.220533
0.165858
0.185444
0.193609
0.175444
0.171302
0.163254
0.165562
0.212130
0.235089
0.177160
0.309231
0.264793
0.218817
0.221006
0.196320
0.183296
0.158491
0.180118
0.198746
0.158988
0.150598
0.124396
0.236716
0.200698
0.168781
0.166959
0.246947
0.341970
0.279710
0.248864
0.249343
0.265734
0.240320
0.314213
0.280775
0.289893
0.273331
0.245367
0.196586
0.160947
0.158935
0.155917
0.150000
0.147781
0.161405
0.169941
0.262959
0.201361
0.177870
0.219615
0.247530
0.264793
0.247160
0.224911
0.268817
0.326568
0.160651
0.199586
0.188343
0.190325
0.198225
0.187929
0.149467
0.138018
0.168388
0.165680
0.171479
0.128343
0.169172
0.227041
0.169349
0.131479
0.137219
0.221657
0.203964
0.215325
0.192899
0.236805
0.216686
0.208402
0.163432
0.172189
0.176568
0.221893
0.221183
0.294497
0.183728
0.164438
0.164320
0.156095
0.147278
0.165148
0.126746
0.211243
0.233195
0.165976
0.193609
0.235148
0.251361
0.383609
0.198107
0.253964
0.300888
0.220828
0.207574
0.226036
0.211479
0.182722
0.194201
0.173314
0.197337
0.157278
0.194615
0.149408
0.153728
0.115858
0.170473
0.156450
0.248343
0.261598
0.281124
0.146154
0.173609
0.212840
0.208402
0.189645
0.220118
0.232485
0.182899
0.167337
0.189467
0.200533
0.223609
0.198876
0.234438
0.139408
0.149349
0.136805
0.133136
0.136036
0.179645
0.224852
0.187870
0.222308
0.209112
0.180947
0.327160
0.149882
0.167811
0.173550
0.169704
0.177041
0.217101
0.243195
0.233964
0.259408
0.239349
0.176568
0.179527
0.162485
0.133254
0.133846
0.134852
0.123373
0.131834
0.223018
0.167574
0.203964
0.226746
0.219704
0.239053
0.189882
0.177751
0.235207
0.272189
0.321538
0.259053
0.198994
0.218817
0.327929
0.309586
0.168580
0.150296
0.146095
0.180178
0.138343
0.126272
0.173018
0.196095
0.176923
0.195917
0.295030
0.226982
0.267160
0.256213
0.291124
0.288402
0.292367
0.335148
0.283314
0.305740
0.307870
0.276450
0.245444
0.195562
0.221893
0.172130
0.159408
0.153609
0.171420
0.157692
0.184142
0.217160
0.165385
0.180769
0.346331
0.221006
0.274970
0.436864
0.339349
0.366095
0.260533
0.251065
0.223491
0.172367
0.176036
0.151065
0.153609
0.153728
0.189645
0.178757
0.176805
0.165680
0.129704
0.125148
0.131834
0.174734
0.165266
0.160710
0.218757
0.286686
0.201243
0.151183
0.146154
0.176509
0.174142
0.156627
0.188994
0.173964
0.164438
0.214970
0.311893
0.176272
0.218343
0.168521
0.156095
0.146154
0.182840
0.149645
0.137337
0.216154
0.186864
0.242663
0.162544
0.208166
0.184734
0.143491
0.255858
0.199172
0.205562
0.215444
0.231657
0.168166
0.153905
0.163018
0.171953
0.199645
0.203550
0.168047
0.131716
0.155799
0.172663
0.156923
0.136213
0.166568
0.160414
0.189349
0.249822
0.236568
0.217515
0.230710
0.197041
0.212012
0.177929
0.208047
0.184970
0.171775
0.199112
0.177396
0.180000
0.224793
0.165444
0.149527
0.156391
0.142781
0.162012
0.145148
0.165266
0.241716
0.175917
0.229586
0.207515
0.213964
0.206864
0.183491
0.191953
0.177929
0.180710
0.249822
0.191065
0.227101
0.248284
0.163195
0.180888
0.148047
0.151183
0.136391
0.133195
0.130414
0.135799
0.187337
0.122781
0.188994
0.171657
0.192781
0.184260
0.211893
0.180710
0.179172
0.214320
0.206391
0.245621
0.229231
0.223491
0.260888
0.213432
0.217633
0.207751
0.233846
0.206391
0.153846
0.125266
0.120888
0.159763
0.152012
0.136686
0.190414
0.197751
0.270237
0.200651
0.250059
0.320237
0.398935
0.178343
0.272012
0.278343
0.180710
0.188225
0.153669
0.131479
0.179112
0.210888
0.387041
0.156627
0.171657
0.142722
0.126272
0.322840
0.151243
0.129290
0.171716
0.232485
0.162781
0.282722
0.196213
0.374615
0.153787
0.210947
0.235325
0.190947
0.199941
0.305089
0.210473
0.229053
0.183905
0.305444
0.291183
0.319172
0.249941
0.224024
0.154260
0.163254
0.184556
0.141420
0.193964
0.227041
0.173964
0.211716
0.175621
0.202308
0.179704
0.193432
0.334379
0.182722
0.211065
0.164201
0.151420
0.134379
0.194024
0.188757
0.152071
0.212367
0.130178
0.140178
0.137692
0.133669
0.140533
0.155917
0.155917
0.244793
0.159231
0.175030
0.125680
0.133077
0.151065
0.189467
0.162426
0.153669
0.221361
0.233195
0.136568
0.217278
0.250533
0.276746
0.180000
0.166095
0.160296
0.209112
0.154083
0.136272
0.168166
0.130769
0.152308
0.195740
0.168166
0.210296
0.256272
0.179586
0.204675
0.204024
0.206982
0.277692
0.214911
0.183314
0.243550
0.273491
0.218166
0.181893
0.315799
0.250592
0.194320
0.171716
0.160888
0.146509
0.166331
0.158817
0.166213
0.258876
0.197574
0.218580
0.238757
0.183846
0.192485
0.190473
0.209231
0.246686
0.207811
0.224615
0.236864
0.209112
0.244201
0.181420
0.168639
0.181598
0.171893
0.144438
0.180237
0.141302
0.203964
0.125976
0.210710
0.223846
0.196095
0.192071
0.193905
0.255680
0.179349
0.186982
0.192485
0.204142
0.212604
0.221006
0.171598
0.196805
0.196213
0.170000
0.160118
0.155207
0.194793
0.131124
0.152189
0.138166
0.132663
0.173314
0.212485
0.183550
0.209941
0.297692
0.198876
0.222840
0.211006
0.179172
0.172426
0.212130
0.181716
0.275030
0.258817
0.190828
0.197840
0.178269
0.185592
0.161420
0.205148
0.156805
0.160769
0.142071
0.169349
0.169408
0.187041
0.206213
0.195030
0.239527
0.228107
0.210473
0.147337
0.186746
0.208817
0.210828
0.177751
0.182722
0.195207
0.263077
0.180651
0.255266
0.287988
0.218166
0.181834
0.145680
0.152249
0.141361
0.140769
0.127101
0.335030
0.193609
0.230533
0.256627
0.193550
0.235621
0.176331
0.182249
0.189763
0.212130
0.184438
0.245325
0.214083
0.173136
0.209527
0.212367
0.225030
0.242544
0.169941
0.191834
0.168698
0.152308
0.173846
0.172189
0.234970
0.248521
0.213432
0.273550
0.289704
0.236805
0.240769
0.204201
0.166805
0.203018
0.281538
0.218757
0.213373
0.216095
0.200888
0.199408
0.268343
0.234083
0.241124
0.185976
0.188935
0.214320
0.187515
0.192012
0.195858
0.241538
0.261598
0.174142
0.206746
0.159467
0.165089
0.331834
0.168817
0.354260
0.266746
0.180237
0.196213
0.152663
0.150769
0.184852
0.180355
0.174438
0.150473
0.170592
0.174852
0.173846
0.127278
0.139882
0.154911
0.174734
0.203787
0.148462
0.205030
0.170533
0.277160
0.248284
0.192249
0.177160
0.215562
0.263077
0.305089
0.299231
0.156391
0.386805
0.189704
0.177456
0.154320
0.141420
0.144556
0.176509
0.142367
0.129527
0.169941
0.209882
0.165562
0.164083
0.206272
0.303609
0.261716
0.219822
0.421361
0.211124
0.199053
0.182840
0.193432
0.228462
0.184260
0.230710
0.381302
0.144852
0.179172
0.169112
0.132426
0.138462
0.147870
0.165799
0.175740
0.197160
0.225740
0.168521
0.173669
0.257751
0.218047
0.234201
0.222544
0.288521
0.266391
0.364793
0.210118
0.197574
0.235207
0.163136
0.260651
0.183195
0.185266
0.160118
0.137870
0.145503
0.168876
0.149467
0.191361
0.202781
0.278580
0.150828
0.214142
0.199704
0.146627
0.201243
0.230237
0.242367
0.205503
0.324793
0.361834
0.266686
0.267337
0.202071
0.182663
0.154497
0.153018
0.192781
0.141183
0.143195
0.144556
0.150947
0.158994
0.240237
0.144852
0.158225
0.236331
0.142899
0.173018
0.217041
0.213609
0.244734
0.183432
0.417633
0.145030
0.180296
0.168462
0.222840
0.152663
0.172426
0.146627
0.155858
0.126154
0.130651
0.151893
0.141183
0.156982
0.163846
0.181657
0.141598
0.127456
0.183846
0.331006
0.261124
0.196391
0.184438
0.226509
0.210769
0.214675
0.172663
0.170296
0.269053
0.390473
0.316331
0.193964
0.207456
0.171124
0.140592
0.165621
0.137396
0.208284
0.153669
0.173550
0.186450
0.166154
0.179704
0.280947
0.323136
0.316627
0.210888
0.230178
0.278462
0.196746
0.199822
0.266982
0.207456
0.172249
0.146391
0.190118
0.190118
0.214438
0.145089
0.143846
0.144497
0.157988
0.179941
0.149172
0.177219
0.184793
0.269408
0.372130
0.185266
0.209231
0.179704
0.228935
0.204379
0.253136
0.221775
0.203669
0.197751
0.209527
0.188817
0.179882
0.194497
0.180947
0.147041
0.158521
0.140237
0.176805
0.188402
0.216095
0.251834
0.203964
0.187337
0.172367
0.236272
0.179882
0.265976
0.332899
0.267751
0.217160
0.182959
0.274320
0.229586
0.198639
0.206154
0.232012
0.217101
0.211775
0.225385
0.196805
0.186568
0.194024
0.206568
0.249527
0.242544
0.215562
0.199941
0.247811
0.394675
0.298166
0.215148
0.210651
0.212604
0.246331
0.268639
0.343846
0.208225
0.226864
0.222959
0.255858
0.217515
0.187574
0.212663
0.173609
0.194734
0.191183
0.233077
0.229882
0.259172
0.220178
0.190473
0.222367
0.206568
0.201657
0.222959
0.186095
0.206272
0.261538
0.228284
0.250059
0.253373
0.263609
0.242367
0.236272
0.190355
0.184201
0.166213
0.184615
0.172012
0.203195
0.219290
0.234320
0.238107
0.170000
0.162959
0.182781
0.217929
0.219882
0.205266
0.213491
0.224438
0.237160
0.222189
0.212663
0.213018
0.220000
0.270888
0.279349
0.224497
0.180533
0.208107
0.195207
0.187041
0.233195
0.210237
0.198225
0.256213
0.229172
0.230888
0.187456
0.255207
0.240592
0.206154
0.231834
0.226568
0.203669
0.212722
0.259231
0.199112
0.219053
0.266509
0.219349
0.218757
0.218107
0.184852
0.163432
0.183609
0.212308
0.191243
0.224201
0.226213
0.223491
0.271538
0.266450
0.282899
0.357101
0.520059
0.405858
0.231834
0.242604
0.276568
0.230118
0.289704
0.249586
0.274024
0.220178
0.269112
0.225740
0.179053
0.172012
0.171361
0.181834
0.210769
0.194556
0.235089
0.213787
0.190947
0.209822
0.320118
0.229467
0.324497
0.212249
0.295976
0.385148
0.327396
0.517751
0.277337
0.449882
0.253254
0.241953
0.198935
0.224438
0.182604
0.179704
0.183609
0.203964
0.272840
0.236450
0.306213
0.300059
0.417101
0.387811
0.514438
0.323136
0.479882
0.355444
0.296982
0.192544
0.208284
0.195503
0.254675
0.240592
0.268757
0.196627
0.209053
0.177396
0.178225
0.183432
0.171834
0.218047
0.228876
0.203077
0.229290
0.216746
0.213314
0.294852
0.241834
0.232071
0.358639
0.315030
0.276805
0.244734
0.219704
0.222544
0.205799
0.234734
0.195621
0.194379
0.191775
0.215444
0.193491
0.173905
0.162308
0.180059
0.186923
0.225917
0.265325
0.217870
0.266982
0.373964
0.264675
0.290769
0.271953
0.259349
0.266450
0.264320
0.273669
0.337160
0.272249
0.296746
0.234970
0.221893
0.241361
0.182485
0.176154
0.201183
0.194024
0.198107
0.244911
0.241775
0.236331
0.229053
0.271716
0.234852
0.247929
0.320296
0.275266
0.346509
0.252189
0.236213
0.242426
0.263787
0.250237
0.235740
0.216923
0.247988
0.195680
0.170533
0.177751
0.177041
0.176509
0.182663
0.315680
0.224024
0.228402
0.375917
0.263491
0.278817
0.183195
0.249704
0.243018
0.295858
0.359290
0.199822
0.244852
0.207751
0.168817
0.199527
0.198817
0.216272
0.145799
0.132367
0.172249
0.155562
0.144260
0.137456
0.176923
0.165089
0.220533
0.224911
0.175503
0.167219
0.180473
0.201598
0.209822
0.176095
0.158817
0.233787
0.202130
0.193550
0.218462
0.189053
0.196450
0.166568
0.193669
0.148580
0.210414
0.146923
0.134793
0.174438
0.200296
0.148047
0.412840
0.484379
0.311479
0.262544
0.223491
0.268462
0.194260
0.214911
0.281479
0.294556
0.324675
0.324852
0.281361
0.361953
0.340592
0.245680
0.219231
0.271716
0.213846
0.193846
0.190237
0.232663
0.218225
0.249704
0.220828
0.239882
0.229408
0.317456
0.366746
0.338284
0.347870
0.259822
0.328166
0.254911
0.347160
0.291361
0.435089
0.405089
0.395325
0.233964
0.182308
0.194911
0.181361
0.185266
0.207574
0.241420
0.264852
0.242012
0.246331
0.246864
0.251953
0.230651
0.256746
0.260237
0.256331
0.304852
0.354260
0.308166
0.295089
0.292485
0.260769
0.305976
0.300947
0.261893
0.220000
0.235266
0.234024
0.214083
0.226213
0.243964
0.251716
0.244142
0.288107
0.233136
0.236864
0.245621
0.390473
0.541834
0.298698
0.229290
0.260651
0.245503
0.232840
0.200473
0.281124
0.347929
0.243609
0.211183
0.152722
0.160769
0.174911
0.177337
0.163136
0.166391
0.168935
0.193905
0.194083
0.188935
0.204675
0.183787
0.149763
0.173905
0.205444
0.195266
0.183018
0.148876
0.196864
0.218225
0.191479
0.180473
0.221834
0.207515
0.172071
0.157633
0.156036
0.152012
0.212012
0.158876
0.166272
0.244497
0.185562
0.150355
0.154970
0.171065
0.223136
0.168994
0.182367
0.199408
0.297337
0.176923
0.156391
0.173314
0.203491
0.380533
0.202840
0.163491
0.174852
0.151953
0.167692
0.149290
0.135444
0.147396
0.218876
0.180947
0.188225
0.247633
0.183254
0.304911
0.273314
0.305680
0.458580
0.312249
0.227396
0.257219
0.228107
0.251598
0.263846
0.240533
0.241065
0.221065
0.175207
0.183905
0.141124
0.152426
0.181479
0.207337
0.170769
0.211183
0.299408
0.229467
0.191006
0.429172
0.249941
0.240296
0.358698
0.477663
0.596627
0.316213
0.224379
0.248225
0.363905
0.302663
0.211124
0.222249
0.195207
0.161893
0.155562
0.159882
0.189704
0.198402
0.187396
0.352308
0.357337
0.213787
0.211775
0.275355
0.310133
0.222966
0.281128
0.400651
0.364320
0.276331
0.412249
0.498580
0.360828
0.289645
0.246272
0.206805
0.174556
0.197041
0.182071
0.199882
0.195740
0.179172
0.299882
0.378047
0.398402
0.267160
0.276805
0.262663
0.285680
0.249408
0.302722
0.220710
0.352012
0.293491
0.190118
0.356036
0.241302
0.259822
0.211716
0.190769
0.365089
0.166568
0.166213
0.159172
0.145207
0.202426
0.229053
0.313077
0.233905
0.266213
0.303432
0.302426
0.234556
0.211598
0.215976
0.175503
0.202426
0.222959
0.273254
0.260414
0.212189
0.233669
0.219822
0.182071
0.169941
0.153136
0.171183
0.178166
0.181183
0.251893
0.387870
0.290592
0.355621
0.243018
0.188935
0.235444
0.222663
0.199467
0.225325
0.171243
0.227396
0.244556
0.230651
0.298225
0.248047
0.250651
0.255207
0.181598
0.199941
0.229763
0.179112
0.218876
0.201834
0.198462
0.193846
0.302722
0.459527
0.316864
0.356509
0.279408
0.147160
0.168462
0.154497
0.182899
0.246568
0.234024
0.266627
0.283491
0.276746
0.197160
0.224379
0.195680
0.241006
0.162012
0.168698
0.188876
0.157929
0.173669
0.348580
0.182959
0.237456
0.186627
0.168639
0.182722
0.246272
0.236036
0.159231
0.225858
0.217041
0.218757
0.377278
0.419112
0.325207
0.185621
0.198402
0.177692
0.207456
0.160710
0.135207
0.144320
0.172722
0.127988
0.189349
0.185266
0.188639
0.177870
0.205266
0.147219
0.200947
0.263846
0.223728
0.206391
0.366095
0.302959
0.272367
0.289822
0.315325
0.249231
0.222130
0.202840
0.190414
0.163728
0.231302
0.211183
0.163669
0.163550
0.179172
0.211598
0.181834
0.156272
0.270651
0.264438
0.318225
0.269290
0.273195
0.266746
0.270533
0.302189
0.257633
0.267396
0.219527
0.211302
0.237278
0.192367
0.179704
0.180000
0.176154
0.171775
0.144911
0.158757
0.203905
0.224970
0.292367
0.325740
0.291420
0.266864
0.419112
0.345325
0.218107
0.249172
0.360059
0.241361
0.344615
0.254911
0.272071
0.254438
0.230178
0.239467
0.198047
0.171065
0.181657
0.183964
0.201479
0.187870
0.208047
0.227219
0.262130
0.190237
0.232485
0.267456
0.444142
0.282840
0.272308
0.246746
0.275680
0.337160
0.257929
0.255740
0.260888
0.224675
0.242959
0.238876
0.203550
0.182071
0.205562
0.189704
0.178580
0.166450
0.164083
0.206213
0.254734
0.229467
0.236982
0.227396
0.289645
0.325621
0.255799
0.256272
0.221183
0.196213
0.303787
0.362249
0.284852
0.237337
0.228225
0.277574
0.227870
0.200296
0.180533
0.180414
0.198047
0.221124
0.212485
0.255148
0.241538
0.178935
0.165266
0.196391
0.261420
0.262544
0.227396
0.238284
0.260473
0.255089
0.277988
0.284438
0.270237
0.255325
0.244734
0.215207
0.174260
0.173373
0.186568
0.193018
0.149112
0.176627
0.201716
0.178698
0.236746
0.175503
0.158343
0.187041
0.260888
0.240178
0.202544
0.207870
0.258343
0.228107
0.314556
0.271006
0.259172
0.212249
0.234852
0.231834
0.205799
0.172544
0.235148
0.179941
0.169822
0.183254
0.210651
0.235858
0.228757
0.217574
0.305030
0.361953
0.337219
0.265503
0.218462
0.420533
0.292781
0.277929
0.343373
0.420473
0.227219
0.229645
0.194793
0.187456
0.219231
0.143077
0.163491
0.148935
0.136805
0.171006
0.181893
0.266450
0.271538
0.181598
0.168757
0.223195
0.214793
0.203373
0.167929
0.283018
0.292781
0.337456
0.180533
0.190355
0.246982
0.214083
0.190178
0.231420
0.248343
0.155444
0.171657
0.144970
0.185799
0.185207
0.184911
0.223314
0.411657
0.193136
0.255444
0.207337
0.311124
0.248047
0.228047
0.448462
0.314970
0.336095
0.327278
0.342071
0.307041
0.214320
0.227456
0.222485
0.174497
0.129231
0.153669
0.211420
0.149704
0.197870
0.185858
0.172604
0.221479
0.299349
0.166746
0.257988
0.268994
0.170000
0.205562
0.257515
0.235917
0.350178
0.219704
0.216686
0.209527
0.235444
0.205740
0.195207
0.175799
0.146568
0.152367
0.141893
0.139172
0.172012
0.187692
0.173787
0.195089
0.197515
0.151953
0.425148
0.278994
0.412485
0.229349
0.200769
0.253314
0.239172
0.482544
0.334615
0.344615
0.311183
0.217101
0.218166
0.157278
0.153373
0.184911
0.187337
0.144083
0.175740
0.178994
0.201361
0.303491
0.294793
0.199231
0.178757
0.165621
0.136154
0.197751
0.192663
0.244793
0.185030
0.186450
0.239053
0.201302
0.172663
0.195148
0.179467
0.182485
0.238166
0.169231
0.165680
0.149290
0.144438
0.185207
0.177751
0.232189
0.207751
0.166805
0.259822
0.262308
0.578402
0.277101
0.197574
0.203550
0.181657
0.197515
0.250237
0.412663
0.195444
0.204201
0.185444
0.210710
0.199822
0.148047
0.146627
0.192426
0.168639
0.170828
0.175976
0.233846
0.215740
0.375207
0.203491
0.175385
0.321420
0.193018
0.243609
0.261598
0.178876
0.244379
0.270118
0.237278
0.207574
0.210059
0.174142
0.178047
0.148107
0.137574
0.183728
0.155799
0.157456
0.225917
0.185325
0.192604
0.173905
0.232959
0.193787
0.216923
0.333669
0.332722
0.260710
0.354379
0.191834
0.247101
0.239172
0.234142
0.188402
0.173136
0.179408
0.170710
0.147692
0.146627
0.145089
0.172189
0.153550
0.174970
0.204852
0.208817
0.151183
0.163491
0.171124
0.152249
0.158402
0.200828
0.156864
0.262071
0.292485
0.242663
0.283195
0.183846
0.171361
0.226331
0.174852
0.156391
0.168935
0.148225
0.168284
0.154911
0.153609
0.206154
0.204201
0.244497
0.202249
0.322959
0.401479
0.486746
0.399941
0.219349
0.151361
0.206331
0.382722
0.193136
0.201657
0.214260
0.301893
0.196509
0.181893
0.144852
0.129645
0.146509
0.148225
0.129467
0.123669
0.171243
0.163609
0.192663
0.172781
0.170355
0.146213
0.182899
0.212130
0.168166
0.168580
0.201302
0.207574
0.211775
0.238107
0.206923
0.206509
0.210769
0.221183
0.184024
0.182367
0.156331
0.150828
0.195385
0.162899
0.209408
0.217751
0.285444
0.141361
0.172899
0.171834
0.181124
0.187574
0.264260
0.197041
0.248639
0.262071
0.371479
0.290414
0.337396
0.294556
0.276805
0.232959
0.195089
0.165858
0.149467
0.166746
0.209053
0.187101
0.176154
0.204734
0.231243
0.192308
0.279645
0.347811
0.271479
0.337929
0.273787
0.433846
0.227870
0.244142
0.279349
0.400828
0.284083
0.329527
0.237633
0.239408
0.216923
0.194083
0.168166
0.170237
0.172781
0.203077
0.180118
0.210178
0.255325
0.224675
0.240533
0.245325
0.357278
0.397870
0.356982
0.288817
0.235444
0.234615
0.273609
0.259882
0.254142
0.260237
0.477456
0.222189
0.295621
0.242426
0.153550
0.149882
0.194438
0.155385
0.173609
0.260473
0.239231
0.165976
0.409527
0.257929
0.333609
0.256627
0.267633
0.239704
0.225266
0.266923
0.354734
0.403195
0.276686
0.323314
0.275799
0.244497
0.214793
0.159527
0.170769
0.157811
0.185325
0.216627
0.198639
0.244379
0.271657
0.251124
0.230059
0.317515
0.214734
0.297811
0.217515
0.212544
0.315266
0.381538
0.278521
0.236686
0.264615
0.251302
0.272781
0.244615
0.162426
0.150118
0.142959
0.166982
0.217160
0.172899
0.191775
0.251657
0.203018
0.175266
0.205740
0.270592
0.449704
0.430296
0.282544
0.311006
0.332899
0.336686
0.321420
0.275030
0.280592
0.352130
0.243491
0.201243
0.194911
0.146095
0.167160
0.184911
0.170059
0.187574
0.207574
0.217574
0.206864
0.196272
0.197278
0.301538
0.461893
0.398669
0.335444
0.492426
0.512012
0.294438
0.308284
0.315680
0.317633
0.307988
0.300888
0.301775
0.263432
0.238107
0.216450
0.246805
0.282544
0.286450
0.268876
0.269586
0.320592
0.272189
0.287870
0.305030
0.385385
0.314497
0.283136
0.364083
0.334467
0.314660
0.407337
0.444201
0.311953
0.314675
0.279763
0.300769
0.254556
0.228698
0.245148
0.265562
0.267574
0.278521
0.291657
0.291538
0.412899
0.268639
0.282485
0.339467
0.292249
0.322485
0.385799
0.346331
0.346746
0.317692
0.372012
0.371893
0.374556
0.320355
0.308935
0.357515
0.290000
0.265917
0.279822
0.285089
0.322899
0.315030
0.285385
0.285740
0.337278
0.462308
0.374142
0.326095
0.339231
0.352840
0.341657
0.330237
0.342544
0.310473
0.410237
0.431420
0.299349
0.299408
0.310237
0.295799
0.267929
