0.542618
0.488591
0.472985
0.487044
0.451330
0.373079
0.231935
0.239973
0.258396
0.168904
0.218318
0.161915
0.174428
0.179179
0.198210
0.231714
0.236879
0.232570
0.244392
0.197326
0.175698
0.268340
0.265743
0.231024
0.251657
0.290962
0.320074
0.407689
0.362611
0.376311
0.320129
0.277344
0.322947
0.219865
0.133300
0.142111
0.159568
0.222102
0.188625
0.199397
0.259805
0.260026
0.195144
0.300491
0.299717
0.282344
0.287702
0.295878
0.364655
0.308777
0.234642
0.301458
0.237128
0.242984
0.438790
0.510605
0.507705
0.504418
0.586204
0.554771
0.591121
0.578747
0.518505
0.643159
0.625123
0.610097
0.643214
0.667052
0.540988
0.535216
0.561760
0.522565
0.601396
0.522703
0.543226
0.541651
0.572642
0.539248
0.584354
0.649125
0.566621
0.555020
0.390232
0.247265
0.262070
0.234228
0.224615
0.399126
0.521957
0.755439
0.568306
0.411666
0.361837
0.418654
0.325792
0.244144
0.298640
0.436857
0.531321
0.513920
0.517676
0.521295
0.599103
0.554854
0.555849
0.572394
0.167398
0.669171
0.515574
0.507202
0.564917
0.492013
0.545739
0.747559
0.707771
0.630650
0.787124
0.898238
1.000000
0.336387
0.530727
0.495576
0.415356
0.296110
0.207747
0.436647
0.226405
0.321638
0.311575
0.327551
0.267318
0.260100
0.232051
0.177472
0.124797
0.141634
0.227789
0.175577
0.146098
0.210260
0.266160
0.202248
0.304775
0.267116
0.423311
0.467276
0.471317
0.379813
0.385559
0.501319
0.505028
0.480636
0.492632
0.449358
0.314763
0.300408
0.147193
0.154099
0.162136
0.140730
0.147856
0.321870
0.368163
0.483315
0.492486
0.488840
0.475333
0.473317
0.459727
0.481299
0.425753
0.447325
0.500579
0.395756
0.370897
0.398988
0.361009
0.292978
0.214423
0.158518
0.147939
0.153408
0.147469
0.163379
0.159374
0.242210
0.317340
0.448264
0.539525
0.475278
0.366782
0.264390
0.174152
0.190476
0.241658
0.283476
0.211109
0.220914
0.297342
0.408600
0.515439
0.451413
0.451634
0.450861
0.315296
0.140509
0.136835
0.150093
0.175919
0.217020
0.247734
0.176886
0.155673
0.135675
0.121285
0.176361
0.147580
0.133548
0.153215
0.153049
0.144680
0.165423
0.189122
0.140012
0.174400
0.304082
0.410175
0.482514
0.453457
0.512207
0.476465
0.481824
0.440282
0.260689
0.296596
0.375372
0.474919
0.286183
0.199066
0.159153
0.200999
0.254640
0.359573
0.458153
0.432658
0.439702
0.412191
0.351977
0.301982
0.278118
0.240498
0.296972
0.322140
0.265616
0.325883
0.525137
0.417453
0.634986
0.568679
0.553835
0.535274
0.564922
0.526841
0.516997
0.533520
0.533873
0.515124
0.414116
0.401488
0.443765
0.408628
0.406943
0.383647
0.344980
0.253781
0.270549
0.239282
0.386034
0.315185
0.378714
0.477543
0.584740
0.367887
0.364903
0.408490
0.548742
0.556831
0.562213
0.558086
0.553752
0.550084
0.560511
0.554017
0.387893
0.312371
0.473883
0.383133
0.381556
0.453125
0.340495
0.360962
0.364238
0.403073
0.273035
0.379946
0.478943
0.517745
0.619800
0.606586
0.540966
0.536312
0.570734
0.563757
0.526242
0.470096
0.399104
0.286445
0.249486
0.327507
0.348074
0.332426
0.299217
0.207231
0.239608
0.432890
0.414323
0.258316
0.289292
0.189351
0.224412
0.216835
0.247684
0.268080
0.276239
0.216384
0.232267
0.296707
0.273146
0.323665
0.275549
0.283172
0.239918
0.269417
0.189537
0.289525
0.356175
0.388989
0.264335
0.188597
0.175671
0.225886
0.208954
0.195558
0.174566
0.192271
0.194425
0.216826
0.260302
0.263009
0.249557
0.199508
0.193459
0.186056
0.232267
0.175505
0.217600
0.273477
0.342144
0.360070
0.260854
0.321096
0.223897
0.200475
0.207104
0.447546
0.636806
0.610124
0.582448
0.559384
0.571040
0.618604
0.583138
0.489143
0.275687
0.211523
0.209921
0.205460
0.248149
0.255220
0.250441
0.202546
0.286473
0.235795
0.290530
0.464801
0.312285
0.232280
0.245463
0.288942
0.278725
0.332559
0.282951
0.271875
0.312727
0.257664
0.326917
0.359517
0.453181
0.553542
0.508513
0.527278
0.472082
0.382005
0.213334
0.248157
0.256301
0.211829
0.191167
0.236300
0.189205
0.199411
0.249854
0.272124
0.265757
0.280362
0.267805
0.262893
0.250991
0.257787
0.261448
0.284277
0.262733
0.251546
0.217572
0.196414
0.166252
0.186609
0.264307
0.291763
0.390508
0.437575
0.379377
0.360456
0.268367
0.186526
0.172494
0.210612
0.204121
0.175643
0.157634
0.163352
0.175284
0.198596
0.206800
0.175615
0.191636
0.184565
0.203016
0.164484
0.209893
0.231327
0.337006
0.368107
0.371339
0.448844
0.437961
0.336177
0.312672
0.250938
0.222931
0.283780
0.232626
0.264556
0.254115
0.163462
0.175588
0.188542
0.226024
0.254723
0.250524
0.255772
0.276212
0.303861
0.322726
0.341343
0.358661
0.327670
0.284194
0.165368
0.195558
0.239476
0.174649
0.177190
0.217655
0.232515
0.173516
0.210284
0.221777
0.244524
0.251077
0.240295
0.286832
0.355661
0.410183
0.404421
0.455835
0.480625
0.565127
0.439914
0.292677
0.202720
0.207380
0.243644
0.283683
0.259136
0.185556
0.185116
0.240884
0.187078
0.207311
0.248011
0.256708
0.208170
0.206535
0.295165
0.257805
0.338315
0.321323
0.337865
0.387596
0.334390
0.311681
0.308641
0.280328
0.291293
0.184371
0.259501
0.203292
0.187824
0.426927
0.426713
0.353551
0.231714
0.191360
0.193638
0.148270
0.147221
0.145260
0.181209
0.198541
0.244586
0.244144
0.216633
0.157910
0.208871
0.212849
0.288338
0.330211
0.472516
0.419593
0.382912
0.320074
0.249585
0.252319
0.215003
0.217765
0.232487
0.372223
0.213871
0.292564
0.322118
0.371698
0.399098
0.379322
0.333332
0.298585
0.319038
0.271212
0.208126
0.289359
0.249861
0.193100
0.175477
0.295326
0.289843
0.293661
0.360950
0.379486
0.423059
0.408717
0.384711
0.282815
0.198487
0.281046
0.292094
0.351866
0.393850
0.418157
0.425394
0.462489
0.526211
0.436857
0.451579
0.405396
0.242348
0.208457
0.446110
0.347198
0.276847
0.197547
0.202850
0.184427
0.173848
0.175892
0.163683
0.205391
0.168379
0.180477
0.297259
0.328361
0.439370
0.479172
0.450722
0.488978
0.425090
0.427521
0.358716
0.325985
0.275770
0.208181
0.283338
0.364848
0.290464
0.265633
0.203264
0.134073
0.129820
0.131946
0.129599
0.181471
0.221025
0.214285
0.218152
0.182493
0.189122
0.142608
0.211633
0.275936
0.448457
0.428874
0.417577
0.441138
0.394790
0.360153
0.370179
0.289580
0.211633
0.162551
0.238288
0.253341
0.212904
0.184344
0.190061
0.183874
0.301568
0.238978
0.214810
0.206717
0.278090
0.327090
0.307866
0.236133
0.278477
0.395673
0.470969
0.429758
0.450971
0.358412
0.231300
0.314605
0.343828
0.362721
0.345955
0.199812
0.181444
0.178626
0.171030
0.182521
0.222848
0.173792
0.178543
0.246077
0.244503
0.278946
0.411197
0.433045
0.502485
0.491629
0.483509
0.478620
0.356396
0.207987
0.190420
0.431415
0.194315
0.184565
0.223041
0.206385
0.197353
0.187769
0.183653
0.218705
0.190061
0.166059
0.172025
0.217075
0.210556
0.169456
0.164650
0.164981
0.165644
0.176499
0.164954
0.200254
0.240719
0.276433
0.267511
0.337697
0.384100
0.418323
0.316263
0.221467
0.169566
0.185725
0.246381
0.295105
0.357556
0.305766
0.185366
0.180283
0.174814
0.171555
0.162689
0.195945
0.270439
0.343248
0.389251
0.476307
0.483996
0.569115
0.535717
0.412801
0.364766
0.439495
0.225852
0.230716
0.203511
0.236409
0.242293
0.396999
0.522979
0.565046
0.580266
0.602970
0.571096
0.540215
0.512069
0.533835
0.463566
0.513837
0.509445
0.519195
0.526183
0.490110
0.411141
0.229366
0.279941
0.275273
0.224422
0.223055
0.232494
0.235888
0.290052
0.324467
0.301831
0.317526
0.292781
0.337032
0.414980
0.400051
0.394644
0.530185
0.533916
0.540435
0.534221
0.533171
0.469781
0.409125
0.373742
0.389652
0.316539
0.295823
0.310683
0.260661
0.234973
0.238757
0.254971
0.226798
0.275577
0.257761
0.225582
0.290685
0.363495
0.344049
0.343552
0.416997
0.512677
0.528780
0.525907
0.528255
0.534221
0.465527
0.445916
0.290492
0.250414
0.390370
0.207297
0.219809
0.201690
0.201828
0.195724
0.197740
0.194674
0.200889
0.199894
0.219312
0.213788
0.254529
0.234697
0.277040
0.294994
0.442215
0.486989
0.530879
0.570985
0.528918
0.907190
0.378493
0.318804
0.334824
0.259473
0.209258
0.205419
0.208706
0.208512
0.202933
0.196801
0.210280
0.214368
0.210004
0.217130
0.243812
0.286515
0.335680
0.308087
0.300601
0.257291
0.346508
0.432492
0.500551
0.552368
0.582752
0.448568
0.347778
0.253645
0.252016
0.201248
0.177096
0.173061
0.211694
0.228165
0.276739
0.219204
0.170887
0.221370
0.237028
0.235172
0.153093
0.134979
0.119915
0.150204
0.160230
0.164539
0.170395
0.157441
0.175093
0.185798
0.228066
0.269584
0.406866
0.445624
0.502059
0.495405
0.498963
0.352816
0.491765
0.543093
0.550681
0.547938
0.400330
0.432429
0.368911
0.285465
0.240721
0.216011
0.227400
0.469331
0.370466
0.626261
0.613544
0.567146
0.577810
0.476742
0.341356
0.242258
0.216077
0.285670
0.205162
0.274178
0.349675
0.343562
0.450451
0.446126
0.622949
0.592644
0.524443
0.522828
0.514824
0.527630
0.520637
0.513618
0.558861
0.547024
0.423923
0.238754
0.385797
0.257132
0.290302
0.238124
0.251823
0.226328
0.289778
0.369564
0.364103
0.394200
0.398545
0.487407
0.345298
0.302045
0.297778
0.249144
0.288591
0.381110
0.476190
0.570934
0.585216
0.633251
0.557044
0.592261
0.472192
0.285639
0.247964
0.243213
0.251803
0.276496
0.316602
0.307791
0.219403
0.178469
0.183938
0.182778
0.183965
0.183137
0.173552
0.169597
0.159711
0.142929
0.132200
0.149936
0.146160
0.172083
0.188633
0.200394
0.192111
0.295983
0.314658
0.297023
0.235283
0.233444
0.229941
0.151016
0.135722
0.153597
0.197393
0.215368
0.259435
0.235645
0.246578
0.166226
0.142029
0.136201
0.180809
0.178571
0.312755
0.345403
0.423985
0.498410
0.397517
0.259125
0.244439
0.292780
0.240565
0.270638
0.334675
0.325869
0.303278
0.180779
0.158407
0.170947
0.168710
0.217600
0.250552
0.259667
0.206717
0.159485
0.160893
0.169760
0.279084
0.441359
0.440724
0.601396
0.449452
0.272041
0.182410
0.171196
0.187161
0.198900
0.282565
0.245994
0.243149
0.153215
0.153325
0.146337
0.154541
0.146116
0.158918
0.146385
0.167036
0.182581
0.183946
0.218630
0.223708
0.228774
0.243710
0.337148
0.377970
0.322975
0.181555
0.194481
0.250635
0.171804
0.245815
0.317360
0.235881
0.157204
0.151715
0.205525
0.156610
0.197270
0.236906
0.283835
0.233647
0.176803
0.209286
0.297618
0.454921
0.528517
0.486927
0.502153
0.470651
0.335452
0.191646
0.188727
0.185348
0.144754
0.133047
0.226547
0.152095
0.120089
0.124181
0.203513
0.118688
0.144528
0.157793
0.174576
0.178217
0.147500
0.128053
0.125622
0.177163
0.147801
0.313280
0.498866
0.347115
0.297480
0.277206
0.246450
0.264259
0.279803
0.204369
0.185241
0.178440
0.181903
0.169879
0.175316
0.177869
0.178096
0.175461
0.178466
0.182192
0.173600
0.186692
0.196497
0.256518
0.225085
0.253314
0.165838
0.204535
0.229311
0.157468
0.179538
0.156874
0.198879
0.207148
0.204673
0.121160
0.129157
0.140592
0.142774
0.121699
0.165603
0.188853
0.123387
0.126161
0.122383
0.128311
0.125613
0.457103
0.144583
0.203009
0.224598
0.224358
0.193827
0.231576
0.197635
0.189664
0.207562
0.187901
0.119467
0.139418
0.118202
0.168741
0.167376
0.158750
0.152839
0.143745
0.138397
0.122243
0.125091
0.113560
0.188518
0.142885
0.172714
0.150174
0.270851
0.217252
0.197109
0.201000
0.193264
0.186855
0.242733
0.204726
0.249030
0.143326
0.108477
0.165191
0.223759
0.139484
0.118078
0.110363
0.109664
0.102091
0.090957
0.111429
0.096749
0.098790
0.130034
0.157740
0.123532
0.143482
0.149645
0.143296
0.130897
0.154226
0.169746
0.112543
0.119205
0.251077
0.146638
0.143790
0.138012
0.150430
0.134993
0.123666
0.129143
0.129427
0.109731
0.113421
0.113573
0.119633
0.133736
0.195898
0.225618
0.192881
0.149290
0.141418
0.113092
0.119147
0.197119
0.164863
0.107515
0.172533
0.149290
0.154808
0.172873
0.157245
0.157485
0.149632
0.152004
0.151629
0.159838
0.158432
0.156666
0.249488
0.188839
0.163417
0.149477
0.137729
0.141480
0.138879
0.130226
0.125668
0.144508
0.148395
0.114087
0.122243
0.133021
0.130063
0.153687
0.141622
0.136117
0.143382
0.144265
0.135681
0.123972
0.133173
0.124315
0.126776
0.133747
0.160601
0.217080
0.146102
0.147818
0.170983
0.180246
0.173636
0.197979
0.134110
0.172292
0.314200
0.318076
0.391484
0.481373
0.440678
0.477161
0.332589
0.279887
0.115623
0.167909
0.190807
0.121257
0.143312
0.204625
0.265567
0.293194
0.509277
0.477666
0.568519
0.511803
0.442731
0.234320
0.228653
0.137832
0.114959
0.119282
0.157724
0.244382
0.361846
0.436939
0.429965
0.434889
0.482069
0.448981
0.450446
0.437395
0.454500
0.591546
0.522510
0.499943
0.434467
0.410016
0.186060
0.124863
0.174124
0.165699
0.199701
0.148657
0.155079
0.127382
0.121571
0.127223
0.200806
0.118730
0.111279
0.137674
0.114081
0.116978
0.123853
0.176941
0.223718
0.336398
0.390840
0.422756
0.436877
0.393101
0.201757
0.153870
0.157727
0.151728
0.156584
0.099105
0.105140
0.105686
0.129188
0.124849
0.114490
0.121602
0.124903
0.164650
0.248701
0.233620
0.268809
0.280162
0.386531
0.601769
0.475333
0.486630
0.384280
0.201607
0.115898
0.119379
0.117031
0.150701
0.157247
0.137581
0.165396
0.216053
0.213456
0.214119
0.193404
0.192713
0.116755
0.127057
0.113993
0.105679
0.114020
0.103939
0.113495
0.158159
0.173433
0.157496
0.146033
0.162247
0.174234
0.104519
0.092393
0.116175
0.134349
0.224671
0.222737
0.120594
0.112888
0.191470
0.198486
0.196000
0.129378
0.110595
0.194994
0.206916
0.241227
0.279670
0.293097
0.343356
0.395776
0.386655
0.363520
0.312868
0.198071
0.128394
0.111073
0.112772
0.107933
0.129759
0.066492
0.089360
0.075044
0.142514
0.252847
0.344903
0.290145
0.306947
0.228271
0.199955
0.262141
0.222000
0.195231
0.236522
0.204936
0.198838
0.146182
0.095790
0.192078
0.152165
0.147911
0.190945
0.164940
0.128687
0.127969
0.154817
0.137609
0.156529
0.216619
0.232736
0.218622
0.270688
0.384169
0.381317
0.380209
0.387071
0.424676
0.384818
0.486271
0.459340
0.232337
0.206775
0.224185
0.182222
0.169898
0.163650
0.159565
0.161034
0.214020
0.184341
0.178687
0.191028
0.184838
0.205537
0.213760
0.291321
0.191829
0.134211
0.090874
0.133852
0.193735
0.356368
0.399485
0.214617
0.142056
0.088719
0.081372
0.073693
0.083278
0.051679
0.064827
0.126339
0.113661
0.058087
0.066816
0.089907
0.071152
0.076041
0.069964
0.074494
0.060187
0.078223
0.051679
0.071346
0.147663
0.164236
0.198955
0.245248
0.157772
0.151806
0.086924
0.112943
0.182769
0.155314
0.122914
0.140619
0.126091
0.099381
0.076704
0.128052
0.149210
0.156419
0.064937
0.073500
0.063004
0.072423
0.054994
0.066843
0.052729
0.104077
0.132554
0.089023
0.139183
0.090017
0.085598
0.090570
0.143078
0.185117
0.208871
0.195475
0.115070
0.111369
0.136476
0.136366
0.145564
0.051541
0.056458
0.051845
0.062811
0.050768
0.055878
0.056292
0.070462
0.086813
0.154679
0.182742
0.120926
0.110927
0.118191
0.131532
0.214202
0.229256
0.234200
0.147608
0.148933
0.124130
0.176472
0.173820
0.152607
0.144735
0.070572
0.095376
0.063667
0.159070
0.100845
0.125732
0.111230
0.118633
0.268506
0.292536
0.381421
0.435890
0.116396
0.094078
0.087504
0.123218
0.088940
0.112225
0.108662
0.069053
0.067617
0.084466
0.153546
0.132305
0.159650
0.164401
0.138354
0.103966
0.065959
0.119020
0.188570
0.255855
0.367417
0.303336
0.240000
0.113219
0.148878
0.210308
0.242210
0.225854
0.241428
0.205054
0.234493
0.159208
0.170939
0.185537
0.238119
0.299914
0.404429
0.430835
0.411583
0.403490
0.399154
0.413682
0.404208
0.436608
0.523145
0.566068
0.523089
0.300460
0.282526
0.180908
0.187399
0.210774
0.245306
0.131880
0.191296
0.134446
0.179093
0.234954
0.292566
0.216304
0.159871
0.135289
0.269251
0.325654
0.434951
0.453070
0.442547
0.395867
0.461357
0.401529
0.261434
0.200530
0.178322
0.313721
0.111728
0.152745
0.211053
0.201524
0.209396
0.180366
0.113026
0.134874
0.155687
0.206613
0.357998
0.419842
0.443955
0.438459
0.447242
0.438790
0.442685
0.448568
0.408600
0.377913
0.215500
0.188929
0.216605
0.397082
0.195116
0.124986
0.122030
0.182466
0.250276
0.265219
0.422328
0.256518
0.460887
0.396060
0.388437
0.501601
0.460970
0.461771
0.459147
0.253424
0.240139
0.317340
0.235636
0.275521
0.274334
0.386144
0.260910
0.260468
0.373687
0.394403
0.335763
0.277731
0.183128
0.157689
0.174925
0.279747
0.424399
0.503534
0.551705
0.524250
0.503727
0.528062
0.501987
0.505026
0.520604
0.559218
0.666637
0.602114
0.438265
0.377029
0.375123
0.359352
0.394375
0.360567
0.340431
0.331979
0.225637
0.237487
0.220748
0.179372
0.180725
0.210805
0.193321
0.219367
0.304054
0.431222
0.502402
0.522731
0.561787
0.624681
0.635508
0.662024
0.593248
0.603882
0.582144
0.400756
0.498673
0.430200
0.340017
0.255275
0.153436
0.170257
0.160838
0.172991
0.166003
0.171749
0.165810
0.191995
0.172439
0.170644
0.164567
0.136642
0.119296
0.215141
0.298834
0.277372
0.276046
0.224008
0.124185
0.118329
0.129433
0.164788
0.237211
0.323582
0.210860
0.225969
0.218594
0.245663
0.235222
0.182907
0.142912
0.121699
0.120097
0.105679
0.150895
0.259142
0.380675
0.542038
0.555904
0.506131
0.479338
0.257982
0.199867
0.410257
0.475112
0.305794
0.322312
0.305435
0.214617
0.227074
0.209645
0.202491
0.168627
0.157883
0.174234
0.166141
0.162910
0.157966
0.168462
0.150895
0.168351
0.160396
0.164539
0.284830
0.320958
0.254336
0.171224
0.168517
0.138106
0.198182
0.194287
0.165037
0.121257
0.144928
0.151143
0.213512
0.166059
0.152690
0.167136
0.157275
0.198182
0.167053
0.155148
0.173378
0.259529
0.396889
0.379985
0.363909
0.327642
0.245248
0.134101
0.129985
0.116727
0.105347
0.078803
0.069495
0.047702
0.045271
0.064247
0.127002
0.099353
0.069799
0.091095
0.070710
0.078278
0.077450
0.067285
0.068169
0.157524
0.157468
0.124654
0.068059
0.074715
0.076290
0.071235
0.076013
0.084548
0.064855
0.079825
0.102972
0.064385
0.053116
0.052121
0.067202
0.068804
0.066622
0.064495
0.078527
0.063722
0.050326
0.063114
0.068915
0.104960
0.100210
0.080543
0.100044
0.150591
0.167964
0.177052
0.121257
0.095127
0.090045
0.047978
0.071926
0.065711
0.052591
0.067561
0.083996
0.068666
0.084106
0.096039
0.213650
0.313141
0.380620
0.377885
0.379543
0.401943
0.426195
0.265357
0.083444
0.085626
0.103690
0.098856
0.139376
0.186498
0.106894
0.089244
0.078803
0.056154
0.095238
0.147829
0.153739
0.115263
0.067119
0.081179
0.077698
0.066539
0.059524
0.057121
0.081344
0.073030
0.120843
0.146392
0.172356
0.094658
0.081980
0.085598
0.101259
0.120014
0.107225
0.234476
0.288144
0.268865
0.257733
0.157385
0.106314
0.058916
0.069412
0.056292
0.059413
0.073638
0.052591
0.072395
0.130842
0.162854
0.183432
0.139680
0.181471
0.214037
0.097696
0.089216
0.077533
0.072671
0.114131
0.068528
0.079963
0.056264
0.050132
0.108220
0.144072
0.137443
0.183460
0.143934
0.179344
0.133189
0.135924
0.130179
0.094492
0.080405
0.140343
0.288669
0.199314
0.115512
0.155342
0.132029
0.136918
0.191028
0.151281
0.074135
0.060932
0.073224
0.097641
0.064054
0.081372
0.101812
0.071898
0.118550
0.178184
0.147580
0.195365
0.218511
0.239641
0.212655
0.186139
0.124047
0.064357
0.124903
0.135399
0.121340
0.145481
0.182769
0.168848
0.143382
0.057480
0.051679
0.050630
0.085819
0.058281
0.068473
0.061678
0.077312
0.129157
0.127997
0.054856
0.055574
0.082422
0.069909
0.078499
0.071263
0.073914
0.071152
0.073583
0.074632
0.080847
0.079411
0.076373
0.087338
0.070765
0.064026
0.088194
0.150259
0.121782
0.080295
0.080240
0.068086
0.142442
0.217710
0.333830
0.360760
0.377609
0.431139
0.392525
0.325737
0.122997
0.104463
0.057618
0.084769
0.046956
0.056706
0.058281
0.034499
0.128438
0.115512
0.135979
0.137471
0.147055
0.101867
0.077864
0.067313
0.066843
0.087117
0.055077
0.063446
0.060546
0.109656
0.105872
0.105402
0.118605
0.109711
0.106176
0.082864
0.130041
0.224533
0.236548
0.190807
0.187824
0.160313
0.130206
0.152469
0.158794
0.149900
0.099768
0.089134
0.084438
0.077754
0.069302
0.081123
0.091785
0.090073
0.101618
0.103939
0.098525
0.166970
0.196994
0.211302
0.217683
0.297121
0.115318
0.124074
0.141918
0.167136
0.188570
0.179731
0.263037
0.274444
0.209866
0.096536
0.110982
0.098387
0.085515
0.086040
0.083112
0.139818
0.196580
0.176334
0.139680
0.226300
0.208208
0.154761
0.152165
0.096260
0.106231
0.090100
0.077947
0.070047
0.066678
0.146033
0.156087
0.171749
0.157883
0.114959
0.088968
0.091592
0.081400
0.117666
0.141310
0.230305
0.268395
0.297950
0.207048
0.267732
0.280079
0.158656
0.200999
0.273312
0.200944
0.136504
0.166998
0.133024
0.133935
0.139017
0.149182
0.071787
0.083582
0.102585
0.073251
0.063114
0.061098
0.054358
0.074909
0.062065
0.114296
0.097503
0.093746
0.071428
0.122804
0.088112
0.061623
0.059165
0.065683
0.064744
0.029361
0.067838
0.128742
0.137360
0.151447
0.150535
0.155093
0.058060
0.059579
0.043945
0.049028
0.049359
0.045989
0.053751
0.088747
0.117224
0.179842
0.185670
0.163573
0.151033
0.131560
0.229836
0.116976
0.061982
0.064689
0.046652
0.045824
0.054193
0.065656
0.054110
0.054718
0.069661
0.071649
0.050381
0.065766
0.042426
0.056872
0.051431
0.060518
0.067617
0.147249
0.237349
0.094133
0.076676
0.087587
0.106645
0.114904
0.084659
0.078582
0.070986
0.066871
0.108330
0.096426
0.083250
0.097392
0.101204
0.092697
0.083471
0.083913
0.081759
0.087311
0.093774
0.106563
0.097171
0.107750
0.117086
0.100928
0.197768
0.193321
0.155866
0.189509
0.220887
0.155424
0.142470
0.176637
0.135869
0.135758
0.143520
0.082422
0.064744
0.095763
0.069274
0.057148
0.069412
0.143354
0.248563
0.302065
0.253645
0.235774
0.191940
0.102613
0.074163
0.073555
0.063805
0.065076
0.107004
0.055629
0.081952
0.061678
0.204977
0.187161
0.119158
0.088333
0.110098
0.089796
0.094216
0.074550
0.087421
0.102696
0.163849
0.183184
0.199397
0.224367
0.180035
0.186001
0.173102
0.159429
0.060767
0.046625
0.054027
0.060794
0.050105
0.031958
0.045630
0.047426
0.062534
0.048475
0.055795
0.051348
0.057176
0.039443
0.047508
0.059579
0.043420
0.064523
0.045464
0.044912
0.060380
0.031599
0.032151
0.061457
0.106342
0.113689
0.029886
0.025853
0.025080
0.035687
0.046514
0.047508
0.050409
0.053751
0.054745
0.052204
0.047702
0.047647
0.034471
0.048558
0.038780
0.035825
0.030853
0.024528
0.024914
0.032510
0.119517
0.080847
0.205833
0.150453
0.139515
0.126284
0.133714
0.161335
0.146889
0.086095
0.074798
0.082283
0.083388
0.089299
0.075599
0.084852
0.080764
0.091481
0.081952
0.083968
0.057203
0.055684
0.082256
0.074190
0.061015
0.085184
0.149127
0.082670
0.106756
0.251795
0.235194
0.059303
0.052204
0.072920
0.069412
0.063114
0.072450
0.066595
0.061291
0.052121
0.066678
0.057424
0.073555
0.087034
0.063833
0.096923
0.077395
0.066374
0.055795
0.118854
0.118661
0.077892
0.034747
0.043918
0.036073
0.064716
0.067313
0.051900
0.069523
0.054524
0.063805
0.069219
0.059441
0.038504
0.052094
0.078196
0.072312
0.098028
0.173765
0.153739
0.141614
0.087559
0.077008
0.096066
0.156971
0.078251
0.099519
0.033753
0.032924
0.055546
0.096481
0.124848
0.083195
0.045685
0.051596
0.045713
0.041708
0.045603
0.048199
0.039664
0.038808
0.066788
0.097420
0.158656
0.219423
0.074080
0.099768
0.111534
0.120566
0.123771
0.144155
0.111313
0.090128
0.047757
0.073417
0.098525
0.127389
0.110871
0.056458
0.053778
0.051182
0.037869
0.046293
0.055491
0.041156
0.042564
0.052287
0.044304
0.044222
0.077781
0.079936
0.042896
0.076870
0.074853
0.082394
0.070020
0.029941
0.053530
0.045271
0.061927
0.048807
0.056900
0.048889
0.062203
0.047011
0.044940
0.047702
0.034029
0.036432
0.030300
0.051679
0.044304
0.020605
0.093387
0.089686
0.047260
0.096647
0.058529
0.034720
0.041874
0.029803
0.034223
0.039222
0.052287
0.056872
0.049414
0.048862
0.058778
0.047812
0.040299
0.041791
0.044056
0.037289
0.036930
0.054414
0.040741
0.041901
0.022180
0.044608
0.046348
0.028505
0.027953
0.051928
0.165782
0.091205
0.076428
0.045934
0.045989
0.056541
0.053944
0.057618
0.062783
0.061236
0.038255
0.040658
0.040216
0.122251
0.113081
0.117307
0.059910
0.067258
0.052784
0.057231
0.071953
0.049663
0.059717
0.048448
0.035272
0.024831
0.046873
0.052094
0.072588
0.059524
0.057507
0.057949
0.060021
0.052176
0.041294
0.048586
0.034747
0.057590
0.058585
0.061871
0.056817
0.079494
0.094713
0.073997
0.100983
0.056789
0.058529
0.043448
0.057148
0.040410
0.030825
0.049663
0.069384
0.051624
0.043144
0.059855
0.052480
0.050961
0.063915
0.037454
0.046652
0.051375
0.068970
0.065932
0.071870
0.081151
0.076041
0.064606
0.076594
0.071787
0.056154
0.059551
0.049691
0.062949
0.038614
0.040189
0.051928
0.055850
0.052480
0.070710
0.052922
0.052287
0.048448
0.042951
0.047647
0.185697
0.159761
0.142000
0.160617
0.142553
0.149734
0.144707
0.211468
0.267401
0.255054
0.208568
0.248370
0.117390
0.121008
0.121174
0.119683
0.129764
0.127997
0.137913
0.131891
0.128300
0.114876
0.123743
0.159623
0.137553
0.310131
0.146033
0.147249
0.126091
0.138520
0.132692
0.129543
0.131946
0.165672
0.156750
0.114241
0.106369
0.108247
0.111175
0.063114
0.058060
0.072506
0.051154
0.044995
0.042343
0.040134
0.045354
0.039333
0.051596
0.067009
0.069357
0.055132
0.117252
0.118219
0.138990
0.110733
0.054469
0.071677
0.064136
0.076538
0.035742
0.040465
0.039167
0.045520
0.042537
0.057811
0.057369
0.071263
0.046542
0.044719
0.041404
0.042371
0.050878
0.041321
0.050602
0.037178
0.024804
0.035466
0.027815
0.027704
0.045078
0.026268
0.025191
0.031626
0.028118
0.030439
0.061954
0.065186
0.050105
0.059192
0.050933
0.053254
0.047591
0.041708
0.065462
0.039995
0.058888
0.050298
0.054220
0.054469
0.107364
0.142387
0.127610
0.138465
0.111286
0.120732
0.138741
0.112556
0.024914
0.043089
0.047260
0.083223
0.098746
0.053033
0.051541
0.050160
0.049193
0.043862
0.040658
0.051237
0.080820
0.201414
0.131808
0.147028
0.151447
0.084162
0.057342
0.112363
0.177245
0.113136
0.064634
0.045437
0.084410
0.118937
0.070130
0.085488
0.074853
0.069633
0.086178
0.073804
0.068003
0.057784
0.058364
0.065628
0.071760
0.085709
0.100237
0.168075
0.279140
0.285824
0.247044
0.224892
0.240249
0.288807
0.219450
0.209451
0.130565
0.124654
0.157772
0.153905
0.146889
0.118937
0.080930
0.086095
0.079190
0.139957
0.226190
0.224367
0.289249
0.275300
0.214313
0.113302
0.083057
0.153463
0.126947
0.155314
0.164871
0.096591
0.081897
0.084051
0.068445
0.058557
0.064523
0.066374
0.080433
0.091951
0.076842
0.083692
0.158518
0.301485
0.417770
0.363633
0.409429
0.358633
0.307838
0.156695
0.209175
0.193984
0.162330
0.125980
0.137029
0.154568
0.141199
0.084355
0.040714
0.061153
0.094685
0.124351
0.117418
0.128742
0.092255
0.072229
0.065490
0.063032
0.065103
0.074025
0.053530
0.067672
0.054220
0.057314
0.107944
0.193376
0.175284
0.140758
0.118357
0.102198
0.051955
0.045299
0.064661
0.054469
0.071484
0.181305
0.139487
0.146254
0.077367
0.082560
0.065628
0.056982
0.159291
0.202408
0.234614
0.259170
0.238675
0.185449
0.130123
0.049663
0.099851
0.134819
0.121506
0.128494
0.129046
0.127527
0.085046
0.055684
0.075958
0.074218
0.070655
0.079770
0.079963
0.072091
0.055629
0.140923
0.164236
0.167909
0.240884
0.266462
0.214451
0.170644
0.094326
0.104353
0.080433
0.080709
0.091205
0.079853
0.080488
0.080129
0.081952
0.114711
0.077174
0.168241
0.156336
0.213236
0.175035
0.200999
0.161639
0.184178
0.165644
0.150370
0.154347
0.117059
0.088167
0.153601
0.090128
0.067893
0.094050
0.079880
0.048889
0.048696
0.054939
0.030963
0.032234
0.037813
0.047149
0.061678
0.069302
0.050492
0.060159
0.057010
0.055491
0.053226
0.042233
0.053640
0.109711
0.133355
0.163683
0.181692
0.105679
0.109794
0.072727
0.052480
0.049304
0.048586
0.186719
0.144707
0.044525
0.101314
0.127527
0.059745
0.066871
0.068335
0.082891
0.070406
0.058502
0.062507
0.058502
0.051900
0.072809
0.071539
0.057645
0.084493
0.068915
0.061098
0.073224
0.078720
0.104132
0.086869
0.058087
0.070876
0.031212
0.034830
0.044028
0.056900
0.052397
0.058281
0.047011
0.053613
0.055684
0.045685
0.050492
0.049193
0.132333
0.128107
0.130234
0.117915
0.129654
0.112170
0.132720
0.121423
0.107612
0.122914
0.110761
0.103773
0.056071
0.040493
0.054331
0.070241
0.057424
0.057728
0.055767
0.074688
0.060214
0.073666
0.053309
0.101397
0.135924
0.112335
0.101618
0.092973
0.098414
0.101618
0.103469
0.111092
0.089216
0.115622
0.089824
0.030052
0.042095
0.028864
0.037316
0.046210
0.053530
0.050768
0.061982
0.052453
0.048586
0.038200
0.057784
0.040769
0.035466
0.043835
0.035604
0.028008
0.051293
0.037924
0.029555
0.076207
0.054718
0.043807
0.068086
0.076566
0.049608
0.049773
0.148050
0.092476
0.079825
0.092973
0.076842
0.077201
0.073334
0.065241
0.063888
0.054027
0.057148
0.048807
0.032759
0.072754
0.058861
0.036018
0.063391
0.066484
0.053585
0.047426
0.057811
0.043945
0.032289
0.042371
0.037040
0.043835
0.049249
0.046072
0.049249
0.047812
0.042592
0.033090
0.045078
0.035659
0.049387
0.064164
0.052121
0.051072
0.055187
0.056181
0.080101
0.098663
0.106065
0.048309
0.041266
0.039857
0.024362
0.041073
0.063391
0.049387
0.044581
0.048530
0.045050
0.048199
0.038670
0.036349
0.032952
0.028229
0.039498
0.262015
0.254667
0.207380
0.178405
0.111258
0.083140
0.071069
0.065517
0.085957
0.032041
0.042564
0.026295
0.033974
0.046901
0.048586
0.047315
0.053060
0.059607
0.053033
0.045658
0.055878
0.046017
0.041238
0.049110
0.074246
0.310849
0.211993
0.262677
0.229366
0.168876
0.202518
0.229394
0.183847
0.148961
0.176361
0.068445
0.037813
0.042371
0.047398
0.048420
0.052094
0.048006
0.051928
0.047370
0.040355
0.037012
0.044498
0.060159
0.071428
0.169566
0.212628
0.198817
0.044940
0.044111
0.028947
0.052867
0.039940
0.030853
0.086454
0.102116
0.029085
0.045575
0.058474
0.049470
0.047647
0.045630
0.047536
0.045243
0.037786
0.055546
0.029831
0.035576
0.028643
0.036709
0.036460
0.033256
0.056347
0.029803
0.044028
0.040465
0.031378
0.024693
0.028698
0.035687
0.027400
0.071732
0.114628
0.067893
0.086482
0.047426
0.052508
0.040576
0.032041
0.034306
0.037841
0.040796
0.024334
0.043338
0.036018
0.034941
0.055684
0.081123
0.039498
0.033532
0.039360
0.029941
0.027759
0.034720
0.028864
0.039139
0.043780
0.051431
0.057701
0.065241
0.046459
0.043752
0.034388
0.026351
0.031074
0.048365
0.066318
0.051293
0.070103
0.079963
0.075212
0.137995
0.158628
0.176113
0.196055
0.170533
0.095984
0.030466
0.036073
0.077395
0.128604
0.123052
0.122196
0.046376
0.045851
0.039415
0.040410
0.036018
0.030494
0.052729
0.231051
0.257512
0.239144
0.264639
0.290492
0.262871
0.262208
0.147221
0.161391
0.073417
0.029638
0.032897
0.035521
0.043338
0.030146
0.024544
0.038081
0.020510
0.013862
0.036210
0.042257
0.026897
0.035562
0.057362
0.092925
0.061120
0.056156
0.051551
0.053550
0.062051
0.115134
0.100218
0.102196
0.108885
0.041272
0.020291
0.017937
0.090633
0.059007
0.017885
0.018550
0.021696
0.028549
0.018661
0.020741
0.023475
0.052693
0.035957
0.059825
0.103555
0.122483
0.104447
0.104659
0.095143
0.104581
0.106535
0.112943
0.099491
0.039554
0.032538
0.026213
0.031046
0.042426
0.024887
0.020826
0.029472
0.024721
0.029803
0.035245
0.029251
0.042785
0.044663
0.112971
0.163214
0.165617
0.197851
0.181250
0.123135
0.127085
0.124792
0.127831
0.163655
0.076566
0.024417
0.037068
0.029251
0.026682
0.035189
0.039277
0.031378
0.032344
0.028533
0.030770
0.036819
0.037150
0.039471
0.041984
0.079466
0.094713
0.101701
0.155397
0.102502
0.101812
0.121119
0.100237
0.101425
0.112446
0.094685
0.097668
0.117804
0.116727
0.118550
0.121616
0.044802
0.055684
0.049773
0.032372
0.039968
0.038145
0.045520
0.035548
0.031461
0.031847
0.045879
0.033366
0.039305
0.034803
0.036598
0.027317
0.045492
0.031157
0.032317
0.029002
0.038145
0.067700
0.057645
0.050409
0.053254
0.057673
0.049525
0.040272
0.046017
0.039056
0.051044
0.092669
0.113523
0.119268
0.119489
0.188818
0.122804
0.143409
0.191249
0.140619
0.065103
0.041211
0.031019
0.026102
0.035355
0.069467
0.067340
0.064330
0.047039
0.047481
0.048171
0.043890
0.034775
0.031571
0.071318
0.086869
0.123329
0.141780
0.143796
0.120677
0.136670
0.135730
0.126864
0.125234
0.063722
0.049856
0.032206
0.034941
0.039333
0.052618
0.056430
0.056320
0.063777
0.052259
0.052453
0.036819
0.039056
0.051955
0.077063
0.101756
0.164981
0.156667
0.127030
0.114407
0.134046
0.154679
0.181526
0.140564
0.156281
0.065324
0.095542
0.172715
0.136476
0.071594
0.069771
0.071207
0.059883
0.052342
0.067147
0.053198
0.040769
0.080847
0.089575
0.078914
0.045216
0.061706
0.054469
0.077256
0.051679
0.131477
0.118522
0.148519
0.119821
0.159568
0.133990
0.039277
0.034444
0.053254
0.049110
0.046321
0.043752
0.046293
0.061650
0.035245
0.047011
0.033256
0.029389
0.073169
0.101508
0.069633
0.033422
0.039968
0.038670
0.093857
0.049193
0.060628
0.035410
0.038366
0.025135
0.041294
0.032455
0.044829
0.041183
0.041874
0.044166
0.041266
0.042481
0.038338
0.025688
0.027041
0.022042
0.027014
0.038891
0.025577
0.033725
0.048171
0.023754
0.027594
0.022594
0.050630
0.028947
0.028616
0.028312
0.029334
0.033366
0.041625
0.051320
0.055159
0.047757
0.044663
0.045243
0.047840
0.031461
0.031101
0.022318
0.032151
0.023975
0.028174
0.028533
0.025522
0.039995
0.074080
0.055463
0.029803
0.042813
0.023174
0.022125
0.038946
0.033974
0.041846
0.045603
0.047508
0.045243
0.040907
0.039498
0.035024
0.028505
0.028312
0.027732
0.031019
0.023174
0.037537
0.050492
0.030273
0.030715
0.031433
0.051983
0.069467
0.079052
0.037399
0.022870
0.026654
0.034913
0.047260
0.048365
0.042426
0.060408
0.060463
0.038172
0.033366
0.033477
0.028837
0.046017
0.090625
0.121340
0.139238
0.184869
0.148933
0.143022
0.142056
0.140702
0.099519
0.065407
0.072782
0.059910
0.072588
0.039001
0.047039
0.052591
0.044083
0.045520
0.045050
0.049994
0.028533
0.045906
0.030162
0.070241
0.121727
0.122196
0.057507
0.067506
0.077754
0.056817
0.057866
0.058087
0.090653
0.059551
0.063529
0.041238
0.036184
0.086675
0.135482
0.129792
0.054138
0.053944
0.051127
0.050547
0.037675
0.037896
0.082035
0.055159
0.060325
0.070710
0.082643
0.084714
0.070655
0.081482
0.165368
0.162910
0.143437
0.142581
0.122721
0.038614
0.044415
0.035742
0.051293
0.049387
0.068501
0.053475
0.062037
0.049967
0.038725
0.037123
0.041321
0.096232
0.113551
0.143133
0.128162
0.150121
0.152027
0.140592
0.144210
0.123273
0.068031
0.071760
0.066042
0.065877
0.062175
0.057756
0.079052
0.119489
0.110595
0.078693
0.074632
0.065821
0.069495
0.060490
0.058474
0.051873
0.055519
0.054165
0.100127
0.132830
0.072699
0.121478
0.058198
0.077781
0.087614
0.050657
0.053944
0.125538
0.080681
0.063142
0.086758
0.065683
0.070020
0.068666
0.074715
0.064744
0.054469
0.053557
0.053640
0.067368
0.055132
0.053944
0.048834
0.047978
0.055961
0.056402
0.055132
0.070489
0.048834
0.055988
0.051403
0.049718
0.051928
0.054718
0.068666
0.068141
0.076815
0.066788
0.085405
0.063998
0.055684
0.060297
0.058805
0.062479
0.090073
0.131891
0.072782
0.075958
0.072671
0.080599
0.081842
0.127637
0.115318
0.083112
0.048917
0.048282
0.052674
0.053005
0.106093
0.136946
0.114849
0.065877
0.059441
0.058364
0.047868
0.044857
0.054469
0.062396
0.078472
0.067589
0.092752
0.112308
0.137194
0.105817
0.125373
0.121312
0.165064
0.119931
0.122804
0.052867
0.111534
0.066401
0.080654
0.066539
0.062010
0.064965
0.061733
0.060242
0.046127
0.053143
0.043227
0.070793
0.138410
0.117804
0.133134
0.153021
0.158739
0.170588
0.128356
0.116092
0.153684
0.182797
0.155176
0.158877
0.138575
0.139349
0.114020
0.147967
0.172909
0.151281
0.068528
0.103441
0.061927
0.046321
0.067672
0.053806
0.110568
0.063170
0.133272
0.080433
0.085847
0.142636
0.077505
0.195530
0.276875
0.140316
0.174290
0.040852
0.083886
0.044746
0.064551
0.077367
0.137747
0.057397
0.059827
0.056181
0.046127
0.043780
0.048033
0.101121
0.144155
0.143575
0.139128
0.155424
0.201027
0.172356
0.185946
0.241906
0.184758
0.116175
0.055988
0.099298
0.069964
0.094575
0.058419
0.064136
0.062120
0.057065
0.057369
0.060518
0.052425
0.065490
0.058225
0.039305
0.043973
0.058225
0.044332
0.040631
0.046569
0.103137
0.057176
0.129184
0.050243
0.144956
0.049166
0.119544
0.061927
0.094934
0.061070
0.106507
0.059413
0.057922
0.062203
0.083665
0.059413
0.045326
0.043752
0.047011
0.095928
0.062148
0.075240
0.094796
0.064799
0.132637
0.073003
0.122555
0.114269
0.116617
0.211440
0.104905
0.150784
0.075793
0.137719
0.118992
0.186526
0.136090
0.077671
0.143299
0.068335
0.066567
0.125704
0.092338
0.107087
0.146751
0.128494
0.200972
0.211744
0.160507
0.192022
0.220610
0.272704
0.213070
0.129681
0.049331
0.090321
0.060076
0.061595
0.060380
0.110402
0.059662
0.063998
0.063225
0.050906
0.048282
0.058750
0.113302
0.137167
0.156944
0.260799
0.154900
0.249530
0.192879
0.202463
0.266158
0.278477
0.232432
0.171776
0.080985
0.122058
0.083775
0.098967
0.107999
0.085570
0.089548
0.075461
0.064551
0.052618
0.077256
0.059910
0.063694
0.068169
0.092669
0.103690
0.068169
0.079411
0.075489
0.092807
0.157109
0.083830
0.166721
0.104629
0.158988
0.066567
0.172798
0.160479
0.174317
0.121423
0.061512
0.066512
0.056955
0.052453
0.043503
0.064910
0.068224
0.072948
0.134267
0.073970
0.084245
0.132665
0.131173
0.130179
0.232681
0.203099
0.291569
0.246381
0.152110
0.127085
0.077284
0.108413
0.058391
0.063446
0.139763
0.061181
0.061181
0.042951
0.044249
0.101232
0.074218
0.060463
0.070876
0.095265
0.138299
0.224008
0.112252
0.107916
0.098911
0.219395
0.192078
0.065352
0.094685
0.049801
0.069440
0.054773
0.061623
0.059772
0.078858
0.071760
0.054690
0.043089
0.044608
0.044995
0.044001
0.042951
0.046707
0.044663
0.069743
0.050685
0.056596
0.043752
0.040465
0.038338
0.043338
0.056541
0.039112
0.042758
0.054165
0.063943
0.061816
0.059855
0.065600
0.058032
0.053226
0.042758
0.044222
0.041459
0.039167
0.039029
0.058391
0.061485
0.055380
0.049884
0.040741
0.040852
0.038559
0.036653
0.043117
0.040686
0.090432
0.085902
0.061181
0.060297
0.056651
0.053088
0.077367
0.060463
0.053530
0.046928
0.041874
0.040714
0.048144
0.080240
0.145039
0.083471
0.089686
0.086786
0.084300
0.142719
0.214865
0.244779
0.185863
0.089935
0.132609
0.074052
0.070379
0.071705
0.058944
0.056292
0.066788
0.061402
0.057563
0.044857
0.043559
0.069964
0.058695
0.156640
0.070876
0.100955
0.091785
0.124074
0.129654
0.113192
0.154320
0.122086
0.204756
0.094906
0.102475
0.121367
0.060988
0.055933
0.060242
0.058336
0.067368
0.059993
0.055215
0.051431
0.049000
0.072809
0.065324
0.076345
0.168517
0.131946
0.174290
0.168544
0.108165
0.174704
0.136034
0.113551
0.175201
0.134847
0.143989
0.062700
0.063391
0.110789
0.065545
0.069661
0.063584
0.080350
0.065379
0.059165
0.064026
0.048503
0.061595
0.135261
0.084880
0.074605
0.094050
0.070710
0.208457
0.248204
0.249972
0.209286
0.178378
0.102060
0.067976
0.112667
0.069384
0.063363
0.048751
0.047177
0.054331
0.060214
0.049635
0.040216
0.044166
0.033035
0.030604
0.051099
0.082615
0.102005
0.094023
0.129930
0.074494
0.072892
0.134985
0.101121
0.110485
0.050989
0.042288
0.038670
0.044553
0.062258
0.070047
0.096232
0.060242
0.063556
0.077312
0.044967
0.037565
0.059662
0.105016
0.091785
0.049387
0.057701
0.039112
0.039250
0.050961
0.044663
0.042509
0.035438
0.042868
0.038338
0.049663
0.053999
0.050188
0.055270
0.056126
0.058115
0.045321
0.045630
0.040774
0.033899
0.037990
0.040937
0.042782
0.047357
0.045923
0.041073
0.039258
0.034957
0.048525
0.047467
0.054781
0.047950
0.052765
0.061137
0.051585
0.059283
0.057897
0.060435
0.056104
0.064584
0.066401
0.072837
0.052701
0.042564
0.044332
0.045354
0.110844
0.123550
0.068473
0.096867
0.096398
0.184454
0.155977
0.147580
0.133134
0.152607
0.215031
0.168627
0.103883
0.145646
0.129295
0.116037
0.119572
0.113606
0.056568
0.057784
0.065849
0.048033
0.039609
0.079328
0.062755
0.065186
0.078030
0.103579
0.097033
0.078085
0.096508
0.117197
0.093691
0.159070
0.151392
0.085653
0.077395
0.091564
0.043945
0.059082
0.059358
0.071981
0.062921
0.054662
0.052756
0.045713
0.041183
0.068666
0.070572
0.071705
0.055822
0.078748
0.064440
0.199397
0.159153
0.140813
0.266821
0.163241
0.144183
0.121892
0.116340
0.186995
0.134874
0.130455
0.133935
0.130261
0.132416
0.129460
0.131256
0.137194
0.114352
0.123688
0.146061
0.157358
0.220307
0.176720
0.193486
0.196994
0.202242
0.193044
0.206662
0.233730
0.213871
0.214258
0.194840
0.171969
0.189619
0.179952
0.188459
0.172798
0.171914
0.177853
0.165727
0.144127
0.144625
0.147414
0.155121
0.136366
0.146641
0.232957
0.235968
0.233565
0.126312
0.137526
0.156308
0.120180
0.076234
0.033477
0.030963
0.041321
0.034665
0.049000
0.057563
0.046183
0.052370
0.062811
0.054911
0.037289
0.031847
0.058198
0.110457
0.050132
0.042537
0.027262
0.035604
0.026710
0.027980
0.032565
0.034085
0.026765
0.027704
0.043089
0.032538
0.027096
0.047812
0.052232
0.059192
0.045879
0.047702
0.049939
0.050464
0.032317
0.031792
0.035604
0.047481
0.032400
0.037040
0.034747
0.051983
0.030715
0.040134
0.062507
0.038973
0.040686
0.035825
0.049746
0.028864
0.046735
0.038476
0.069191
0.047011
0.048033
0.049055
0.051154
0.046569
0.051486
0.048862
0.034913
0.034747
0.036046
0.037813
0.076511
0.076676
0.153878
0.110457
0.130759
0.162910
0.209009
0.094547
0.177577
0.119020
0.162882
0.095072
0.079328
0.078748
0.070793
0.074080
0.065766
0.080295
0.053475
0.051596
0.050105
0.045133
0.055049
0.048558
0.051154
0.051099
0.063860
0.061568
0.068169
0.062811
0.075489
0.136614
0.079107
0.107667
0.088415
0.047923
0.069025
0.060159
0.062037
0.079494
0.059441
0.056043
0.046348
0.043641
0.048448
0.069550
0.093498
0.157800
0.104463
0.125345
0.182880
0.087863
0.245801
0.150314
0.187189
0.263285
0.181858
0.101977
0.098276
0.112667
0.050740
0.052453
0.105430
0.062728
0.050768
0.047205
0.039692
0.036764
0.045078
0.065987
0.067119
0.086068
0.182217
0.262567
0.214230
0.280106
0.181941
0.274030
0.301181
0.229118
0.121008
0.168047
0.154237
0.048199
0.075489
0.126892
0.068197
0.078582
0.120180
0.074798
0.045603
0.050933
0.051569
0.071456
0.080875
0.094934
0.103718
0.115153
0.227267
0.194287
0.183294
0.270522
0.179151
0.222157
0.143161
0.114048
0.133687
0.187023
0.173185
0.186112
0.171307
0.193763
0.131118
0.097558
0.071677
0.059441
0.042840
0.064910
0.082753
0.086206
0.161722
0.139515
0.121588
0.132444
0.176085
0.108330
0.137692
0.219395
0.180228
0.173654
0.131643
0.106176
0.079190
0.115788
0.073776
0.067258
0.076455
0.069992
0.056375
0.044940
0.052591
0.070793
0.057701
0.055574
0.102171
0.143603
0.163075
0.099353
0.135206
0.185808
0.213595
0.167578
0.111203
0.153519
0.124489
0.091481
0.103110
0.105513
0.090459
0.080571
0.109794
0.079356
0.058640
0.050436
0.061789
0.075185
0.128162
0.221577
0.342144
0.200005
0.114352
0.117639
0.163407
0.106369
0.069357
0.154651
0.102364
0.146724
0.032786
0.085377
0.057701
0.058971
0.080101
0.053917
0.050685
0.047702
0.049773
0.036681
0.051348
0.044663
0.061153
0.095763
0.142028
0.151751
0.313086
0.228924
0.191139
0.140343
0.207960
0.199950
0.190503
0.228621
0.206137
0.186968
0.172853
0.075019
0.069191
0.086648
0.052867
0.066125
0.080571
0.032179
0.056817
0.057314
0.058336
0.226659
0.232570
0.297535
0.353109
0.287012
0.200336
0.257761
0.275742
0.202878
0.218843
0.142967
0.222792
0.127472
0.221522
0.133217
0.222461
0.066595
0.079107
0.057507
0.050215
0.066595
0.052204
0.032317
0.050602
0.078748
0.068280
0.148243
0.065214
0.064136
0.126339
0.092476
0.116810
0.165920
0.170450
0.134073
0.098856
0.054469
0.050630
0.078334
0.136808
0.104325
0.053088
0.051348
0.039222
0.031958
0.037399
0.070268
0.063529
0.068114
0.099574
0.078361
0.057203
0.144652
0.162385
0.205225
0.230471
0.219561
0.204259
0.098387
0.113855
0.121008
0.077698
0.112391
0.083637
0.119765
0.070296
0.067479
0.073362
0.060104
0.052315
0.058916
0.048807
0.050795
0.094879
0.045575
0.093498
0.062203
0.157634
0.078002
0.185531
0.163932
0.100734
0.169235
0.167108
0.126339
0.133162
0.101314
0.090100
0.099602
0.051320
0.096039
0.037289
0.065683
0.048862
0.035825
0.059165
0.079549
0.029251
0.087311
0.072202
0.115401
0.074494
0.099326
0.131504
0.088333
0.145508
0.088194
0.144183
0.072036
0.075074
0.099602
0.072367
0.090680
0.051458
0.050795
0.042012
0.070462
0.033532
0.036405
0.113634
0.129322
0.197602
0.155093
0.266683
0.157910
0.322477
0.248729
0.262843
0.141918
0.183653
0.156170
0.090266
0.135233
0.061402
0.084604
0.056568
0.090183
0.060988
0.079825
0.041432
0.046707
0.060960
0.042260
0.114379
0.202657
0.244945
0.237321
0.183377
0.178101
0.146309
0.264141
0.206468
0.170892
0.237045
0.154789
0.195116
0.062120
0.108413
0.081759
0.067810
0.076538
0.062728
0.071898
0.051707
0.032897
0.062175
0.044056
0.078306
0.233509
0.171721
0.207849
0.174152
0.345790
0.249723
0.385205
0.169705
0.112915
0.219174
0.166832
0.235415
0.079715
0.123660
0.090515
0.088857
0.096039
0.079687
0.052121
0.087918
0.042619
0.149983
0.112915
0.120981
0.203071
0.185780
0.188708
0.177742
0.213788
0.245083
0.333443
0.220472
0.189260
0.297342
0.200419
0.221025
0.158297
0.161943
0.147746
0.137581
0.119103
0.103773
0.098497
0.090929
0.086399
0.093442
0.118191
0.131615
0.231189
0.197436
0.182990
0.224919
0.119434
0.167108
0.153933
0.207021
0.173682
0.093028
0.152248
0.120263
0.090570
0.089078
0.056099
0.068390
0.051734
0.067175
0.071953
0.039222
0.034388
0.035217
0.037675
0.062700
0.052812
0.039913
0.057507
0.036543
0.059827
0.062672
0.136531
0.073307
0.181968
0.072782
0.157551
0.107916
0.136725
0.070848
0.083554
0.049746
0.050795
0.047370
0.052508
0.037040
0.034582
0.037150
0.034720
0.034167
0.065573
0.100652
0.108689
0.118909
0.073030
0.043448
0.107032
0.075185
0.055988
0.078720
0.106701
0.056458
0.156612
0.151916
0.083582
0.050353
0.052977
0.052563
0.048420
0.034526
0.049442
0.037095
0.044001
0.067313
0.104104
0.125152
0.060988
0.162302
0.168130
0.183267
0.250662
0.350347
0.422466
0.358219
0.304744
0.323002
0.255800
0.197326
0.201911
0.181554
0.152441
0.188404
0.161915
0.140647
0.136421
0.145315
0.167633
0.187382
0.207932
0.169263
0.205060
0.208733
0.215059
0.269804
0.295630
0.237570
0.330598
0.198044
0.190807
0.072119
0.132996
0.108689
0.126312
0.084355
0.087090
0.100458
0.105099
0.087614
0.073472
0.046846
0.138299
0.111203
0.159678
0.146337
0.110457
0.113827
0.077616
0.129516
0.217434
0.084272
0.186415
0.067672
0.054469
0.054248
0.075710
0.064578
0.054248
0.064081
0.053557
0.052259
0.054828
0.037979
0.040548
0.052232
0.047840
0.099160
0.120263
0.124986
0.116534
0.146448
0.102557
0.171721
0.111258
0.131725
0.127858
0.229035
0.138548
0.159706
0.052784
0.114435
0.048448
0.072892
0.059468
0.050989
0.069440
0.044442
0.047508
0.037150
0.050243
0.088913
0.112860
0.109905
0.144017
0.147552
0.101839
0.181858
0.212103
0.213871
0.239061
0.149403
0.175698
0.145011
0.163711
0.138520
0.075986
0.099851
0.048558
0.087200
0.051072
0.047287
0.053281
0.030660
0.029140
0.038835
0.136504
0.125842
0.170892
0.078555
0.081676
0.089189
0.061899
0.084908
0.105347
0.100762
0.060490
0.092724
0.073914
0.068307
0.091426
0.051514
0.074743
0.054828
0.050851
0.073169
0.034526
0.035521
0.052232
0.033504
0.056568
0.058778
0.053806
0.070793
0.105375
0.073610
0.080101
0.085543
0.103607
0.067617
0.074025
0.084769
0.061209
0.081842
0.053337
0.093857
0.048282
0.062203
0.063750
0.038228
0.051154
0.039360
0.048199
0.089410
0.078334
0.106535
0.100569
0.119572
0.120953
0.112833
0.094685
0.182907
0.177438
0.053198
0.063915
0.133079
0.080461
0.051955
0.053419
0.078803
0.057949
0.051652
0.040023
0.037620
0.040603
0.037261
0.054082
0.084714
0.085349
0.126643
0.100873
0.148050
0.120235
0.126892
0.210971
0.166721
0.177880
0.258645
0.071926
0.140592
0.083692
0.104546
0.057369
0.097392
0.052674
0.054027
0.085709
0.037620
0.038283
0.052729
0.058143
0.086675
0.075544
0.085819
0.123605
0.114959
0.142000
0.106535
0.206330
0.267594
0.227046
0.153712
0.113523
0.116672
0.125345
0.092559
0.090874
0.080847
0.089299
0.095928
0.079052
0.069495
0.090515
0.067451
0.081565
0.125317
0.133631
0.116258
0.135095
0.118937
0.133548
0.180670
0.224864
0.101176
0.067368
0.049884
0.039139
0.038863
0.120014
0.075461
0.049801
0.050271
0.052895
0.053585
0.052950
0.033919
0.041680
0.049028
0.047564
0.052149
0.090073
0.069357
0.069716
0.090901
0.152911
0.157496
0.137747
0.111755
0.108800
0.175394
0.119020
0.175726
0.133687
0.119848
0.125814
0.128853
0.153822
0.077367
0.045879
0.042039
0.033449
0.032814
0.033035
0.034306
0.029057
0.029803
0.040465
0.028698
0.047122
0.100790
0.096674
0.085322
0.042481
0.035217
0.050712
0.030494
0.035245
0.054469
0.046625
0.049691
0.052812
0.054718
0.048834
0.033808
0.034665
0.050243
0.038117
0.036570
0.031820
0.039194
0.030577
0.031019
0.042012
0.033919
0.029417
0.037123
0.034609
0.046597
0.040134
0.054138
0.046956
0.061789
0.062866
0.055519
0.057480
0.050492
0.056237
0.036598
0.038973
0.044360
0.087117
0.061568
0.079218
0.069163
0.074632
0.069302
0.154071
0.210004
0.186194
0.226880
0.154872
0.124516
0.040658
0.113247
0.085874
0.071428
0.063335
0.056430
0.058667
0.053613
0.052287
0.040382
0.037316
0.041597
0.064551
0.086206
0.096647
0.066097
0.064799
0.104491
0.077588
0.238177
0.213788
0.134322
0.169787
0.126118
0.110043
0.104878
0.117556
0.086565
0.101618
0.101176
0.080543
0.079411
0.073583
0.072782
0.063418
0.064495
0.061015
0.077643
0.076124
0.089189
0.109048
0.084604
0.161031
0.100293
0.087311
0.062341
0.138189
0.117583
0.135813
0.149431
0.169373
0.143492
0.140177
0.092117
0.065214
0.075019
0.058640
0.045023
0.048917
0.046183
0.070158
0.070379
0.071290
0.127969
0.229836
0.218925
0.151778
0.137194
0.155783
0.102944
0.092061
0.052066
0.033974
0.047177
0.081123
0.073307
0.054800
0.049663
0.054745
0.050685
0.048088
0.035548
0.037841
0.041846
0.036129
0.052701
0.055132
0.048171
0.075737
0.063335
0.054828
0.048199
0.087200
0.050298
0.037648
0.080875
0.034830
0.037731
0.077726
0.051099
0.048779
0.052922
0.057038
0.048751
0.051790
0.035466
0.041266
0.048088
0.044719
0.034554
0.037510
0.032621
0.059772
0.080267
0.034250
0.031378
0.035604
0.033753
0.046017
0.037150
0.053309
0.059662
0.035355
0.049911
0.066208
0.060325
0.051734
0.052066
0.056181
0.053723
0.048613
0.035024
0.036101
0.036653
0.032400
0.032344
0.040023
0.044470
0.032731
0.030521
0.036985
0.034140
0.074715
0.032648
0.033201
0.042564
0.062341
0.062010
0.049884
0.052397
0.050326
0.048724
0.051348
0.042426
0.040078
0.035438
0.059966
0.074798
0.069302
0.102972
0.159927
0.149320
0.120456
0.107170
0.124268
0.167854
0.119904
0.114904
0.049884
0.136421
0.044304
0.052066
0.061954
0.052591
0.071511
0.052259
0.065877
0.040520
0.036598
0.038753
0.065214
0.062728
0.073749
0.099933
0.099353
0.103386
0.080405
0.138244
0.103248
0.103579
0.086316
0.082311
0.042039
0.092559
0.096315
0.105762
0.076815
0.054883
0.059607
0.055077
0.060628
0.041846
0.038697
0.042481
0.055380
0.064606
0.152635
0.170202
0.179151
0.202518
0.187548
0.185808
0.180283
0.194481
0.260744
0.260965
0.226853
0.135261
0.099132
0.099409
0.143962
0.089769
0.068169
0.055159
0.090653
0.053530
0.038338
0.039719
0.058253
0.087117
0.225278
0.154900
0.172964
0.262788
0.163352
0.251684
0.209838
0.251905
0.152607
0.190310
0.237542
0.223152
0.226687
0.148326
0.141724
0.067119
0.059165
0.060877
0.056513
0.041846
0.044525
0.059800
0.088194
0.063860
0.126615
0.082201
0.107419
0.072782
0.143879
0.122528
0.118550
0.171445
0.081952
0.124047
0.073942
0.086786
0.051734
0.052425
0.103386
0.050630
0.049829
0.065794
0.052342
0.047536
0.034803
0.039802
0.035327
0.029610
0.030218
0.061761
0.070462
0.080847
0.089078
0.149182
0.086095
0.151281
0.107060
0.166252
0.126477
0.160396
0.117390
0.093001
0.089382
0.128135
0.080985
0.080212
0.077256
0.071787
0.066705
0.071346
0.066457
0.066097
0.063418
0.062148
0.120263
0.087062
0.126809
0.196746
0.089023
0.189316
0.199011
0.181747
0.176389
0.190752
0.071870
0.119876
0.124295
0.087117
0.082449
0.138327
0.079273
0.067810
0.083444
0.062369
0.108800
0.057728
0.068528
0.076400
0.097448
0.146862
0.076980
0.130759
0.069661
0.069219
0.059551
0.060960
0.041432
0.065600
0.061789
0.050878
0.051458
0.061871
0.049083
0.050574
0.052342
0.040161
0.035162
0.037068
0.053751
0.069523
0.093360
0.093608
0.074273
0.085432
0.101121
0.134349
0.130455
0.052315
0.053972
0.087449
0.147359
0.158214
0.114379
0.055629
0.057452
0.057922
0.052011
0.050436
0.057949
0.040299
0.035189
0.047287
0.079162
0.060739
0.065435
0.076649
0.068583
0.077643
0.087532
0.108386
0.070710
0.069523
0.072119
0.057010
0.078417
0.086675
0.078306
0.067396
0.052038
0.054414
0.049856
0.051182
0.049249
0.045464
0.038145
0.042647
0.043172
0.083112
0.083968
0.075074
0.127472
0.101508
0.086344
0.169649
0.137581
0.123411
0.151033
0.075903
0.039581
0.037703
0.041238
0.051596
0.061153
0.057480
0.047757
0.049718
0.053033
0.037813
0.033670
0.035880
0.051320
0.052784
0.089741
0.145287
0.176527
0.188736
0.137360
0.128963
0.156557
0.120870
0.156474
0.185752
0.201883
0.141476
0.115733
0.142553
0.120484
0.121671
0.125649
0.145591
0.132333
0.118854
0.112722
0.105596
0.158601
0.210225
0.108772
0.104104
0.106618
0.111203
0.102060
0.106507
0.112473
0.102530
0.102447
0.118716
0.110264
0.104353
0.123715
0.118937
0.135758
0.126671
0.118495
0.120069
0.120705
0.101839
0.109573
0.109601
0.105513
0.099712
0.099050
0.107253
0.102530
0.160148
0.100596
0.155286
0.166528
0.108938
0.204977
0.222737
0.125124
0.134405
0.106839
0.132444
0.141338
0.124185
0.117998
0.124019
0.115650
0.102917
0.107585
0.114545
0.128466
0.146668
0.162385
0.211910
0.230720
0.205778
0.175809
0.198458
0.225886
0.199756
0.293586
0.189896
0.143520
0.126118
0.124433
0.153353
0.123273
0.124047
0.126450
0.127389
0.125234
0.110043
0.112170
0.130013
0.156971
0.134294
0.230885
0.222571
0.177217
0.129184
0.224091
0.277897
0.246823
0.240525
0.231963
0.186277
0.201607
0.122417
0.154734
0.129958
0.126035
0.147469
0.126284
0.140454
0.122804
0.111230
0.127637
0.108910
0.134128
0.136891
0.182134
0.189398
0.194812
0.185587
0.250607
0.197547
0.250635
0.299579
0.214396
0.306540
0.237542
0.209534
0.153574
0.134488
0.118771
0.112722
0.110678
0.109407
0.113164
0.098249
0.099381
0.096315
0.122389
0.153960
0.145619
0.188211
0.211192
0.144376
0.150287
0.183874
0.219561
0.214976
0.189233
0.133272
0.116672
0.102198
0.110153
0.126284
0.129875
0.117694
0.131504
0.127748
0.136504
0.106783
0.106286
0.120180
0.127499
0.117473
0.137857
0.224256
0.226162
0.214119
0.144486
0.226798
0.158325
0.138769
0.141918
0.141006
0.126975
0.101895
0.119020
0.119710
0.111783
0.116285
0.109988
0.111175
0.113661
0.100707
0.099630
0.094299
0.099188
0.111921
0.185117
0.093001
0.069550
0.046459
0.045243
0.031157
0.105154
0.080350
0.066070
0.081013
0.165258
0.038642
0.067948
0.131532
0.060711
0.052453
0.055380
0.053806
0.051044
0.041183
0.050602
0.035825
0.038090
0.032842
0.044829
0.031322
0.061844
0.056762
0.032952
0.036460
0.106507
0.135869
0.116948
0.072340
0.083416
0.095652
0.038835
0.057397
0.099740
0.052425
0.049028
0.058004
0.058253
0.033311
0.036101
0.050602
0.060628
0.030052
0.029527
0.108109
0.050823
0.031129
0.030880
0.038532
0.033145
0.099961
0.052784
0.038145
0.032869
0.061954
0.039333
0.054607
0.051237
0.049718
0.054828
0.068694
0.053419
0.038559
0.035079
0.033946
0.051928
0.082366
0.091537
0.119848
0.195641
0.101950
0.086454
0.099740
0.088001
0.103082
0.051596
0.062286
0.062893
0.053806
0.051210
0.052535
0.059607
0.055353
0.059137
0.051431
0.057314
0.043006
0.036736
0.056099
0.064054
0.063639
0.055077
0.149072
0.051790
0.057452
0.066374
0.060601
0.058585
0.107861
0.173351
0.046569
0.046404
0.038200
0.043255
0.069578
0.056651
0.064827
0.051072
0.054635
0.053778
0.032786
0.032952
0.049028
0.081179
0.150453
0.060601
0.106783
0.075323
0.061789
0.103828
0.066070
0.080184
0.076124
0.067092
0.118053
0.098884
0.075074
0.052232
0.051928
0.059358
0.052480
0.050630
0.051237
0.054524
0.048309
0.040493
0.054718
0.114600
0.046155
0.060490
0.080958
0.074025
0.066429
0.065269
0.074853
0.122583
0.131145
0.057728
0.144072
0.036405
0.031543
0.097917
0.054883
0.063225
0.050878
0.051431
0.049276
0.050851
0.034609
0.047011
0.043835
0.036957
0.047481
0.059966
0.110291
0.036239
0.066539
0.066650
0.059800
0.047840
0.104960
0.082063
0.043338
0.078223
0.073831
0.061650
0.055353
0.055325
0.055187
0.049359
0.057452
0.055298
0.036018
0.041680
0.037731
0.043890
0.033449
0.042095
0.076594
0.115678
0.044995
0.052232
0.076400
0.136200
0.078776
0.255662
0.158905
0.103662
0.071953
0.039084
0.063971
0.049856
0.050989
0.054883
0.055436
0.049497
0.044249
0.050492
0.047039
0.042730
0.132305
0.084990
0.067285
0.061319
0.077671
0.063722
0.094078
0.119738
0.108855
0.279885
0.147138
0.189343
0.052950
0.047702
0.062590
0.069578
0.058944
0.058281
0.052591
0.051210
0.035245
0.036460
0.037786
0.074135
0.057452
0.058391
0.090957
0.145094
0.097834
0.067561
0.105541
0.218843
0.172190
0.235360
0.142139
0.078831
0.098138
0.058502
0.088940
0.054193
0.053419
0.056154
0.073030
0.048199
0.033891
0.040134
0.046265
0.063667
0.100293
0.113772
0.165340
0.072119
0.171610
0.193044
0.095735
0.159457
0.233178
0.169014
0.150867
0.118688
0.099906
0.142056
0.105375
0.104960
0.106231
0.102999
0.103635
0.102309
0.094713
0.084935
0.119876
0.133383
0.122831
0.117804
0.156640
0.122997
0.145398
0.118302
0.155065
0.202601
0.141061
0.176665
0.173903
0.210142
0.147193
0.170478
0.101535
0.081565
0.097171
0.094464
0.085653
0.090432
0.070130
0.075737
0.074992
0.125649
0.085377
0.093304
0.097807
0.144155
0.138410
0.118025
0.111258
0.141890
0.240056
0.160700
0.198071
0.145453
0.120926
0.133769
0.130952
0.180560
0.107198
0.062949
0.057286
0.051182
0.038753
0.042233
0.050768
0.038090
0.035410
0.042979
0.058198
0.037841
0.039001
0.076428
0.122279
0.107999
0.104850
0.073086
0.044304
0.099602
0.042343
0.051541
0.059772
0.050657
0.055795
0.053171
0.067672
0.055657
0.039802
0.041156
0.036819
0.034057
0.059441
0.094409
0.053281
0.035631
0.059413
0.071125
0.044995
0.157606
0.178433
0.166970
0.173157
0.153822
0.085653
0.053309
0.065683
0.056872
0.060822
0.063971
0.077422
0.054524
0.059220
0.048254
0.049359
0.079770
0.090708
0.093912
0.111369
0.114296
0.182742
0.149983
0.146227
0.149541
0.127168
0.125317
0.106231
0.105126
0.101591
0.116313
0.111396
0.108634
0.065241
0.071125
0.060104
0.057203
0.051624
0.042537
0.055187
0.064026
0.064330
0.096757
0.128438
0.114517
0.218981
0.152938
0.071318
0.123273
0.089548
0.106701
0.201745
0.127555
0.074411
0.054193
0.061899
0.062949
0.081455
0.079411
0.061043
0.060684
0.048586
0.046155
0.056872
0.068335
0.075461
0.076179
0.092697
0.109187
0.095017
0.088305
0.057259
0.166169
0.155397
0.104325
0.052038
0.134046
0.112197
0.048889
0.063446
0.059441
0.067119
0.056458
0.074108
0.066070
0.047895
0.041957
0.127858
0.088830
0.101646
0.083968
0.077146
0.065435
0.070765
0.082946
0.085377
0.098635
0.086537
0.128549
0.095984
0.085377
0.155507
0.165037
0.126588
0.083499
0.073583
0.086592
0.065103
0.065048
0.050685
0.058060
0.055767
0.060435
0.053005
0.130123
0.140730
0.099022
0.117197
0.160369
0.108165
0.218373
0.125290
0.209341
0.121727
0.142470
0.077450
0.080212
0.058612
0.086979
0.058585
0.072809
0.076704
0.065296
0.043089
0.057342
0.056734
0.063142
0.042012
0.052812
0.083085
0.069191
0.096205
0.176251
0.251104
0.320212
0.291155
0.242127
0.241133
0.136090
0.164070
0.204535
0.165948
0.137940
0.158269
0.140426
0.143326
0.150314
0.114407
0.139791
0.119047
0.116920
0.129985
0.110153
0.135178
0.155535
0.159402
0.230444
0.184730
0.270522
0.251712
0.211330
0.199756
0.159347
0.159954
0.143520
0.190503
0.158960
0.141034
0.163959
0.134902
0.151751
0.133162
0.140785
0.143603
0.155121
0.218843
0.162026
0.187603
0.148381
0.188349
0.160092
0.165175
0.159816
0.194287
0.220362
0.136476
0.122749
0.133659
0.108993
0.050823
0.047205
0.050547
0.052618
0.049746
0.051569
0.032814
0.051320
0.039360
0.088029
0.073224
0.084797
0.129626
0.102088
0.122693
0.137774
0.152745
0.137471
0.062341
0.066015
0.039415
0.047757
0.046901
0.058502
0.068252
0.065573
0.066263
0.063473
0.059358
0.081013
0.042675
0.067037
0.045326
0.069937
0.052342
0.055795
0.097586
0.135316
0.131560
0.108966
0.221549
0.157054
0.079024
0.057231
0.049055
0.050574
0.044139
0.043697
0.062092
0.049746
0.051044
0.050906
0.054331
0.047923
0.037206
0.030798
0.042619
0.044857
0.085294
0.068031
0.090294
0.142802
0.136338
0.084908
0.107805
0.130510
0.211937
0.140260
0.057673
0.040658
0.033670
0.038614
0.053723
0.053502
0.047453
0.055187
0.053226
0.047785
0.029748
0.041377
0.052977
0.118964
0.052646
0.084880
0.165699
0.180753
0.136366
0.121036
0.133079
0.144321
0.110678
0.078057
0.175118
0.074052
0.073472
0.057480
0.064440
0.049359
0.055629
0.059883
0.061181
0.050160
0.034803
0.036626
0.034582
0.037040
0.046100
0.042454
0.049608
0.058833
0.073196
0.040907
0.044360
0.045520
0.049055
0.080958
0.062092
0.031820
0.034803
0.039167
0.050685
0.046984
0.056734
0.051679
0.047978
0.058861
0.036985
0.034416
0.032372
0.039305
0.034665
0.026599
0.093442
0.103193
0.040299
0.050630
0.051707
0.108496
0.117362
0.081731
0.042840
0.037924
0.032317
0.038614
0.052121
0.067920
0.051431
0.044719
0.049801
0.049055
0.043420
0.042399
0.049304
0.062534
0.054939
0.090073
0.083968
0.145923
0.177438
0.136918
0.152773
0.246630
0.166445
0.207463
0.093304
0.053309
0.041266
0.092476
0.066512
0.059689
0.052895
0.048116
0.052397
0.052922
0.035079
0.043255
0.037427
0.046625
0.076704
0.083554
0.073334
0.108524
0.104491
0.056844
0.081482
0.083167
0.094547
0.113164
0.120373
0.047702
0.040189
0.118909
0.061485
0.048613
0.056430
0.049635
0.056181
0.052232
0.034306
0.038172
0.044360
0.074605
0.046680
0.068114
0.062451
0.107060
0.132471
0.146309
0.128991
0.099188
0.089741
0.111617
0.055767
0.037841
0.036930
0.034388
0.054248
0.049691
0.054055
0.058391
0.050243
0.048696
0.032455
0.035825
0.034692
0.080516
0.076759
0.065683
0.108220
0.156364
0.211854
0.144542
0.068418
0.066263
0.078057
0.137857
0.140923
0.138134
0.116147
0.109407
0.127444
0.121229
0.123411
0.120594
0.127417
0.126422
0.106949
0.101453
0.106203
0.228676
0.133466
0.159650
0.169124
0.111396
0.086648
0.113937
0.143050
0.132996
0.069274
0.046045
0.033919
0.038559
0.032455
0.040493
0.054469
0.051679
0.051790
0.055740
0.106342
0.092393
0.028947
0.049470
0.033864
0.033449
0.031267
0.096149
0.038670
0.133742
0.066816
0.039636
0.040962
0.048199
0.043614
0.031626
0.049249
0.045161
0.032123
0.043006
0.054635
0.047591
0.051348
0.046376
0.075157
0.054469
0.027511
0.041736
0.033477
0.034775
0.090957
0.065987
0.034333
0.035327
0.040106
0.037731
0.073997
0.057231
0.045962
0.038117
0.052397
0.041487
0.044857
0.052397
0.075130
0.051320
0.054579
0.050519
0.051762
0.054276
0.041404
0.037123
0.038366
0.062341
0.115153
0.084466
0.104850
0.089520
0.071732
0.068362
0.075848
0.070655
0.069440
0.068003
0.066705
0.124820
0.118163
0.122168
0.138796
0.128963
0.127637
0.128218
0.129599
0.137250
0.114103
0.112860
0.116368
0.149900
0.177162
0.201303
0.199232
0.188073
0.184979
0.190282
0.197491
0.160728
0.153270
0.133631
0.136614
0.124240
0.124986
0.136338
0.135648
0.135979
0.134902
0.149624
0.134432
0.133383
0.123715
0.116396
0.119821
0.156805
0.167799
0.169097
0.111672
0.163573
0.110015
0.047619
0.056982
0.075406
0.098138
0.110650
0.060656
0.031709
0.036377
0.037786
0.054497
0.049055
0.041846
0.050906
0.058529
0.042647
0.029168
0.033504
0.040051
0.068335
0.058861
0.072533
0.151198
0.083333
0.043752
0.072174
0.111976
0.075461
0.058281
0.034499
0.069937
0.072948
0.033063
0.036543
0.049967
0.043641
0.047398
0.052011
0.049470
0.043448
0.033366
0.047591
0.032980
0.043835
0.067948
0.061816
0.042371
0.049276
0.041100
0.043697
0.068583
0.095486
0.099740
0.097862
0.072920
0.047205
0.038421
0.048475
0.050050
0.051237
0.051734
0.066374
0.047205
0.047260
0.031820
0.038090
0.035217
0.031405
0.035217
0.033063
0.102116
0.090625
0.033063
0.037261
0.045078
0.039056
0.061043
0.045879
0.034968
0.029941
0.032593
0.037758
0.051099
0.055215
0.051652
0.052066
0.051375
0.055822
0.041818
0.049387
0.036764
0.040879
0.032123
0.096398
0.067313
0.040382
0.093221
0.038614
0.025329
0.155369
0.241989
0.083637
0.076621
0.100928
0.075682
0.133907
0.058115
0.050851
0.054055
0.049110
0.048834
0.048669
0.039001
0.033808
0.059910
0.056844
0.059607
0.070434
0.060159
0.059883
0.068086
0.064855
0.140923
0.104712
0.095873
0.090183
0.081786
0.096674
0.061568
0.062562
0.088277
0.064993
0.064495
0.067202
0.069467
0.068556
0.050768
0.047950
0.058364
0.073113
0.078472
0.068501
0.074798
0.057314
0.111175
0.143437
0.051486
0.034499
0.034941
0.031267
0.117832
0.128577
0.086924
0.041653
0.053834
0.054193
0.058640
0.046348
0.046431
0.049884
0.031737
0.032924
0.043448
0.060656
0.066871
0.071843
0.063556
0.103027
0.119489
0.088995
0.101895
0.090156
0.111203
0.046017
0.042840
0.074743
0.060104
0.049221
0.056264
0.047398
0.048448
0.051403
0.049801
0.046376
0.036239
0.049331
0.035300
0.057977
0.076621
0.055270
0.088250
0.078389
0.162026
0.044636
0.063833
0.068942
0.058446
0.040631
0.040299
0.050961
0.032317
0.071705
0.142470
0.110844
0.048475
0.049470
0.049470
0.057452
0.040769
0.048530
0.046127
0.054138
0.072699
0.062783
0.054662
0.049138
0.068887
0.057121
0.038255
0.046431
0.056762
0.065076
0.050574
0.048917
0.043393
0.042150
0.051044
0.045354
0.062507
0.053889
0.063308
0.057977
0.040686
0.041238
0.049911
0.031681
0.037123
0.033339
0.042813
0.126201
0.051237
0.044277
0.087145
0.123246
0.160258
0.116009
0.118329
0.133769
0.122997
0.133907
0.150839
0.129378
0.151033
0.142553
0.140537
0.076511
0.036570
0.042564
0.036764
0.051873
0.039250
0.033781
0.030604
0.049387
0.050022
0.059607
0.119379
0.146365
0.124875
0.103524
0.108634
0.117832
0.144293
0.182327
0.108910
0.064219
0.061264
0.059689
0.056237
0.052121
0.037344
0.036847
0.051431
0.041570
0.065794
0.058446
0.063253
0.062893
0.123246
0.078858
0.123411
0.065849
0.093912
0.159319
0.129074
0.127941
0.111479
0.112612
0.132803
0.127776
0.130952
0.141890
0.129626
0.140012
0.111562
0.119020
0.152800
0.165202
0.179317
0.170865
0.171251
0.174621
0.138824
0.148989
0.182907
0.176389
0.145177
0.154154
0.148547
0.131532
0.124378
0.127444
0.139266
0.124599
0.137526
0.130400
0.144790
0.127251
0.126947
0.117694
0.128659
0.137498
0.152552
0.122417
0.101812
0.054276
0.051596
0.051375
0.116175
0.069909
0.086316
0.046597
0.043034
0.036515
0.056927
0.048807
0.065103
0.052977
0.062148
0.051596
0.080046
0.049967
0.046238
0.039609
0.047066
0.069743
0.070986
0.055712
0.042951
0.035604
0.058004
0.076179
0.111590
0.088692
0.061540
0.058723
0.058888
0.046045
0.066236
0.053088
0.075544
0.082560
0.080681
0.075019
0.086841
0.106176
0.056817
0.065076
0.062783
0.143685
0.290216
0.341453
0.359738
0.289801
0.241658
0.084908
0.089990
0.103358
0.101922
0.093940
0.079880
0.109546
0.101701
0.064164
0.090404
0.081731
0.074881
0.117003
0.152027
0.182714
0.186913
0.196773
0.144293
0.132002
0.055021
0.143630
0.112612
0.116727
0.056955
0.047260
0.054082
0.085432
0.057452
0.063529
0.045685
0.049608
0.060435
0.060242
0.072229
0.079383
0.078527
0.085073
0.113993
0.234835
0.251822
0.373715
0.380592
0.257015
0.107999
0.045188
0.057093
0.053254
0.048448
0.065932
0.065490
0.081759
0.050381
0.040852
0.038725
0.078941
0.056237
0.056596
0.068059
0.071373
0.071263
0.070075
0.069743
0.071318
0.061789
0.056237
0.103745
0.164650
0.151530
0.092172
0.234090
0.286404
0.328112
0.278532
0.231493
0.131643
0.130234
0.113219
0.096039
0.127251
0.153601
0.192962
0.240249
0.239476
0.267263
0.263451
0.223124
0.192243
0.092310
0.055077
0.084383
0.135675
0.117003
0.123301
0.156391
0.151557
0.154789
0.099906
0.077781
0.085377
0.106949
0.097807
0.077533
0.066236
0.058971
0.089741
0.176748
0.342696
0.394707
0.392359
0.390481
0.285934
0.093249
0.066899
0.078555
0.110319
0.132002
0.104712
0.102336
0.068307
0.091233
0.073196
0.083775
0.086261
0.097254
0.088913
0.053972
0.063363
0.080378
0.052922
0.073666
0.073804
0.088388
0.082201
0.077560
0.141089
0.125152
0.181029
0.183377
0.183543
0.141973
0.115208
0.130400
0.094851
0.081400
0.080405
0.119683
0.091619
0.085874
0.093166
0.161777
0.158269
0.077450
0.144956
0.131449
0.086399
0.070848
0.192989
0.181747
0.249640
0.289166
0.278725
0.269086
0.198182
0.167578
0.076400
0.073472
0.077422
0.085432
0.124351
0.084272
0.132444
0.139238
0.078499
0.049608
0.059827
0.057535
0.066015
0.072644
0.076925
0.125621
0.078582
0.069523
0.085515
0.050492
0.056237
0.064965
0.058225
0.073334
0.054469
0.058529
0.054718
0.085570
0.166970
0.058336
0.054552
0.079687
0.063915
0.064054
0.126671
0.154237
0.063363
0.068998
0.076290
0.086371
0.068153
0.076823
0.075516
0.060021
0.050188
0.106203
0.145591
0.166639
0.229919
0.263147
0.299717
0.281929
0.198099
0.087283
0.089548
0.176472
0.145978
0.251795
0.291210
0.285437
0.255413
0.338746
0.387884
0.398518
0.382995
0.318666
0.270660
0.199425
0.087780
0.073887
0.079936
0.155342
0.186719
0.155397
0.153463
0.081980
0.103745
0.074218
0.088415
0.087697
0.106424
0.105679
0.154264
0.222268
0.267622
0.271820
0.298254
0.295740
0.190310
0.121506
0.073500
0.068307
0.067755
0.075903
0.138299
0.100072
0.093442
0.119379
0.286128
0.110070
0.078997
0.121616
0.130842
0.079190
0.075212
0.085405
0.111148
0.175339
0.120125
0.090846
0.119185
0.148243
0.271047
0.323720
0.402082
0.388602
0.389707
0.429233
0.346093
0.185476
0.127499
0.091840
0.212186
0.259446
0.225251
0.223897
0.171003
0.078196
0.097779
0.181582
0.079770
0.059524
0.061126
0.077477
0.081538
0.082532
0.075047
0.091785
0.080461
0.081206
0.076538
0.086813
0.101425
0.227820
0.407633
0.412826
0.416555
0.426112
0.319025
0.146337
0.099547
0.130289
0.110485
0.140481
0.120373
0.138078
0.122086
0.126864
0.129157
0.124461
0.287951
0.386586
0.431968
0.418489
0.417135
0.411528
0.431968
0.391337
0.273698
0.112473
0.127914
0.122610
0.118163
0.109518
0.109822
0.225389
0.258396
0.249861
0.111755
0.133024
0.245331
0.131118
0.082753
0.148326
0.231217
0.236990
0.265440
0.314799
0.294635
0.249281
0.103469
0.068418
0.060159
0.104242
0.063253
0.057424
0.088692
0.103690
0.081096
0.190117
0.169539
0.194646
0.181637
0.185670
0.182548
0.145343
0.118854
0.083913
0.109822
0.087863
0.075627
0.179482
0.213015
0.300795
0.407330
0.377443
0.373411
0.276322
0.088857
0.087780
0.071069
0.057369
0.063971
0.079466
0.053143
0.055519
0.086620
0.050851
0.066871
0.088747
0.082118
0.116534
0.154126
0.153519
0.159181
0.072975
0.063280
0.085239
0.078941
0.183101
0.249640
0.265937
0.265219
0.215777
0.116810
0.106010
0.084106
0.073307
0.088554
0.082256
0.070655
0.064081
0.060131
0.068887
0.074964
0.075351
0.061264
0.069937
0.078886
0.049967
0.058143
0.069219
0.054856
0.088995
0.112943
0.089962
0.117362
0.233316
0.070765
0.097586
0.084106
0.080875
0.095348
0.078223
0.062286
0.045962
0.075378
0.069909
0.059082
0.071125
0.063860
0.074798
0.061568
0.051127
0.046597
0.066457
0.055215
0.111838
0.164429
0.259114
0.322560
0.349021
0.341066
0.313418
0.331233
0.265357
0.179676
0.143685
0.147884
0.164015
0.160286
0.156916
0.231631
0.255938
0.225168
0.223732
0.168489
0.111700
0.073776
0.085156
0.135261
0.168544
0.245497
0.270660
0.311484
0.301844
0.235167
0.102033
0.113523
0.093995
0.106811
0.113551
0.136449
0.063418
0.081676
0.080902
0.089244
0.114656
0.159623
0.228786
0.283145
0.248149
0.228869
0.191139
0.066484
0.090073
0.102889
0.080709
0.071373
0.075903
0.065103
0.071235
0.088222
0.116534
0.082864
0.091398
0.120069
0.086565
0.059192
0.068777
0.079853
0.072699
0.069799
0.081013
0.078002
0.063529
0.071152
0.135648
0.191608
0.280907
0.382912
0.518367
0.362666
0.224422
0.085101
0.128466
0.093636
0.129460
0.198237
0.148298
0.158269
0.161584
0.183598
0.233565
0.315682
0.472018
0.500220
0.478067
0.482984
0.377333
0.260578
0.221936
0.228482
0.291017
0.314522
0.242183
0.186277
0.155866
0.179206
0.151281
0.153187
0.139349
0.125207
0.142857
0.126892
0.141117
0.146171
0.159291
0.176472
0.146006
0.163987
0.156391
0.174262
0.138465
0.142470
0.157220
0.153380
0.270909
0.387525
0.473538
0.361644
0.269555
0.149044
0.142525
0.149127
0.151640
0.152497
0.155535
0.126836
0.125428
0.128604
0.137333
0.144956
0.154320
0.141641
0.152690
0.151889
0.137968
0.135510
0.185090
0.270273
0.389790
0.523919
0.485912
0.486989
0.500744
0.304026
0.201469
0.201137
0.190448
0.165589
0.220224
0.182521
0.165644
0.169097
0.178571
0.192547
0.173323
0.306208
0.473758
0.494695
0.466826
0.475305
0.471107
0.415450
0.304744
0.178378
0.206634
0.172550
0.171030
0.162882
0.153132
0.209755
0.214451
0.175284
0.168351
0.158407
0.136117
0.081123
0.083388
0.077477
0.081455
0.084355
0.158104
0.229808
0.301430
0.386172
0.382553
0.361865
0.268423
0.195503
0.094382
0.064219
0.106922
0.090763
0.059165
0.058888
0.052342
0.074080
0.061789
0.063253
0.053226
0.079328
0.081262
0.078499
0.073887
0.063308
0.076152
0.068280
0.077643
0.055436
0.068197
0.054110
0.104215
0.138990
0.068501
0.094050
0.082698
0.080157
0.091039
0.096149
0.076842
0.083968
0.084687
0.059689
0.063998
0.057728
0.069163
0.139100
0.146171
0.147414
0.105237
0.079687
0.053502
0.063059
0.077035
0.070213
0.059330
0.067948
0.069578
0.057701
0.058557
0.072423
0.086565
0.096591
0.064827
0.113081
0.118964
0.060877
0.068390
0.144155
0.146945
0.077174
0.085626
0.086482
0.093221
0.103662
0.068114
0.116561
0.130096
0.115097
0.065821
0.157524
0.173240
0.200861
0.365180
0.323499
0.099989
0.068528
0.067368
0.052121
0.060767
0.060104
0.077892
0.127720
0.156087
0.175422
0.102557
0.071318
0.081234
0.069743
0.070103
0.061430
0.066843
0.078002
0.096702
0.163462
0.092918
0.096481
0.097503
0.081317
0.064109
0.062672
0.061319
0.066539
0.073279
0.095542
0.160783
0.066871
0.064468
0.075489
0.065738
0.058281
0.070130
0.067644
0.040852
0.052784
0.057231
0.080737
0.090515
0.079687
0.089796
0.141697
0.105016
0.076870
0.072865
0.072671
0.031930
0.041100
0.067119
0.087725
0.160175
0.054773
0.076538
0.087670
0.080820
0.080654
0.086731
0.181913
0.282813
0.370511
0.387194
0.404429
0.398380
0.423819
0.372748
0.203264
0.095707
0.081731
0.102696
0.086206
0.113689
0.098470
0.041570
0.083830
0.079853
0.080461
0.081262
0.079300
0.082670
0.080046
0.078610
0.080737
0.067313
0.086068
0.068528
0.076897
0.099740
0.102668
0.112170
0.086316
0.094216
0.086675
0.078997
0.093857
0.080129
0.089327
0.085681
0.163048
0.103331
0.112971
0.140122
0.118163
0.083637
0.142221
0.164015
0.149624
0.140509
0.141476
0.233924
0.339326
0.414097
0.501324
0.475084
0.372251
0.140398
0.133769
0.149072
0.140233
0.140923
0.150342
0.127361
0.155397
0.125428
0.127665
0.150149
0.145867
0.135896
0.152828
0.147552
0.152469
0.139818
0.137995
0.145287
0.134377
0.162109
0.161335
0.167716
0.146282
0.148491
0.155314
0.147939
0.125732
0.048641
0.059689
0.076483
0.088415
0.051817
0.074798
0.064192
0.082063
0.073224
0.078113
0.076262
0.078085
0.068970
0.148353
0.244530
0.302811
0.374598
0.377112
0.374046
0.294331
0.084410
0.055408
0.051072
0.054414
0.038200
0.052950
0.098580
0.063501
0.039775
0.059109
0.063612
0.081234
0.065711
0.073196
0.062562
0.058612
0.048171
0.050851
0.045851
0.056568
0.075986
0.068003
0.098994
0.114932
0.071539
0.097392
0.060076
0.082615
0.187520
0.168158
0.122693
0.075627
0.060905
0.063170
0.104712
0.097475
0.102198
0.093746
0.103165
0.132886
0.080516
0.085847
0.076317
0.108082
0.085349
0.124654
0.248646
0.170865
0.236824
0.283476
0.248370
0.195033
0.148298
0.099022
0.077809
0.132416
0.166777
0.141061
0.276875
0.280631
0.299635
0.356396
0.368522
0.354932
0.269472
0.241161
0.318306
0.316014
0.235636
0.165865
0.102198
0.148132
0.209230
0.251270
0.282592
0.280521
0.276460
0.326814
0.313528
0.424676
0.410699
0.662356
0.433155
0.451054
0.463373
0.389293
0.349297
0.267677
0.183239
0.212296
0.231935
0.293171
0.164346
0.371974
0.561318
0.247596
0.175533
0.124295
0.102944
0.125676
0.122749
0.100596
0.134046
0.151143
0.156419
0.166141
0.159402
0.119765
0.111811
0.141227
0.269638
0.343663
0.375593
0.393243
0.381255
0.306070
0.230416
0.106535
0.127969
0.136476
0.085819
0.095680
0.087780
0.105927
0.082394
0.084272
0.127803
0.142581
0.175284
0.172108
0.229946
0.250303
0.214451
0.392746
0.440668
0.438127
0.393077
0.398436
0.425283
0.416859
0.285437
0.216301
0.244116
0.221052
0.187382
0.135261
0.194619
0.156419
0.144348
0.117224
0.072644
0.081980
0.197795
0.183156
0.239503
0.203402
0.177466
0.204038
0.246547
0.391365
0.445088
0.459506
0.391503
0.336730
0.253093
0.149292
0.094685
0.129985
0.066816
0.104795
0.071649
0.069964
0.119268
0.187327
0.218843
0.159208
0.135537
0.168959
0.206745
0.202546
0.196387
0.137719
0.115097
0.120401
0.062065
0.061209
0.076925
0.133769
0.166611
0.107308
0.177190
0.321704
0.376366
0.339879
0.276129
0.241078
0.182659
0.189923
0.240028
0.196028
0.164788
0.345127
0.470886
0.462379
0.415588
0.432879
0.469615
0.438983
0.401529
0.382691
0.262235
0.317257
0.243840
0.237459
0.126174
0.198182
0.180698
0.146779
0.147110
0.119572
0.145646
0.101839
0.106065
0.085156
0.077146
0.221605
0.186636
0.191415
0.187189
0.166335
0.162772
0.124185
0.084438
0.164236
0.146061
0.105927
0.111755
0.216136
0.282261
0.402358
0.423460
0.417715
0.404844
0.351369
0.230223
0.107916
0.100431
0.106756
0.087863
0.100734
0.097751
0.116368
0.195503
0.167578
0.167909
0.166197
0.136255
0.159043
0.181223
0.285907
0.327698
0.435061
0.435641
0.474283
0.296237
0.234559
0.142967
0.136863
0.098359
0.095680
0.096232
0.086675
0.073389
0.079770
0.112280
0.108082
0.237791
0.189177
0.197353
0.211882
0.216937
0.262926
0.264445
0.272317
0.216743
0.164291
0.099602
0.134018
0.108745
0.134985
0.098028
0.091675
0.087200
0.163296
0.144818
0.105181
0.114932
0.091647
0.121920
0.111258
0.104822
0.171307
0.147469
0.126698
0.138216
0.201994
0.261296
0.370704
0.366865
0.401584
0.419842
0.291348
0.126035
0.163490
0.165810
0.104049
0.059192
0.060849
0.046956
0.064578
0.061512
0.067147
0.093553
0.090515
0.083333
0.127720
0.134432
0.151254
0.137112
0.105264
0.137498
0.079687
0.072616
0.075820
0.101232
0.291597
0.151447
0.136531
0.099712
0.097558
0.117749
0.103745
0.129626
0.213070
0.257015
0.359766
0.483371
0.437409
0.368107
0.296762
0.144376
0.143105
0.088056
0.067976
0.105955
0.197353
0.356120
0.241851
0.374212
0.293199
0.222627
0.138935
0.160534
0.176886
0.180919
0.174345
0.264335
0.302894
0.160230
0.087670
0.118495
0.125096
0.111949
0.086399
0.078803
0.075240
0.071484
0.066429
0.097448
0.152552
0.225195
0.294442
0.355485
0.422300
0.447518
0.357280
0.189592
0.169235
0.122113
0.141862
0.185863
0.182355
0.077422
0.073859
0.107667
0.093332
0.083195
0.116699
0.115015
0.138244
0.237736
0.319494
0.373273
0.394651
0.380620
0.276046
0.170561
0.115374
0.126339
0.127140
0.089879
0.100458
0.163904
0.163379
0.081814
0.104850
0.175008
0.117694
0.093470
0.130814
0.175146
0.226549
0.182355
0.193652
0.185808
0.233703
0.269721
0.332393
0.332117
0.290630
0.266738
0.173378
0.135510
0.199756
0.107502
0.124572
0.193431
0.187658
0.268312
0.214175
0.303170
0.371588
0.523200
0.483260
0.488011
0.480995
0.393436
0.182466
0.198375
0.088388
0.167246
0.188570
0.214865
0.315379
0.339354
0.414180
0.416334
0.458677
0.281874
0.101756
0.220417
0.106231
0.096205
0.081842
0.093001
0.107944
0.135399
0.126643
0.262816
0.317064
0.430614
0.421720
0.411721
0.420532
0.421831
0.434122
0.417770
0.458401
0.404954
0.274334
0.119462
0.115567
0.164484
0.130206
0.128604
0.121257
0.108358
0.122445
0.162910
0.176196
0.251601
0.238177
0.174732
0.149431
0.284526
0.323361
0.405728
0.388216
0.406114
0.362998
0.314440
0.165285
0.111258
0.179703
0.155535
0.201566
0.173399
0.081327
0.094409
0.074121
0.084134
0.089879
0.119185
0.246795
0.297687
0.426664
0.429924
0.434730
0.450695
0.434895
0.427244
0.428653
0.452159
0.442933
0.431581
0.421554
0.439398
0.520107
0.466605
0.461136
0.364903
0.215390
0.237376
0.273919
0.269334
0.287012
0.127969
0.131201
0.227764
0.309910
0.407937
0.460611
0.513726
0.470030
0.465610
0.482459
0.489503
0.511627
0.523118
0.519472
0.529664
0.525631
0.526045
0.485359
0.398297
0.227018
0.190697
0.206026
0.224505
0.325792
0.371063
0.497955
0.582558
0.614295
0.598661
0.545021
0.603799
0.644568
0.517151
0.486078
0.502291
0.767068
0.664013
0.638105
0.752429
0.360484
0.218456
0.172108
0.184427
0.195171
0.184841
0.203375
0.182438
0.413213
0.211192
0.244779
0.276985
0.431029
0.483978
0.440199
0.493342
0.459175
0.430587
0.433293
0.445723
0.443127
0.482735
0.474200
0.317285
0.198900
0.185670
0.148132
0.130096
0.130400
0.127306
0.119683
0.112197
0.332725
0.382360
0.326703
0.286073
0.390812
0.482595
0.497154
0.511682
0.431968
0.414566
0.300436
0.268754
0.307672
0.468704
0.548501
0.281902
0.308418
0.422963
0.442547
0.490304
0.454203
0.407854
0.281211
0.167081
0.134294
0.129240
0.331730
0.544165
0.515991
0.536486
0.518560
0.545353
0.562478
0.512870
0.539690
0.569576
0.563914
0.586840
0.525382
0.532840
0.586370
0.576482
0.300049
0.263617
0.230084
0.328471
0.448292
0.532260
0.580763
0.486050
0.382553
0.522593
0.546623
0.596977
0.545574
0.537149
0.570018
0.565378
0.545159
0.521985
0.570571
0.564245
0.583967
0.572532
0.623217
0.450971
0.239172
0.299496
0.240083
0.322505
0.356921
0.531514
0.550269
0.595761
0.606920
0.570626
0.637939
0.609903
0.640010
