0.302179
0.183065
0.192058
0.272406
0.185093
0.305985
0.219716
0.237938
0.274724
0.359941
0.252345
0.236300
0.298580
0.234087
0.277993
0.340363
0.300167
0.402494
0.222534
0.310760
0.201779
0.191662
0.305819
0.330404
0.213785
0.289472
0.249542
0.209418
0.187061
0.146254
0.271777
0.198616
0.350974
0.309504
0.329775
0.374995
0.298300
0.258675
0.312862
0.289909
0.305585
0.322470
0.506971
0.207358
0.171151
0.312970
0.377544
0.282537
0.128126
0.144509
0.128249
0.211978
0.266172
0.192300
0.208953
0.291270
0.214010
0.167709
0.139958
0.148408
0.253138
0.167521
0.188658
0.414458
0.293937
0.306620
0.350461
0.445258
0.328388
0.301650
0.298047
0.254619
0.178971
0.214820
0.181036
0.213435
0.284492
0.191225
0.329652
0.226918
0.249878
0.165694
0.297493
0.170884
0.135366
0.191915
0.252953
0.193567
0.284267
0.357002
0.407215
0.344672
0.216407
0.234940
0.277468
0.238791
0.223211
0.235031
0.223818
0.249022
0.317072
0.153934
0.212602
0.325521
0.249606
0.431719
0.609657
0.378872
0.479001
0.251035
0.211552
0.247430
0.348672
0.689994
0.368820
0.489439
0.329966
0.539914
0.379871
0.298195
0.340513
0.325000
0.292133
0.220202
0.303671
0.406338
0.397803
0.398527
0.297170
0.313643
0.294212
0.253192
0.446050
0.368763
0.329608
0.336384
0.396923
0.385347
0.279113
0.389365
0.401408
0.258026
0.184757
0.327032
0.290640
0.236907
0.262780
0.219197
0.174326
0.211843
0.192883
0.332494
0.263293
0.255703
0.296881
0.351535
0.352032
0.343272
0.235250
0.318195
0.304537
0.395394
0.350472
0.300380
0.201313
0.256885
0.332063
0.262887
0.267841
0.268402
0.156922
0.247493
0.239781
0.267178
0.200882
0.244763
0.358536
0.352932
0.431457
0.248037
0.263923
0.320690
0.297692
0.300012
0.262004
0.222221
0.335109
0.362644
0.479611
0.411778
0.165231
0.237919
0.235275
0.155252
0.252117
0.159792
0.176289
0.180381
0.310683
0.355600
0.339588
0.247191
0.178645
0.279270
0.166737
0.223260
0.211135
0.254822
0.264482
0.352222
0.497088
0.420976
0.417343
0.329100
0.183711
0.191651
0.157846
0.160642
0.137609
0.213969
0.203578
0.204946
0.343749
0.316858
0.228209
0.199627
0.226691
0.235209
0.262552
0.276558
0.266033
0.334402
0.356037
0.346963
0.497261
0.375808
0.287896
0.356528
0.282577
0.268754
0.191793
0.247359
0.242482
0.161737
0.223150
0.170987
0.379302
0.274240
0.194616
0.244156
0.484873
0.248065
0.256632
0.216443
0.183391
0.132387
0.236553
0.281174
0.265307
0.469139
0.372920
0.352281
0.235048
0.153983
0.147721
0.218056
0.174739
0.190714
0.246388
0.144452
0.285065
0.216665
0.291568
0.303970
0.292214
0.210016
0.309391
0.178091
0.170769
0.241410
0.212439
0.311999
0.273731
0.342070
0.244126
0.241363
0.245581
0.184831
0.171291
0.233186
0.175693
0.183162
0.281053
0.199491
0.264346
0.204242
0.227566
0.181125
0.294425
0.255928
0.158090
0.232060
0.242383
0.259567
0.241028
0.281594
0.485280
0.366741
0.292621
0.193382
0.238194
0.189878
0.200736
0.216042
0.225180
0.205455
0.220574
0.236759
0.202792
0.273295
0.400631
0.284900
0.237543
0.176246
0.194167
0.224780
0.139301
0.269936
0.320617
0.350429
0.306726
0.263090
0.189799
0.235344
0.227243
0.157942
0.150498
0.154658
0.266585
0.178410
0.181687
0.166821
0.167926
0.134941
0.302874
0.356526
0.195047
0.211726
0.277262
0.301564
0.363477
0.186867
0.264582
0.273135
0.251366
0.371890
0.277568
0.201010
0.301595
0.209851
0.167426
0.132990
0.152268
0.150377
0.249845
0.204199
0.188573
0.230302
0.151869
0.152017
0.323222
0.377322
0.351724
0.170668
0.170682
0.202957
0.354330
0.384552
0.207132
0.190932
0.276303
0.267637
0.213815
0.198065
0.224168
0.157707
0.190267
0.144359
0.146508
0.133099
0.250782
0.265860
0.160605
0.204153
0.262296
0.451423
0.309622
0.223209
0.315787
0.357720
0.389202
0.350069
0.324376
0.365967
0.211700
0.188531
0.280575
0.209130
0.177170
0.131831
0.132332
0.205737
0.239518
0.122034
0.237682
0.372667
0.193358
0.183434
0.222199
0.155982
0.247903
0.259853
0.180195
0.177012
0.274092
0.383145
0.274905
0.451336
0.186147
0.249146
0.240397
0.135142
0.139223
0.118689
0.173781
0.197533
0.179417
0.126785
0.162995
0.261694
0.203333
0.124295
0.174218
0.174559
0.151188
0.160248
0.136715
0.178096
0.243500
0.344519
0.278587
0.218313
0.315686
0.227033
0.325427
0.175476
0.145480
0.156918
0.148983
0.150205
0.275339
0.254344
0.209191
0.208934
0.253797
0.226399
0.161125
0.124803
0.150698
0.140633
0.164701
0.174937
0.302128
0.477192
0.493769
0.591717
0.301055
0.260687
0.215407
0.227551
0.150946
0.146083
0.176938
0.180484
0.240139
0.169747
0.119660
0.147112
0.296374
0.369571
0.362555
0.282201
0.389046
0.412818
0.241116
0.389341
0.279964
0.294626
0.298508
0.323098
0.196708
0.242960
0.278583
0.156315
0.199378
0.214801
0.165852
0.133775
0.177131
0.149046
0.204329
0.203540
0.282378
0.144699
0.324343
0.386445
0.181737
0.418528
0.377857
0.386774
0.292593
0.193077
0.259270
0.283041
0.311400
0.160368
0.224541
0.249610
0.164774
0.143717
0.178266
0.200290
0.255120
0.121969
0.220386
0.339765
0.295431
0.202523
0.246682
0.249436
0.285977
0.174232
0.253821
0.277205
0.278003
0.375347
0.287280
0.297764
0.204134
0.148998
0.255199
0.275359
0.159656
0.136519
0.110919
0.173986
0.187673
0.149794
0.248785
0.380879
0.245019
0.227550
0.161560
0.262085
0.205655
0.248619
0.297376
0.382374
0.273342
0.403097
0.367697
0.488655
0.348112
0.339017
0.186172
0.178885
0.142199
0.155125
0.155578
0.241373
0.169253
0.180794
0.180114
0.144655
0.164944
0.146828
0.320240
0.215477
0.293925
0.248271
0.135489
0.163965
0.308696
0.355048
0.557827
0.481696
0.394178
0.342930
0.227592
0.249161
0.166349
0.212786
0.126946
0.169936
0.173121
0.197731
0.174913
0.266606
0.348388
0.265080
0.181016
0.146407
0.290327
0.185246
0.213602
0.182324
0.257508
0.325085
0.349899
0.261232
0.307939
0.185586
0.178933
0.241388
0.192415
0.128878
0.131324
0.167773
0.225817
0.195853
0.200045
0.200157
0.188424
0.321113
0.196737
0.139135
0.255650
0.127591
0.201721
0.231159
0.165592
0.239376
0.236678
0.172889
0.254223
0.291212
0.155194
0.211408
0.147977
0.213282
0.142162
0.175805
0.147304
0.191512
0.165960
0.278068
0.217965
0.311767
0.427592
0.409355
0.298497
0.218140
0.253461
0.280066
0.287690
0.317954
0.326335
0.233121
0.269594
0.137756
0.286214
0.150527
0.121106
0.179056
0.183050
0.131801
0.162165
0.168702
0.110967
0.154120
0.209600
0.300961
0.311553
0.246771
0.302279
0.341568
0.388729
0.220645
0.238157
0.315500
0.225159
0.175597
0.303157
0.232184
0.171906
0.202759
0.166389
0.127560
0.173626
0.211771
0.258016
0.137249
0.312415
0.241020
0.305163
0.186205
0.223555
0.210234
0.139240
0.257533
0.154595
0.132863
0.174502
0.287528
0.217211
0.320527
0.250553
0.257707
0.240876
0.220144
0.153926
0.155317
0.185355
0.200026
0.335195
0.183192
0.271506
0.184357
0.185073
0.239899
0.149601
0.224093
0.213093
0.141826
0.158530
0.121685
0.260751
0.469062
0.446959
0.457763
0.216191
0.203233
0.219086
0.236010
0.140069
0.190777
0.128249
0.216632
0.214257
0.207092
0.311083
0.294241
0.210735
0.235469
0.154771
0.309516
0.242598
0.299628
0.171444
0.161463
0.257154
0.356908
0.463198
0.516254
0.220232
0.347136
0.281967
0.218865
0.227476
0.197065
0.216660
0.207652
0.220351
0.232697
0.364914
0.263552
0.300831
0.285045
0.288263
0.255727
0.183570
0.160759
0.211636
0.219931
0.176764
0.208693
0.220037
0.258114
0.363248
0.192042
0.203218
0.190505
0.220754
0.215170
0.238184
0.234710
0.201749
0.194070
0.294403
0.301372
0.146150
0.234994
0.279974
0.224782
0.234278
0.223755
0.201762
0.228486
0.358744
0.301689
0.193597
0.277530
0.298554
0.194242
0.278397
0.298147
0.259599
0.219512
0.187603
0.228616
0.178718
0.131178
0.170106
0.151075
0.270044
0.331188
0.371093
0.321099
0.324535
0.201140
0.267082
0.221957
0.400238
0.273162
0.714885
0.242954
0.245040
0.196289
0.259854
0.214095
0.147451
0.148459
0.131365
0.154396
0.207939
0.230342
0.193633
0.150437
0.233652
0.433783
0.442183
0.241639
0.316764
0.264334
0.152458
0.347841
0.222361
0.292655
0.342792
0.257535
0.347092
0.272358
0.252024
0.216497
0.140799
0.216925
0.211268
0.118520
0.244163
0.241012
0.252855
0.208768
0.196178
0.221298
0.251210
0.205294
0.359358
0.253662
0.137156
0.218371
0.160889
0.348263
0.385598
0.174962
0.226410
0.150990
0.226960
0.170618
0.163524
0.152263
0.166612
0.196385
0.181085
0.148096
0.367060
0.301823
0.244171
0.247262
0.144019
0.191513
0.260254
0.220304
0.118461
0.145119
0.182706
0.328981
0.480626
0.497498
0.324378
0.274138
0.246799
0.228496
0.232316
0.126622
0.158571
0.179714
0.248668
0.160816
0.231342
0.361236
0.144635
0.238574
0.182046
0.180690
0.154665
0.179926
0.185952
0.205366
0.185722
0.268657
0.207548
0.282511
0.281949
0.177056
0.161937
0.235888
0.147133
0.209081
0.190289
0.181804
0.312149
0.170316
0.277728
0.251477
0.188590
0.267314
0.191261
0.170884
0.265737
0.151331
0.178849
0.195939
0.161356
0.175108
0.312890
0.239452
0.196389
0.206945
0.205810
0.169212
0.179905
0.191375
0.200555
0.188942
0.138129
0.245379
0.189826
0.216455
0.230362
0.175075
0.178879
0.218501
0.131596
0.210250
0.195447
0.287916
0.299185
0.192916
0.467822
0.426216
0.200666
0.269226
0.182740
0.131151
0.124049
0.117864
0.144538
0.126894
0.104226
0.117963
0.135021
0.168281
0.151518
0.232090
0.196102
0.252832
0.265706
0.209018
0.244497
0.213541
0.176101
0.274787
0.197153
0.236483
0.187939
0.199527
0.199690
0.140046
0.159062
0.112772
0.159911
0.130342
0.104114
0.112220
0.128407
0.112762
0.184905
0.246511
0.126302
0.160834
0.170617
0.146505
0.174684
0.177582
0.192148
0.248402
0.176696
0.259401
0.259257
0.183605
0.245396
0.201994
0.174885
0.191701
0.157461
0.114179
0.188717
0.147282
0.149651
0.250771
0.181868
0.183491
0.228751
0.130475
0.243704
0.224189
0.204603
0.188888
0.201350
0.379922
0.317914
0.197516
0.195713
0.229082
0.176464
0.136111
0.217496
0.107512
0.149141
0.144653
0.148627
0.159091
0.262303
0.424140
0.281250
0.228424
0.166956
0.284467
0.251807
0.097215
0.159846
0.139866
0.214271
0.294487
0.314549
0.250117
0.176638
0.227026
0.139496
0.138695
0.156308
0.162829
0.174576
0.105297
0.201063
0.158080
0.345762
0.293002
0.259826
0.131392
0.178260
0.148195
0.136848
0.117751
0.120265
0.177570
0.160441
0.202373
0.331077
0.188022
0.212493
0.210558
0.153768
0.123130
0.144327
0.149287
0.162576
0.124822
0.221897
0.131106
0.149825
0.213630
0.150168
0.156845
0.182740
0.153446
0.222882
0.197096
0.131989
0.139123
0.168942
0.197224
0.369777
0.232312
0.318781
0.252594
0.234561
0.212108
0.204152
0.306858
0.201233
0.148093
0.212192
0.199084
0.384059
0.164536
0.196974
0.157128
0.115161
0.134319
0.172630
0.271015
0.288771
0.278820
0.352356
0.371572
0.368446
0.392855
0.269031
0.321576
0.184465
0.223934
0.254558
0.150929
0.200815
0.140682
0.203607
0.209220
0.236438
0.153991
0.251153
0.250241
0.188289
0.183574
0.385289
0.464917
0.367983
0.315124
0.152514
0.286104
0.204317
0.164485
0.183275
0.134288
0.174313
0.166936
0.195498
0.142527
0.101066
0.133200
0.152468
0.110829
0.185000
0.180048
0.215452
0.217563
0.163657
0.309497
0.353778
0.276538
0.290505
0.207214
0.295745
0.185979
0.224832
0.306114
0.178350
0.261755
0.281140
0.146293
0.108130
0.147952
0.165309
0.162191
0.220295
0.159098
0.196474
0.239770
0.302958
0.311659
0.260100
0.282092
0.273875
0.254516
0.157491
0.158971
0.175282
0.405195
0.366655
0.201087
0.225764
0.144912
0.208198
0.130875
0.151970
0.172791
0.183403
0.145843
0.117702
0.160175
0.287932
0.252710
0.210203
0.124139
0.109782
0.120221
0.156988
0.183826
0.222203
0.286408
0.184302
0.184761
0.308670
0.491707
0.512643
0.279052
0.372764
0.186028
0.174118
0.175160
0.145557
0.155074
0.318798
0.148952
0.261882
0.208285
0.143165
0.203166
0.254559
0.122348
0.181216
0.165849
0.132098
0.110326
0.161131
0.299217
0.351686
0.258044
0.300084
0.210103
0.171941
0.166048
0.149986
0.137391
0.120773
0.149274
0.217852
0.140836
0.172134
0.221802
0.162895
0.203804
0.213680
0.210240
0.186480
0.205719
0.136275
0.152378
0.218722
0.212927
0.306361
0.268716
0.240066
0.156541
0.174430
0.161250
0.174054
0.141148
0.161667
0.108957
0.137321
0.131688
0.228730
0.225949
0.183284
0.198425
0.390299
0.312392
0.321876
0.329810
0.251151
0.221125
0.239616
0.393716
0.222070
0.293649
0.227201
0.188551
0.138401
0.197441
0.115540
0.155077
0.149627
0.162698
0.197145
0.154110
0.174937
0.162693
0.147230
0.199133
0.358419
0.210495
0.147892
0.268121
0.203614
0.125194
0.174086
0.183687
0.225543
0.244039
0.217139
0.254098
0.170939
0.199793
0.192155
0.198170
0.120933
0.163604
0.185349
0.138686
0.155753
0.221577
0.230793
0.214440
0.260546
0.395046
0.282662
0.314177
0.286214
0.235054
0.244300
0.270663
0.216230
0.261080
0.220750
0.222352
0.191190
0.147032
0.151986
0.202954
0.127838
0.137098
0.149447
0.181006
0.292626
0.284495
0.346395
0.328760
0.185896
0.168025
0.170343
0.165230
0.192818
0.189127
0.297797
0.334839
0.482242
0.249876
0.355704
0.347133
0.264535
0.120462
0.116756
0.132620
0.143317
0.095935
0.242630
0.201526
0.240523
0.255991
0.187028
0.185803
0.166050
0.143215
0.160700
0.094647
0.221685
0.232126
0.202248
0.242779
0.236931
0.346084
0.248878
0.290606
0.267666
0.198556
0.192825
0.200230
0.189199
0.147066
0.179843
0.114968
0.273843
0.244185
0.147183
0.195446
0.126931
0.120686
0.172055
0.184276
0.164515
0.108407
0.204882
0.247627
0.402722
0.188413
0.335887
0.213088
0.174705
0.135631
0.140312
0.144475
0.146760
0.125065
0.169992
0.233268
0.147546
0.201937
0.226507
0.141981
0.155471
0.139899
0.128067
0.146708
0.193437
0.186054
0.181810
0.249083
0.326706
0.201043
0.243867
0.293286
0.232863
0.125605
0.195727
0.183215
0.172574
0.157244
0.156448
0.238919
0.158017
0.322300
0.275297
0.176264
0.142838
0.116496
0.196147
0.126325
0.116464
0.111466
0.316353
0.330859
0.225528
0.288545
0.271559
0.217689
0.250948
0.141372
0.212845
0.192032
0.213152
0.235714
0.259356
0.230471
0.216166
0.287679
0.304416
0.243299
0.132633
0.341745
0.176383
0.370605
0.387231
0.263595
0.171476
0.179930
0.197356
0.259197
0.151969
0.125820
0.143635
0.177094
0.155400
0.164221
0.099272
0.169802
0.120563
0.113461
0.188672
0.171569
0.301011
0.261556
0.174414
0.321064
0.378421
0.247198
0.281175
0.202713
0.194067
0.224015
0.346651
0.238482
0.195480
0.124907
0.198659
0.154034
0.135832
0.137686
0.162695
0.154937
0.146115
0.143193
0.246344
0.318573
0.227981
0.259099
0.170030
0.166125
0.158759
0.252536
0.224078
0.249987
0.225864
0.414673
0.399154
0.237638
0.222373
0.135229
0.187858
0.102064
0.177692
0.191310
0.132925
0.159783
0.180384
0.145451
0.319151
0.292119
0.135747
0.266666
0.221535
0.100214
0.198643
0.163037
0.136016
0.203334
0.291389
0.296149
0.243443
0.181661
0.265704
0.185676
0.270670
0.390069
0.254417
0.148662
0.180580
0.155970
0.173585
0.168201
0.351849
0.141695
0.131479
0.140709
0.177364
0.231310
0.122095
0.239941
0.159354
0.180327
0.137577
0.224319
0.364607
0.248255
0.248370
0.144394
0.165966
0.208544
0.186734
0.116558
0.179783
0.171157
0.223928
0.132221
0.201579
0.277286
0.150033
0.156528
0.114905
0.108434
0.114494
0.258781
0.173504
0.198610
0.199658
0.210303
0.273961
0.251591
0.259397
0.212375
0.231251
0.259559
0.187512
0.157292
0.143953
0.109369
0.143442
0.142549
0.234165
0.157191
0.161265
0.117458
0.165259
0.159954
0.153921
0.190845
0.261252
0.217218
0.235815
0.365110
0.347257
0.340930
0.210679
0.311448
0.157521
0.203243
0.236291
0.150365
0.172186
0.128153
0.158032
0.158402
0.192240
0.224017
0.301119
0.274496
0.343239
0.319534
0.223785
0.182325
0.155576
0.218149
0.172437
0.255904
0.206961
0.177184
0.224286
0.182825
0.145818
0.148410
0.157169
0.181777
0.182257
0.190473
0.145042
0.144815
0.119716
0.241564
0.180049
0.315174
0.231542
0.182498
0.215735
0.136627
0.292541
0.271313
0.200941
0.224915
0.419634
0.240767
0.191981
0.167551
0.164535
0.164102
0.122249
0.121294
0.103012
0.140670
0.115702
0.203842
0.225687
0.241552
0.193976
0.129786
0.165846
0.248233
0.161148
0.153340
0.166732
0.179409
0.151957
0.320389
0.346062
0.187083
0.244927
0.237019
0.162219
0.161862
0.129906
0.153375
0.134720
0.218062
0.159617
0.229171
0.134337
0.155029
0.163768
0.239782
0.212245
0.165121
0.134908
0.178066
0.125978
0.241479
0.166037
0.204973
0.204463
0.283817
0.230732
0.233239
0.204570
0.211826
0.146123
0.193368
0.183471
0.188000
0.224618
0.243835
0.218462
0.155841
0.199953
0.187511
0.152418
0.222930
0.178174
0.147564
0.167078
0.224488
0.167255
0.296688
0.292398
0.242135
0.210790
0.191180
0.223822
0.148997
0.115459
0.109366
0.177145
0.183547
0.152966
0.233301
0.270504
0.238611
0.163252
0.161147
0.230962
0.289680
0.174852
0.154504
0.211853
0.321369
0.161436
0.212964
0.412178
0.403755
0.238021
0.188473
0.162861
0.093600
0.159968
0.144834
0.108454
0.214554
0.141430
0.191801
0.252787
0.155818
0.213524
0.200228
0.185387
0.148439
0.228354
0.202284
0.194572
0.222876
0.259634
0.144023
0.136194
0.163481
0.237061
0.182880
0.161662
0.149929
0.120062
0.173619
0.150661
0.154877
0.139086
0.129013
0.143108
0.150940
0.206504
0.224829
0.225784
0.130580
0.118705
0.118492
0.171513
0.144184
0.227894
0.184765
0.222534
0.155188
0.241715
0.176124
0.157755
0.147506
0.127891
0.153842
0.164637
0.188731
0.109556
0.111653
0.172514
0.255105
0.198521
0.207393
0.363303
0.331243
0.162134
0.278563
0.169772
0.138513
0.216607
0.302697
0.375566
0.227859
0.374840
0.194906
0.111149
0.160444
0.127091
0.163139
0.103341
0.178324
0.149332
0.196175
0.219835
0.160894
0.115600
0.154101
0.156389
0.169003
0.153567
0.273143
0.195694
0.240039
0.253906
0.264959
0.433543
0.515896
0.195250
0.200667
0.110386
0.100027
0.147278
0.134851
0.140990
0.173781
0.141901
0.293954
0.213013
0.300928
0.215835
0.159263
0.163426
0.241579
0.160126
0.164934
0.168019
0.213094
0.301357
0.275255
0.449430
0.286847
0.191487
0.176790
0.130216
0.132117
0.110288
0.184885
0.182139
0.220029
0.268487
0.188851
0.294508
0.134043
0.242746
0.202550
0.115317
0.170688
0.137879
0.162822
0.127549
0.123285
0.274927
0.192687
0.230007
0.319547
0.155741
0.211083
0.142677
0.107702
0.114037
0.147185
0.156139
0.126477
0.180006
0.161779
0.215165
0.164760
0.190711
0.182011
0.164156
0.163341
0.184750
0.138541
0.191596
0.234434
0.246683
0.254957
0.193377
0.201885
0.206818
0.198048
0.147819
0.208455
0.166008
0.098400
0.141938
0.142068
0.118739
0.246090
0.132981
0.194972
0.300789
0.188718
0.095837
0.228431
0.157608
0.116979
0.201960
0.233981
0.275625
0.337882
0.224507
0.201081
0.157750
0.186096
0.161332
0.178668
0.100183
0.166435
0.126172
0.123236
0.151491
0.160669
0.200289
0.187105
0.287080
0.414041
0.227758
0.329253
0.178601
0.140199
0.229720
0.165915
0.175914
0.149525
0.280818
0.238319
0.173474
0.165514
0.234191
0.206407
0.172774
0.132971
0.103116
0.146537
0.143442
0.162062
0.114518
0.168489
0.302354
0.197247
0.432589
0.185927
0.184477
0.251593
0.213169
0.288650
0.326635
0.226354
0.237413
0.193475
0.190780
0.137588
0.187223
0.102467
0.151242
0.151209
0.104804
0.193741
0.195132
0.177249
0.230092
0.203330
0.199440
0.197148
0.173684
0.152256
0.113301
0.165642
0.170305
0.303747
0.314888
0.205476
0.256450
0.254097
0.148222
0.199633
0.198695
0.168743
0.149982
0.162488
0.119621
0.277082
0.196357
0.286756
0.234002
0.223150
0.146618
0.238082
0.164887
0.152207
0.126231
0.134205
0.162477
0.206973
0.408593
0.349599
0.318376
0.426513
0.386157
0.165016
0.171303
0.163264
0.167769
0.164108
0.167949
0.203899
0.211467
0.197271
0.227570
0.176313
0.169230
0.153634
0.148260
0.174547
0.188467
0.126289
0.155548
0.196219
0.239785
0.342768
0.274941
0.181998
0.237734
0.144272
0.120004
0.132495
0.141434
0.120391
0.103635
0.125644
0.205172
0.218082
0.203091
0.191112
0.279426
0.152621
0.119853
0.199800
0.144841
0.091249
0.204041
0.164534
0.213714
0.326738
0.337844
0.227047
0.228467
0.211482
0.226411
0.190911
0.113837
0.155441
0.116916
0.141568
0.265868
0.187793
0.176600
0.163500
0.222660
0.167716
0.200643
0.228256
0.298223
0.320257
0.262723
0.320094
0.230871
0.213571
0.227571
0.235345
0.260538
0.200370
0.320612
0.155597
0.198803
0.116021
0.138975
0.173891
0.193825
0.122590
0.164397
0.204637
0.206326
0.236889
0.160006
0.178563
0.297090
0.239562
0.300866
0.280737
0.210951
0.279686
0.251256
0.210321
0.214671
0.137896
0.195409
0.157781
0.204003
0.165067
0.162263
0.095173
0.121777
0.129046
0.168413
0.254372
0.237117
0.271155
0.379125
0.160567
0.244457
0.317901
0.172986
0.298734
0.192875
0.254533
0.262847
0.249760
0.279856
0.131399
0.132164
0.151466
0.126239
0.116797
0.129192
0.247327
0.175049
0.195565
0.166840
0.251585
0.184901
0.296463
0.203566
0.187511
0.181189
0.190010
0.206263
0.282875
0.347115
0.377650
0.291281
0.255815
0.167555
0.168696
0.122498
0.123986
0.094359
0.122651
0.122408
0.142261
0.166254
0.206182
0.294134
0.172268
0.168213
0.205633
0.145502
0.200842
0.155090
0.183665
0.173475
0.254208
0.286753
0.176837
0.193019
0.166975
0.218932
0.232852
0.189569
0.177339
0.134372
0.133517
0.155442
0.127531
0.168893
0.244407
0.199426
0.224888
0.170139
0.202669
0.210332
0.156560
0.159423
0.328181
0.189850
0.281590
0.229622
0.329576
0.313733
0.263202
0.165961
0.176947
0.144545
0.125097
0.165001
0.119341
0.129640
0.124278
0.115830
0.228885
0.209017
0.203247
0.291857
0.206080
0.199713
0.137027
0.172988
0.127354
0.193709
0.172517
0.164556
0.227891
0.260003
0.179932
0.159185
0.165470
0.253647
0.234269
0.120444
0.124073
0.142708
0.120921
0.149368
0.133646
0.180914
0.268431
0.143725
0.194849
0.103075
0.287428
0.252360
0.192013
0.130507
0.178509
0.245881
0.190827
0.211976
0.356500
0.345323
0.150777
0.179624
0.179737
0.201281
0.139157
0.140798
0.100331
0.137922
0.128441
0.131905
0.240110
0.392894
0.156632
0.165092
0.214682
0.162383
0.135062
0.111409
0.176167
0.251627
0.189578
0.267008
0.319815
0.170889
0.198958
0.168705
0.145612
0.131399
0.116627
0.122062
0.126763
0.140430
0.172607
0.137478
0.343989
0.307032
0.308488
0.187357
0.299930
0.177728
0.215343
0.197374
0.324315
0.194524
0.216066
0.197015
0.246683
0.157847
0.211925
0.184530
0.176655
0.145440
0.155984
0.162290
0.094191
0.163483
0.186843
0.128515
0.197962
0.196999
0.198232
0.163165
0.310498
0.129873
0.213832
0.158785
0.206733
0.433551
0.307117
0.299540
0.380238
0.256015
0.221820
0.198281
0.156617
0.111218
0.119948
0.180849
0.105397
0.142592
0.225341
0.295984
0.241690
0.316993
0.183133
0.161822
0.160097
0.238390
0.134863
0.115324
0.209890
0.240020
0.184949
0.263439
0.308789
0.264086
0.157443
0.178783
0.190787
0.136274
0.154336
0.105903
0.107500
0.135749
0.163890
0.242028
0.384225
0.267919
0.122174
0.121452
0.192634
0.148974
0.147764
0.145030
0.177957
0.211966
0.156835
0.163244
0.279156
0.121707
0.212374
0.129874
0.157005
0.110899
0.160231
0.103233
0.129217
0.135162
0.109573
0.242167
0.210923
0.242231
0.222853
0.253278
0.245780
0.267338
0.264634
0.134132
0.313016
0.202135
0.233447
0.287152
0.215384
0.209488
0.168401
0.177520
0.194294
0.184675
0.116205
0.148958
0.134807
0.167107
0.177248
0.238510
0.191701
0.315135
0.204564
0.424991
0.229896
0.316816
0.214568
0.296399
0.223437
0.438206
0.186454
0.244352
0.218764
0.359076
0.272123
0.142278
0.138263
0.210244
0.125122
0.135819
0.123438
0.171679
0.148893
0.162621
0.273079
0.400148
0.293889
0.187516
0.192043
0.137575
0.182046
0.162255
0.224250
0.236906
0.253222
0.240291
0.123363
0.155730
0.166108
0.147468
0.119659
0.130677
0.166811
0.170765
0.100592
0.231969
0.159468
0.205293
0.329102
0.135847
0.240323
0.232974
0.243838
0.253792
0.218921
0.349598
0.149757
0.223498
0.262401
0.292996
0.222554
0.248824
0.171631
0.124346
0.104778
0.133366
0.153869
0.158640
0.142714
0.093101
0.186695
0.240195
0.134555
0.176633
0.373024
0.165403
0.233736
0.204168
0.173058
0.215298
0.134705
0.161096
0.145584
0.279076
0.450680
0.213014
0.179627
0.175700
0.142540
0.172031
0.131260
0.180895
0.168889
0.104289
0.187725
0.209748
0.130538
0.233030
0.271126
0.296523
0.212188
0.177250
0.359738
0.220178
0.251956
0.141587
0.175755
0.191160
0.232004
0.215203
0.169604
0.141514
0.139843
0.160178
0.155094
0.152485
0.138665
0.123072
0.247376
0.239829
0.125558
0.162092
0.119452
0.090135
0.175588
0.192269
0.173078
0.187120
0.189800
0.312398
0.330088
0.368020
0.231999
0.191447
0.184157
0.154270
0.104321
0.101979
0.138091
0.167577
0.106093
0.163167
0.262509
0.207275
0.286737
0.167405
0.170979
0.265863
0.159461
0.247919
0.138477
0.228821
0.351048
0.204930
0.239406
0.188515
0.211969
0.153643
0.210183
0.151975
0.181393
0.156903
0.116198
0.124037
0.155366
0.095786
0.159394
0.152860
0.285744
0.366006
0.389562
0.198810
0.153185
0.110302
0.211778
0.229545
0.127819
0.154309
0.179338
0.104956
0.230662
0.285108
0.114943
0.107881
0.183779
0.106339
0.097475
0.126344
0.096433
0.123579
0.106222
0.126851
0.283870
0.160402
0.156098
0.135662
0.190374
0.140221
0.187272
0.168633
0.219014
0.301341
0.335658
0.201989
0.221765
0.116174
0.168589
0.134132
0.120379
0.168844
0.134454
0.095888
0.153493
0.137892
0.158822
0.172862
0.255169
0.154474
0.078944
0.110631
0.206954
0.131383
0.162860
0.166563
0.176090
0.180479
0.248481
0.410518
0.248947
0.291639
0.152254
0.209040
0.145207
0.145792
0.158341
0.186296
0.124813
0.150679
0.143064
0.124387
0.126099
0.141183
0.148981
0.122543
0.151860
0.108709
0.101527
0.125197
0.201083
0.272515
0.260967
0.315832
0.274218
0.219536
0.182585
0.244775
0.121192
0.135720
0.161938
0.190991
0.156457
0.177889
0.176371
0.214246
0.142379
0.181400
0.174192
0.170899
0.191404
0.194242
0.259503
0.206065
0.356110
0.496030
0.185935
0.170947
0.289587
0.160994
0.171465
0.180829
0.212537
0.194879
0.174696
0.169365
0.199136
0.156917
0.255594
0.167639
0.120771
0.128839
0.111224
0.167453
0.160719
0.197067
0.264280
0.192882
0.244933
0.290253
0.171911
0.262212
0.155441
0.249470
0.193373
0.153849
0.166319
0.113871
0.182211
0.172023
0.131845
0.151227
0.203083
0.207204
0.167844
0.289722
0.174603
0.280915
0.181822
0.198631
0.195833
0.184675
0.219336
0.297188
0.453200
0.221530
0.491001
0.354166
0.312224
0.155576
0.171636
0.136473
0.146213
0.182785
0.160532
0.134755
0.271408
0.214379
0.172977
0.147207
0.131676
0.220580
0.158038
0.191293
0.296023
0.165080
0.274055
0.279747
0.171731
0.170955
0.149763
0.134388
0.217326
0.156152
0.203934
0.187436
0.160159
0.160105
0.139145
0.182495
0.195448
0.152343
0.285956
0.447536
0.516189
0.570171
0.180989
0.289491
0.243649
0.415477
0.331064
0.275280
0.240445
0.325320
0.247077
0.277875
0.185523
0.199539
0.143455
0.175252
0.199706
0.168700
0.144095
0.198158
0.186115
0.144015
0.244613
0.231016
0.243283
0.150334
0.284999
0.310476
0.189621
0.344813
0.421935
0.318454
0.199658
0.245118
0.366133
0.244550
0.245430
0.204408
0.146898
0.129481
0.168680
0.158629
0.125347
0.134882
0.305285
0.288818
0.218904
0.184851
0.223916
0.218408
0.234831
0.190131
0.203695
0.207713
0.249869
0.271440
0.287309
0.244480
0.254354
0.198007
0.137889
0.146875
0.126911
0.130458
0.100440
0.160189
0.110027
0.137275
0.240520
0.170298
0.215293
0.190799
0.181051
0.151693
0.270106
0.214153
0.188645
0.138426
0.254283
0.272572
0.166457
0.208993
0.276571
0.305220
0.132744
0.135403
0.185930
0.141228
0.138597
0.131696
0.168122
0.149973
0.212307
0.201066
0.170997
0.115717
0.165160
0.153077
0.112234
0.225012
0.219510
0.175680
0.195325
0.356049
0.368263
0.492667
0.218463
0.143412
0.167727
0.139329
0.124753
0.126667
0.138486
0.100017
0.096974
0.118808
0.222212
0.390742
0.265771
0.230235
0.206933
0.206461
0.181838
0.193185
0.213677
0.161436
0.097822
0.213135
0.328418
0.187577
0.214291
0.240363
0.205549
0.111502
0.162933
0.130426
0.107326
0.124987
0.094202
0.108735
0.263163
0.163459
0.157775
0.171891
0.173698
0.089024
0.182649
0.099633
0.139263
0.190562
0.158172
0.147702
0.253487
0.252211
0.574475
0.387008
0.177177
0.246262
0.166942
0.154021
0.120195
0.117015
0.114945
0.127302
0.089107
0.186733
0.167175
0.231641
0.191246
0.132030
0.155886
0.149105
0.174650
0.244316
0.152075
0.132493
0.178588
0.157387
0.208650
0.226300
0.168919
0.195917
0.160914
0.165297
0.158147
0.170752
0.124896
0.135947
0.116452
0.157575
0.227701
0.275859
0.134914
0.204972
0.189686
0.222546
0.119953
0.162046
0.168098
0.162410
0.380870
0.286039
0.453007
0.300959
0.222956
0.184671
0.108222
0.106930
0.172669
0.155772
0.138983
0.149715
0.181916
0.256426
0.277546
0.118514
0.124574
0.101112
0.122731
0.097260
0.134809
0.273963
0.305968
0.330401
0.480974
0.399774
0.183176
0.199142
0.126438
0.134828
0.164680
0.151589
0.184062
0.115416
0.142405
0.182369
0.167718
0.195013
0.135516
0.181451
0.101388
0.145998
0.201955
0.191953
0.252194
0.421673
0.336776
0.257890
0.351668
0.445084
0.534220
0.514391
0.314818
0.218443
0.126834
0.178929
0.180458
0.187650
0.178475
0.207826
0.199620
0.238098
0.181227
0.197841
0.136275
0.130953
0.129447
0.116123
0.103340
0.110286
0.263644
0.225204
0.150488
0.138180
0.288558
0.267526
0.184320
0.160035
0.134408
0.119027
0.125845
0.160727
0.164998
0.127487
0.235216
0.182612
0.156078
0.122228
0.233523
0.309195
0.174939
0.271899
0.166729
0.236287
0.284617
0.303820
0.324743
0.405481
0.202224
0.223598
0.239988
0.159172
0.131442
0.154705
0.121173
0.122249
0.146807
0.126448
0.260485
0.193853
0.109563
0.154848
0.140446
0.376147
0.184401
0.103616
0.102143
0.196078
0.189139
0.176336
0.149119
0.194867
0.233002
0.197578
0.256314
0.161897
0.182588
0.190141
0.162366
0.189233
0.167619
0.176334
0.125609
0.229155
0.260494
0.302207
0.457633
0.260964
0.110742
0.150849
0.163857
0.229432
0.206886
0.218763
0.199751
0.278172
0.220688
0.216565
0.162790
0.200551
0.128877
0.140614
0.138510
0.129703
0.140627
0.136191
0.107491
0.181774
0.271047
0.138436
0.215290
0.177220
0.223842
0.176204
0.161717
0.339437
0.415076
0.413797
0.313281
0.648823
0.486597
0.567976
0.430320
0.366602
0.344318
0.258401
0.202567
0.169881
0.157450
0.236264
0.236766
0.277147
0.219422
0.246351
0.399058
0.175649
0.345643
0.187689
0.280319
0.340887
0.244454
0.423295
0.406339
0.447307
0.369548
0.250527
0.174193
0.238910
0.245093
0.166483
0.182721
0.198066
0.101611
0.159092
0.249015
0.380721
0.242975
0.177280
0.162439
0.297374
0.597474
0.360269
0.282271
0.337663
0.496073
0.508033
0.534686
0.439079
0.580940
0.371692
0.257383
0.195196
0.107184
0.141894
0.129278
0.139285
0.175846
0.138372
0.285194
0.324478
0.213455
0.207376
0.157982
0.170123
0.183676
0.115425
0.178623
0.153756
0.295924
0.256411
0.384589
0.267194
0.261939
0.268814
0.313283
0.123017
0.127988
0.165534
0.174842
0.153942
0.118909
0.174569
0.241850
0.300308
0.112187
0.194448
0.180322
0.263885
0.162894
0.112933
0.159896
0.108122
0.132652
0.271186
0.292132
0.282224
0.238542
0.287687
0.141485
0.158224
0.145231
0.172320
0.172378
0.127093
0.115411
0.117749
0.210474
0.187612
0.116292
0.219768
0.243359
0.146715
0.247915
0.344520
0.208019
0.162355
0.305218
0.269346
0.137421
0.192624
0.174649
0.147845
0.175959
0.147827
0.133426
0.189249
0.146305
0.138513
0.149349
0.130144
0.104834
0.179983
0.385374
0.318373
0.316242
0.240091
0.313359
0.228698
0.302405
0.193374
0.182359
0.130304
0.240698
0.220280
0.248049
0.182979
0.218280
0.226852
0.129432
0.179362
0.102570
0.190898
0.216777
0.161313
0.198230
0.167437
0.234041
0.345544
0.216433
0.251317
0.237710
0.291582
0.183787
0.297890
0.259225
0.238150
0.158550
0.214789
0.243166
0.194313
0.157623
0.164873
0.142811
0.117762
0.159156
0.104306
0.108214
0.141824
0.180677
0.205872
0.180392
0.257169
0.208871
0.177140
0.138981
0.167615
0.181796
0.208560
0.415487
0.236225
0.322004
0.299303
0.213493
0.205400
0.227042
0.130313
0.131598
0.092523
0.126646
0.143506
0.158686
0.117381
0.208646
0.308706
0.165800
0.128801
0.179283
0.116959
0.138072
0.250637
0.219362
0.206070
0.169906
0.161447
0.266481
0.146556
0.323240
0.343267
0.180340
0.144056
0.155924
0.181421
0.178781
0.184244
0.143378
0.180275
0.221452
0.273503
0.162957
0.135590
0.162595
0.127347
0.103516
0.161232
0.114100
0.199750
0.240859
0.213987
0.140564
0.266748
0.270437
0.296893
0.234015
0.228756
0.185619
0.192644
0.151922
0.147185
0.156904
0.110957
0.210799
0.116662
0.164262
0.187063
0.164870
0.123997
0.179662
0.225746
0.230964
0.201616
0.268650
0.211746
0.253431
0.206013
0.238195
0.200465
0.153441
0.133055
0.153244
0.158105
0.165182
0.166030
0.097708
0.228041
0.185046
0.163183
0.201188
0.151743
0.121675
0.208304
0.260052
0.350440
0.372948
0.316372
0.419896
0.427877
0.573484
0.285903
0.194607
0.329655
0.173318
0.171409
0.162827
0.168133
0.170633
0.108397
0.160100
0.118901
0.136396
0.214310
0.178107
0.218227
0.310859
0.284713
0.344643
0.179120
0.140860
0.148018
0.259192
0.144447
0.189075
0.200493
0.145013
0.099781
0.130560
0.097915
0.133823
0.147869
0.166522
0.084518
0.152705
0.105156
0.121271
0.151245
0.186886
0.153239
0.133035
0.257711
0.311481
0.219282
0.252413
0.273290
0.258219
0.132123
0.337080
0.310265
0.228185
0.232318
0.311955
0.191508
0.142169
0.261950
0.159537
0.101299
0.130687
0.138869
0.097347
0.149522
0.188262
0.189960
0.221870
0.259614
0.431710
0.259408
0.223772
0.382766
0.219940
0.245541
0.317005
0.294661
0.153817
0.261558
0.231448
0.209278
0.154226
0.113960
0.088666
0.114067
0.137842
0.090996
0.195679
0.230337
0.095051
0.081769
0.111920
0.127504
0.240915
0.284851
0.244192
0.190346
0.210625
0.232831
0.199049
0.334844
0.222781
0.166875
0.223696
0.183689
0.142251
0.126707
0.110637
0.137175
0.094433
0.079062
0.134541
0.145858
0.186235
0.197167
0.197791
0.345610
0.441522
0.219744
0.201324
0.202192
0.365200
0.172162
0.298049
0.274276
0.262183
0.189211
0.117071
0.149946
0.108844
0.104800
0.157296
0.239279
0.259503
0.212370
0.414588
0.346484
0.419858
0.395408
0.344299
0.319448
0.354903
0.425078
0.435020
0.560184
0.596051
0.587566
0.755051
0.707869
0.429999
0.491209
0.477001
0.280649
0.387801
0.288633
0.230923
0.319982
0.250462
0.273562
0.294449
0.479362
0.495631
0.437108
0.462932
0.494513
0.488596
0.473607
0.636051
0.597579
0.516076
0.715243
0.913428
0.805226
0.577050
0.777705
0.582900
0.430522
0.441837
0.349555
0.443511
0.306254
0.377499
0.391155
0.415897
0.499547
0.557783
0.606275
0.410234
0.668260
0.576667
0.463278
0.532574
0.655043
0.816259
0.849873
0.680255
0.732034
0.550965
0.583942
0.708234
0.617267
0.446310
0.450526
0.404682
0.276563
0.458515
0.408220
0.388664
0.343205
0.588607
0.369618
0.586699
0.666742
0.510405
0.529271
0.773971
0.828929
1.000000
0.813575
0.730589
0.668893
0.770660
0.505032
0.528963
0.563917
0.324566
0.287753
0.232014
0.143752
0.133573
0.180615
0.126706
0.396844
0.176173
0.165208
0.269955
0.505569
0.575334
0.518410
0.548922
0.527162
0.543602
0.834177
0.670434
0.499078
0.587131
0.315979
0.432607
0.222661
0.193848
0.259282
0.183125
0.200685
0.176071
0.105013
0.224496
0.195911
0.199980
0.263854
0.287247
0.533274
0.490603
0.503686
0.434562
0.579263
0.677977
0.401221
0.578533
0.416700
0.316580
0.306142
0.361736
0.379476
0.186934
0.134813
0.152619
0.174000
0.098877
0.153600
0.182147
0.179840
0.175176
0.115985
0.204118
0.378719
0.359207
0.338844
0.300762
0.355967
0.326062
0.433189
0.606758
0.728868
0.300270
0.416290
0.262021
0.219118
0.140217
0.120675
0.149788
0.170769
0.176331
0.217342
0.193372
0.213967
0.293593
0.659856
0.527430
0.310859
0.377372
0.321111
0.441584
0.566928
0.492275
0.255956
0.209038
0.322229
0.544493
0.321219
0.138692
0.368518
0.132660
0.136029
0.176493
0.181671
0.139311
0.115482
0.205325
0.204091
0.176875
0.312752
0.208309
0.300141
0.423403
0.534172
0.575103
0.554701
0.529711
0.444703
0.537179
0.458401
0.489547
0.398413
0.300117
0.317710
0.223807
0.220918
0.226083
0.177684
0.207948
0.224993
0.182367
0.218779
0.430507
0.325030
0.473794
0.348675
0.528087
0.529050
0.472441
0.538179
0.568500
0.487900
0.517508
0.642724
0.480297
0.635756
0.326432
0.439777
0.285858
0.174413
0.193935
0.177994
0.214634
0.232313
0.235783
0.296144
0.461904
0.546589
0.728217
0.514279
0.747906
0.700990
0.507744
0.552709
0.378793
0.393417
0.772112
0.367613
0.475232
0.422953
0.372302
0.317222
0.295949
0.245514
0.219347
0.280044
0.214144
0.237778
0.283836
0.298022
0.353773
0.422715
0.254512
0.391549
0.372519
0.345467
0.251250
0.246699
0.343850
0.260764
0.423232
0.443281
0.359262
0.221394
0.220108
0.234091
0.179411
0.132560
0.173677
0.131821
0.160971
0.188542
0.226307
0.334262
0.289314
0.412209
0.438581
0.304608
0.358280
0.422271
0.620560
0.544750
0.656059
0.712858
0.341359
0.627191
0.830511
0.591867
0.308773
0.416399
0.280535
0.274242
0.185974
0.173215
0.174780
0.206787
0.193101
0.215701
0.192147
0.434137
0.204637
0.184180
0.339717
0.263662
0.419964
0.366115
0.274043
0.435621
0.745122
0.562358
0.448793
0.320401
0.363582
0.296178
0.197636
0.202229
0.173516
0.191421
0.182344
0.121652
0.189961
0.279363
0.184612
0.381977
0.336048
0.537466
0.441712
0.525105
0.489683
0.509704
0.567679
0.580623
0.491246
0.610106
0.762394
0.719424
0.460342
0.407885
0.280010
0.223174
0.237355
0.168526
0.197654
0.152547
0.167949
0.175667
0.286605
0.296476
0.274504
0.311183
0.251972
0.336815
0.601676
0.328456
0.370859
0.514127
0.529093
0.371755
0.365229
0.305392
0.226182
0.233002
0.193044
0.197751
0.138755
0.153456
0.123855
0.186853
0.131947
0.192340
0.417636
0.375871
0.176844
0.233603
0.259950
0.208240
0.363493
0.377889
0.363032
0.290794
0.263514
0.271836
0.308108
0.254467
0.150309
0.189375
0.182591
0.140765
0.163943
0.131974
0.154337
0.132715
0.133923
0.194521
0.199908
0.207322
0.176771
0.236393
0.151391
0.364479
0.399495
0.212234
0.196486
0.509415
0.400990
0.302100
0.242492
0.267695
0.277786
0.199806
0.142270
0.144378
0.109628
0.176965
0.150792
0.167943
0.191015
0.232735
0.139320
0.187279
0.232656
0.105143
0.125447
0.190923
0.437374
0.472884
0.289977
0.639429
0.429100
0.233724
0.302527
0.275713
0.315742
0.286068
0.225402
0.161235
0.123915
0.153058
0.149504
0.177355
0.213081
0.261689
0.243017
0.164522
0.249821
0.265428
0.325126
0.285310
0.415562
0.308073
0.616577
0.348995
0.384471
0.343893
0.533863
0.426419
0.247277
0.191267
0.247384
0.199562
0.156712
0.150651
0.188288
0.148552
0.134152
0.265701
0.324687
0.320811
0.263740
0.367006
0.196756
0.120119
0.202272
0.287983
0.389880
0.315582
0.331519
0.288131
0.393827
0.520969
0.363618
0.429666
0.342280
0.282130
0.219225
0.180345
0.248600
0.246103
0.202729
0.291469
0.251566
0.351605
0.401028
0.182174
0.358435
0.195093
0.257841
0.410197
0.323024
0.324932
0.371531
0.319993
0.390603
0.244405
0.232443
0.268977
0.217566
0.141628
0.168793
0.185692
0.167045
0.147826
0.203090
0.115153
0.179492
0.213273
0.206616
0.192461
0.225054
0.209792
0.251734
0.139078
0.267627
0.156639
0.213348
0.200525
0.218725
0.285348
0.200438
0.183378
0.116891
0.120284
0.131017
0.165215
0.163951
0.142116
0.128784
0.160602
0.153811
0.247443
0.154830
0.116548
0.161608
0.182734
0.155456
0.141891
0.204495
0.141754
0.222904
0.234029
0.204142
0.189835
0.258129
0.226850
0.172898
0.151548
0.172596
0.130662
0.159678
0.145779
0.104887
0.176381
0.231086
0.127499
0.135348
0.203726
0.229784
0.252963
0.202341
0.151333
0.166389
0.266660
0.256585
0.200944
0.168244
0.220371
0.210986
0.171751
0.189764
0.183308
0.129538
0.108478
0.141783
0.122982
0.167798
0.161480
0.215332
0.189714
0.300287
0.145579
0.204133
0.286433
0.196371
0.321023
0.226073
0.400879
0.273254
0.170358
0.289856
0.315109
0.180297
0.159349
0.128363
0.165298
0.134393
0.143852
0.102593
0.170534
0.171131
0.134614
0.150798
0.265561
0.117979
0.271823
0.210393
0.392332
0.308555
0.227383
0.417208
0.457065
0.295875
0.340573
0.230621
0.284617
0.459242
0.311028
0.271637
0.137832
0.189404
0.147870
0.150328
0.094842
0.112551
0.192623
0.212440
0.299895
0.547754
0.251008
0.295751
0.229441
0.345812
0.395327
0.472947
0.794021
0.685937
0.550880
0.480132
0.323954
0.349839
0.400200
0.206477
0.193747
0.218797
0.178514
0.198759
0.099635
0.169447
0.215639
0.189577
0.202951
0.334809
0.179046
0.274485
0.397615
0.414616
0.297399
0.277513
0.454923
0.450001
0.443334
0.551172
0.352133
0.362666
0.232543
0.117514
0.168159
0.103824
0.111019
0.109977
0.138405
0.187215
0.170858
0.155936
0.191439
0.167409
0.296652
0.265485
0.289288
0.325627
0.291007
0.481173
0.259405
0.189173
0.325211
0.461839
0.209732
0.221141
0.159086
0.180296
0.146754
0.103138
0.165638
0.100934
0.129899
0.118515
0.214776
0.332921
0.185009
0.215335
0.235676
0.256581
0.302682
0.210807
0.209229
0.230897
0.304321
0.291466
0.361539
0.326669
0.309075
0.227014
0.275614
0.184098
0.144599
0.139750
0.177952
0.182241
0.151378
0.113322
0.125365
0.242924
0.229573
0.210072
0.390955
0.399069
0.322567
0.525632
0.564970
0.370974
0.485568
0.404132
0.524374
0.482799
0.386401
0.384799
0.288980
0.207547
0.150157
0.159766
0.152344
0.162165
0.189844
0.149740
0.145633
0.263616
0.497305
0.453652
0.375793
0.628222
0.524433
0.591116
0.699816
0.471441
0.402270
0.460959
0.529853
0.549591
0.425135
0.375699
0.330797
0.203040
0.235811
0.186145
0.171146
0.209624
0.160766
0.185286
0.157910
0.263709
0.372957
0.397915
0.447024
0.528670
0.549972
0.499837
0.550458
0.572136
0.766318
0.439100
0.676359
0.577429
0.319153
0.306879
0.267182
0.262205
0.226816
0.299938
0.176128
0.127122
0.174721
0.165131
0.162475
0.266944
0.290444
0.368204
0.367502
0.603497
0.417653
0.541731
0.579045
0.539621
0.586370
0.448785
0.688621
0.477788
0.253880
0.410953
0.345674
0.252887
0.357929
0.157458
0.155701
0.167759
0.220044
0.139780
0.286782
0.194703
0.443769
0.333011
0.430693
0.413478
0.649353
0.739547
0.675486
0.542459
0.707195
0.784321
0.730822
0.724471
0.634149
0.508370
0.411463
0.392694
0.273910
0.212205
0.177090
0.130368
0.146030
0.183590
0.319612
0.245973
0.246953
0.473406
0.379648
0.279678
0.446518
0.472899
0.550132
0.516045
0.580781
0.427757
0.450165
0.303576
0.356207
0.399317
0.296215
0.157282
0.165199
0.146142
0.128956
0.180972
0.143785
0.141733
0.116330
0.260507
0.248533
0.220049
0.542996
0.361578
0.503765
0.249163
0.445746
0.501168
0.526181
0.417829
0.497243
0.277377
0.341515
0.358335
0.146517
0.155693
0.180632
0.135931
0.155482
0.131299
0.199841
0.148244
0.228723
0.191050
0.225600
0.416256
0.242106
0.324151
0.289583
0.396793
0.684292
0.723118
0.612173
0.734376
0.476679
0.355569
0.440808
0.584972
0.297972
0.301300
0.333811
0.169410
0.171454
0.205035
0.217443
0.156279
0.282046
0.239393
0.166736
0.385484
0.302432
0.462801
0.464648
0.368477
0.393317
0.566138
0.477215
0.290117
0.423052
0.506993
0.404452
0.463538
0.218277
0.181198
0.146075
0.148207
0.189183
0.141086
0.131204
0.258536
0.272457
0.215522
0.348596
0.329317
0.335151
0.534941
0.345777
0.388067
0.701444
0.621689
0.712618
0.535838
0.396571
0.625179
0.503231
0.518271
0.345380
0.343504
0.269806
0.280537
0.140359
0.224281
0.146769
0.221875
0.224786
0.416790
0.312912
0.567108
0.653851
0.620647
0.513271
0.444536
0.372759
0.352916
0.565091
0.610518
0.434891
0.475845
0.366859
0.446379
0.193492
0.171505
0.248406
0.208151
0.183276
0.143700
0.167591
0.304958
0.290633
0.287630
0.323661
0.338017
0.381191
0.549540
0.537964
0.356872
0.422528
0.721038
0.502131
0.356418
0.308334
0.571597
0.488398
0.350430
0.251113
0.211844
0.225335
0.208760
0.144714
0.127692
0.140978
0.179014
0.215070
0.206754
0.180484
0.237604
0.286162
0.204077
0.230847
0.273433
0.421744
0.284694
0.324937
0.383062
0.244017
0.224102
0.346175
0.216135
0.183391
0.151994
0.161967
0.202643
0.111459
0.149421
0.129238
0.154581
0.171003
0.228276
0.302760
0.500432
0.420465
0.309309
0.620417
0.667733
0.460266
0.473789
0.775177
0.364464
0.437490
0.588784
0.602930
0.307423
0.421602
0.203737
0.261067
0.280790
0.183479
0.163223
0.265735
0.154067
0.180492
0.203616
0.309461
0.481781
0.531776
0.567743
0.463373
0.593795
0.289613
0.476322
0.432666
0.417379
0.338305
0.385568
0.650761
0.341626
0.306395
0.150567
0.176185
0.178709
0.158147
0.174602
0.142058
0.138103
0.266194
0.231529
0.448940
0.355818
0.298256
0.427338
0.470215
0.463144
0.600866
0.616879
0.511059
0.489129
0.495623
0.553539
0.636722
0.472640
0.237909
0.293670
0.300402
0.242226
0.306075
0.160903
0.211583
0.241065
0.243187
0.335987
0.310071
0.439975
0.312535
0.469723
0.710963
0.594391
0.602662
0.556391
0.704593
0.660167
0.431466
0.441201
0.442095
0.382035
0.244158
0.245934
0.249475
0.168110
0.268745
0.198702
0.142721
0.321242
0.231796
0.257087
0.325842
0.416185
0.319031
0.475850
0.589179
0.590496
0.295192
0.462917
0.606082
0.646679
0.359005
0.519029
0.398016
0.417416
0.279915
0.223746
0.390078
0.352713
0.213384
0.236554
0.330013
0.206218
0.296072
0.218277
0.500082
0.387973
0.375707
0.336950
0.575758
0.383334
0.440202
0.435431
0.689532
0.563485
0.621637
0.535269
0.388931
0.475242
0.342457
0.324125
0.158289
0.239678
0.226556
0.164437
0.334020
0.206481
0.222904
0.278204
0.366101
0.404574
0.366528
0.318055
0.311221
0.333871
0.223579
0.256314
0.357662
0.458086
0.210662
0.334433
0.490114
0.257015
0.179480
0.156669
0.142042
0.231623
0.149316
0.160288
0.177009
0.188644
0.154280
0.295513
0.346292
0.343680
0.549838
0.471527
0.555861
0.634628
0.351946
0.576251
0.598301
0.449197
0.515992
0.278261
0.266107
0.343516
0.342969
0.261937
0.229246
0.157310
0.112473
0.208433
0.166457
0.193591
0.131215
0.241601
0.245171
0.161663
0.399942
0.443277
0.483249
0.602338
0.454849
0.350087
0.322568
0.415904
0.333557
0.444466
0.201307
0.397197
0.266322
0.132449
0.216063
0.112256
0.186816
0.145014
0.204821
0.159724
0.135813
0.123853
0.184573
0.160557
0.227679
0.393449
0.304646
0.519893
0.519799
0.513878
0.406743
0.503645
0.292756
0.481284
0.436683
0.500058
0.253547
0.247149
0.265049
0.197449
0.122766
0.227347
0.152021
0.149806
0.234570
0.231700
0.487705
0.460035
0.359735
0.461112
0.442452
0.341043
0.524913
0.490656
0.796565
0.640491
0.749953
0.411695
0.315423
0.326383
0.437312
0.272249
0.218277
0.258042
0.262747
0.218788
0.261939
0.252328
0.156002
0.304234
0.253491
0.436739
0.236199
0.235131
0.244792
0.279602
0.411789
0.320327
0.590187
0.458360
0.345864
0.373669
0.515500
0.345663
0.219361
0.202237
0.201918
0.234486
0.197054
0.187788
0.120402
0.237507
0.200290
0.227997
0.453509
0.444400
0.462233
0.479675
0.522520
0.305534
0.524440
0.448257
0.702322
0.730348
0.884775
0.581073
0.397311
0.389280
0.355035
0.290729
0.181515
0.249198
0.138092
0.193529
0.212022
0.206894
0.243265
0.139499
0.197904
0.365269
0.503166
0.342876
0.436346
0.390818
0.586599
0.551895
0.721164
0.666288
0.498589
0.444600
0.372752
0.275217
0.294690
0.225802
0.204087
0.145983
0.138666
0.145390
0.130508
0.148268
0.174617
0.226682
0.213864
0.242820
0.594671
0.602077
0.454391
0.435790
0.355466
0.383045
0.407981
0.494592
0.491382
0.411781
0.409074
0.456785
0.181905
0.240727
0.191242
0.189941
0.195740
0.143986
0.114607
0.197185
0.143709
0.271392
0.321319
0.285837
0.358394
0.245616
0.336899
0.485058
0.457002
0.553511
0.402664
0.467592
0.644037
0.496613
0.442320
0.355101
0.282437
0.235222
0.245873
0.175798
0.222813
0.161936
0.170309
0.196190
0.227989
0.225152
0.239367
0.403895
0.613672
0.301552
0.557020
0.450065
0.291455
0.429769
0.484537
0.692168
0.640214
0.466222
0.245026
0.349961
0.262108
0.127590
0.151682
0.128943
0.146081
0.168486
0.148703
0.145468
0.191996
0.180067
0.208090
0.406383
0.479410
0.389082
0.310037
0.393391
0.533456
0.490473
0.682273
0.528538
0.387402
0.408905
0.456986
0.302838
0.264761
0.216122
0.207259
0.138739
0.204678
0.159854
0.182305
0.156791
0.242429
0.259730
0.195130
0.468999
0.322158
0.283514
0.326286
0.220351
0.408189
0.501164
0.429190
0.602541
0.459425
0.351832
0.328654
0.437697
0.216003
0.129289
0.265270
0.201162
0.160530
0.137118
0.196233
0.198625
0.206502
0.426771
0.255699
0.269478
0.304010
0.176941
0.309861
0.228087
0.252158
0.273941
0.341845
0.154754
0.227536
0.226473
0.162599
0.201072
0.208070
0.248511
0.142822
0.091719
0.130172
0.084243
0.102436
0.188194
0.163095
0.139555
0.193789
0.109518
0.132234
0.190017
0.186121
0.204917
0.281739
0.287327
0.484611
0.397725
0.323929
0.322323
0.262601
0.189424
0.275693
0.144690
0.148485
0.173517
0.115908
0.119668
0.159807
0.146727
0.157282
0.201344
0.195530
0.256198
0.311646
0.282663
0.467071
0.342023
0.432838
0.275640
0.267170
0.202681
0.321791
0.245135
0.152667
0.170739
0.217289
0.196602
0.175450
0.172608
0.136839
0.129657
0.156281
0.150411
0.109742
0.188004
0.213150
0.245686
0.290610
0.360516
0.309563
0.453277
0.260436
0.409685
0.233884
0.260794
0.301602
0.380881
0.363947
0.282538
0.237540
0.174990
0.119137
0.182118
0.154145
0.150784
0.136058
0.152205
0.141505
0.170792
0.232172
0.355313
0.274356
0.397127
0.328300
0.420939
0.372925
0.313456
0.442728
0.448491
0.361628
0.293399
0.225980
0.224073
0.161497
0.183846
0.170013
0.180530
0.121987
0.164661
0.154516
0.163858
0.193530
0.187787
0.288747
0.171690
0.183658
0.159235
0.239156
0.192081
0.283240
0.336904
0.463364
0.268445
0.305408
0.373431
0.368451
0.273538
0.175628
0.173344
0.125487
0.141434
0.143740
0.126255
0.149625
0.146239
0.140152
0.167247
0.205270
0.152369
0.168165
0.106833
0.198912
0.188912
0.173292
0.190962
0.179843
0.244988
0.232746
0.357189
0.189376
0.160169
0.231427
0.150008
0.180562
0.141411
0.140173
0.113341
0.131570
0.145949
0.144777
0.174526
0.312377
0.178073
0.155026
0.226474
0.171009
0.450969
0.326884
0.193309
0.305804
0.227479
0.286111
0.204625
0.180381
0.179085
0.199233
0.172376
0.220644
0.168877
0.177365
0.225444
0.128112
0.171147
0.218411
0.201822
0.343487
0.165884
0.224631
0.473666
0.452957
0.232963
0.326913
0.314539
0.285988
0.420721
0.220558
0.340900
0.230714
0.183869
0.167329
0.158792
0.158821
0.141833
0.168305
0.169250
0.112574
0.238380
0.230061
0.237903
0.251299
0.287226
0.144975
0.146777
0.121122
0.268636
0.129973
0.139528
0.285092
0.237516
0.264723
0.162609
0.187153
0.121085
0.111010
0.189090
0.166097
0.123441
0.181377
0.120290
0.104419
0.125690
0.159669
0.173013
0.325435
0.204077
0.167592
0.190237
0.198732
0.204982
0.189600
0.219989
0.222139
0.191100
0.175023
0.229377
0.158148
0.133900
0.128613
0.141544
0.144880
0.131319
0.108456
0.129632
0.172873
0.171442
0.171888
0.209554
0.231604
0.261724
0.286515
0.265272
0.427819
0.345826
0.280444
0.472773
0.272039
0.305227
0.328158
0.261607
0.379861
0.238634
0.316758
0.183921
0.130867
0.145597
0.130695
0.141174
0.137584
0.116756
0.191571
0.203238
0.162713
0.221704
0.155406
0.278292
0.206300
0.200409
0.130799
0.149780
0.237077
0.256527
0.414484
0.395034
0.265241
0.240522
0.156490
0.203990
0.185447
0.180539
0.132012
0.122689
0.130529
0.194515
0.180405
0.131690
0.301484
0.285275
0.156640
0.210661
0.266722
0.178387
0.151754
0.174428
0.441734
0.252421
0.236411
0.338048
0.216206
0.234480
0.270629
0.167803
0.139319
0.171830
0.100476
0.104220
0.130144
0.133212
0.163329
0.232352
0.272686
0.163647
0.135962
0.199306
0.253146
0.141433
0.142978
0.310422
0.347917
0.359773
0.293540
0.270656
0.212822
0.195509
0.199059
0.121380
0.126039
0.126269
0.106518
0.172635
0.163476
0.106106
0.274705
0.194523
0.171233
0.154435
0.127640
0.270734
0.175604
0.322070
0.294130
0.235356
0.463353
0.333750
0.257012
0.361237
0.343896
0.314933
0.128021
0.199892
0.128598
0.154798
0.179717
0.122688
0.133040
0.168535
0.117824
0.134402
0.174648
0.164563
0.124244
0.139088
0.233235
0.295248
0.297136
0.427388
0.235521
0.186042
0.305066
0.217853
0.196340
0.194461
0.133741
0.177317
0.125700
0.155090
0.169303
0.177191
0.151240
0.136052
0.212930
0.139947
0.287043
0.270672
0.312582
0.420540
0.419671
0.552864
0.548287
0.593421
0.629705
0.499127
0.447165
0.351615
0.615140
0.559505
0.413087
0.307336
0.194505
0.204721
0.294969
0.188765
0.165803
0.170027
0.203958
0.182028
0.429374
0.330617
0.343600
0.259434
0.232085
0.190854
0.186682
0.187588
0.237659
0.296528
0.236933
0.222943
0.202302
0.210657
0.202752
0.170819
0.123976
0.168300
0.194638
0.111903
0.107065
0.188633
0.166226
0.165210
0.180204
0.277534
0.285687
0.301505
0.213440
0.225506
0.288698
0.456396
0.272360
0.390872
0.227988
0.286188
0.213837
0.165269
0.172740
0.189613
0.112502
0.141942
0.101598
0.148374
0.165425
0.191527
0.128486
0.107779
0.161448
0.180166
0.206676
0.322860
0.346610
0.335167
0.347593
0.293058
0.223504
0.222764
0.250552
0.192147
0.182499
0.270488
0.230380
0.135321
0.137712
0.174354
0.173997
0.170877
0.188063
0.122965
0.254982
0.190374
0.100412
0.140873
0.171990
0.186502
0.193621
0.216417
0.169939
0.172482
0.235022
0.310746
0.208028
0.222146
0.309901
0.342653
0.151645
0.162881
0.171918
0.136773
0.100809
0.135469
0.127040
0.150025
0.156901
0.131559
0.170139
0.131098
0.191319
0.188304
0.191021
0.174932
0.175888
0.140403
0.323826
0.205577
0.454014
0.445605
0.368316
0.250815
0.316295
0.202331
0.131902
0.146795
0.105584
0.132178
0.106343
0.106749
0.214399
0.170758
0.278202
0.327464
0.219063
0.175645
0.207980
0.175122
0.204782
0.213459
0.137021
0.200783
0.179708
0.246594
0.176197
0.218337
0.154540
0.134896
0.107604
0.124433
0.118344
0.104212
0.126934
0.106968
0.170507
0.178311
0.187284
0.141625
0.252059
0.178154
0.272012
0.164907
0.337491
0.298797
0.390666
0.261056
0.307897
0.416365
0.232564
0.227013
0.142502
0.152605
0.102386
0.136481
0.098856
0.104133
0.081163
0.154665
0.142521
0.133555
0.206154
0.119142
0.145251
0.143444
0.265378
0.174960
0.116525
0.210230
0.242054
0.200230
0.203994
0.241500
0.234309
0.150296
0.153799
0.103787
0.132035
0.143225
0.149180
0.127043
0.101308
0.130620
0.158013
0.225464
0.168276
0.279717
0.166511
0.250032
0.292582
0.253890
0.266092
0.327033
0.380408
0.427237
0.237718
0.248922
0.346411
0.148686
0.118467
0.130926
0.167245
0.157907
0.105461
0.161988
0.159744
0.113850
0.190944
0.182244
0.216067
0.231685
0.283989
0.456259
0.380331
0.300364
0.370798
0.496494
0.383114
0.266069
0.225481
0.293616
0.307931
0.322200
0.258974
0.210888
0.219380
0.169559
0.137882
0.146641
0.133636
0.158011
0.228011
0.189917
0.213424
0.218218
0.365858
0.122458
0.201400
0.204235
0.212793
0.173444
0.128429
0.166235
0.264730
0.290275
0.200188
0.220634
0.237707
0.184903
0.116301
0.129116
0.127826
0.112245
0.158497
0.161282
0.194213
0.187501
0.160092
0.129172
0.091096
0.178723
0.261906
0.299960
0.323218
0.192065
0.166437
0.307842
0.197298
0.209027
0.221686
0.174182
0.158527
0.134057
0.133080
0.163683
0.176660
0.092687
0.105408
0.093016
0.219132
0.200648
0.348276
0.161542
0.268768
0.200277
0.161966
0.254710
0.417795
0.463673
0.301090
0.193725
0.293896
0.241539
0.267362
0.131958
0.160501
0.201346
0.142490
0.105514
0.154515
0.175733
0.118283
0.117334
0.258927
0.309868
0.305301
0.248980
0.200970
0.265294
0.231623
0.266586
0.385220
0.285345
0.356904
0.292022
0.254263
0.192429
0.370380
0.281549
0.164746
0.185027
0.172689
0.150139
0.107924
0.128816
0.104688
0.175040
0.225350
0.144215
0.211384
0.248809
0.571937
0.155231
0.409744
0.320130
0.205810
0.177070
0.268519
0.376421
0.278201
0.232624
0.189176
0.159692
0.182153
0.132341
0.153555
0.179923
0.154348
0.115066
0.150562
0.160977
0.210117
0.171836
0.098920
0.110304
0.220437
0.176746
0.159459
0.109967
0.199540
0.178214
0.278227
0.184465
0.259827
0.225143
0.111935
0.210416
0.165134
0.155263
0.185038
0.161923
0.191172
0.204546
0.103852
0.102528
0.193291
0.119561
0.151179
0.213369
0.140184
0.152503
0.130716
0.202418
0.165791
0.109771
0.159903
0.216288
0.158147
0.225568
0.134389
0.174903
0.167397
0.162199
0.147020
0.125969
0.133147
0.127453
0.130686
0.144032
0.203208
0.139176
0.174263
0.131037
0.201655
0.277009
0.106799
0.178055
0.156246
0.153285
0.174439
0.147112
0.140234
0.195248
0.155509
0.147709
0.113077
0.120009
0.133693
0.149155
0.158012
0.126656
0.116434
0.164841
0.321922
0.146791
0.240217
0.248339
0.175939
0.182027
0.266355
0.157598
0.235893
0.163487
0.226746
0.160570
0.177637
0.196563
0.157228
0.219407
0.307851
0.276685
0.194886
0.147978
0.122517
0.159667
0.164427
0.152404
0.211777
0.209310
0.290784
0.318499
0.142684
0.222422
0.164127
0.234500
0.184563
0.259064
0.149307
0.123340
0.137855
0.272227
0.195104
0.127513
0.164702
0.146772
0.140246
0.161896
0.105478
0.108652
0.158531
0.112081
0.149411
0.123689
0.189723
0.161110
0.118346
0.294063
0.233008
0.503355
0.307156
0.360000
0.219014
0.363789
0.174211
0.153988
0.318316
0.210561
0.230208
0.124208
0.152991
0.108610
0.168578
0.163044
0.103007
0.136075
0.143715
0.237488
0.153487
0.152570
0.124461
0.336206
0.246505
0.163313
0.493328
0.282992
0.270108
0.535044
0.342480
0.306482
0.335017
0.297071
0.289280
0.180937
0.173429
0.145465
0.108019
0.195265
0.165035
0.142045
0.209095
0.265980
0.193369
0.295363
0.240519
0.238313
0.243422
0.178849
0.434592
0.441273
0.332174
0.402227
0.247862
0.454338
0.354149
0.411756
0.217689
0.135588
0.124848
0.156888
0.166886
0.184309
0.200474
0.168137
0.228711
0.256614
0.202919
0.219553
0.296010
0.324244
0.349939
0.305533
0.475141
0.307613
0.280461
0.379453
0.368366
0.288223
0.523520
0.246453
0.194510
0.250444
0.109655
0.126368
0.162927
0.238096
0.100896
0.213462
0.195169
0.186937
0.134032
0.181004
0.161440
0.309458
0.468947
0.176106
0.396798
0.489272
0.496465
0.388038
0.265190
0.280907
0.390062
0.208069
0.170146
0.151288
0.251217
0.120384
0.169781
0.143667
0.098642
0.204479
0.256766
0.195193
0.274616
0.237195
0.260671
0.211116
0.176317
0.265550
0.336379
0.363748
0.362808
0.296736
0.399847
0.356622
0.276619
0.362440
0.447771
0.231554
0.209306
0.332934
0.162443
0.170124
0.135704
0.154312
0.256881
0.260846
0.312475
0.195016
0.263384
0.320329
0.240799
0.142804
0.316212
0.323349
0.246697
0.156414
0.314368
0.219336
0.214488
0.143868
0.124259
0.142101
0.148720
0.173439
0.181438
0.157711
0.166969
0.139503
0.192800
0.194609
0.231771
0.377656
0.431474
0.342848
0.172537
0.357251
0.357161
0.304887
0.186443
0.320100
0.149457
0.190878
0.223177
0.119438
0.155945
0.150652
0.156166
0.095421
0.102839
0.158645
0.142975
0.100489
0.183715
0.142299
0.153274
0.182803
0.187444
0.241485
0.138621
0.148429
0.122778
0.155311
0.301306
0.262024
0.141411
0.245015
0.222127
0.178302
0.146073
0.213905
0.218646
0.127991
0.164034
0.145147
0.139617
0.126460
0.249974
0.336320
0.139962
0.359917
0.198309
0.352101
0.251066
0.194381
0.298165
0.373292
0.241121
0.331049
0.259734
0.379640
0.460890
0.306841
0.166052
0.175278
0.170230
0.183940
0.132069
0.189088
0.188610
0.206359
0.171773
0.168540
0.230546
0.274376
0.253766
0.279561
0.150091
0.234743
0.305068
0.279137
0.215685
0.336268
0.307736
0.247063
0.284120
0.185939
0.137176
0.116253
0.144750
0.185156
0.138651
0.154775
0.111664
0.216067
0.191923
0.165300
0.151293
0.210539
0.141081
0.234192
0.138868
0.274747
0.266642
0.483158
0.537497
0.320801
0.245507
0.358302
0.422855
0.195643
0.276895
0.230896
0.214882
0.189058
0.219953
0.124282
0.139949
0.404344
0.435658
0.232893
0.491108
0.187794
0.278283
0.510145
0.359310
0.532433
0.550215
0.270319
0.352917
0.471981
0.456978
0.296646
0.399451
0.470136
0.335138
0.249913
0.228869
0.136070
0.251127
0.214285
0.156422
0.184477
0.172463
0.300765
0.351372
0.540478
0.344193
0.454739
0.385687
0.470974
0.545324
0.562812
0.427387
0.346770
0.342850
0.421330
0.291488
0.352689
0.201617
0.118509
0.203655
0.174984
0.175923
0.142114
0.180586
0.152729
0.152462
0.129400
0.204160
0.329595
0.474000
0.611405
0.256207
0.342756
0.325586
0.285507
0.273526
0.559696
0.248116
0.382567
0.414849
0.198495
0.232192
0.165758
0.150600
0.133911
0.187817
0.180017
0.141752
0.108163
0.225978
0.190814
0.155871
0.121344
0.181870
0.230947
0.233413
0.252855
0.128877
0.338744
0.263112
0.174004
0.214098
0.189318
0.229802
0.215254
0.170656
0.164643
0.106012
0.145274
0.103495
0.145024
0.158268
0.211619
0.180846
0.172410
0.167436
0.207114
0.168274
0.163479
0.121032
0.129422
0.126291
0.148399
0.169200
0.251182
0.279077
0.235502
0.223568
0.209837
0.139111
0.184733
0.157954
0.166062
0.157154
0.109121
0.144514
0.149465
0.189624
0.281067
0.211838
0.167727
0.181118
0.206321
0.116862
0.229026
0.184318
0.132232
0.100065
0.216695
0.274683
0.242755
0.345989
0.146402
0.201661
0.170969
0.174494
0.123869
0.164449
0.156695
0.129553
0.172057
0.197991
0.108782
0.238977
0.133800
0.102990
0.191400
0.167551
0.186727
0.224243
0.177400
0.141662
0.117648
0.167143
0.154760
0.166380
0.129400
0.186119
0.117063
0.110999
0.119642
0.111471
0.107055
0.146102
0.265245
0.191038
0.090567
0.127151
0.125927
0.154691
0.122487
0.212217
0.145818
0.130184
0.261416
0.145228
0.208812
0.219604
0.124297
0.202111
0.204868
0.157236
0.158632
0.165315
0.113809
0.111035
0.153201
0.149394
0.123035
0.116937
0.183481
0.246906
0.297835
0.289522
0.218905
0.208618
0.119776
0.192168
0.174903
0.113478
0.092697
0.152711
0.146222
0.164840
0.182020
0.174969
0.142612
0.171672
0.113897
0.141781
0.137000
0.146777
0.112336
0.148775
0.113726
0.171888
0.472094
0.373602
0.280906
0.274571
0.270759
0.186847
0.301589
0.338465
0.280782
0.349603
0.361396
0.252092
0.242638
0.133067
0.148445
0.167242
0.193067
0.130416
0.186202
0.096405
0.139184
0.124696
0.152714
0.135499
0.147154
0.162631
0.162296
0.182104
0.187654
0.161842
0.215879
0.223853
0.198852
0.248782
0.194968
0.251127
0.191505
0.137193
0.167228
0.147404
0.159487
0.137830
0.134013
0.150204
0.249772
0.286405
0.146960
0.180600
0.340028
0.205101
0.215086
0.163053
0.179687
0.162288
0.241327
0.235606
0.188884
0.190518
0.294604
0.231774
0.312504
0.193694
0.169714
0.144993
0.155067
0.117319
0.142319
0.108858
0.189000
0.146831
0.218698
0.184042
0.166023
0.259214
0.345159
0.147765
0.321271
0.215179
0.149363
0.153279
0.219004
0.152448
0.192953
0.229509
0.111723
0.231800
0.227749
0.157037
0.128658
0.091708
0.114326
0.151497
0.126704
0.145846
0.154888
0.161991
0.150660
0.148258
0.183208
0.118469
0.146459
0.101017
0.122232
0.235501
0.273152
0.228660
0.248131
0.145416
0.217111
0.111274
0.123377
0.114090
0.099553
0.163057
0.140258
0.127883
0.106163
0.289038
0.217528
0.155131
0.125988
0.107101
0.225288
0.174179
0.193159
0.155914
0.202603
0.190323
0.193662
0.147115
0.123595
0.175074
0.131042
0.189949
0.135653
0.139868
0.133427
0.144906
0.145546
0.114271
0.163884
0.093942
0.149369
0.212750
0.204036
0.357745
0.230421
0.171995
0.141394
0.185562
0.213038
0.254205
0.135600
0.173794
0.216307
0.261123
0.262395
0.140598
0.136591
0.247557
0.094769
0.141814
0.163051
0.135029
0.107668
0.231106
0.181342
0.131047
0.133497
0.144227
0.313959
0.361710
0.260515
0.253362
0.148903
0.191591
0.214747
0.199363
0.140603
0.215625
0.183069
0.146806
0.156542
0.108578
0.094489
0.120016
0.168950
0.119048
0.113795
0.195430
0.124755
0.140406
0.160713
0.172426
0.113138
0.113246
0.144399
0.120509
0.213789
0.225643
0.330044
0.178559
0.135594
0.172180
0.179309
0.248575
0.198977
0.179667
0.155437
0.148730
0.150181
0.130992
0.188795
0.174750
0.209682
0.240800
0.144903
0.217277
0.182822
0.153566
0.119913
0.087104
0.224465
0.237532
0.266316
0.312233
0.212319
0.193241
0.176854
0.103310
0.174652
0.177905
0.104241
0.096216
0.092618
0.132092
0.150957
0.182411
0.166207
0.157400
0.236370
0.096858
0.137208
0.141937
0.114969
0.103249
0.117944
0.202422
0.205283
0.203572
0.186421
0.141587
0.157392
0.183790
0.100691
0.157652
0.096721
0.136410
0.097377
0.139399
0.181288
0.231201
0.159908
0.107088
0.141855
0.109367
0.178925
0.104037
0.126900
0.120301
0.165680
0.114002
0.184823
0.294046
0.208270
0.317108
0.232061
0.126081
0.174739
0.171083
0.163570
0.112521
0.191373
0.105647
0.227509
0.316816
0.254436
0.192044
0.178143
0.177772
0.269184
0.122044
0.185061
0.121427
0.242930
0.193297
0.216906
0.397488
0.239825
0.194285
0.182213
0.153572
0.102747
0.151224
0.110675
0.129737
0.204810
0.176242
0.179058
0.101755
0.179967
0.216223
0.200472
0.313426
0.375421
0.242408
0.195807
0.192152
0.190516
0.186051
0.271080
0.256271
0.155004
0.256848
0.148640
0.175736
0.188030
0.125667
0.159109
0.170588
0.160810
0.109813
0.174201
0.132322
0.273347
0.194092
0.279385
0.140577
0.194119
0.225694
0.161598
0.177730
0.246547
0.203987
0.200952
0.200755
0.169968
0.242384
0.302486
0.184951
0.167792
0.171629
0.156420
0.121816
0.093412
0.099565
0.168084
0.143276
0.211166
0.191272
0.192474
0.214161
0.178343
0.139455
0.150247
0.137622
0.174349
0.182380
0.156334
0.257766
0.121328
0.179593
0.239651
0.167494
0.110770
0.147037
0.153018
0.149024
0.165725
0.208147
0.144492
0.247409
0.174686
0.205369
0.159140
0.144149
0.332075
0.233912
0.218063
0.178834
0.266814
0.180889
0.182159
0.419608
0.226777
0.163341
0.222316
0.195911
0.130457
0.150754
0.124231
0.127761
0.179301
0.121855
0.167400
0.186141
0.143011
0.257501
0.174738
0.309685
0.276077
0.162868
0.125132
0.172074
0.237226
0.130115
0.179793
0.191306
0.257786
0.132842
0.205862
0.142609
0.099034
0.153578
0.138293
0.114400
0.116427
0.110402
0.100761
0.315617
0.175804
0.183953
0.160620
0.124741
0.131795
0.110864
0.135989
0.106135
0.165693
0.153188
0.178263
0.138044
0.141499
0.137240
0.141475
0.196753
0.163474
0.145269
0.122828
0.156826
0.171864
0.131250
0.112680
0.330216
0.154997
0.124121
0.100280
0.131802
0.192654
0.137761
0.186591
0.138986
0.133554
0.219105
0.225124
0.156198
0.104916
0.129887
0.156065
0.117170
0.180959
0.204131
0.127612
0.148657
0.137817
0.189556
0.140933
0.124464
0.174346
0.222482
0.368896
0.264204
0.303986
0.191930
0.187177
0.124164
0.166803
0.128954
0.129099
0.170000
0.332910
0.203381
0.167513
0.168672
0.125215
0.146904
0.094344
0.118591
0.162793
0.091488
0.093547
0.100388
0.136591
0.198131
0.304519
0.155388
0.121776
0.120783
0.215855
0.138884
0.141828
0.147606
0.183225
0.123133
0.199672
0.259394
0.119450
0.134819
0.096887
0.118772
0.106516
0.168682
0.138310
0.210700
0.178702
0.235890
0.239197
0.147398
0.141937
0.150276
0.216530
0.110571
0.103409
0.111015
0.286717
0.297737
0.139346
0.215890
0.409619
0.189439
0.174940
0.178011
0.107409
0.134650
0.119494
0.146467
0.155190
0.179363
0.333267
0.211207
0.189487
0.222206
0.249327
0.187398
0.207055
0.306437
0.160011
0.162092
0.203980
0.231355
0.324815
0.248735
0.280902
0.274715
0.147771
0.183989
0.202848
0.210266
0.120331
0.109989
0.156997
0.131330
0.116924
0.129523
0.153140
0.192440
0.150107
0.180359
0.232162
0.108104
0.142545
0.153306
0.203710
0.168389
0.104091
0.105446
0.189623
0.170787
0.132417
0.159873
0.202012
0.120429
0.165813
0.123221
0.129273
0.162568
0.144865
0.290046
0.201864
0.135521
0.170393
0.146597
0.184483
0.179351
0.146380
0.156398
0.173606
0.173560
0.172623
0.169053
0.157140
0.194779
0.180958
0.182207
0.111393
0.136497
0.168290
0.163686
0.116730
0.139460
0.171694
0.191299
0.167671
0.185739
0.203195
0.149015
0.125149
0.131562
0.147441
0.116261
0.141451
0.239550
0.213809
0.222748
0.290570
0.307008
0.153542
0.123917
0.185272
0.116947
0.109867
0.180121
0.114524
0.135174
0.160308
0.233789
0.144481
0.183570
0.203632
0.219132
0.187352
0.230881
0.244060
0.227889
0.204401
0.205761
0.226111
0.279372
0.377500
0.154970
0.136360
0.132712
0.103929
0.195391
0.098005
0.167313
0.137422
0.144463
0.107971
0.208728
0.217692
0.233088
0.199077
0.184595
0.220749
0.246501
0.185846
0.302069
0.147027
0.210565
0.152536
0.187477
0.305601
0.170060
0.225637
0.149968
0.161315
0.182400
0.100438
0.107804
0.159867
0.113615
0.204333
0.183992
0.275025
0.160671
0.257128
0.213116
0.145596
0.234849
0.141691
0.240530
0.255337
0.247547
0.256539
0.309049
0.261066
0.195445
0.179175
0.189991
0.195847
0.113534
0.146005
0.140225
0.186659
0.200847
0.156535
0.339978
0.346832
0.386735
0.171919
0.175887
0.153046
0.254846
0.269154
0.205409
0.226939
0.262422
0.333520
0.192927
0.309260
0.170793
0.189083
0.148811
0.150943
0.153310
0.124816
0.145640
0.114730
0.214185
0.140389
0.219799
0.260698
0.159450
0.186824
0.111772
0.242283
0.168349
0.145697
0.135858
0.210165
0.164757
0.226094
0.235768
0.193700
0.192058
0.249572
0.229679
0.297853
0.117256
0.177182
0.172107
0.119987
0.172929
0.109599
0.288974
0.174110
0.122429
0.137377
0.117543
0.216104
0.205997
0.185733
0.136189
0.178417
0.184202
0.157139
0.200835
0.192578
0.198712
0.159014
0.114694
0.142773
0.166289
0.163911
0.162730
0.129517
0.124499
0.171075
0.150317
0.196027
0.175213
0.132307
0.198015
0.186763
0.175994
0.200711
0.121953
0.129673
0.240799
0.161891
0.300971
0.182108
0.126199
0.232469
0.162682
0.124682
0.129640
0.163182
0.089117
0.168450
0.099643
0.114862
0.175357
0.203997
0.196104
0.273927
0.128767
0.242900
0.276269
0.120110
0.151045
0.216104
0.160541
0.108122
0.225211
0.210708
0.247355
0.177981
0.291785
0.201006
0.146189
0.113935
0.165590
0.124396
0.176068
0.155713
0.146078
0.172397
0.279458
0.197586
0.154225
0.159821
0.121578
0.155182
0.163475
0.162052
0.161068
0.204328
0.166909
0.258926
0.186521
0.233719
0.174948
0.227110
0.130364
0.104944
0.163048
0.158403
0.115743
0.128140
0.163523
0.231642
0.312675
0.265401
0.205576
0.189774
0.190163
0.105771
0.106796
0.198974
0.231317
0.269082
0.227498
0.221646
0.317389
0.240824
0.173533
0.151487
0.098494
0.168471
0.137782
0.143538
0.157425
0.165160
0.191737
0.281918
0.148748
0.156619
0.136955
0.251560
0.310710
0.178947
0.163444
0.196215
0.189336
0.266170
0.196424
0.238193
0.193499
0.161423
0.200367
0.134650
0.135871
0.181484
0.117901
0.157213
0.155780
0.194241
0.172251
0.278980
0.316849
0.182112
0.148263
0.269597
0.136135
0.188775
0.232266
0.159266
0.186874
0.347010
0.219052
0.209987
0.173789
0.130445
0.132756
0.160192
0.146267
0.160179
0.119526
0.090608
0.131147
0.108984
0.161882
0.211297
0.212078
0.121095
0.222272
0.247105
0.189396
0.164107
0.192234
0.224262
0.204317
0.144519
0.178417
0.213989
0.176779
0.121542
0.169934
0.257012
0.110848
0.105166
0.136593
0.192648
0.148296
0.139247
0.190985
0.217189
0.145274
0.147543
0.203403
0.122885
0.135421
0.125820
0.190319
0.157643
0.196633
0.192858
0.330228
0.265119
0.165372
0.193202
0.210356
0.205496
0.218269
0.180281
0.176579
0.098791
0.158710
0.154526
0.148395
0.165275
0.233914
0.358562
0.213088
0.165413
0.109096
0.139600
0.171189
0.195209
0.213635
0.202262
0.193591
0.150167
0.209241
0.131090
0.174636
0.156923
0.147390
0.148816
0.187055
0.190113
0.189963
0.128247
0.101366
0.160872
0.147709
0.126306
0.185860
0.241332
0.137799
0.283692
0.253339
0.208222
0.176797
0.231370
0.313528
0.292269
0.205509
0.138147
0.112390
0.144836
0.117461
0.142342
0.136232
0.145588
0.155328
0.202578
0.221646
0.234182
0.205809
0.202423
0.132408
0.180548
0.172937
0.175080
0.190372
0.231023
0.194821
0.415538
0.317766
0.230655
0.253773
0.185162
0.264198
0.171566
0.187752
0.145862
0.172089
0.142908
0.143607
0.144829
0.186816
0.223823
0.145738
0.214631
0.168827
0.243016
0.151905
0.225540
0.147652
0.206620
0.166741
0.177150
0.169576
0.194486
0.244799
0.151900
0.155837
0.181309
0.130531
0.127388
0.144115
0.126027
0.114432
0.206541
0.173546
0.175076
0.137947
0.184259
0.192724
0.142692
0.183072
0.107723
0.162240
0.130137
0.129447
0.208354
0.179407
0.185869
0.163024
0.166387
0.250895
0.172881
0.128218
0.118142
0.177319
0.138990
0.122973
0.145227
0.125483
0.222944
0.294820
0.171380
0.149601
0.156562
0.127440
0.195335
0.168507
0.148614
0.239007
0.145073
0.227047
0.173831
0.174334
0.252648
0.151359
0.127279
0.174015
0.130029
0.095894
0.149222
0.148895
0.189966
0.167506
0.193582
0.192381
0.182260
0.178307
0.148340
0.220133
0.151255
0.171407
0.146058
0.106123
0.128826
0.220333
0.189707
0.199587
0.193615
0.155709
0.142497
0.146265
0.143103
0.124614
0.182375
0.106898
0.091887
0.144370
0.183401
0.170806
0.246399
0.220412
0.251099
0.201010
0.124309
0.171713
0.227689
0.163785
0.155704
0.198530
0.229293
0.211355
0.200124
0.124408
0.168005
0.269798
0.167572
0.124905
0.091152
0.131234
0.138493
0.098326
0.122584
0.122140
0.172021
0.220066
0.225530
0.162238
0.214795
0.258219
0.194868
0.208343
0.127333
0.164688
0.184458
0.136994
0.265193
0.171947
0.191984
0.126103
0.141327
0.128811
0.130779
0.150050
0.135117
0.150428
0.193029
0.198228
0.141203
0.132349
0.171008
0.131838
0.165959
0.152888
0.145308
0.166790
0.232978
0.234246
0.219557
0.158078
0.212236
0.202688
0.133691
0.173359
0.157749
0.165385
0.172236
0.152633
0.169971
0.160496
0.207462
0.231621
0.156448
0.176173
0.154123
0.222087
0.224753
0.180411
0.175049
0.264663
0.314289
0.305302
0.320864
0.353014
0.422622
0.217105
0.177305
0.191473
0.146416
0.144874
0.182846
0.156607
0.135960
0.147154
0.237127
0.313343
0.183866
0.212022
0.227486
0.262285
0.256033
0.221982
0.250835
0.222518
0.286629
0.219579
0.298937
0.185726
0.219279
0.124577
0.214686
0.166603
0.152855
0.105535
0.168443
0.173738
0.158096
0.150840
0.134908
0.215621
0.545842
0.368535
0.458915
0.172296
0.168631
0.146072
0.301489
0.237077
0.293669
0.173144
0.264072
0.211539
0.196694
0.170505
0.168997
0.152511
0.164536
0.127471
0.157514
0.163962
0.094768
0.182378
0.165214
0.338316
0.316426
0.278803
0.294539
0.193283
0.177272
0.207971
0.164985
0.215285
0.356468
0.300161
0.210037
0.175287
0.218678
0.153368
0.162694
0.178015
0.147880
0.146927
0.169571
0.127486
0.110977
0.141582
0.209419
0.252597
0.304125
0.292835
0.266693
0.286122
0.216267
0.243254
0.163125
0.135538
0.247654
0.244619
0.213853
0.147457
0.225839
0.163951
0.173834
0.163503
0.130830
0.155983
0.113453
0.106033
0.122523
0.148410
0.157698
0.172338
0.221610
0.167227
0.175704
0.118498
0.230074
0.369215
0.294591
0.172212
0.172510
0.296056
0.217346
0.376826
0.333647
0.137042
0.143037
0.110401
0.177781
0.144210
0.105122
0.137372
0.110448
0.179566
0.171926
0.269042
0.123190
0.179355
0.275932
0.189538
0.160634
0.151022
0.159620
0.322367
0.239941
0.190790
0.233724
0.238770
0.242047
0.194338
0.139918
0.197287
0.226364
0.129188
0.172406
0.138515
0.182372
0.214609
0.305620
0.164801
0.254825
0.201538
0.183565
0.173891
0.225001
0.164619
0.112610
0.184297
0.321392
0.179539
0.393804
0.331745
0.147776
0.244458
0.218792
0.165451
0.196040
0.104803
0.143710
0.186038
0.223359
0.182440
0.213760
0.143667
0.122288
0.194758
0.139420
0.220593
0.147159
0.144265
0.150461
0.216203
0.268539
0.195431
0.183067
0.185857
0.261911
0.193762
0.203909
0.181017
0.207319
0.188366
0.146607
0.199254
0.183140
0.193952
0.127811
0.239641
0.189647
0.166231
0.222990
0.162889
0.126533
0.159515
0.151207
0.121186
0.187035
0.256856
0.204303
0.207329
0.139995
0.194491
0.160266
0.185261
0.096827
0.177159
0.130748
0.159815
0.132235
0.120784
0.311100
0.290797
0.130080
0.124111
0.186407
0.202902
0.318562
0.161910
0.189531
0.178706
0.355699
0.281132
0.267464
0.242648
0.250965
0.387737
0.266787
0.190449
0.186599
0.117638
0.139175
0.149324
0.127998
0.183531
0.162752
0.255806
0.211939
0.212196
0.183303
0.339322
0.246215
0.239407
0.424938
0.246579
0.223769
0.241697
0.189045
0.177050
0.243143
0.216981
0.196884
0.231319
0.145819
0.177870
0.188817
0.151516
0.180730
0.125226
0.206591
0.188077
0.218340
0.309020
0.217224
0.254192
0.225846
0.238757
0.199892
0.250511
0.278701
0.213169
0.239385
0.189343
0.186430
0.179655
0.149727
0.091163
0.139698
0.159611
0.104276
0.119489
0.092037
0.120610
0.152272
0.224690
0.169373
0.117591
0.155835
0.190488
0.162221
0.272680
0.242122
0.284165
0.180975
0.221017
0.162363
0.182550
0.380713
0.304052
0.219818
0.165919
0.102892
0.158541
0.121874
0.126527
0.147168
0.242561
0.338377
0.365380
0.216031
0.193944
0.213588
0.230129
0.173044
0.116178
0.128130
0.256932
0.221459
0.324289
0.180235
0.285281
0.367313
0.339047
0.159807
0.203505
0.169362
0.167357
0.160193
0.253448
0.153492
0.142707
0.302053
0.261769
0.322886
0.175368
0.206603
0.184025
0.115868
0.132065
0.164243
0.253279
0.216791
0.204292
0.217182
0.257169
0.147394
0.182915
0.160801
0.191519
0.175429
0.189262
0.174860
0.154260
0.167941
0.114674
0.342344
0.134399
0.143458
0.117188
0.206373
0.190070
0.155252
0.182133
0.196793
0.151176
0.197903
0.235341
0.184235
0.262563
0.233246
0.224090
0.151489
0.125983
0.183536
0.102127
0.124953
0.121905
0.171715
0.202344
0.220416
0.170305
0.189586
0.121007
0.161718
0.183013
0.150323
0.132912
0.126785
0.197275
0.269699
0.205070
0.193823
0.178342
0.151108
0.191598
0.192882
0.194332
0.186601
0.172038
0.132391
0.198750
0.190366
0.122282
0.176205
0.222878
0.238330
0.263691
0.218382
0.277023
0.192983
0.173069
0.143730
0.181493
0.161474
0.214593
0.234364
0.146417
0.204465
0.176953
0.172766
0.182915
0.201583
0.195861
0.166111
0.134702
0.153548
0.171997
0.168826
0.255454
0.351729
0.323857
0.332575
0.335778
0.225543
0.273757
0.136723
0.154315
0.245747
0.216247
0.260066
0.257420
0.332807
0.193960
0.217719
0.102878
0.147094
0.162753
0.159270
0.140151
0.138025
0.123013
0.209939
0.278562
0.153822
0.302934
0.181469
0.182840
0.165939
0.175689
0.154788
0.264710
0.224333
0.259621
0.334694
0.185380
0.181478
0.174442
0.180506
0.156251
0.158166
0.129835
0.138903
0.115937
0.182205
0.151962
0.350859
0.265228
0.207053
0.220027
0.178568
0.208954
0.194496
0.218085
0.169773
0.240768
0.228074
0.179304
0.152693
0.162646
0.167455
0.227869
0.184153
0.183365
0.103784
0.169368
0.098821
0.173210
0.170757
0.247258
0.270814
0.169476
0.207918
0.178760
0.237611
0.193965
0.173326
0.107539
0.195215
0.168851
0.189510
0.152318
0.231393
0.235514
0.124536
0.127092
0.186813
0.113249
0.177636
0.164211
0.162013
0.119112
0.158220
0.141895
0.212957
0.155652
0.245506
0.261985
0.224761
0.208918
0.171319
0.124125
0.143211
0.171251
0.334977
0.225933
0.224616
0.246191
0.253307
0.227040
0.146541
0.197415
0.111810
0.142340
0.127090
0.164997
0.188479
0.128493
0.170426
0.275084
0.247734
0.237734
0.241505
0.210309
0.315901
0.176143
0.178419
0.193515
0.275866
0.238914
0.185571
0.215165
0.192933
0.228644
0.195363
0.215654
0.132491
0.201616
0.174996
0.190823
0.137363
0.163273
0.205562
0.226652
0.189784
0.322014
0.319639
0.339127
0.219616
0.121240
0.129035
0.153881
0.268744
0.148689
0.159940
0.132871
0.161256
0.144904
0.165063
0.211263
0.145403
0.117486
0.179528
0.163606
0.198156
0.161743
0.176590
0.199233
0.257300
0.256245
0.201609
0.372780
0.200344
0.205989
0.212948
0.225497
0.203714
0.176582
0.313064
0.272623
0.192206
0.180145
0.115153
0.142957
0.117593
0.156734
0.155654
0.128932
0.169696
0.165486
0.206388
0.264002
0.149251
0.144045
0.212669
0.234822
0.273021
0.103027
0.175786
0.196554
0.257552
0.273492
0.272456
0.179319
0.149121
0.242348
0.301967
0.139043
0.173925
0.146810
0.192215
0.089519
0.104450
0.310245
0.182428
0.189301
0.170121
0.189406
0.218613
0.204929
0.102359
0.189018
0.135356
0.177223
0.220745
0.233491
0.244994
0.273582
0.284482
0.272775
0.139484
0.180654
0.099779
0.174106
0.134632
0.112056
0.169986
0.162831
0.248482
0.186365
0.346675
0.205222
0.118590
0.205448
0.139758
0.162997
0.113808
0.172442
0.164573
0.340752
0.287623
0.365115
0.324544
0.177628
0.203647
0.188517
0.178361
0.174623
0.156325
0.173609
0.168532
0.107135
0.299630
0.183982
0.219252
0.192351
0.138177
0.172276
0.222718
0.198760
0.202804
0.183703
0.277287
0.360715
0.246995
0.177907
0.327639
0.244788
0.177918
0.165831
0.195894
0.117798
0.169694
0.137638
0.111681
0.134096
0.206744
0.223828
0.487200
0.248486
0.285495
0.298773
0.346254
0.192101
0.201623
0.179691
0.339522
0.325887
0.250062
0.220394
0.329447
0.175592
0.243718
0.206816
0.231261
0.200281
0.124828
0.161940
0.138404
0.128403
0.182347
0.214462
0.189678
0.179180
0.268163
0.191243
0.183087
0.371487
0.214854
0.190557
0.311521
0.212315
0.207709
0.237973
0.273813
0.263056
0.195973
0.167863
0.198272
0.182715
0.115936
0.203974
0.147825
0.208074
0.214628
0.280707
0.290688
0.294127
0.541614
0.373058
0.276075
0.212843
0.205740
0.192132
0.187993
0.156854
0.168444
0.262251
0.197145
0.227444
0.237843
0.190432
0.153695
0.174040
0.153387
0.154240
0.132740
0.118971
0.239073
0.250312
0.216875
0.320175
0.233812
0.206992
0.317960
0.245205
0.217009
0.305625
0.251988
0.341925
0.263355
0.202526
0.197102
0.196412
0.256260
0.281166
0.200836
0.203098
0.247200
0.271049
0.211471
0.262755
0.244043
0.275883
0.198811
0.360342
0.290841
0.341168
0.342869
0.371246
0.371145
0.247312
0.221948
0.282246
0.295151
0.349351
0.319585
0.210267
0.214987
0.190175
0.162732
0.162689
0.202431
0.185514
0.236285
0.246646
0.366870
0.289459
0.306856
0.233559
0.313141
0.393309
0.287559
0.265612
0.197610
0.332343
0.256472
0.423503
0.185286
0.279020
0.190575
0.192076
0.178148
0.236979
0.265546
0.167671
0.152945
0.242044
0.263481
0.185951
0.257739
0.311444
0.159963
0.263449
0.268530
0.434527
0.277385
0.186221
0.253253
0.256225
0.241520
0.186511
0.302647
0.310031
0.192509
0.248998
0.185288
0.307315
0.218736
0.257301
0.187588
0.148448
0.225891
0.227826
0.321001
0.281584
0.282195
0.309540
0.254270
0.330166
0.326755
0.356355
0.270774
0.339496
0.277220
0.232689
0.313970
0.432657
0.267061
0.265908
0.231336
0.245895
0.243214
0.249983
0.180207
0.137219
0.237636
0.219437
0.211699
0.249352
0.287296
0.316969
0.388798
0.418818
0.270920
0.280776
0.170090
0.241346
0.373446
0.247880
0.283271
0.191303
0.319669
0.165093
0.220520
0.166022
0.242138
0.213154
0.218889
0.142663
0.194771
0.226085
0.191315
0.256801
0.276202
0.177114
0.251428
0.319255
0.275660
0.358480
0.232445
0.350450
0.195326
0.295961
0.242113
0.183016
0.208069
0.253719
0.173505
