0.131652
0.133683
0.127591
0.136804
0.146715
0.149291
0.155382
0.316614
0.349103
0.432295
0.276427
0.341011
0.344224
0.263396
0.213693
0.253213
0.351285
0.297188
0.351376
0.337889
0.382652
0.351497
0.330404
0.181992
0.126258
0.124045
0.132319
0.117257
0.148654
0.132168
0.143593
0.210359
0.292096
0.400018
0.413444
0.405079
0.372227
0.355983
0.318917
0.319796
0.346709
0.421142
0.361407
0.502212
0.383804
0.268942
0.247091
0.145381
0.137774
0.145139
0.132986
0.143502
0.145624
0.168960
0.170930
0.243120
0.198964
0.279761
0.287792
0.262062
0.240696
0.254425
0.248121
0.271275
0.381864
0.428446
0.416293
0.452237
0.461147
0.470421
0.365226
0.290459
0.249091
0.239544
0.164656
0.169869
0.193417
0.256364
0.238847
0.368863
0.315766
0.330798
0.270184
0.493484
0.444236
0.269366
0.402140
0.271578
0.282943
0.291126
0.353043
0.507061
0.545824
0.428810
0.220269
0.188386
0.176476
0.158322
0.154594
0.176052
0.179749
0.202024
0.204691
0.440811
0.305704
0.237332
0.383365
0.352703
0.335377
0.255495
0.305167
0.372388
0.465459
0.473994
0.497963
0.596760
0.558931
0.545812
0.368736
0.307216
0.269001
0.257849
0.255137
0.240218
0.250292
0.267451
0.280167
0.403798
0.302350
0.261810
0.257789
0.342223
0.241938
0.230604
0.277155
0.221936
0.258850
0.280398
0.320312
0.357286
0.311614
0.251303
0.220875
0.180022
0.149230
0.142411
0.168445
0.141926
0.154322
0.159595
0.189478
0.336586
0.305855
0.419020
0.473815
0.399139
0.276337
0.227331
0.394927
0.357498
0.320615
0.261304
0.353528
0.290672
0.390775
0.292096
0.176991
0.198024
0.162141
0.170839
0.170960
0.172930
0.181143
0.186113
0.193205
0.222966
0.233725
0.225664
0.339102
0.282489
0.418384
0.428870
0.391260
0.444660
0.435962
0.426809
0.352437
0.411626
0.327252
0.461814
0.212480
0.204995
0.154322
0.151746
0.148291
0.157171
0.155958
0.231483
0.180567
0.333677
0.216844
0.256001
0.332586
0.268426
0.248333
0.251515
0.227028
0.320706
0.320251
0.310886
0.393836
0.409292
0.377288
0.371954
0.378319
0.197824
0.163629
0.136132
0.148197
0.145548
0.166087
0.182374
0.240763
0.393678
0.318175
0.381989
0.401488
0.490723
0.447448
0.451509
0.414941
0.346327
0.399039
0.423160
0.445236
0.382695
0.355573
0.368723
0.210835
0.177259
0.165381
0.137864
0.140169
0.149503
0.166020
0.160853
0.221216
0.400552
0.259874
0.289987
0.196636
0.363865
0.373835
0.234119
0.227458
0.247072
0.350727
0.483871
0.517229
0.464581
0.564105
0.510222
0.301394
0.245375
0.246203
0.216234
0.220449
0.205069
0.232308
0.263581
0.256987
0.386616
0.355358
0.344472
0.392505
0.380836
0.228847
0.259517
0.198539
0.401988
0.357165
0.408231
0.418384
0.453510
0.449964
0.382501
0.300976
0.192963
0.168899
0.165444
0.185235
0.177385
0.177052
0.196569
0.239271
0.421475
0.278761
0.262638
0.403988
0.431386
0.335798
0.351800
0.202782
0.247636
0.300643
0.478997
0.533944
0.396078
0.335283
0.340920
0.325767
0.197691
0.162777
0.182689
0.161565
0.178355
0.170021
0.184447
0.187659
0.282640
0.359013
0.378349
0.302128
0.243545
0.191478
0.169369
0.244795
0.398779
0.193086
0.287930
0.398465
0.250273
0.221966
0.366469
0.219815
0.167426
0.153082
0.148406
0.149218
0.151561
0.159465
0.153837
0.167766
0.199279
0.229240
0.195181
0.339274
0.285622
0.263932
0.268493
0.261332
0.339778
0.331140
0.315050
0.293363
0.363544
0.219542
0.274603
0.150064
0.160162
0.142248
0.150355
0.139026
0.118457
0.142793
0.135744
0.184350
0.283249
0.179685
0.256658
0.202367
0.356634
0.292732
0.336595
0.249618
0.232928
0.269508
0.337408
0.330704
0.451918
0.342326
0.330092
0.176721
0.190843
0.159126
0.133895
0.158960
0.175478
0.185025
0.201224
0.241828
0.333771
0.234180
0.275997
0.271936
0.275091
0.300709
0.233619
0.263493
0.228637
0.302867
0.376209
0.365108
0.408695
0.415262
0.475012
0.259901
0.221068
0.174284
0.159257
0.145379
0.156200
0.177294
0.143714
0.203919
0.403829
0.247102
0.256006
0.280840
0.251312
0.280645
0.181539
0.215573
0.188993
0.234635
0.318554
0.294187
0.421900
0.383653
0.560768
0.359707
0.229041
0.172558
0.169456
0.125318
0.130137
0.131955
0.179901
0.175461
0.414346
0.295699
0.206478
0.180824
0.199319
0.276605
0.295655
0.265759
0.318543
0.483634
0.534433
0.577213
0.684189
0.689096
0.611659
0.476715
0.312609
0.239299
0.193159
0.179665
0.196952
0.173985
0.238935
0.289609
0.335691
0.270904
0.215901
0.348101
0.309794
0.303506
0.453971
0.351258
0.287794
0.382804
0.395942
0.316758
0.266135
0.271690
0.240964
0.239042
0.165353
0.156489
0.132365
0.127215
0.140120
0.119699
0.156246
0.186010
0.244960
0.272894
0.348445
0.304598
0.286883
0.361274
0.210277
0.246212
0.320145
0.330107
0.365350
0.425765
0.316031
0.349024
0.298375
0.268020
0.215505
0.149848
0.158207
0.155052
0.147504
0.156141
0.173991
0.197661
0.252364
0.234089
0.256486
0.366802
0.417445
0.322827
0.358104
0.313311
0.322766
0.459086
0.361377
0.402958
0.545399
0.368893
0.322615
0.202570
0.187538
0.146684
0.161535
0.145472
0.168536
0.169778
0.169020
0.235028
0.337071
0.234665
0.242454
0.298945
0.441387
0.309098
0.194781
0.245363
0.257152
0.299339
0.403897
0.383562
0.466693
0.405972
0.330288
0.319555
0.157925
0.126661
0.150803
0.149060
0.134538
0.162805
0.186795
0.232995
0.409841
0.311689
0.154249
0.174445
0.214808
0.305916
0.304119
0.378825
0.324445
0.347806
0.415308
0.539084
0.551164
0.518936
0.433401
0.269045
0.183574
0.181570
0.152171
0.175234
0.159186
0.178666
0.202271
0.219407
0.324396
0.235510
0.435339
0.362111
0.313769
0.392837
0.230635
0.300340
0.315372
0.308492
0.453176
0.403988
0.408383
0.369348
0.367408
0.223239
0.180598
0.176991
0.164790
0.142702
0.149327
0.180310
0.191361
0.231603
0.389968
0.267702
0.200442
0.250203
0.259004
0.304294
0.272272
0.202958
0.231683
0.295151
0.272175
0.377537
0.443896
0.262423
0.316772
0.308322
0.195360
0.173109
0.138877
0.145736
0.146184
0.173342
0.174145
0.314644
0.344605
0.312726
0.247321
0.174694
0.198130
0.190053
0.266196
0.201470
0.157022
0.186547
0.248236
0.237871
0.266857
0.240990
0.273748
0.258816
0.178064
0.148288
0.159141
0.137595
0.154052
0.146069
0.167984
0.176640
0.278025
0.231786
0.335619
0.433225
0.457895
0.331101
0.270472
0.201458
0.214629
0.185271
0.291160
0.328716
0.300849
0.278576
0.282634
0.271081
0.137108
0.130743
0.141017
0.137229
0.120075
0.134471
0.154746
0.156474
0.219693
0.178234
0.252091
0.249576
0.267305
0.301036
0.204479
0.209359
0.331586
0.361226
0.345951
0.415414
0.582677
0.460874
0.436477
0.269578
0.154140
0.141926
0.156625
0.129288
0.140078
0.165929
0.199661
0.202661
0.337768
0.206025
0.303976
0.422112
0.398321
0.336920
0.157868
0.208056
0.429749
0.292945
0.405504
0.355801
0.361226
0.388805
0.288671
0.237726
0.170718
0.134107
0.133713
0.131258
0.131864
0.157474
0.153019
0.240514
0.361377
0.293066
0.197145
0.183265
0.252728
0.228725
0.246121
0.194296
0.144502
0.201691
0.246303
0.241817
0.311704
0.316160
0.249788
0.289944
0.157686
0.148867
0.132562
0.144290
0.160595
0.160626
0.180113
0.196024
0.433780
0.263850
0.223269
0.181658
0.364953
0.217238
0.257243
0.213026
0.260789
0.302946
0.426870
0.411444
0.387653
0.349709
0.345224
0.284428
0.170900
0.146109
0.166990
0.161535
0.164626
0.174021
0.189053
0.268730
0.387744
0.273821
0.287853
0.210541
0.192235
0.219390
0.218299
0.215511
0.252515
0.329313
0.358225
0.394927
0.498333
0.521336
0.277731
0.286065
0.166293
0.145108
0.147866
0.159989
0.155079
0.160080
0.191508
0.219936
0.374591
0.340193
0.333434
0.300855
0.306219
0.261213
0.235453
0.216541
0.261486
0.260426
0.340102
0.412929
0.601346
0.494333
0.304552
0.229301
0.225906
0.154594
0.158383
0.151534
0.153625
0.151382
0.147927
0.167748
0.329858
0.344496
0.382592
0.280822
0.178658
0.291338
0.298794
0.266851
0.199479
0.203600
0.383592
0.271700
0.292884
0.399079
0.353891
0.289126
0.213723
0.210965
0.140169
0.129319
0.154140
0.146139
0.153837
0.164141
0.236544
0.223391
0.289853
0.322615
0.217269
0.186295
0.215238
0.210813
0.303188
0.355952
0.414778
0.468360
0.419142
0.339011
0.271518
0.241969
0.157595
0.140956
0.147624
0.136016
0.145048
0.139775
0.175749
0.254576
0.365196
0.246878
0.286429
0.181567
0.265214
0.358134
0.253031
0.235362
0.124257
0.166717
0.299188
0.307219
0.254122
0.279216
0.196994
0.167535
0.117620
0.122924
0.118378
0.118196
0.115741
0.145169
0.225846
0.194751
0.299370
0.217451
0.163929
0.348406
0.388380
0.236756
0.215117
0.219845
0.283944
0.264487
0.318584
0.339768
0.373166
0.410232
0.240181
0.245454
0.161747
0.154655
0.157171
0.177688
0.155049
0.159656
0.200903
0.206449
0.336829
0.296339
0.205025
0.200933
0.245818
0.233149
0.294642
0.202661
0.211086
0.252243
0.361286
0.357983
0.414565
0.332616
0.325676
0.204934
0.153352
0.170263
0.151503
0.151534
0.165778
0.180446
0.235604
0.251879
0.360983
0.288490
0.164111
0.150655
0.176264
0.199145
0.151230
0.159110
0.203570
0.276609
0.384653
0.366529
0.409625
0.451903
0.225846
0.226027
0.172627
0.146169
0.148230
0.150715
0.178779
0.160353
0.200236
0.194296
0.377228
0.221754
0.264426
0.294399
0.206601
0.228603
0.135107
0.220996
0.204510
0.264578
0.278610
0.268093
0.288035
0.189084
0.318160
0.252182
0.260213
0.217148
0.156110
0.148139
0.144987
0.161626
0.139835
0.145745
0.255243
0.255425
0.315341
0.417293
0.417687
0.349224
0.380955
0.265790
0.173779
0.250364
0.370105
0.321190
0.418778
0.353679
0.241666
0.217451
0.133774
0.131622
0.141411
0.178900
0.138441
0.120863
0.128622
0.133107
0.204510
0.204358
0.240938
0.196206
0.271700
0.257486
0.336313
0.409747
0.412565
0.354619
0.347769
0.509183
0.450236
0.400291
0.338980
0.257546
0.141017
0.134713
0.129046
0.153170
0.132349
0.152685
0.225239
0.193478
0.420354
0.231240
0.151140
0.185992
0.271972
0.201176
0.173082
0.156686
0.224118
0.320675
0.254455
0.356467
0.503334
0.453691
0.373560
0.189356
0.148957
0.141381
0.110680
0.122651
0.133137
0.157534
0.171415
0.210601
0.263820
0.210783
0.250152
0.154231
0.169293
0.182598
0.176052
0.181386
0.178022
0.191660
0.293399
0.284883
0.336192
0.281974
0.297400
0.167535
0.128803
0.140229
0.128258
0.128288
0.137350
0.160171
0.205570
0.189084
0.398109
0.209147
0.321433
0.233453
0.319251
0.396654
0.210116
0.324554
0.359407
0.367348
0.392896
0.362953
0.335677
0.247606
0.279004
0.221269
0.153291
0.123136
0.131167
0.117651
0.138017
0.134865
0.200267
0.305037
0.326070
0.246787
0.208995
0.154140
0.286823
0.187114
0.146290
0.275488
0.139502
0.295854
0.327494
0.297915
0.457631
0.334919
0.319614
0.129228
0.150079
0.148715
0.120984
0.133774
0.130804
0.162444
0.184386
0.237574
0.439053
0.210844
0.131228
0.158413
0.106437
0.146290
0.172081
0.259274
0.210177
0.190720
0.282671
0.330495
0.403443
0.321312
0.301006
0.172960
0.150382
0.140350
0.134683
0.151564
0.145048
0.157504
0.154594
0.147745
0.308583
0.493423
0.367863
0.337192
0.292945
0.123470
0.175658
0.172688
0.202297
0.301794
0.174354
0.258243
0.412535
0.286671
0.268457
0.260426
0.117075
0.111741
0.118499
0.104679
0.135229
0.137411
0.173354
0.186023
0.255455
0.214450
0.236726
0.213723
0.241544
0.364923
0.312674
0.211450
0.291399
0.203358
0.251243
0.344708
0.442296
0.376894
0.228361
0.199357
0.159898
0.118802
0.123348
0.111923
0.124348
0.147745
0.156534
0.162262
0.304673
0.276397
0.238150
0.292399
0.499060
0.234119
0.284004
0.196145
0.231998
0.199509
0.355861
0.380379
0.511880
0.421081
0.372560
0.197751
0.199691
0.182931
0.249303
0.172475
0.164171
0.150624
0.173870
0.166717
0.312462
0.214056
0.226997
0.190963
0.288580
0.210268
0.125045
0.158474
0.171384
0.230179
0.330101
0.400958
0.403594
0.407686
0.336586
0.173991
0.159353
0.145745
0.110771
0.111589
0.129925
0.172112
0.203176
0.250242
0.313038
0.205025
0.221512
0.292217
0.196630
0.156049
0.160838
0.173566
0.140562
0.303309
0.216299
0.320008
0.327858
0.283974
0.255789
0.209631
0.193720
0.196297
0.147442
0.152928
0.114317
0.146230
0.168081
0.166172
0.380804
0.267608
0.210995
0.251303
0.250940
0.357286
0.208722
0.263729
0.267245
0.349618
0.377137
0.363347
0.461177
0.313735
0.364226
0.205146
0.153473
0.136350
0.144624
0.139320
0.141805
0.164565
0.183840
0.181386
0.336647
0.185932
0.285277
0.271791
0.283944
0.281337
0.283246
0.275367
0.353225
0.413323
0.447539
0.354225
0.364984
0.304007
0.468026
0.235665
0.206570
0.145957
0.189478
0.143229
0.139471
0.168323
0.170354
0.188659
0.200236
0.293551
0.307401
0.228300
0.281549
0.301915
0.444478
0.288732
0.201388
0.347648
0.459601
0.455449
0.476512
0.377712
0.321100
0.215875
0.260001
0.160322
0.145684
0.124439
0.153109
0.133956
0.158201
0.193357
0.286459
0.175355
0.325130
0.360589
0.293430
0.295824
0.276215
0.267942
0.234574
0.235301
0.232846
0.298763
0.509486
0.421991
0.387744
0.242090
0.164505
0.152746
0.141744
0.148412
0.139835
0.180507
0.179204
0.274579
0.419536
0.204691
0.160747
0.379228
0.211177
0.192932
0.202055
0.243817
0.147018
0.240120
0.277518
0.345618
0.374864
0.325221
0.230695
0.276094
0.157837
0.134198
0.184174
0.138714
0.142593
0.157201
0.178022
0.265062
0.405110
0.206510
0.185204
0.185295
0.190387
0.204297
0.192751
0.185841
0.188993
0.319433
0.311492
0.407413
0.529579
0.524245
0.438871
0.311523
0.243757
0.135410
0.123409
0.125833
0.137502
0.152776
0.188296
0.229513
0.348406
0.230149
0.224785
0.211541
0.196084
0.265972
0.191902
0.196569
0.209419
0.260486
0.355558
0.403746
0.398715
0.259244
0.255637
0.244969
0.218481
0.139956
0.161747
0.143654
0.159474
0.175173
0.170809
0.273760
0.327434
0.201964
0.283095
0.145321
0.229998
0.297127
0.199024
0.167960
0.249151
0.256122
0.299945
0.280610
0.286429
0.286974
0.395624
0.189781
0.175627
0.155625
0.140866
0.139653
0.140290
0.180113
0.209480
0.211662
0.495242
0.266063
0.194175
0.295187
0.206449
0.174688
0.177809
0.158110
0.190841
0.248363
0.241666
0.262456
0.382652
0.325191
0.398624
0.195115
0.147291
0.164959
0.171112
0.170960
0.195599
0.179082
0.190478
0.191478
0.255061
0.222269
0.380319
0.256577
0.301521
0.286004
0.177779
0.162383
0.303249
0.190538
0.255728
0.264850
0.276670
0.276155
0.329343
0.177567
0.163777
0.146684
0.145806
0.173960
0.152231
0.164141
0.184659
0.225421
0.327767
0.211116
0.272578
0.402988
0.340193
0.396624
0.294399
0.344618
0.280307
0.341799
0.388471
0.461844
0.366378
0.451267
0.430507
0.203479
0.143745
0.140017
0.119621
0.135471
0.136744
0.150200
0.172657
0.220906
0.376955
0.261789
0.293217
0.269548
0.360650
0.227482
0.249242
0.275033
0.170021
0.361620
0.307189
0.326646
0.370136
0.378713
0.329767
0.251243
0.206025
0.135592
0.142048
0.137805
0.132380
0.173233
0.174173
0.245484
0.403776
0.214511
0.128258
0.210510
0.262850
0.220754
0.147048
0.172900
0.204722
0.267669
0.331040
0.338859
0.375530
0.503031
0.329919
0.155079
0.137047
0.155898
0.149170
0.128561
0.134077
0.173566
0.164838
0.196357
0.318614
0.340738
0.231180
0.318493
0.229240
0.233604
0.300703
0.255607
0.175809
0.265123
0.280792
0.336374
0.339496
0.249727
0.334616
0.152231
0.172839
0.139199
0.122833
0.156898
0.142805
0.161535
0.171627
0.235210
0.409898
0.359710
0.234119
0.226815
0.274367
0.174718
0.260941
0.194660
0.167929
0.335222
0.265790
0.273518
0.330495
0.235604
0.389411
0.207874
0.169475
0.152503
0.166263
0.169930
0.154504
0.151746
0.191720
0.221209
0.290247
0.257274
0.204510
0.335344
0.329798
0.281337
0.251909
0.291914
0.296975
0.421778
0.333253
0.400382
0.459783
0.393017
0.220209
0.214087
0.212389
0.170021
0.178294
0.156443
0.164656
0.164262
0.188780
0.246575
0.277579
0.257698
0.330949
0.418233
0.325979
0.252970
0.273154
0.266032
0.279852
0.324554
0.332222
0.309068
0.440659
0.336980
0.255940
0.193720
0.182386
0.189053
0.158201
0.154655
0.162626
0.189205
0.179719
0.212511
0.240393
0.323676
0.284701
0.407080
0.395260
0.396381
0.432962
0.435507
0.394715
0.394624
0.382895
0.496575
0.506364
0.381895
0.269639
0.251000
0.149655
0.131774
0.145624
0.144866
0.162747
0.187417
0.180749
0.209601
0.185022
0.161292
0.243727
0.183083
0.208540
0.169384
0.129288
0.176749
0.196600
0.261607
0.276731
0.360650
0.422688
0.385622
0.230998
0.238241
0.191205
0.145866
0.154170
0.156958
0.166263
0.192114
0.226058
0.360256
0.321100
0.430901
0.335222
0.256152
0.347679
0.266669
0.310280
0.214359
0.301643
0.381076
0.346012
0.529837
0.414452
0.305461
0.248863
0.170983
0.169142
0.142320
0.153443
0.152715
0.162686
0.206237
0.215511
0.378743
0.163141
0.169020
0.191751
0.236241
0.263365
0.220996
0.162020
0.189629
0.279034
0.299279
0.326949
0.374257
0.350527
0.391047
0.253879
0.144351
0.145533
0.124742
0.150382
0.125379
0.156655
0.187871
0.194993
0.340708
0.247575
0.239605
0.197963
0.255425
0.307825
0.257334
0.264002
0.264941
0.351164
0.454813
0.411565
0.355861
0.364832
0.250576
0.311735
0.202388
0.156989
0.127440
0.134168
0.131561
0.141169
0.170324
0.192054
0.277458
0.255970
0.173960
0.479391
0.543672
0.232361
0.214208
0.146351
0.364014
0.299582
0.367044
0.383471
0.378288
0.337708
0.272882
0.213753
0.180355
0.135198
0.129591
0.124803
0.123409
0.131895
0.162686
0.167414
0.211389
0.311886
0.230452
0.296551
0.427415
0.472572
0.233786
0.209056
0.262062
0.194933
0.224694
0.184992
0.277155
0.253697
0.274548
0.224724
0.219027
0.168869
0.139865
0.143957
0.134653
0.138471
0.162808
0.148291
0.256819
0.256637
0.254607
0.255910
0.288126
0.315796
0.284065
0.253455
0.242666
0.348709
0.321403
0.341163
0.325191
0.458116
0.358589
0.207934
0.107316
0.148957
0.145624
0.156837
0.155443
0.192629
0.187144
0.249182
0.287429
0.218329
0.234604
0.328040
0.197327
0.272003
0.231786
0.183568
0.282822
0.296733
0.248970
0.278791
0.432446
0.447933
0.294702
0.214420
0.134471
0.160262
0.151291
0.178294
0.130834
0.156474
0.179658
0.196206
0.333010
0.232452
0.263608
0.261183
0.272397
0.227209
0.226815
0.287853
0.312977
0.391138
0.369954
0.317190
0.374470
0.297582
0.375621
0.191781
0.154049
0.206419
0.137380
0.144593
0.145381
0.179385
0.225058
0.174112
0.332980
0.268336
0.176961
0.192599
0.174839
0.245696
0.252667
0.217693
0.274670
0.315220
0.349164
0.341981
0.313523
0.407807
0.450782
0.304764
0.223754
0.174203
0.153322
0.128925
0.155322
0.160807
0.185538
0.200752
0.387229
0.261365
0.251091
0.200782
0.278549
0.229785
0.300946
0.299491
0.264790
0.360741
0.465178
0.485726
0.636138
0.461904
0.426658
0.214632
0.157686
0.174051
0.174385
0.167657
0.159262
0.193417
0.195175
0.177173
0.244939
0.310826
0.248060
0.272791
0.241514
0.301764
0.215329
0.200812
0.223512
0.474179
0.434477
0.412201
0.433719
0.440902
0.345102
0.208722
0.154473
0.173657
0.175415
0.183113
0.171354
0.153988
0.177537
0.203782
0.243302
0.293581
0.379076
0.269548
0.293430
0.540308
0.459571
0.310432
0.309401
0.332919
0.417293
0.365832
0.409777
0.319130
0.367105
0.247394
0.180840
0.186053
0.167596
0.156170
0.149655
0.120257
0.155019
0.132228
0.241908
0.291490
0.273760
0.350376
0.347042
0.324676
0.337980
0.240878
0.269245
0.317948
0.261517
0.305158
0.352012
0.362983
0.228846
0.202418
0.169808
0.173476
0.144199
0.158353
0.161201
0.164414
0.187083
0.176264
0.328191
0.279973
0.252182
0.342314
0.212935
0.183052
0.196660
0.164474
0.200388
0.281852
0.343042
0.428961
0.419111
0.305310
0.407989
0.260244
0.149897
0.196357
0.189659
0.121106
0.131258
0.156595
0.186598
0.303703
0.415444
0.223057
0.247454
0.227300
0.385562
0.206631
0.206358
0.136653
0.227997
0.224270
0.290914
0.288429
0.249303
0.387532
0.268760
0.156928
0.102043
0.132016
0.116166
0.111044
0.155443
0.176143
0.165990
0.198570
0.313796
0.209328
0.159201
0.234483
0.278610
0.389805
0.282004
0.243423
0.241241
0.348466
0.510941
0.438750
0.327252
0.453934
0.514274
0.290399
0.213329
0.218845
0.187023
0.158019
0.152412
0.174961
0.184932
0.227997
0.377622
0.330313
0.297642
0.209541
0.199206
0.249394
0.220178
0.251243
0.249121
0.345860
0.451297
0.305219
0.341587
0.398139
0.405110
0.184447
0.166263
0.175930
0.143139
0.158383
0.164596
0.187235
0.201873
0.238574
0.359316
0.235059
0.253273
0.239938
0.195387
0.173112
0.204752
0.236665
0.220815
0.276518
0.272154
0.280761
0.296309
0.325706
0.432143
0.218996
0.168687
0.173900
0.127652
0.139502
0.121136
0.132834
0.167717
0.213874
0.206661
0.263941
0.285004
0.352770
0.399594
0.255849
0.217663
0.244818
0.192387
0.174597
0.207358
0.294702
0.285368
0.251515
0.262517
0.210601
0.105649
0.133440
0.134047
0.130410
0.115499
0.136016
0.161656
0.154685
0.231119
0.222815
0.277700
0.357225
0.367863
0.336920
0.402579
0.279526
0.293611
0.358619
0.349861
0.465359
0.407201
0.393229
0.189508
0.160383
0.122348
0.116832
0.120893
0.135532
0.132774
0.154322
0.179204
0.161504
0.289581
0.245333
0.162020
0.175294
0.363559
0.259274
0.248030
0.222027
0.198933
0.318857
0.558916
0.412595
0.395048
0.347679
0.345678
0.294460
0.156231
0.185507
0.126834
0.140805
0.133804
0.168414
0.179113
0.199236
0.336980
0.245818
0.251576
0.182143
0.173021
0.169839
0.148079
0.164444
0.180204
0.270275
0.281246
0.334434
0.396836
0.323251
0.283974
0.193387
0.142199
0.147321
0.138926
0.149321
0.138471
0.168596
0.167899
0.339041
0.267578
0.217481
0.213693
0.166111
0.200539
0.186386
0.167263
0.292702
0.171536
0.255789
0.444569
0.202297
0.387956
0.365559
0.330525
0.214875
0.150170
0.162383
0.157928
0.167899
0.151806
0.165505
0.158171
0.192660
0.335101
0.224785
0.257031
0.325949
0.379197
0.271306
0.252121
0.331131
0.416838
0.311856
0.248970
0.293823
0.472512
0.413808
0.223451
0.227088
0.117317
0.135380
0.134289
0.118136
0.129682
0.144078
0.183750
0.204964
0.253334
0.257455
0.199206
0.173809
0.191993
0.253606
0.140956
0.173657
0.173809
0.302097
0.295309
0.248909
0.254031
0.245696
0.348830
0.266760
0.204388
0.160898
0.153019
0.143411
0.150685
0.165353
0.174354
0.206964
0.227664
0.288671
0.346618
0.432204
0.289065
0.216450
0.272397
0.229088
0.216875
0.221118
0.297460
0.205055
0.407534
0.280125
0.255546
0.239241
0.152776
0.138350
0.138017
0.115135
0.096345
0.113711
0.097072
0.134168
0.175203
0.189478
0.291854
0.314887
0.427143
0.352831
0.311129
0.495757
0.530883
0.402776
0.375803
0.372621
0.306552
0.366317
0.322372
0.218542
0.181992
0.200933
0.120742
0.094375
0.094375
0.123318
0.179052
0.181598
0.351285
0.327252
0.148867
0.170536
0.154807
0.140866
0.154110
0.247181
0.173688
0.193842
0.296915
0.380986
0.438023
0.347648
0.325827
0.250879
0.132107
0.166929
0.151958
0.148260
0.166626
0.187235
0.208662
0.276761
0.404625
0.203873
0.213359
0.239484
0.200085
0.191084
0.244878
0.186659
0.173112
0.199327
0.236210
0.262062
0.253061
0.261517
0.275003
0.192145
0.137986
0.129470
0.116741
0.123136
0.146684
0.184689
0.207783
0.172627
0.409110
0.186477
0.143078
0.193478
0.371500
0.283065
0.243848
0.200903
0.139350
0.315644
0.226603
0.382471
0.395442
0.458480
0.286944
0.135229
0.104225
0.119954
0.100133
0.119439
0.114620
0.128743
0.155928
0.192357
0.339556
0.171142
0.157898
0.251030
0.401534
0.290429
0.204510
0.131076
0.212844
0.322312
0.305461
0.286035
0.320978
0.398776
0.278034
0.271942
0.153776
0.118924
0.117742
0.093526
0.125530
0.149776
0.154079
0.154837
0.283550
0.168717
0.281034
0.243090
0.262274
0.199691
0.178052
0.254243
0.227118
0.240969
0.388865
0.298127
0.248121
0.271791
0.259850
0.159262
0.135077
0.129591
0.146775
0.107558
0.118257
0.119257
0.117287
0.142714
0.302067
0.307765
0.297369
0.274609
0.352800
0.349467
0.274548
0.240575
0.365317
0.391866
0.250364
0.215723
0.338768
0.307340
0.265153
0.164626
0.115802
0.141350
0.121318
0.112165
0.097830
0.184932
0.204691
0.170233
0.178597
0.191387
0.223967
0.287126
0.313008
0.247545
0.161020
0.158292
0.168627
0.135744
0.149230
0.209419
0.194387
0.245606
0.234180
0.175930
0.206813
0.157534
0.143533
0.147230
0.089890
0.117590
0.098770
0.129531
0.208934
0.123560
0.124076
0.125439
0.149685
0.341132
0.235180
0.188780
0.259425
0.183204
0.205752
0.313917
0.344314
0.572342
0.484150
0.234907
0.119075
0.101618
0.093254
0.091708
0.119378
0.108650
0.185659
0.115681
0.134683
0.178416
0.179961
0.164020
0.138108
0.152382
0.174991
0.257425
0.188599
0.253576
0.246757
0.237605
0.274821
0.409595
0.296794
0.216238
0.133956
0.124197
0.100133
0.087768
0.100467
0.129046
0.130592
0.156110
0.241363
0.127288
0.136198
0.180476
0.223573
0.189447
0.180325
0.166869
0.173051
0.239181
0.307462
0.298036
0.306461
0.283125
0.272215
0.168293
0.207571
0.158959
0.125500
0.110710
0.141320
0.158898
0.194296
0.150564
0.274821
0.196812
0.172475
0.325494
0.360225
0.281580
0.296066
0.379046
0.230725
0.277943
0.297309
0.250182
0.372621
0.328707
0.384471
0.179416
0.120166
0.153109
0.124197
0.131076
0.141411
0.183325
0.165262
0.165081
0.157413
0.141199
0.153837
0.193872
0.216723
0.138441
0.109044
0.113165
0.111286
0.159989
0.197933
0.173960
0.231422
0.227422
0.293914
0.188477
0.166232
0.153413
0.120439
0.133137
0.137683
0.143593
0.134350
0.193720
0.209389
0.172445
0.178961
0.229270
0.253637
0.278670
0.178688
0.217329
0.176052
0.214147
0.211207
0.314432
0.279791
0.209359
0.213935
0.172869
0.179688
0.118893
0.110135
0.077312
0.115226
0.112498
0.165444
0.180719
0.178628
0.181567
0.289853
0.155989
0.118530
0.179022
0.257668
0.215208
0.149503
0.188083
0.180567
0.147988
0.180355
0.288399
0.151746
0.130773
0.139956
0.132349
0.111620
0.089374
0.110165
0.089859
0.109983
0.098921
0.238241
0.179476
0.173930
0.155716
0.289611
0.153534
0.192448
0.123166
0.207783
0.205510
0.251909
0.301885
0.251273
0.300461
0.266244
0.198448
0.134228
0.107043
0.126955
0.109922
0.088647
0.120954
0.162171
0.192963
0.302400
0.168930
0.183992
0.283610
0.308310
0.302249
0.154564
0.340314
0.219330
0.207510
0.357922
0.225482
0.221390
0.264002
0.175173
0.205783
0.177143
0.171445
0.145381
0.155655
0.131107
0.140411
0.167839
0.185204
0.434780
0.192508
0.246090
0.207995
0.216875
0.198418
0.153170
0.244181
0.253819
0.319008
0.270942
0.356649
0.485301
0.423673
0.362044
0.163687
0.124257
0.169839
0.139926
0.142805
0.130258
0.144957
0.250636
0.247939
0.362832
0.279852
0.257637
0.310674
0.195721
0.319342
0.289490
0.284731
0.309219
0.491423
0.396897
0.369348
0.335526
0.332646
0.325161
0.204904
0.139775
0.162505
0.116923
0.118620
0.146078
0.138532
0.163626
0.190356
0.366802
0.205358
0.175385
0.229452
0.234513
0.313341
0.358892
0.303522
0.302794
0.365559
0.363984
0.312068
0.377228
0.264426
0.295399
0.211147
0.192902
0.194205
0.164990
0.140775
0.137744
0.119439
0.150746
0.182113
0.311068
0.274306
0.386077
0.335647
0.430204
0.328313
0.328131
0.304340
0.330828
0.335950
0.322675
0.363650
0.241635
0.372015
0.317402
0.240362
0.196357
0.174233
0.178749
0.169142
0.176233
0.170172
0.207177
0.222542
0.281489
0.292732
0.289732
0.265820
0.284792
0.354225
0.308431
0.289187
0.276943
0.326797
0.382228
0.385683
0.278246
0.343617
0.310977
0.234665
0.185992
0.219633
0.298127
0.198357
0.154898
0.161595
0.207358
0.246151
0.330616
0.229482
0.222845
0.307977
0.250970
0.379288
0.228391
0.227149
0.338799
0.388623
0.448812
0.378682
0.416444
0.375318
0.418020
0.220481
0.171293
0.199570
0.163111
0.156352
0.163717
0.179688
0.197751
0.197903
0.434992
0.215753
0.196054
0.204025
0.242575
0.190932
0.150230
0.183325
0.137138
0.162717
0.267548
0.198266
0.222997
0.251515
0.397927
0.313250
0.154898
0.125409
0.137926
0.126227
0.126440
0.143502
0.150746
0.243848
0.381834
0.236786
0.153473
0.162414
0.178022
0.152988
0.224845
0.236120
0.166657
0.192417
0.233331
0.333647
0.285035
0.356043
0.341314
0.147836
0.136138
0.122045
0.100982
0.118711
0.112589
0.136532
0.175142
0.191993
0.295218
0.232846
0.167990
0.185750
0.218814
0.230422
0.208571
0.221572
0.311038
0.264002
0.324615
0.330555
0.282095
0.361256
0.288914
0.212117
0.152958
0.114105
0.114923
0.110953
0.112953
0.153746
0.160262
0.185022
0.349406
0.200873
0.281034
0.190629
0.219754
0.301218
0.156564
0.162171
0.191963
0.150594
0.128379
0.193236
0.198630
0.271003
0.279731
0.299188
0.183477
0.154716
0.131076
0.126409
0.108892
0.129804
0.100739
0.161414
0.182537
0.258365
0.210995
0.187356
0.251879
0.280125
0.196418
0.243757
0.185992
0.145624
0.160262
0.216087
0.258456
0.202994
0.313796
0.224876
0.148654
0.134107
0.114529
0.123803
0.111135
0.101558
0.121560
0.150261
0.240211
0.292278
0.150806
0.224270
0.266396
0.266487
0.287732
0.197266
0.125015
0.167414
0.188932
0.356195
0.274245
0.237695
0.313341
0.235998
0.214268
0.146018
0.128319
0.113014
0.091678
0.123773
0.106377
0.154140
0.325555
0.316220
0.187841
0.273336
0.175355
0.185689
0.147321
0.232089
0.169899
0.265396
0.321524
0.396594
0.391532
0.374924
0.380773
0.305522
0.244666
0.201418
0.150897
0.135592
0.112983
0.115741
0.133895
0.186720
0.340496
0.212238
0.192811
0.176900
0.113196
0.169990
0.189781
0.225179
0.233119
0.212329
0.308977
0.306674
0.365135
0.308371
0.409353
0.248788
0.147351
0.152867
0.172294
0.100255
0.101103
0.120166
0.111832
0.169869
0.312432
0.212905
0.261638
0.257880
0.165081
0.181052
0.132895
0.179294
0.194599
0.168293
0.252546
0.259304
0.226391
0.241544
0.417505
0.278852
0.129137
0.135350
0.138168
0.120590
0.114741
0.128803
0.137411
0.220421
0.370954
0.273973
0.268245
0.183537
0.263911
0.368348
0.275155
0.328616
0.418899
0.301067
0.278640
0.295581
0.343557
0.317948
0.312341
0.316372
0.173597
0.143017
0.135562
0.125591
0.090769
0.123833
0.109165
0.199418
0.406716
0.268820
0.230361
0.200267
0.283322
0.295362
0.158443
0.156716
0.196024
0.231240
0.268669
0.282337
0.269487
0.259153
0.326464
0.338011
0.185719
0.170657
0.157655
0.203600
0.207571
0.149351
0.125470
0.173476
0.278973
0.402321
0.423385
0.321615
0.324342
0.375712
0.363696
0.273253
0.230725
0.263426
0.262880
0.267729
0.243969
0.243060
0.328434
0.327343
0.213359
0.152897
0.130046
0.104801
0.114408
0.116772
0.112317
0.142229
0.179294
0.177446
0.205025
0.193387
0.201449
0.215390
0.197160
0.183469
0.194508
0.194963
0.286701
0.287883
0.369196
0.539217
0.561280
0.349861
0.196175
0.208419
0.133046
0.116620
0.108771
0.126167
0.127561
0.181537
0.430931
0.287974
0.261062
0.368833
0.296794
0.284762
0.272124
0.351255
0.238574
0.404443
0.359195
0.336495
0.295733
0.312280
0.434144
0.291096
0.203752
0.156867
0.126924
0.121560
0.125470
0.114135
0.162201
0.180507
0.308553
0.279125
0.180264
0.214996
0.294611
0.383592
0.378288
0.317129
0.302067
0.331343
0.465390
0.492817
0.454661
0.398351
0.450418
0.368105
0.244211
0.201509
0.128076
0.163838
0.149442
0.133107
0.200024
0.210480
0.371954
0.291914
0.251894
0.231884
0.211874
0.323312
0.227694
0.383198
0.282337
0.213723
0.256880
0.415020
0.560462
0.403564
0.443569
0.223967
0.171869
0.170778
0.135895
0.136835
0.123197
0.127137
0.178567
0.144805
0.327312
0.235362
0.205995
0.260789
0.303582
0.220360
0.239756
0.287277
0.249576
0.237301
0.244908
0.258365
0.209571
0.257061
0.312644
0.284489
0.142502
0.115044
0.119833
0.119105
0.113499
0.121894
0.116741
0.193387
0.343799
0.246939
0.334556
0.339374
0.352406
0.271578
0.229240
0.222330
0.240666
0.324706
0.246090
0.265244
0.236756
0.279701
0.284762
0.194781
0.193963
0.149018
0.130137
0.133046
0.123470
0.155898
0.115469
0.137320
0.252000
0.286671
0.261850
0.285701
0.355710
0.280398
0.245090
0.299976
0.232361
0.195993
0.266638
0.238605
0.218239
0.220512
0.322615
0.221300
0.182416
0.179628
0.158959
0.167414
0.161080
0.166566
0.183598
0.228937
0.250515
0.227422
0.285095
0.342223
0.270578
0.262850
0.280792
0.218239
0.198509
0.208025
0.314462
0.306492
0.354922
0.421536
0.258971
0.235422
0.126652
0.133137
0.130955
0.168808
0.172900
0.175052
0.220512
0.176749
0.325039
0.281186
0.266578
0.324494
0.192569
0.208404
0.243719
0.243423
0.202722
0.198933
0.272457
0.334556
0.404019
0.355164
0.430386
0.296612
0.159110
0.127318
0.139956
0.128349
0.130137
0.126712
0.127318
0.243545
0.424567
0.250940
0.348436
0.600891
0.401321
0.366469
0.278640
0.330980
0.231149
0.223239
0.209904
0.395472
0.357771
0.281246
0.306128
0.302855
0.144866
0.124651
0.148806
0.150048
0.123651
0.139896
0.139593
0.246878
0.370499
0.239574
0.220572
0.305067
0.267820
0.323069
0.310644
0.312008
0.250030
0.200236
0.201721
0.291338
0.362983
0.349648
0.399382
0.391502
0.205873
0.191781
0.142987
0.108013
0.109438
0.126864
0.121197
0.172627
0.338465
0.187053
0.212571
0.201903
0.188083
0.216844
0.319948
0.263486
0.243636
0.341496
0.217572
0.359741
0.364135
0.248091
0.293611
0.238302
0.169930
0.142805
0.116832
0.104528
0.104740
0.097072
0.113559
0.148867
0.374636
0.254614
0.208783
0.287459
0.205722
0.198176
0.169718
0.147988
0.166293
0.171991
0.161838
0.182083
0.193296
0.286792
0.234695
0.277124
0.167929
0.148048
0.136077
0.120560
0.132107
0.133137
0.106771
0.171627
0.202540
0.320190
0.329585
0.250818
0.250242
0.377470
0.311371
0.280943
0.259365
0.322615
0.260062
0.251576
0.135683
0.183446
0.218633
0.175264
0.220724
0.194205
0.133046
0.122106
0.108407
0.119772
0.138774
0.136804
0.145199
0.170142
0.207298
0.230270
0.275245
0.209419
0.202267
0.273700
0.243363
0.336495
0.243787
0.252091
0.292187
0.216541
0.184325
0.329222
0.185841
0.242151
0.173900
0.148806
0.135926
0.132168
0.137896
0.171112
0.197266
0.236301
0.223815
0.315372
0.307583
0.304491
0.215178
0.233968
0.407019
0.222088
0.202934
0.327221
0.183265
0.231210
0.198933
0.186447
0.133410
0.135016
0.121045
0.124651
0.130470
0.111953
0.098315
0.150473
0.309765
0.187750
0.169127
0.135160
0.188690
0.313735
0.254394
0.204919
0.142252
0.185655
0.210705
0.286844
0.394922
0.315945
0.569704
0.399169
0.318281
0.317250
0.294036
0.238999
0.113165
0.133259
0.154594
0.168172
0.459116
0.233998
0.296309
0.215329
0.171506
0.193387
0.166035
0.169354
0.176718
0.155625
0.172779
0.203025
0.216814
0.266002
0.381470
0.345496
0.212056
0.147109
0.104740
0.137835
0.103376
0.129379
0.134713
0.180461
0.398904
0.214590
0.194215
0.236912
0.257003
0.225968
0.144003
0.171074
0.192842
0.238362
0.338344
0.312856
0.345133
0.367545
0.269828
0.304158
0.182855
0.150011
0.133603
0.125869
0.116135
0.134728
0.140903
0.174707
0.307941
0.214220
0.190378
0.276135
0.265295
0.431866
0.338084
0.335374
0.387062
0.422651
0.555619
0.529795
0.672127
0.627615
0.480116
0.480279
0.341250
0.236133
0.175658
0.155534
0.159262
0.136835
0.127712
0.202540
0.275609
0.278746
0.286035
0.363014
0.427688
0.801673
0.592739
0.631561
0.596997
0.677408
0.575793
0.613497
0.513698
0.567720
0.519184
0.499470
0.287300
0.233570
0.225177
0.201554
0.131417
0.124500
0.181901
0.168930
0.215072
0.359438
0.417384
0.450327
0.408777
0.555431
0.549491
0.446569
0.468602
0.518517
0.688599
0.675173
0.687477
0.674567
0.506940
0.349254
0.294490
0.228694
0.165232
0.150776
0.146472
0.168081
0.163832
0.292284
0.320748
0.291247
0.284968
0.276840
0.406419
0.361044
0.359853
0.439426
0.337962
0.477752
0.659459
0.696024
0.616966
0.543578
0.648800
0.498022
0.375598
0.286783
0.262914
0.236186
0.246248
0.195299
0.244772
0.269584
0.359380
0.275297
0.343996
0.420484
0.394272
0.382816
0.426067
0.413753
0.522803
0.442848
0.557383
0.661229
0.671490
0.558656
0.593584
0.544799
0.374379
0.264002
0.223588
0.207593
0.184579
0.202470
0.152271
0.180936
0.317160
0.241332
0.284550
0.366802
0.314068
0.299718
0.388024
0.539490
0.472512
0.563220
0.623985
0.449433
0.448388
0.451024
0.535032
0.292620
0.335674
0.205046
0.165120
0.170639
0.136313
0.141763
0.180401
0.233692
0.449391
0.279061
0.224591
0.282831
0.248385
0.304482
0.380304
0.321018
0.414547
0.535492
0.539602
0.628152
0.613380
0.515102
0.563041
0.344863
0.195875
0.189056
0.167987
0.173030
0.152115
0.147972
0.173554
0.223388
0.341514
0.237320
0.226800
0.258043
0.300409
0.421515
0.466869
0.509971
0.520372
0.459174
0.600170
0.688029
0.652391
0.576543
0.667023
0.494842
0.376400
0.320251
0.265947
0.213250
0.185992
0.192505
0.157816
0.225712
0.345066
0.338117
0.484583
0.494851
0.586859
0.648897
0.547418
0.544030
0.657186
0.596106
0.629940
0.656083
0.682386
0.584801
0.580595
0.522672
0.476561
0.435923
0.291447
0.256019
0.231389
0.208925
0.233307
0.213359
0.265150
0.416972
0.382149
0.510532
0.588062
0.609892
0.611404
0.523933
0.731383
0.825915
0.762632
0.734877
0.727909
0.609462
0.549170
0.437677
0.460477
0.365293
0.319322
0.304671
0.294657
0.266838
0.214435
0.266784
0.427309
0.448124
0.567593
0.569027
0.544990
0.470102
0.380413
0.350103
0.328037
0.435898
0.594166
0.709247
0.561598
0.549315
0.540453
0.370572
0.284353
0.290417
0.271369
0.178737
0.190811
0.173854
0.238005
0.265423
0.420327
0.308704
0.315547
0.411786
0.371421
0.390778
0.484222
0.549230
0.580243
0.811950
0.788574
0.876611
0.797508
0.754744
0.649837
0.560015
0.386164
0.390638
0.308962
0.238065
0.208162
0.233486
0.237062
0.260389
0.523321
0.316244
0.303937
0.328664
0.416844
0.408850
0.357759
0.390299
0.388520
0.435571
0.585580
0.688259
0.675024
0.695457
0.721948
0.601046
0.384980
0.349373
0.312430
0.302551
0.241423
0.226467
0.266585
0.314087
0.466217
0.408039
0.349961
0.471062
0.573678
0.442661
0.425022
0.503910
0.640593
0.750940
0.657534
0.745807
0.734891
0.717008
0.707549
0.459177
0.340726
0.323488
0.244027
0.197022
0.181688
0.166747
0.172036
0.212079
0.417471
0.261789
0.266787
0.268451
0.354188
0.412038
0.337532
0.425730
0.554988
0.638559
0.662353
0.625924
0.511338
0.598460
0.721084
0.387144
0.277794
0.248423
0.237555
0.212119
0.252165
0.258383
0.230701
0.246394
0.292229
0.324239
0.315181
0.555075
0.539612
0.601764
0.606073
0.558416
0.606198
0.417020
0.341984
0.402267
0.318924
0.317317
0.342181
0.256146
0.251209
0.225724
0.212147
0.224391
0.183416
0.152685
0.175446
0.179173
0.236120
0.233756
0.311856
0.255364
0.243484
0.195266
0.166778
0.227785
0.252758
0.287065
0.304855
0.262092
0.290611
0.442508
0.438326
0.321827
0.226785
0.191538
0.144593
0.157534
0.133713
0.148806
0.126803
0.183931
0.273821
0.208056
0.234725
0.551006
0.359104
0.354831
0.277518
0.300158
0.322857
0.331677
0.423354
0.389381
0.388108
0.438235
0.447418
0.365438
0.200479
0.206843
0.163974
0.144495
0.163743
0.144773
0.184430
0.243037
0.293327
0.231446
0.283092
0.268698
0.195659
0.182234
0.163110
0.217572
0.206843
0.211420
0.400200
0.339314
0.342435
0.326191
0.273882
0.302976
0.223936
0.169475
0.174991
0.176188
0.167088
0.147885
0.171697
0.160838
0.346133
0.231422
0.207813
0.229482
0.242575
0.253455
0.186174
0.265305
0.306795
0.243757
0.280125
0.332283
0.344466
0.396321
0.457752
0.359468
0.239544
0.230210
0.217299
0.192145
0.170778
0.160444
0.147624
0.195569
0.421657
0.270154
0.193630
0.156686
0.246590
0.253250
0.201665
0.215117
0.256607
0.268790
0.478179
0.335920
0.300521
0.288399
0.302491
0.242817
0.200358
0.197145
0.161898
0.191841
0.144048
0.171900
0.148230
0.189750
0.456086
0.293005
0.191235
0.284550
0.204297
0.260092
0.229179
0.225391
0.237574
0.245636
0.273366
0.218845
0.258486
0.374379
0.328555
0.247969
0.173445
0.179173
0.172112
0.144048
0.166414
0.134804
0.157504
0.201388
0.296309
0.268851
0.432901
0.377076
0.307977
0.357771
0.271912
0.232665
0.229725
0.218875
0.225664
0.306128
0.288823
0.413505
0.276337
0.226512
0.158747
0.197872
0.164496
0.155116
0.138980
0.143472
0.167578
0.166296
0.203740
0.235992
0.265517
0.296860
0.302422
0.280416
0.277476
0.254664
0.279446
0.309795
0.324239
0.328410
0.326155
0.352046
0.288887
0.240535
0.210847
0.141169
0.163929
0.164444
0.133289
0.149079
0.137229
0.189659
0.383531
0.248454
0.252576
0.274154
0.310129
0.259062
0.360286
0.403716
0.408959
0.460723
0.391047
0.292884
0.490029
0.424900
0.356892
0.509334
0.269093
0.166596
0.170900
0.138744
0.159141
0.124227
0.206631
0.178082
0.341647
0.231937
0.186174
0.267578
0.282368
0.311068
0.224300
0.437174
0.213086
0.354892
0.322009
0.276185
0.353346
0.327767
0.411868
0.389987
0.226300
0.179355
0.151928
0.175991
0.143563
0.137441
0.188720
0.168899
0.508607
0.286853
0.313462
0.394230
0.311977
0.405625
0.341526
0.302522
0.275821
0.446297
0.622894
0.610832
0.608801
0.596497
0.616772
0.543066
0.403534
0.288793
0.271912
0.225512
0.214632
0.199509
0.204964
0.277155
0.416384
0.311523
0.311614
0.359286
0.379107
0.317099
0.388047
0.507152
0.377834
0.491666
0.527094
0.448479
0.550794
0.581767
0.608862
0.421112
0.283913
0.168839
0.193205
0.150170
0.164050
0.175021
0.163202
0.206025
0.450933
0.363741
0.251576
0.432780
0.392866
0.467511
0.449782
0.276700
0.285974
0.286792
0.455419
0.412747
0.455570
0.395381
0.352588
0.389350
0.299612
0.218239
0.187174
0.202873
0.156655
0.173385
0.151564
0.183022
0.348739
0.362650
0.579191
0.310886
0.375288
0.404352
0.406777
0.357619
0.284883
0.391866
0.543884
0.579010
0.467663
0.421687
0.564099
0.431871
0.317887
0.251576
0.156655
0.177597
0.143623
0.163777
0.135956
0.170748
0.254182
0.351952
0.463693
0.509819
0.627379
0.659777
0.556583
0.548794
0.524185
0.461662
0.658504
0.728664
0.607377
0.560371
0.514699
0.394472
0.318251
0.351588
0.263305
0.177840
0.177961
0.136986
0.159444
0.225573
0.351709
0.306401
0.487908
0.486483
0.524185
0.530034
0.519790
0.522730
0.651170
0.748121
0.746484
0.689023
0.634653
0.553552
0.506001
0.480695
0.512789
0.298551
0.246363
0.235119
0.178810
0.166717
0.153807
0.261092
0.258031
0.324827
0.383440
0.418293
0.485028
0.600830
0.604164
0.642502
0.713814
0.731331
0.735695
0.655928
0.661868
0.610468
0.451812
0.379834
0.361438
0.293157
0.264699
0.225664
0.170142
0.158080
0.138956
0.250394
0.345648
0.282580
0.386350
0.362589
0.493029
0.541096
0.523457
0.684992
0.849921
0.788399
0.882440
0.819524
0.789581
0.770124
1.000000
0.554037
0.379713
0.355922
0.320584
0.298127
0.251424
0.256577
0.265699
0.297672
0.385774
0.426264
0.507516
0.628258
0.580586
0.573494
0.472906
0.669172
0.783671
0.851346
0.866802
0.863196
0.827161
0.824554
0.668323
0.596557
0.446721
0.344951
0.277276
0.246394
0.184901
0.173688
0.204631
0.248303
0.327373
0.257031
0.354255
0.482574
0.489665
0.585586
0.539065
0.424294
0.510001
0.619772
0.721572
0.719299
0.640532
0.688205
0.636047
0.450388
0.292157
0.260577
0.234089
0.204691
0.177112
0.168960
0.165505
0.292672
0.363196
0.428870
0.343981
0.451358
0.662383
0.773639
0.628076
0.670778
0.775943
0.850194
0.740726
0.672233
0.533065
0.493454
0.569887
0.444205
0.393654
0.223482
0.191387
0.179779
0.168051
0.154898
0.157019
0.236877
0.215269
0.309098
0.388017
0.392472
0.465663
0.469208
0.484241
0.535368
0.501788
0.513729
0.552067
0.660171
0.769427
0.760304
0.575039
0.517002
0.392684
0.388926
0.297369
0.322675
0.218905
0.203752
0.222178
0.213844
0.311614
0.332283
0.476482
0.467178
0.429325
0.418293
0.385259
0.379137
0.444630
0.447903
0.707177
0.675173
0.591284
0.532974
0.482210
0.424627
0.279519
0.226482
0.181325
0.207510
0.207025
0.226452
0.223209
0.278155
0.397836
0.282246
0.267911
0.324615
0.399473
0.393563
0.396139
0.382652
0.454479
0.689265
0.729725
0.716844
0.762638
0.880319
0.669020
0.633198
0.477391
0.366802
0.356377
0.266517
0.264881
0.247636
0.292914
0.237635
0.348163
0.358256
0.498091
0.512668
0.725239
0.615650
0.607074
0.700964
0.662414
0.710086
0.839920
0.781367
0.540308
0.514487
0.642593
0.609074
0.448054
0.363984
0.250364
0.221663
0.182962
0.179476
0.167687
0.226118
0.338677
0.236029
0.299157
0.392593
0.397048
0.265123
0.340920
0.401988
0.401382
0.416929
0.514850
0.527124
0.480058
0.454146
0.374167
0.451964
0.289702
0.179476
0.171415
0.171354
0.163899
0.140714
0.146533
0.169990
0.349497
0.289338
0.246636
0.183446
0.272609
0.300824
0.373379
0.309401
0.368863
0.479391
0.630743
0.645836
0.626864
0.532277
0.490362
0.379046
0.242696
0.195963
0.186113
0.171869
0.170809
0.168869
0.146412
0.168536
0.360135
0.273791
0.447297
0.383410
0.389441
0.418990
0.419778
0.539550
0.624257
0.849588
0.884865
0.987635
0.695205
0.630319
0.721451
0.778003
0.563280
0.379773
0.298521
0.264365
0.233937
0.196448
0.197206
0.204691
0.252697
0.406019
0.424082
0.636592
0.594527
0.647836
0.717148
0.616135
0.708904
0.769184
0.868833
0.823554
0.745333
0.770487
0.832980
0.790399
0.489029
0.355740
0.284459
0.243029
0.268608
0.301855
0.208631
0.277700
0.323948
0.293460
0.305582
0.529125
0.626591
0.550127
0.507092
0.617651
0.681719
0.709147
0.825888
0.954419
0.893351
0.844466
0.808310
0.683113
0.543793
0.461904
0.340647
0.314250
0.277034
0.283034
0.231755
0.315766
0.520942
0.479361
0.466814
0.628773
0.630683
0.582980
0.570008
0.591466
0.743423
0.797551
0.763062
0.752940
0.704085
0.882471
0.704722
0.566766
0.411565
0.323039
0.304007
0.256001
0.241514
0.206661
0.208510
0.230543
0.387047
0.265790
0.427658
0.512183
0.630955
0.583707
0.576555
0.616923
0.724785
0.603982
0.801552
0.667505
0.851618
0.536732
0.630349
0.641229
0.363650
0.296854
0.298794
0.284944
0.229755
0.218087
0.232028
0.226482
0.352043
0.400473
0.485089
0.392442
0.376803
0.516547
0.582374
0.654746
0.663899
0.696206
0.712026
0.742999
0.666657
0.563674
0.707177
0.409534
0.375349
0.343799
0.251879
0.219481
0.208934
0.209965
0.182689
0.296187
0.378197
0.271184
0.351740
0.331040
0.453358
0.408747
0.406595
0.505031
0.398321
0.550824
0.613408
0.516851
0.536732
0.504364
0.506425
0.462692
0.356952
0.241454
0.199145
0.233028
0.179628
0.157292
0.168566
0.256910
0.348527
0.291611
0.317160
0.511850
0.620833
0.606922
0.672203
0.807946
0.742787
0.673536
0.634350
0.657231
0.669990
0.615529
0.572615
0.482513
0.384531
0.311038
0.273639
0.284034
0.210329
0.186507
0.206783
0.170809
0.218451
0.268548
0.382743
0.547339
0.755304
0.757213
0.598376
0.617681
0.680143
0.729331
0.781367
0.685992
0.682174
0.613347
0.693539
0.390653
0.237241
0.224542
0.181083
0.154564
0.193599
0.127561
0.147775
0.180507
0.390896
0.314462
0.367287
0.267214
0.333859
0.446660
0.359286
0.439629
0.462874
0.563250
0.693902
0.648321
0.612529
0.608043
0.677476
0.588799
0.395442
0.343163
0.274488
0.248606
0.220209
0.161444
0.173809
0.215693
0.439629
0.317008
0.261941
0.341769
0.458783
0.463874
0.500455
0.648503
0.890290
0.905534
0.947721
0.956116
0.854467
0.787641
0.794975
0.522669
0.369499
0.314614
0.328707
0.328858
0.348557
0.295551
0.273124
0.283792
0.373863
0.423900
0.407868
0.461935
0.509031
0.459086
0.417081
0.584222
0.575161
0.551218
0.587011
0.630652
0.622106
0.644321
0.694236
0.432416
0.312098
0.258819
0.244120
0.227118
0.206449
0.190296
0.184447
0.194539
0.286550
0.307189
0.283640
0.388502
0.486574
0.529761
0.684659
0.571675
0.561977
0.635683
0.860650
0.722209
0.715238
0.716056
0.861589
0.563644
0.343345
0.311674
0.250636
0.222088
0.196084
0.182931
0.176779
0.203449
0.364196
0.451085
0.430446
0.368711
0.562038
0.492726
0.457601
0.426718
0.464571
0.618317
0.609589
0.567129
0.586950
0.605437
0.471542
0.392411
0.345799
0.317432
0.277034
0.259759
0.219693
0.211389
0.172869
0.185295
0.215450
0.303279
0.314281
0.237514
0.393502
0.491696
0.434568
0.459571
0.563796
0.461298
0.485877
0.509547
0.517820
0.380349
0.429204
0.359589
0.263396
0.252000
0.194993
0.147260
0.163293
0.121348
0.160929
0.129410
0.162868
0.293066
0.241605
0.361711
0.357528
0.394199
0.487150
0.573979
0.643593
0.716875
0.583192
0.554946
0.582586
0.547430
0.521457
0.477755
0.268184
0.250909
0.221633
0.188174
0.150927
0.143563
0.144927
0.235816
0.372439
0.348982
0.339132
0.428840
0.454661
0.327646
0.468269
0.605831
0.562674
0.610953
0.804613
0.515911
0.610195
0.619499
0.513790
0.478331
0.326524
0.253031
0.220178
0.168536
0.176597
0.158201
0.164262
0.208207
0.338405
0.260607
0.295036
0.367014
0.424385
0.449873
0.482877
0.669051
0.671445
0.808037
0.786974
0.668839
0.727664
0.735392
0.607437
0.351285
0.286126
0.216390
0.205904
0.186689
0.165293
0.167051
0.209177
0.201115
0.460389
0.372621
0.381986
0.315432
0.354528
0.351891
0.378834
0.363317
0.435810
0.497394
0.625924
0.672688
0.593133
0.511547
0.539490
0.396290
0.304885
0.259910
0.214753
0.179234
0.167808
0.157261
0.152412
0.216572
0.349709
0.269760
0.404352
0.288338
0.299824
0.276731
0.216481
0.233119
0.269427
0.245939
0.261668
0.348345
0.323463
0.290490
0.290763
0.235362
0.183840
0.208904
0.137774
0.125349
0.133077
0.129379
0.135835
0.149715
0.307916
0.205661
0.295672
0.252788
0.301673
0.203328
0.261577
0.268820
0.279701
0.296975
0.390562
0.428325
0.328737
0.304491
0.455934
0.398291
0.234241
0.178416
0.159231
0.149715
0.148563
0.136077
0.132895
0.152625
0.260819
0.359528
0.234059
0.190599
0.246303
0.243545
0.216905
0.209056
0.302249
0.420354
0.373439
0.308068
0.290641
0.278397
0.298733
0.267457
0.210268
0.209601
0.159171
0.159383
0.139835
0.154079
0.157019
0.181931
0.218360
0.256304
0.231574
0.283459
0.325888
0.326464
0.252121
0.264426
0.254879
0.445054
0.459874
0.442266
0.529307
0.351770
0.385138
0.385138
0.229998
0.217693
0.173870
0.146018
0.145866
0.153079
0.161110
0.166141
0.310522
0.235059
0.210389
0.216693
0.504516
0.324403
0.289096
0.322675
0.441993
0.466784
0.402352
0.487423
0.381683
0.452237
0.448115
0.348315
0.211268
0.200570
0.171869
0.171930
0.156140
0.146260
0.168990
0.169899
0.331677
0.276458
0.284550
0.473815
0.383501
0.230907
0.250576
0.378955
0.344375
0.287883
0.400261
0.497909
0.400048
0.493908
0.444993
0.510850
0.239271
0.207662
0.190144
0.179810
0.150503
0.161323
0.145987
0.165778
0.286247
0.203873
0.191781
0.246545
0.403625
0.461510
0.442842
0.313887
0.273215
0.271851
0.334586
0.301673
0.310795
0.285186
0.375773
0.274730
0.212692
0.184750
0.186174
0.170142
0.163474
0.158898
0.164838
0.180567
0.349861
0.224179
0.217542
0.239605
0.280792
0.226270
0.221057
0.260365
0.277518
0.319705
0.355285
0.360680
0.378955
0.402867
0.356104
0.294308
0.200630
0.221633
0.173476
0.162717
0.145684
0.134077
0.178749
0.177203
0.357771
0.207631
0.316220
0.257577
0.225361
0.203237
0.267487
0.331616
0.340859
0.329828
0.322888
0.279791
0.290702
0.256243
0.354922
0.240726
0.179385
0.204873
0.143957
0.158807
0.138926
0.120439
0.129258
0.235180
0.282580
0.272548
0.194266
0.199994
0.206480
0.260729
0.199600
0.229785
0.244696
0.285580
0.394715
0.534671
0.351194
0.328858
0.335889
0.253152
0.213299
0.176506
0.159898
0.139441
0.134653
0.134350
0.142532
0.156958
0.185901
0.285550
0.355892
0.407140
0.490302
0.250818
0.197630
0.265093
0.250576
0.294066
0.321312
0.375500
0.441629
0.382258
0.487968
0.339374
0.198903
0.203297
0.178870
0.149048
0.145593
0.131107
0.145381
0.224755
0.399230
0.215966
0.317948
0.331555
0.322251
0.388532
0.288550
0.269608
0.339950
0.430961
0.449570
0.533671
0.516457
0.495606
0.483059
0.296884
0.230937
0.215966
0.173688
0.176506
0.156686
0.154413
0.153776
0.215481
0.327615
0.205904
0.200630
0.239090
0.315311
0.325100
0.325433
0.232634
0.288520
0.343314
0.400382
0.384441
0.341344
0.379925
0.330464
0.327585
0.211480
0.174688
0.160322
0.173173
0.153625
0.167111
0.156292
0.181780
0.329222
0.317069
0.288459
0.326797
0.336707
0.349073
0.432780
0.353346
0.397109
0.409595
0.450661
0.518093
0.475179
0.489696
0.384107
0.293823
0.238999
0.220118
0.236120
0.197084
0.179719
0.182174
0.173112
0.230270
0.349285
0.361438
0.278034
0.450691
0.378288
0.535610
0.472421
0.393290
0.465693
0.516214
0.548733
0.542217
0.458510
0.367196
0.419051
0.292157
0.198964
0.192296
0.146018
0.137532
0.149412
0.132774
0.127531
0.217784
0.284368
0.285095
0.253213
0.378046
0.313856
0.378228
0.395684
0.529610
0.455843
0.353497
0.383319
0.433295
0.439599
0.529519
0.399655
0.292581
0.208419
0.197691
0.166535
0.165535
0.168020
0.146018
0.135653
0.196569
0.247636
0.472088
0.278640
0.230907
0.263335
0.383713
0.535125
0.615863
0.508243
0.617742
0.550158
0.626137
0.458722
0.617135
0.619227
0.302764
0.269245
0.210147
0.178658
0.170112
0.176658
0.194751
0.155595
0.191720
0.220148
0.240878
0.320736
0.446297
0.590799
0.392169
0.496575
0.510698
0.622015
0.729028
0.608680
0.616954
0.684174
0.775215
0.383319
0.382652
0.297369
0.258668
0.219572
0.226785
0.203813
0.208025
0.202176
0.216875
0.431871
0.239665
0.352861
0.314978
0.442205
0.441841
0.336041
0.308068
0.406413
0.522094
0.432446
0.460389
0.402534
0.452418
0.397624
0.288126
0.239514
0.198903
0.187629
0.188780
0.158686
0.182234
0.204601
0.214450
0.377470
0.243060
0.189296
0.209904
0.264759
0.226937
0.244090
0.218936
0.207843
0.274003
0.347254
0.290641
0.323009
0.330192
0.336101
0.289065
0.194842
0.201903
0.156110
0.191690
0.152806
0.162595
0.183234
0.220602
0.514184
0.296127
0.224421
0.267123
0.238726
0.360135
0.239120
0.296157
0.288156
0.330313
0.390593
0.376409
0.372651
0.365620
0.437871
0.308583
0.230998
0.212359
0.174597
0.204782
0.172051
0.154504
0.198327
0.180810
0.346951
0.232210
0.226694
0.230422
0.247272
0.300279
0.240029
0.261850
0.266063
0.266972
0.340041
0.393684
0.442326
0.460904
0.421081
0.281640
0.190326
0.188599
0.166202
0.151624
0.164384
0.166293
0.169445
0.290005
0.351437
0.252515
0.337374
0.358407
0.369863
0.433174
0.304401
0.274579
0.283762
0.374955
0.432143
0.339647
0.392017
0.377228
0.283246
0.260668
0.237241
0.217511
0.186053
0.217390
0.188235
0.151382
0.204752
0.247181
0.311310
0.262668
0.237423
0.229119
0.257940
0.377955
0.385077
0.432689
0.591163
0.572039
0.619893
0.584919
0.461571
0.362832
0.397685
0.448721
0.316523
0.331949
0.214784
0.152715
0.171203
0.165353
0.149503
0.181173
0.215117
0.279731
0.245151
0.255213
0.268730
0.401746
0.445024
0.424112
0.542520
0.511032
0.603134
0.702267
0.569160
0.663202
0.434689
0.341041
0.330343
0.217299
0.151049
0.165172
0.148624
0.150836
0.154776
0.184416
0.414565
0.227755
0.271972
0.241847
0.359862
0.289853
0.343223
0.359741
0.292581
0.434992
0.458359
0.582010
0.398442
0.452691
0.403564
0.262305
0.201843
0.236332
0.173324
0.164596
0.185901
0.140320
0.185568
0.282731
0.332495
0.218299
0.224633
0.220663
0.296127
0.344769
0.345709
0.358922
0.328161
0.350649
0.519851
0.657716
0.541914
0.676809
0.568675
0.497606
0.250546
0.208268
0.167808
0.157504
0.139138
0.140047
0.164808
0.219936
0.444054
0.269002
0.207086
0.314705
0.452994
0.375803
0.311977
0.463390
0.370621
0.612771
0.733513
0.549915
0.532277
0.715693
0.433295
0.263638
0.201449
0.177173
0.188296
0.158292
0.152625
0.144805
0.167960
0.262911
0.408292
0.247515
0.213814
0.313553
0.323251
0.365135
0.285307
0.332040
0.364650
0.344072
0.400200
0.403079
0.289035
0.284307
0.339314
0.260910
0.204358
0.176961
0.163717
0.143623
0.168414
0.160322
0.143017
0.237392
0.474906
0.225391
0.190963
0.248060
0.285732
0.318372
0.215450
0.243181
0.226634
0.269942
0.314584
0.404534
0.416990
0.323463
0.354801
0.245696
0.223906
0.176082
0.165111
0.167535
0.147291
0.150867
0.178840
0.183901
0.295369
0.349709
0.233059
0.233301
0.266184
0.400503
0.494211
0.584677
0.381380
0.459813
0.551491
0.429840
0.375803
0.383077
0.516578
0.405231
0.279761
0.200570
0.154201
0.166050
0.146503
0.169020
0.152958
0.150412
0.180082
0.233725
0.370318
0.397988
0.299248
0.273488
0.344193
0.391987
0.375591
0.536095
0.611559
0.501515
0.566796
0.571190
0.453206
0.367499
0.234938
0.225512
0.195569
0.175112
0.157868
0.183265
0.179204
0.238089
0.266517
0.279367
0.371894
0.360892
0.358225
0.346951
0.265396
0.299976
0.320221
0.317857
0.473754
0.322948
0.520760
0.474755
0.465359
0.354982
0.211238
0.178325
0.167384
0.149321
0.180567
0.141017
0.174203
0.224209
0.393290
0.270821
0.148473
0.222936
0.273488
0.234119
0.194418
0.221512
0.258637
0.268093
0.286035
0.347588
0.317311
0.244211
0.260153
0.193114
0.156716
0.167687
0.151443
0.178719
0.147351
0.177840
0.148503
0.280398
0.255273
0.223209
0.311189
0.341072
0.314311
0.226694
0.354528
0.242211
0.224057
0.276367
0.302067
0.353073
0.541581
0.343708
0.293854
0.205904
0.148079
0.145775
0.153322
0.157746
0.134956
0.167263
0.147866
0.248697
0.348072
0.219663
0.212511
0.287095
0.293975
0.238665
0.206752
0.207510
0.227240
0.302491
0.363771
0.405898
0.426233
0.449297
0.410413
0.319311
0.176264
0.164020
0.166899
0.190447
0.152018
0.148139
0.218451
0.192872
0.420839
0.262305
0.260516
0.379470
0.276518
0.320584
0.300339
0.288338
0.263274
0.385198
0.359013
0.642593
0.559431
0.437477
0.391381
0.289611
0.246575
0.177355
0.174264
0.160444
0.143805
0.154776
0.153503
0.235210
0.218087
0.265881
0.270609
0.311462
0.218784
0.264487
0.331555
0.305401
0.316190
0.424294
0.429779
0.448206
0.306946
0.389502
0.408322
0.339708
0.193569
0.223694
0.193387
0.186477
0.160929
0.152655
0.137562
0.209995
0.213299
0.198357
0.301067
0.363105
0.424021
0.402049
0.396866
0.479907
0.564099
0.612408
0.486180
0.562553
0.622651
0.537126
0.455267
0.381440
0.199206
0.184477
0.156867
0.155655
0.140108
0.128894
0.202176
0.232331
0.416566
0.232786
0.263577
0.243120
0.235301
0.301097
0.338223
0.341617
0.386289
0.398412
0.625864
0.957601
0.774185
0.564493
0.494393
0.345436
0.268336
0.239423
0.221754
0.150655
0.151382
0.157837
0.160141
0.246000
0.392472
0.420445
0.400261
0.463602
0.303188
0.247242
0.280731
0.309583
0.353073
0.520912
0.727361
0.638320
0.611711
0.516699
0.475573
0.390956
0.273488
0.280943
0.208025
0.215481
0.168899
0.167051
0.182204
0.208692
0.404534
0.228573
0.220148
0.206419
0.261880
0.337738
0.352103
0.418536
0.536338
0.600588
0.672263
0.709450
0.811007
0.826979
0.577403
0.407383
0.330586
0.226664
0.190569
0.206813
0.193569
0.160262
0.268669
0.263941
0.537702
0.292096
0.228240
0.329737
0.525821
0.470542
0.533731
0.492878
0.550400
0.716481
0.593769
0.605104
0.540096
0.459328
0.494211
0.394684
0.259031
0.214026
0.222663
0.182871
0.173566
0.158080
0.220693
0.192751
0.417839
0.289459
0.253788
0.352164
0.373803
0.329979
0.356255
0.440932
0.502879
0.603437
0.597133
0.450085
0.515881
0.611498
0.598254
0.430689
0.287277
0.230634
0.216147
0.195903
0.200994
0.189053
0.221663
0.293581
0.300733
0.304370
0.368590
0.312583
0.460995
0.398836
0.432446
0.340435
0.331161
0.463480
0.420748
0.359225
0.373954
0.447024
0.302825
0.297400
0.231270
0.172991
0.175597
0.157898
0.163717
0.189387
0.170960
0.199842
0.225573
0.243787
0.309098
0.227573
0.291096
0.294460
0.314978
0.310068
0.324615
0.349254
0.370136
0.423173
0.506243
0.564190
0.353406
0.216420
0.221421
0.182265
0.177961
0.166050
0.176112
0.152837
0.160232
0.191053
0.436477
0.255395
0.357680
0.350285
0.421627
0.424264
0.350467
0.342435
0.318251
0.302461
0.424930
0.404807
0.499939
0.442963
0.420324
0.261759
0.199933
0.165808
0.170657
0.187811
0.166263
0.148412
0.207328
0.223997
0.564432
0.301885
0.404140
0.357619
0.296703
0.318251
0.242726
0.292854
0.307552
0.371439
0.369075
0.484907
0.546339
0.432659
0.430173
0.335798
0.299945
0.209116
0.172051
0.173354
0.150109
0.187295
0.155140
0.175718
0.332131
0.262456
0.293430
0.305613
0.321978
0.390775
0.412201
0.427325
0.427991
0.513092
0.500273
0.494030
0.533731
0.562462
0.355134
0.266760
0.195569
0.177628
0.145654
0.177658
0.132743
0.150655
0.168263
0.191053
0.381743
0.241181
0.186053
0.310098
0.226452
0.244211
0.224361
0.259698
0.331737
0.359741
0.477664
0.547915
0.657716
0.494666
0.453176
0.470421
0.386107
0.290126
0.245848
0.266002
0.238847
0.226997
0.259062
0.254455
0.425567
0.368802
0.317645
0.310613
0.537065
0.654837
0.540763
0.523366
0.597254
0.724179
0.734028
0.632865
0.658898
0.564220
0.597042
0.438114
0.354710
0.317735
0.246939
0.214723
0.198448
0.187811
0.164111
0.278155
0.326888
0.310613
0.372409
0.554067
0.499970
0.576221
0.662232
0.752000
0.691144
0.629561
0.590253
0.609377
0.569948
0.478149
0.410474
0.457692
0.302461
0.222512
0.202085
0.203267
0.235847
0.212389
0.219572
0.211723
0.222906
0.302703
0.362438
0.531852
0.555492
0.646200
0.763153
0.705752
0.617044
0.605437
0.789399
0.560644
0.675415
0.676112
0.397836
0.377258
0.271942
0.248121
0.228422
0.165232
0.165050
0.182537
0.172112
0.185477
0.357801
0.197842
0.211692
0.295975
0.267093
0.222876
0.237059
0.198176
0.182416
0.216875
0.259698
0.270366
0.266184
0.352891
0.392078
0.258092
0.195630
0.149715
0.151806
0.161535
0.151867
0.175900
0.170718
0.324494
0.413929
0.238847
0.219481
0.254485
0.257789
0.236271
0.286247
0.233847
0.209541
0.250333
0.269730
0.382471
0.349709
0.425355
0.363135
0.356952
0.219087
0.182780
0.151806
0.136047
0.154140
0.126379
0.187538
0.186386
0.342314
0.265729
0.215905
0.206964
0.232331
0.380137
0.250818
0.166869
0.255698
0.307734
0.249182
0.442629
0.272427
0.306825
0.327161
0.275821
0.187265
0.142260
0.123803
0.154049
0.134835
0.143866
0.136865
0.248576
0.420990
0.252728
0.232119
0.223512
0.338132
0.320615
0.204873
0.192114
0.226209
0.260547
0.234665
0.367438
0.346800
0.387350
0.401291
0.280095
0.215602
0.149624
0.163202
0.162201
0.180628
0.138168
0.161868
0.145957
0.325373
0.201721
0.165717
0.184144
0.159171
0.199236
0.197054
0.184083
0.222239
0.188780
0.202085
0.287247
0.258910
0.299067
0.336556
0.293581
0.179113
0.166111
0.148957
0.133410
0.144290
0.124833
0.144290
0.201903
0.188690
0.390714
0.205904
0.205934
0.326403
0.299976
0.223845
0.233513
0.202570
0.169354
0.245363
0.292732
0.283216
0.232574
0.243423
0.167717
0.162868
0.140805
0.138774
0.183780
0.137714
0.139471
0.152443
0.178112
0.189811
0.203116
0.250455
0.240362
0.290914
0.385229
0.376834
0.286762
0.317584
0.292854
0.309977
0.389047
0.372257
0.290035
0.422839
0.252485
0.158959
0.151503
0.129440
0.146230
0.148654
0.154564
0.151806
0.196327
0.298460
0.177112
0.240302
0.221724
0.248818
0.360680
0.337283
0.336859
0.284550
0.429779
0.422597
0.373954
0.379349
0.374045
0.515184
0.312614
0.208783
0.191084
0.172142
0.187962
0.178052
0.145927
0.204964
0.205085
0.445751
0.283792
0.395927
0.471421
0.413383
0.399927
0.335344
0.281125
0.412868
0.387259
0.400897
0.320645
0.331646
0.351679
0.301218
0.291066
0.215147
0.169142
0.154049
0.167445
0.129864
0.149533
0.150927
0.174082
0.286004
0.432537
0.403776
0.408716
0.287126
0.413020
0.404837
0.272003
0.236120
0.206783
0.324282
0.253000
0.332646
0.268851
0.286944
0.225755
0.171051
0.187235
0.187629
0.147715
0.111226
0.109862
0.190811
0.203206
0.320342
0.303976
0.353710
0.312674
0.384289
0.384501
0.181113
0.143320
0.149139
0.265578
0.330010
0.351740
0.313038
0.274609
0.349254
0.267517
0.152776
0.147745
0.161838
0.151594
0.128894
0.173839
0.144684
0.160565
0.300855
0.261941
0.333586
0.529852
0.424233
0.325403
0.315099
0.360953
0.354588
0.298188
0.357831
0.390987
0.332192
0.303643
0.367954
0.322221
0.208086
0.192478
0.164868
0.188477
0.170657
0.150261
0.156716
0.170596
0.231119
0.249818
0.422536
0.392017
0.295005
0.429264
0.338556
0.270821
0.343466
0.379349
0.361438
0.273397
0.360650
0.308765
0.367529
0.284337
0.191811
0.184053
0.154019
0.166323
0.162262
0.166990
0.198115
0.193084
0.204843
0.239968
0.436932
0.297430
0.384380
0.283671
0.282792
0.319251
0.401140
0.550643
0.329373
0.419081
0.414232
0.369348
0.292823
0.229907
0.182446
0.178749
0.218117
0.185204
0.164717
0.182871
0.196630
0.180507
0.291278
0.227815
0.249606
0.357771
0.310674
0.270730
0.329010
0.271245
0.277943
0.315917
0.376834
0.448448
0.313977
0.280701
0.340435
0.232058
0.174688
0.173385
0.191053
0.141260
0.154504
0.173415
0.195054
0.304310
0.359134
0.260274
0.293126
0.360923
0.290187
0.391775
0.268790
0.282125
0.244696
0.319433
0.448842
0.407746
0.329252
0.558401
0.442357
0.368772
0.198903
0.181901
0.192357
0.184568
0.174354
0.171324
0.185265
0.205783
0.320948
0.283671
0.239120
0.234331
0.281246
0.222148
0.239696
0.291550
0.311068
0.377591
0.274185
0.321130
0.431416
0.336707
0.301400
0.241575
0.145078
0.137562
0.172324
0.143805
0.155746
0.139805
0.192296
0.184113
0.364468
0.350709
0.427961
0.277943
0.290732
0.400836
0.268214
0.258789
0.283186
0.319039
0.275761
0.282519
0.303825
0.298824
0.386016
0.228331
0.180901
0.161929
0.169505
0.161807
0.174779
0.142320
0.170142
0.218178
0.314978
0.268396
0.294702
0.330586
0.377803
0.446175
0.303128
0.291520
0.277670
0.275639
0.381228
0.274609
0.505061
0.503697
0.307946
0.263426
0.163838
0.169354
0.164050
0.182962
0.182719
0.161414
0.194933
0.175082
0.398048
0.280095
0.339799
0.310038
0.438841
0.490302
0.265062
0.239574
0.357377
0.246909
0.328737
0.338496
0.286580
0.249939
0.208722
0.319281
0.182628
0.156989
0.160474
0.156383
0.158353
0.203055
0.189841
0.183446
0.229573
0.342163
0.344466
0.368257
0.318614
0.251243
0.271063
0.301673
0.339374
0.371560
0.457662
0.412262
0.419051
0.296218
0.296854
0.359983
0.195781
0.185871
0.155079
0.145169
0.153837
0.164171
0.196691
0.294975
0.392593
0.240969
0.209995
0.263183
0.334586
0.277609
0.196297
0.181234
0.193023
0.221512
0.334919
0.427234
0.380379
0.388259
0.436901
0.264790
0.165687
0.155625
0.144745
0.148291
0.130804
0.147048
0.174718
0.252000
0.277640
0.215602
0.241575
0.269760
0.250636
0.274851
0.229482
0.281761
0.279185
0.302067
0.391047
0.428900
0.437629
0.293278
0.339678
0.317705
0.178234
0.145745
0.136956
0.149897
0.149048
0.138956
0.136986
0.240878
0.220663
0.201782
0.300794
0.376288
0.231210
0.208753
0.284216
0.212056
0.165141
0.232119
0.297733
0.281792
0.341678
0.316069
0.342920
0.318948
0.182992
0.137108
0.133168
0.155807
0.120530
0.154261
0.134653
0.207813
0.299248
0.237362
0.305825
0.159231
0.249576
0.208146
0.209722
0.209025
0.219360
0.263244
0.248757
0.241696
0.314311
0.271366
0.310250
0.270548
0.164080
0.128925
0.163838
0.159413
0.140866
0.126227
0.159716
0.283428
0.296127
0.359013
0.385653
0.313977
0.212874
0.212117
0.186659
0.172506
0.188083
0.285580
0.348921
0.242363
0.377318
0.429688
0.385804
0.328191
0.202600
0.218148
0.148109
0.163838
0.141654
0.139502
0.174991
0.136259
0.313887
0.349800
0.293005
0.466178
0.411777
0.443569
0.422142
0.395442
0.330646
0.288611
0.298400
0.315462
0.319766
0.316372
0.275003
0.283519
0.145018
0.150533
0.116075
0.155413
0.149170
0.129804
0.184022
0.132168
0.182901
0.250455
0.361165
0.407898
0.232634
0.404867
0.290217
0.230240
0.217966
0.315947
0.360680
0.395381
0.309795
0.424536
0.235604
0.259698
0.258213
0.151655
0.149230
0.138865
0.117044
0.184962
0.147957
0.191690
0.343405
0.305007
0.215844
0.164353
0.200055
0.315553
0.340890
0.241726
0.228482
0.255819
0.246969
0.316402
0.364923
0.318645
0.340375
0.302491
0.196509
0.173688
0.148291
0.147321
0.157716
0.171687
0.222148
0.220724
0.347830
0.206055
0.292611
0.304007
0.248182
0.235756
0.193205
0.157777
0.226846
0.320372
0.230786
0.336223
0.329919
0.336101
0.289421
0.344951
0.198054
0.158474
0.172718
0.158747
0.172900
0.159838
0.177870
0.240059
0.269093
0.232513
0.377743
0.246666
0.303128
0.209722
0.243029
0.192145
0.211662
0.266547
0.246121
0.279367
0.364499
0.400079
0.307401
0.397715
0.283913
0.152412
0.124136
0.145654
0.138289
0.157989
0.167141
0.245818
0.338405
0.324039
0.326373
0.385926
0.231331
0.285095
0.228543
0.220572
0.278003
0.241817
0.293126
0.318160
0.348042
0.267426
0.296884
0.206995
0.192751
0.154382
0.129410
0.156989
0.143896
0.140047
0.157807
0.252121
0.296036
0.266517
0.304461
0.300249
0.341223
0.357346
0.311977
0.292914
0.268063
0.243787
0.285004
0.363529
0.379379
0.458146
0.396078
0.224148
0.179992
0.152988
0.160838
0.195175
0.176415
0.139259
0.159262
0.195024
0.277185
0.279398
0.379834
0.307371
0.220724
0.239847
0.202540
0.219451
0.250909
0.178537
0.328828
0.197963
0.346315
0.231089
0.298309
0.316160
0.137774
0.149533
0.161020
0.163474
0.141229
0.149776
0.135229
0.177658
0.207025
0.271245
0.331283
0.214602
0.241484
0.319069
0.239453
0.315493
0.355013
0.354649
0.462450
0.311704
0.418627
0.422354
0.258153
0.240817
0.261577
0.139744
0.155837
0.175021
0.151594
0.165232
0.240938
0.221421
0.320918
0.224391
0.213511
0.230907
0.260335
0.262699
0.378955
0.343678
0.312614
0.363135
0.426991
0.390896
0.404534
0.368924
0.552037
0.300067
0.209722
0.169172
0.166323
0.140441
0.156322
0.172718
0.197024
0.274791
0.386774
0.355740
0.339344
0.357195
0.249060
0.205449
0.189629
0.241363
0.266638
0.332161
0.350830
0.392714
0.289823
0.349315
0.365620
0.236786
0.161201
0.159807
0.142502
0.145169
0.165566
0.150988
0.162505
0.192993
0.261244
0.318008
0.347315
0.379197
0.305886
0.331404
0.334313
0.273776
0.314046
0.476482
0.470390
0.420718
0.391926
0.564402
0.498757
0.233453
0.165323
0.183628
0.143381
0.175627
0.184780
0.182537
0.212602
0.284519
0.398018
0.257516
0.226058
0.230301
0.223906
0.260850
0.350800
0.293187
0.222603
0.335404
0.326040
0.277973
0.451873
0.362195
0.318554
0.368681
0.169081
0.131774
0.152564
0.166141
0.157746
0.142290
0.165475
0.203388
0.274276
0.264820
0.285610
0.337132
0.294430
0.235392
0.255940
0.240272
0.226118
0.303340
0.269214
0.218663
0.389350
0.415111
0.279519
0.224300
0.188993
0.184386
0.185538
0.152200
0.165081
0.182174
0.214693
0.304916
0.304219
0.325858
0.352891
0.312583
0.445751
0.312553
0.282549
0.367135
0.275094
0.320130
0.294763
0.298369
0.358043
0.259698
0.268214
0.202449
0.143229
0.143229
0.157595
0.235968
0.177112
0.184083
0.224876
0.210389
0.230786
0.254516
0.288247
0.237392
0.283428
0.332313
0.344678
0.279125
0.327282
0.225724
0.429658
0.440750
0.458389
0.459965
0.361711
0.379682
0.327706
0.205570
0.156292
0.150503
0.153988
0.147078
0.178567
0.238999
0.252212
0.374409
0.285065
0.237241
0.249424
0.381016
0.259971
0.253031
0.279973
0.238877
0.316584
0.445630
0.376864
0.299097
0.289217
0.367438
0.285641
0.286156
0.238514
0.153564
0.164626
0.158049
0.151776
0.175627
0.214571
0.327646
0.276670
0.241666
0.217299
0.284641
0.348800
0.325827
0.266002
0.265002
0.351982
0.350467
0.485513
0.429931
0.305976
0.347072
0.244605
0.163232
0.149170
0.151776
0.147745
0.143442
0.151443
0.204328
0.210904
0.259516
0.270487
0.209480
0.230513
0.443751
0.281277
0.274033
0.223057
0.213662
0.223269
0.360529
0.449994
0.396533
0.403867
0.455692
0.307886
0.192478
0.157625
0.165535
0.151806
0.117438
0.140714
0.187902
0.238180
0.328585
0.210116
0.247969
0.381380
0.368651
0.261547
0.187447
0.196903
0.322009
0.318160
0.391078
0.411686
0.492878
0.615863
0.390259
0.460541
0.306855
0.198297
0.173900
0.191053
0.148988
0.183568
0.195630
0.217238
0.430386
0.312098
0.340011
0.275306
0.277246
0.279852
0.261698
0.239726
0.237544
0.408049
0.409989
0.407322
0.435901
0.352073
0.302309
0.270033
0.308007
0.226421
0.203328
0.178810
0.155686
0.153200
0.162535
0.254364
0.289187
0.370530
0.373409
0.357892
0.414808
0.333434
0.295672
0.313887
0.331798
0.266335
0.303006
0.405716
0.324706
0.252940
0.317645
0.258546
0.161262
0.152928
0.152321
0.144866
0.185598
0.149018
0.186750
0.223482
0.248818
0.196418
0.322039
0.281792
0.265184
0.292126
0.293551
0.338162
0.423597
0.318584
0.418081
0.498818
0.427082
0.387471
0.571009
0.205843
0.148957
0.134168
0.140138
0.152837
0.144563
0.168020
0.187659
0.247151
0.348557
0.211420
0.251637
0.385016
0.387229
0.318705
0.388593
0.364438
0.316372
0.378076
0.448176
0.396230
0.323130
0.449903
0.502061
0.222088
0.233422
0.193781
0.161201
0.196357
0.198085
0.189962
0.202146
0.202055
0.315705
0.257365
0.231907
0.358498
0.455389
0.397957
0.395442
0.322645
0.280125
0.384047
0.483998
0.485816
0.361317
0.371287
0.418869
0.220087
0.196418
0.129258
0.149836
0.176658
0.135895
0.157049
0.202843
0.239635
0.245454
0.244939
0.284065
0.208965
0.293430
0.315735
0.404443
0.316675
0.335404
0.396200
0.379834
0.451024
0.516517
0.499848
0.325979
0.276003
0.218784
0.203904
0.172172
0.168293
0.181355
0.185507
0.177506
0.257819
0.365681
0.402261
0.351921
0.353740
0.303613
0.341435
0.403322
0.287186
0.286186
0.425536
0.474330
0.443872
0.449903
0.483362
0.463783
0.335707
0.197600
0.166717
0.163565
0.174476
0.165475
0.142866
0.167354
0.229967
0.389138
0.233968
0.321009
0.350921
0.275003
0.305158
0.300279
0.311735
0.319281
0.403685
0.360468
0.358740
0.347012
0.327919
0.356831
0.379288
0.338859
0.234635
0.192569
0.175567
0.164323
0.214177
0.211086
0.186113
0.280367
0.300794
0.337889
0.394987
0.264668
0.273791
0.289611
0.361741
0.400321
0.490453
0.482543
0.512092
0.483847
0.402049
0.492484
0.293339
0.188690
0.171506
0.151049
0.148230
0.165778
0.162262
0.172839
0.243393
0.269699
0.401018
0.460813
0.305370
0.256637
0.257728
0.319372
0.310129
0.215359
0.278882
0.366347
0.459510
0.404625
0.489756
0.344193
0.277215
0.253213
0.230270
0.222027
0.186689
0.206874
0.247606
0.289975
0.229907
0.389381
0.224967
0.200903
0.292854
0.334131
0.446721
0.360801
0.288035
0.258850
0.308492
0.387229
0.379197
0.484271
0.331525
0.403625
0.346345
0.174324
0.170930
0.180931
0.206146
0.166657
0.149745
0.210662
0.233877
0.442084
0.224148
0.269093
0.397957
0.171172
0.175415
0.213541
0.300582
0.366560
0.286065
0.343284
0.359498
0.291975
0.419687
0.357195
0.385895
0.210510
0.148654
0.156383
0.180386
0.147412
0.159686
0.193236
0.207116
0.319008
0.333192
0.215966
0.254394
0.263153
0.423385
0.346375
0.298582
0.281883
0.381107
0.412414
0.492939
0.328797
0.401534
0.328737
0.266638
0.210692
0.197024
0.192023
0.183265
0.197388
0.180386
0.207662
0.264002
0.343405
0.462268
0.413353
0.337950
0.341678
0.335586
0.248939
0.345042
0.327252
0.237180
0.204601
0.210147
0.254455
0.267639
0.250909
0.261456
0.192326
0.179446
0.188962
0.163141
0.227573
0.175506
0.184144
0.233453
0.339193
0.408383
0.287126
0.221845
0.269214
0.192872
0.183871
0.257971
0.256789
0.226785
0.284186
0.351103
0.254304
0.236392
0.346072
0.211662
0.143714
0.135259
0.167960
0.181931
0.174839
0.146836
0.155473
0.170051
0.335920
0.398260
0.453328
0.327070
0.701812
0.280792
0.159747
0.175718
0.189144
0.372772
0.424839
0.249667
0.256880
0.305916
0.268972
0.184022
0.178203
0.131683
0.138380
0.145836
0.145048
0.148594
0.150715
0.188356
0.230179
0.203146
0.266760
0.355952
0.232331
0.251091
0.189659
0.223482
0.190478
0.347224
0.361832
0.424536
0.515941
0.461207
0.418293
0.260971
0.170506
0.151685
0.154231
0.152715
0.162080
0.133228
0.199570
0.235119
0.467814
0.223724
0.259789
0.293278
0.358256
0.227149
0.334313
0.258334
0.228452
0.225391
0.371530
0.350527
0.374318
0.362741
0.401261
0.341284
0.228422
0.188659
0.192023
0.190841
0.203146
0.194569
0.193357
0.205540
0.328313
0.230876
0.215663
0.262759
0.304491
0.291520
0.183871
0.170657
0.142260
0.227543
0.488605
0.330586
0.423718
0.354679
0.340223
0.270366
0.224724
0.161565
0.169111
0.145806
0.159262
0.156231
0.177870
0.258365
0.291157
0.316766
0.230179
0.181871
0.239150
0.271700
0.339829
0.298824
0.458268
0.402928
0.543551
0.395775
0.511001
0.389896
0.395078
0.281095
0.180567
0.150321
0.184750
0.182598
0.229543
0.183052
0.226179
0.260850
0.417535
0.376470
0.265911
0.379804
0.439356
0.328707
0.333101
0.273851
0.301885
0.317614
0.443387
0.515456
0.512244
0.381470
0.340617
0.255970
0.171778
0.154685
0.181325
0.178870
0.165141
0.165232
0.212177
0.250212
0.406474
0.314493
0.278094
0.262971
0.249909
0.380592
0.321736
0.289338
0.398715
0.368954
0.421991
0.374955
0.420657
0.396775
0.364317
0.328464
0.204995
0.218663
0.265881
0.206783
0.245484
0.170202
0.184113
0.204995
0.266123
0.330858
0.307855
0.318190
0.361589
0.271063
0.276761
0.294521
0.324251
0.283398
0.422475
0.426082
0.430052
0.438023
0.414474
0.271003
0.258819
0.157292
0.157019
0.160050
0.140229
0.159231
0.206237
0.195812
0.277670
0.233816
0.441872
0.455995
0.429264
0.317099
0.306007
0.433416
0.399351
0.517487
0.586677
0.574524
0.707328
0.585829
0.433386
0.364529
0.203691
0.177719
0.182992
0.173233
0.176294
0.158504
0.243727
0.210480
0.437629
0.269093
0.266578
0.285459
0.453449
0.439750
0.239544
0.209662
0.245060
0.537792
0.609316
0.654443
0.523063
0.564129
0.459086
0.274215
0.182780
0.202903
0.179385
0.200115
0.177325
0.190508
0.203964
0.272639
0.402443
0.286065
0.342557
0.280610
0.269760
0.260729
0.308522
0.285368
0.302612
0.426264
0.565159
0.633471
0.618196
0.446994
0.379985
0.438599
0.205419
0.206358
0.182992
0.175718
0.172991
0.169657
0.199661
0.271821
0.490969
0.467996
0.259183
0.353073
0.396897
0.383228
0.439962
0.302067
0.340738
0.434113
0.723330
0.597012
0.615135
0.731574
0.715511
0.391502
0.239150
0.229391
0.204631
0.206934
0.204055
0.208843
0.238393
0.362074
0.461177
0.319160
0.328494
0.357074
0.406504
0.289793
0.263699
0.392078
0.402503
0.659383
0.677264
0.724724
0.617772
0.658656
0.414626
0.328131
0.273579
0.176294
0.183901
0.200327
0.171930
0.173627
0.180416
0.233907
0.396200
0.336556
0.302067
0.363680
0.384653
0.393896
0.291702
0.220572
0.233786
0.381016
0.608437
0.569614
0.488241
0.597982
0.559401
0.395018
0.237817
0.182871
0.173142
0.183962
0.164141
0.162747
0.185447
0.218905
0.342587
0.332465
0.392866
0.339738
0.409716
0.323827
0.323130
0.389077
0.416232
0.436689
0.547582
0.607377
0.478937
0.452843
0.413383
0.398048
0.247485
0.180082
0.183356
0.186507
0.158292
0.166353
0.191023
0.219724
0.285732
0.368530
0.410656
0.355558
0.295127
0.265638
0.217845
0.293945
0.268972
0.390684
0.439750
0.409959
0.394411
0.414778
0.409444
0.243939
0.159777
0.172506
0.163687
0.184386
0.180840
0.148745
0.185447
0.291217
0.435386
0.230725
0.218905
0.192114
0.215996
0.296672
0.202782
0.223027
0.265365
0.359286
0.463814
0.531792
0.571584
0.609134
0.650048
0.474845
0.212329
0.213056
0.201388
0.205783
0.196054
0.191235
0.216208
0.327919
0.525094
0.317251
0.353528
0.277518
0.427628
0.351133
0.294248
0.299824
0.285762
0.334586
0.530428
0.616105
0.698994
0.594375
0.447963
0.486241
0.271851
0.203419
0.222845
0.185356
0.163414
0.179992
0.211238
0.285459
0.401321
0.388744
0.345072
0.323676
0.254819
0.275367
0.279670
0.331798
0.342345
0.446842
0.445721
0.540763
0.510880
0.470602
0.469208
0.274306
0.188993
0.184477
0.161595
0.184598
0.160626
0.182083
0.190781
0.264062
0.511123
0.293036
0.273912
0.236847
0.348012
0.367560
0.281367
0.241484
0.262062
0.428112
0.499939
0.560704
0.532216
0.776640
0.528943
0.323827
0.196842
0.161595
0.186204
0.180022
0.163626
0.179325
0.243272
0.240393
0.516911
0.278094
0.364923
0.374288
0.410474
0.321736
0.379743
0.348557
0.406080
0.498818
0.540278
0.530125
0.533822
0.498091
0.367560
0.341860
0.190690
0.171293
0.161474
0.182174
0.180113
0.167414
0.170809
0.249970
0.358559
0.313644
0.384471
0.505940
0.474057
0.405322
0.343587
0.269760
0.585586
0.509728
0.538429
0.412232
0.395169
0.400685
0.543945
0.290308
0.177355
0.157898
0.177506
0.167626
0.148079
0.186053
0.181295
0.205601
0.305401
0.299976
0.506395
0.435992
0.465632
0.475270
0.336162
0.294611
0.398745
0.655989
0.707086
0.612044
0.773306
0.632592
0.516214
0.246121
0.185659
0.155716
0.164565
0.146200
0.140593
0.164505
0.191629
0.258395
0.547127
0.242848
0.207965
0.313129
0.343193
0.349285
0.260819
0.254849
0.227088
0.353346
0.589556
0.627076
0.667990
0.773063
0.738696
0.393351
0.214390
0.224936
0.196206
0.198327
0.190023
0.202146
0.219633
0.227997
0.393351
0.500788
0.311826
0.274730
0.184325
0.216208
0.200449
0.311129
0.264093
0.371439
0.617257
0.587556
0.479755
0.549127
0.544005
0.369408
0.217390
0.184871
0.173082
0.156383
0.172203
0.171263
0.174658
0.249515
0.462905
0.357043
0.352194
0.333889
0.288884
0.315523
0.289975
0.379501
0.256667
0.435841
0.615469
0.764365
0.719511
0.725542
0.486423
0.287550
0.179355
0.185568
0.192478
0.185265
0.166960
0.170930
0.239878
0.246060
0.478452
0.341193
0.365953
0.262638
0.259668
0.266063
0.314584
0.292187
0.324039
0.415020
0.483301
0.607831
0.581767
0.560916
0.474542
0.380167
0.183113
0.182355
0.176627
0.193933
0.166202
0.197994
0.205510
0.212905
0.543157
0.362650
0.351285
0.331283
0.367711
0.375318
0.282913
0.363711
0.411201
0.521730
0.540005
0.612711
0.618984
0.598012
0.666960
0.395018
0.225664
0.206904
0.210904
0.173809
0.210116
0.212117
0.187447
0.249970
0.368681
0.423566
0.614105
0.620166
0.585859
0.530064
0.492514
0.443811
0.433052
0.539884
0.586374
0.602134
0.671203
0.585829
0.485574
0.436417
0.260638
0.261759
0.270063
0.233028
0.218148
0.218905
0.245121
0.325464
0.460541
0.572221
0.626106
0.636562
0.536126
0.498424
0.392199
0.497030
0.723209
0.416687
0.589435
0.605801
0.648503
0.468966
0.504607
0.522336
0.289126
0.258304
0.232755
0.235756
0.223876
0.235726
0.227785
0.291641
0.430325
0.492787
0.499576
0.416414
0.475270
0.420202
0.515275
0.448812
0.507577
0.399503
0.443205
0.519154
0.518881
0.621166
0.558886
0.463571
0.261517
0.258243
0.270184
0.255092
0.244666
0.241150
0.241666
0.266366
0.483331
0.467936
0.418172
0.389411
0.343223
0.337162
0.318099
0.369984
0.424324
0.450600
0.652079
0.609013
0.882622
0.831828
0.640229
0.385835
0.336495
0.256486
0.226785
0.250182
0.223118
0.235968
0.237908
0.314765
0.455631
0.310007
0.449206
0.373015
0.429416
0.285277
0.285762
0.379440
0.387289
0.367438
0.563614
0.523973
0.620439
0.560856
0.548521
0.326737
0.251424
0.199085
0.198570
0.217966
0.203994
0.208510
0.248606
0.321190
0.356013
0.377743
0.518790
0.479391
0.659868
0.515699
0.401715
0.336071
0.436477
0.403413
0.454025
0.562553
0.474391
0.497303
0.545915
0.329888
0.243393
0.197266
0.198297
0.224148
0.220451
0.197600
0.205389
0.223391
0.444569
0.368651
0.216996
0.274973
0.356892
0.381289
0.368469
0.292611
0.284065
0.254698
0.359589
0.428143
0.492090
0.415020
0.330192
0.370651
0.268699
0.221784
0.221148
0.207783
0.206086
0.208510
0.211783
0.238120
0.270487
0.465420
0.475936
0.377652
0.330040
0.379773
0.383440
0.499060
0.536732
0.462662
0.516244
0.496212
0.582768
0.551552
0.298097
0.288247
0.252667
0.232543
0.215572
0.207965
0.230301
0.211692
0.225846
0.319221
0.360165
0.305916
0.381986
0.452570
0.287186
0.346163
0.352770
0.374561
0.535671
0.476664
0.520033
0.468360
0.439811
0.354346
0.311098
0.334404
0.253485
