0.111637
0.093757
0.100713
0.160254
0.064359
0.136797
0.103792
0.129609
0.195839
0.097629
0.128554
0.131107
0.093595
0.165889
0.148677
0.106815
0.082894
0.102033
0.112789
0.123717
0.094797
0.166255
0.138102
0.187176
0.101727
0.153628
0.085026
0.140357
0.076181
0.113298
0.118124
0.139938
0.156295
0.267872
0.214078
0.399217
0.316378
0.227266
0.615938
0.314557
0.163731
0.146330
0.168743
0.116589
0.133083
0.149254
0.264640
0.247852
0.132206
0.146492
0.128574
0.088643
0.079754
0.087832
0.172057
0.324185
0.197514
0.162521
0.174429
0.434450
0.462694
0.370521
0.145756
0.129578
0.194733
0.246671
0.203672
0.160031
0.141781
0.470922
0.247649
0.094783
0.087349
0.110591
0.099007
0.098046
0.142500
0.122308
0.122002
0.331937
0.284668
0.198209
0.169632
0.151849
0.169934
0.150401
0.133936
0.142241
0.173187
0.387256
0.310590
0.333274
0.205219
0.213570
0.153681
0.131000
0.066747
0.100254
0.104906
0.096382
0.120891
0.081943
0.137216
0.205284
0.162668
0.190477
0.153987
0.113185
0.118342
0.123594
0.164109
0.082024
0.140718
0.171888
0.180782
0.225360
0.149350
0.394808
0.452202
0.254273
0.217634
0.198264
0.176669
0.188069
0.143895
0.176209
0.119799
0.436738
0.202767
0.148545
0.184334
0.178702
0.155504
0.151993
0.152410
0.134986
0.156845
0.141546
0.165183
0.121490
0.090242
0.228158
0.256345
0.157077
0.098123
0.114743
0.150959
0.102589
0.103384
0.127066
0.186365
0.408288
0.203568
0.109799
0.096043
0.119054
0.115164
0.093492
0.085634
0.076059
0.111302
0.085134
0.166026
0.222034
0.174327
0.163362
0.123029
0.092512
0.141440
0.114465
0.104743
0.150799
0.140867
0.101428
0.134567
0.159503
0.188145
0.137649
0.187882
0.106200
0.120583
0.180721
0.180278
0.158448
0.124782
0.172404
0.138842
0.233829
0.434835
0.098524
0.104167
0.141856
0.083380
0.103223
0.110504
0.083738
0.107931
0.136926
0.103905
0.251776
0.284979
0.064268
0.163940
0.092328
0.119795
0.153929
0.086373
0.129148
0.136615
0.139777
0.236673
0.238701
0.237926
0.256055
0.282674
0.143011
0.094255
0.097160
0.101290
0.131147
0.133665
0.115265
0.073871
0.154944
0.508342
0.178066
0.138802
0.097397
0.305888
0.302402
0.146851
0.185216
0.202855
0.378838
0.250839
0.237308
0.546727
0.400605
0.101960
0.120742
0.126054
0.101026
0.080228
0.121128
0.107480
0.103417
0.121401
0.326935
0.412247
0.151825
0.133111
0.125671
0.174643
0.113812
0.089912
0.169299
0.141774
0.315231
0.211850
0.140268
0.130702
0.256166
0.146820
0.174174
0.180398
0.135657
0.106803
0.106299
0.181162
0.135873
0.148879
0.338352
0.132440
0.108972
0.140236
0.123447
0.137584
0.107899
0.080805
0.162919
0.166578
0.115991
0.114192
0.135005
0.102800
0.102349
0.215493
0.391719
0.081695
0.139238
0.068791
0.076282
0.136329
0.151331
0.143099
0.514456
0.450160
0.092117
0.112150
0.120649
0.114469
0.140675
0.113272
0.115384
0.184409
0.160800
0.106061
0.175661
0.159027
0.426752
0.181062
0.297025
0.143347
0.102652
0.090987
0.126473
0.092389
0.106026
0.124901
0.383567
0.409587
0.102267
0.102865
0.390852
0.295657
0.106195
0.067700
0.072394
0.132868
0.123700
0.110164
0.107814
0.105279
0.130718
0.234315
0.198111
0.227789
0.220541
0.295413
0.202987
0.133656
0.199309
0.137308
0.154085
0.160902
0.192876
0.113035
0.156381
0.157536
0.102390
0.127867
0.102910
0.104591
0.178947
0.125706
0.169086
0.122240
0.124236
0.102844
0.111151
0.109253
0.147618
0.090457
0.125398
0.090696
0.091300
0.073167
0.218431
0.165840
0.100411
0.142491
0.103517
0.231997
0.164128
0.146013
0.106051
0.141103
0.142094
0.140522
0.150371
0.202330
0.123419
0.149027
0.284691
0.140028
0.057395
0.106108
0.055155
0.120978
0.060837
0.089598
0.212921
0.149812
0.232713
0.137212
0.169920
0.256515
0.179191
0.123345
0.206192
0.110205
0.125462
0.117356
0.106971
0.147784
0.148034
0.315834
0.119376
0.142424
0.074209
0.073683
0.100088
0.099828
0.067550
0.125023
0.161300
0.127777
0.085171
0.121446
0.088477
0.068244
0.059541
0.066272
0.042653
0.055970
0.421586
0.254953
0.093992
0.127838
0.603607
0.369665
0.126820
0.105404
0.090997
0.075369
0.067414
0.088816
0.116782
0.077419
0.357188
0.117789
0.100098
0.125715
0.072658
0.089520
0.141747
0.087813
0.096325
0.178031
0.267842
0.104004
0.085835
0.092063
0.119120
0.305726
0.267645
0.192689
0.046751
0.101990
0.067482
0.067345
0.153811
0.104816
0.391047
0.132327
0.101858
0.083678
0.084238
0.096370
0.122629
0.123877
0.123755
0.106265
0.087516
0.097272
0.060281
0.071873
0.142472
0.081621
0.140919
0.113441
0.102150
0.107171
0.074570
0.093630
0.110073
0.085972
0.133947
0.190195
0.074929
0.106926
0.283662
0.134593
0.102049
0.128173
0.141364
0.060434
0.122987
0.182650
0.116536
0.124037
0.113618
0.165070
0.173559
0.110475
0.064352
0.089421
0.098367
0.103924
0.101681
0.114235
0.116963
0.120634
0.199081
0.132873
0.122887
0.088118
0.160154
0.100219
0.075982
0.120779
0.087897
0.095964
0.112845
0.155775
0.196140
0.167230
0.128470
0.076321
0.129767
0.056878
0.048435
0.091885
0.085411
0.133064
0.251850
0.375833
0.143311
0.175021
0.126217
0.204814
0.106210
0.113935
0.115955
0.180463
0.132763
0.449790
0.220892
0.117788
0.141659
0.120560
0.118310
0.087599
0.111727
0.122900
0.108674
0.101147
0.137911
0.127147
0.251411
0.207869
0.111454
0.073658
0.183173
0.220377
0.138714
0.163656
0.215343
0.469041
0.190268
0.205728
0.168648
0.204897
0.226023
0.157610
0.118283
0.066686
0.056313
0.135313
0.061786
0.148988
0.094769
0.107462
0.200739
0.214897
0.262949
0.240692
0.144184
0.151683
0.217306
0.143756
0.174560
0.208436
0.130401
0.222540
0.224322
0.156262
0.505951
0.124955
0.163165
0.100304
0.111974
0.113598
0.077256
0.076803
0.107088
0.130984
0.299302
0.220406
0.322907
0.453333
0.153630
0.156040
0.169740
0.165119
0.130982
0.190577
0.271302
0.120498
0.135980
0.083520
0.192178
0.195531
0.162414
0.088899
0.152928
0.103855
0.067942
0.136938
0.126736
0.219654
0.293567
0.343850
0.146834
0.135357
0.075844
0.118858
0.147330
0.100095
0.114631
0.311836
0.224345
0.218607
0.434663
0.169437
0.142381
0.209892
0.145922
0.106580
0.235378
0.150744
0.116133
0.134921
0.119944
0.108913
0.215719
0.200733
0.112212
0.115321
0.269967
0.148894
0.301502
0.280725
0.190578
0.122706
0.139462
0.193714
0.241852
0.236402
0.209472
0.099144
0.145460
0.109048
0.116553
0.072540
0.134047
0.150683
0.090331
0.203674
0.179157
0.120671
0.218703
0.134020
0.190235
0.136031
0.122795
0.125204
0.152848
0.163762
0.140017
0.187787
0.084049
0.116020
0.352411
0.194664
0.105722
0.125667
0.056867
0.082922
0.118110
0.138633
0.158710
0.081663
0.173180
0.205032
0.085640
0.191496
0.200904
0.196320
0.111823
0.111634
0.132879
0.122610
0.139321
0.117789
0.178296
0.156284
0.152403
0.099302
0.143201
0.260126
0.079177
0.115165
0.109333
0.102099
0.089267
0.142328
0.242533
0.211252
0.108244
0.103099
0.167661
0.142007
0.121846
0.091357
0.168752
0.168808
0.217260
0.121175
0.193493
0.170204
0.114788
0.381934
0.122400
0.122136
0.066988
0.053598
0.107307
0.104995
0.055913
0.122281
0.281927
0.140286
0.260158
0.184762
0.169103
0.213055
0.166919
0.107983
0.108405
0.199293
0.369270
0.176383
0.114767
0.143351
0.344796
0.212266
0.128754
0.149380
0.108942
0.075791
0.063462
0.116104
0.203376
0.174050
0.356523
0.199884
0.109760
0.190197
0.159539
0.213877
0.165671
0.084318
0.141412
0.313077
0.212812
0.353273
0.200961
0.375033
0.244275
0.162759
0.109525
0.093804
0.103026
0.116917
0.106535
0.087963
0.071600
0.123515
0.361880
0.347784
0.142269
0.076060
0.130043
0.093129
0.126776
0.097171
0.392963
0.211253
0.139399
0.141037
0.162677
0.151466
0.174735
0.227114
0.142666
0.165705
0.173732
0.159874
0.148271
0.121903
0.166954
0.111353
0.240454
0.176847
0.143549
0.345620
0.132648
0.108565
0.161504
0.067448
0.212425
0.289940
0.158254
0.341636
0.226982
0.167231
0.227322
0.212433
0.221055
0.133739
0.078727
0.096737
0.107536
0.101344
0.154813
0.234565
0.188910
0.246320
0.327263
0.128089
0.114332
0.115696
0.078246
0.099664
0.133455
0.101565
0.129497
0.123789
0.115722
0.091618
0.150673
0.263526
0.083146
0.139543
0.082258
0.070718
0.112511
0.088768
0.096091
0.137438
0.258216
0.210059
0.102152
0.149053
0.113972
0.111603
0.075503
0.156904
0.101059
0.135217
0.227523
0.282100
0.480019
0.160245
0.234370
0.224207
0.100946
0.109076
0.062114
0.078945
0.096909
0.090741
0.069458
0.105498
0.321656
0.173449
0.096929
0.135865
0.194804
0.106994
0.166558
0.192908
0.073714
0.167139
0.163271
0.206860
0.149087
0.169224
0.142367
0.190897
0.490629
0.109478
0.123705
0.115480
0.137846
0.093022
0.093176
0.087778
0.807229
0.301691
0.115379
0.187367
0.106738
0.133811
0.106196
0.189248
0.404694
0.495937
0.321346
0.237325
0.240489
0.137592
0.403824
0.137400
0.132749
0.171391
0.082305
0.086908
0.092221
0.127551
0.101396
0.221970
0.261753
0.230178
0.149817
0.134240
0.095423
0.207829
0.110785
0.084677
0.159748
0.140531
0.131590
0.146207
0.230862
0.338415
0.509741
0.357362
0.099397
0.141167
0.144542
0.078243
0.118813
0.082836
0.120877
0.159776
0.330712
0.167770
0.176933
0.138409
0.116652
0.089712
0.078629
0.100007
0.075032
0.206446
0.200428
0.196739
0.120295
0.156151
0.105574
0.169202
0.111641
0.092585
0.089312
0.126258
0.068826
0.128820
0.102386
0.103613
0.130853
0.372558
0.142143
0.207613
0.094515
0.161591
0.202553
0.191245
0.208572
0.276045
0.258842
0.356645
0.128619
0.187714
0.141034
0.168813
0.081732
0.058772
0.134609
0.067297
0.106219
0.102736
0.096271
0.180937
0.332502
0.235570
0.148915
0.272474
0.103095
0.188645
0.123523
0.053293
0.078382
0.083873
0.107028
0.143956
0.091438
0.110323
0.161012
0.196653
0.146381
0.168878
0.092696
0.099620
0.108743
0.122748
0.173129
0.157661
0.140812
0.213409
0.206801
0.162880
0.194908
0.250726
0.079888
0.119285
0.081112
0.074609
0.183764
0.192272
0.139864
0.077655
0.229343
0.483476
0.141152
0.094015
0.081116
0.087128
0.075047
0.072939
0.099748
0.147052
0.451318
0.428539
0.131552
0.088141
0.123912
0.179443
0.102130
0.123586
0.060679
0.092988
0.270945
0.191480
0.227331
0.142439
0.149444
0.391382
0.296630
0.096806
0.134517
0.105985
0.147475
0.100326
0.089456
0.156114
0.229750
0.257648
0.106705
0.139964
0.103966
0.154192
0.081490
0.110290
0.126642
0.129414
0.270439
0.239948
0.122814
0.161206
0.152386
0.304145
0.130666
0.088775
0.078686
0.102162
0.079205
0.096634
0.124525
0.130272
0.449954
0.266419
0.067745
0.098082
0.068347
0.116089
0.112778
0.101597
0.079876
0.145043
0.199126
0.076487
0.137002
0.113414
0.172729
0.316734
0.084232
0.071501
0.084189
0.085017
0.061590
0.090780
0.136696
0.111317
0.304013
0.235694
0.082076
0.117721
0.120734
0.088675
0.055007
0.136007
0.055493
0.096864
0.201596
0.337350
0.147252
0.104222
0.134258
0.095834
0.092977
0.098164
0.103557
0.093521
0.073131
0.100737
0.101069
0.106367
0.218893
0.365292
0.097585
0.111984
0.183298
0.208600
0.126097
0.129527
0.088731
0.078355
0.078967
0.340484
0.177299
0.191930
0.145916
0.141837
0.085380
0.102532
0.072692
0.111978
0.095864
0.098969
0.135996
0.223872
0.157441
0.113573
0.206311
0.402070
0.374261
0.295129
0.111602
0.132915
0.054026
0.090010
0.118986
0.189766
0.087712
0.141411
0.302736
0.547363
0.178111
0.069324
0.089337
0.065633
0.083510
0.109971
0.072508
0.138653
0.173156
0.139596
0.191897
0.182096
0.122238
0.115208
0.076758
0.134108
0.124837
0.104935
0.198736
0.129525
0.162082
0.126753
0.152674
0.148271
0.094442
0.089545
0.102926
0.091349
0.066618
0.090108
0.060455
0.107991
0.311768
0.197457
0.066995
0.087766
0.101313
0.125005
0.058820
0.137088
0.079931
0.128679
0.158833
0.310234
0.468852
0.383042
0.632534
0.161989
0.134563
0.094802
0.115398
0.055370
0.056940
0.103067
0.075950
0.273912
0.366489
0.235325
0.212513
0.127434
0.108281
0.075370
0.123817
0.062058
0.067316
0.120362
0.134903
0.089842
0.152750
0.209133
0.103262
0.144208
0.154159
0.145892
0.082180
0.081681
0.083678
0.131322
0.075158
0.089005
0.248718
0.304306
0.107444
0.169615
0.096668
0.066704
0.122396
0.127422
0.123004
0.195820
0.248954
0.175012
0.211066
0.161079
0.165989
0.145689
0.122599
0.132089
0.096400
0.050631
0.087556
0.111144
0.072189
0.097260
0.176326
0.203577
0.350411
0.222943
0.470210
0.245227
0.194421
0.231612
0.340167
0.509387
0.370867
0.494205
0.314890
0.220941
0.201501
0.222230
0.301051
0.131690
0.096259
0.115280
0.108666
0.101422
0.103733
0.152567
0.357876
0.617974
0.097886
0.190947
0.738491
0.365798
0.329444
0.239432
0.416932
0.271470
0.530888
0.190059
0.297807
0.201775
0.179808
0.125024
0.125703
0.162060
0.110238
0.069443
0.104209
0.110577
0.096776
0.100893
0.200429
0.126478
0.090126
0.216611
0.080212
0.120612
0.138124
0.055336
0.089769
0.065958
0.103389
0.090230
0.145237
0.157109
0.187034
0.157109
0.147682
0.105305
0.091108
0.106391
0.085286
0.126051
0.113646
0.128153
0.127476
0.161057
0.105664
0.107411
0.107979
0.060426
0.101048
0.114092
0.099580
0.125430
0.170258
0.136564
0.710041
0.692555
0.460763
0.274287
0.085904
0.088873
0.090174
0.072425
0.054128
0.080251
0.101600
0.229233
0.375158
0.236802
0.091247
0.103917
0.210274
0.142892
0.165976
0.085510
0.104894
0.087444
0.158176
0.562159
0.242364
0.185238
0.163703
0.101814
0.180826
0.049698
0.054730
0.067530
0.095305
0.067454
0.087502
0.126754
0.475327
0.141318
0.151304
0.155618
0.128999
0.155228
0.124168
0.090539
0.105126
0.172396
0.230141
0.135389
0.147467
0.121761
0.323658
0.156543
0.095435
0.091965
0.093669
0.065719
0.089828
0.111637
0.149566
0.102109
0.212228
0.140645
0.206694
0.181758
0.146594
0.141911
0.178539
0.089692
0.107772
0.114802
0.348432
0.153754
0.106833
0.244872
0.261429
0.178937
0.111620
0.092194
0.101155
0.094998
0.067304
0.096288
0.128176
0.123734
0.579253
0.259250
0.110566
0.110596
0.171330
0.172561
0.190486
0.137379
0.147076
0.105122
0.190805
0.321444
0.249367
0.165124
0.074987
0.108059
0.071560
0.130195
0.118274
0.076055
0.081510
0.096937
0.207754
0.143508
0.110478
0.139654
0.095262
0.108534
0.209022
0.196163
0.110638
0.110263
0.368183
0.367192
0.117534
0.099755
0.116167
0.150258
0.102950
0.115397
0.085656
0.104412
0.070634
0.114150
0.093419
0.115699
0.090136
0.252478
0.098101
0.149691
0.064273
0.071814
0.047284
0.117012
0.272241
0.230916
0.095374
0.100718
0.098864
0.092206
0.060408
0.085503
0.110860
0.084330
0.121005
0.081463
0.137070
0.053915
0.071842
0.055605
0.074068
0.133165
0.205424
0.102602
0.097766
0.091410
0.244779
0.103271
0.092556
0.142700
0.100071
0.199380
0.140879
0.216243
0.148786
0.110385
0.090429
0.133681
0.150630
0.054256
0.077486
0.063357
0.086298
0.061027
0.101283
0.077770
0.214546
0.196317
0.143450
0.110231
0.080976
0.143697
0.076365
0.104288
0.129457
0.106158
0.124398
0.076866
0.081946
0.119853
0.147888
0.124036
0.123023
0.080193
0.070440
0.054873
0.094428
0.129824
0.082870
0.099768
0.169265
0.146467
0.089942
0.081310
0.125912
0.092077
0.159033
0.080351
0.074401
0.098472
0.081387
0.062346
0.110170
0.425491
0.404078
0.158420
0.078224
0.134789
0.102252
0.084222
0.092906
0.112178
0.146531
0.153229
0.187334
0.157186
0.087800
0.166557
0.127785
0.103645
0.092198
0.129177
0.110181
0.095955
0.138289
0.403825
0.401530
0.304892
0.459222
0.282559
0.117989
0.110161
0.096745
0.117964
0.095030
0.083738
0.109099
0.146894
0.320383
0.312710
0.169472
0.103979
0.183703
0.199283
0.114945
0.094757
0.146246
0.094815
0.228662
0.193260
0.220114
0.240336
0.350362
0.147192
0.170858
0.076167
0.102827
0.118133
0.093623
0.099292
0.098555
0.156169
0.277254
0.247875
0.185662
0.129568
0.152330
0.185874
0.180663
0.148277
0.123382
0.240821
0.523573
0.129379
0.166089
0.187613
0.291057
0.228998
0.262952
0.283854
0.158294
0.118089
0.110450
0.128509
0.190829
0.131830
0.163774
0.395372
0.146815
0.126075
0.165047
0.145813
0.103017
0.532657
0.192109
0.305388
0.211686
0.409081
0.158312
0.153994
0.163224
0.237844
0.096569
0.083073
0.064847
0.071698
0.079486
0.106606
0.103058
0.103711
0.190694
0.251307
0.409340
0.357665
0.326805
0.196885
0.134609
0.138647
0.101406
0.106389
0.222028
0.164682
0.172698
0.354279
0.181022
0.103397
0.079729
0.106327
0.116230
0.131623
0.149148
0.159342
0.097929
0.241281
0.306602
0.087164
0.155970
0.087344
0.081452
0.083732
0.074497
0.072842
0.103950
0.213458
0.100028
0.213711
0.379583
0.276032
0.237081
0.168373
0.090675
0.080012
0.060053
0.127457
0.141667
0.105665
0.274533
0.427301
0.262883
0.122210
0.148773
0.197571
0.113310
0.094551
0.100527
0.111470
0.102589
0.143774
0.087904
0.062688
0.201129
0.196779
0.132269
0.088694
0.210684
0.262932
0.106238
0.077194
0.098092
0.101926
0.158926
0.154164
0.237312
0.188231
0.276016
0.405673
0.161964
0.185746
0.077703
0.124485
0.124121
0.091352
0.102165
0.117171
0.092790
0.159017
0.145964
0.083795
0.077651
0.114419
0.068675
0.076916
0.080238
0.078286
0.136090
0.159401
0.317542
0.220756
0.220680
0.215239
0.081927
0.181131
0.104322
0.091615
0.115865
0.122318
0.140823
0.094593
0.110673
0.066309
0.113852
0.140927
0.068740
0.097533
0.086270
0.065646
0.093861
0.108449
0.153601
0.179965
0.192717
0.126824
0.172199
0.110712
0.114364
0.166230
0.090848
0.152262
0.081490
0.081091
0.080617
0.120925
0.185259
0.128912
0.076717
0.102684
0.091954
0.095127
0.067168
0.096601
0.098866
0.087187
0.143179
0.089600
0.080866
0.209039
0.148824
0.055768
0.100405
0.118871
0.053838
0.069676
0.046738
0.074625
0.136011
0.183207
0.125937
0.160141
0.167814
0.115224
0.097883
0.062649
0.050775
0.087504
0.076342
0.079007
0.089197
0.195408
0.215483
0.333328
0.180531
0.095559
0.107549
0.064054
0.140003
0.151415
0.175636
0.149210
0.137538
0.259967
0.232798
0.331354
0.130569
0.123611
0.074454
0.068866
0.084687
0.106794
0.125707
0.076237
0.069868
0.228783
0.198466
0.133775
0.123465
0.075685
0.072794
0.083750
0.120300
0.096213
0.188628
0.190609
0.255427
0.378769
0.423447
0.204789
0.184380
0.119861
0.059729
0.085631
0.056269
0.078026
0.083213
0.077585
0.124506
0.387595
0.180300
0.118965
0.104235
0.251869
0.245326
0.083314
0.142182
0.126094
0.112223
0.172845
0.367697
0.142854
0.167809
0.257586
0.398240
0.281216
0.057762
0.088032
0.063237
0.097652
0.118285
0.144801
0.111153
0.179959
0.225140
0.156493
0.099570
0.123760
0.152949
0.150614
0.118581
0.093149
0.104741
0.121090
0.073683
0.108084
0.242737
0.330598
0.382321
0.093224
0.077453
0.066483
0.066455
0.095265
0.090124
0.086875
0.108286
0.387571
0.297262
0.128508
0.127584
0.205054
0.087848
0.122255
0.072497
0.108456
0.151466
0.275599
0.095583
0.109828
0.151298
0.104303
0.182179
0.081931
0.137689
0.069782
0.091739
0.074950
0.080915
0.100012
0.224902
0.151829
0.161992
0.088697
0.107689
0.110743
0.311791
0.124363
0.267219
0.131794
0.130427
0.182471
0.167938
0.121276
0.086569
0.135703
0.236475
0.173310
0.116503
0.102848
0.113890
0.092202
0.108678
0.066795
0.139194
0.140272
0.094585
0.248781
0.221467
0.397190
0.507525
0.403050
0.334125
0.312538
0.196970
0.283792
0.128351
0.173603
0.112688
0.194443
0.150132
0.132241
0.082910
0.073402
0.100847
0.076880
0.074718
0.082451
0.085928
0.196344
0.138837
0.146501
0.126044
0.100085
0.105492
0.126162
0.114387
0.133616
0.175571
0.213926
0.271998
0.331218
0.124063
0.148055
0.245888
0.125616
0.078571
0.078743
0.100466
0.054191
0.073388
0.117126
0.080830
0.295987
0.414848
0.134606
0.056658
0.066273
0.073527
0.060887
0.119647
0.076569
0.150767
0.112621
0.128836
0.092349
0.098921
0.310559
0.229134
0.251036
0.075774
0.141987
0.090951
0.101918
0.158287
0.136116
0.067332
0.148763
0.187849
0.230440
0.257290
0.110657
0.097431
0.265846
0.067629
0.135153
0.120228
0.197177
0.296667
0.237414
0.247159
0.171295
0.299350
0.094558
0.090811
0.102554
0.103964
0.077334
0.100000
0.100005
0.109059
0.264122
0.297846
0.130050
0.138635
0.152165
0.085288
0.167693
0.127561
0.186276
0.157326
0.172511
0.330259
0.248524
0.302577
0.566005
0.234357
0.289464
0.064803
0.094984
0.065154
0.084819
0.047849
0.124887
0.088664
0.380938
0.510403
0.179609
0.086718
0.152715
0.136880
0.200554
0.098770
0.100027
0.134679
0.155332
0.227025
0.167411
0.115186
0.101877
0.077338
0.134628
0.141165
0.083433
0.057443
0.107402
0.082219
0.095300
0.088083
0.199963
0.121615
0.233840
0.439045
0.263455
0.107707
0.126479
0.133130
0.110871
0.207814
0.300946
0.158273
0.099131
0.073354
0.134025
0.148991
0.128392
0.085915
0.075094
0.067919
0.069431
0.075183
0.078554
0.112288
0.160488
0.113255
0.140440
0.177782
0.101900
0.149596
0.181726
0.131116
0.244972
0.097579
0.124095
0.089633
0.247633
0.164032
0.268038
0.259191
0.150295
0.065062
0.109093
0.065732
0.051105
0.094310
0.064182
0.133353
0.435309
0.410131
0.077801
0.089188
0.087541
0.077699
0.254339
0.165196
0.105903
0.119474
0.166427
0.412384
0.336649
0.208814
0.254083
0.201234
0.144413
0.075678
0.057927
0.077307
0.069971
0.093363
0.099558
0.088388
0.164653
0.127973
0.077332
0.099334
0.079941
0.084709
0.078289
0.108384
0.096110
0.085243
0.132131
0.088500
0.089941
0.141127
0.168206
0.317619
0.110026
0.091775
0.149611
0.098038
0.053453
0.093336
0.091997
0.096224
0.465787
0.139170
0.089034
0.128284
0.129756
0.072666
0.180744
0.052634
0.089755
0.086597
0.271428
0.266683
0.146824
0.374914
0.214013
0.091975
0.116270
0.081033
0.076521
0.070249
0.095175
0.076009
0.132799
0.153342
0.242499
0.180539
0.071632
0.124867
0.070512
0.122113
0.063391
0.128487
0.046967
0.090435
0.127065
0.086532
0.096984
0.138886
0.150218
0.268349
0.090925
0.084438
0.090381
0.073223
0.056855
0.060944
0.072747
0.137581
0.394537
0.283427
0.252195
0.189594
0.196104
0.110632
0.133294
0.078430
0.069140
0.150504
0.152675
0.132116
0.140750
0.107789
0.130897
0.106386
0.217232
0.061748
0.061282
0.090437
0.051931
0.081833
0.122109
0.129733
0.148978
0.119796
0.094578
0.070559
0.125058
0.173822
0.126265
0.135030
0.088317
0.142165
0.120744
0.105964
0.071720
0.092303
0.095002
0.171364
0.100930
0.085052
0.055876
0.085794
0.068072
0.045738
0.072334
0.122136
0.089522
0.073501
0.107668
0.143178
0.285301
0.386636
0.246176
0.086950
0.126665
0.108062
0.070370
0.058910
0.276423
0.442732
0.138475
0.169299
0.123214
0.055567
0.087351
0.080646
0.049123
0.077163
0.132106
0.048541
0.400232
0.400973
0.125929
0.114995
0.125574
0.101486
0.085526
0.136265
0.084054
0.168966
0.174718
0.240810
0.117994
0.109840
0.286926
0.409714
0.087718
0.096640
0.091416
0.090856
0.104999
0.080713
0.096198
0.139936
0.420631
0.194635
0.168932
0.069789
0.053153
0.078615
0.159227
0.105801
0.069670
0.120388
0.172857
0.147513
0.108838
0.151514
0.353812
0.151728
0.127011
0.110149
0.047441
0.065510
0.067098
0.066910
0.130782
0.067802
0.292765
0.132681
0.088776
0.150185
0.125394
0.149027
0.108858
0.085527
0.140702
0.112512
0.297603
0.221802
0.085645
0.126796
0.254164
0.140591
0.087502
0.113215
0.067155
0.093443
0.095011
0.090804
0.109436
0.070025
0.173423
0.137979
0.141202
0.152295
0.146714
0.152760
0.099193
0.115436
0.103340
0.421617
0.187957
0.126627
0.074800
0.129097
0.417002
0.162882
0.090269
0.074142
0.084682
0.055466
0.078635
0.106689
0.071071
0.112763
0.315277
0.317193
0.287232
0.343319
0.076678
0.143766
0.074940
0.099840
0.094484
0.169109
0.170116
0.093077
0.050010
0.108373
0.188092
0.365234
0.097302
0.077275
0.042936
0.086708
0.058807
0.076504
0.101604
0.322450
0.093438
0.134205
0.093126
0.197840
0.132561
0.203591
0.248001
0.170265
0.123954
0.080866
0.207275
0.125388
0.163390
0.137640
0.065725
0.102363
0.121527
0.081890
0.086179
0.046112
0.065376
0.091276
0.077316
0.204623
0.088255
0.053385
0.083269
0.095370
0.086481
0.145067
0.081294
0.136598
0.128239
0.078458
0.194579
0.103817
0.196498
0.164820
0.137327
0.329357
0.151140
0.100245
0.064888
0.052039
0.069902
0.057656
0.046466
0.125282
0.358931
0.175350
0.061228
0.226893
0.177076
0.070697
0.096206
0.092432
0.324990
0.123690
0.124040
0.074412
0.137087
0.133975
0.273577
0.193220
0.055750
0.106373
0.050395
0.069947
0.075469
0.111639
0.061549
0.159628
0.184586
0.138483
0.189264
0.063792
0.111075
0.060471
0.060666
0.114734
0.113007
0.119094
0.118751
0.107260
0.109832
0.090122
0.131117
0.370085
0.064596
0.110316
0.096390
0.053630
0.069425
0.063126
0.072793
0.071666
0.178668
0.222296
0.341020
0.076731
0.074492
0.118751
0.121942
0.118319
0.084350
0.171994
0.170296
0.482539
0.551916
0.338470
0.320583
0.304380
0.132824
0.099805
0.087247
0.087764
0.079072
0.102097
0.065904
0.131239
0.322832
0.305794
0.152370
0.170756
0.084463
0.083493
0.108267
0.082749
0.130695
0.147207
0.144769
0.109306
0.182493
0.167649
0.195148
0.221203
0.107196
0.065408
0.162815
0.073102
0.061500
0.060587
0.081454
0.123658
0.485036
0.187152
0.095204
0.085269
0.058968
0.133727
0.074545
0.050152
0.076039
0.077649
0.380773
0.337515
0.214410
0.114077
0.132225
0.307782
0.212304
0.124479
0.113555
0.112694
0.107926
0.116465
0.144255
0.137017
0.183886
0.368117
0.069253
0.081746
0.122300
0.192009
0.135737
0.191629
0.238065
0.208456
0.095409
0.087178
0.104758
0.117147
0.189266
0.163754
0.094855
0.112089
0.079643
0.083311
0.093780
0.070985
0.079671
0.141530
0.104221
0.110499
0.102079
0.088090
0.140393
0.137873
0.229436
0.187729
0.168568
0.133504
0.179104
0.330842
0.268582
0.227039
0.305801
0.133806
0.118114
0.071801
0.085718
0.091409
0.055226
0.054981
0.109813
0.155856
0.570243
0.160307
0.109061
0.091080
0.091714
0.105111
0.058445
0.066872
0.140898
0.065227
0.130761
0.107100
0.121320
0.151640
0.126453
0.862489
0.108370
0.079604
0.070665
0.069491
0.062955
0.090760
0.066147
0.094994
0.358125
0.206086
0.097725
0.105740
0.161239
0.255109
0.257612
0.106253
0.107424
0.081452
0.163245
0.178345
0.617180
0.230838
0.151699
0.154519
0.131518
0.084822
0.107975
0.096618
0.075650
0.123612
0.111975
0.163265
0.387755
0.269629
0.107406
0.128189
0.084921
0.114959
0.104832
0.096106
0.176564
0.142830
0.284295
0.379136
0.314033
0.271476
0.355096
0.253027
0.114582
0.116173
0.074922
0.112833
0.081195
0.073515
0.145156
0.110992
0.279469
0.469959
0.132362
0.128888
0.137722
0.130670
0.093478
0.116823
0.107394
0.093927
0.191645
0.134030
0.251911
0.157158
0.454391
0.261259
0.122054
0.110499
0.101373
0.063412
0.098151
0.083719
0.093494
0.077055
0.439175
0.277102
0.146750
0.146283
0.096228
0.117269
0.188431
0.216002
0.136662
0.253363
0.313704
0.164402
0.240704
0.229269
0.309332
0.212375
0.232554
0.072877
0.070213
0.135245
0.077445
0.127242
0.127891
0.128943
0.202062
0.271565
0.180625
0.472355
0.254548
0.187128
0.257916
0.139808
0.246598
0.136128
0.119421
0.148720
0.193775
0.102787
0.115750
0.173924
0.138237
0.137620
0.092263
0.076913
0.070493
0.080530
0.147244
0.139974
0.220361
0.248741
0.172736
0.107841
0.122703
0.140501
0.161782
0.279229
0.316338
0.382231
0.332609
0.381952
0.325844
0.714744
0.710925
0.314110
0.135747
0.129189
0.091249
0.066343
0.081949
0.094871
0.132098
0.137045
0.457296
0.259813
0.178527
0.116216
0.126794
0.183539
0.119545
0.168883
0.204530
0.127905
0.205248
0.237735
0.396744
0.234885
0.248120
0.163769
0.114899
0.126357
0.130899
0.129991
0.059814
0.119922
0.100076
0.114305
0.403044
0.186824
0.066662
0.114564
0.119076
0.092923
0.159831
0.094367
0.310197
0.170060
0.110157
0.129026
0.106041
0.164890
0.272891
0.669997
0.087577
0.131894
0.094093
0.092949
0.104888
0.077498
0.126296
0.145820
0.497883
0.339430
0.107031
0.112988
0.112422
0.177982
0.094289
0.082836
0.059416
0.172490
0.164151
0.465279
0.140507
0.396606
0.098750
0.136092
0.075659
0.088824
0.074391
0.102394
0.066644
0.085666
0.078062
0.113154
0.140873
0.216468
0.137885
0.158289
0.153228
0.083075
0.090009
0.054849
0.130968
0.162010
0.302178
0.172088
0.123003
0.131108
0.158096
0.165977
0.220262
0.275877
0.057741
0.044700
0.063600
0.048839
0.072557
0.107419
0.389253
0.208420
0.165945
0.064670
0.143425
0.111694
0.085463
0.126524
0.055900
0.224875
0.186675
0.137430
0.175329
0.267723
0.158701
0.262713
0.209089
0.112690
0.350712
0.087769
0.079420
0.104974
0.065147
0.049388
0.140256
0.323308
0.123269
0.167424
0.314346
0.414471
0.108467
0.164089
0.123782
0.206894
0.082058
0.204809
0.101782
0.058587
0.067314
0.190181
0.150786
0.147427
0.071996
0.097303
0.081411
0.070157
0.097867
0.171110
0.282924
0.290180
0.100578
0.056750
0.454422
0.238722
0.434503
0.094887
0.071810
0.113135
0.219518
0.107503
0.080484
0.253736
0.510364
0.221137
0.159623
0.076512
0.089588
0.053382
0.070400
0.046620
0.094509
0.131287
0.438806
0.166911
0.088304
0.081372
0.095681
0.089270
0.063549
0.102022
0.077267
0.094121
0.230691
0.265155
0.135361
0.382515
0.281617
0.120079
0.074272
0.090370
0.050670
0.071226
0.049363
0.083789
0.085173
0.065623
0.377617
0.276571
0.107803
0.089714
0.172030
0.131381
0.146130
0.099634
0.122995
0.137762
0.405266
0.290463
0.155542
0.352912
0.253164
0.103261
0.156042
0.110086
0.058671
0.085763
0.091925
0.095599
0.125500
0.159258
0.197329
0.065570
0.098949
0.086633
0.079219
0.094739
0.220545
0.110045
0.164262
0.113379
0.223380
0.200556
0.102431
0.370340
0.163281
0.180745
0.108930
0.093874
0.070750
0.121020
0.089074
0.056742
0.101608
0.248961
0.306942
0.116504
0.217104
0.095101
0.098931
0.073043
0.042733
0.039276
0.072825
0.083596
0.101939
0.087990
0.069211
0.080448
0.106313
0.081834
0.215512
0.223997
0.055273
0.125986
0.063511
0.113670
0.063148
0.152247
0.385838
0.211830
0.110495
0.076116
0.082111
0.149976
0.093762
0.126468
0.134395
0.060005
0.091219
0.118434
0.120183
0.131396
0.250587
0.149158
0.169148
0.200605
0.125155
0.051287
0.060907
0.098044
0.079778
0.105802
0.152618
0.187859
0.206485
0.179795
0.347325
0.105847
0.078780
0.069580
0.059143
0.154935
0.267190
0.157908
0.115984
0.201186
0.219063
0.319294
0.144722
0.314973
0.123904
0.120392
0.094851
0.098723
0.104074
0.175368
0.098578
0.134986
0.073341
0.175113
0.154874
0.098718
0.112100
0.091602
0.060486
0.127061
0.070867
0.112204
0.118317
0.105962
0.152144
0.391146
0.108069
0.089905
0.127318
0.106353
0.102677
0.074037
0.103073
0.121937
0.162025
0.284163
0.102149
0.087228
0.106123
0.176657
0.145090
0.135797
0.134454
0.105734
0.124463
0.244243
0.499875
0.346457
0.607715
0.310064
0.301621
0.180993
0.239456
0.161493
0.163280
0.074427
0.117536
0.106749
0.504657
0.234053
0.153230
0.217623
0.199019
0.337761
0.249265
0.131306
0.140343
0.401314
0.445853
0.251401
0.276526
0.217327
0.437122
0.398116
0.526782
0.113860
0.111110
0.099337
0.128536
0.061880
0.119564
0.199092
0.417147
0.134591
0.156406
0.115687
0.140680
0.069274
0.094155
0.135163
0.176206
0.112487
0.144045
0.295053
0.168307
0.462635
0.330024
0.111301
0.098170
0.065302
0.065388
0.084535
0.065813
0.062032
0.068935
0.110277
0.157337
0.097923
0.083270
0.083339
0.100358
0.133976
0.071519
0.140854
0.148305
0.218181
0.205967
0.432813
0.329124
0.491896
0.212710
0.099882
0.153257
0.072342
0.074440
0.067605
0.071274
0.089889
0.063406
0.076796
0.107658
0.358364
0.174149
0.192066
0.145667
0.098850
0.159209
0.224750
0.202482
0.462568
0.239336
0.175308
0.461635
0.521863
0.340957
0.374403
0.077471
0.072225
0.096821
0.071610
0.097321
0.112497
0.082401
0.082450
0.210890
0.127488
0.171384
0.171627
0.390938
0.813317
0.536832
0.375116
0.243063
0.175756
0.288792
0.316443
0.547650
0.321252
0.481935
0.388822
0.278310
0.419834
0.213446
0.165945
0.198685
0.132510
0.132677
0.162209
0.196811
0.153963
0.382378
0.320413
0.434101
0.487975
0.324733
0.301704
0.530721
0.682450
0.405634
0.536661
0.524990
0.389134
0.431254
0.219225
0.173573
0.247642
0.158979
0.191056
0.120509
0.074859
0.110061
0.115854
0.302723
0.299859
0.145023
0.121620
0.240237
0.138281
0.129657
0.184577
0.193454
0.175428
0.177468
0.391618
0.167447
0.217096
0.215886
0.165711
0.226756
0.133167
0.150077
0.149248
0.168001
0.190838
0.192080
0.200806
0.333627
0.208891
0.097180
0.171312
0.298247
0.172734
0.120661
0.163321
0.217769
0.214191
0.192525
0.266139
0.351369
0.270564
0.265141
0.220895
0.181843
0.092115
0.084139
0.094745
0.102912
0.128758
0.102147
0.103401
0.200801
0.203336
0.196429
0.082094
0.079089
0.178737
0.140803
0.120294
0.167476
0.160208
0.237248
0.134128
0.144104
0.148921
0.170036
0.436146
0.149049
0.105959
0.166283
0.099736
0.155127
0.169192
0.110827
0.189062
0.179263
0.141976
0.119684
0.139061
0.105454
0.202329
0.158648
0.118286
0.148346
0.237133
0.161500
0.255475
0.277002
0.292524
0.397740
0.225745
0.189250
0.267160
0.177686
0.127422
0.197569
0.215911
0.141643
0.126804
0.366117
0.162406
0.218692
0.364066
0.218534
0.284007
0.113428
0.157151
0.092773
0.115883
0.143491
0.249899
0.260276
0.385411
0.326835
0.376187
0.267918
0.296554
0.168222
0.193523
0.186677
0.113528
0.192795
0.209559
0.155516
0.216576
0.160695
0.161553
0.167109
0.092981
0.105085
0.113407
0.140007
0.130382
0.130914
0.083759
0.136568
0.136803
0.102187
0.160026
0.274212
0.204079
0.181437
0.177000
0.152486
0.171058
0.102489
0.140356
0.132289
0.137398
0.158058
0.091223
0.129514
0.110418
0.134073
0.120538
0.106903
0.090723
0.130340
0.172007
0.117897
0.077970
0.148420
0.125778
0.257464
0.233187
0.124298
0.147112
0.120271
0.102055
0.129951
0.094227
0.092208
0.132065
0.137736
0.132736
0.130153
0.072253
0.105305
0.114967
0.092792
0.083994
0.086844
0.088018
0.082534
0.068940
0.106200
0.114098
0.147335
0.121391
0.082138
0.079497
0.077094
0.092263
0.097804
0.056872
0.235144
0.093609
0.066567
0.071379
0.079811
0.088307
0.122289
0.144941
0.143188
0.201455
0.136012
0.123724
0.060526
0.127766
0.202722
0.117998
0.091285
0.056370
0.116925
0.088544
0.086699
0.059758
0.056097
0.058793
0.301860
0.556970
0.111563
0.090738
0.128946
0.142432
0.104166
0.097252
0.155727
0.121781
0.317515
0.144834
0.094861
0.143407
0.158657
0.151235
0.149586
0.123387
0.134737
0.143562
0.077328
0.078423
0.081555
0.057730
0.165170
0.179117
0.127582
0.068312
0.116829
0.102676
0.091107
0.132992
0.136960
0.104102
0.368167
0.090064
0.075242
0.107208
0.534443
0.298545
0.132584
0.134818
0.098956
0.111927
0.141900
0.126454
0.074147
0.120472
0.716225
0.258491
0.135094
0.270894
0.450798
0.714243
0.488563
0.286185
0.492950
0.240641
0.196014
0.167593
0.242987
0.156840
0.304707
0.269478
0.300286
0.359219
0.329438
0.244110
0.181947
0.174702
0.166135
0.133723
0.197958
0.145302
0.246013
0.135539
0.349747
0.202052
0.284929
0.186369
0.380991
0.623453
0.352186
0.251462
0.197661
0.262884
0.308148
0.375515
0.301265
0.392007
0.201843
0.170865
0.246427
0.142763
0.271472
0.173379
0.143683
0.148127
0.104627
0.150218
0.230361
0.206933
0.258930
0.432919
0.508308
0.387059
0.237751
0.409179
0.302616
0.301316
0.280286
0.155735
0.151684
0.209076
0.221562
0.106711
0.081721
0.097079
0.095621
0.109462
0.272182
0.129430
0.189380
0.305498
0.206745
0.216944
0.141333
0.169678
0.114520
0.200830
0.179096
0.203209
0.212927
0.332690
0.334377
0.319055
0.182316
0.127372
0.116301
0.086463
0.095115
0.058664
0.085776
0.086210
0.283398
0.100821
0.152493
0.120351
0.404632
0.325114
0.448684
0.132419
0.164084
0.481431
0.339216
0.333410
0.266238
0.206430
0.243822
0.269101
0.316880
0.267143
0.210353
0.116001
0.082909
0.141528
0.121812
0.187591
0.211202
0.109585
0.169343
0.178908
0.335050
0.456867
0.160117
0.134232
0.239402
0.233567
0.224957
0.189727
0.188315
0.214624
0.166419
0.140107
0.242166
0.120544
0.155658
0.108289
0.117351
0.139530
0.133547
0.111701
0.187095
0.256649
0.160294
0.204683
0.182225
0.253958
0.268410
0.297651
0.388663
0.312820
0.377790
0.388444
0.280365
0.221809
0.247942
0.216520
0.224533
0.145932
0.151984
0.141523
0.142191
0.104264
0.101822
0.246566
0.471425
0.233494
0.177696
0.135192
0.212694
0.544278
0.487593
0.255350
0.293344
0.307606
0.409247
0.429087
0.364673
0.258347
0.352632
0.266090
0.294240
0.204121
0.137296
0.125023
0.096789
0.097577
0.096890
0.138994
0.162822
0.242622
0.257919
0.388983
0.409058
0.465186
0.317422
0.337322
0.461685
0.426485
0.539627
0.314899
0.392999
0.222744
0.440060
0.275056
0.296658
0.312140
0.237118
0.272859
0.192139
0.215170
0.205929
0.274349
0.195754
0.276377
0.228634
0.282255
0.707232
0.494871
0.313359
0.422905
0.365895
0.281521
0.611866
0.443696
0.342872
0.281401
0.284449
0.278704
0.220867
0.297047
0.282363
0.202271
0.272110
0.181401
0.254429
0.192056
0.214439
0.426255
0.215292
0.324618
0.261966
0.308082
0.201389
0.218450
0.341408
0.357346
0.552031
0.600346
0.587119
0.514580
0.423964
0.266922
0.207519
0.161992
0.155737
0.136509
0.207554
0.160451
0.210659
0.192467
0.498908
0.215155
0.225358
0.364685
0.470422
0.490694
0.639884
0.311225
0.857930
0.443736
0.432458
0.327493
0.289429
0.388029
0.367409
0.233422
0.260560
0.382610
0.337282
0.320346
0.205511
0.162537
0.115535
0.137455
0.160529
0.190030
0.238157
0.178483
0.287949
0.312227
0.291840
0.359539
0.312285
0.283333
0.406076
0.341687
0.449512
0.432151
0.140607
0.230731
0.405508
0.150296
0.229537
0.383403
0.253637
0.165111
0.123733
0.200935
0.110270
0.185296
0.195648
0.205553
0.388987
0.573481
0.431972
0.577295
0.263285
0.257739
0.383820
0.452933
0.449850
0.344201
0.541823
0.243699
0.327652
0.281472
0.159658
0.123415
0.087767
0.141095
0.147653
0.207892
0.288320
0.177421
0.175016
0.176693
0.343525
0.529504
0.438357
0.369757
0.371129
0.370493
0.693990
0.256034
0.377733
0.207342
0.243840
0.153560
0.292944
0.201553
0.113650
0.124789
0.094463
0.174637
0.137718
0.203504
0.314414
0.237045
0.166588
0.117758
0.185282
0.098933
0.169851
0.127087
0.216171
0.238283
0.120406
0.211198
0.159434
0.199887
0.135426
0.140555
0.102934
0.157781
0.125159
0.096552
0.095777
0.092370
0.098239
0.088362
0.120224
0.081666
0.132005
0.118321
0.092030
0.107473
0.119161
0.160018
0.262151
0.355246
0.395304
0.409977
0.343582
0.229866
0.271596
0.192217
0.305800
0.190056
0.174579
0.117157
0.142787
0.148425
0.139164
0.181958
0.192649
0.131839
0.170900
0.204470
0.246676
0.372492
0.318004
0.166953
0.238392
0.214570
0.193147
0.270404
0.227946
0.131167
0.182477
0.158785
0.050140
0.078827
0.117087
0.131091
0.067195
0.107229
0.089610
0.116159
0.150637
0.113166
0.193237
0.237018
0.130332
0.183433
0.210412
0.197266
0.145218
0.414224
0.341652
0.232511
0.232711
0.300632
0.229686
0.224338
0.194345
0.141188
0.127476
0.153222
0.078112
0.078616
0.057238
0.070818
0.194157
0.243370
0.246912
0.279105
0.419751
0.175680
0.228390
0.147288
0.247267
0.265568
0.194512
0.224965
0.234613
0.257672
0.216603
0.192311
0.156364
0.162076
0.141040
0.115748
0.166467
0.188651
0.171219
0.155118
0.438222
0.485127
0.405375
0.555103
0.395701
0.244599
0.260701
0.313772
0.470152
0.361814
0.227372
0.297992
0.355119
0.258762
0.233035
0.132997
0.379155
0.465307
0.272919
0.170065
0.158801
0.119371
0.123279
0.309228
0.252985
0.233592
0.190145
0.084717
0.192181
0.161140
0.186325
0.162831
0.145515
0.158012
0.149326
0.127143
0.169573
0.144706
0.123742
0.116097
0.102771
0.073667
0.080757
0.064710
0.054511
0.070464
0.093368
0.125460
0.169856
0.182633
0.097075
0.161586
0.093751
0.143103
0.081471
0.101770
0.101424
0.144072
0.165638
0.148755
0.087641
0.122484
0.098766
0.105446
0.078188
0.137404
0.129677
0.098943
0.127930
0.091064
0.150179
0.192904
0.101343
0.139467
0.164251
0.116069
0.231307
0.226365
0.222435
0.137245
0.247877
0.221677
0.215962
0.171294
0.209312
0.220858
0.293150
0.241195
0.164333
0.359430
0.154118
0.123243
0.128696
0.087249
0.105762
0.101219
0.237455
0.328462
0.103538
0.456890
0.179893
0.102167
0.144069
0.173894
0.109702
0.101859
0.265153
0.225291
0.264301
0.178937
0.240613
0.322814
0.359603
0.353277
0.121950
0.110818
0.129782
0.156529
0.322078
0.272138
0.219481
0.170344
0.120761
0.139203
0.111952
0.200500
0.433621
0.110795
0.250755
0.345679
0.166922
0.223926
0.273954
0.415705
0.283862
0.430921
0.469496
0.107874
0.088252
0.099204
0.082176
0.119177
0.192039
0.150012
0.323336
0.200285
0.339577
0.150773
0.125776
0.177975
0.187432
0.170356
0.279866
0.173249
0.362625
0.321073
0.393896
0.492428
0.388062
0.315417
0.429939
0.173354
0.192768
0.188384
0.184163
0.197172
0.172844
0.214276
0.277494
0.222093
0.216036
0.307953
0.277034
0.310017
0.302867
0.336157
0.443234
0.463300
0.425112
0.414572
0.522283
0.256618
0.141735
0.155332
0.202617
0.087510
0.101832
0.081303
0.145670
0.100876
0.159774
0.332280
0.238924
0.253661
0.301014
0.250023
0.258264
0.292136
0.392347
0.305847
0.400632
0.234962
0.408853
0.390354
0.159658
0.265807
0.187201
0.190157
0.186685
0.209741
0.160716
0.199785
0.243832
0.125155
0.113921
0.103583
0.174324
0.181127
0.135437
0.130788
0.109357
0.166147
0.132194
0.141981
0.150539
0.205505
0.322279
0.334168
0.237153
0.244773
0.143829
0.106298
0.140090
0.099979
0.090421
0.092778
0.100223
0.101441
0.140021
0.216474
0.188427
0.131189
0.238860
0.233360
0.302126
0.340272
0.320448
0.321110
0.495044
0.638131
0.372952
0.421129
0.504775
0.510878
0.260930
0.401645
0.262944
0.115220
0.100927
0.138315
0.116352
0.121136
0.125806
0.104298
0.309766
0.296948
0.287556
0.207279
0.449142
0.446778
0.543864
0.401157
0.423692
0.581008
0.568635
0.532483
0.417047
0.302172
0.381862
0.303194
0.488053
0.246830
0.214700
0.281856
0.178557
0.232269
0.151455
0.268945
0.405854
0.415943
0.316533
0.354436
0.262206
0.626483
0.465784
0.316493
0.487688
0.631685
0.493107
0.657615
0.510278
0.290193
0.421403
0.299208
0.240752
0.307561
0.132839
0.146630
0.113877
0.107769
0.129998
0.228161
0.147969
0.135607
0.261985
0.303749
0.415239
0.254803
0.470593
0.377221
0.665082
0.750270
0.757490
0.662493
0.731982
0.488885
0.413355
0.489021
0.601772
0.387026
0.352115
0.219519
0.264001
0.140030
0.214827
0.168667
0.339532
0.303393
0.485050
0.506386
0.546776
0.397468
0.558582
0.773949
0.515212
0.430692
0.732650
1.000000
0.685867
0.629324
0.399385
0.399785
0.540216
0.479917
0.273338
0.143257
0.209369
0.088718
0.132073
0.204664
0.297744
0.408753
0.313436
0.218788
0.307406
0.378100
0.541356
0.273702
0.540997
0.418638
0.306007
0.575848
0.489106
0.273623
0.257837
0.310947
0.324249
0.296557
0.155019
0.148165
0.123979
0.160482
0.143888
0.151228
0.239354
0.221139
0.231012
0.178407
0.191214
0.351851
0.236106
0.519270
0.409269
0.466101
0.465425
0.293109
0.399426
0.343007
0.204067
0.439230
0.216446
0.203489
0.167709
0.110049
0.113678
0.145259
0.124257
0.097841
0.124801
0.216769
0.247366
0.257259
0.291214
0.229146
0.209634
0.518360
0.542347
0.539941
0.596718
0.525753
0.661234
0.830510
0.397705
0.991373
0.604457
0.362260
0.416662
0.331552
0.309070
0.297394
0.305007
0.315441
0.420338
0.513125
0.272601
0.312402
0.349885
0.260077
0.359803
0.224128
0.268414
0.554705
0.504324
0.284732
0.299215
0.288522
0.271777
0.146618
0.151503
0.148890
0.139346
0.080360
0.071885
0.119820
0.105517
0.089877
0.221970
0.247362
0.177329
0.175492
0.145506
0.278686
0.300952
0.372663
0.427160
0.298219
0.251232
0.636656
0.694923
0.614232
0.685630
0.478772
0.285847
0.213206
0.346744
0.273939
0.244494
0.262749
0.193868
0.231510
0.434220
0.291604
0.408960
0.296711
0.469870
0.497225
0.451091
0.776465
0.540713
0.523758
0.402498
0.593667
0.432953
0.281248
0.358531
0.444109
0.272176
0.207358
0.136992
0.099800
0.096985
0.130133
0.115081
0.073963
0.175832
0.398467
0.277082
0.169504
0.192952
0.212281
0.199072
0.255793
0.372054
0.479399
0.457213
0.462600
0.389746
0.322146
0.214672
0.601354
0.499198
0.217308
0.131533
0.113912
0.071753
0.100417
0.113875
0.106541
0.371296
0.113331
0.231216
0.233174
0.250827
0.262429
0.234416
0.160762
0.301947
0.424191
0.384401
0.232997
0.399442
0.457913
0.313490
0.226364
0.256826
0.132431
0.118291
0.130268
0.111139
0.077981
0.079512
0.088041
0.227400
0.225275
0.175386
0.216458
0.290438
0.798534
0.530929
0.799950
0.503096
0.747946
0.778449
0.601939
0.627326
0.414447
0.445197
0.401632
0.276552
0.258449
0.345913
0.254501
0.212279
0.239197
0.213032
0.218843
0.263206
0.212854
0.264439
0.205046
0.415199
0.654760
0.526402
0.682491
0.771641
0.396369
0.708956
0.785306
0.490009
0.470220
0.491356
0.394080
0.328650
0.331876
0.248818
0.224437
0.191694
0.208396
0.128376
0.205855
0.562259
0.422887
0.187851
0.303508
0.317841
0.445218
0.453871
0.472075
0.625101
0.752548
0.380897
0.524904
0.470972
0.255308
0.448068
0.358118
0.393214
0.475210
0.331565
0.196627
0.238390
0.141569
0.145469
0.329354
0.481188
0.412913
0.233476
0.302042
0.285234
0.369818
0.604865
0.673095
0.657010
0.529676
0.600005
0.742007
0.544152
0.650012
0.413541
0.453067
0.429463
0.353987
0.324250
0.262435
0.204166
0.170251
0.183125
0.203987
0.251011
0.179341
0.247022
0.301696
0.346343
0.437832
0.449923
0.404504
0.518688
0.367038
0.529791
0.301984
0.432506
0.356955
0.343950
0.292399
0.364925
0.215151
0.175569
0.168434
0.218770
0.158985
0.247853
0.253369
0.311088
0.235720
0.307317
0.365870
0.420218
0.424231
0.492403
0.639470
0.546604
0.720178
0.629882
0.425488
0.483777
0.578238
0.679067
0.368629
0.418912
0.273678
0.283365
0.178852
0.174055
0.159239
0.175453
0.284252
0.459400
0.351597
0.228035
0.265312
0.311340
0.176036
0.267888
0.543906
0.218005
0.181800
0.197558
0.546238
0.175619
0.188719
0.288903
0.216848
0.125901
0.145873
0.207119
0.156878
0.146288
0.187567
0.187088
0.183631
0.164027
0.227583
0.186111
0.146324
0.335852
0.179166
0.310827
0.395583
0.280756
0.234240
0.283468
0.369696
0.351642
0.302005
0.291376
0.175450
0.132297
0.116397
0.228565
0.203170
0.120838
0.162561
0.116107
0.111701
0.104908
0.214755
0.325175
0.161797
0.118378
0.253888
0.394216
0.504160
0.540561
0.510796
0.654953
0.325594
0.518797
0.575121
0.466207
0.418283
0.548790
0.288790
0.162834
0.109230
0.095398
0.100881
0.106079
0.154595
0.143771
0.181741
0.221820
0.307516
0.345065
0.378953
0.443051
0.468704
0.672659
0.426379
0.422304
0.443291
0.513282
0.523390
0.484026
0.244754
0.203235
0.251306
0.210798
0.230945
0.202521
0.161361
0.281502
0.361955
0.383075
0.195643
0.317387
0.332743
0.289842
0.258806
0.436787
0.457815
0.798047
0.780491
0.747991
0.610886
0.564332
0.371273
0.375635
0.317027
0.372291
0.208062
0.237370
0.205179
0.151478
0.175834
0.199088
0.109436
0.437138
0.195632
0.264569
0.183951
0.244905
0.266201
0.302632
0.315942
0.418757
0.352524
0.451163
0.333558
0.328121
0.194443
0.358553
0.696001
0.396389
0.343952
0.208785
0.172814
0.237776
0.189332
0.175405
0.203940
0.394110
0.312832
0.264084
0.311169
0.240381
0.348976
0.433663
0.310130
0.321276
0.388795
0.485683
0.454830
0.431961
0.206375
0.210856
0.232849
0.188239
0.176114
0.157845
0.161322
0.116398
0.101689
0.129754
0.083104
0.279022
0.245555
0.235705
0.196577
0.244321
0.161792
0.341914
0.332695
0.365440
0.463928
0.457182
0.482150
0.330303
0.429129
0.305852
0.313092
0.189263
0.184466
0.165015
0.182594
0.139985
0.141585
0.111217
0.157556
0.173161
0.230714
0.241228
0.184093
0.477376
0.589403
0.395304
0.500969
0.595068
0.325685
0.399052
0.388592
0.331022
0.432629
0.343956
0.295529
0.220134
0.159181
0.157100
0.135949
0.079553
0.121003
0.079504
0.124635
0.132731
0.146221
0.131898
0.182588
0.243154
0.424884
0.333115
0.408753
0.536559
0.448000
0.480218
0.506851
0.386034
0.272124
0.175932
0.266177
0.214397
0.239750
0.113687
0.085631
0.093488
0.064493
0.098092
0.115728
0.098450
0.197331
0.227469
0.245296
0.236070
0.181162
0.218461
0.404742
0.301586
0.520574
0.366850
0.386699
0.652169
0.486189
0.383970
0.250385
0.163776
0.154692
0.150986
0.150687
0.105789
0.092190
0.095028
0.194586
0.244679
0.271635
0.147576
0.132494
0.144323
0.199634
0.178245
0.265916
0.426311
0.384263
0.758949
0.326111
0.531310
0.369415
0.419719
0.444293
0.262520
0.165381
0.133189
0.105586
0.073900
0.150427
0.086884
0.310307
0.222418
0.175235
0.149822
0.136465
0.229005
0.293544
0.323379
0.454259
0.254903
0.385130
0.299334
0.656555
0.374167
0.485492
0.257311
0.353687
0.330192
0.182988
0.192702
0.203400
0.149201
0.105444
0.138954
0.130067
0.156801
0.156921
0.269895
0.351915
0.243409
0.435083
0.286213
0.249159
0.174056
0.183079
0.111866
0.103411
0.153995
0.087463
0.137796
0.169890
0.143717
0.114545
0.087678
0.075366
0.088858
0.079663
0.078748
0.201316
0.162577
0.238749
0.110735
0.135605
0.235052
0.195055
0.096593
0.109120
0.150131
0.129951
0.104813
0.137873
0.065351
0.105696
0.103370
0.192868
0.092673
0.055615
0.071326
0.068073
0.089774
0.064806
0.064274
0.124356
0.118822
0.139975
0.099606
0.203670
0.143980
0.093102
0.101231
0.128827
0.070613
0.150850
0.128222
0.097338
0.160499
0.138634
0.111293
0.123753
0.057400
0.078803
0.060927
0.063791
0.125948
0.062713
0.079393
0.168986
0.137773
0.085024
0.051866
0.058756
0.083003
0.121969
0.098987
0.094294
0.107093
0.122386
0.219341
0.262970
0.287790
0.291587
0.210368
0.240197
0.219902
0.186022
0.077739
0.098618
0.096688
0.111223
0.128017
0.210782
0.559114
0.265898
0.265562
0.206918
0.133284
0.198516
0.299699
0.156171
0.164169
0.200087
0.165322
0.545304
0.309762
0.206488
0.155850
0.149357
0.131693
0.124054
0.083605
0.084460
0.104166
0.102807
0.142661
0.132675
0.489235
0.421774
0.144897
0.226367
0.591575
0.461624
0.203801
0.388413
0.267264
0.357626
0.393308
0.269047
0.281194
0.266347
0.185585
0.236549
0.291768
0.165572
0.172219
0.153121
0.174664
0.172016
0.159468
0.154306
0.215411
0.254180
0.231411
0.181702
0.196011
0.127931
0.156288
0.122071
0.197771
0.174509
0.206806
0.158936
0.203784
0.149064
0.165723
0.175312
0.238213
0.258211
0.151788
0.132580
0.147686
0.154552
0.127776
0.189386
0.223926
0.197677
0.141691
0.147546
0.153615
0.122248
0.192125
0.294035
0.411148
0.384153
0.369476
0.278478
0.186880
0.098676
0.143272
0.198770
0.176259
0.094612
0.094393
0.095628
0.111659
0.133131
0.067281
0.121936
0.265087
0.172435
0.123250
0.131838
0.192466
0.164448
0.166625
0.123387
0.146703
0.145367
0.180897
0.202567
0.156264
0.396812
0.180920
0.202497
0.252486
0.531872
0.171474
0.118186
0.104102
0.145781
0.106246
0.102032
0.145683
0.135193
0.319126
0.262223
0.125887
0.129480
0.223300
0.187323
0.224093
0.219646
0.284428
0.203801
0.169224
0.120304
0.227803
0.325274
0.189520
0.135254
0.126367
0.096094
0.129296
0.157973
0.104455
0.145453
0.199709
0.140539
0.101184
0.083574
0.110904
0.140014
0.088699
0.136137
0.121079
0.138695
0.168579
0.110261
0.144057
0.164675
0.163359
0.152380
0.240079
0.310308
0.241837
0.236195
0.138345
0.162352
0.141631
0.132220
0.332409
0.328891
0.214597
0.192232
0.160303
0.181502
0.079093
0.137123
0.217480
0.220533
0.277872
0.337991
0.148170
0.163010
0.170227
0.221594
0.103347
0.090223
0.117012
0.093674
0.112542
0.121705
0.156892
0.166981
0.109672
0.088528
0.111209
0.152965
0.124948
0.154338
0.219250
0.119540
0.115569
0.293626
0.137945
0.612862
0.454240
0.331258
0.194141
0.335132
0.350133
0.143987
0.218915
0.232315
0.142807
0.186775
0.184780
0.179288
0.413150
0.301253
0.230177
0.245218
0.249062
0.208863
0.259403
0.423195
0.459297
0.374572
0.318937
0.341508
0.521122
0.383561
0.333150
0.275792
0.280730
0.169735
0.193832
0.199196
0.193152
0.107669
0.152962
0.105735
0.599927
0.360905
0.144725
0.130948
0.437591
0.207029
0.349390
0.201008
0.311196
0.246208
0.140882
0.168615
0.195650
0.171976
0.135655
0.154895
0.167188
0.123419
0.150208
0.127852
0.087638
0.109815
0.121575
0.152267
0.229825
0.249699
0.105263
0.159148
0.227724
0.153616
0.221168
0.249765
0.175187
0.177437
0.197083
0.189786
0.100256
0.108411
0.105493
0.125907
0.290270
0.168022
0.203020
0.159183
0.127740
0.141129
0.134140
0.117953
0.172286
0.187835
0.158979
0.117255
0.282434
0.304050
0.235727
0.234257
0.258830
0.213762
0.234413
0.267595
0.292609
0.276963
0.105610
0.135321
0.103597
0.061045
0.132318
0.107109
0.118461
0.090847
0.094632
0.138588
0.153992
0.194765
0.131568
0.133883
0.249529
0.349716
0.279656
0.328884
0.489499
0.444665
0.435009
0.381457
0.363987
0.490778
0.306874
0.403231
0.353995
0.158499
0.248608
0.238278
0.242874
0.138203
0.178349
0.181958
0.151952
0.274495
0.380560
0.272724
0.249844
0.256847
0.393344
0.356720
0.213149
0.228471
0.258082
0.585387
0.328656
0.279327
0.231775
0.163447
0.197624
0.204307
0.135279
0.158057
0.109886
0.220618
0.106574
0.253621
0.275640
0.166268
0.100891
0.114159
0.202340
0.250048
0.238440
0.265416
0.212899
0.286632
0.229238
0.429271
0.328278
0.419534
0.357823
0.236910
0.249382
0.105214
0.106368
0.157430
0.121570
0.124617
0.150076
0.257909
0.309250
0.252379
0.166028
0.118251
0.168375
0.173760
0.117954
0.263593
0.211243
0.247494
0.361533
0.292804
0.165520
0.222232
0.138087
0.349702
0.144064
0.138172
0.149712
0.094739
0.180059
0.112428
0.139732
0.130841
0.135543
0.198133
0.130559
0.231285
0.185918
0.134575
0.193504
0.175105
0.205100
0.159911
0.221665
0.561269
0.164798
0.436464
0.181716
0.172232
0.227350
0.182348
0.095198
0.167096
0.153563
0.168322
0.113762
0.166047
0.335987
0.277386
0.238732
0.196144
0.238165
0.175054
0.282365
0.207645
0.154766
0.250268
0.277803
0.194671
0.175248
0.201855
0.280454
0.269805
0.237261
0.134569
0.261994
0.192155
0.139281
0.144229
0.114170
0.177094
0.186903
0.292372
0.150199
0.153554
0.223802
0.529325
0.313411
0.291667
0.206160
0.261385
0.481821
0.377139
0.277878
0.215479
0.247738
0.278957
0.216941
0.174392
0.196680
0.133522
0.200199
0.191450
0.130757
0.221170
0.211183
0.208376
0.145860
0.424148
0.320415
0.340184
0.314119
0.287784
0.334126
0.211652
0.266234
0.228843
0.140561
0.281578
0.312379
0.204467
0.120827
0.153334
0.192853
0.128299
0.163373
0.115344
0.099352
0.154836
0.227301
0.281245
0.175605
0.201053
0.180226
0.127714
0.201074
0.230609
0.234733
0.220862
0.225535
0.188605
0.167457
0.152068
0.276345
0.182715
0.204779
0.163145
0.116921
0.115442
0.090414
0.095005
0.073157
0.152863
0.250488
0.192673
0.103232
0.101813
0.168875
0.100228
0.178157
0.167063
0.230373
0.176890
0.133334
0.201786
0.191539
0.543993
0.539806
0.251876
0.156721
0.165152
0.160462
0.135410
0.121669
0.128806
0.107448
0.163888
0.388831
0.285407
0.225414
0.246199
0.295294
0.278304
0.219740
0.178663
0.314327
0.268511
0.327799
0.177793
0.227811
0.400831
0.571252
0.307261
0.258903
0.211201
0.128098
0.156439
0.161002
0.112172
0.175410
0.187463
0.175039
0.234861
0.150280
0.116854
0.127633
0.149027
0.115786
0.180043
0.138587
0.255264
0.168596
0.209677
0.218387
0.331195
0.612826
0.207928
0.205503
0.206024
0.119596
0.100126
0.123472
0.078390
0.084253
0.069564
0.520118
0.191475
0.115063
0.208623
0.161606
0.087853
0.132196
0.104045
0.125514
0.235793
0.065245
0.111655
0.112418
0.129862
0.122920
0.125673
0.412773
0.106864
0.095416
0.121641
0.057134
0.071641
0.101004
0.174729
0.126053
0.142891
0.127985
0.132625
0.175077
0.213305
0.179478
0.143951
0.174310
0.215470
0.209547
0.231649
0.255532
0.309841
0.173731
0.148866
0.274224
0.148318
0.191987
0.152243
0.152485
0.156474
0.138695
0.134885
0.279831
0.161945
0.150291
0.172842
0.139353
0.281826
0.226112
0.186152
0.289420
0.186555
0.190708
0.261521
0.134150
0.207882
0.114854
0.117082
0.342561
0.126589
0.165786
0.141038
0.090456
0.110964
0.103499
0.146095
0.233982
0.177608
0.234473
0.160381
0.138121
0.236267
0.336236
0.167080
0.317013
0.310805
0.249307
0.220851
0.103823
0.105722
0.170857
0.091848
0.066339
0.135538
0.112202
0.060991
0.064758
0.061815
0.093377
0.091415
0.195014
0.116363
0.075697
0.091665
0.096627
0.088275
0.135422
0.109683
0.129087
0.119601
0.178311
0.153340
0.320775
0.339648
0.450087
0.363165
0.101073
0.113557
0.126296
0.104421
0.104231
0.087311
0.057231
0.088262
0.506757
0.168749
0.087148
0.186376
0.210308
0.087097
0.274715
0.155507
0.102837
0.369769
0.243137
0.197911
0.068246
0.064970
0.133515
0.100185
0.084046
0.099046
0.099996
0.099271
0.058814
0.053790
0.083223
0.098772
0.130102
0.105152
0.115307
0.067974
0.124566
0.083804
0.357276
0.272422
0.096477
0.136565
0.086019
0.108173
0.092062
0.135652
0.085865
0.141884
0.166024
0.150865
0.154027
0.098246
0.070704
0.061774
0.082595
0.126208
0.219294
0.147102
0.093709
0.150562
0.177920
0.117136
0.069170
0.087826
0.165155
0.141562
0.171106
0.106083
0.203858
0.328392
0.339399
0.219676
0.260625
0.167702
0.086102
0.083374
0.076218
0.057985
0.125077
0.087672
0.143153
0.168793
0.134989
0.172208
0.158640
0.230450
0.118738
0.170125
0.215148
0.187338
0.174942
0.121508
0.130848
0.146990
0.132530
0.250551
0.176894
0.119474
0.155892
0.104900
0.073795
0.076460
0.104512
0.180286
0.179314
0.125806
0.122212
0.265460
0.422357
0.363679
0.613324
0.249868
0.283628
0.203022
0.234268
0.335657
0.300586
0.155213
0.203697
0.497768
0.192418
0.088111
0.079230
0.066194
0.120243
0.079518
0.095131
0.096778
0.176623
0.224974
0.184143
0.127839
0.170143
0.196351
0.159473
0.109777
0.233957
0.194799
0.342862
0.365847
0.352842
0.197094
0.134978
0.183974
0.136731
0.087956
0.092659
0.099392
0.081556
0.096852
0.109749
0.100278
0.198476
0.160770
0.145153
0.310035
0.181598
0.228499
0.301308
0.146020
0.187875
0.402675
0.327800
0.289203
0.431465
0.557417
0.579212
0.298105
0.258186
0.175501
0.160153
0.173079
0.135637
0.166156
0.126084
0.153455
0.484336
0.391981
0.159050
0.188945
0.198073
0.160524
0.232100
0.283217
0.500106
0.345373
0.402995
0.359825
0.238631
0.222406
0.324595
0.312098
0.183180
0.214860
0.185819
0.176014
0.144734
0.148743
0.154734
0.105931
0.233307
0.189993
0.152429
0.180316
0.231687
0.133147
0.126142
0.144229
0.253739
0.285978
0.566229
0.461502
0.405458
0.552532
0.478775
0.297166
0.348836
0.243029
0.136443
0.213454
0.084715
0.127640
0.126774
0.239492
0.237476
0.222687
0.202782
0.190328
0.149802
0.197806
0.255734
0.412632
0.183585
0.268920
0.251933
0.209380
0.191503
0.166782
0.170499
0.271848
0.144790
0.248642
0.121104
0.092302
0.144525
0.108114
0.133560
0.141100
0.164406
0.110622
0.113870
0.298694
0.137683
0.194515
0.180685
0.431057
0.371153
0.286555
0.254634
0.171213
0.109585
0.098303
0.140298
0.106889
0.093428
0.063090
0.110996
0.106140
0.103524
0.116559
0.149092
0.131848
0.098689
0.129586
0.093684
0.085556
0.152828
0.119949
0.138770
0.230297
0.566016
0.116484
0.095051
0.084755
0.071935
0.228387
0.084043
0.112988
0.144209
0.117076
0.091451
0.094349
0.074091
0.084462
0.068557
0.094145
0.087067
0.111785
0.179551
0.140973
0.150082
0.157849
0.135834
0.131537
0.127497
0.117916
0.158091
0.194436
0.138551
0.100289
0.114988
0.155261
0.114458
0.078136
0.115993
0.060250
0.090115
0.079662
0.081957
0.110936
0.190200
0.266915
0.128162
0.088765
0.211713
0.112584
0.188466
0.212308
0.257807
0.382609
0.364611
0.328275
0.284711
0.173321
0.186520
0.182797
0.241700
0.156605
0.231807
0.124215
0.180169
0.154717
0.123339
0.136271
0.160158
0.204388
0.192022
0.137934
0.144571
0.139810
0.165427
0.135881
0.165701
0.114350
0.121966
0.110025
0.166292
0.188629
0.380107
0.204810
0.102612
0.072888
0.062512
0.071216
0.132958
0.070831
0.062517
0.128057
0.128022
0.154676
0.093561
0.186965
0.094632
0.102319
0.153673
0.124350
0.155690
0.183223
0.261533
0.270815
0.310612
0.286079
0.482704
0.205444
0.186059
0.120741
0.145149
0.149131
0.136446
0.097897
0.085438
0.085075
0.529713
0.339809
0.126831
0.267708
0.237667
0.262037
0.242083
0.446856
0.334267
0.495183
0.467677
0.489344
0.455446
0.246725
0.382850
0.335007
0.209245
0.141446
0.133538
0.192217
0.164530
0.144840
0.146025
0.138106
0.227751
0.253814
0.208806
0.246728
0.443766
0.495099
0.312890
0.362909
0.478943
0.446529
0.399684
0.304027
0.466178
0.225098
0.494520
0.395184
0.240406
0.183486
0.142572
0.196775
0.092500
0.112876
0.231136
0.304446
0.261963
0.285707
0.500497
0.784447
0.416503
0.367179
0.521583
0.287904
0.306439
0.247579
0.378847
0.309770
0.560591
0.444511
0.352251
0.570574
0.329982
0.182883
0.117810
0.128761
0.125591
0.094866
0.162871
0.082979
0.330362
0.129706
0.090657
0.119937
0.140968
0.136793
0.161501
0.170844
0.184175
0.150100
0.238277
0.187007
0.206353
0.134630
0.135610
0.145091
0.098777
0.074373
0.164477
0.118888
0.160820
0.082145
0.069173
0.060366
0.151880
0.200006
0.054513
0.110029
0.118649
0.108407
0.107892
0.141055
0.122405
0.129324
0.116999
0.099536
0.149037
0.104430
0.185935
0.125020
0.146242
0.071808
0.128072
0.102121
0.066219
0.064111
0.086604
0.112305
0.437235
0.101618
0.188938
0.160042
0.136833
0.092441
0.078158
0.099412
0.124672
0.215909
0.125633
0.080152
0.118062
0.107910
0.198028
0.085139
0.104421
0.075464
0.059858
0.066046
0.055208
0.071074
0.108722
0.099823
0.144247
0.103716
0.098798
0.051889
0.054028
0.085064
0.089121
0.087895
0.065970
0.091513
0.068558
0.050577
0.099900
0.113929
0.466968
0.239386
0.181211
0.066793
0.057217
0.060007
0.058817
0.067185
0.080905
0.107705
0.467370
0.178329
0.139171
0.110141
0.118005
0.090763
0.161008
0.078962
0.088778
0.153910
0.122027
0.118001
0.076818
0.117438
0.113723
0.061031
0.091974
0.081100
0.157442
0.042150
0.058947
0.036655
0.043634
0.058117
0.100406
0.198376
0.131371
0.110326
0.083362
0.105249
0.216563
0.117793
0.139182
0.159876
0.073897
0.069117
0.085011
0.094566
0.102034
0.112933
0.073645
0.151403
0.069542
0.063066
0.107376
0.071841
0.092163
0.124950
0.093948
0.079489
0.090504
0.117188
0.098822
0.258779
0.172907
0.181330
0.232068
0.305991
0.342291
0.191900
0.115757
0.106602
0.195880
0.085230
0.106614
0.093578
0.094713
0.075681
0.080337
0.089291
0.153509
0.092427
0.182336
0.216892
0.122468
0.105531
0.142083
0.118386
0.107127
0.091483
0.114043
0.099376
0.170344
0.110555
0.285903
0.241480
0.388412
0.291755
0.194413
0.151377
0.221675
0.081043
0.136247
0.111227
0.105816
0.169353
0.375381
0.165559
0.130586
0.095129
0.096928
0.120613
0.154708
0.182705
0.130145
0.146408
0.148032
0.091957
0.109291
0.108633
0.112059
0.116641
0.097307
0.074548
0.050239
0.045989
0.078942
0.061439
0.059654
0.048656
0.136865
0.120797
0.137198
0.159618
0.160474
0.064028
0.078265
0.092148
0.077388
0.071714
0.088836
0.100316
0.177998
0.218391
0.210670
0.166534
0.102655
0.093464
0.061791
0.083675
0.069778
0.059898
0.082970
0.052069
0.151767
0.160087
0.148395
0.150379
0.173932
0.211508
0.143182
0.110222
0.266866
0.152000
0.133294
0.126689
0.176975
0.169667
0.129646
0.152294
0.079357
0.113644
0.060777
0.053704
0.054598
0.089330
0.114006
0.098168
0.466926
0.184171
0.151514
0.217776
0.104007
0.158125
0.173600
0.119633
0.105711
0.225309
0.179041
0.119251
0.076681
0.092091
0.090063
0.132893
0.057857
0.090157
0.062047
0.070230
0.086644
0.069548
0.109877
0.166289
0.119996
0.143475
0.124400
0.117206
0.149456
0.200215
0.138598
0.101536
0.176561
0.097067
0.271851
0.064129
0.135608
0.089821
0.083447
0.202744
0.112550
0.147060
0.219858
0.142143
0.073242
0.074007
0.069046
0.127917
0.128579
0.086193
0.130594
0.096783
0.096104
0.102886
0.073242
0.123183
0.112464
0.236628
0.125884
0.134018
0.091254
0.136501
0.148930
0.162885
0.124753
0.096383
0.073774
0.068135
0.079351
0.091055
0.084437
0.071494
0.098358
0.156990
0.144944
0.080160
0.083575
0.122332
0.079530
0.081901
0.125671
0.075748
0.350995
0.224208
0.225903
0.135056
0.116206
0.234631
0.104721
0.063694
0.107705
0.083403
0.079124
0.094043
0.112138
0.166577
0.296138
0.166075
0.070624
0.066328
0.061128
0.073120
0.158148
0.134831
0.158605
0.176406
0.394571
0.190716
0.322235
0.355146
0.226136
0.135418
0.123384
0.118540
0.076422
0.048879
0.076689
0.094638
0.075384
0.100095
0.499301
0.214220
0.114334
0.175691
0.093116
0.165082
0.181912
0.344661
0.088908
0.100880
0.127275
0.119506
0.107727
0.268710
0.114810
0.100257
0.132915
0.090321
0.076410
0.084141
0.076448
0.097841
0.067673
0.123758
0.126005
0.130838
0.132324
0.173227
0.074424
0.090919
0.088018
0.110274
0.099685
0.082963
0.089193
0.121569
0.265806
0.159663
0.339956
0.136767
0.099946
0.070790
0.067149
0.129050
0.106039
0.160589
0.108709
0.168756
0.297208
0.135925
0.084159
0.091460
0.179218
0.148927
0.129147
0.156707
0.115677
0.085750
0.188173
0.191007
0.101904
0.171761
0.143420
0.126971
0.129572
0.076668
0.081227
0.073315
0.066574
0.048553
0.074578
0.124622
0.250842
0.129932
0.166554
0.078140
0.107126
0.136590
0.112938
0.103416
0.091338
0.110953
0.151625
0.153805
0.119993
0.193226
0.140736
0.084506
0.059421
0.100944
0.091617
0.106220
0.076470
0.074337
0.140579
0.069652
0.105411
0.160337
0.116443
0.126202
0.117329
0.086226
0.104106
0.097240
0.098449
0.110720
0.084682
0.120505
0.148689
0.120749
0.560640
0.232744
0.105991
0.076706
0.118040
0.123027
0.092156
0.068879
0.093300
0.103452
0.166514
0.163867
0.099441
0.149686
0.160924
0.168925
0.158699
0.072993
0.092874
0.111286
0.183169
0.204400
0.089209
0.108502
0.086830
0.104123
0.130136
0.072856
0.103249
0.081585
0.047099
0.064691
0.088444
0.070147
0.132586
0.148405
0.100297
0.063819
0.080653
0.179589
0.078642
0.059509
0.110138
0.127708
0.122049
0.137482
0.149086
0.242419
0.299970
0.140632
0.133895
0.061178
0.052666
0.078244
0.048367
0.093348
0.077795
0.149514
0.366964
0.309597
0.084065
0.083134
0.111776
0.139569
0.165719
0.134464
0.120287
0.098994
0.124671
0.139913
0.141673
0.166524
0.152413
0.097035
0.142803
0.086915
0.055523
0.076597
0.086198
0.069611
0.051427
0.108105
0.283435
0.190111
0.141158
0.099833
0.080539
0.087099
0.099387
0.088761
0.106019
0.096013
0.137909
0.139144
0.119991
0.183261
0.373736
0.465000
0.149433
0.138102
0.063020
0.088024
0.108100
0.083238
0.051223
0.067001
0.429139
0.245862
0.087438
0.149628
0.158662
0.081300
0.100063
0.108824
0.123425
0.124985
0.105342
0.102861
0.123449
0.139973
0.142238
0.286145
0.098880
0.097027
0.090785
0.083186
0.081182
0.107153
0.088370
0.127265
0.196286
0.140664
0.123450
0.208622
0.210316
0.202442
0.179288
0.386242
0.284860
0.164247
0.164564
0.137736
0.144974
0.158004
0.198701
0.081328
0.109751
0.068706
0.045121
0.055038
0.081917
0.051361
0.080176
0.190165
0.107493
0.057007
0.168557
0.059898
0.126891
0.102960
0.108027
0.070287
0.134004
0.317799
0.087111
0.107961
0.156626
0.295259
0.091304
0.184796
0.108518
0.096328
0.090319
0.122909
0.096741
0.088624
0.098672
0.112281
0.128835
0.166094
0.112011
0.074424
0.086101
0.064996
0.109872
0.090020
0.111120
0.144558
0.221777
0.194931
0.218194
0.305318
0.292878
0.147466
0.127151
0.081467
0.102230
0.082274
0.088084
0.055146
0.075171
0.123236
0.369177
0.276295
0.116676
0.127201
0.114953
0.158601
0.136734
0.128878
0.070966
0.111378
0.457799
0.231388
0.198501
0.189504
0.108902
0.151745
0.181627
0.088478
0.082668
0.111751
0.070257
0.128437
0.084394
0.100148
0.429738
0.336537
0.094054
0.071541
0.104617
0.075951
0.125931
0.143917
0.062368
0.063548
0.072975
0.138114
0.103412
0.089208
0.297285
0.273771
0.122910
0.057641
0.080076
0.090858
0.104302
0.143317
0.078737
0.099346
0.109586
0.247057
0.108827
0.104941
0.094784
0.091380
0.135039
0.134112
0.078861
0.107333
0.212605
0.134237
0.251833
0.191289
0.371978
0.178271
0.084796
0.080448
0.120641
0.067267
0.077398
0.144864
0.100559
0.117066
0.246931
0.246846
0.244132
0.106771
0.159812
0.151888
0.118230
0.151408
0.136462
0.143331
0.270084
0.238868
0.265674
0.152666
0.179821
0.163070
0.155387
0.180313
0.066585
0.096851
0.073290
0.082027
0.094701
0.201828
0.209052
0.089099
0.166553
0.283818
0.232505
0.181679
0.134585
0.128711
0.133737
0.201818
0.263478
0.191256
0.169949
0.129030
0.198305
0.147368
0.128364
0.122198
0.112478
0.100941
0.129039
0.111040
0.163649
0.176303
0.157939
0.086812
0.131263
0.079886
0.456187
0.202125
0.198395
0.096298
0.126589
0.086244
0.100359
0.340132
0.271824
0.142033
0.141663
0.132599
0.104513
0.098782
0.076300
0.084127
0.148034
0.071536
0.068204
0.169023
0.285563
0.177797
0.160040
0.174906
0.180508
0.184106
0.094722
0.110381
0.139891
0.171791
0.126420
0.228704
0.266334
0.113986
0.431665
0.151586
0.146685
0.067123
0.102959
0.058176
0.103103
0.136602
0.125878
0.126677
0.156403
0.109956
0.065883
0.059641
0.160756
0.099734
0.116308
0.050100
0.118175
0.090121
0.126592
0.086580
0.151493
0.099560
0.210315
0.134063
0.109507
0.121042
0.063161
0.065433
0.073373
0.067897
0.074791
0.079984
0.229753
0.107900
0.126956
0.181605
0.147486
0.124465
0.253588
0.205672
0.165567
0.102230
0.158015
0.121484
0.117263
0.235482
0.229774
0.254340
0.121514
0.136696
0.067875
0.085898
0.078662
0.137535
0.133524
0.089646
0.358207
0.156015
0.196646
0.138175
0.072974
0.152522
0.078639
0.099643
0.100021
0.133778
0.113901
0.177693
0.121811
0.232351
0.147915
0.171235
0.096310
0.109147
0.097432
0.148589
0.164969
0.092920
0.117238
0.111839
0.186859
0.199647
0.124306
0.181067
0.175777
0.131813
0.150602
0.082103
0.068482
0.128440
0.496973
0.148174
0.321569
0.140485
0.139652
0.157791
0.146396
0.099213
0.095810
0.080761
0.089546
0.142445
0.078389
0.161512
0.219812
0.123581
0.153705
0.139803
0.272765
0.268639
0.158879
0.146581
0.156050
0.126330
0.220350
0.182190
0.089314
0.139221
0.111249
0.169750
0.134216
0.179830
0.104874
0.100495
0.075266
0.123768
0.128956
0.075791
0.180329
0.215107
0.165018
0.113696
0.204317
0.205469
0.196516
0.154370
0.292771
0.361845
0.292435
0.153695
0.170350
0.086258
0.160439
0.146062
0.590199
0.143529
0.065450
0.071753
0.106315
0.090094
0.101532
0.091014
0.095974
0.161698
0.236501
0.163764
0.115274
0.157962
0.265228
0.120869
0.111148
0.106356
0.144223
0.272461
0.247566
0.129415
0.289247
0.233357
0.082668
0.081124
0.110487
0.047546
0.091550
0.059369
0.089313
0.088848
0.121408
0.480261
0.219913
0.105379
0.150745
0.151851
0.091420
0.170412
0.121470
0.098572
0.105311
0.212163
0.199303
0.165543
0.168330
0.122884
0.287332
0.137094
0.078732
0.105845
0.109891
0.109294
0.109724
0.094956
0.155606
0.174151
0.118916
0.117165
0.131061
0.172927
0.120173
0.083697
0.123495
0.145871
0.120282
0.158854
0.123924
0.152336
0.191494
0.466684
0.310552
0.114259
0.133963
0.128252
0.076923
0.092780
0.108098
0.081317
0.174827
0.144484
0.172692
0.153361
0.123298
0.055349
0.071651
0.149568
0.141983
0.104817
0.191972
0.205835
0.165311
0.192477
0.404281
0.204108
0.247150
0.086917
0.098401
0.071887
0.192942
0.096902
0.166190
0.110496
0.184647
0.480489
0.225490
0.137784
0.145402
0.117957
0.176324
0.112090
0.166376
0.111110
0.163774
0.453188
0.302531
0.120454
0.129096
0.154583
0.207183
0.138018
0.096460
0.083893
0.068158
0.098020
0.148483
0.104590
0.137853
0.232613
0.203519
0.197229
0.110255
0.160282
0.136853
0.093874
0.072965
0.108740
0.287435
0.227240
0.096137
0.119143
0.101393
0.100470
0.235455
0.093029
0.073438
0.088996
0.085563
0.096880
0.096087
0.113612
0.215620
0.162954
0.175772
0.138554
0.088512
0.096358
0.141705
0.112108
0.218236
0.103210
0.111345
0.152634
0.149521
0.095683
0.330545
0.342523
0.324684
0.128811
0.086569
0.100399
0.058612
0.155346
0.098347
0.058370
0.241219
0.507087
0.191556
0.169712
0.148642
0.236987
0.121166
0.164729
0.084752
0.148987
0.106741
0.152561
0.110333
0.127364
0.116271
0.086776
0.133167
0.140691
0.077048
0.072206
0.101697
0.093477
0.068555
0.096251
0.145739
0.215593
0.189111
0.101073
0.094914
0.131233
0.118177
0.135796
0.158272
0.139811
0.135788
0.182679
0.514975
0.204219
0.215728
0.506789
0.467071
0.098789
0.109313
0.135601
0.099651
0.110703
0.071627
0.086038
0.103215
0.254532
0.132857
0.113325
0.145571
0.176071
0.186941
0.200907
0.174213
0.089312
0.172816
0.163636
0.194441
0.428468
0.247290
0.594761
0.136517
0.128483
0.134949
0.090713
0.067286
0.075645
0.076875
0.159876
0.077254
0.346706
0.170038
0.175497
0.201208
0.138664
0.144906
0.153914
0.231371
0.197242
0.194947
0.207282
0.289135
0.168722
0.400465
0.440964
0.331773
0.360604
0.199785
0.125866
0.091992
0.064074
0.074243
0.102755
0.400338
0.476944
0.204505
0.139975
0.092209
0.127778
0.142228
0.203986
0.395215
0.110127
0.167265
0.137544
0.118185
0.191881
0.084861
0.168003
0.132628
0.116308
0.078498
0.063146
0.083081
0.092630
0.144790
0.113886
0.114223
0.208847
0.131636
0.125166
0.203405
0.109776
0.097906
0.181310
0.094049
0.193179
0.144361
0.484597
0.185131
0.167882
0.133742
0.193961
0.137716
0.137136
0.145342
0.184814
0.086162
0.111793
0.098379
0.100589
0.145149
0.152204
0.231786
0.169293
0.094217
0.188087
0.235072
0.151112
0.117984
0.360181
0.215290
0.145834
0.289809
0.291866
0.181968
0.275381
0.295543
0.127539
0.107988
0.073485
0.071062
0.112081
0.103838
0.126929
0.130977
0.266677
0.193865
0.173083
0.122706
0.162584
0.201897
0.091567
0.092042
0.079012
0.121606
0.214143
0.162182
0.132294
0.315411
0.106182
0.114969
0.096389
0.143710
0.077407
0.073566
0.074363
0.069393
0.086628
0.095324
0.279811
0.234638
0.146955
0.061901
0.058797
0.087445
0.079437
0.113772
0.204882
0.092812
0.105616
0.151357
0.128101
0.116077
0.108904
0.181016
0.149265
0.108061
0.104121
0.148170
0.071457
0.096037
0.086759
0.108928
0.088449
0.162013
0.111351
0.261070
0.293518
0.133877
0.089217
0.069688
0.083818
0.143128
0.261769
0.182899
0.108565
0.116552
0.154041
0.122377
0.105351
0.133655
0.091553
0.066258
0.114156
0.075261
0.183760
0.078693
0.140633
0.127226
0.584618
0.279187
0.286834
0.229918
0.093894
0.058056
0.075000
0.132144
0.095065
0.112967
0.098600
0.121553
0.069743
0.089619
0.086575
0.097273
0.059375
0.102904
0.060369
0.098622
0.052510
0.085250
0.072624
0.093283
0.098647
0.093395
0.091779
0.106020
0.142097
0.117310
0.098565
0.160729
0.137052
0.159193
0.175215
0.133058
0.157526
0.096558
0.107733
0.097981
0.108663
0.120334
0.089720
0.125586
0.072175
0.133296
0.111100
0.224452
0.147438
0.085964
0.106186
0.164024
0.118475
0.113409
0.090482
0.105032
0.171175
0.147025
0.198530
0.173934
0.126061
0.224440
0.079920
0.071438
0.097552
0.093308
0.111153
0.120890
0.096406
0.166254
0.214104
0.117257
0.104752
0.118430
0.132668
0.150045
0.133028
0.102168
0.079525
0.126796
0.149113
0.133762
0.182567
0.180527
0.434874
0.127955
0.128752
0.103720
0.093194
0.075379
0.128600
0.079458
0.105317
0.124348
0.185193
0.188261
0.210635
0.096216
0.158009
0.127789
0.132001
0.077267
0.173467
0.079399
0.127178
0.118799
0.162456
0.293455
0.258929
0.136568
0.163243
0.110622
0.107485
0.050019
0.060817
0.093306
0.095246
0.079772
0.200257
0.284837
0.096642
0.098520
0.112400
0.144561
0.078865
0.057546
0.050556
0.163181
0.106096
0.129990
0.166576
0.138112
0.135038
0.256131
0.222635
0.221700
0.234347
0.111327
0.118795
0.096592
0.139244
0.076876
0.292197
0.147677
0.172083
0.097199
0.095461
0.085202
0.076349
0.119417
0.096085
0.078739
0.202043
0.125714
0.117310
0.142668
0.204234
0.212981
0.103483
0.114077
0.065383
0.094147
0.107573
0.075124
0.167898
0.140696
0.181941
0.114471
0.095154
0.066385
0.115466
0.062495
0.121162
0.072486
0.114690
0.063240
0.152064
0.147207
0.099949
0.092414
0.077333
0.122262
0.170383
0.083581
0.089699
0.076765
0.075978
0.088589
0.100730
0.159745
0.130663
0.155239
0.147189
0.147643
0.173799
0.133929
0.092297
0.072797
0.141763
0.078586
0.130907
0.104769
0.138406
0.172275
0.118292
0.108152
0.063601
0.071264
0.103140
0.049607
0.089174
0.083798
0.071830
0.126402
0.269951
0.221850
0.139347
0.147094
0.154629
0.165941
0.162488
0.152370
0.189434
0.118396
0.125325
0.145928
0.125279
0.132640
0.106777
0.155139
0.095703
0.123857
0.081436
0.081134
0.072435
0.114057
0.056698
0.165546
0.109944
0.122550
0.112173
0.190009
0.118031
0.139847
0.089286
0.114707
0.092873
0.380369
0.174595
0.092598
0.102969
0.120631
0.109056
0.129026
0.055627
0.082798
0.131864
0.090006
0.070639
0.062197
0.106211
0.092681
0.162338
0.101434
0.066225
0.102488
0.114720
0.129999
0.111666
0.102039
0.090104
0.153192
0.214096
0.369739
0.143547
0.088671
0.367430
0.137244
0.066371
0.054601
0.059461
0.110873
0.063544
0.134098
0.095886
0.189238
0.415969
0.302741
0.066250
0.172552
0.090669
0.054576
0.105144
0.086685
0.071365
0.138824
0.142805
0.168814
0.249117
0.272590
0.363698
0.191621
0.188616
0.086154
0.075916
0.072224
0.175236
0.078351
0.078299
0.077856
0.321037
0.156747
0.115296
0.184349
0.104035
0.097041
0.150418
0.204473
0.135115
0.198840
0.142494
0.153199
0.324682
0.166387
0.451041
0.146099
0.116997
0.121021
0.106674
0.069899
0.079074
0.142048
0.097913
0.133103
0.498303
0.221795
0.103072
0.161591
0.122154
0.124079
0.116663
0.120944
0.110499
0.172106
0.219470
0.118072
0.156739
0.172951
0.129006
0.236590
0.154907
0.122313
0.077458
0.120642
0.102301
0.095584
0.083285
0.149931
0.567340
0.475323
0.107279
0.117136
0.130165
0.178825
0.080979
0.112859
0.130971
0.251476
0.147268
0.108127
0.131229
0.115722
0.234222
0.263866
0.155794
0.103468
0.083585
0.077422
0.079887
0.160250
0.098343
0.091059
0.123457
0.163036
0.127359
0.267570
0.327155
0.157004
0.094985
0.108895
0.101501
0.098717
0.156170
0.109321
0.141940
0.135270
0.149182
0.109264
0.120320
0.249758
0.073777
0.088272
0.070725
0.107180
0.076181
0.134689
0.254558
0.202155
0.146890
0.371129
0.546000
0.269121
0.122775
0.093929
0.106738
0.139846
0.142320
0.132220
0.202170
0.095381
0.079721
0.131071
0.120624
0.107698
0.067034
0.069837
0.071500
0.122084
0.078249
0.144918
0.126630
0.109621
0.124630
0.205144
0.155375
0.140266
0.105030
0.120789
0.082556
0.133626
0.144037
0.132439
0.214804
0.659082
0.238496
0.071124
0.130680
0.096790
0.098650
0.078833
0.159720
0.077410
0.124989
0.141696
0.270132
0.179467
0.100580
0.074776
0.107565
0.119240
0.187651
0.150058
0.090847
0.188911
0.200532
0.159576
0.197935
0.774541
0.310233
0.182177
0.167712
0.117745
0.091858
0.084632
0.080816
0.060294
0.164874
0.149206
0.352605
0.256927
0.101745
0.126621
0.122619
0.221854
0.159762
0.132086
0.174097
0.406738
0.192174
0.109530
0.126684
0.136732
0.220159
0.142009
0.137822
0.211907
0.095802
0.133189
0.097897
0.104978
0.095993
0.092501
0.280841
0.266834
0.119700
0.139346
0.210875
0.133502
0.140598
0.150053
0.173515
0.277526
0.354881
0.196982
0.126273
0.157422
0.122650
0.201799
0.150941
0.123100
0.095779
0.148720
0.099612
0.064819
0.115233
0.188485
0.395573
0.253429
0.207777
0.071153
0.224942
0.171839
0.109039
0.099649
0.114164
0.145807
0.249001
0.163560
0.137571
0.122493
0.402373
0.538461
0.106701
0.166397
0.103694
0.142192
0.086977
0.051994
0.107730
0.123371
0.288030
0.213381
0.132075
0.178469
0.232195
0.243338
0.265528
0.200318
0.159919
0.184375
0.154509
0.220615
0.236870
0.174649
0.183320
0.230450
0.190566
0.119589
0.137060
0.128493
0.101282
0.118257
0.081259
0.094954
0.212619
0.174816
0.165365
0.083498
0.211379
0.131579
0.132185
0.121221
0.413935
0.200283
0.182957
0.174915
0.699141
0.440240
0.423642
0.206256
0.177282
0.070181
0.143538
0.175785
0.078214
0.111516
0.123073
0.200529
0.649509
0.167647
0.086030
0.094305
0.124148
0.161141
0.141087
0.177322
0.114977
0.239987
0.163288
0.336131
0.217077
0.491144
0.178349
0.151158
0.176572
0.120245
0.073058
0.212040
0.096683
0.138499
0.104222
0.135418
0.283097
0.233882
0.079772
0.161977
0.213511
0.125199
0.092569
0.106156
0.112297
0.351863
0.213966
0.408606
0.377084
0.186995
0.223350
0.232937
0.196234
0.131813
0.104297
0.082713
0.169895
0.092109
0.074278
0.122316
0.446651
0.277155
0.124038
0.220950
0.151625
0.129009
0.191795
0.103316
0.149085
0.190507
0.241961
0.215971
0.259015
0.238624
0.179246
0.216106
0.215952
0.101966
0.147286
0.096614
0.083752
0.126929
0.105149
0.120848
0.308310
0.199737
0.319286
0.159975
0.230006
0.169189
0.182348
0.134707
0.344439
0.231079
0.178335
0.159487
0.208981
0.228099
0.188851
0.216817
0.175066
0.172810
0.144341
0.106418
0.160002
0.118091
0.097956
0.238148
0.184081
0.314194
0.188244
0.806332
0.430522
0.118315
0.377160
0.079052
0.092431
0.203905
0.250470
0.254695
0.119033
0.143161
0.137714
0.135017
0.194649
0.107774
0.100980
0.125198
0.131867
0.139684
0.229618
0.141502
0.155145
0.205077
0.109257
0.193043
0.131414
0.224166
0.209982
0.139919
0.111173
0.231169
0.126220
0.122059
0.098086
0.121478
0.171077
0.167236
0.100916
0.086352
0.100887
0.115741
0.131832
0.094089
0.124185
0.169842
0.193004
0.140425
0.187744
0.127667
0.172512
0.219006
0.244355
0.145403
0.211814
0.302131
0.216083
0.141319
0.124746
0.177957
0.120203
0.088832
0.256393
0.113565
0.139208
0.116335
0.084349
0.136634
0.128645
0.096679
0.161178
0.160800
0.182234
0.193835
0.115752
0.139534
0.126275
0.084338
0.162322
0.174050
0.128470
0.174675
0.177913
0.169263
0.136789
0.221676
0.139611
0.196602
0.117321
0.131727
0.129528
0.107190
0.171405
0.120098
0.344113
0.205813
0.118069
0.171829
0.120957
0.183124
0.141678
0.139323
0.157505
0.267214
0.351427
0.315456
0.216238
0.247002
0.408870
0.377333
0.235603
0.173723
0.185740
0.224986
0.209507
0.171551
0.209312
0.222713
0.236819
0.207825
0.276338
0.205257
0.184121
0.265839
0.294691
0.264974
0.370092
0.223643
0.374543
0.217463
0.229461
0.195170
0.312248
0.234996
0.170445
0.149652
0.211906
0.130457
0.147048
0.125060
0.144966
0.148969
0.277070
0.203586
0.141085
0.284719
0.197846
0.217908
0.263325
0.141386
0.107834
0.152659
0.290072
0.313524
0.219790
0.153879
0.211408
0.325001
0.262177
0.153623
0.217605
0.138678
0.191724
0.194892
0.130639
0.197370
0.327413
0.401832
0.209949
0.169100
0.267636
0.362038
0.441415
0.468655
0.309751
0.158658
0.445141
0.748333
0.271656
0.294316
0.179292
0.213906
0.307136
0.150423
0.114268
0.121728
0.220967
0.099480
0.147049
0.117528
0.315100
0.432617
0.545383
0.276505
0.132431
0.332604
0.194226
0.163183
0.185007
0.175425
0.199093
0.153351
0.244824
0.246617
0.178905
0.161844
0.122116
0.171051
0.153051
0.119284
0.158633
0.159069
0.183060
0.136104
0.164941
0.155656
0.184298
0.378017
0.191630
0.735790
0.191737
0.151075
0.214651
0.210720
0.175857
0.212540
0.238591
0.146791
0.252711
0.109674
0.133106
