0.108753
0.100659
0.099373
0.114702
0.101731
0.105483
0.123493
0.159779
0.157796
0.297315
0.164657
0.160315
0.156563
0.174358
0.310018
0.177199
0.202712
0.296243
0.533848
0.329153
0.520662
0.358471
0.263279
0.139143
0.138875
0.133301
0.116578
0.121081
0.137375
0.137589
0.124511
0.135499
0.281985
0.553680
0.726376
0.650265
0.454735
0.241518
0.240232
0.399796
0.464973
0.418181
0.329849
0.313877
0.418663
0.566490
0.322346
0.140805
0.148845
0.138822
0.124297
0.131104
0.142091
0.121402
0.244734
0.395508
0.314734
0.261403
0.171142
0.157742
0.125261
0.146701
0.181219
0.222812
0.207214
0.363349
0.379375
0.442354
0.281074
0.454146
0.244573
0.181969
0.150292
0.146540
0.172107
0.150935
0.191188
0.162138
0.309053
0.437369
0.165514
0.174037
0.170928
0.180308
0.143271
0.158439
0.170124
0.322935
0.309642
0.394812
0.441175
0.515731
0.299727
0.431045
0.319237
0.230905
0.204106
0.135016
0.145522
0.153347
0.139251
0.140537
0.277590
0.472745
0.258991
0.248432
0.382055
0.353889
0.363140
0.360546
0.364083
0.457405
0.469309
0.691022
0.746701
0.646937
0.572359
0.715935
0.526826
0.388031
0.318634
0.283935
0.266586
0.257911
0.253574
0.251405
0.250321
0.249778
0.249507
0.249372
0.249236
0.300155
0.143431
0.154794
0.130300
0.145736
0.194619
0.222651
0.270944
0.225117
0.441282
0.446964
0.373372
0.166908
0.174680
0.151525
0.147398
0.168248
0.174894
0.158171
0.228011
0.329635
0.192314
0.279305
0.369138
0.503350
0.759393
0.651712
0.540065
0.358311
0.272873
0.294367
0.345018
0.391488
0.411963
0.492952
0.322828
0.168462
0.189527
0.159029
0.159833
0.187061
0.146862
0.155277
0.155545
0.179289
0.222865
0.446320
0.741920
0.796698
0.494774
0.330278
0.545372
0.458809
0.450876
0.589698
0.586053
0.289328
0.408104
0.293188
0.412392
0.147987
0.170392
0.131854
0.138607
0.161870
0.138393
0.133623
0.169159
0.295117
0.214450
0.252399
0.207322
0.232567
0.135606
0.212467
0.267353
0.186579
0.402369
0.299298
0.246503
0.304819
0.350056
0.242429
0.215522
0.163049
0.134695
0.147880
0.151043
0.135177
0.137643
0.139572
0.305515
0.448196
0.248218
0.212628
0.139894
0.181594
0.185024
0.187544
0.252506
0.168891
0.156563
0.254543
0.481160
0.408908
0.350163
0.576995
0.223884
0.156992
0.160744
0.135392
0.153615
0.155598
0.129228
0.142949
0.252184
0.346680
0.150989
0.167605
0.149863
0.306909
0.270033
0.183845
0.134373
0.121992
0.134856
0.253953
0.379750
0.302031
0.294045
0.445248
0.315699
0.165407
0.158922
0.142520
0.133676
0.127352
0.154473
0.150614
0.186525
0.350592
0.190974
0.255347
0.247896
0.154312
0.173018
0.330761
0.372782
0.289864
0.147183
0.355148
0.382913
0.345661
0.386021
0.427132
0.275607
0.175913
0.152222
0.137589
0.128477
0.151311
0.119687
0.128799
0.267514
0.388380
0.203516
0.174412
0.177467
0.143378
0.231173
0.157206
0.227850
0.144235
0.160262
0.583534
0.346680
0.246878
0.483036
0.260492
0.433403
0.191671
0.147291
0.166533
0.138339
0.135499
0.164389
0.127620
0.134052
0.144343
0.360401
0.471619
0.444605
0.173125
0.160583
0.352147
0.202873
0.317736
0.459291
0.360026
0.314359
0.256151
0.213164
0.220400
0.310071
0.189741
0.193011
0.261993
0.139358
0.157528
0.138072
0.131318
0.143378
0.137536
0.205338
0.289650
0.558664
0.301281
0.358418
0.173822
0.207697
0.271962
0.229083
0.323739
0.415286
0.284022
0.222008
0.395508
0.354023
0.187758
0.133730
0.132015
0.120545
0.133784
0.114273
0.120545
0.174412
0.325347
0.172643
0.198799
0.192260
0.202230
0.189634
0.454039
0.303532
0.362813
0.359972
0.400118
0.297797
0.357239
0.209841
0.318004
0.413303
0.137482
0.143860
0.120866
0.136517
0.140215
0.132336
0.142627
0.274481
0.397974
0.240500
0.210966
0.187436
0.165353
0.156670
0.281771
0.197674
0.180576
0.204427
0.302246
0.342392
0.427882
0.305087
0.483518
0.308731
0.144503
0.144771
0.115935
0.135284
0.148845
0.125208
0.123814
0.324811
0.496489
0.228065
0.197620
0.146487
0.133730
0.125744
0.137589
0.142038
0.118133
0.159994
0.271533
0.288096
0.353701
0.176181
0.423380
0.230584
0.168730
0.124833
0.111486
0.118561
0.122474
0.125476
0.133194
0.488771
0.573243
0.227314
0.224205
0.123439
0.162459
0.114059
0.157903
0.124993
0.213700
0.164442
0.216005
0.371978
0.301281
0.179396
0.355845
0.325776
0.127941
0.198692
0.174948
0.190974
0.181326
0.105966
0.102696
0.300638
0.469529
0.179557
0.128477
0.266602
0.333709
0.301495
0.159029
0.161816
0.167926
0.212842
0.203623
0.242161
0.332744
0.179825
0.374926
0.248325
0.147934
0.122796
0.093959
0.120116
0.114809
0.090154
0.118722
0.115721
0.115399
0.143646
0.633221
0.614997
0.315002
0.207750
0.141019
0.120813
0.249343
0.261778
0.300477
0.270676
0.225867
0.186632
0.224152
0.306319
0.435601
0.118079
0.112665
0.134373
0.100016
0.126655
0.111808
0.150721
0.140644
0.287667
0.343839
0.488664
0.284076
0.278448
0.310339
0.262797
0.131264
0.138822
0.173769
0.292544
0.470815
0.250683
0.289382
0.379536
0.169159
0.104786
0.150775
0.100498
0.116900
0.135767
0.116953
0.265852
0.428686
0.158118
0.221257
0.311840
0.421986
0.429651
0.334298
0.271265
0.187383
0.294099
0.276465
0.367530
0.197459
0.248057
0.391864
0.138286
0.177574
0.102642
0.117597
0.117382
0.103071
0.089725
0.104894
0.242858
0.366565
0.145522
0.178968
0.171839
0.189366
0.156510
0.157314
0.156617
0.196119
0.166961
0.305515
0.387040
0.319183
0.229405
0.404835
0.232031
0.165997
0.115077
0.130192
0.119365
0.131532
0.123814
0.127566
0.313555
0.318433
0.190063
0.165836
0.195637
0.137964
0.104304
0.110200
0.140751
0.129120
0.129442
0.533258
0.797770
0.264673
0.324704
0.314145
0.133355
0.148952
0.168569
0.195047
0.117865
0.138393
0.120813
0.128424
0.248754
0.602669
0.358579
0.213378
0.198907
0.309589
0.183256
0.296189
0.232942
0.220829
0.289650
0.348984
0.315002
0.263654
0.226028
0.363188
0.400279
0.144450
0.161709
0.130192
0.130246
0.154258
0.133623
0.112987
0.298923
0.502760
0.196012
0.140537
0.143217
0.130943
0.132497
0.134748
0.157099
0.202927
0.259742
0.205553
0.353862
0.453342
0.290508
0.291097
0.275285
0.247521
0.132015
0.128584
0.117650
0.119580
0.134963
0.120223
0.197942
0.392989
0.348931
0.411213
0.238356
0.249504
0.249451
0.382162
0.470279
0.411963
0.430026
0.398510
0.320309
0.422415
0.250308
0.312966
0.400064
0.150239
0.166586
0.135392
0.143378
0.128852
0.139519
0.171464
0.122957
0.178110
0.507638
0.406228
0.512033
0.329903
0.315002
0.296511
0.236480
0.276840
0.461971
0.510639
0.461221
0.352843
0.288524
0.362706
0.339176
0.264834
0.140376
0.131157
0.115238
0.116096
0.136732
0.140108
0.282521
0.518197
0.239696
0.149542
0.144343
0.126923
0.114059
0.167229
0.129817
0.125797
0.147773
0.247199
0.361098
0.318379
0.254489
0.390416
0.212789
0.119794
0.120813
0.127780
0.126762
0.108163
0.108485
0.136839
0.204910
0.487860
0.247307
0.258777
0.306748
0.217881
0.124725
0.194136
0.161226
0.162620
0.224902
0.294903
0.446642
0.328081
0.228225
0.396956
0.273892
0.109718
0.143646
0.120813
0.114863
0.123868
0.129013
0.108324
0.294742
0.560219
0.240928
0.257490
0.161548
0.196012
0.139894
0.256472
0.189902
0.179986
0.145039
0.247575
0.298440
0.481749
0.295117
0.435011
0.266924
0.161709
0.141555
0.147666
0.133837
0.133623
0.149756
0.138715
0.336871
0.457094
0.184113
0.189420
0.142252
0.123225
0.148309
0.168355
0.151418
0.169963
0.139787
0.231012
0.394168
0.471994
0.495900
0.477086
0.147559
0.161709
0.121027
0.155920
0.139572
0.135231
0.162084
0.159297
0.204481
0.418985
0.252613
0.374605
0.347859
0.212038
0.187383
0.235890
0.266120
0.146540
0.386236
0.317414
0.352200
0.315538
0.444766
0.261028
0.137000
0.147398
0.154955
0.137696
0.132176
0.139733
0.147344
0.126655
0.142252
0.308249
0.440157
0.331565
0.195530
0.219167
0.182773
0.262529
0.336281
0.677494
0.619285
0.414000
0.176556
0.163906
0.270944
0.150399
0.133730
0.363510
0.202605
0.142306
0.091279
0.132872
0.098194
0.135124
0.131854
0.182023
0.178485
0.625770
0.567401
0.240017
0.214075
0.290454
0.443104
0.356542
0.259849
0.303103
0.373586
0.355202
0.340837
0.319719
0.278073
0.184596
0.093263
0.123064
0.126601
0.115506
0.109503
0.120705
0.241036
0.468403
0.158493
0.170606
0.183684
0.163317
0.227636
0.185132
0.163531
0.335370
0.322185
0.357078
0.347323
0.205821
0.313287
0.417538
0.183524
0.156081
0.121027
0.119741
0.128906
0.119473
0.119580
0.105322
0.311518
0.432009
0.173876
0.143431
0.156402
0.184006
0.180736
0.187704
0.149435
0.168891
0.254971
0.292491
0.366565
0.463740
0.195851
0.353058
0.368923
0.146326
0.151686
0.163424
0.225599
0.151954
0.123707
0.189152
0.296457
0.490272
0.180361
0.182130
0.150935
0.164121
0.138822
0.133033
0.144664
0.156242
0.147934
0.203516
0.255883
0.239910
0.396902
0.314574
0.149971
0.135874
0.121938
0.149971
0.120598
0.130300
0.122421
0.126333
0.229565
0.405853
0.172589
0.189366
0.125315
0.130621
0.169481
0.178432
0.150239
0.151043
0.193386
0.414536
0.624913
0.400654
0.394812
0.210216
0.300906
0.169802
0.155384
0.113845
0.122957
0.119741
0.124404
0.145790
0.351718
0.561559
0.229833
0.299673
0.159779
0.144879
0.105322
0.094227
0.119151
0.119687
0.113255
0.213539
0.260331
0.213164
0.361955
0.385057
0.138554
0.144343
0.112719
0.110254
0.117061
0.108431
0.104947
0.103071
0.113255
0.141770
0.227797
0.431205
0.176931
0.366726
0.785978
0.377606
0.197781
0.187168
0.393793
0.473870
0.488557
0.273302
0.220721
0.213003
0.334405
0.309374
0.114327
0.157528
0.121724
0.126494
0.123600
0.141448
0.111486
0.165032
0.201319
0.424613
0.457308
0.617355
0.438495
0.234604
0.184756
0.208822
0.183845
0.325293
0.443748
0.362491
0.253042
0.396688
0.370317
0.150935
0.135820
0.135552
0.128799
0.145147
0.141127
0.121081
0.233264
0.347966
0.220721
0.158118
0.148148
0.151471
0.327598
0.288739
0.187329
0.161923
0.221954
0.339765
0.582516
0.280270
0.225009
0.381037
0.220989
0.157796
0.116417
0.129656
0.108538
0.122903
0.143003
0.137536
0.262475
0.315378
0.165085
0.135338
0.102589
0.123171
0.097175
0.121295
0.098301
0.094227
0.165353
0.262850
0.545693
0.430723
0.507745
0.362170
0.153401
0.370638
0.117811
0.152972
0.121134
0.120598
0.114649
0.122474
0.366404
0.189902
0.150667
0.110039
0.114702
0.096371
0.119473
0.231816
0.138018
0.096907
0.126762
0.252291
0.309857
0.345983
0.347216
0.366350
0.136410
0.138715
0.116739
0.097819
0.129924
0.108753
0.110950
0.113148
0.294206
0.552179
0.198960
0.251327
0.228976
0.214665
0.083829
0.152114
0.244734
0.233317
0.221847
0.305033
0.522163
0.315860
0.209305
0.367958
0.325615
0.116042
0.123171
0.112826
0.096479
0.114809
0.115613
0.096747
0.245055
0.328938
0.204213
0.236855
0.237498
0.159618
0.090743
0.096371
0.071180
0.094335
0.119205
0.138768
0.142199
0.140591
0.251327
0.396366
0.334030
0.104304
0.111379
0.124672
0.112933
0.104786
0.107413
0.153026
0.185346
0.244734
0.151150
0.286059
0.302621
0.269925
0.181004
0.160905
0.304175
0.160047
0.367583
0.454253
0.411910
0.300316
0.350056
0.257222
0.161494
0.145683
0.110897
0.119526
0.128584
0.119205
0.116096
0.111594
0.126762
0.166372
0.215254
0.611942
0.242858
0.177842
0.158064
0.127566
0.102482
0.084740
0.236801
0.277376
0.344964
0.281074
0.242697
0.407675
0.364367
0.153401
0.103393
0.123707
0.105322
0.089403
0.123278
0.150292
0.126869
0.447285
0.382269
0.315110
0.440853
0.381626
0.214182
0.402315
0.191992
0.278448
0.266495
0.295278
0.470440
0.294796
0.429758
0.170767
0.290776
0.108431
0.123975
0.113041
0.111969
0.131050
0.117489
0.248057
0.278019
0.492577
0.271801
0.219274
0.275232
0.184060
0.135231
0.119044
0.116578
0.140001
0.130782
0.203998
0.393311
0.779332
0.546551
0.315110
0.228815
0.131425
0.122260
0.105858
0.118454
0.122957
0.112558
0.107734
0.436941
0.418770
0.198210
0.196334
0.129388
0.225063
0.155598
0.164228
0.164603
0.165461
0.152222
0.271265
0.382484
0.322828
0.160369
0.353272
0.128745
0.110468
0.130621
0.110736
0.114595
0.100498
0.140430
0.147130
0.318486
0.195583
0.205660
0.285040
0.319022
0.345661
0.254971
0.170338
0.266870
0.214933
0.241304
0.500188
0.481321
0.354880
0.335638
0.384735
0.154366
0.152758
0.127566
0.104304
0.137643
0.130300
0.112344
0.124404
0.193064
0.337996
0.383395
0.306587
0.199335
0.335852
0.316289
0.393847
0.348180
0.262582
0.319934
0.206625
0.605188
0.428579
0.429812
0.264083
0.194190
0.134212
0.127352
0.122581
0.132604
0.107895
0.118829
0.141931
0.123600
0.264994
0.330975
0.176556
0.154741
0.420057
0.160583
0.156242
0.152382
0.303693
0.149649
0.368387
0.345768
0.253471
0.249933
0.380769
0.313555
0.133784
0.129281
0.124297
0.113416
0.138875
0.097015
0.110629
0.100874
0.131425
0.206464
0.321434
0.325990
0.402423
0.382162
0.376856
0.383824
0.248754
0.246020
0.316664
0.288417
0.319076
0.273409
0.365814
0.129067
0.149971
0.130675
0.111004
0.121081
0.130300
0.121724
0.113148
0.245270
0.511015
0.224366
0.188348
0.286005
0.273141
0.295600
0.164335
0.203195
0.159618
0.235944
0.281610
0.644798
0.521734
0.463311
0.397545
0.160154
0.127244
0.134427
0.108592
0.102053
0.128048
0.107788
0.120973
0.176877
0.404620
0.248271
0.261886
0.282950
0.194083
0.139251
0.128156
0.114702
0.133194
0.175805
0.418449
0.276357
0.295868
0.282629
0.456183
0.273945
0.108538
0.127888
0.112397
0.098676
0.122099
0.110736
0.106984
0.382377
0.271212
0.201211
0.150667
0.134641
0.141663
0.126655
0.135981
0.221043
0.183363
0.117061
0.326580
0.623144
0.474567
0.245163
0.204374
0.377499
0.128209
0.149113
0.108378
0.111326
0.133944
0.103714
0.116578
0.226242
0.408908
0.199818
0.134266
0.128424
0.132765
0.106555
0.101195
0.138929
0.106019
0.110414
0.155116
0.257598
0.444016
0.377338
0.383020
0.151150
0.159297
0.121724
0.123117
0.118025
0.146755
0.125636
0.125904
0.314788
0.499920
0.392507
0.372086
0.368226
0.244841
0.160530
0.096800
0.153240
0.144825
0.106234
0.301656
0.211610
0.248754
0.217881
0.239749
0.392078
0.308624
0.110146
0.157206
0.114863
0.108967
0.123385
0.130675
0.115828
0.318272
0.293616
0.185936
0.182988
0.158493
0.347966
0.367905
0.199067
0.198746
0.213914
0.255829
0.363349
0.254489
0.431259
0.341641
0.325347
0.218041
0.158600
0.178753
0.116042
0.121992
0.117597
0.157206
0.162030
0.160154
0.212896
0.546336
0.493863
0.339122
0.197031
0.185936
0.111915
0.156027
0.229137
0.367583
0.206410
0.338908
0.336174
0.391167
0.165246
0.126440
0.098247
0.088063
0.102214
0.107788
0.094656
0.112880
0.332529
0.473549
0.183899
0.116900
0.132551
0.102374
0.107895
0.140055
0.133087
0.137911
0.144182
0.194297
0.379107
0.363510
0.182452
0.378571
0.217184
0.217505
0.103071
0.146594
0.098194
0.117382
0.114917
0.124565
0.292973
0.380715
0.238356
0.154258
0.146111
0.142145
0.219810
0.313234
0.285362
0.215683
0.133998
0.322131
0.299566
0.482553
0.403923
0.431688
0.157850
0.127620
0.127780
0.131908
0.098837
0.130139
0.105644
0.127780
0.271909
0.369245
0.250415
0.217773
0.267031
0.141984
0.096532
0.136624
0.116578
0.107198
0.146487
0.207214
0.291740
0.297636
0.365278
0.418020
0.176449
0.135820
0.127780
0.120652
0.126065
0.096854
0.114434
0.130568
0.288417
0.436458
0.146755
0.138822
0.117543
0.189580
0.155706
0.135981
0.109021
0.156563
0.167176
0.290186
0.544729
0.327652
0.350163
0.236426
0.380715
0.158225
0.150775
0.107681
0.135767
0.130139
0.135713
0.135124
0.295707
0.487377
0.134802
0.162620
0.130943
0.126172
0.129335
0.138822
0.140698
0.177681
0.134963
0.276250
0.379268
0.377285
0.309535
0.374551
0.335531
0.349681
0.125690
0.141395
0.143699
0.118776
0.125744
0.138929
0.240124
0.205124
0.375409
0.207643
0.307820
0.680710
0.688374
0.569438
0.269336
0.443319
0.507906
0.426328
0.358525
0.385003
0.278984
0.202283
0.262261
0.329903
0.137804
0.133676
0.119473
0.131747
0.146755
0.160369
0.156563
0.171678
0.193279
0.480249
0.557458
0.634668
0.497400
0.738597
0.351235
0.280699
0.449215
0.495096
0.413089
0.372997
0.220721
0.345715
0.202551
0.266066
0.144986
0.119365
0.110843
0.121188
0.172000
0.241196
0.318969
0.270033
0.172268
0.145254
0.293616
0.163531
0.149703
0.110950
0.235193
0.157046
0.293134
0.392989
0.319398
0.410784
0.240017
0.322506
0.120330
0.151203
0.155759
0.126440
0.130514
0.169320
0.128692
0.270354
0.351718
0.192689
0.133516
0.116525
0.151096
0.102214
0.144289
0.126601
0.134748
0.135338
0.202123
0.393364
0.464651
0.451895
0.369030
0.503511
0.257115
0.154741
0.113952
0.116525
0.152490
0.132336
0.150131
0.328134
0.197567
0.156242
0.174733
0.168945
0.262850
0.215683
0.255936
0.231441
0.302996
0.183309
0.285684
0.392239
0.298923
0.463687
0.436351
0.193439
0.114756
0.133248
0.125636
0.115506
0.124082
0.139197
0.122796
0.350539
0.254275
0.211556
0.212735
0.141180
0.138393
0.139304
0.111594
0.096425
0.106180
0.119097
0.195798
0.500992
0.287131
0.380125
0.355470
0.307927
0.152758
0.120491
0.105751
0.130085
0.103446
0.109021
0.120277
0.251273
0.487538
0.191081
0.254060
0.219435
0.196923
0.094442
0.210806
0.125315
0.181540
0.138339
0.428043
0.436351
0.386772
0.257919
0.167390
0.230530
0.190384
0.130675
0.111379
0.106770
0.137375
0.127298
0.111379
0.205178
0.307552
0.190652
0.346680
0.524790
0.672991
0.352200
0.412821
0.163692
0.170499
0.147023
0.155759
0.178887
0.176891
0.188991
0.389291
0.171035
0.283004
0.398885
0.170874
0.122367
0.110522
0.123385
0.132229
0.113309
0.112933
0.165836
0.383770
0.387308
0.339176
0.406335
0.466259
0.340944
0.471887
0.390202
0.491505
0.289221
0.450126
0.197620
0.353701
0.309321
0.165568
0.104786
0.118508
0.099909
0.090797
0.131747
0.112237
0.189420
0.545908
0.198371
0.154580
0.123225
0.172857
0.125047
0.119365
0.184649
0.105966
0.159082
0.377231
0.319719
0.172482
0.378893
0.347537
0.206357
0.138607
0.106555
0.122099
0.123439
0.123600
0.120330
0.282414
0.322453
0.408908
0.168837
0.189473
0.216594
0.200729
0.308839
0.212414
0.123546
0.133248
0.116632
0.306587
0.627110
0.420861
0.323953
0.325133
0.315592
0.162406
0.121027
0.147666
0.112129
0.135016
0.118722
0.138179
0.231816
0.519055
0.235568
0.194029
0.155062
0.140376
0.150024
0.243823
0.141877
0.256365
0.185239
0.207161
0.395616
0.556520
0.213700
0.415662
0.337246
0.120545
0.142681
0.127834
0.123439
0.141395
0.129013
0.112719
0.309267
0.445838
0.165407
0.179611
0.127030
0.112665
0.133033
0.207965
0.228440
0.242376
0.197406
0.448840
0.482607
0.207750
0.188937
0.392400
0.365975
0.127727
0.136303
0.118829
0.105108
0.122474
0.128960
0.110790
0.285791
0.545318
0.262690
0.205285
0.242912
0.183256
0.200783
0.342445
0.157635
0.311947
0.188508
0.397492
0.304175
0.355255
0.283861
0.399153
0.538940
0.128477
0.135445
0.109128
0.124029
0.122903
0.114381
0.132926
0.122903
0.347644
0.178592
0.133891
0.234764
0.337728
0.176663
0.152865
0.227529
0.168569
0.181594
0.181755
0.163906
0.220346
0.166640
0.138447
0.155116
0.125636
0.105054
0.117221
0.121295
0.122689
0.111861
0.107788
0.123493
0.258509
0.233746
0.226457
0.156188
0.196334
0.310822
0.355845
0.474406
0.436565
0.726323
0.560862
0.463472
0.215683
0.298708
0.196387
0.135499
0.160905
0.092941
0.107949
0.117650
0.177253
0.110039
0.100498
0.317200
0.568955
0.297636
0.194243
0.118240
0.133730
0.129924
0.233478
0.161334
0.124886
0.118615
0.354827
0.491237
0.470011
0.188723
0.346787
0.152007
0.133140
0.108270
0.101034
0.101142
0.178968
0.112022
0.122849
0.296028
0.466527
0.172750
0.183631
0.131961
0.235032
0.182559
0.229673
0.129496
0.118669
0.153454
0.236051
0.287292
0.389076
0.395830
0.159618
0.190599
0.276197
0.131586
0.147934
0.125851
0.120491
0.115613
0.139411
0.249183
0.530739
0.303800
0.165514
0.170874
0.145522
0.220882
0.284719
0.261028
0.218899
0.243180
0.356756
0.347323
0.292705
0.326258
0.434582
0.322774
0.148952
0.151686
0.117972
0.136785
0.138822
0.134534
0.142949
0.346572
0.530954
0.183470
0.144771
0.179128
0.136196
0.175109
0.150239
0.150989
0.161923
0.117811
0.204374
0.356220
0.314359
0.224420
0.295868
0.396152
0.131050
0.143163
0.129013
0.123600
0.135392
0.135660
0.126976
0.222597
0.448947
0.212789
0.242429
0.308785
0.291097
0.202766
0.135713
0.248486
0.209144
0.343678
0.254382
0.145736
0.281128
0.201962
0.267942
0.385378
0.122260
0.137536
0.112076
0.102428
0.103982
0.118025
0.114381
0.123975
0.194190
0.487109
0.513159
0.190867
0.275875
0.220185
0.383770
0.459827
0.626199
0.198907
0.175966
0.139519
0.118347
0.121188
0.147880
0.126494
0.099694
0.247414
0.162347
0.145758
0.145479
0.146406
0.136769
0.153894
0.174079
0.163896
0.248127
0.446835
0.429257
0.289496
0.272030
0.262963
0.295889
0.361393
0.337482
0.463349
0.380962
0.297765
0.283840
0.321150
0.260358
0.124297
0.146379
0.118401
0.113737
0.144879
0.119794
0.266442
0.560808
0.233907
0.225117
0.204266
0.195583
0.212735
0.245538
0.164442
0.193439
0.354291
0.313019
0.310500
0.188240
0.435333
0.281610
0.141287
0.143110
0.126226
0.131854
0.115399
0.140323
0.124189
0.156617
0.429973
0.390899
0.140430
0.173447
0.139519
0.138822
0.109610
0.165514
0.140537
0.148952
0.183041
0.390631
0.320630
0.240768
0.219113
0.348609
0.383449
0.316289
0.162952
0.145227
0.138366
0.125229
0.155427
0.132620
0.171759
0.440162
0.289034
0.184604
0.156208
0.174837
0.142427
0.175537
0.175178
0.165198
0.167337
0.188449
0.318312
0.321347
0.243769
0.406335
0.188723
0.123653
0.148684
0.124672
0.125851
0.157367
0.121724
0.136464
0.227689
0.338908
0.161012
0.155277
0.142038
0.152114
0.157850
0.216755
0.124457
0.144932
0.149703
0.169266
0.276518
0.421450
0.363027
0.542960
0.185936
0.145361
0.130996
0.127566
0.157260
0.130300
0.128960
0.138125
0.250683
0.469904
0.217452
0.145361
0.100766
0.127244
0.101892
0.137053
0.103178
0.109986
0.129120
0.126280
0.376213
0.266281
0.285523
0.368870
0.315538
0.124940
0.127995
0.105912
0.139090
0.114756
0.109557
0.127941
0.125154
0.261457
0.418717
0.437959
0.125636
0.115345
0.095675
0.143807
0.158546
0.222544
0.147559
0.121509
0.157689
0.333682
0.263239
0.310292
0.174603
0.134588
0.089457
0.100820
0.133462
0.095621
0.093048
0.110254
0.128102
0.313502
0.162888
0.344321
0.465295
0.427239
0.347698
0.430562
0.175698
0.382698
0.432277
0.200783
0.598435
0.519162
0.422898
0.290347
0.156885
0.187329
0.116632
0.142359
0.109932
0.118990
0.115667
0.121241
0.247735
0.460792
0.196870
0.200354
0.179343
0.201426
0.119848
0.175966
0.139465
0.171410
0.154741
0.237391
0.332208
0.346572
0.382966
0.271748
0.296725
0.160851
0.136678
0.127298
0.140966
0.140269
0.121563
0.274589
0.313073
0.352897
0.235622
0.155706
0.159672
0.138661
0.122153
0.145522
0.121724
0.158010
0.142306
0.255025
0.167444
0.229190
0.220668
0.381519
0.362223
0.184649
0.157421
0.141341
0.176181
0.137964
0.150346
0.154580
0.275607
0.539583
0.197084
0.247146
0.265370
0.237016
0.206357
0.186150
0.165621
0.175109
0.169909
0.317897
0.479713
0.339765
0.363617
0.282896
0.360401
0.153883
0.172268
0.143163
0.143485
0.146272
0.164442
0.143914
0.369513
0.392400
0.141823
0.151793
0.133730
0.120920
0.191135
0.185936
0.207429
0.144450
0.150078
0.360133
0.216380
0.298119
0.386021
0.436726
0.196227
0.199496
0.141609
0.151364
0.137857
0.177253
0.136142
0.147130
0.384949
0.471351
0.215040
0.263654
0.369566
0.337621
0.211610
0.209466
0.118508
0.254757
0.256740
0.316021
0.632524
0.198853
0.199871
0.226939
0.421290
0.159994
0.163638
0.144289
0.143163
0.162084
0.127459
0.190438
0.128316
0.162298
0.409605
0.421826
0.459184
0.400440
0.236158
0.163049
0.414322
0.228761
0.173876
0.227100
0.169427
0.380769
0.337943
0.343946
0.150828
0.167283
0.128370
0.124993
0.138983
0.131693
0.123975
0.126333
0.147773
0.197084
0.218792
0.354719
0.241196
0.126762
0.146862
0.116525
0.110897
0.232888
0.203838
0.225760
0.216166
0.438066
0.523825
0.364206
0.258562
0.166211
0.160583
0.127405
0.135660
0.148095
0.130139
0.122260
0.281021
0.501849
0.208930
0.204695
0.297583
0.376427
0.317575
0.180468
0.204106
0.279788
0.165193
0.287077
0.347591
0.260867
0.386718
0.408319
0.162352
0.156081
0.132658
0.124029
0.126440
0.147076
0.118186
0.129549
0.149220
0.458380
0.159029
0.183256
0.135606
0.163049
0.202980
0.233103
0.127030
0.158868
0.280217
0.274589
0.346144
0.218149
0.197835
0.377606
0.291580
0.207000
0.133194
0.150346
0.124189
0.129764
0.145683
0.125904
0.368226
0.587715
0.240071
0.237391
0.208983
0.158868
0.141502
0.143485
0.153883
0.183041
0.160905
0.224366
0.264244
0.201640
0.350431
0.192367
0.345340
0.175484
0.146004
0.158278
0.138715
0.131908
0.134105
0.179289
0.254543
0.461382
0.172107
0.163370
0.157260
0.247467
0.117650
0.136464
0.158118
0.127941
0.165193
0.216648
0.289275
0.334566
0.367315
0.272605
0.150292
0.147987
0.291204
0.131800
0.160851
0.137268
0.136678
0.132551
0.297743
0.340194
0.200354
0.184703
0.154366
0.132712
0.225921
0.246610
0.231066
0.204749
0.134748
0.139197
0.258080
0.199603
0.320791
0.366029
0.205446
0.323096
0.168248
0.142252
0.136035
0.150614
0.128263
0.192099
0.259634
0.281128
0.327973
0.233639
0.163906
0.178539
0.127405
0.257222
0.098623
0.372943
0.250576
0.453717
0.622287
0.501581
0.264673
0.246449
0.155866
0.138822
0.120759
0.142359
0.139679
0.114541
0.122206
0.176931
0.145200
0.190224
0.375248
0.412231
0.341480
0.250951
0.388433
0.156938
0.280592
0.138661
0.126923
0.135070
0.344107
0.392346
0.373908
0.255722
0.322613
0.149327
0.141234
0.112987
0.138018
0.126065
0.121617
0.128424
0.345929
0.348180
0.234872
0.137428
0.148202
0.158118
0.178539
0.287345
0.227314
0.245323
0.174841
0.191831
0.318754
0.341052
0.269229
0.278180
0.178753
0.158010
0.190009
0.115667
0.146004
0.116042
0.110629
0.135070
0.208447
0.404138
0.196227
0.157099
0.125690
0.158171
0.124457
0.131961
0.294313
0.248218
0.177896
0.391435
0.363456
0.306051
0.407622
0.296564
0.232996
0.331189
0.145200
0.139251
0.129549
0.139572
0.116096
0.155598
0.378089
0.397438
0.202230
0.332744
0.300423
0.161977
0.146058
0.210538
0.264566
0.222865
0.160637
0.234979
0.295653
0.260706
0.204588
0.381465
0.313502
0.169213
0.194297
0.166265
0.163853
0.294635
0.143485
0.139840
0.295814
0.562684
0.286005
0.196923
0.182559
0.153615
0.152382
0.169909
0.147934
0.124672
0.136464
0.220668
0.479123
0.525272
0.423219
0.357775
0.211234
0.341105
0.135284
0.142681
0.154848
0.132283
0.140859
0.139894
0.291901
0.442836
0.157582
0.272981
0.260438
0.153830
0.102482
0.120384
0.117221
0.112183
0.153133
0.144825
0.284344
0.298279
0.192260
0.320362
0.389612
0.163853
0.175591
0.150935
0.131693
0.151525
0.155706
0.132980
0.374390
0.217613
0.361366
0.211127
0.223777
0.364957
0.205338
0.192046
0.251755
0.188669
0.343249
0.456665
0.305462
0.428793
0.420218
0.220936
0.321756
0.423166
0.164764
0.186364
0.136410
0.136785
0.154366
0.156134
0.141716
0.165407
0.305301
0.357399
0.554698
0.553894
0.578657
0.606421
0.321327
0.337675
0.279198
0.501903
0.470815
0.373533
0.323310
0.390041
0.203409
0.209198
0.135338
0.129388
0.167444
0.140430
0.132872
0.145629
0.208554
0.352575
0.204266
0.156510
0.128531
0.179557
0.199067
0.228654
0.227207
0.204320
0.112558
0.219060
0.330010
0.318058
0.290347
0.360830
0.323203
0.224527
0.183041
0.145093
0.134480
0.164925
0.142145
0.126708
0.325293
0.250523
0.190492
0.140644
0.317522
0.113898
0.115774
0.119365
0.135070
0.143967
0.110200
0.163370
0.251166
0.244466
0.295600
0.270086
0.246074
0.264887
0.135177
0.151846
0.136356
0.131800
0.137000
0.148416
0.319237
0.325937
0.141555
0.158332
0.125422
0.130246
0.097283
0.142627
0.205017
0.160958
0.174465
0.213057
0.255615
0.209358
0.626789
0.322506
0.257866
0.139787
0.159672
0.127727
0.134266
0.142574
0.146379
0.138983
0.327759
0.456772
0.163156
0.162352
0.129817
0.185400
0.203731
0.205231
0.275017
0.123546
0.136410
0.209037
0.233210
0.370906
0.176234
0.403227
0.242215
0.174358
0.143003
0.135124
0.143003
0.134373
0.127780
0.207054
0.483465
0.540494
0.232299
0.288578
0.244251
0.211663
0.141931
0.091279
0.102696
0.099426
0.112129
0.133087
0.106019
0.259045
0.120598
0.187812
0.201908
0.112987
0.097175
0.099855
0.097604
0.090904
0.066249
0.140323
0.101624
0.269122
0.246020
0.145468
0.138447
0.108163
0.086080
0.139787
0.106180
0.134963
0.094067
0.108753
0.148791
0.149059
0.188884
0.131586
0.246610
0.144182
0.112183
0.094174
0.091226
0.106126
0.078844
0.081524
0.089403
0.219649
0.415179
0.467278
0.147987
0.352307
0.161119
0.275017
0.108431
0.119419
0.448732
0.307445
0.399046
0.170124
0.174894
0.250951
0.268318
0.152865
0.133623
0.119955
0.121402
0.143056
0.115721
0.126280
0.423434
0.230959
0.119151
0.179504
0.221901
0.235944
0.216755
0.232996
0.327973
0.146674
0.114381
0.307820
0.389291
0.373318
0.246556
0.376373
0.382645
0.143914
0.145575
0.141127
0.107895
0.132712
0.102750
0.157260
0.374980
0.389720
0.166747
0.164174
0.131747
0.100981
0.139197
0.092834
0.098033
0.100498
0.126762
0.220453
0.276733
0.385164
0.354451
0.355255
0.163478
0.149220
0.129978
0.128209
0.139894
0.120598
0.124189
0.120223
0.231173
0.494024
0.204910
0.152597
0.165139
0.151739
0.159243
0.166854
0.137321
0.156670
0.116953
0.118669
0.381305
0.248325
0.206303
0.209412
0.343142
0.296243
0.208930
0.130085
0.145629
0.125636
0.135713
0.120598
0.423219
0.451091
0.110307
0.175162
0.213539
0.102964
0.107895
0.109021
0.233639
0.242268
0.222973
0.296296
0.284451
0.383395
0.187865
0.230798
0.284880
0.134802
0.153562
0.116257
0.125958
0.129335
0.137214
0.121777
0.278341
0.409283
0.115667
0.180629
0.210216
0.195637
0.085223
0.116578
0.100552
0.099266
0.106770
0.109182
0.202873
0.168998
0.267996
0.376963
0.213539
0.164174
0.117329
0.125851
0.107842
0.139947
0.123332
0.138822
0.214182
0.303639
0.183577
0.346412
0.116471
0.129228
0.359329
0.143378
0.217881
0.142788
0.276518
0.184006
0.212414
0.475961
0.467653
0.384681
0.235300
0.195798
0.158761
0.135713
0.174037
0.140430
0.188294
0.148363
0.263011
0.192796
0.308356
0.419842
0.173233
0.135445
0.160637
0.307606
0.185239
0.184060
0.152650
0.356703
0.595380
0.560433
0.362652
0.460417
0.404191
0.227153
0.204320
0.156242
0.162138
0.160637
0.149971
0.153562
0.358579
0.276089
0.216541
0.155974
0.267353
0.252720
0.203195
0.194779
0.210806
0.161226
0.358954
0.599292
0.402101
0.263494
0.370049
0.305087
0.221472
0.149167
0.151364
0.134320
0.178753
0.149381
0.137160
0.153401
0.261832
0.297958
0.181755
0.179932
0.144611
0.168409
0.183899
0.157260
0.130085
0.228922
0.230101
0.284612
0.469582
0.306319
0.494238
0.341159
0.210323
0.181808
0.160262
0.142199
0.160208
0.135124
0.147612
0.137214
0.251863
0.465295
0.251595
0.243394
0.180093
0.141502
0.330814
0.144182
0.145415
0.150399
0.187436
0.296671
0.402315
0.244573
0.312269
0.413357
0.216380
0.143324
0.161387
0.147719
0.133087
0.156295
0.288846
0.165461
0.323578
0.326473
0.158171
0.219006
0.340784
0.168945
0.230905
0.198639
0.169856
0.121188
0.195691
0.215469
0.357667
0.283754
0.234068
0.189420
0.266978
0.294635
0.134159
0.148899
0.147344
0.127995
0.217988
0.168301
0.284504
0.288256
0.138607
0.144879
0.151043
0.113201
0.108110
0.149810
0.105483
0.112880
0.135981
0.203248
0.252345
0.219596
0.193386
0.244466
0.439245
0.468832
0.137857
0.166104
0.131425
0.126226
0.135552
0.147291
0.124993
0.158118
0.337139
0.414054
0.321006
0.331993
0.144825
0.158814
0.105698
0.164603
0.146862
0.131586
0.290722
0.528274
0.287774
0.188669
0.442140
0.320094
0.185775
0.191671
0.157099
0.184756
0.161548
0.165675
0.164442
0.181755
0.210055
0.274321
0.449161
0.524307
0.312858
0.137214
0.236855
0.220882
0.171196
0.264405
0.421397
0.391113
0.278180
0.364957
0.380447
0.263547
0.266656
0.161334
0.161709
0.132283
0.134856
0.133194
0.193279
0.361955
0.192421
0.135606
0.171303
0.172857
0.126548
0.138929
0.147612
0.137696
0.100070
0.224313
0.351396
0.387254
0.219167
0.369995
0.478855
0.158493
0.127512
0.138393
0.125047
0.154526
0.149113
0.246931
0.200461
0.348234
0.160208
0.134266
0.150507
0.134320
0.303425
0.125851
0.111165
0.132444
0.131104
0.176288
0.340998
0.468725
0.350110
0.286166
0.142359
0.296189
0.133194
0.154848
0.118990
0.110950
0.127834
0.173608
0.309857
0.294206
0.158064
0.160530
0.142091
0.101302
0.204588
0.094978
0.138232
0.125904
0.110843
0.139251
0.431473
0.275017
0.245055
0.286380
0.260278
0.121134
0.137268
0.120491
0.108967
0.110468
0.128048
0.182452
0.349359
0.362062
0.144986
0.154366
0.149756
0.118561
0.135874
0.143485
0.131586
0.138554
0.129228
0.193332
0.401994
0.548802
0.403173
0.358257
0.181755
0.127834
0.135928
0.109878
0.114595
0.110843
0.122313
0.132497
0.315217
0.424291
0.398832
0.295868
0.202176
0.134373
0.182666
0.213700
0.252774
0.318594
0.226403
0.287881
0.268961
0.182827
0.289382
0.195101
0.168730
0.133944
0.124618
0.120062
0.127030
0.123278
0.138072
0.114166
0.127566
0.306587
0.189312
0.164014
0.146862
0.134105
0.325025
0.200622
0.166908
0.170445
0.150078
0.145843
0.173554
0.128852
0.164067
0.228922
0.140805
0.121295
0.118133
0.116793
0.116417
0.135177
0.126976
0.105483
0.110200
0.175055
0.156724
0.166372
0.163317
0.203570
0.145790
0.151954
0.172482
0.283968
0.190492
0.173340
0.218309
0.199550
0.147880
0.166104
0.148363
0.141984
0.123332
0.110629
0.123546
0.110682
0.136678
0.108646
0.120759
0.149863
0.162513
0.214611
0.204266
0.268800
0.164657
0.429329
0.136892
0.330385
0.186364
0.513319
0.621911
0.247950
0.404406
0.275393
0.168194
0.188455
0.120062
0.117972
0.142467
0.121081
0.169481
0.200032
0.344857
0.290883
0.148684
0.157582
0.260117
0.278930
0.204159
0.136517
0.133516
0.106609
0.123493
0.310286
0.183470
0.175752
0.255615
0.445570
0.291204
0.146808
0.172536
0.145307
0.155438
0.112451
0.122742
0.109825
0.281074
0.309482
0.131854
0.150239
0.144396
0.224259
0.343571
0.226349
0.157367
0.217666
0.136892
0.230369
0.388219
0.220400
0.186472
0.362438
0.253363
0.205767
0.162620
0.147719
0.143003
0.139894
0.156510
0.149756
0.305569
0.438388
0.209358
0.259581
0.149917
0.324275
0.240768
0.128692
0.175591
0.220775
0.165943
0.200890
0.356327
0.516911
0.390416
0.302192
0.200407
0.186525
0.144182
0.132604
0.133837
0.115131
0.122206
0.098301
0.332905
0.547301
0.296618
0.326526
0.296564
0.200354
0.194994
0.358900
0.290829
0.426114
0.297422
0.225331
0.346090
0.437262
0.282843
0.550946
0.479177
0.204910
0.181755
0.177199
0.160530
0.134909
0.144235
0.140269
0.155062
0.275661
0.600150
0.395508
0.389023
0.658895
0.713834
0.519001
0.422630
0.706812
0.510586
0.891194
0.830895
0.411963
0.278287
0.306319
0.202927
0.272069
0.295707
0.171517
0.166801
0.150667
0.125368
0.123546
0.116685
0.140430
0.252935
0.468350
0.425524
0.292920
0.253042
0.283004
0.292169
0.357721
0.376427
0.447928
0.627432
0.392185
0.397384
0.579354
0.478909
0.177735
0.190706
0.153186
0.134373
0.149542
0.164282
0.138929
0.223830
0.370263
0.167980
0.168409
0.154258
0.153937
0.147719
0.190545
0.174948
0.234657
0.277751
0.373747
0.361312
0.670204
0.435333
0.516321
0.261082
0.190331
0.190116
0.174090
0.165621
0.169320
0.148899
0.113469
0.304122
0.460095
0.235354
0.189098
0.231227
0.181862
0.188240
0.188562
0.279466
0.337353
0.426596
0.351664
0.335209
0.412339
0.351450
0.504047
0.519215
0.193011
0.173769
0.137375
0.113148
0.115613
0.120759
0.092405
0.187919
0.301924
0.150239
0.154098
0.182666
0.375623
0.384735
0.248968
0.253095
0.265048
0.337460
0.282575
0.387951
0.549981
0.460203
0.399100
0.278287
0.215630
0.173715
0.151043
0.170928
0.143056
0.150078
0.135767
0.272981
0.559522
0.331886
0.238624
0.261028
0.166961
0.208072
0.216755
0.198907
0.236694
0.235622
0.241357
0.633006
0.566168
0.330010
0.416734
0.379107
0.192314
0.177949
0.162513
0.164121
0.139733
0.168998
0.138393
0.239696
0.466045
0.356756
0.525218
0.561773
0.546497
0.276947
0.265316
0.294099
0.304551
0.298976
0.358364
0.483465
0.621429
0.555020
0.433296
0.235568
0.222169
0.174733
0.164389
0.175269
0.208340
0.262475
0.126548
0.284880
0.538618
0.287774
0.454950
0.630058
0.583695
0.552608
0.423166
0.484537
0.478962
0.556413
0.477515
0.509031
0.441764
0.509728
0.581444
0.617302
0.244198
0.233907
0.258455
0.203516
0.191885
0.188508
0.196227
0.168998
0.197942
0.273302
0.532722
0.532615
0.534062
0.485769
0.487538
0.568687
0.452056
0.455218
0.410731
0.653696
0.436887
0.477998
0.537385
0.273892
0.240178
0.241840
0.177413
0.213110
0.215817
0.185359
0.189078
0.343159
0.638902
0.337353
0.371067
0.430723
0.334245
0.316074
0.457523
0.394972
0.335263
0.325133
0.397384
0.509782
0.512837
0.398939
0.422630
0.193600
0.189688
0.153026
0.143753
0.135499
0.138286
0.138339
0.119633
0.221740
0.437959
0.309267
0.336388
0.374498
0.333387
0.235997
0.321649
0.275661
0.318647
0.353111
0.461971
0.364582
0.388219
0.504797
0.718015
0.384949
0.258938
0.233049
0.203623
0.165139
0.176824
0.160637
0.142788
0.330064
0.613657
0.267942
0.188133
0.201747
0.187168
0.207643
0.258348
0.185507
0.252131
0.322989
0.556306
0.513427
0.651016
0.587447
0.468296
0.423541
0.187008
0.193118
0.168677
0.138929
0.177360
0.141341
0.136624
0.377499
0.530739
0.295439
0.179128
0.163799
0.172697
0.191563
0.216434
0.221418
0.430616
0.425578
0.554269
0.398617
0.476818
0.437048
0.481374
0.336120
0.236265
0.173876
0.153454
0.185882
0.150185
0.136732
0.130407
0.317200
0.335049
0.188080
0.274910
0.295224
0.278930
0.279198
0.246663
0.240768
0.250630
0.224795
0.376427
0.300745
0.325776
0.311679
0.424666
0.211449
0.200139
0.144611
0.153186
0.136732
0.140323
0.111540
0.118240
0.138232
0.270783
0.440800
0.543281
0.253524
0.334727
0.471351
0.509192
0.299298
0.487163
0.409283
0.604599
0.604867
0.467760
0.421558
0.507638
0.294152
0.179932
0.181219
0.170285
0.143217
0.116739
0.157206
0.121563
0.157314
0.204963
0.313770
0.573994
0.440800
0.329796
0.302031
0.261350
0.197888
0.186043
0.175591
0.209734
0.291901
0.180200
0.178539
0.194243
0.185775
0.167444
0.144986
0.128692
0.121617
0.127084
0.123868
0.117543
0.162727
0.226725
0.127566
0.138661
0.105001
0.156724
0.199764
0.144075
0.225492
0.243876
0.159940
0.277001
0.290776
0.283272
0.214933
0.272016
0.305944
0.171249
0.128692
0.132712
0.115881
0.106877
0.104679
0.126869
0.250576
0.152650
0.150560
0.151364
0.277322
0.266227
0.197245
0.193171
0.208876
0.445516
0.304979
0.253203
0.299459
0.366458
0.235032
0.250523
0.322828
0.176395
0.161977
0.140269
0.130300
0.112853
0.127620
0.138956
0.155759
0.261189
0.194940
0.170392
0.223723
0.151311
0.162030
0.221579
0.187919
0.212306
0.204963
0.245216
0.242912
0.202659
0.227100
0.217505
0.219328
0.180844
0.163585
0.137160
0.186525
0.120491
0.251166
0.146326
0.108699
0.169213
0.147023
0.191617
0.263494
0.211020
0.274240
0.264633
0.253879
0.257758
0.254328
0.266281
0.226349
0.224313
0.317950
0.355255
0.282843
0.163638
0.174573
0.127352
0.122421
0.126548
0.135392
0.245431
0.145522
0.185560
0.150667
0.155974
0.226885
0.329796
0.212199
0.143914
0.136035
0.271319
0.311626
0.334513
0.443908
0.429383
0.214665
0.174841
0.382430
0.137964
0.129496
0.162352
0.130353
0.121027
0.155438
0.144021
0.117704
0.169588
0.176663
0.330171
0.375945
0.208126
0.281235
0.409873
0.173286
0.312430
0.311304
0.277537
0.246824
0.427239
0.460899
0.281557
0.248322
0.123408
0.156601
0.141470
0.136994
0.128708
0.132771
0.132610
0.143512
0.179954
0.259190
0.334963
0.373817
0.332444
0.347580
0.281530
0.283406
0.238125
0.243887
0.253294
0.400096
0.309959
0.316878
0.372236
0.264764
0.183583
0.193225
0.112344
0.127298
0.124779
0.113898
0.097068
0.265530
0.551428
0.207161
0.295707
0.216648
0.224205
0.213325
0.183309
0.110575
0.135284
0.206678
0.188884
0.238302
0.264244
0.206303
0.364903
0.423648
0.163210
0.142413
0.160583
0.129388
0.138286
0.138661
0.129710
0.383020
0.445999
0.238945
0.149327
0.282361
0.182666
0.130139
0.143539
0.149220
0.149327
0.142681
0.311733
0.201479
0.239910
0.363027
0.399100
0.201158
0.164549
0.159297
0.153186
0.126708
0.126226
0.135713
0.151418
0.271480
0.583427
0.204213
0.363617
0.343785
0.320952
0.213378
0.226671
0.318165
0.319558
0.254060
0.240017
0.309803
0.373854
0.435601
0.586107
0.259902
0.177253
0.175430
0.117329
0.136356
0.153454
0.134909
0.109074
0.282575
0.587983
0.310286
0.150775
0.180629
0.186954
0.209090
0.330171
0.254221
0.243394
0.224259
0.372461
0.487431
0.546712
0.470333
0.498687
0.288364
0.172482
0.183148
0.121402
0.110629
0.107359
0.134373
0.104518
0.308678
0.451520
0.168784
0.184435
0.156242
0.158975
0.133194
0.230423
0.300423
0.280377
0.238302
0.420325
0.227153
0.206142
0.274481
0.187704
0.183041
0.152650
0.121295
0.107413
0.098783
0.116846
0.122849
0.100177
0.099105
0.133516
0.106555
0.133516
0.313341
0.213271
0.168462
0.181808
0.178968
0.161548
0.187972
0.244412
0.242161
0.306427
0.259259
0.227904
0.219060
0.197245
0.152275
0.155974
0.101356
0.108002
0.136624
0.105483
0.106555
0.104465
0.133676
0.387254
0.500402
0.383663
0.443426
0.459667
0.502332
0.442676
0.261564
0.236051
0.216326
0.193118
0.175537
0.242965
0.199764
0.143807
0.150078
0.139358
0.119365
0.107574
0.101302
0.112773
0.115238
0.375248
0.252023
0.226135
0.253631
0.423434
0.487163
0.353594
0.483840
0.293992
0.378571
0.411159
0.540709
0.621268
0.394704
0.229941
0.278073
0.366672
0.247360
0.187972
0.182076
0.164442
0.193118
0.149381
0.162942
0.167926
0.256311
0.309160
0.414054
0.501581
0.391328
0.414858
0.299941
0.373479
0.394115
0.431045
0.634078
0.416358
0.325133
0.372943
0.337085
0.298279
0.416090
0.230798
0.145843
0.172214
0.110950
0.118240
0.192260
0.523342
0.380072
0.486841
0.415233
0.267246
0.277483
0.262743
0.250791
0.341052
0.500616
0.815244
1.000000
0.622715
0.445945
0.431045
0.619607
0.434743
0.252291
0.240500
0.183256
0.164710
0.163638
0.167819
0.369781
0.618910
0.452109
0.334245
0.286809
0.321274
0.296939
0.490486
0.417055
0.377821
0.473978
0.522378
0.553572
0.575226
0.547087
0.454575
0.552393
0.349038
0.289972
0.209841
0.190170
0.157206
0.154151
0.147987
0.287720
0.559147
0.292759
0.231602
0.205392
0.319612
0.270569
0.306373
0.279788
0.241196
0.402101
0.363349
0.359383
0.573618
0.481535
0.597041
0.313126
0.269872
0.209626
0.163531
0.163531
0.147559
0.133301
0.126869
0.180415
0.311465
0.302996
0.409498
0.265638
0.272605
0.307552
0.230369
0.241357
0.258616
0.277215
0.336817
0.477462
0.305140
0.288417
0.330278
0.338908
0.206196
0.178592
0.139572
0.149917
0.126708
0.134534
0.107627
0.133569
0.154687
0.204588
0.391810
0.321006
0.292008
0.346519
0.294420
0.408694
0.491773
0.553948
0.697754
0.501956
0.510800
0.383288
0.635097
0.641475
0.510211
0.268050
0.219060
0.191885
0.197406
0.179450
0.166640
0.348984
0.516803
0.371014
0.350163
0.549338
0.359115
0.301871
0.240500
0.173715
0.309750
0.262636
0.327009
0.554108
0.650694
0.592861
0.368655
0.301442
0.260599
0.177413
0.175216
0.147344
0.162138
0.148899
0.126762
0.248271
0.573833
0.257758
0.224045
0.199979
0.177788
0.202069
0.251648
0.322721
0.252613
0.373158
0.390202
0.528863
0.472530
0.635579
0.405531
0.564399
0.290508
0.279788
0.211931
0.221472
0.196816
0.209573
0.187115
0.262422
0.551857
0.371121
0.329581
0.361902
0.326097
0.324918
0.372086
0.336656
0.265102
0.305783
0.452484
0.480570
0.526183
0.475103
0.452002
0.523771
0.230798
0.288364
0.240071
0.140912
0.168623
0.137053
0.136946
0.337889
0.703918
0.366940
0.243715
0.191724
0.199228
0.262797
0.298065
0.210270
0.357989
0.407997
0.367315
0.374015
0.449376
0.484483
0.462186
0.353058
0.223026
0.157260
0.169159
0.152918
0.165568
0.145575
0.134373
0.201372
0.587018
0.292652
0.210270
0.232352
0.208018
0.243340
0.250415
0.234121
0.213914
0.252720
0.248539
0.376159
0.709117
0.423112
0.269550
0.403119
0.375569
0.200354
0.222383
0.189098
0.144664
0.133355
0.155706
0.271105
0.262797
0.363027
0.343356
0.520662
0.578925
0.647478
0.388969
0.415018
0.768344
0.474085
0.502814
0.622287
0.444016
0.326687
0.438334
0.485287
0.367583
0.317146
0.237284
0.231816
0.187168
0.208554
0.149381
0.151954
0.242161
0.329742
0.411588
0.439674
0.376963
0.281449
0.328456
0.530150
0.702257
0.789194
0.767540
0.720641
0.541513
0.424345
0.603848
0.473817
0.307338
0.251005
0.212521
0.215147
0.161548
0.154312
0.162191
0.220989
0.578174
0.271694
0.240607
0.274053
0.269604
0.327866
0.267460
0.353272
0.372300
0.778957
0.553626
0.589484
0.497668
0.459291
0.603902
0.423380
0.367958
0.271426
0.258616
0.237444
0.221901
0.232567
0.208126
0.319451
0.426114
0.292384
0.354291
0.574047
0.483036
0.305730
0.368494
0.264083
0.238356
0.329153
0.509943
0.570939
0.712762
0.413143
0.609530
0.496168
0.348341
0.283272
0.227957
0.230852
0.201211
0.209734
0.164603
0.297368
0.577799
0.365600
0.310286
0.252559
0.308624
0.255775
0.221847
0.226939
0.326633
0.446803
0.398188
0.620839
0.578496
0.388648
0.387469
0.403709
0.272337
0.267353
0.305569
0.224205
0.274696
0.299191
0.303318
0.379429
0.638259
0.458380
0.282896
0.310714
0.289650
0.454575
0.409391
0.263065
0.478105
0.589913
0.410891
0.342874
0.438602
0.753551
0.631506
0.460524
0.261993
0.266656
0.207322
0.189848
0.179182
0.211931
0.273677
0.361366
0.628611
0.450930
0.313555
0.565257
0.396098
0.174733
0.282629
0.450394
0.225545
0.217613
0.342928
0.238892
0.226725
0.247843
0.336335
0.388648
0.198853
0.199603
0.179611
0.161334
0.178110
0.150667
0.147451
0.126976
0.144235
0.192099
0.361419
0.199657
0.210859
0.198103
0.220721
0.296243
0.450876
0.336871
0.420218
0.379857
0.363670
0.307499
0.415233
0.389344
0.265906
0.236158
0.241304
0.169266
0.171732
0.156081
0.160690
0.233853
0.316503
0.242536
0.339819
0.255293
0.504208
0.258187
0.174733
0.236426
0.221633
0.268532
0.524039
0.563488
0.585625
0.436351
0.567187
0.471244
0.200086
0.247253
0.217237
0.151311
0.161977
0.149435
0.153722
0.298923
0.544246
0.299673
0.210162
0.298494
0.192957
0.157260
0.322346
0.184435
0.200568
0.190116
0.305408
0.362438
0.354398
0.478962
0.441014
0.531490
0.255775
0.253471
0.153883
0.145307
0.149703
0.152543
0.121134
0.275500
0.336656
0.177735
0.169052
0.197942
0.306748
0.307338
0.347966
0.324704
0.324543
0.417752
0.474996
0.483518
0.539208
0.446749
0.598113
0.445677
0.288900
0.275285
0.230798
0.222490
0.202391
0.212199
0.180629
0.357507
0.552608
0.192260
0.225170
0.271533
0.261564
0.292437
0.318433
0.244466
0.271533
0.365761
0.448196
0.449215
0.379804
0.479391
0.450716
0.465723
0.255400
0.230369
0.178056
0.157635
0.165729
0.155545
0.142145
0.293831
0.626682
0.324757
0.275071
0.394008
0.483411
0.247307
0.247092
0.277054
0.431741
0.563971
0.392024
0.425846
0.628933
0.407622
0.509460
0.419896
0.199014
0.171625
0.175109
0.163102
0.134641
0.137000
0.165514
0.307284
0.478480
0.443265
0.283432
0.214075
0.196441
0.201158
0.411052
0.227100
0.325401
0.388380
0.415983
0.369352
0.281610
0.255293
0.208662
0.265209
0.249719
0.164282
0.156456
0.170499
0.129710
0.125315
0.132015
0.137214
0.140751
0.170981
0.250844
0.202176
0.202712
0.195101
0.208662
0.203034
0.370638
0.346572
0.259474
0.213057
0.210591
0.195423
0.189098
0.335960
0.161548
0.159565
0.129496
0.133248
0.119044
0.120705
0.105430
0.116685
0.118293
0.146379
0.196655
0.146701
0.236104
0.384038
0.355738
0.477033
0.764432
0.465348
0.652141
0.733880
0.541995
0.679102
0.509621
0.371657
0.256043
0.224473
0.194243
0.194779
0.156242
0.153990
0.169105
0.321113
0.613121
0.424506
0.197459
0.213861
0.288417
0.299995
0.200515
0.204802
0.201211
0.395884
0.469958
0.323900
0.409819
0.471244
0.393204
0.521413
0.227207
0.245752
0.169534
0.163585
0.176127
0.149810
0.156402
0.292759
0.504797
0.206035
0.219435
0.204427
0.180415
0.245967
0.321006
0.323953
0.420486
0.501849
0.610816
0.422898
0.419735
0.530739
0.363617
0.376856
0.230101
0.190706
0.163531
0.173286
0.136732
0.132336
0.110146
0.273034
0.447392
0.265370
0.430026
0.442568
0.372246
0.227529
0.297851
0.266924
0.241304
0.295171
0.364582
0.580050
0.570563
0.310500
0.335692
0.428847
0.211717
0.181326
0.167926
0.146165
0.129174
0.168462
0.137964
0.234228
0.476068
0.150775
0.186043
0.236480
0.195155
0.215415
0.198746
0.151043
0.139251
0.162406
0.349145
0.367369
0.250469
0.366672
0.331725
0.251327
0.100820
0.136892
0.116685
0.118079
0.115989
0.143324
0.116310
0.205874
0.501152
0.241357
0.325508
0.413357
0.222383
0.144771
0.328241
0.147827
0.163692
0.148631
0.146165
0.245591
0.495149
0.570027
0.630541
0.724125
0.296779
0.189420
0.147880
0.144771
0.153454
0.125904
0.124618
0.168355
0.392721
0.284504
0.246235
0.197031
0.447875
0.175001
0.279520
0.145307
0.184703
0.397867
0.194029
0.184864
0.208233
0.162245
0.184864
0.148202
0.130300
0.146969
0.314466
0.240392
0.135124
0.140055
0.130514
0.128638
0.159618
0.178056
0.429276
0.543067
0.261082
0.495042
0.204963
0.356381
0.316557
0.430294
0.423166
0.601168
0.415715
0.344214
0.433832
0.257598
0.212092
0.188937
0.162995
0.151150
0.158975
0.155277
0.143056
0.278287
0.531543
0.180147
0.164978
0.164657
0.147237
0.136196
0.231120
0.252559
0.231495
0.193386
0.201265
0.332261
0.478373
0.358096
0.467224
0.359007
0.205392
0.186632
0.117543
0.143592
0.104304
0.138822
0.111754
0.232352
0.529614
0.238409
0.166693
0.202283
0.173769
0.273088
0.314734
0.244412
0.250523
0.627378
0.452109
0.354183
0.340087
0.407139
0.394168
0.314145
0.233585
0.180147
0.137268
0.149703
0.150935
0.125476
0.112183
0.256365
0.504047
0.200836
0.196870
0.235300
0.415554
0.277537
0.140055
0.154741
0.147987
0.165836
0.210913
0.188991
0.203302
0.348556
0.461918
0.288953
0.162459
0.182827
0.149220
0.130568
0.154580
0.139840
0.143271
0.256847
0.480517
0.155598
0.144557
0.139894
0.125100
0.135338
0.221686
0.131854
0.123600
0.156885
0.243823
0.440371
0.614461
0.476068
0.382752
0.409069
0.250737
0.185560
0.156510
0.132068
0.122367
0.105966
0.141127
0.206464
0.390845
0.134534
0.276572
0.228279
0.229244
0.151846
0.184756
0.134856
0.134266
0.164174
0.195583
0.426703
0.374766
0.443265
0.439835
0.336120
0.201640
0.199550
0.161870
0.146594
0.143378
0.152918
0.145254
0.133944
0.279681
0.465080
0.411320
0.472638
0.678137
0.646835
0.538189
0.537117
0.571421
0.354987
0.285630
0.268800
0.276143
0.258348
0.438066
0.537921
0.237123
0.215415
0.189848
0.150507
0.146808
0.160422
0.140859
0.160476
0.157474
0.221311
0.436190
0.645763
0.448036
0.560862
0.387629
0.319880
0.319398
0.191831
0.247467
0.206732
0.470226
0.549552
0.471673
0.532562
0.195208
0.205178
0.161762
0.134266
0.152650
0.170070
0.128799
0.199657
0.528970
0.218363
0.200783
0.148095
0.203838
0.155652
0.199764
0.218309
0.286595
0.242804
0.325401
0.356595
0.434529
0.439567
0.359168
0.211610
0.161226
0.153294
0.143431
0.142413
0.118883
0.110468
0.118990
0.364099
0.382645
0.172911
0.141984
0.125744
0.156402
0.193439
0.195315
0.172482
0.137107
0.141341
0.231924
0.425470
0.398885
0.376534
0.356006
0.342445
0.173983
0.177896
0.133623
0.136410
0.184220
0.126440
0.136035
0.180468
0.363081
0.537171
0.483733
0.248111
0.272659
0.451144
0.272123
0.306534
0.250147
0.437423
0.741438
0.697701
0.501474
0.433028
0.490433
0.278019
0.209412
0.160208
0.139840
0.129603
0.146701
0.246985
0.160958
0.157957
0.229083
0.427775
0.362920
0.352415
0.342981
0.390309
0.372300
0.373265
0.350056
0.417162
0.377177
0.423702
0.350860
0.372836
0.237391
0.397384
0.210002
0.175913
0.122796
0.143378
0.135820
0.142145
0.257276
0.320523
0.331029
0.271641
0.496543
0.401083
0.228922
0.243501
0.280056
0.233585
0.196387
0.231977
0.297207
0.237016
0.385325
0.231924
0.292330
0.272766
0.167819
0.176449
0.156510
0.121241
0.123868
0.117168
0.107627
0.113309
0.139090
0.247950
0.417752
0.314466
0.221633
0.372086
0.260653
0.224259
0.215308
0.336549
0.415554
0.351771
0.334888
0.219328
0.217077
0.230048
0.210806
0.141823
0.138983
0.133087
0.137107
0.114488
0.117918
0.134534
0.166211
0.284665
0.340944
0.242858
0.189902
0.492362
0.395830
0.268961
0.458541
0.459184
0.591628
0.799325
0.440585
0.508120
0.496650
0.448250
0.267514
0.234282
0.219542
0.182076
0.265906
0.208715
0.177145
0.386665
0.600311
0.180040
0.188508
0.234764
0.222383
0.235944
0.253095
0.257812
0.321488
0.369727
0.342338
0.416144
0.434957
0.451573
0.392400
0.311411
0.224849
0.204856
0.140805
0.186257
0.148148
0.153079
0.159029
0.302567
0.477086
0.266120
0.183738
0.279252
0.288096
0.192743
0.350807
0.185828
0.269068
0.202819
0.148791
0.501152
0.402583
0.446160
0.276465
0.391596
0.230369
0.174197
0.172321
0.145522
0.143860
0.129281
0.156402
0.241893
0.492201
0.197245
0.191617
0.208662
0.168623
0.224313
0.230048
0.216487
0.157421
0.319290
0.335370
0.574905
0.440800
0.504744
0.426918
0.289972
0.221525
0.207965
0.184488
0.183416
0.181326
0.156831
0.178164
0.312644
0.487645
0.234282
0.187597
0.139626
0.265477
0.140162
0.212521
0.156938
0.150024
0.165729
0.218524
0.601812
0.482339
0.481053
0.405746
0.320094
0.199657
0.204427
0.219757
0.163799
0.147451
0.145629
0.218095
0.434529
0.435547
0.190331
0.159029
0.122421
0.166747
0.219167
0.222544
0.148631
0.168409
0.147559
0.252291
0.304122
0.264405
0.266066
0.444712
0.455432
0.233424
0.237605
0.174144
0.155813
0.156134
0.165300
0.132122
0.221954
0.171517
0.409873
0.407086
0.478051
0.275929
0.324972
0.200836
0.176717
0.189098
0.197835
0.357667
0.380822
0.377606
0.258830
0.213539
0.268318
0.177092
0.316503
0.203945
0.151686
0.110629
0.119526
0.138072
0.112665
0.148845
0.358203
0.445516
0.259956
0.383502
0.542692
0.370692
0.479338
0.498258
0.293884
0.304015
0.439567
0.298708
0.300477
0.448893
0.402583
0.186632
0.163263
0.137000
0.134480
0.115185
0.113309
0.129281
0.216326
0.507102
0.162352
0.123225
0.176395
0.144611
0.133891
0.241893
0.211074
0.202337
0.308142
0.307177
0.532830
0.356488
0.502385
0.208179
0.265048
0.202659
0.162781
0.149113
0.123225
0.159618
0.122581
0.124297
0.215308
0.410087
0.175591
0.122635
0.164710
0.133408
0.129924
0.206357
0.149488
0.158010
0.262529
0.154741
0.359007
0.500509
0.421075
0.332797
0.259849
0.211127
0.157474
0.152007
0.164657
0.168141
0.138929
0.124189
0.255132
0.574690
0.259527
0.129120
0.179772
0.184864
0.284236
0.266442
0.256847
0.248271
0.203248
0.569759
0.521842
0.370531
0.522110
0.274749
0.277269
0.196012
0.162995
0.163531
0.136088
0.119687
0.116417
0.110629
0.217773
0.444069
0.213593
0.170124
0.148470
0.301549
0.198371
0.277108
0.177467
0.149381
0.175001
0.276465
0.305676
0.387844
0.341748
0.387576
0.211502
0.163478
0.143217
0.122099
0.138983
0.117918
0.159511
0.118829
0.286166
0.417591
0.124725
0.198960
0.205285
0.229619
0.188723
0.284236
0.208394
0.238248
0.154634
0.170285
0.168677
0.156510
0.153562
0.421933
0.270461
0.165943
0.114970
0.132658
0.101785
0.122367
0.104143
0.109235
0.173822
0.113041
0.127352
0.206303
0.287720
0.181540
0.163799
0.424988
0.312751
0.461971
0.634186
0.502117
0.373265
0.263869
0.460899
0.223401
0.273731
0.189902
0.141019
0.128692
0.128584
0.097443
0.101838
0.123814
0.291044
0.217505
0.160798
0.149381
0.119741
0.154205
0.166693
0.170124
0.172857
0.185828
0.194887
0.255722
0.295171
0.232888
0.359061
0.287184
0.234872
0.240071
0.242268
0.131693
0.126494
0.108056
0.146379
0.218631
0.158654
0.472745
0.114327
0.227153
0.190974
0.228654
0.366404
0.352575
0.307981
0.390363
0.317307
0.324811
0.422844
0.293938
0.425470
0.313555
0.217773
0.135928
0.130621
0.101410
0.105590
0.101731
0.121831
0.098623
0.276197
0.356917
0.139894
0.146808
0.135284
0.141770
0.199443
0.206946
0.258884
0.271748
0.271105
0.288685
0.351611
0.290990
0.158332
0.262475
0.106394
0.122045
0.111701
0.086027
0.087849
0.116739
0.090583
0.072198
0.184488
0.543013
0.202927
0.177842
0.145093
0.105162
0.100927
0.198263
0.101142
0.200300
0.163692
0.200461
0.468993
0.481160
0.400815
0.291151
0.131211
0.129067
0.104679
0.112451
0.094495
0.113845
0.108056
0.105483
0.185936
0.404674
0.128209
0.184060
0.101410
0.128692
0.085651
0.159618
0.204588
0.180147
0.111165
0.118722
0.404888
0.255507
0.416626
0.246020
0.210055
0.137053
0.147934
0.130460
0.092298
0.125529
0.102106
0.090797
0.367422
0.278073
0.245377
0.126601
0.123171
0.204642
0.196655
0.198531
0.149220
0.224420
0.266227
0.111808
0.270193
0.464759
0.346036
0.257919
0.203034
0.170338
0.120866
0.072091
0.075360
0.115399
0.165621
0.126280
0.150453
0.101249
0.225385
0.181862
0.126548
0.142788
0.130836
0.149220
0.138929
0.127834
0.285255
0.184113
0.563488
0.355845
0.431259
0.199603
0.225492
0.216058
0.129442
0.119901
0.108806
0.083132
0.085169
0.094871
0.068553
0.143110
0.315699
0.297690
0.283218
0.130246
0.374230
0.257169
0.131532
0.157314
0.145200
0.171732
0.300102
0.275768
0.479713
0.360187
0.216058
0.145361
0.123278
0.096639
0.103393
0.082221
0.111540
0.091976
0.177145
0.389827
0.092459
0.102589
0.104197
0.093316
0.096103
0.112183
0.108538
0.126226
0.156831
0.276947
0.209894
0.421397
0.423434
0.238409
0.189741
0.165729
0.131104
0.094710
0.104143
0.083293
0.083186
0.080988
0.320202
0.292491
0.108914
0.120866
0.228011
0.265691
0.271587
0.193011
0.127030
0.202283
0.273624
0.307606
0.323096
0.272766
0.249558
0.365278
0.264887
0.145307
0.157046
0.112773
0.079166
0.104358
0.097443
0.089189
0.194619
0.294796
0.198317
0.112612
0.118615
0.251648
0.301549
0.240821
0.165729
0.160101
0.201319
0.469100
0.579568
0.688267
0.581337
0.308142
0.284665
0.215254
0.142681
0.118079
0.134748
0.105108
0.118508
0.108753
0.319880
0.569813
0.156456
0.126762
0.138875
0.131586
0.130407
0.140055
0.178056
0.265370
0.302943
0.431956
0.325079
0.311626
0.267353
0.300102
0.478319
0.202069
0.191242
0.167551
0.131532
0.131479
0.127352
0.112933
0.221204
0.527738
0.205392
0.254918
0.425631
0.253363
0.148899
0.174680
0.142681
0.237927
0.275875
0.489093
0.457040
0.526344
0.492148
0.337192
0.298815
0.190974
0.189259
0.136517
0.133676
0.136196
0.142681
0.141180
0.124297
0.107198
0.455754
0.539315
0.331189
0.172375
0.112451
0.151150
0.116364
0.120920
0.151632
0.234014
0.343839
0.333333
0.287935
0.156778
0.241947
0.281342
0.157957
0.137536
0.144021
0.102589
0.101195
0.136088
0.112880
0.141448
0.409873
0.252827
0.287131
0.133194
0.105269
0.196870
0.202659
0.332261
0.233960
0.472691
0.318915
0.189688
0.349306
0.326419
0.199550
0.144771
0.126923
0.102106
0.096371
0.099694
0.113737
0.107627
0.218524
0.438334
0.271480
0.118079
0.115667
0.204856
0.204052
0.267728
0.131908
0.117489
0.114917
0.228601
0.296564
0.257222
0.345340
0.351718
0.166265
0.127673
0.120330
0.097122
0.088117
0.105430
0.112612
0.084955
0.214933
0.402637
0.156617
0.123064
0.131961
0.129710
0.218470
0.168677
0.124404
0.110361
0.144128
0.216916
0.411535
0.361473
0.415447
0.187865
0.213754
0.214558
0.135981
0.120384
0.131854
0.138768
0.106716
0.119580
0.312644
0.478962
0.169320
0.163210
0.169373
0.108485
0.329474
0.182076
0.159886
0.234550
0.145897
0.179128
0.423862
0.260867
0.495739
0.200836
0.187061
0.114917
0.112612
0.124940
0.097015
0.090207
0.169159
0.146165
0.221311
0.376427
0.113684
0.144825
0.092459
0.095246
0.140215
0.088010
0.093745
0.104358
0.144664
0.272605
0.381573
0.381948
0.513855
0.213968
0.275017
0.184596
0.156992
0.150453
0.155866
0.141073
0.150667
0.240017
0.254489
0.283647
0.131586
0.128906
0.136142
0.132283
0.259527
0.267406
0.299780
0.263118
0.281128
0.392078
0.498794
0.272230
0.427561
0.536581
0.292330
0.208715
0.190009
0.163210
0.142252
0.157046
0.154580
0.111379
0.197138
0.268210
0.316289
0.586643
0.474942
0.882564
0.726108
0.320630
0.219435
0.181755
0.291151
0.490057
0.256419
0.324489
0.336281
0.468296
0.360187
0.201426
0.207429
0.158975
0.147451
0.131586
0.135392
0.128316
0.125851
0.233532
0.548534
0.436619
0.415340
0.246663
0.458809
0.398403
0.538618
0.523182
0.412767
0.320523
0.330439
0.270461
0.430294
0.466367
0.188187
0.154205
0.160369
0.127137
0.109182
0.144235
0.124457
0.109128
0.247146
0.451466
0.149059
0.171303
0.116900
0.117489
0.111915
0.256258
0.162620
0.124886
0.110950
0.412499
0.308303
0.576406
0.402476
0.320684
0.137214
0.151900
0.102214
0.102321
0.095031
0.124082
0.095246
0.094120
0.171357
0.571635
0.150828
0.112397
0.137268
0.118561
0.097443
0.101999
0.121724
0.263654
0.149435
0.245270
0.310982
0.500348
0.376159
0.183202
0.168945
0.115667
0.102214
0.092619
0.113577
0.101624
0.089618
0.089779
0.222276
0.267728
0.103339
0.119419
0.113148
0.110146
0.122045
0.144075
0.089189
0.076808
0.051804
0.056239
0.047228
0.041275
0.036342
0.036207
0.026653
0.018016
0.018468
0.022071
0.019317
0.018449
0.019515
0.018762
0.018118
0.024603
0.036555
0.029426
0.029908
0.051402
0.042558
0.026532
0.025888
0.032213
0.088278
0.060674
0.035804
0.032267
0.031302
0.035215
0.023852
0.017527
0.017420
0.018063
0.017902
0.020421
0.018867
0.017259
0.016777
0.030552
0.036983
0.035590
0.030069
0.033499
0.030498
0.027228
0.027979
0.033982
0.031999
0.061264
0.034303
0.031088
0.032481
0.031570
0.019296
0.024173
0.021064
0.017849
0.017313
0.016937
0.017098
0.017902
0.024548
0.057780
0.045184
0.053170
0.061157
0.038377
0.030980
0.030337
0.035483
0.036394
0.036019
0.055690
0.047703
0.040414
0.034035
0.031088
0.023423
0.021440
0.018438
0.017527
0.070215
0.097283
0.112397
0.129924
0.124752
0.140068
0.168121
0.150898
0.148317
0.149278
0.136466
0.134776
0.141007
0.144658
0.141445
0.160850
0.142198
0.145414
0.141770
0.132283
0.123117
0.123278
0.126119
0.125636
0.123064
0.123600
0.122689
0.126655
0.123975
0.146433
0.138554
0.140725
0.137951
0.133080
0.187428
0.213208
0.234325
0.241213
0.239430
0.252314
0.247795
0.252125
0.292000
0.244113
0.154302
0.125899
0.122008
0.095471
0.096109
0.090358
0.089610
0.085748
0.219006
0.329587
0.138356
0.118545
0.122270
0.121343
0.130996
0.150340
0.123964
0.122881
0.170826
0.231184
0.282098
0.311368
0.306341
0.276020
0.240816
0.183207
0.133730
0.116927
0.162231
0.133998
0.132015
0.133650
0.210002
0.440103
0.204025
0.161910
0.139974
0.169146
0.159973
0.146503
0.203873
0.253461
0.263864
0.340058
0.315933
0.353299
0.256619
0.309160
0.149595
0.156027
0.139465
0.123761
0.140698
0.125636
0.101034
0.092405
0.222597
0.518251
0.287720
0.224634
0.257330
0.131693
0.171517
0.141395
0.261296
0.272927
0.148095
0.184113
0.318754
0.329313
0.287828
0.353004
0.133355
0.103125
0.122689
0.072412
0.075682
0.095567
0.148952
0.079756
0.275285
0.477730
0.131693
0.281503
0.107252
0.117704
0.119044
0.091708
0.124457
0.107788
0.123761
0.167980
0.264351
0.431366
0.152865
0.357614
0.209573
0.097604
0.085491
0.161655
0.099426
0.095675
0.243019
0.103446
0.092351
0.130568
0.165889
0.280645
0.187758
0.317736
0.235140
0.409819
0.273838
0.278609
0.486949
0.305355
0.198424
0.171839
0.149863
0.184756
0.367637
0.197674
0.077665
0.109021
0.098301
0.081846
0.085705
0.084044
0.164174
0.199335
0.257490
0.194404
0.616873
0.253685
0.309535
0.141984
0.291472
0.282414
0.211502
0.175752
0.376266
0.231280
0.232513
0.295546
0.285576
0.125583
0.137214
0.111111
0.119473
0.104840
0.129120
0.122367
0.178110
0.514177
0.403709
0.408908
0.310554
0.359597
0.174251
0.156670
0.128960
0.177681
0.147451
0.208822
0.197620
0.166479
0.376588
0.290240
0.120009
0.145415
0.108699
0.114595
0.126119
0.115292
0.104465
0.120545
0.401726
0.350324
0.150185
0.162138
0.114970
0.113041
0.094120
0.108592
0.107574
0.099319
0.100123
0.222437
0.355577
0.200193
0.300852
0.321702
0.141234
0.097926
0.122474
0.084258
0.097872
0.090368
0.123171
0.093048
0.240714
0.369727
0.165621
0.141073
0.145629
0.246503
0.177896
0.086616
0.097229
0.095460
0.100606
0.098194
0.286434
0.206732
0.178324
0.310929
0.106180
0.099587
0.112612
0.085276
0.095889
0.082275
0.100498
0.080345
0.227797
0.488342
0.204213
0.186900
0.127030
0.141073
0.126226
0.127780
0.112344
0.134963
0.131157
0.270354
0.238409
0.440532
0.404781
0.386772
0.159350
0.082168
0.106716
0.092673
0.079434
0.081792
0.108217
0.079434
0.204374
0.413357
0.211074
0.298226
0.206786
0.086241
0.126869
0.103768
0.103822
0.104840
0.094013
0.147612
0.199175
0.151900
0.258402
0.370049
0.151471
0.107413
0.118990
0.093691
0.080345
0.084258
0.102964
0.092083
0.086831
0.144075
0.559093
0.524361
0.329045
0.283808
0.336871
0.297475
0.447982
0.359383
0.385378
0.332261
0.176985
0.168945
0.271641
0.347537
0.219221
0.183095
0.087259
0.100606
0.088278
0.079220
0.086884
0.115613
0.101892
0.124672
0.149488
0.450930
0.574315
0.229190
0.267567
0.359597
0.463633
0.335960
0.551482
0.413035
0.409123
0.261778
0.349735
0.309428
0.150239
0.128692
0.093048
0.082489
0.078469
0.111486
0.086831
0.087367
0.212414
0.423702
0.131532
0.130032
0.106448
0.094067
0.107306
0.164817
0.157689
0.153615
0.098783
0.163370
0.213486
0.221365
0.280753
0.210055
0.249933
0.099587
0.107413
0.119365
0.083508
0.098944
0.091387
0.103661
0.284826
0.459506
0.139197
0.136303
0.135552
0.103875
0.137053
0.113148
0.098462
0.139036
0.264137
0.169534
0.421022
0.398456
0.197781
0.274160
0.134641
0.130943
0.089457
0.083508
0.091976
0.108217
0.082436
0.080506
0.159726
0.374498
0.118025
0.149756
0.110146
0.088171
0.163210
0.138232
0.134909
0.097872
0.114970
0.172482
0.188616
0.178271
0.313770
0.355899
0.117811
0.101034
0.094281
0.082704
0.094174
0.101410
0.089296
0.096961
0.308624
0.324650
0.123600
0.132176
0.100874
0.106662
0.092191
0.155223
0.103768
0.115881
0.106126
0.229619
0.353058
0.412928
0.387040
0.157850
0.139358
0.108270
0.087795
0.093745
0.103714
0.082918
0.093638
0.100659
0.244144
0.513480
0.187490
0.107252
0.131586
0.094227
0.172161
0.174412
0.100659
0.123332
0.091387
0.171678
0.359811
0.251434
0.235676
0.197191
0.205017
0.097068
0.085008
0.116685
0.084044
0.085062
0.080345
0.091494
0.113845
0.173018
0.565739
0.362062
0.333387
0.289114
0.312537
0.228547
0.208983
0.293134
0.237659
0.440264
0.450126
0.244091
0.333709
0.289918
0.126976
0.128531
0.091976
0.088760
0.086563
0.116096
0.085651
0.087313
0.089243
0.130460
0.296939
0.366886
0.160476
0.221847
0.233800
0.182130
0.126440
0.148684
0.242536
0.284826
0.307981
0.238731
0.166050
0.371818
0.274213
0.117757
0.127459
0.114917
0.103554
0.101356
0.098944
0.098676
0.239696
0.461328
0.163317
0.131961
0.110361
0.259688
0.214772
0.162942
0.084633
0.101142
0.182344
0.150453
0.278019
0.164925
0.345500
0.218256
0.177949
0.102803
0.114434
0.091762
0.089939
0.117489
0.090904
0.089832
0.231656
0.397867
0.137375
0.149595
0.108538
0.197567
0.152543
0.088439
0.091789
0.134896
0.128799
0.164040
0.150654
0.162459
0.305944
0.332208
0.110361
0.113737
0.117650
0.092298
0.089189
0.121670
0.098676
0.086455
0.207214
0.473066
0.194404
0.135445
0.090422
0.128638
0.095192
0.084955
0.113148
0.095353
0.088599
0.167444
0.296564
0.175859
0.313341
0.352254
0.113791
0.144075
0.083561
0.078523
0.077344
0.109503
0.078469
0.078201
0.280592
0.428686
0.194511
0.106234
0.091172
0.122099
0.089779
0.096800
0.117114
0.110361
0.126280
0.278073
0.274964
0.165353
0.243180
0.270515
0.272873
0.109932
0.090047
0.109986
0.104733
0.102803
0.120277
0.102321
0.242429
0.462668
0.263547
0.219006
0.229994
0.157260
0.103286
0.189580
0.151525
0.107466
0.101517
0.180897
0.146433
0.120437
0.120759
0.160315
0.333494
0.260224
0.101249
0.110575
0.087956
0.094978
0.088278
0.113255
0.235836
0.203409
0.152704
0.194083
0.263547
0.516482
0.245270
0.405156
0.150185
0.662111
0.229297
0.155974
0.137160
0.211663
0.223455
0.369406
0.194351
0.098998
0.122474
0.072145
0.089082
0.091279
0.096425
0.079916
0.083347
0.110522
0.280913
0.334084
0.318647
0.469850
0.292759
0.190813
0.251916
0.614622
0.337246
0.247789
0.183095
0.219971
0.261725
0.176663
0.216755
0.088599
0.131854
0.076861
0.079970
0.106930
0.077397
0.076540
0.195905
0.534759
0.178592
0.108002
0.104143
0.100338
0.158386
0.112558
0.095889
0.100070
0.126708
0.237176
0.225331
0.219060
0.195851
0.365707
0.285201
0.143110
0.155330
0.124189
0.133623
0.124082
0.163049
0.140430
0.258348
0.472798
0.143646
0.130460
0.148845
0.134802
0.152329
0.213325
0.178700
0.132551
0.153133
0.156670
0.146862
0.369674
0.208930
0.533473
0.220078
0.118240
0.120545
0.091601
0.108967
0.111915
0.091976
0.100230
0.233049
0.409551
0.205231
0.146540
0.124993
0.107145
0.267406
0.130568
0.130675
0.255775
0.110843
0.161173
0.293992
0.168355
0.201211
0.325829
0.243930
0.102696
0.117221
0.103822
0.091815
0.091172
0.121885
0.102267
0.199496
0.404352
0.135124
0.135231
0.089671
0.100981
0.098140
0.115881
0.146326
0.155866
0.115077
0.141448
0.345608
0.209144
0.313555
0.270301
0.144396
0.119365
0.125422
0.089243
0.098890
0.089082
0.108914
0.094067
0.198424
0.378732
0.140751
0.137911
0.112880
0.108860
0.111486
0.101034
0.096479
0.085116
0.115131
0.116149
0.109986
0.163370
0.190545
0.397599
0.242268
0.094281
0.102106
0.117704
0.084687
0.083829
0.105269
0.133140
0.123493
0.122206
0.431795
0.389076
0.360937
0.173876
0.445195
0.383556
0.333601
0.416519
0.253417
0.131961
0.117436
0.107198
0.311786
0.366243
0.335852
0.114166
0.114166
0.094871
0.087635
0.088439
0.090904
0.101678
0.090851
0.092566
0.121777
0.310714
0.275446
0.484590
0.314895
0.455379
0.363510
0.258777
0.333441
0.304390
0.256847
0.239320
0.206303
0.200675
0.379268
0.237873
0.106448
0.122153
0.102106
0.079059
0.122957
0.175752
0.094871
0.352361
0.414804
0.142038
0.140966
0.100498
0.143592
0.142413
0.213486
0.207536
0.180147
0.194297
0.165193
0.241357
0.339068
0.213110
0.377070
0.168837
0.105858
0.129817
0.090422
0.092083
0.126226
0.087527
0.089457
0.099962
0.414429
0.163370
0.143324
0.163210
0.107091
0.106984
0.140108
0.162781
0.132980
0.175484
0.233371
0.365922
0.275446
0.305355
0.343356
0.140162
0.116042
0.133301
0.092834
0.093638
0.102589
0.111486
0.099105
0.222597
0.496007
0.142681
0.153937
0.111861
0.121134
0.117757
0.109986
0.121563
0.093799
0.106287
0.294849
0.295921
0.281932
0.342713
0.339015
0.127137
0.130514
0.100606
0.107252
0.099694
0.115989
0.119258
0.107198
0.223669
0.509835
0.141448
0.153776
0.228440
0.259581
0.167819
0.227529
0.194619
0.281717
0.185507
0.426703
0.229083
0.236962
0.179879
0.376481
0.274053
0.117382
0.125583
0.103929
0.119044
0.109021
0.130246
0.122528
0.238248
0.459613
0.249558
0.191027
0.180468
0.189902
0.145897
0.293241
0.146272
0.290347
0.214236
0.263440
0.272981
0.323310
0.202980
0.185882
0.357292
0.117811
0.144611
0.102750
0.090047
0.114113
0.129978
0.109235
0.108592
0.133784
0.216219
0.594737
0.507209
0.367422
0.264030
0.254971
0.516964
0.408694
0.410195
0.423219
0.409819
0.140537
0.251595
0.362813
0.285737
0.164657
0.090368
0.081846
0.081900
0.106770
0.079327
0.074128
0.100927
0.169427
0.481964
0.619714
0.354773
0.359168
0.328027
0.201640
0.271105
0.128692
0.171893
0.243233
0.491344
0.282361
0.236212
0.233049
0.200139
0.103339
0.113630
0.111111
0.093370
0.097122
0.147344
0.116739
0.234496
0.439781
0.164657
0.104947
0.127405
0.120330
0.112076
0.123975
0.097979
0.125636
0.132015
0.277269
0.419521
0.168462
0.194779
0.275071
0.103446
0.132068
0.092727
0.084258
0.099105
0.106770
0.087956
0.097604
0.331297
0.449804
0.127244
0.123707
0.112719
0.133033
0.111165
0.096318
0.098730
0.116417
0.135606
0.197727
0.371603
0.158171
0.243340
0.350110
0.131693
0.109664
0.074288
0.076218
0.106180
0.072037
0.075575
0.085705
0.257919
0.411856
0.179825
0.116632
0.218845
0.265798
0.259688
0.162030
0.109986
0.119901
0.111379
0.187276
0.370370
0.238463
0.235836
0.391435
0.174197
0.107091
0.107895
0.090743
0.099480
0.111326
0.149917
0.126119
0.248218
0.360455
0.141984
0.150024
0.117972
0.142842
0.203784
0.129228
0.118615
0.131157
0.157206
0.157153
0.267353
0.362652
0.300852
0.354719
0.132015
0.123385
0.093531
0.100498
0.089296
0.108056
0.105858
0.112022
0.359115
0.374176
0.197727
0.135284
0.193386
0.133355
0.155223
0.145522
0.125744
0.135070
0.130996
0.252291
0.242965
0.193171
0.300531
0.205231
0.121938
0.110146
0.116632
0.087367
0.101410
0.089350
0.102160
0.085919
0.151900
0.282629
0.337728
0.426167
0.376052
0.381412
0.330493
0.392989
0.297207
0.274910
0.112183
0.319183
0.503832
0.475586
0.349145
0.246127
0.324007
0.137750
0.124457
0.155813
0.171196
0.114809
0.118508
0.126065
0.205660
0.207804
0.335852
0.450608
0.237069
0.351289
0.206571
0.369727
0.329153
0.288149
0.261671
0.211020
0.299834
0.411642
0.141019
0.195959
0.197031
0.108753
0.111969
0.090475
0.104733
0.106126
0.094710
0.115774
0.298387
0.402208
0.112773
0.161494
0.175109
0.171732
0.129656
0.128048
0.125958
0.180093
0.358364
0.361848
0.243233
0.322881
0.196495
0.357346
0.290990
0.099051
0.093423
0.121563
0.084365
0.089939
0.114273
0.122581
0.255186
0.487485
0.174251
0.154526
0.116042
0.113737
0.146755
0.136839
0.110146
0.141180
0.169641
0.263011
0.232888
0.220614
0.331940
0.306963
0.194672
0.105537
0.134212
0.111272
0.105537
0.240660
0.219649
0.140805
0.328295
0.292812
0.114434
0.153990
0.135445
0.117918
0.154580
0.119205
0.152704
0.205392
0.176449
0.244198
0.353326
0.180683
0.259259
0.348395
0.185560
0.096693
0.134641
0.092780
0.090636
0.115774
0.108110
0.105108
0.111111
0.356488
0.402047
0.200836
0.101249
0.129067
0.100552
0.106126
0.080024
0.098783
0.084258
0.111701
0.112826
0.351664
0.178164
0.171571
0.325883
0.108163
0.092512
0.118240
0.100552
0.088063
0.101195
0.110146
0.170445
0.286702
0.145790
0.148255
0.142359
0.315163
0.171249
0.298976
0.295224
0.424345
0.117704
0.349467
0.448036
0.256365
0.242804
0.221472
0.246503
0.094710
0.178807
0.147666
0.098194
0.099534
0.099641
0.088599
0.107466
0.125958
0.563113
0.323846
0.324972
0.369459
0.122849
0.093638
0.093745
0.101249
0.088224
0.165085
0.203838
0.167980
0.132872
0.281289
0.377499
0.136410
0.101142
0.126548
0.091119
0.091065
0.124243
0.124565
0.108270
0.121563
0.162138
0.413518
0.304658
0.204856
0.498633
0.409873
0.255239
0.362652
0.323149
0.410409
0.353594
0.158010
0.182773
0.209358
0.228172
0.140966
0.120384
0.107091
0.102374
0.147987
0.129656
0.118133
0.196870
0.556788
0.493113
0.207536
0.149917
0.187865
0.193493
0.244251
0.227421
0.156295
0.212360
0.188616
0.202605
0.212360
0.191242
0.375891
0.171142
0.102267
0.111861
0.092191
0.084044
0.085544
0.118401
0.093691
0.205124
0.456022
0.129764
0.144879
0.106555
0.108806
0.211020
0.230744
0.181487
0.186364
0.154634
0.342660
0.342392
0.200622
0.274749
0.394168
0.200675
0.114488
0.124350
0.096264
0.090475
0.102053
0.108967
0.111486
0.278073
0.486573
0.152865
0.131854
0.105698
0.108806
0.108646
0.139787
0.109021
0.119044
0.161709
0.247253
0.337460
0.240928
0.296832
0.392989
0.121777
0.105322
0.118401
0.103661
0.084901
0.097175
0.108806
0.092673
0.228386
0.445141
0.204856
0.137750
0.105376
0.112933
0.122528
0.257169
0.113845
0.099480
0.108378
0.190920
0.474567
0.242912
0.278019
0.363402
0.155170
0.108163
0.117650
0.091494
0.101356
0.105537
0.098087
0.110200
0.202498
0.384681
0.236426
0.137375
0.089511
0.122099
0.099319
0.261457
0.207965
0.093370
0.095460
0.151364
0.195959
0.314734
0.400547
0.342767
0.137911
0.123546
0.105108
0.090475
0.085651
0.121831
0.090261
0.097336
0.109289
0.134909
0.408855
0.307123
0.320630
0.441818
0.194297
0.328241
0.414215
0.297047
0.409980
0.377231
0.513909
0.249879
0.205070
0.418020
0.340784
0.097122
0.121670
0.150185
0.105322
0.120759
0.086187
0.089671
0.100177
0.135499
0.324382
0.528810
0.249129
0.296832
0.284183
0.202337
0.146433
0.256258
0.215040
0.260760
0.314466
0.265209
0.276411
0.333441
0.146326
0.102106
0.090690
0.083561
0.079273
0.107681
0.079327
0.078094
0.181326
0.451948
0.113952
0.106877
0.096264
0.115077
0.096318
0.091440
0.069304
0.095567
0.111594
0.231816
0.551589
0.274481
0.188348
0.380501
0.247521
0.091655
0.133998
0.099802
0.095460
0.129496
0.121402
0.126226
0.250469
0.440103
0.173608
0.174358
0.123332
0.292116
0.131961
0.219542
0.136571
0.133087
0.144396
0.228869
0.238570
0.183577
0.236319
0.416787
0.328134
0.121885
0.142306
0.110093
0.123117
0.163746
0.130943
0.136839
0.278609
0.463740
0.172536
0.134641
0.138393
0.147344
0.120437
0.165729
0.134052
0.184220
0.185453
0.261189
0.465455
0.303532
0.248861
0.373533
0.208769
0.107627
0.134373
0.105322
0.108753
0.136249
0.106555
0.112612
0.235944
0.430294
0.149703
0.151632
0.223884
0.241893
0.108270
0.174251
0.106877
0.106394
0.153562
0.284451
0.227153
0.190760
0.368602
0.324597
0.131908
0.106984
0.134748
0.096050
0.115935
0.102535
0.112129
0.110146
0.232352
0.403655
0.204588
0.233907
0.207911
0.175645
0.093155
0.120062
0.094763
0.103554
0.136732
0.359811
0.398778
0.215094
0.331565
0.235193
0.244466
0.115560
0.121188
0.097604
0.092083
0.104894
0.125261
0.113201
0.140430
0.433725
0.319719
0.248968
0.313662
0.440532
0.284076
0.485394
0.353969
0.235408
0.204213
0.226832
0.199657
0.188830
0.292759
0.412124
0.386075
0.152382
0.118133
0.123064
0.098998
0.111701
0.135445
0.122474
0.118347
0.171303
0.589377
0.502600
0.343464
0.269122
0.217452
0.204534
0.166640
0.203141
0.203302
0.446213
0.574958
0.230423
0.202873
0.271319
0.146058
0.189795
0.108217
0.105966
0.106984
0.123761
0.095996
0.098140
0.241625
0.462561
0.186525
0.117972
0.126548
0.132604
0.112290
0.110682
0.116739
0.107574
0.118508
0.247307
0.428365
0.235729
0.356113
0.359061
0.168730
0.152061
0.150453
0.105751
0.122957
0.115828
0.117275
0.130836
0.254382
0.409391
0.127727
0.139787
0.104143
0.172804
0.189312
0.167926
0.120491
0.153294
0.130032
0.260492
0.271105
0.236212
0.223080
0.309053
0.316610
0.135392
0.102053
0.118293
0.105001
0.090529
0.108270
0.097015
0.199282
0.501528
0.149971
0.246824
0.156456
0.100981
0.189795
0.172375
0.207161
0.161709
0.146594
0.412124
0.423487
0.257169
0.351503
0.466367
0.208662
0.197138
0.108378
0.112397
0.103339
0.087420
0.099212
0.109342
0.269443
0.461811
0.129120
0.094013
0.128209
0.101142
0.108753
0.115024
0.100338
0.115935
0.098408
0.299566
0.521198
0.280753
0.379697
0.354773
0.150399
0.194779
0.222973
0.165997
0.105698
0.116739
0.090958
0.115185
0.236104
0.440317
0.152865
0.120437
0.103982
0.147612
0.170928
0.101249
0.109450
0.103071
0.093477
0.237176
0.371496
0.319451
0.206357
0.410355
0.254971
0.185507
0.186900
0.098247
0.100123
0.133676
0.109342
0.090690
0.175377
0.252559
0.342177
0.295117
0.406496
0.490111
0.461811
0.299512
0.267567
0.321595
0.138661
0.145790
0.257008
0.313019
0.265048
0.221579
0.388755
0.222437
0.199443
0.130996
0.094174
0.123064
0.108378
0.111647
0.104733
0.143163
0.210966
0.477890
0.325401
0.137536
0.144450
0.147612
0.124457
0.117972
0.195798
0.440157
0.412553
0.319451
0.305944
0.357560
0.218417
0.167712
0.166425
0.097765
0.101356
0.104626
0.131961
0.107145
0.186525
0.494935
0.227850
0.144557
0.144932
0.088063
0.102910
0.207268
0.281235
0.104626
0.114595
0.327598
0.534384
0.428793
0.265638
0.392453
0.322828
0.191027
0.194833
0.136464
0.089564
0.094281
0.084794
0.078844
0.212038
0.409873
0.142413
0.124618
0.111861
0.143217
0.145093
0.156134
0.093048
0.097443
0.110146
0.288900
0.459935
0.194779
0.281825
0.379268
0.205017
0.193815
0.155706
0.098408
0.103232
0.089028
0.089564
0.115238
0.220614
0.497347
0.129228
0.132229
0.141287
0.132872
0.118561
0.113094
0.106984
0.099748
0.102053
0.187758
0.177360
0.209573
0.181058
0.381948
0.302139
0.174841
0.187812
0.092995
0.107574
0.110950
0.090422
0.099641
0.144182
0.613979
0.292062
0.131747
0.299512
0.169588
0.110790
0.117007
0.099212
0.220346
0.139840
0.235890
0.404459
0.253899
0.316610
0.215790
0.306427
0.183524
0.182988
0.124136
0.101785
0.107574
0.096211
0.117865
0.310071
0.436726
0.187758
0.241143
0.238570
0.129496
0.289382
0.107145
0.208018
0.134748
0.191456
0.419789
0.313448
0.364474
0.389237
0.436297
0.233960
0.212146
0.176449
0.123600
0.110950
0.125315
0.117436
0.112129
0.105858
0.229458
0.614086
0.609637
0.608940
0.563810
0.322881
0.227046
0.187008
0.181808
0.242054
0.474353
0.554323
0.655732
0.302782
0.375409
0.329581
0.214933
0.190009
0.147023
0.115131
0.103286
0.117489
0.110468
0.104626
0.116310
0.323953
0.529721
0.259902
0.169588
0.131800
0.247575
0.348716
0.384360
0.486573
0.174305
0.165514
0.154848
0.197031
0.202712
0.301603
0.486091
0.249397
0.147559
0.114381
0.118883
0.117007
0.134373
0.113791
0.134105
0.323900
0.420539
0.336335
0.395133
0.518519
0.461489
0.234443
0.312376
0.290615
0.482982
0.333226
0.190277
0.281985
0.381787
0.332261
0.228172
0.234228
0.117543
0.127566
0.141716
0.130246
0.135177
0.307445
0.418556
0.155706
0.149113
0.144986
0.206625
0.181112
0.206839
0.130246
0.131372
0.138715
0.357935
0.454628
0.360347
0.369352
0.468618
0.297529
0.156188
0.139947
0.132176
0.122421
0.141663
0.127727
0.137804
0.261778
0.531061
0.172375
0.161066
0.235890
0.259259
0.213646
0.142306
0.111915
0.134105
0.118454
0.335960
0.725358
0.431527
0.382109
0.459184
0.253256
0.194994
0.148095
0.109396
0.132229
0.129603
0.118079
0.120384
0.433349
0.354291
0.131157
0.156188
0.152382
0.121670
0.142038
0.215147
0.124082
0.143753
0.248700
0.480195
0.368441
0.447339
0.371871
0.436351
0.234389
0.175484
0.098462
0.097551
0.106448
0.122313
0.103822
0.109610
0.334137
0.354130
0.199443
0.146433
0.126065
0.112344
0.137804
0.114434
0.121563
0.138072
0.113737
0.217237
0.366940
0.464383
0.198960
0.358043
0.452056
0.235622
0.223723
0.159672
0.161334
0.127888
0.129120
0.148791
0.140698
0.102267
0.399528
0.549552
0.362116
0.147344
0.162406
0.138983
0.113469
0.277054
0.214129
0.218095
0.278930
0.194672
0.273302
0.159940
0.187008
0.136839
0.134159
0.112665
0.132122
0.117865
0.129871
0.123546
0.129174
0.149006
0.317361
0.174412
0.187758
0.161494
0.224581
0.361044
0.381412
0.180200
0.197727
0.268425
0.417055
0.414161
0.260492
0.143592
0.175859
0.137214
