0.062013
0.069699
0.115487
0.062662
0.064493
0.059996
0.048685
0.046591
0.067468
0.108875
0.177866
0.250410
0.146764
0.266499
0.082648
0.144155
0.047167
0.090529
0.099701
0.126826
0.121565
0.103793
0.212406
0.117285
0.076159
0.131800
0.038026
0.057861
0.060286
0.046926
0.040484
0.098889
0.053121
0.104956
0.145929
0.131274
0.209414
0.113703
0.195977
0.197796
0.195084
0.361914
0.139867
0.168126
0.130038
0.132748
0.262423
0.126253
0.061680
0.057909
0.071035
0.060252
0.053401
0.186697
0.132589
0.134420
0.070890
0.042855
0.107876
0.068128
0.105403
0.170146
0.071096
0.122408
0.076037
0.310002
0.371618
0.388673
0.225796
0.204785
0.109715
0.087565
0.110137
0.061310
0.064280
0.051422
0.102143
0.180533
0.236416
0.176039
0.087116
0.087703
0.119906
0.054559
0.080415
0.080594
0.112413
0.095716
0.139999
0.134018
0.262981
0.134862
0.136198
0.156089
0.091776
0.090359
0.088007
0.058860
0.065060
0.073678
0.054241
0.159492
0.156621
0.159998
0.156230
0.200751
0.085509
0.122706
0.252594
0.210516
0.062841
0.075749
0.119756
0.167526
0.172282
0.459007
0.146534
0.231112
0.292447
0.116188
0.155598
0.053526
0.060775
0.062997
0.059535
0.057444
0.245246
0.190383
0.061229
0.119250
0.120011
0.078793
0.162338
0.087072
0.081651
0.178492
0.100994
0.232359
0.141556
0.201822
0.121810
0.176739
0.149008
0.136607
0.138741
0.076097
0.059543
0.057506
0.074410
0.049707
0.104136
0.085668
0.260585
0.115462
0.220817
0.194209
0.238839
0.525505
0.238725
0.136260
0.267382
0.356322
0.064495
0.151143
0.114809
0.346976
0.082639
0.088429
0.084333
0.044391
0.048794
0.070006
0.068084
0.043374
0.044268
0.050604
0.051287
0.441104
0.270684
0.239320
0.208571
0.267116
0.131110
0.320868
0.382449
0.275603
0.251010
0.382519
0.277765
0.104597
0.125666
0.120042
0.068746
0.091048
0.063053
0.092254
0.081126
0.138917
0.226167
0.152582
0.071679
0.089872
0.108750
0.064773
0.122741
0.076352
0.048220
0.074363
0.105453
0.164331
0.370733
0.270199
0.240256
0.132908
0.134749
0.104282
0.085050
0.069813
0.062769
0.053182
0.059571
0.190082
0.199442
0.165812
0.059748
0.080910
0.119834
0.164730
0.129334
0.070457
0.055588
0.123360
0.100430
0.139165
0.235421
0.230353
0.182391
0.119849
0.073763
0.074573
0.052114
0.038821
0.100318
0.070088
0.043124
0.161693
0.156233
0.150796
0.061469
0.063283
0.140512
0.042004
0.077142
0.125179
0.058079
0.094757
0.140456
0.197377
0.184719
0.295460
0.177411
0.124009
0.151684
0.084355
0.050761
0.043664
0.044803
0.072733
0.047172
0.166132
0.053424
0.154715
0.183839
0.137119
0.105926
0.053275
0.163509
0.084838
0.066785
0.087925
0.137580
0.121557
0.276195
0.202732
0.240565
0.128979
0.143837
0.112477
0.084532
0.050122
0.065696
0.074087
0.075875
0.217828
0.143683
0.124470
0.113072
0.229706
0.127848
0.180858
0.097720
0.091531
0.076393
0.140594
0.118664
0.216769
0.183352
0.230268
0.146515
0.210623
0.132342
0.105668
0.068798
0.078076
0.039320
0.063885
0.062961
0.043171
0.121179
0.056262
0.177432
0.343949
0.306959
0.460959
0.279472
0.197306
0.164243
0.127131
0.057650
0.145277
0.157497
0.098988
0.056961
0.153136
0.194547
0.094917
0.078956
0.059410
0.042944
0.061677
0.051028
0.041090
0.085778
0.099578
0.080908
0.187915
0.278125
0.375331
0.359300
0.309060
0.328394
0.173102
0.103602
0.142963
0.499808
0.342143
0.250054
0.251592
0.093676
0.105062
0.065904
0.075945
0.057237
0.079470
0.046763
0.078529
0.168370
0.095565
0.059651
0.146223
0.130996
0.105576
0.178912
0.178931
0.263520
0.212294
0.136459
0.169417
0.287760
0.403754
0.350619
0.104967
0.069860
0.103927
0.059983
0.050457
0.056679
0.051409
0.045207
0.046824
0.263729
0.130758
0.238801
0.135800
0.163338
0.088049
0.089680
0.091737
0.049650
0.068723
0.198171
0.226250
0.379976
0.325397
0.155305
0.135955
0.131681
0.095482
0.093416
0.132399
0.058813
0.057407
0.032577
0.184171
0.227257
0.101399
0.066062
0.128324
0.065637
0.046345
0.118156
0.096447
0.058097
0.076007
0.125168
0.113302
0.145476
0.066067
0.114559
0.080500
0.075817
0.059452
0.058769
0.071006
0.047031
0.045095
0.051829
0.220212
0.252257
0.085388
0.030913
0.065819
0.082889
0.065188
0.164095
0.208746
0.049676
0.047302
0.060694
0.159690
0.227373
0.157137
0.132794
0.083830
0.129217
0.096943
0.069526
0.064010
0.060228
0.034753
0.081038
0.148573
0.116933
0.114827
0.052830
0.073682
0.082228
0.066968
0.108335
0.095286
0.097603
0.080451
0.161371
0.110962
0.139810
0.159768
0.300447
0.115369
0.142825
0.244053
0.094244
0.062018
0.051866
0.039061
0.086237
0.088814
0.087657
0.234270
0.114357
0.264788
0.140405
0.135549
0.288981
0.165734
0.095303
0.083027
0.064575
0.200552
0.135379
0.468965
0.117899
0.102839
0.105674
0.067781
0.069436
0.090383
0.042697
0.033520
0.055083
0.034295
0.085997
0.038065
0.104739
0.168192
0.159311
0.172009
0.337058
0.432671
0.120390
0.321396
0.106665
0.239598
0.357838
0.174094
0.212223
0.148722
0.094535
0.065531
0.073168
0.102344
0.043155
0.040297
0.041488
0.214798
0.056060
0.078021
0.154626
0.161511
0.112172
0.106880
0.170752
0.119676
0.068802
0.049032
0.131317
0.172132
0.399373
0.163916
0.397013
0.125828
0.092011
0.053832
0.048119
0.058059
0.035918
0.090784
0.060900
0.129682
0.068856
0.094494
0.064894
0.148912
0.052500
0.081614
0.054263
0.049150
0.064857
0.069998
0.072610
0.122137
0.103277
0.180251
0.095429
0.106277
0.101215
0.068328
0.065855
0.057282
0.058554
0.045630
0.053350
0.093575
0.052585
0.064533
0.079258
0.082116
0.218295
0.170615
0.130193
0.358509
0.177400
0.051778
0.169027
0.190811
0.413362
0.110447
0.129530
0.103907
0.108196
0.069445
0.044445
0.066413
0.054204
0.041449
0.078780
0.118079
0.071155
0.058808
0.085942
0.080574
0.124494
0.086879
0.149871
0.077705
0.079237
0.111208
0.073315
0.222917
0.112096
0.143891
0.150181
0.125651
0.133979
0.065320
0.034482
0.041420
0.065039
0.052231
0.048682
0.184076
0.115012
0.095359
0.085465
0.174188
0.142601
0.070027
0.128503
0.170598
0.051130
0.095237
0.102344
0.141916
0.135697
0.084599
0.067903
0.069316
0.063120
0.056642
0.090706
0.059057
0.047670
0.046596
0.045003
0.081084
0.060579
0.110768
0.357351
0.106987
0.264973
0.385499
0.207465
0.060637
0.259632
0.074517
0.143183
0.096812
0.143382
0.194722
0.172642
0.080734
0.123304
0.062163
0.056556
0.040244
0.071146
0.061986
0.062241
0.036350
0.106748
0.052341
0.099356
0.148584
0.208111
0.177415
0.338082
0.213905
0.103777
0.182977
0.304989
0.293886
0.125791
0.286527
0.093555
0.237733
0.075455
0.081873
0.166524
0.090987
0.035482
0.057640
0.056128
0.092125
0.042290
0.082976
0.089233
0.202145
0.146900
0.191927
0.211219
0.136922
0.044320
0.036029
0.166392
0.226843
0.222319
0.344085
0.161228
0.127415
0.099122
0.047279
0.037954
0.050809
0.072486
0.050962
0.080846
0.198176
0.051157
0.097337
0.113531
0.082178
0.055216
0.086616
0.221524
0.054741
0.082794
0.069374
0.072435
0.106746
0.123477
0.164218
0.131758
0.221074
0.229448
0.089208
0.044121
0.079301
0.034701
0.038751
0.033129
0.146636
0.092607
0.101249
0.150250
0.118883
0.064371
0.033706
0.086907
0.057742
0.067033
0.126875
0.142070
0.096145
0.269560
0.129705
0.158841
0.196161
0.115990
0.135777
0.069768
0.042487
0.046346
0.066437
0.070737
0.179645
0.056107
0.076118
0.146707
0.199570
0.131146
0.112497
0.090366
0.073002
0.199855
0.118871
0.124005
0.129263
0.186701
0.279285
0.258267
0.085327
0.119847
0.063227
0.038757
0.037662
0.058343
0.047420
0.082924
0.152697
0.196733
0.203675
0.071888
0.168187
0.102964
0.146948
0.337576
0.240188
0.063093
0.059435
0.067028
0.125947
0.223835
0.147535
0.436610
0.234335
0.101489
0.087083
0.047430
0.073816
0.050913
0.044230
0.056297
0.062360
0.095909
0.084670
0.286561
0.121591
0.062605
0.092438
0.250978
0.254441
0.077395
0.058708
0.106482
0.117369
0.033035
0.083141
0.076551
0.066383
0.171202
0.245602
0.092736
0.044246
0.031916
0.051134
0.072702
0.047160
0.059558
0.047881
0.271152
0.345431
0.112823
0.104287
0.113241
0.093473
0.132761
0.110371
0.082492
0.195808
0.199004
0.193118
0.106914
0.115813
0.118298
0.050256
0.063372
0.045886
0.032713
0.066462
0.043042
0.232811
0.069602
0.091721
0.117788
0.153367
0.117972
0.037661
0.120121
0.050144
0.063694
0.047322
0.245836
0.099769
0.283963
0.199947
0.124262
0.133892
0.054068
0.061014
0.027443
0.067401
0.050995
0.037159
0.045080
0.052251
0.168830
0.157348
0.081756
0.239809
0.062621
0.059608
0.062185
0.112275
0.184636
0.071996
0.136598
0.094995
0.282870
0.208878
0.242500
0.079987
0.050555
0.058636
0.051088
0.060645
0.049350
0.060265
0.049817
0.043160
0.158550
0.124975
0.096846
0.152138
0.049912
0.059965
0.043118
0.056094
0.055759
0.105040
0.084532
0.093792
0.258657
0.358731
0.235954
0.200667
0.073211
0.102443
0.058836
0.054476
0.048361
0.042319
0.053975
0.031160
0.066404
0.057717
0.137480
0.125752
0.255412
0.090712
0.120307
0.071532
0.060750
0.048987
0.069806
0.172211
0.122189
0.137793
0.166363
0.101296
0.068369
0.059096
0.064789
0.043385
0.106554
0.056600
0.063903
0.047352
0.052525
0.057555
0.108043
0.110299
0.167209
0.168752
0.150512
0.042423
0.067546
0.069636
0.094429
0.154508
0.078934
0.056101
0.074367
0.130800
0.114816
0.060123
0.042475
0.031956
0.033593
0.030434
0.041077
0.052796
0.028783
0.122037
0.079649
0.134062
0.098046
0.278031
0.191353
0.100222
0.066244
0.092758
0.067968
0.073734
0.039719
0.043680
0.054248
0.161315
0.111238
0.043895
0.049900
0.042259
0.028565
0.048772
0.079622
0.052138
0.047696
0.032836
0.093147
0.075481
0.072918
0.126006
0.159517
0.073767
0.094483
0.036041
0.077745
0.178753
0.096675
0.177886
0.154577
0.214275
0.138620
0.042654
0.047710
0.072839
0.097367
0.063422
0.044795
0.161542
0.135715
0.091153
0.055952
0.189812
0.065235
0.208589
0.097278
0.082177
0.062576
0.037901
0.086054
0.128344
0.121326
0.457098
0.136132
0.120488
0.079631
0.038462
0.062725
0.031472
0.065096
0.057008
0.033533
0.186932
0.045585
0.130270
0.097125
0.086325
0.361340
0.059560
0.089308
0.073938
0.053434
0.079954
0.072707
0.103908
0.192816
0.296500
0.158057
0.212552
0.157472
0.052298
0.076267
0.064227
0.038645
0.049104
0.039647
0.171781
0.107463
0.053433
0.110517
0.126748
0.083103
0.273626
0.058583
0.086724
0.027933
0.066677
0.058930
0.196803
0.198431
0.120233
0.289321
0.304589
0.089250
0.063863
0.062961
0.075151
0.063099
0.057451
0.044440
0.078878
0.241783
0.152110
0.046589
0.036370
0.057439
0.035723
0.150161
0.043865
0.076117
0.057954
0.197915
0.186508
0.098286
0.217469
0.124922
0.119103
0.065951
0.048540
0.031802
0.069448
0.046399
0.038526
0.043752
0.204029
0.047793
0.128324
0.090191
0.140017
0.120682
0.086434
0.221435
0.047115
0.065744
0.057404
0.050463
0.053112
0.119994
0.073213
0.198991
0.091498
0.124761
0.043892
0.048619
0.055266
0.068828
0.042914
0.023300
0.026431
0.031297
0.038018
0.071713
0.126031
0.118702
0.170598
0.182609
0.081568
0.087812
0.170007
0.074077
0.031190
0.040400
0.036605
0.059017
0.068497
0.065371
0.042926
0.049135
0.031272
0.038696
0.027512
0.073712
0.033651
0.050226
0.057334
0.148624
0.174201
0.086601
0.048122
0.175226
0.061870
0.087211
0.074380
0.235799
0.242650
0.273499
0.209922
0.157625
0.072982
0.052483
0.042608
0.054933
0.099277
0.044043
0.041910
0.035408
0.033532
0.025496
0.061262
0.055054
0.039732
0.267833
0.184213
0.242842
0.203536
0.053246
0.071553
0.062624
0.177821
0.124742
0.084833
0.095581
0.066869
0.258880
0.205034
0.090510
0.120722
0.035292
0.045500
0.024658
0.024866
0.049720
0.068274
0.094779
0.272991
0.059604
0.074186
0.039892
0.022394
0.052696
0.076273
0.048205
0.122821
0.113007
0.141213
0.257590
0.130365
0.074317
0.084565
0.044559
0.034992
0.038534
0.050481
0.107784
0.065354
0.042221
0.091137
0.065153
0.052439
0.199366
0.167452
0.137280
0.062960
0.029994
0.117404
0.157846
0.049364
0.155552
0.080919
0.124085
0.111935
0.106116
0.100702
0.045482
0.029960
0.038125
0.043075
0.037787
0.032724
0.041612
0.130399
0.127773
0.112945
0.165983
0.156487
0.056534
0.144495
0.102291
0.060655
0.101300
0.267299
0.137705
0.120220
0.141042
0.074920
0.076293
0.065436
0.039207
0.038225
0.050516
0.067471
0.059749
0.059534
0.037021
0.064653
0.127655
0.114568
0.121006
0.135489
0.181196
0.081581
0.093173
0.095163
0.067791
0.104563
0.182909
0.173894
0.152512
0.138575
0.073154
0.059606
0.082171
0.050752
0.048173
0.238454
0.090041
0.069184
0.046882
0.057059
0.050695
0.128764
0.153777
0.114257
0.084226
0.071324
0.098997
0.083608
0.071805
0.211325
0.143978
0.087278
0.155509
0.085817
0.065475
0.057330
0.048133
0.058851
0.037415
0.031101
0.045954
0.035114
0.039487
0.039031
0.056053
0.150155
0.200262
0.356167
0.126148
0.046864
0.089240
0.073883
0.053005
0.209687
0.392411
0.194808
0.075041
0.084132
0.082573
0.129363
0.114934
0.041365
0.053029
0.031494
0.048350
0.156499
0.191617
0.064801
0.095048
0.114580
0.110149
0.086325
0.325921
0.062600
0.163239
0.104120
0.184401
0.071041
0.096214
0.181921
0.235666
0.104601
0.061889
0.058901
0.117564
0.038726
0.036724
0.046086
0.037730
0.206428
0.250029
0.098370
0.045096
0.154926
0.100769
0.072685
0.290906
0.081243
0.057948
0.085438
0.057837
0.188346
0.225712
0.126318
0.119266
0.041615
0.069543
0.061793
0.065497
0.034747
0.049656
0.045181
0.034325
0.080026
0.122379
0.081543
0.098196
0.165453
0.146312
0.107021
0.157094
0.178572
0.176073
0.251274
0.323454
0.224247
0.162181
0.162085
0.158623
0.072386
0.297454
0.037831
0.052466
0.107505
0.059107
0.058165
0.050962
0.050024
0.073832
0.041586
0.110393
0.108562
0.084917
0.115356
0.079597
0.067557
0.039603
0.074714
0.056602
0.072421
0.144794
0.112363
0.093827
0.063508
0.192271
0.068094
0.082782
0.042148
0.037139
0.055050
0.053801
0.063024
0.063775
0.074211
0.147682
0.051010
0.164742
0.054529
0.076789
0.074982
0.100160
0.093654
0.056830
0.074032
0.089484
0.067941
0.054880
0.106537
0.152310
0.104601
0.061497
0.055062
0.054127
0.055098
0.056207
0.032010
0.040800
0.051751
0.059008
0.084857
0.135869
0.117244
0.134571
0.204652
0.267942
0.178901
0.161936
0.095494
0.056958
0.082150
0.068054
0.070385
0.072060
0.037833
0.058323
0.034157
0.110409
0.077248
0.045159
0.037402
0.047531
0.027359
0.104982
0.161771
0.097045
0.044277
0.102518
0.050988
0.075641
0.084749
0.063648
0.104759
0.062319
0.151731
0.084419
0.058730
0.086731
0.053305
0.044904
0.027456
0.036616
0.040166
0.045059
0.036561
0.047753
0.214962
0.102895
0.079480
0.192157
0.036340
0.105223
0.059011
0.058258
0.032020
0.063126
0.197990
0.265871
0.071665
0.260061
0.156698
0.067091
0.066051
0.040792
0.034329
0.026829
0.038532
0.033612
0.071972
0.060077
0.116436
0.219951
0.256462
0.173835
0.085136
0.069937
0.125319
0.052981
0.029896
0.059100
0.181836
0.182748
0.136224
0.069242
0.084836
0.157523
0.065786
0.042663
0.059449
0.047722
0.085934
0.056748
0.044513
0.045347
0.078934
0.058551
0.092678
0.213069
0.119011
0.075751
0.033228
0.035300
0.051813
0.100384
0.139654
0.346861
0.176441
0.195004
0.061198
0.057521
0.067538
0.043479
0.031766
0.030129
0.052805
0.049070
0.066138
0.061008
0.071363
0.140113
0.090005
0.126997
0.108095
0.048594
0.037295
0.058229
0.043980
0.099384
0.136733
0.155737
0.181770
0.129773
0.227300
0.149289
0.167138
0.028939
0.035011
0.115242
0.075876
0.034862
0.050965
0.039221
0.061557
0.070980
0.126239
0.077491
0.073191
0.066730
0.102833
0.078137
0.042877
0.056393
0.112537
0.073102
0.154554
0.091492
0.065247
0.135300
0.060663
0.049667
0.057837
0.045918
0.054108
0.099976
0.060804
0.041198
0.034571
0.099622
0.078700
0.063157
0.178825
0.157064
0.089229
0.104116
0.049645
0.080236
0.043436
0.115027
0.077815
0.084216
0.112114
0.059916
0.051642
0.037052
0.043380
0.037447
0.061789
0.050158
0.060218
0.112774
0.035340
0.108582
0.126268
0.191538
0.239926
0.226523
0.308692
0.081584
0.077808
0.210293
0.214585
0.143673
0.126866
0.066566
0.152142
0.087346
0.097379
0.040963
0.106296
0.032847
0.059413
0.057240
0.142856
0.116629
0.089334
0.062032
0.052506
0.083440
0.065860
0.043497
0.053949
0.070059
0.073383
0.078744
0.148110
0.072240
0.066964
0.183158
0.080330
0.082033
0.053695
0.040928
0.045145
0.050970
0.045552
0.150550
0.471975
0.131434
0.137951
0.077920
0.237896
0.183553
0.118227
0.111744
0.063845
0.063419
0.093263
0.224271
0.204349
0.224966
0.088139
0.075181
0.113091
0.196608
0.055937
0.045628
0.055511
0.040795
0.040798
0.067136
0.226375
0.093063
0.110155
0.093141
0.193898
0.067963
0.086021
0.074146
0.077582
0.050860
0.064704
0.071918
0.174874
0.215548
0.152759
0.131832
0.096750
0.117497
0.034546
0.050184
0.034774
0.040472
0.091156
0.049580
0.144438
0.093600
0.056057
0.073713
0.150708
0.174524
0.111781
0.251073
0.070866
0.082639
0.087626
0.084825
0.158078
0.281302
0.208540
0.155267
0.170156
0.077335
0.059495
0.066267
0.048107
0.047168
0.052395
0.041007
0.255681
0.069375
0.065750
0.202263
0.102113
0.046524
0.081079
0.081422
0.087757
0.066494
0.086485
0.198106
0.162355
0.172389
0.141354
0.298790
0.185933
0.114892
0.238416
0.052720
0.045940
0.038586
0.055575
0.044352
0.089903
0.052943
0.353070
0.331086
0.261810
0.256762
0.143400
0.180365
0.211768
0.139089
0.132992
0.104416
0.072255
0.096197
0.136851
0.093299
0.093075
0.061890
0.066336
0.063954
0.064736
0.052443
0.058228
0.055954
0.080419
0.052681
0.089828
0.202411
0.135955
0.122587
0.105937
0.193598
0.100059
0.074134
0.105391
0.179147
0.172170
0.264657
0.184541
0.202649
0.111201
0.083063
0.046690
0.044401
0.035103
0.058659
0.053506
0.052884
0.229514
0.237390
0.089939
0.046632
0.073333
0.063125
0.061268
0.093582
0.087791
0.109861
0.064022
0.068272
0.111119
0.108065
0.226726
0.203414
0.065189
0.071670
0.076613
0.057427
0.047358
0.058732
0.084100
0.069280
0.192317
0.064285
0.069614
0.153090
0.066509
0.253277
0.069834
0.064380
0.184818
0.086469
0.088279
0.062765
0.160164
0.192794
0.178303
0.138010
0.082638
0.072533
0.065693
0.050061
0.039947
0.062324
0.060994
0.043450
0.165239
0.090871
0.203057
0.070287
0.134324
0.118671
0.074596
0.065984
0.062415
0.131629
0.081158
0.084858
0.326259
0.242447
0.205474
0.097446
0.205068
0.123675
0.083783
0.078357
0.084720
0.044236
0.055725
0.058267
0.397557
0.072079
0.119987
0.069708
0.098544
0.051563
0.067089
0.064531
0.101794
0.055898
0.125466
0.193928
0.118382
0.257051
0.116601
0.130376
0.106677
0.069811
0.072912
0.065770
0.048516
0.058473
0.059930
0.059335
0.050271
0.123593
0.044797
0.077350
0.092810
0.050367
0.055906
0.046100
0.050816
0.075479
0.095552
0.165935
0.089001
0.079010
0.099509
0.077204
0.101767
0.287928
0.093607
0.082983
0.057521
0.076061
0.078346
0.050721
0.048573
0.064790
0.331896
0.053296
0.089472
0.159000
0.160541
0.144032
0.085720
0.059836
0.110310
0.087550
0.064563
0.057664
0.093018
0.079831
0.070335
0.061138
0.045653
0.066051
0.058567
0.058897
0.088830
0.034176
0.065109
0.058539
0.104575
0.226524
0.126525
0.098534
0.125672
0.071566
0.053106
0.081151
0.052971
0.070816
0.255322
0.132402
0.127659
0.091396
0.237917
0.065763
0.048985
0.047967
0.053459
0.059870
0.061037
0.097028
0.142776
0.041402
0.123918
0.120972
0.180945
0.208479
0.099149
0.064614
0.057711
0.184950
0.053252
0.231660
0.190028
0.212466
0.168580
0.189974
0.068996
0.075627
0.069074
0.125278
0.048317
0.047764
0.053618
0.051597
0.165657
0.084625
0.126354
0.219894
0.069577
0.115137
0.102629
0.077400
0.062566
0.133389
0.126674
0.097044
0.315494
0.409570
0.336408
0.407066
0.247143
0.154792
0.068433
0.063554
0.059342
0.056559
0.063121
0.050874
0.213892
0.114050
0.133452
0.046566
0.080482
0.068045
0.067187
0.062546
0.061620
0.049445
0.150274
0.164142
0.360909
0.523418
0.118199
0.096067
0.106553
0.079937
0.061238
0.032886
0.047907
0.060987
0.064599
0.050341
0.239611
0.164278
0.101480
0.095629
0.045366
0.079282
0.094163
0.067605
0.078768
0.078214
0.051118
0.248263
0.313559
0.218043
0.083589
0.144801
0.232044
0.191477
0.079480
0.076171
0.049050
0.142466
0.066237
0.082057
0.053884
0.092056
0.081141
0.180507
0.232505
0.187677
0.072035
0.053514
0.068139
0.095859
0.072948
0.099152
0.139585
0.094442
0.058163
0.098732
0.127342
0.072633
0.075901
0.034350
0.058036
0.053923
0.047950
0.066399
0.057390
0.056715
0.122811
0.169029
0.101049
0.326912
0.091740
0.086370
0.066944
0.136483
0.078474
0.205680
0.156823
0.109668
0.115864
0.154654
0.059075
0.110069
0.104529
0.104662
0.096242
0.036869
0.038024
0.039964
0.032621
0.053490
0.132073
0.103325
0.086853
0.114083
0.096689
0.142613
0.050846
0.072399
0.121252
0.234312
0.213811
0.167926
0.203102
0.094281
0.113778
0.055720
0.075691
0.040533
0.036818
0.057726
0.055719
0.055225
0.092465
0.137564
0.054523
0.041976
0.071114
0.142395
0.077428
0.078490
0.062040
0.059709
0.096773
0.248525
0.115999
0.387095
0.230941
0.089629
0.102157
0.076868
0.042510
0.036175
0.062651
0.049329
0.050706
0.059988
0.349737
0.090081
0.089836
0.075131
0.068498
0.098737
0.179354
0.091039
0.076953
0.047809
0.117501
0.239716
0.190302
0.224626
0.266408
0.166081
0.109816
0.077668
0.044004
0.054386
0.049946
0.122567
0.057246
0.077009
0.125854
0.125581
0.103142
0.088600
0.049857
0.046990
0.061462
0.069670
0.046180
0.062344
0.084535
0.157639
0.296362
0.307280
0.177688
0.162173
0.098949
0.165211
0.045754
0.060078
0.065314
0.057462
0.088504
0.084451
0.129004
0.099771
0.161260
0.103308
0.072900
0.086951
0.078645
0.066481
0.048177
0.043944
0.068460
0.128306
0.091138
0.215933
0.168989
0.111133
0.177717
0.046332
0.052618
0.103229
0.102646
0.050327
0.061350
0.051663
0.196243
0.080729
0.088508
0.086027
0.143410
0.095484
0.076801
0.149809
0.183174
0.134401
0.218337
0.239738
0.163727
0.340410
0.336580
0.140801
0.070767
0.065397
0.065718
0.061152
0.066643
0.057907
0.071261
0.042444
0.071386
0.095085
0.169767
0.068071
0.183995
0.300766
0.083152
0.154591
0.118497
0.166027
0.084417
0.201614
0.430493
0.261683
0.106447
0.115750
0.068164
0.064656
0.075671
0.051811
0.071136
0.059179
0.077340
0.074632
0.075955
0.093749
0.206697
0.125734
0.412214
0.253218
0.328567
0.132847
0.281532
0.116812
0.165634
0.116157
0.196094
0.182586
0.146364
0.124059
0.102868
0.049048
0.037571
0.084299
0.065206
0.063998
0.051087
0.110394
0.210831
0.075282
0.082941
0.074848
0.104371
0.081225
0.090909
0.058805
0.128973
0.118125
0.090943
0.184847
0.420789
0.226654
0.205361
0.116950
0.082945
0.068902
0.076564
0.144031
0.048127
0.064205
0.053491
0.047457
0.169296
0.119196
0.114505
0.062853
0.146462
0.240674
0.113992
0.060184
0.087065
0.156533
0.123813
0.198908
0.307529
0.446290
0.526772
0.137098
0.060308
0.072240
0.051015
0.070396
0.052403
0.068628
0.064549
0.063670
0.212038
0.138822
0.200081
0.104956
0.177879
0.094577
0.101315
0.054500
0.041806
0.275241
0.179139
0.104639
0.108619
0.176144
0.380046
0.177867
0.158490
0.073207
0.065245
0.041102
0.072308
0.069656
0.050067
0.072442
0.270003
0.106869
0.081362
0.221727
0.094713
0.088459
0.143650
0.049025
0.131722
0.093313
0.086180
0.213573
0.136570
0.237008
0.211140
0.206285
0.304932
0.093301
0.041391
0.061667
0.073009
0.071199
0.061420
0.053134
0.250364
0.054172
0.109797
0.104259
0.075702
0.072187
0.109309
0.107212
0.054075
0.077151
0.183624
0.177195
0.115505
0.110697
0.157340
0.267020
0.092539
0.112470
0.067709
0.065007
0.045756
0.096288
0.081932
0.112684
0.067782
0.088119
0.315580
0.428687
0.253877
0.223638
0.114758
0.123720
0.228948
0.265176
0.388096
0.244217
0.588204
0.226281
0.324062
0.115834
0.131184
0.086646
0.063297
0.063576
0.068469
0.067972
0.064611
0.061074
0.110305
0.066123
0.106250
0.191705
0.500139
0.227601
0.183289
0.120742
0.085593
0.155608
0.192258
0.291798
0.193093
0.082153
0.135836
0.284812
0.070584
0.086308
0.057481
0.067235
0.052345
0.201019
0.212604
0.175975
0.234174
0.085924
0.053196
0.068838
0.059976
0.069419
0.063896
0.049409
0.052069
0.079426
0.081121
0.231868
0.185451
0.289641
0.379186
0.167140
0.262925
0.143055
0.065942
0.044600
0.050899
0.064547
0.080606
0.045067
0.372217
0.342136
0.064835
0.070518
0.041675
0.092661
0.057875
0.078252
0.130671
0.097258
0.200468
0.127660
0.378711
0.168788
0.177376
0.186826
0.142907
0.069918
0.070715
0.072875
0.048788
0.062822
0.061605
0.058322
0.166614
0.145037
0.198627
0.225088
0.084553
0.187110
0.171528
0.102734
0.097175
0.131519
0.066436
0.196683
0.381089
0.249114
0.162067
0.194891
0.230204
0.079973
0.107766
0.095061
0.044411
0.055578
0.063828
0.125052
0.312821
0.093875
0.089232
0.077810
0.071516
0.143929
0.121198
0.144701
0.061317
0.096219
0.113615
0.206201
0.102191
0.109313
0.229888
0.191972
0.087252
0.099466
0.052922
0.070931
0.077649
0.047292
0.059090
0.158779
0.076686
0.071347
0.226877
0.211037
0.048717
0.065929
0.135500
0.060811
0.083480
0.067004
0.061083
0.067455
0.109351
0.264774
0.116314
0.132370
0.065172
0.103764
0.053194
0.070516
0.069449
0.044176
0.050552
0.059585
0.073444
0.058070
0.079497
0.049776
0.135552
0.057103
0.098160
0.115563
0.232547
0.173486
0.077674
0.041819
0.057884
0.125069
0.154661
0.099732
0.075972
0.111506
0.060974
0.069573
0.046806
0.065229
0.045330
0.058736
0.057580
0.195734
0.055710
0.114193
0.206068
0.094086
0.081876
0.048174
0.080228
0.072412
0.098481
0.053388
0.065484
0.083164
0.156273
0.221783
0.063176
0.077645
0.101267
0.049683
0.061873
0.067652
0.063043
0.060127
0.058772
0.062990
0.063930
0.147850
0.189635
0.135773
0.073995
0.112405
0.093674
0.081025
0.076155
0.120125
0.198415
0.069795
0.153265
0.127760
0.106021
0.121757
0.095468
0.074802
0.056207
0.070090
0.053052
0.039551
0.189204
0.117829
0.192439
0.089741
0.110501
0.102610
0.136351
0.115178
0.077917
0.079015
0.078683
0.261120
0.541809
0.312525
0.136103
0.161356
0.122112
0.058150
0.064200
0.070213
0.037673
0.060200
0.052758
0.103897
0.211502
0.305124
0.112223
0.080239
0.132195
0.061032
0.226944
0.082207
0.070031
0.200151
0.144110
0.130539
0.318854
0.158894
0.091128
0.062010
0.075370
0.054761
0.076451
0.096080
0.073162
0.065237
0.058800
0.060913
0.230224
0.086027
0.088238
0.194858
0.081102
0.132362
0.157490
0.129422
0.118757
0.062637
0.104150
0.382955
0.315761
0.104075
0.167639
0.138022
0.103286
0.040717
0.045253
0.071918
0.056395
0.043483
0.072080
0.104514
0.107842
0.048761
0.111948
0.058508
0.063791
0.078972
0.132053
0.145291
0.230369
0.156016
0.125745
0.161935
0.108965
0.101857
0.110098
0.152942
0.111254
0.089532
0.055359
0.071458
0.091026
0.089566
0.057657
0.043653
0.062362
0.194918
0.243279
0.350091
0.224557
0.227703
0.115041
0.063492
0.080627
0.171438
0.150770
0.088946
0.150869
0.308766
0.125764
0.185379
0.125544
0.106867
0.084352
0.107677
0.058995
0.060743
0.049174
0.086485
0.076204
0.070694
0.272347
0.184004
0.111743
0.204478
0.106755
0.086123
0.055722
0.067631
0.158013
0.152601
0.153717
0.233947
0.303919
0.459006
0.151647
0.183509
0.050359
0.061153
0.049199
0.075361
0.083343
0.089670
0.236776
0.100029
0.144171
0.166489
0.096204
0.137588
0.106197
0.071606
0.108426
0.069599
0.259844
0.162526
0.224764
0.353251
0.122607
0.146204
0.072174
0.081935
0.127289
0.051320
0.081857
0.050445
0.097246
0.067477
0.173152
0.086360
0.122218
0.076911
0.051662
0.104207
0.066023
0.067683
0.200299
0.100546
0.083721
0.063334
0.136543
0.133080
0.120804
0.087335
0.063762
0.070810
0.059864
0.043642
0.056607
0.047206
0.063089
0.049048
0.166755
0.082330
0.071452
0.136447
0.269336
0.139921
0.139822
0.108686
0.125865
0.051334
0.096232
0.160495
0.194825
0.080125
0.251396
0.147002
0.177518
0.123023
0.073476
0.065609
0.114831
0.060559
0.046504
0.059593
0.268607
0.100347
0.081843
0.209525
0.132206
0.220783
0.100572
0.124179
0.150271
0.119722
0.094445
0.172314
0.378537
0.282424
0.250090
0.110707
0.105415
0.088647
0.041640
0.061079
0.046213
0.049486
0.061803
0.203110
0.090163
0.206466
0.084264
0.045487
0.118706
0.148911
0.076002
0.047658
0.060898
0.073518
0.081220
0.244138
0.249359
0.164380
0.173830
0.287762
0.081816
0.148058
0.104262
0.063954
0.049640
0.071723
0.075469
0.080509
0.051117
0.119851
0.113680
0.219044
0.194932
0.141898
0.378781
0.134892
0.175214
0.061966
0.111924
0.066749
0.071934
0.217362
0.226006
0.201558
0.156402
0.070044
0.063302
0.061434
0.084215
0.055275
0.061593
0.040916
0.047465
0.100580
0.045354
0.102272
0.142167
0.106994
0.281327
0.254054
0.136845
0.263603
0.215123
0.348419
0.161878
0.172928
0.140661
0.128683
0.198888
0.260919
0.190201
0.218250
0.167992
0.197492
0.126009
0.227715
0.117711
0.090263
0.102835
0.139074
0.080467
0.064992
0.165183
0.063930
0.054040
0.049483
0.063838
0.083743
0.120625
0.145061
0.142088
0.140764
0.166868
0.202428
0.208146
0.196397
0.178056
0.244797
0.173201
0.216590
0.195911
0.120779
0.107204
0.144631
0.245127
0.162487
0.089164
0.093914
0.091434
0.062492
0.129831
0.238657
0.257935
0.194175
0.079036
0.104534
0.231940
0.141380
0.159472
0.222047
0.145250
0.117630
0.077828
0.209518
0.120805
0.065164
0.079173
0.119172
0.162696
0.106039
0.120284
0.063466
0.072372
0.072757
0.090072
0.080177
0.504865
0.274111
0.397468
0.166825
0.195811
0.100952
0.045660
0.100411
0.054339
0.054995
0.126693
0.037800
0.066006
0.074613
0.093330
0.137515
0.221007
0.091472
0.189919
0.081442
0.198305
0.106889
0.101057
0.353588
0.170423
0.155900
0.114788
0.097434
0.089040
0.053466
0.085922
0.056981
0.056307
0.038173
0.057729
0.095678
0.055269
0.066486
0.122692
0.125614
0.287286
0.056251
0.161672
0.051553
0.047387
0.040152
0.048939
0.054309
0.087376
0.117464
0.071925
0.080969
0.106424
0.114996
0.063073
0.047604
0.068574
0.111961
0.067164
0.053106
0.065091
0.087210
0.302950
0.116615
0.078003
0.142860
0.084601
0.065367
0.109906
0.083489
0.071744
0.110349
0.271656
0.195212
0.317638
0.392577
0.230432
0.286067
0.166944
0.214751
0.235378
0.161148
0.201741
0.209094
0.125136
0.056008
0.100039
0.207941
0.104778
0.124617
0.126219
0.098654
0.053444
0.140656
0.094467
0.087888
0.115909
0.104064
0.337282
0.399176
0.214567
0.214920
0.213104
0.158925
0.134493
0.185447
0.186290
0.157117
0.163792
0.098508
0.119349
0.098974
0.133022
0.130627
0.166529
0.115861
0.063705
0.124970
0.054709
0.142979
0.170015
0.120334
0.158436
0.118242
0.190245
0.192137
0.164179
0.187028
0.198269
0.164800
0.124199
0.122052
0.257114
0.118464
0.087159
0.034255
0.039629
0.073229
0.074776
0.047174
0.104724
0.077624
0.083287
0.231452
0.157715
0.155202
0.136049
0.146361
0.132469
0.057883
0.068236
0.066348
0.082072
0.212775
0.166940
0.136101
0.264777
0.035740
0.052341
0.046582
0.070809
0.050167
0.074448
0.060529
0.073307
0.064024
0.259972
0.442628
0.488531
0.300457
0.209528
0.312003
0.134350
0.173225
0.066194
0.073403
0.057439
0.066119
0.083019
0.091366
0.221398
0.053369
0.093501
0.053237
0.045931
0.069745
0.100210
0.079385
0.130525
0.116403
0.135536
0.062181
0.136936
0.089197
0.209691
0.195689
0.070566
0.128570
0.070086
0.046146
0.084649
0.054508
0.058501
0.038838
0.158109
0.072342
0.056524
0.071238
0.115804
0.122002
0.062799
0.055351
0.074498
0.062833
0.034639
0.136731
0.123232
0.125630
0.096340
0.079103
0.080466
0.083707
0.055396
0.098498
0.056650
0.050091
0.070653
0.055073
0.042420
0.126662
0.162219
0.071457
0.064164
0.042923
0.051745
0.090541
0.091663
0.058887
0.124862
0.053329
0.051126
0.044522
0.070793
0.230167
0.098432
0.071526
0.059847
0.071045
0.058600
0.052452
0.047434
0.044265
0.045200
0.060903
0.171299
0.089143
0.039543
0.072914
0.216343
0.036738
0.099025
0.059106
0.211642
0.084251
0.045455
0.064710
0.121993
0.291883
0.220464
0.076244
0.061220
0.075976
0.043842
0.053900
0.043047
0.047817
0.106850
0.129446
0.092356
0.123808
0.066481
0.048669
0.068757
0.081355
0.044565
0.064212
0.090905
0.068818
0.052651
0.151297
0.240986
0.066917
0.145498
0.052255
0.090368
0.050044
0.031122
0.107293
0.061149
0.155074
0.090758
0.098743
0.072702
0.214055
0.138078
0.375450
0.210792
0.060928
0.101207
0.051670
0.087163
0.090261
0.122649
0.189261
0.118843
0.115977
0.135045
0.189302
0.200759
0.102219
0.075595
0.062436
0.070610
0.086446
0.105437
0.076218
0.073548
0.149032
0.135675
0.113937
0.086398
0.303842
0.061541
0.120268
0.094648
0.093593
0.133534
0.092694
0.148612
0.369923
0.495306
0.161045
0.175881
0.061641
0.058070
0.042897
0.046058
0.060686
0.157812
0.079657
0.079769
0.101401
0.139492
0.081671
0.078097
0.093876
0.101694
0.082141
0.290612
0.094157
0.213738
0.285152
0.392467
0.185410
0.170243
0.059547
0.077969
0.071613
0.081470
0.044668
0.042870
0.071065
0.136792
0.163443
0.272197
0.162963
0.174453
0.052766
0.162345
0.098066
0.330221
0.160859
0.177901
0.236075
0.177459
0.162666
0.122324
0.166543
0.107450
0.174681
0.067869
0.112024
0.089243
0.065494
0.099301
0.072053
0.065195
0.090875
0.368905
0.104927
0.207734
0.112672
0.087300
0.062411
0.066346
0.072404
0.084472
0.194890
0.070289
0.170554
0.135445
0.143558
0.179247
0.185777
0.087461
0.068507
0.060328
0.033475
0.048339
0.054234
0.073658
0.058003
0.214670
0.485227
0.462969
0.291395
0.206975
0.227761
0.085240
0.636503
0.432838
0.338910
0.107770
0.099840
0.155014
0.104416
0.112329
0.101734
0.057338
0.057445
0.053446
0.068522
0.053485
0.076012
0.090942
0.259305
0.451284
0.219691
0.319366
0.210992
0.194685
0.065827
0.137166
0.148408
0.132943
0.161731
0.127957
0.200898
0.155946
0.209854
0.109174
0.072802
0.068299
0.086508
0.058428
0.042238
0.115195
0.054755
0.234725
0.127362
0.079995
0.075522
0.086285
0.096866
0.162206
0.092428
0.089975
0.071962
0.238105
0.470012
0.327382
0.094572
0.134425
0.477561
0.254588
0.067063
0.156933
0.074630
0.058229
0.058642
0.078031
0.090368
0.221015
0.096729
0.163664
0.084637
0.098184
0.053878
0.114464
0.089113
0.126084
0.068715
0.374050
0.148958
0.184945
0.174326
0.386982
0.175761
0.228161
0.113222
0.057122
0.060679
0.054332
0.059919
0.057263
0.053622
0.196594
0.193345
0.124040
0.138794
0.135188
0.056213
0.102756
0.291387
0.054453
0.092711
0.102751
0.099748
0.106423
0.323019
0.166318
0.191741
0.288703
0.202578
0.229133
0.228946
0.235317
0.190910
0.190880
0.247716
0.127850
0.048311
0.048024
0.101697
0.224171
0.139693
0.091810
0.100531
0.227153
0.121954
0.245965
0.086885
0.398941
0.236899
0.280206
0.240786
0.776375
0.422040
0.265176
0.209196
0.191121
0.236172
0.149737
0.137702
0.212016
0.069002
0.154417
0.121575
0.154126
0.127020
0.100236
0.110415
0.240768
0.097234
0.160093
0.112808
0.086700
0.084118
0.303271
0.196815
0.126543
0.076534
0.075036
0.114176
0.097430
0.081676
0.058321
0.078473
0.071471
0.108633
0.118540
0.203034
0.115733
0.176510
0.095968
0.413807
0.214679
0.201426
0.239042
0.228864
0.566878
0.450229
0.470380
0.482334
0.310139
0.293859
0.261905
0.230943
0.200546
0.151445
0.233574
0.132623
0.162098
0.089868
0.104819
0.087048
0.067892
0.141847
0.113570
0.267294
0.200254
0.172325
0.142508
0.459206
0.362393
0.429799
0.406893
0.245289
0.231947
0.247255
0.277413
0.204864
0.177103
0.205105
0.125401
0.121795
0.274123
0.073705
0.075541
0.058508
0.088465
0.172147
0.113223
0.150023
0.106578
0.101941
0.341051
0.202760
0.422484
0.406021
0.538444
0.304293
0.175748
0.202873
0.172063
0.190783
0.223940
0.160230
0.100291
0.128938
0.122946
0.051724
0.065631
0.062024
0.069547
0.122879
0.157071
0.132257
0.287063
0.096540
0.204821
0.167303
0.193687
0.235070
0.401071
0.579468
0.554538
0.525708
0.354281
0.263119
0.241188
0.190087
0.149477
0.141769
0.308519
0.085919
0.073014
0.113510
0.158711
0.089073
0.117405
0.109478
0.141703
0.127888
0.179965
0.463610
0.669696
0.368640
0.529395
0.380711
0.217553
0.182755
0.107531
0.118542
0.129850
0.103543
0.077833
0.123441
0.145519
0.136878
0.236850
0.105864
0.126351
0.080319
0.096061
0.217068
0.176130
0.246280
0.289328
0.287176
0.319854
0.220050
0.194015
0.128118
0.174894
0.140996
0.164556
0.140575
0.118062
0.104191
0.157843
0.149751
0.080953
0.121219
0.241099
0.186498
0.176530
0.222089
0.216438
0.201297
0.173932
0.264363
0.189279
0.299444
0.221761
0.353685
0.263183
0.254663
0.136514
0.169467
0.187952
0.168810
0.113680
0.113006
0.149788
0.181888
0.091943
0.131522
0.178236
0.110499
0.347888
0.449536
0.250091
0.324564
0.688345
0.753239
0.592546
0.511814
0.548792
0.651484
0.527923
0.344543
0.453535
0.311829
0.294269
0.237557
0.225038
0.261929
0.350990
0.170610
0.221767
0.360336
0.376872
0.347398
0.270354
0.326886
0.381378
0.241056
0.247889
0.287253
0.284864
0.603324
0.302464
0.280576
0.376155
0.306193
0.270516
0.318836
0.172222
0.143801
0.161016
0.137338
0.377763
0.148007
0.176785
0.119741
0.148857
0.232195
0.268458
0.279602
0.265141
0.375771
0.428646
0.397614
0.476259
0.535596
0.343766
0.409198
0.270985
0.491942
0.534467
0.414697
0.282195
0.296653
0.148981
0.150492
0.146814
0.125629
0.245848
0.105869
0.140222
0.095662
0.215136
0.113997
0.412681
0.253038
0.460621
0.283185
0.538032
0.398122
0.478535
0.429948
0.364010
0.509695
0.297723
0.209952
0.097970
0.143253
0.128318
0.089915
0.133617
0.097571
0.128140
0.158063
0.153777
0.150725
0.217432
0.277087
0.809810
0.397981
0.517293
0.492010
0.275178
0.285417
0.348442
0.494654
0.879317
0.655056
0.922159
0.490568
0.400207
0.323987
0.182267
0.165115
0.235441
0.153450
0.051322
0.080889
0.070973
0.108520
0.223802
0.091395
0.184998
0.181436
0.196862
0.252928
0.199822
0.240606
0.165258
0.513597
0.363174
0.274155
0.095334
0.144938
0.065480
0.101797
0.094800
0.062991
0.096645
0.047247
0.065614
0.097204
0.099322
0.065089
0.075043
0.088616
0.078016
0.153135
0.172799
0.132992
0.100081
0.152811
0.111684
0.109400
0.097070
0.048752
0.078080
0.071556
0.059817
0.065424
0.071661
0.079764
0.056540
0.075542
0.034570
0.051026
0.036796
0.067904
0.103182
0.083946
0.064453
0.075879
0.062461
0.140545
0.296827
0.239443
0.266490
0.135099
0.310786
0.263116
0.289960
0.164701
0.113346
0.134871
0.073862
0.130495
0.117396
0.066028
0.145023
0.138582
0.104994
0.044779
0.072416
0.101764
0.129096
0.072249
0.216754
0.176730
0.157962
0.248120
0.345994
0.572898
0.268378
0.841121
0.300589
0.260228
0.178429
0.205952
0.140255
0.123594
0.172820
0.115870
0.130886
0.056268
0.085906
0.044396
0.041589
0.085346
0.096225
0.101684
0.118189
0.090425
0.131859
0.518794
0.623328
0.394869
0.520851
0.288405
0.317098
0.286386
0.234600
0.248953
0.262361
0.238166
0.135311
0.126309
0.112833
0.092525
0.057045
0.063491
0.087121
0.078133
0.076760
0.100269
0.067745
0.078480
0.131840
0.217856
0.415685
0.426550
0.444267
0.374302
0.379794
0.289793
0.228354
0.264629
0.182709
0.213938
0.126159
0.244248
0.223584
0.073936
0.078035
0.080552
0.077542
0.139897
0.385840
0.310525
0.282510
0.247382
0.317080
0.296401
0.240468
0.419623
0.617191
0.454195
0.220018
0.227660
0.123914
0.129157
0.121608
0.126089
0.139921
0.126524
0.271897
0.065667
0.106660
0.231895
0.451191
0.197389
0.198771
0.192266
0.129036
0.116018
0.272142
0.265057
0.525199
0.490958
0.238766
0.387389
0.166169
0.148818
0.069248
0.056377
0.067679
0.058615
0.079843
0.150915
0.145548
0.085407
0.065114
0.105820
0.270672
0.130146
0.172959
0.158494
0.245232
0.119099
0.083221
0.127511
0.497465
0.212077
0.258661
0.346191
0.085576
0.174462
0.127565
0.102292
0.104775
0.104252
0.111060
0.118466
0.101389
0.134325
0.208633
0.214104
0.201019
0.240260
0.181390
0.170495
0.266677
0.335534
0.320890
0.281935
0.221302
0.190448
0.235631
0.316708
0.110322
0.110359
0.148520
0.102345
0.055186
0.135127
0.174765
0.082390
0.221121
0.070966
0.082190
0.219255
0.107333
0.057984
0.162599
0.066768
0.069409
0.132880
0.226077
0.198440
0.304434
0.438444
0.503981
0.307508
0.215322
0.217410
0.140670
0.095403
0.093669
0.071805
0.100133
0.143952
0.126434
0.054999
0.086445
0.290442
0.040892
0.259280
0.267304
0.416713
0.160596
0.193691
0.443354
0.275551
0.169836
0.323885
0.427462
0.224392
0.281237
0.358500
0.137974
0.238962
0.192264
0.142701
0.114205
0.124504
0.205356
0.055248
0.087314
0.112925
0.118063
0.141213
0.295694
0.105243
0.119055
0.216858
0.381580
0.474590
0.594738
0.621083
0.861376
0.617175
0.620395
0.538953
0.397611
0.213137
0.152623
0.223362
0.173752
0.182462
0.345703
0.072775
0.104462
0.089300
0.099867
0.177263
0.149386
0.396451
0.111708
0.258290
0.203593
0.176416
0.244904
0.274874
0.531191
0.429622
0.213883
0.258910
0.201705
0.165679
0.121984
0.191224
0.088777
0.157386
0.176081
0.304940
0.089541
0.048211
0.095227
0.059910
0.114489
0.125319
0.157363
0.154882
0.196773
0.319605
0.338573
0.480554
0.235463
0.190773
0.191856
0.172089
0.101788
0.144196
0.130575
0.126993
0.076816
0.067187
0.126418
0.130624
0.276882
0.143327
0.194251
0.215216
0.126940
0.071027
0.113079
0.227838
0.234149
0.219779
0.348947
0.147603
0.188125
0.359950
0.190435
0.220802
0.161196
0.074160
0.115563
0.124692
0.050094
0.095408
0.158412
0.095481
0.175798
0.166261
0.132425
0.353334
0.286574
0.188530
0.309893
0.784391
0.518189
0.534609
0.367848
0.398039
0.885445
0.396892
0.406122
0.323489
0.164510
0.208590
0.173774
0.156230
0.089850
0.142289
0.245801
0.089018
0.216363
0.086582
0.088234
0.123699
0.196514
0.134082
0.101924
0.424885
0.504026
0.588536
0.744761
0.537103
0.799186
0.632289
0.380441
0.351694
0.295457
0.389555
0.347652
0.381901
0.331977
0.372186
0.356551
0.346839
0.306669
0.676160
0.824839
0.449858
0.717481
0.501040
0.737606
0.688329
0.700794
0.923614
0.763932
0.393038
0.465772
0.428288
0.493541
0.437627
0.333771
0.255163
0.338239
0.336273
0.279924
0.153108
0.239163
0.099862
0.103433
0.094094
0.114350
0.176991
0.359222
0.304294
0.281650
0.147186
0.415652
0.491201
0.345775
0.549425
0.591988
0.468496
0.401779
0.323065
0.319641
0.321925
0.287381
0.341531
0.272762
0.223906
0.263243
0.082521
0.176622
0.103090
0.127179
0.372679
0.291350
0.359150
0.403833
0.515987
0.647714
0.519446
0.521595
0.727645
0.606091
0.624365
0.385212
0.397323
0.298365
0.247194
0.363447
0.317427
0.322586
0.289122
0.234758
0.206977
0.271579
0.184732
0.195873
0.154072
0.412893
0.275668
0.319350
0.419192
0.324618
0.578356
0.290256
0.422707
0.392691
0.490681
0.355613
0.102394
0.196967
0.097625
0.085347
0.151309
0.131934
0.134999
0.146588
0.047078
0.369429
0.212816
0.196131
0.250986
0.281304
0.219354
0.191970
0.240801
0.231743
0.322060
0.227053
0.319901
0.299571
0.345247
0.299631
0.283789
0.207175
0.168088
0.126769
0.094426
0.145247
0.084497
0.090040
0.116854
0.114165
0.335536
0.259016
0.139744
0.456004
0.633317
0.769683
0.315179
0.310290
0.339644
0.398108
0.478000
0.438712
0.453623
0.467456
0.379062
0.407842
0.291539
0.364149
0.355341
0.329938
0.377116
0.192219
0.133583
0.157969
0.148465
0.148093
0.113334
0.117530
0.166646
0.183345
0.232590
0.309286
0.465270
0.408101
0.711572
0.655030
0.477497
0.585627
0.410374
0.381122
0.199673
0.270518
0.181436
0.199300
0.231834
0.196066
0.103540
0.098626
0.051845
0.130479
0.127159
0.199466
0.276228
0.244343
0.323501
0.625019
0.602567
0.733293
0.725714
0.508243
0.366800
0.467457
0.426255
0.430602
0.425709
0.424093
0.326111
0.297809
0.340616
0.327525
0.422151
0.401102
0.349454
0.453513
0.505764
0.579335
0.338529
0.288797
0.360833
0.376103
0.641495
0.384546
0.493491
0.442753
0.289563
0.330944
0.542680
0.238816
0.278936
0.167818
0.192392
0.130948
0.194299
0.154543
0.076752
0.181680
0.346563
0.112377
0.123841
0.410383
0.463662
0.338381
0.394667
0.460833
0.461309
0.455338
0.376240
0.512483
0.304842
0.483072
0.372749
0.116580
0.129249
0.129173
0.091955
0.109462
0.125748
0.266481
0.156515
0.147411
0.409776
0.227021
0.259965
0.201834
0.350357
0.286107
0.269682
0.418087
0.335336
0.351576
0.420182
0.234879
0.308149
0.294994
0.194030
0.200377
0.176324
0.092300
0.142467
0.108783
0.070215
0.085953
0.171601
0.262253
0.130158
0.160502
0.145404
0.166941
0.294247
0.210086
0.301475
0.311779
0.351601
0.351652
0.225995
0.220861
0.232012
0.394284
0.327442
0.289897
0.211558
0.243281
0.120045
0.149794
0.150412
0.117292
0.081486
0.094290
0.128665
0.158105
0.193084
0.185427
0.176139
0.365880
0.248590
0.249822
0.359351
0.310174
0.386493
0.320290
0.332859
0.327326
0.232531
0.191554
0.177215
0.188158
0.153428
0.175898
0.129092
0.159613
0.131269
0.235498
0.168938
0.224029
0.297594
0.232886
0.245377
0.354133
0.355044
0.352433
0.496710
0.362631
0.425969
0.644182
0.333937
0.438815
0.353227
0.292986
0.290313
0.301873
0.308569
0.210472
0.390388
0.260783
0.189557
0.128008
0.196608
0.171206
0.218718
0.196662
0.287236
0.333069
0.351975
0.528103
0.439079
0.698827
0.798713
0.520980
0.380515
0.279915
0.284369
0.321605
0.230593
0.356026
0.182148
0.216008
0.303388
0.193177
0.102967
0.082792
0.120489
0.148352
0.196742
0.190120
0.303773
0.406302
0.534604
0.457776
0.415814
0.299344
0.394825
0.151648
0.380257
0.288372
0.429567
0.298278
0.248869
0.347903
0.260153
0.181246
0.194318
0.263617
0.188521
0.242975
0.155883
0.394751
0.253121
0.351605
0.422390
0.472161
0.450360
0.351142
0.599412
0.576568
0.566143
0.257266
0.551231
0.360625
0.298972
0.311668
0.320668
0.354817
0.367591
0.263764
0.236322
0.234580
0.247669
0.183834
0.202274
0.125247
0.244271
0.173269
0.159679
0.157247
0.142603
0.149248
0.097639
0.124368
0.176261
0.172941
0.251911
0.273884
0.276326
0.177920
0.137599
0.183639
0.216381
0.155309
0.103007
0.119296
0.049010
0.053881
0.088089
0.066982
0.081214
0.158622
0.176916
0.242843
0.239652
0.323919
0.261023
0.209433
0.374353
0.259678
0.284280
0.235648
0.354709
0.240190
0.216056
0.213913
0.091197
0.103093
0.128167
0.126286
0.127155
0.099204
0.078051
0.095762
0.211177
0.244129
0.290058
0.351278
0.232367
0.220779
0.379225
0.626084
0.807092
0.728790
0.264209
0.244166
0.186907
0.178652
0.205526
0.133625
0.069619
0.090601
0.139447
0.136396
0.100228
0.076075
0.091840
0.095396
0.091110
0.166872
0.233062
0.253432
0.353388
0.360463
0.294599
0.270076
0.372148
0.490835
0.434696
0.521112
0.314975
0.158884
0.150435
0.180240
0.118943
0.203560
0.166901
0.118593
0.137013
0.104950
0.193608
0.326224
0.161268
0.161999
0.249372
0.171246
0.287412
0.391346
0.546900
0.739368
0.593445
0.381406
0.333481
0.315346
0.293103
0.253056
0.300733
0.249495
0.297975
0.211602
0.310269
0.226387
0.193363
0.095827
0.190813
0.083069
0.126714
0.130463
0.196596
0.136780
0.215628
0.769177
0.609710
0.275145
0.629225
0.612858
0.593527
0.416725
0.328475
0.357576
0.167485
0.116886
0.125312
0.163138
0.134337
0.147994
0.086022
0.124478
0.173009
0.085199
0.120943
0.148113
0.257323
0.200620
0.338622
0.352261
0.500250
0.399259
0.277404
0.343487
0.344496
0.337939
0.344770
0.412658
0.264912
0.215065
0.195855
0.188826
0.144962
0.099239
0.055896
0.113481
0.125626
0.096217
0.296616
0.228572
0.273554
0.352896
0.251172
0.549116
0.503833
0.463840
0.346625
0.300649
0.326721
0.327576
0.163193
0.173541
0.179724
0.151600
0.118552
0.083038
0.111580
0.225748
0.105646
0.178441
0.301699
0.240786
0.206403
0.199013
0.253460
0.468675
0.376476
0.464657
0.362705
0.358776
0.382377
0.398649
0.291683
0.443387
0.353952
0.079706
0.148369
0.081740
0.170470
0.082165
0.105535
0.088374
0.056810
0.223212
0.093031
0.181993
0.241385
0.223415
0.249169
0.363452
0.422601
0.426996
0.460396
0.416369
0.591916
0.559922
0.343061
0.183281
0.306155
0.134361
0.199682
0.102448
0.208386
0.185997
0.165213
0.186696
0.147398
0.173266
0.147907
0.304314
0.478857
0.451788
0.299898
0.252389
0.304983
0.271432
0.413756
0.783169
0.612681
0.352785
0.397419
0.403167
0.338744
0.187533
0.168572
0.127290
0.113315
0.167794
0.181403
0.140949
0.149960
0.115035
0.170612
0.230144
0.191864
0.150709
0.272927
0.348901
0.308868
0.465314
0.265165
0.264052
0.524492
0.354789
0.452692
0.388210
0.235263
0.248330
0.227389
0.125956
0.115622
0.189894
0.182628
0.107042
0.164848
0.384758
0.378109
0.164237
0.217105
0.336646
0.190484
0.293532
0.322367
0.270525
0.492795
0.206309
0.539863
0.533829
0.314751
0.369207
0.222033
0.160609
0.186761
0.201744
0.140836
0.148647
0.161193
0.131661
0.132244
0.072421
0.204003
0.073049
0.070275
0.334920
0.290413
0.077499
0.206360
0.309823
0.299539
0.277949
0.287505
0.204348
0.249760
0.229055
0.140985
0.104403
0.131284
0.079181
0.077524
0.069857
0.139109
0.133086
0.107985
0.136077
0.097476
0.092766
0.148855
0.101195
0.119987
0.121018
0.219480
0.201068
0.090067
0.111128
0.124259
0.173462
0.110457
0.217499
0.149506
0.091168
0.132376
0.084209
0.072900
0.076207
0.055445
0.085606
0.068637
0.202045
0.153035
0.059359
0.101130
0.081357
0.087958
0.111383
0.117143
0.155092
0.145350
0.066399
0.129756
0.249549
0.223480
0.143242
0.144344
0.070599
0.093870
0.065247
0.057776
0.059136
0.099681
0.099803
0.084928
0.120751
0.134338
0.132242
0.092272
0.082134
0.140547
0.114887
0.164744
0.122508
0.153370
0.221675
0.293743
0.359514
0.323338
0.323027
0.241569
0.170642
0.186610
0.220508
0.226747
0.121066
0.159550
0.111299
0.088307
0.089732
0.253055
0.198079
0.277188
0.303386
0.270729
0.318406
0.106462
0.428332
0.346427
0.421547
0.434051
0.301876
0.268962
0.271797
0.254616
0.217814
0.133407
0.118718
0.085874
0.149343
0.077087
0.085674
0.060672
0.113000
0.035200
0.059802
0.088467
0.098370
0.157975
0.245881
0.312583
0.577299
0.386817
0.587598
0.545228
0.363018
0.537301
0.342883
0.326943
0.194834
0.181009
0.167081
0.127225
0.125809
0.117116
0.089196
0.095181
0.108467
0.110992
0.092938
0.203363
0.118411
0.153915
0.130706
0.105758
0.207759
0.294721
0.655648
0.425556
0.254192
0.463367
0.320684
0.326478
0.224960
0.209384
0.142810
0.195093
0.136560
0.143108
0.128354
0.075167
0.103638
0.071693
0.048188
0.068856
0.143887
0.280301
0.206687
0.198959
0.311870
0.288893
0.611876
0.408324
0.394754
0.232120
0.435522
0.300338
0.175980
0.167135
0.142444
0.110915
0.167897
0.170071
0.093892
0.067844
0.082570
0.093975
0.085206
0.067046
0.113023
0.193328
0.149640
0.102783
0.171374
0.147024
0.101945
0.173675
0.131813
0.176478
0.208977
0.100136
0.106253
0.063451
0.079786
0.067399
0.116408
0.062396
0.086061
0.068135
0.077622
0.060786
0.108731
0.175996
0.128089
0.115266
0.124015
0.135596
0.127342
0.210751
0.125425
0.113344
0.261880
0.192995
0.142046
0.205494
0.094439
0.129794
0.057181
0.051273
0.112651
0.076110
0.080849
0.060720
0.094454
0.130988
0.080295
0.074374
0.151009
0.181529
0.217414
0.216836
0.259200
0.347922
0.521782
0.358494
0.254172
0.239293
0.234764
0.127178
0.100227
0.077363
0.083081
0.127358
0.080567
0.063294
0.122206
0.277131
0.148852
0.119422
0.068705
0.078367
0.094225
0.202757
0.202715
0.271266
0.267448
0.235769
0.248252
0.322055
0.266113
0.355192
0.191560
0.170296
0.229480
0.196795
0.195257
0.076211
0.123438
0.132336
0.140136
0.086970
0.035568
0.085645
0.052868
0.076502
0.052421
0.050292
0.076832
0.115446
0.299983
0.293698
0.247162
0.360438
0.559999
0.479893
0.302548
0.192723
0.180279
0.159411
0.115034
0.172534
0.155295
0.165294
0.124236
0.078020
0.078532
0.066696
0.072242
0.107622
0.112345
0.196305
0.108746
0.128991
0.225451
0.271398
0.334834
0.211097
0.403133
0.195941
0.382370
0.224711
0.260751
0.161014
0.256159
0.224335
0.163368
0.141578
0.183073
0.179643
0.110901
0.049983
0.053081
0.084889
0.058840
0.055721
0.148340
0.227326
0.321267
0.614814
0.642473
0.920375
0.558611
0.500797
0.312320
0.290379
0.220602
0.223076
0.085535
0.148718
0.156487
0.152123
0.122234
0.119438
0.065391
0.066164
0.138216
0.145563
0.333987
0.277546
0.135116
0.206907
0.687760
0.578410
0.514422
0.301710
0.280789
0.285100
0.271787
0.280333
0.119257
0.141096
0.106697
0.090415
0.076687
0.033066
0.051857
0.163625
0.180293
0.315880
0.084121
0.177713
0.318545
0.238744
0.193156
0.196030
0.234084
0.208901
0.194154
0.147280
0.228247
0.162446
0.258965
0.214753
0.156435
0.157213
0.078655
0.113118
0.092046
0.057163
0.073403
0.109540
0.084828
0.177197
0.234550
0.172779
0.201596
0.307812
0.264833
0.315083
0.264888
0.340118
0.342960
0.364968
0.462111
0.573357
0.560322
0.218734
0.174295
0.183253
0.114325
0.123246
0.130632
0.112762
0.138753
0.104706
0.052264
0.121188
0.092663
0.124666
0.169665
0.158665
0.104081
0.434267
0.571658
0.417661
0.456324
0.380071
0.178928
0.529621
0.254765
0.215143
0.239621
0.166040
0.178398
0.126695
0.117141
0.125712
0.142797
0.093472
0.044734
0.032800
0.061614
0.073117
0.136669
0.067176
0.090871
0.185672
0.248090
0.367606
0.389500
0.329720
0.364949
0.181714
0.181350
0.291612
0.176452
0.145418
0.111988
0.105836
0.111436
0.092390
0.129656
0.124409
0.163323
0.214151
0.060785
0.086249
0.094684
0.050528
0.054975
0.108221
0.342601
0.573846
0.403935
0.480689
0.321995
0.298774
0.218446
0.237977
0.266159
0.209516
0.131210
0.150085
0.197324
0.097192
0.169887
0.085063
0.126393
0.112133
0.059055
0.114924
0.099267
0.118213
0.081161
0.153143
0.973205
0.289064
0.430550
0.307063
0.512627
0.234775
0.275436
0.193414
0.131366
0.112972
0.166830
0.132813
0.102474
0.125743
0.137758
0.131872
0.140929
0.142456
0.156915
0.151450
0.276088
0.119086
0.165344
0.195933
0.307640
0.243010
0.415353
0.455444
0.349624
0.210034
0.228471
0.243477
0.190441
0.130855
0.153214
0.142450
0.109000
0.179778
0.131810
0.148871
0.199985
0.281534
0.165667
0.236243
0.247316
0.447542
0.369247
0.312922
0.175990
0.366412
0.178773
0.181526
0.140737
0.302183
0.236355
0.237786
0.125590
0.054155
0.089928
0.089829
0.112024
0.147075
0.160276
0.138635
0.231693
0.173197
0.222655
0.168699
0.203693
0.247279
0.288703
0.245124
0.474342
0.683345
0.483451
0.354802
0.408521
0.522249
0.198782
0.218120
0.191725
0.200897
0.163960
0.133084
0.117692
0.136355
0.106929
0.134921
0.216032
0.156612
0.186890
0.199521
0.112718
0.096950
0.129850
0.189797
0.304024
0.509318
0.391239
0.223748
0.283147
0.276871
0.267001
0.219213
0.206933
0.213754
0.175514
0.150765
0.117883
0.086064
0.114382
0.160883
0.263395
0.331319
0.444873
0.202716
0.277524
0.270706
0.344547
0.445533
0.420133
0.407658
0.313178
0.351931
0.218252
0.310435
0.228578
0.144636
0.146651
0.205285
0.154652
0.086610
0.120172
0.066537
0.181673
0.061839
0.096182
0.128413
0.194630
0.156873
0.295894
0.109352
0.171310
0.190351
0.272150
0.419245
0.251570
0.415613
0.690543
0.404589
0.237227
0.338702
0.317112
0.228618
0.270877
0.255004
0.241014
0.144101
0.212098
0.215096
0.219713
0.148551
0.166749
0.351315
0.186703
0.308688
0.145674
0.296329
0.252498
0.126181
0.559809
0.500812
0.333141
0.316442
0.162612
0.283874
0.123065
0.132962
0.153302
0.182068
0.198308
0.142912
0.183915
0.214176
0.199857
0.165161
0.188539
0.180668
0.272483
0.089286
0.075600
0.121805
0.268986
0.359962
0.262391
0.218225
0.143030
0.175470
0.223687
0.116080
0.077312
0.130134
0.069549
0.054152
0.111146
0.085947
0.116479
0.101726
0.100568
0.158566
0.271238
0.421207
0.408893
0.288033
0.201363
0.264905
0.260509
0.432237
0.312775
0.591745
0.460461
0.585382
0.407609
0.596874
0.115018
0.102831
0.167000
0.095613
0.062892
0.092542
0.141309
0.113760
0.272176
0.344527
0.175434
0.236971
0.230629
0.276062
0.287771
0.452148
0.426953
0.340610
0.519471
0.485503
0.364610
0.200591
0.535842
0.278984
0.195536
0.107404
0.147655
0.181642
0.140321
0.129702
0.106795
0.100115
0.253640
0.217080
0.241539
0.388756
0.204791
0.264130
0.138965
0.300445
0.462939
0.425655
0.458105
0.581273
0.499516
0.365336
0.384287
0.164305
0.186121
0.174029
0.205744
0.168342
0.146983
0.175524
0.139457
0.211569
0.127972
0.214148
0.135334
0.090181
0.106267
0.105303
0.127198
0.098595
0.304234
0.153467
0.244269
0.311528
0.272931
0.285349
0.180239
0.160376
0.140362
0.110078
0.125865
0.071313
0.083499
0.110683
0.150568
0.088755
0.090271
0.100461
0.299646
0.099050
0.080757
0.068565
0.160629
0.118726
0.394675
0.266143
0.313974
0.514683
0.328257
0.483706
0.193093
0.188982
0.097064
0.109101
0.062761
0.047339
0.070107
0.052979
0.149194
0.097756
0.280350
0.109951
0.058325
0.056218
0.264395
0.063215
0.174570
0.108032
0.325217
0.478851
0.506461
0.697881
0.438391
0.468212
0.303514
0.109228
0.125838
0.101124
0.110897
0.076455
0.129045
0.119098
0.242295
0.163842
0.136597
0.108045
0.136492
0.092665
0.110002
0.234057
0.160619
0.219813
0.352363
0.589270
0.356206
0.263536
0.373287
0.240919
0.333417
0.220677
0.189707
0.139610
0.158362
0.092474
0.130622
0.149494
0.128718
0.100505
0.133344
0.219995
0.331990
0.167254
0.175392
0.236067
0.356605
0.256345
0.280383
0.446777
0.420751
0.254198
0.334494
0.207646
0.258618
0.119458
0.115701
0.144546
0.127842
0.102022
0.152448
0.124116
0.103195
0.172139
0.078426
0.482491
0.357205
0.334276
0.290236
0.256350
0.172152
0.581101
0.200216
0.207600
0.428283
0.467582
0.246254
0.224053
0.164630
0.271189
0.262921
0.178154
0.168821
0.230523
0.228086
0.264357
0.319893
0.256055
0.136324
0.124679
0.089320
0.099580
0.084980
0.117909
0.125427
0.189513
0.301604
0.348109
0.429030
0.482192
0.447193
0.428388
0.361008
0.234725
0.178614
0.279514
0.169752
0.160862
0.102437
0.144771
0.139839
0.209227
0.118645
0.126830
0.077984
0.151927
0.187294
0.185319
0.142850
0.140424
0.492095
0.643177
0.577694
0.540381
0.403157
0.437056
0.500451
0.415458
0.271341
0.212857
0.192624
0.148076
0.142941
0.233275
0.279274
0.130140
0.157349
0.250541
0.201252
0.178337
0.186753
0.215388
0.172423
0.480820
0.412722
0.708411
0.497915
0.414811
0.586571
0.422885
0.577778
0.489492
0.318135
0.312808
0.279872
0.308091
0.225472
0.184921
0.131128
0.178045
0.259121
0.125134
0.171047
0.095314
0.116535
0.172280
0.192468
0.275369
0.439151
0.664457
1.000000
0.556272
0.392548
0.497743
0.588198
0.477235
0.368291
0.334195
0.288376
0.309782
0.212836
0.324382
0.233871
0.218044
0.262079
0.172681
0.318573
0.265902
0.365914
0.266302
0.440966
0.268282
0.302136
0.516080
0.323553
0.429335
0.290045
0.360589
0.225941
0.226987
0.284090
0.182079
0.265001
0.180034
0.241715
0.257047
0.160146
0.180311
0.395626
0.409275
0.309863
0.296015
0.398220
0.272578
0.278427
0.439220
0.447906
0.482670
0.420369
0.442540
0.355703
0.625119
0.179690
0.097855
0.115873
0.096373
0.103216
0.089475
0.140320
0.066717
0.100524
0.126190
0.110764
0.310343
0.088117
0.204467
0.692096
0.296683
0.420221
0.226849
0.259742
0.416594
0.316135
0.184899
0.164385
0.244894
0.277523
0.271631
0.132365
0.110711
0.150555
0.124339
0.145318
0.070570
0.126750
0.283570
0.183372
0.201583
0.256784
0.131703
0.297580
0.177758
0.172975
0.120922
0.259832
0.181352
0.390906
0.195181
0.342782
0.147366
0.186396
0.209058
0.191704
0.108354
0.097652
0.072633
0.037162
0.077201
0.087255
0.168258
0.075025
0.077872
0.067773
0.052113
0.055204
0.070029
0.059151
0.195041
0.251046
0.685155
0.700626
0.397942
0.242828
0.456520
0.275763
0.416308
0.199021
0.256315
0.164189
0.198349
0.128230
0.140201
0.087883
0.182992
0.151669
0.102461
0.143633
0.095872
0.089440
0.131651
0.091987
0.076010
0.200612
0.424916
0.359353
0.315274
0.161337
0.311645
0.436849
0.189628
0.192374
0.220146
0.154824
0.142792
0.091250
0.176967
0.088772
0.167164
0.148573
0.084728
0.070578
0.168471
0.153265
0.150464
0.214562
0.227933
0.422438
0.332723
0.399687
0.257692
0.552019
0.485805
0.564499
0.346387
0.369488
0.204764
0.123672
0.171094
0.167898
0.156881
0.257588
0.197519
0.138673
0.130497
0.164379
0.140180
0.239097
0.374269
0.201151
0.329334
0.622878
0.281055
0.350482
0.318539
0.313805
0.431526
0.290522
0.219538
0.148091
0.127320
0.093608
0.122039
0.124766
0.133354
0.118387
0.159969
0.159099
0.165617
0.118167
0.146985
0.122514
0.422005
0.431379
0.241271
0.158817
0.220199
0.180086
0.459573
0.256846
0.305111
0.209459
0.167630
0.139537
0.097140
0.120035
0.108699
0.073625
0.076368
0.055916
0.047278
0.265297
0.254479
0.294125
0.295294
0.379335
0.565761
0.575774
0.407104
0.212494
0.159071
0.183607
0.208229
0.176392
0.368633
0.707493
0.220608
0.119886
0.066348
0.070968
0.125706
0.040072
0.076576
0.074935
0.227081
0.056423
0.127683
0.155665
0.203046
0.278601
0.116834
0.262874
0.238833
0.286619
0.164392
0.394107
0.217203
0.229866
0.349064
0.209588
0.085628
0.094084
0.054609
0.079886
0.086379
0.058848
0.062617
0.219007
0.311780
0.350163
0.126539
0.067770
0.151330
0.089012
0.064234
0.110173
0.085859
0.116285
0.302278
0.322306
0.385867
0.276125
0.331737
0.177641
0.099961
0.057888
0.040773
0.028874
0.035050
0.066056
0.050317
0.032533
0.124450
0.093835
0.147742
0.242211
0.087670
0.048635
0.058737
0.082647
0.047095
0.296531
0.119255
0.323290
0.175109
0.145463
0.140065
0.180427
0.104043
0.042750
0.037825
0.033573
0.030950
0.044336
0.027582
0.043144
0.078885
0.047629
0.061485
0.038378
0.124091
0.143477
0.065352
0.034604
0.078804
0.162752
0.327868
0.175365
0.242182
0.150618
0.101588
0.056705
0.037588
0.017741
0.016487
0.026159
0.020664
0.037644
0.045974
0.025959
0.034713
0.084535
0.239867
0.093956
0.110476
0.092463
0.042952
0.059153
0.221745
0.307013
0.196888
0.142722
0.103616
0.055979
0.049042
0.047367
0.023104
0.012985
0.012195
0.019113
0.020165
0.017299
0.018027
0.041947
0.016022
0.054289
0.050245
0.114098
0.063517
0.021136
0.028444
0.016510
0.063734
0.038937
0.053710
0.120750
0.132250
0.045133
0.033219
0.041342
0.028217
0.067373
0.017974
0.029507
0.026550
0.035283
0.029427
0.036927
0.023689
0.041671
0.066991
0.121094
0.044111
0.058887
0.070779
0.043979
0.076066
0.048962
0.317257
0.378325
0.435253
0.115090
0.142422
0.081056
0.036996
0.035107
0.024219
0.035774
0.036151
0.026291
0.080794
0.029198
0.028190
0.055726
0.147562
0.096744
0.095615
0.123983
0.058567
0.038407
0.125089
0.150217
0.224623
0.381786
0.128978
0.177000
0.090701
0.044102
0.068458
0.091011
0.039176
0.057487
0.059983
0.074877
0.040368
0.072756
0.039122
0.123579
0.182429
0.083606
0.069995
0.078144
0.045223
0.074459
0.413411
0.089864
0.415126
0.283533
0.452181
0.343345
0.208894
0.287278
0.139007
0.045478
0.057793
0.031759
0.026718
0.058737
0.026575
0.037303
0.074255
0.105065
0.133321
0.120455
0.064611
0.165741
0.142896
0.127728
0.062195
0.101125
0.183775
0.088561
0.148898
0.070869
0.233684
0.078637
0.106120
0.027537
0.045036
0.040048
0.032798
0.021582
0.146256
0.069958
0.163606
0.132284
0.120357
0.090968
0.051525
0.128320
0.130604
0.103520
0.193436
0.243027
0.360518
0.219596
0.307884
0.177565
0.238928
0.123856
0.054359
0.045843
0.021898
0.032928
0.030235
0.079870
0.042103
0.083988
0.326675
0.100635
0.087868
0.078619
0.029786
0.057564
0.074719
0.277248
0.164007
0.311251
0.270945
0.347565
0.276620
0.253980
0.418011
0.320724
0.432336
0.119596
0.036148
0.048855
0.033323
0.041139
0.063121
0.037878
0.172149
0.085676
0.114142
0.187641
0.132475
0.277727
0.088814
0.166142
0.025564
0.081722
0.189000
0.189942
0.055286
0.071526
0.082509
0.199204
0.231912
0.030687
0.048664
0.039420
0.039196
0.046203
0.046082
0.045211
0.032897
0.061995
0.325288
0.296750
0.165010
0.102900
0.095523
0.243169
0.255240
0.155503
0.231609
0.171522
0.481692
0.366919
0.184044
0.182530
0.112171
0.022326
0.040198
0.034057
0.041316
0.038721
0.035663
0.031119
0.138904
0.100964
0.132852
0.163293
0.188470
0.052794
0.080434
0.097733
0.049921
0.281313
0.178965
0.265994
0.230385
0.099088
0.069894
0.284000
0.111838
0.102865
0.033490
0.027163
0.041420
0.048266
0.033922
0.066156
0.080155
0.047121
0.060937
0.091408
0.037659
0.159471
0.044270
0.108627
0.246960
0.313747
0.579194
0.312836
0.146138
0.203968
0.070670
0.079429
0.051444
0.030604
0.046852
0.041544
0.049550
0.047725
0.071529
0.072639
0.213830
0.108404
0.086631
0.120849
0.027586
0.026192
0.046483
0.033186
0.069324
0.133701
0.190220
0.109853
0.296925
0.228839
0.205365
0.066468
0.096093
0.086387
0.068319
0.038363
0.047687
0.041881
0.035314
0.071770
0.167424
0.112430
0.065387
0.096943
0.045455
0.042783
0.061480
0.050550
0.342277
0.178704
0.380408
0.211604
0.289019
0.224136
0.115027
0.113608
0.079444
0.047258
0.030284
0.038611
0.066818
0.047814
0.047695
0.084697
0.178789
0.096548
0.024332
0.036602
0.026524
0.018022
0.054135
0.028649
0.177984
0.042771
0.121379
0.392311
0.259688
0.285704
0.176800
0.102359
0.088402
0.052013
0.078590
0.049454
0.066517
0.059629
0.040706
0.112687
0.397645
0.266548
0.094251
0.063417
0.102876
0.126071
0.072962
0.122914
0.166747
0.083400
0.165987
0.062194
0.048561
0.060917
0.068485
0.120607
0.058224
0.102591
0.067213
0.076730
0.106524
0.048078
0.074498
0.040665
0.042046
0.175551
0.274221
0.382313
0.369266
0.069424
0.055141
0.043136
0.053575
0.060698
0.050688
0.221298
0.309280
0.310462
0.411716
0.337743
0.095716
0.068048
0.041281
0.073543
0.044572
0.031721
0.036598
0.045718
0.142675
0.108884
0.064843
0.088604
0.099271
0.100363
0.027961
0.141114
0.212286
0.176968
0.351295
0.170005
0.112952
0.106700
0.208526
0.057152
0.054796
0.053768
0.051803
0.049012
0.050788
0.060483
0.053516
0.067674
0.146275
0.083904
0.135204
0.042081
0.072260
0.063160
0.042541
0.044471
0.218933
0.046883
0.231083
0.350689
0.236361
0.176997
0.099814
0.080592
0.059894
0.074414
0.075940
0.046565
0.045162
0.042835
0.039861
0.172974
0.076888
0.053408
0.088803
0.038341
0.032251
0.049290
0.089245
0.205966
0.211248
0.059081
0.148606
0.280997
0.367403
0.362740
0.425142
0.325366
0.500766
0.207171
0.083535
0.086246
0.049029
0.050265
0.048445
0.052201
0.159855
0.045187
0.071798
0.040088
0.181557
0.119936
0.031876
0.087009
0.089409
0.077379
0.044078
0.092672
0.115944
0.209709
0.091059
0.103327
0.059659
0.052192
0.046921
0.032107
0.029991
0.038268
0.079868
0.046964
0.049455
0.067025
0.044413
0.092301
0.066645
0.050839
0.084318
0.061475
0.022372
0.081734
0.252139
0.380508
0.427428
0.146335
0.186754
0.139620
0.159406
0.053838
0.056731
0.037395
0.057333
0.033016
0.052340
0.049375
0.052108
0.178164
0.186275
0.143078
0.225038
0.177533
0.041353
0.038332
0.142928
0.150374
0.104138
0.217772
0.142700
0.116029
0.175276
0.079384
0.081449
0.061755
0.027488
0.028167
0.028770
0.044075
0.054993
0.048326
0.028545
0.118709
0.127615
0.204033
0.062770
0.078778
0.083359
0.025883
0.150514
0.175761
0.346606
0.122852
0.182382
0.134217
0.088129
0.330754
0.074050
0.060974
0.036809
0.068578
0.030358
0.066743
0.040519
0.051571
0.193764
0.176035
0.327098
0.143053
0.064189
0.158747
0.057815
0.107720
0.125888
0.144162
0.086143
0.180300
0.390908
0.586848
0.259838
0.080684
0.070176
0.063187
0.067787
0.043130
0.083769
0.054557
0.033395
0.063896
0.123254
0.106188
0.120902
0.104764
0.088988
0.099412
0.102539
0.118991
0.348907
0.180959
0.160556
0.334563
0.225822
0.249199
0.254839
0.163226
0.155223
0.051276
0.043392
0.045777
0.045958
0.040439
0.029939
0.045268
0.230920
0.082731
0.095738
0.075037
0.046118
0.063262
0.035835
0.060257
0.061671
0.073418
0.154083
0.438679
0.432272
0.361625
0.405584
0.180196
0.089909
0.059307
0.048818
0.079664
0.080915
0.044840
0.067867
0.201703
0.410273
0.053621
0.058379
0.075598
0.042446
0.192665
0.064461
0.192266
0.146743
0.099002
0.167045
0.093664
0.081110
0.210928
0.168845
0.067378
0.052314
0.067491
0.062885
0.068354
0.061756
0.061481
0.047180
0.073850
0.219600
0.093622
0.141584
0.055801
0.067128
0.086691
0.073908
0.119990
0.132167
0.088242
0.110542
0.296469
0.148834
0.091454
0.327579
0.435139
0.176789
0.073881
0.061335
0.056417
0.052540
0.058044
0.067127
0.057294
0.214126
0.133582
0.137351
0.104937
0.048272
0.079930
0.124464
0.128989
0.052833
0.102140
0.079005
0.559128
0.298322
0.213388
0.231454
0.529650
0.047199
0.064846
0.038392
0.050724
0.080314
0.049328
0.043270
0.051314
0.061148
0.088619
0.165828
0.243376
0.278495
0.396938
0.141923
0.174657
0.073932
0.112013
0.048714
0.096219
0.241593
0.376568
0.478321
0.127991
0.096641
0.054940
0.067948
0.071508
0.069384
0.077534
0.088284
0.068434
0.178148
0.168939
0.201607
0.113598
0.115510
0.073572
0.077556
0.029954
0.126811
0.262342
0.120515
0.363636
0.364105
0.224704
0.276965
0.205845
0.075484
0.076368
0.043408
0.038000
0.029312
0.045139
0.046611
0.042858
0.205518
0.105434
0.246183
0.111938
0.054619
0.054654
0.046888
0.054821
0.093157
0.086704
0.063718
0.234634
0.175388
0.334086
0.209235
0.097787
0.073917
0.057377
0.052363
0.048467
0.105440
0.042032
0.045993
0.041790
0.184456
0.104402
0.117961
0.070143
0.059594
0.197985
0.155949
0.058292
0.071487
0.290989
0.279986
0.191378
0.323291
0.451174
0.316024
0.052554
0.142291
0.125640
0.043932
0.034002
0.061975
0.045801
0.079173
0.050272
0.405387
0.097754
0.051964
0.090180
0.091577
0.057389
0.105209
0.058770
0.046779
0.054653
0.123993
0.160036
0.107001
0.392167
0.299812
0.036077
0.076858
0.067221
0.042047
0.060108
0.055609
0.043214
0.089094
0.133889
0.188940
0.088428
0.037373
0.041998
0.046137
0.091751
0.045711
0.048551
0.057202
0.041590
0.041365
0.080178
0.293089
0.270484
0.160004
0.482911
0.110223
0.061349
0.035704
0.031331
0.038017
0.027358
0.048450
0.128200
0.026950
0.088812
0.090833
0.115543
0.114129
0.102988
0.056592
0.092274
0.249300
0.138758
0.111739
0.088634
0.052494
0.062386
0.060918
0.064935
0.130895
0.119280
0.045110
0.037486
0.045941
0.055805
0.035124
0.057131
0.040112
0.063174
0.150332
0.150431
0.124386
0.046215
0.172716
0.179796
0.087674
0.043881
0.052328
0.045405
0.110328
0.192800
0.205750
0.236003
0.094392
0.093385
0.057199
0.057598
0.081851
0.114416
0.045965
0.069877
0.224183
0.195132
0.098648
0.122297
0.213790
0.068398
0.215798
0.118749
0.062325
0.091027
0.223975
0.400243
0.420061
0.191465
0.304045
0.367791
0.176512
0.069319
0.054786
0.055419
0.063103
0.061625
0.039630
0.067993
0.051048
0.185696
0.235567
0.180684
0.049108
0.087435
0.067714
0.079906
0.142474
0.060335
0.054072
0.094244
0.554178
0.328461
0.467814
0.522811
0.092636
0.076381
0.056206
0.076729
0.044531
0.061155
0.073812
0.069939
0.107343
0.259104
0.124457
0.126059
0.085344
0.060740
0.039414
0.091371
0.034271
0.039652
0.071193
0.065430
0.276593
0.160615
0.171693
0.330564
0.071662
0.099911
0.094109
0.056108
0.074596
0.054326
0.063710
0.120950
0.062782
0.278540
0.081483
0.045691
0.109243
0.063544
0.115104
0.114121
0.043661
0.054405
0.066232
0.065732
0.486828
0.522902
0.132965
0.145133
0.382930
0.104918
0.048975
0.140490
0.063403
0.103365
0.066201
0.085457
0.092953
0.181037
0.168665
0.074047
0.069681
0.114875
0.112535
0.142456
0.063640
0.072477
0.098597
0.239659
0.595848
0.386105
0.172887
0.313416
0.059316
0.130027
0.041684
0.087834
0.102912
0.081941
0.051240
0.085750
0.156518
0.190450
0.102816
0.073369
0.102175
0.127028
0.183978
0.153523
0.082185
0.064237
0.069193
0.083482
0.162803
0.243492
0.146038
0.433787
0.283172
0.062195
0.080859
0.070166
0.046164
0.074404
0.095559
0.043589
0.085187
0.034679
0.134391
0.134668
0.270560
0.060987
0.186208
0.067645
0.045312
0.053891
0.126698
0.151356
0.515772
0.278905
0.139616
0.189166
0.321898
0.105385
0.074629
0.074046
0.074470
0.071439
0.070018
0.061474
0.139735
0.304637
0.138750
0.229438
0.122269
0.080413
0.129917
0.271227
0.308355
0.049333
0.070314
0.087856
0.261419
0.318840
0.579133
0.410733
0.207395
0.103270
0.213383
0.065791
0.046807
0.042301
0.056976
0.035041
0.087759
0.281699
0.130493
0.187909
0.054783
0.211422
0.097141
0.064764
0.058946
0.079203
0.092028
0.464539
0.391327
0.296910
0.616136
0.356241
0.170621
0.077867
0.034158
0.032570
0.075100
0.066051
0.036607
0.094541
0.318363
0.280471
0.080822
0.068615
0.094894
0.101038
0.103858
0.214190
0.055616
0.140987
0.119120
0.158595
0.147980
0.464039
0.379194
0.481776
0.075757
0.096492
0.053057
0.031231
0.058554
0.038088
0.036956
0.033935
0.184977
0.337460
0.208569
0.113110
0.193237
0.145665
0.054081
0.065206
0.084053
0.068240
0.121151
0.213121
0.402346
0.224112
0.177518
0.370124
0.077119
0.061739
0.097400
0.053951
0.087144
0.053509
0.057337
0.065690
0.074674
0.304635
0.150019
0.110931
0.107506
0.102895
0.132847
0.245682
0.086068
0.106277
0.116839
0.386551
0.289616
0.495140
0.231687
0.388715
0.207524
0.079015
0.090547
0.056528
0.051606
0.044833
0.043211
0.056993
0.131949
0.329167
0.111191
0.182922
0.102250
0.298332
0.156506
0.327289
0.140596
0.150795
0.114330
0.772372
0.375359
0.451142
0.163314
0.119595
0.279871
0.091674
0.059968
0.050284
0.052288
0.045617
0.063098
0.061036
0.061233
0.091080
0.203991
0.322582
0.216754
0.231755
0.185298
0.201190
0.123415
0.126514
0.100253
0.173446
0.208558
0.391706
0.705344
0.262547
0.220912
0.088818
0.037915
0.068474
0.069109
0.051651
0.068152
0.078432
0.170202
0.173793
0.276797
0.090473
0.070818
0.100071
0.077608
0.080725
0.053033
0.083937
0.114245
0.358179
0.234307
0.398227
0.265224
0.141326
0.058023
0.059462
0.069925
0.104062
0.037169
0.045223
0.044023
0.046633
0.213214
0.195997
0.182811
0.126624
0.192451
0.300807
0.361591
0.115202
0.078076
0.061439
0.072030
0.356001
0.220854
0.466984
0.353049
0.148496
0.158961
0.067159
0.077758
0.048541
0.070453
0.047953
0.034987
0.131925
0.109489
0.221191
0.167091
0.055756
0.421948
0.278074
0.221567
0.244662
0.072667
0.188336
0.117526
0.135669
0.446057
0.165156
0.141507
0.137682
0.216753
0.249018
0.063360
0.061731
0.046206
0.038285
0.060154
0.048816
0.059093
0.232001
0.249596
0.235472
0.411848
0.297035
0.075430
0.038602
0.083335
0.048977
0.248814
0.425469
0.154912
0.135873
0.126118
0.107955
0.217250
0.066941
0.059682
0.038914
0.029276
0.032609
0.057599
0.070890
0.114737
0.151751
0.057312
0.204479
0.087246
0.050560
0.056144
0.037451
0.030920
0.036881
0.081447
0.401182
0.297817
0.236488
0.206096
0.260036
0.079860
0.092634
0.080248
0.040218
0.054587
0.035937
0.052145
0.049647
0.053011
0.198601
0.167741
0.377948
0.493369
0.294822
0.194335
0.346594
0.262763
0.150060
0.148961
0.326167
0.158924
0.235317
0.226691
0.398930
0.294451
0.051839
0.098186
0.038863
0.050942
0.037470
0.032474
0.071368
0.071629
0.073800
0.104297
0.147472
0.172591
0.172456
0.173379
0.266128
0.426176
0.145819
0.214000
0.335534
0.321624
0.300091
0.406856
0.431650
0.159581
0.123178
0.042849
0.052553
0.052807
0.046251
0.059713
0.047059
0.145711
0.136343
0.259152
0.109749
0.181250
0.058364
0.054203
0.065045
0.085670
0.237155
0.076835
0.218275
0.206942
0.183170
0.384640
0.210339
0.136360
0.072138
0.036037
0.032120
0.067156
0.066215
0.045009
0.040050
0.111505
0.262943
0.152171
0.141548
0.173424
0.074466
0.117016
0.076591
0.091405
0.127321
0.277000
0.342998
0.463920
0.477938
0.228373
0.303567
0.227360
0.248390
0.058536
0.051571
0.040103
0.062202
0.054137
0.033336
0.209102
0.145507
0.154875
0.085500
0.100316
0.051929
0.043095
0.053948
0.060431
0.041531
0.207816
0.165834
0.243225
0.364307
0.374652
0.224315
0.161586
0.109899
0.038408
0.063478
0.054559
0.039399
0.080825
0.032782
0.112789
0.349343
0.184416
0.045046
0.050536
0.094868
0.089964
0.143079
0.070847
0.076593
0.086362
0.101154
0.135312
0.488085
0.491787
0.180856
0.075321
0.107753
0.060478
0.054548
0.064298
0.076855
0.038332
0.042422
0.196745
0.190977
0.111078
0.086347
0.043650
0.073040
0.072953
0.080792
0.070221
0.163778
0.157554
0.333543
0.508659
0.505249
0.263529
0.272346
0.145916
0.120899
0.055703
0.056520
0.037674
0.069622
0.062554
0.064506
0.103140
0.107435
0.136640
0.239733
0.229452
0.118681
0.157270
0.113465
0.075769
0.239193
0.247295
0.170446
0.316554
0.602918
0.368000
0.473063
0.349391
0.136617
0.149519
0.065022
0.041180
0.059789
0.045961
0.092265
0.086074
0.121411
0.171624
0.209665
0.425752
0.401355
0.469142
0.155969
0.097051
0.236516
0.161085
0.341904
0.221938
0.286204
0.172252
0.235909
0.249767
0.162253
0.058300
0.079678
0.028490
0.044440
0.046079
0.050185
0.230284
0.340931
0.224533
0.244564
0.112469
0.073212
0.100755
0.096578
0.094763
0.143028
0.127390
0.273433
0.342304
0.431343
0.355672
0.159867
0.097857
0.117262
0.051929
0.053155
0.063874
0.050018
0.076901
0.039490
0.145068
0.289422
0.246169
0.198102
0.074519
0.041512
0.070884
0.124426
0.121756
0.046981
0.100701
0.203748
0.341912
0.292583
0.233349
0.504018
0.246359
0.083305
0.146866
0.065315
0.037414
0.077138
0.071510
0.121374
0.053908
0.177775
0.152339
0.064991
0.249612
0.185120
0.161243
0.115274
0.072330
0.049229
0.114119
0.182141
0.556498
0.212882
0.259806
0.430583
0.170127
0.098330
0.053539
0.057939
0.058911
0.035764
0.057022
0.069357
0.346990
0.301045
0.137238
0.104152
0.223088
0.223839
0.179028
0.142723
0.134743
0.279133
0.224935
0.412730
0.269523
0.239139
0.134863
0.213181
0.150096
0.062409
0.052697
0.099108
0.046859
0.061577
0.049836
0.055973
0.150494
0.166988
0.208740
0.139364
0.279634
0.217954
0.046865
0.115928
0.062681
0.060760
0.070198
0.126723
0.145937
0.372647
0.302823
0.186656
0.097437
0.127322
0.032894
0.046084
0.041882
0.034947
0.065894
0.041508
0.083147
0.096987
0.108002
0.168780
0.471731
0.351593
0.139237
0.224153
0.145745
0.062556
0.160884
0.225131
0.409136
0.287629
0.133899
0.129257
0.139013
0.101216
0.043269
0.034099
0.059273
0.059547
0.043531
0.036239
0.066551
0.093311
0.119325
0.207093
0.254312
0.213464
0.238939
0.177677
0.217904
0.105703
0.122167
0.584160
0.224039
0.371728
0.386658
0.312314
0.348584
0.047012
0.071031
0.056486
0.051905
0.049028
0.069249
0.045617
0.098538
0.220410
0.356845
0.292414
0.219789
0.447236
0.114390
0.095054
0.207853
0.120238
0.289570
0.142019
0.271894
0.237369
0.159890
0.524410
0.202018
0.059795
0.057484
0.093080
0.055923
0.064600
0.074316
0.073769
0.135346
0.202320
0.255726
0.288188
0.284028
0.208968
0.217932
0.168990
0.335659
0.345889
0.145821
0.318937
0.558705
0.413184
0.310115
0.326847
0.620486
0.094470
0.107503
0.070437
0.044777
0.082442
0.054365
0.057634
0.063958
0.203381
0.244397
0.188821
0.120334
0.161315
0.102614
0.165344
0.102011
0.268936
0.133844
0.380930
0.677412
0.340529
0.271935
0.131472
0.242518
0.223854
0.072426
0.044079
0.052179
0.082722
0.033059
0.069869
0.091133
0.183081
0.175276
0.127372
0.218922
0.110027
0.096537
0.080980
0.148498
0.107603
0.095740
0.217301
0.087449
0.385578
0.255165
0.416756
0.270835
0.088497
0.082177
0.059335
0.090017
0.046212
0.065941
0.081187
0.178738
0.197853
0.258082
0.256155
0.190688
0.105175
0.158186
0.217069
0.106241
0.141504
0.094666
0.236542
0.416080
0.517347
0.207915
0.171100
0.186479
0.070676
0.075977
0.038152
0.037753
0.080699
0.065623
0.125423
0.053236
0.253160
0.214125
0.190645
0.146176
0.298876
0.193935
0.423234
0.524632
0.425274
0.252511
0.151476
0.210188
0.509983
0.309951
0.234534
0.205129
0.076581
0.264267
0.178460
0.081758
0.044069
0.064392
0.065203
0.103544
0.227403
0.092681
0.153901
0.213841
0.172766
0.080171
0.109288
0.096418
0.069764
0.099847
0.352919
0.545569
0.380563
0.288134
0.240388
0.141579
0.070907
0.067657
0.069131
0.052964
0.042321
0.060302
0.050363
0.209302
0.195946
0.184219
0.478194
0.073287
0.061310
0.066527
0.095093
0.058580
0.122449
0.067127
0.241414
0.287732
0.218925
0.241261
0.306268
0.161170
0.258901
0.165727
0.071703
0.062733
0.039907
0.034359
0.059321
0.079074
0.275248
0.183678
0.418689
0.293445
0.171721
0.399802
0.084376
0.091322
0.164985
0.115887
0.385694
0.155438
0.308170
0.325836
0.385881
0.375151
0.210710
0.088581
0.055785
0.038678
0.076749
0.071733
0.046937
0.085433
0.472353
0.274116
0.209229
0.267028
0.134637
0.087945
0.102397
0.093064
0.150691
0.192217
0.307513
0.205887
0.211342
0.210555
0.282067
0.506522
0.467769
0.061123
0.081140
0.035167
0.060441
0.128319
0.072102
0.213629
0.335196
0.229713
0.185948
0.167190
0.088562
0.168539
0.065206
0.150809
0.141761
0.310275
0.348156
0.284367
0.308319
0.285091
0.415107
0.205521
0.197995
0.057105
0.056597
0.067010
0.082066
0.092815
0.091945
0.143931
0.124904
0.241314
0.179045
0.222466
0.264404
0.177029
0.090991
0.147183
0.201184
0.088449
0.386391
0.212320
0.269452
0.158452
0.160075
0.135898
0.168699
0.117100
0.082425
0.060100
0.055960
0.118258
0.054860
0.055646
0.068963
0.208066
0.218450
0.593665
0.261519
0.062989
0.064197
0.051622
0.062162
0.081119
0.138543
0.110130
0.146347
0.260426
0.530587
0.235010
0.141613
0.102183
0.087066
0.072474
0.047728
0.062324
0.065756
0.091983
0.195450
0.315582
0.322551
0.161055
0.109010
0.072605
0.086516
0.094679
0.207095
0.149464
0.233996
0.293252
0.212844
0.268812
0.114145
0.218536
0.095966
0.124653
0.089012
0.050545
0.070089
0.073471
0.068079
0.086605
0.081536
0.195632
0.449088
0.424176
0.208847
0.230101
0.342406
0.069070
0.104552
0.170017
0.185028
0.203417
0.131897
0.168386
0.175464
0.359257
0.184559
0.177061
0.060825
0.040594
0.082038
0.072892
0.051786
0.083365
0.113361
0.445161
0.256086
0.306585
0.140329
0.100701
0.060981
0.118207
0.089333
0.110931
0.418626
0.315530
0.542151
0.510323
0.228191
0.195409
0.118061
0.073363
0.111888
0.093806
0.069222
0.106338
0.073555
0.160266
0.333509
0.121123
0.183362
0.100745
0.073168
0.102930
0.069908
0.123450
0.191251
0.111948
0.249353
0.317632
0.343335
0.341591
0.293296
0.330025
0.280529
0.071981
0.082811
0.071175
0.053963
0.110357
0.090483
0.124506
0.221274
0.104658
0.246175
0.233217
0.122234
0.138265
0.069841
0.057444
0.085246
0.085721
0.238954
0.242244
0.442052
0.608667
0.693197
0.625486
0.141732
0.285723
0.123851
0.091635
0.057446
0.094083
0.063518
0.194421
0.313818
0.258941
0.079187
0.090432
0.111433
0.243345
0.089179
0.088469
0.164364
0.077253
0.136472
0.318189
0.228992
0.335490
0.140241
0.130020
0.104830
0.146761
0.063216
0.103193
0.086972
0.105544
0.096913
0.092754
0.138337
0.186265
0.071660
0.072610
0.098071
0.094133
0.203266
0.169060
0.208055
0.305520
0.115874
0.463335
0.597101
0.252640
0.213447
0.439308
0.289929
0.073348
0.068112
0.091239
0.092852
0.088923
0.074985
0.070868
0.068559
0.219938
0.190435
0.407868
0.431378
0.280926
0.522186
0.119650
0.168067
0.147586
0.384449
0.198606
0.293509
0.696683
0.181610
0.254308
0.070253
