0.249336
0.241612
0.242102
0.148188
0.082840
0.082308
0.075810
0.090237
0.094977
0.087703
0.099432
0.165148
0.169357
0.103600
0.084883
0.083984
0.108791
0.122400
0.112714
0.102865
0.096735
0.112101
0.100535
0.093751
0.096735
0.080469
0.082594
0.076178
0.086559
0.078794
0.071029
0.130696
0.260289
0.161388
0.090318
0.087417
0.106380
0.104704
0.104704
0.105399
0.128775
0.159385
0.218440
0.187135
0.206997
0.207732
0.203318
0.128285
0.091626
0.078221
0.074625
0.074543
0.070824
0.087662
0.098042
0.174057
0.229678
0.107769
0.099268
0.083493
0.140872
0.106502
0.110017
0.096040
0.099350
0.129020
0.249949
0.240549
0.254158
0.259389
0.300707
0.154808
0.119457
0.117986
0.110630
0.103478
0.098247
0.110180
0.107238
0.132699
0.109731
0.116351
0.113981
0.123135
0.297478
0.105276
0.116842
0.103314
0.110180
0.198496
0.219870
0.212963
0.231681
0.127263
0.119866
0.101394
0.099677
0.092321
0.093343
0.098778
0.093833
0.093874
0.091463
0.200907
0.221014
0.128980
0.169991
0.154710
0.145513
0.171269
0.155590
0.124940
0.231174
0.409689
0.394495
0.430410
0.444571
0.426115
0.334975
0.229546
0.179589
0.154754
0.137719
0.130407
0.127037
0.130338
0.128453
0.122770
0.124853
0.127775
0.120152
0.117945
0.144101
0.140709
0.115983
0.111815
0.114553
0.120969
0.193551
0.237893
0.227349
0.258286
0.248519
0.232907
0.217336
0.198047
0.113981
0.095713
0.091749
0.085700
0.095754
0.104295
0.126609
0.283011
0.146635
0.097429
0.092852
0.092035
0.092362
0.105521
0.238424
0.255221
0.232662
0.111570
0.205035
0.250971
0.262291
0.184683
0.105644
0.103764
0.101108
0.112591
0.105930
0.098410
0.106625
0.118395
0.111651
0.127835
0.123340
0.113736
0.100454
0.111038
0.117782
0.281295
0.120683
0.254649
0.252810
0.283175
0.287343
0.211901
0.131513
0.098083
0.098206
0.093343
0.087172
0.082431
0.083412
0.094814
0.090523
0.100617
0.096040
0.112918
0.100535
0.091871
0.163350
0.118763
0.250235
0.100944
0.104908
0.202419
0.327067
0.302137
0.209244
0.252769
0.187666
0.128775
0.110630
0.109935
0.107319
0.109281
0.117700
0.113572
0.104908
0.135151
0.121664
0.142098
0.124648
0.122645
0.151253
0.128693
0.121296
0.109322
0.116678
0.124239
0.206629
0.168172
0.152315
0.132249
0.130328
0.116229
0.136295
0.126037
0.120275
0.112878
0.109199
0.114144
0.116637
0.137889
0.150967
0.143733
0.163799
0.156239
0.328620
0.168335
0.146635
0.141444
0.146185
0.304385
0.176264
0.148024
0.164943
0.169153
0.161878
0.123503
0.134374
0.129143
0.116310
0.122768
0.123585
0.117536
0.121991
0.140504
0.124974
0.128489
0.130001
0.127958
0.128693
0.124402
0.137970
0.138543
0.148024
0.144019
0.149087
0.186154
0.241898
0.228411
0.222322
0.169970
0.127059
0.119702
0.121255
0.126078
0.120234
0.132494
0.127140
0.144918
0.161470
0.141240
0.128734
0.204953
0.153582
0.305080
0.317545
0.174997
0.148228
0.154481
0.140300
0.153623
0.131472
0.131186
0.147084
0.144918
0.123421
0.134415
0.130206
0.135110
0.121092
0.131554
0.137235
0.128448
0.133066
0.134374
0.124075
0.115207
0.134824
0.125220
0.134129
0.119130
0.144428
0.158323
0.166169
0.211043
0.234583
0.234542
0.240672
0.232335
0.234501
0.164085
0.135437
0.113899
0.130900
0.126405
0.121337
0.123708
0.129715
0.199395
0.224938
0.118558
0.198741
0.145613
0.276922
0.187257
0.220197
0.227717
0.324247
0.462340
0.334137
0.261719
0.208917
0.129715
0.121909
0.110630
0.109159
0.110139
0.100127
0.119948
0.119825
0.126037
0.152193
0.245903
0.287629
0.301688
0.287629
0.216437
0.142997
0.258041
0.231640
0.239855
0.295435
0.311251
0.297438
0.297969
0.215088
0.168335
0.164249
0.152479
0.158527
0.149291
0.160080
0.160162
0.160325
0.287915
0.235318
0.162491
0.147779
0.122727
0.161143
0.124198
0.117373
0.098737
0.110262
0.209326
0.222894
0.241530
0.274919
0.269484
0.272385
0.222649
0.118844
0.102252
0.100903
0.108546
0.105317
0.108627
0.113491
0.139523
0.122604
0.109404
0.102415
0.113899
0.117863
0.110875
0.112632
0.240181
0.135273
0.227758
0.185541
0.298745
0.221341
0.192979
0.124034
0.108464
0.113572
0.118722
0.120111
0.117863
0.118190
0.116719
0.125587
0.146267
0.288487
0.140750
0.301851
0.118027
0.130982
0.106380
0.099963
0.111733
0.113245
0.181086
0.241980
0.263967
0.271568
0.278720
0.284646
0.197270
0.157138
0.152765
0.153337
0.156688
0.149332
0.153173
0.159549
0.156239
0.123381
0.112755
0.125383
0.204177
0.180678
0.111120
0.109199
0.154604
0.248723
0.162941
0.317013
0.310801
0.285300
0.284932
0.275532
0.276064
0.282439
0.237116
0.137398
0.124280
0.124648
0.125342
0.139237
0.129960
0.116923
0.157383
0.113777
0.115330
0.098042
0.108586
0.110793
0.116678
0.108423
0.118476
0.221382
0.296579
0.273898
0.277167
0.278965
0.230332
0.131554
0.134211
0.135764
0.138910
0.120520
0.119049
0.136091
0.141730
0.130410
0.117250
0.124484
0.130696
0.134047
0.236258
0.170583
0.133516
0.163717
0.205852
0.248600
0.212350
0.278066
0.155789
0.135028
0.134987
0.119539
0.118272
0.114104
0.120029
0.125301
0.117618
0.129388
0.144632
0.122563
0.129266
0.128285
0.114757
0.134211
0.240835
0.191467
0.142711
0.130614
0.354122
0.352732
0.265356
0.276717
0.290327
0.277085
0.270301
0.259022
0.227185
0.118599
0.113450
0.110221
0.128367
0.125914
0.151661
0.253913
0.133271
0.122522
0.122563
0.149536
0.161510
0.135723
0.126814
0.123871
0.209735
0.253709
0.270424
0.277862
0.286240
0.197147
0.121051
0.125669
0.111406
0.112019
0.111406
0.107197
0.111570
0.106993
0.139850
0.111038
0.123013
0.123340
0.106666
0.187829
0.249990
0.110507
0.168376
0.111815
0.230046
0.274061
0.252360
0.285382
0.272958
0.274838
0.268258
0.127059
0.122849
0.122972
0.125138
0.130124
0.116433
0.128244
0.154522
0.170583
0.151171
0.135191
0.135314
0.150599
0.128980
0.131513
0.117332
0.116188
0.331522
0.253055
0.245740
0.275982
0.289468
0.286648
0.268135
0.140790
0.120847
0.112101
0.115534
0.103478
0.110916
0.114267
0.120683
0.107115
0.114839
0.107360
0.101680
0.117373
0.102947
0.095018
0.098615
0.124934
0.316073
0.351179
0.287302
0.331072
0.297642
0.279292
0.274102
0.165761
0.166496
0.153746
0.163799
0.155707
0.159344
0.151906
0.131186
0.158977
0.151784
0.305489
0.173689
0.145204
0.137398
0.116392
0.131309
0.137930
0.162246
0.151620
0.155053
0.187339
0.121051
0.125383
0.121255
0.119335
0.112019
0.113858
0.117496
0.108464
0.111938
0.124280
0.111570
0.136050
0.261964
0.152806
0.140668
0.256896
0.224529
0.112428
0.264048
0.152969
0.113695
0.128367
0.221750
0.311946
0.155912
0.214966
0.239405
0.125996
0.115125
0.103519
0.106706
0.118313
0.125628
0.121705
0.135478
0.159181
0.249499
0.127999
0.135355
0.119294
0.109976
0.113981
0.123503
0.120561
0.124525
0.162532
0.136336
0.122359
0.116474
0.133638
0.110058
0.094078
0.101639
0.091994
0.096857
0.099881
0.091790
0.097511
0.118190
0.098369
0.094528
0.099228
0.087253
0.103519
0.106298
0.115125
0.142711
0.105235
0.159385
0.366259
0.225673
0.248437
0.247579
0.241530
0.252810
0.100944
0.111120
0.093629
0.090114
0.105766
0.097593
0.097225
0.117005
0.112551
0.122195
0.116351
0.120356
0.288651
0.139769
0.103641
0.096980
0.102334
0.227390
0.246148
0.286853
0.261351
0.275328
0.280927
0.234010
0.119662
0.124239
0.116883
0.109853
0.103887
0.114880
0.118763
0.125301
0.107687
0.101598
0.105317
0.110180
0.155176
0.102865
0.255548
0.117373
0.098410
0.162205
0.231068
0.260820
0.273530
0.278475
0.288365
0.137031
0.121582
0.117046
0.111651
0.114185
0.113204
0.115534
0.116801
0.141567
0.117986
0.111202
0.108423
0.099228
0.104132
0.102538
0.121092
0.115166
0.095754
0.125301
0.333851
0.299644
0.273816
0.267972
0.275042
0.279210
0.270056
0.275205
0.202746
0.115370
0.116883
0.110752
0.107442
0.115575
0.125424
0.138502
0.138543
0.158568
0.428338
0.253831
0.288283
0.166006
0.349503
0.308186
0.279006
0.290204
0.296293
0.282602
0.285708
0.289959
0.203237
0.149414
0.136990
0.132576
0.130941
0.120275
0.134538
0.143815
0.324165
0.242266
0.293106
0.247701
0.260452
0.288896
0.464997
0.330868
0.347583
0.285954
0.329110
0.307001
0.315624
0.253137
0.159263
0.147370
0.138706
0.134742
0.139973
0.144591
0.140790
0.147452
0.144959
0.264947
0.253913
0.138134
0.129960
0.134987
0.480322
0.196739
0.131391
0.148801
0.250480
0.411051
0.354653
0.289591
0.269116
0.275696
0.187135
0.136377
0.117087
0.114839
0.121051
0.117823
0.124402
0.140423
0.128244
0.316932
0.156974
0.094773
0.095590
0.102906
0.128653
0.100127
0.099759
0.111406
0.187993
0.275532
0.361600
0.263558
0.261310
0.278230
0.268585
0.169398
0.127917
0.127672
0.120438
0.123299
0.121255
0.129511
0.130451
0.230741
0.226123
0.111447
0.112019
0.111815
0.282725
0.154481
0.104622
0.106053
0.103682
0.175283
0.243165
0.260820
0.283706
0.176918
0.115657
0.116719
0.118476
0.115411
0.117577
0.112264
0.115044
0.129593
0.126487
0.249704
0.118109
0.101394
0.098615
0.097920
0.263231
0.122931
0.100086
0.081409
0.091994
0.323471
0.291389
0.209326
0.241244
0.248927
0.260084
0.219666
0.106461
0.108219
0.102783
0.109567
0.104827
0.107769
0.100658
0.257673
0.175651
0.098206
0.104867
0.093383
0.131391
0.095958
0.089951
0.091830
0.099473
0.123544
0.145858
0.215497
0.212146
0.242552
0.238302
0.236830
0.256365
0.219911
0.141117
0.134865
0.134088
0.140586
0.146798
0.105194
0.100004
0.103805
0.106584
0.103805
0.104091
0.218399
0.207324
0.210062
0.247415
0.319956
0.284728
0.269279
0.278679
0.271527
0.265520
0.260738
0.266010
0.266582
0.256733
0.114390
0.103233
0.102742
0.103192
0.115943
0.106788
0.106380
0.096408
0.103028
0.163472
0.220401
0.188810
0.215538
0.301157
0.099350
0.098083
0.215252
0.213535
0.124566
0.197474
0.189873
0.106993
0.105807
0.099800
0.101557
0.102620
0.109690
0.105276
0.253177
0.163186
0.112755
0.304794
0.274715
0.114553
0.095509
0.092934
0.094160
0.161470
0.408762
0.401569
0.401488
0.255752
0.242511
0.241857
0.217336
0.100004
0.107156
0.123421
0.270955
0.151007
0.107197
0.106175
0.129960
0.102661
0.089951
0.085046
0.098492
0.146921
0.104254
0.225224
0.072296
0.052597
0.079447
0.157097
0.181904
0.193183
0.139932
0.077159
0.085578
0.087458
0.074094
0.083616
0.085332
0.080633
0.080837
0.082758
0.236830
0.140259
0.071846
0.064817
0.069271
0.279047
0.077077
0.055213
0.063386
0.067310
0.237852
0.224120
0.245494
0.237852
0.197597
0.076301
0.078140
0.080592
0.080592
0.074462
0.080510
0.079570
0.079488
0.088438
0.106584
0.079161
0.067064
0.072500
0.071315
0.085006
0.067351
0.059463
0.064531
0.060199
0.168948
0.238383
0.178266
0.221995
0.203237
0.216437
0.100576
0.085986
0.074625
0.082676
0.085087
0.076995
0.082758
0.085782
0.107728
0.069271
0.060648
0.057338
0.050676
0.061670
0.052802
0.053741
0.085455
0.366382
0.278597
0.337611
0.283215
0.352691
0.281172
0.222649
0.207773
0.213822
0.138011
0.070988
0.073644
0.065430
0.079815
0.072990
0.082104
0.088111
0.214026
0.462504
0.325269
0.308104
0.179738
0.164044
0.214271
0.252891
0.350770
0.260902
0.255589
0.244268
0.234664
0.236912
0.249295
0.250153
0.247047
0.242021
0.124402
0.077813
0.079652
0.069026
0.077077
0.082145
0.151580
0.324656
0.230087
0.077608
0.072050
0.053088
0.050145
0.054968
0.080183
0.077568
0.099350
0.119662
0.119498
0.109363
0.106543
0.103641
0.115983
0.104827
0.110180
0.100290
0.106993
0.104295
0.242674
0.128530
0.062651
0.066165
0.274143
0.157138
0.218807
0.072418
0.075402
0.093588
0.088357
0.183048
0.204054
0.204177
0.237648
0.216723
0.184437
0.075769
0.070988
0.068290
0.065961
0.067759
0.069803
0.065511
0.083044
0.063345
0.053006
0.056194
0.052638
0.065634
0.061220
0.054927
0.051821
0.056725
0.147534
0.162124
0.207814
0.208427
0.209326
0.222118
0.116229
0.063305
0.065471
0.062119
0.061302
0.066370
0.070007
0.069190
0.154645
0.173771
0.056030
0.055662
0.060771
0.225714
0.105031
0.052638
0.052556
0.063264
0.068863
0.065593
0.065471
0.085578
0.100249
0.053047
0.050145
0.055417
0.057828
0.055826
0.060893
0.059749
0.062119
0.057910
0.078548
0.053946
0.059136
0.057624
0.070497
0.077241
0.070375
0.206302
0.077568
0.070334
0.088806
0.080428
0.109894
0.172913
0.168090
0.166742
0.152887
0.116842
0.109199
0.109812
0.113041
0.119784
0.123667
0.130369
0.129593
0.253096
0.091381
0.060076
0.069884
0.071887
0.083943
0.082472
0.231885
0.104050
0.100086
0.178307
0.270955
0.244187
0.134619
0.094201
0.086354
0.072786
0.080469
0.086967
0.068863
0.074870
0.070743
0.077772
0.080224
0.081981
0.068004
0.076096
0.060975
0.343373
0.085087
0.063427
0.061466
0.056398
0.062242
0.065879
0.065185
0.144509
0.164984
0.093874
0.071601
0.072949
0.071560
0.069108
0.063019
0.063019
0.065634
0.060158
0.071110
0.072173
0.079161
0.069435
0.068086
0.066206
0.059913
0.056888
0.044873
0.050676
0.064776
0.081777
0.123667
0.093097
0.082349
0.081368
0.086354
0.075647
0.083779
0.071356
0.074666
0.071070
0.072949
0.067718
0.090564
0.066411
0.063713
0.055254
0.052924
0.260656
0.071969
0.056888
0.064040
0.190159
0.168826
0.373043
0.227390
0.234501
0.239119
0.090441
0.082267
0.075647
0.069190
0.074502
0.071764
0.070252
0.076914
0.070988
0.116923
0.075156
0.188156
0.107728
0.055785
0.112183
0.062692
0.080387
0.078794
0.081409
0.074543
0.159590
0.179411
0.173893
0.181127
0.246148
0.119825
0.080183
0.067800
0.066860
0.069639
0.069067
0.068822
0.106175
0.105317
0.075688
0.068045
0.065185
0.069557
0.090850
0.223916
0.093710
0.061915
0.067759
0.160734
0.217908
0.169888
0.209612
0.230005
0.220973
0.099677
0.055785
0.067024
0.063427
0.068904
0.065961
0.063713
0.076995
0.094078
0.069680
0.073317
0.075442
0.074502
0.089092
0.062365
0.073399
0.070620
0.067841
0.081818
0.187298
0.193388
0.216192
0.203318
0.198496
0.117659
0.093547
0.084638
0.084883
0.089746
0.082758
0.093383
0.100004
0.247170
0.140259
0.074462
0.064449
0.074462
0.091544
0.095059
0.070906
0.078099
0.073930
0.165311
0.221341
0.237934
0.234991
0.228984
0.240386
0.231150
0.165475
0.085006
0.086068
0.078589
0.089460
0.081246
0.235277
0.127467
0.106380
0.091912
0.085292
0.085373
0.077608
0.090891
0.070252
0.099759
0.228902
0.070988
0.086559
0.109772
0.099881
0.103887
0.092321
0.091013
0.089133
0.079774
0.076628
0.084924
0.082717
0.077322
0.081123
0.088970
0.074789
0.086967
0.079979
0.088806
0.127549
0.133312
0.088398
0.092443
0.138052
0.147942
0.087131
0.423842
0.250807
0.091381
0.088888
0.073358
0.061752
0.065961
0.073440
0.071070
0.073440
0.069026
0.082717
0.095672
0.071560
0.074502
0.147574
0.167927
0.224120
0.071846
0.063550
0.076668
0.329274
0.331481
0.278597
0.185786
0.221341
0.218194
0.216396
0.223957
0.080551
0.075565
0.071478
0.074421
0.076628
0.093343
0.083493
0.076096
0.061098
0.047121
0.052638
0.052025
0.130083
0.226368
0.070579
0.074094
0.079488
0.271936
0.193878
0.187012
0.180065
0.218194
0.226327
0.187339
0.085496
0.068372
0.078998
0.074584
0.070048
0.077772
0.068658
0.094896
0.073154
0.075320
0.070456
0.065511
0.253791
0.089338
0.053415
0.050962
0.069517
0.164330
0.194001
0.196780
0.200580
0.208795
0.211124
0.095999
0.071519
0.083861
0.078262
0.081164
0.072745
0.074298
0.074666
0.205158
0.114921
0.083289
0.072009
0.083779
0.086068
0.065757
0.081981
0.185745
0.201888
0.185541
0.224488
0.220115
0.235563
0.223344
0.202624
0.203237
0.083371
0.077281
0.084229
0.086722
0.071928
0.074870
0.074625
0.084842
0.065798
0.079039
0.064367
0.081900
0.082880
0.070824
0.071356
0.108954
0.114635
0.225019
0.281131
0.395521
0.268503
0.234174
0.240222
0.240835
0.124648
0.094896
0.086681
0.089583
0.085741
0.093915
0.086845
0.091463
0.144387
0.238955
0.085292
0.183293
0.203196
0.214680
0.214230
0.204381
0.203400
0.215661
0.243900
0.440190
0.260289
0.253750
0.242715
0.244963
0.123626
0.092321
0.088071
0.092811
0.083330
0.087703
0.083166
0.087825
0.076096
0.097634
0.248641
0.288365
0.194205
0.150272
0.145000
0.234583
0.196616
0.130655
0.137644
0.215988
0.129633
0.101761
0.099309
0.099514
0.100821
0.090032
0.079529
0.083575
0.076423
0.085782
0.114594
0.101353
0.174793
0.164535
0.079734
0.078017
0.069067
0.070170
0.075647
0.071192
0.168662
0.195881
0.228861
0.243328
0.257714
0.224652
0.098492
0.102538
0.104091
0.086354
0.089419
0.083534
0.079856
0.080265
0.096122
0.073072
0.090523
0.094119
0.153010
0.193755
0.070906
0.075156
0.080960
0.074094
0.164616
0.192938
0.191508
0.202624
0.218154
0.134211
0.106134
0.108178
0.100862
0.104704
0.103764
0.098042
0.099881
0.091463
0.093383
0.089991
0.086150
0.091258
0.073808
0.389432
0.191998
0.070947
0.065266
0.070865
0.204381
0.195267
0.188769
0.211369
0.233479
0.241121
0.117863
0.081205
0.082840
0.085864
0.089419
0.086354
0.084270
0.098696
0.095590
0.097021
0.198047
0.191222
0.063264
0.080469
0.075402
0.069966
0.122604
0.103233
0.265969
0.193755
0.209776
0.241530
0.251216
0.241612
0.202011
0.086804
0.084188
0.082799
0.087417
0.079611
0.087131
0.097797
0.154808
0.155217
0.287261
0.179492
0.164821
0.071601
0.122931
0.250235
0.140790
0.091790
0.110425
0.245699
0.281540
0.305897
0.283788
0.273039
0.234583
0.089378
0.088438
0.091217
0.088888
0.080674
0.084229
0.093302
0.209163
0.146471
0.121991
0.114185
0.123054
0.069680
0.060771
0.052515
0.143161
0.157424
0.106502
0.137071
0.186808
0.262414
0.255548
0.232212
0.248927
0.246393
0.230823
0.107156
0.086885
0.085210
0.087662
0.086477
0.093547
0.079938
0.093424
0.268217
0.297519
0.119907
0.127753
0.196780
0.180310
0.173199
0.067310
0.104132
0.185091
0.175773
0.082349
0.076873
0.076382
0.086477
0.084801
0.096449
0.081613
0.086599
0.088929
0.088398
0.107074
0.091504
0.078099
0.072050
0.063550
0.072377
0.071969
0.072091
0.078712
0.139483
0.274511
0.208059
0.180065
0.187584
0.195022
0.206833
0.182353
0.196820
0.231354
0.093915
0.072255
0.089051
0.078916
0.079774
0.104990
0.074707
0.091013
0.080469
0.074339
0.094569
0.082880
0.074789
0.075810
0.068004
0.098042
0.246353
0.097838
0.101639
0.093588
0.083657
0.106339
0.087907
0.085700
0.087498
0.081818
0.084311
0.085659
0.092934
0.095958
0.106461
0.080101
0.078058
0.067391
0.085905
0.072009
0.070211
0.077445
0.075238
0.141281
0.190118
0.185990
0.201357
0.235400
0.245780
0.142139
0.078467
0.089338
0.080796
0.074911
0.083330
0.078671
0.220524
0.129143
0.070497
0.095549
0.083085
0.067351
0.116556
0.078017
0.155462
0.197801
0.202869
0.133557
0.231558
0.402346
0.209040
0.300257
0.296334
0.220279
0.091217
0.080224
0.084924
0.080428
0.081123
0.081777
0.101353
0.224366
0.134047
0.090318
0.246884
0.220197
0.208631
0.085046
0.077445
0.081573
0.084025
0.112510
0.369978
0.206179
0.205607
0.239814
0.231885
0.237566
0.247660
0.190322
0.075361
0.091912
0.081205
0.096408
0.089092
0.090073
0.121828
0.120888
0.128816
0.198660
0.335894
0.206997
0.198782
0.228534
0.212841
0.274919
0.223957
0.134252
0.133679
0.117536
0.104745
0.110752
0.097552
0.093956
0.090686
0.088806
0.068904
0.084638
0.069557
0.088071
0.108505
0.083943
0.248151
0.113981
0.183865
0.219584
0.154890
0.191426
0.185786
0.230373
0.073195
0.225837
0.143488
0.092648
0.094528
0.093057
0.088806
0.074094
0.083575
0.074870
0.080265
0.082799
0.096122
0.103233
0.085046
0.077813
0.211165
0.077200
0.279497
0.102088
0.080469
0.065879
0.078426
0.184519
0.187748
0.201725
0.207078
0.208141
0.202379
0.132780
0.082063
0.085251
0.081246
0.084965
0.078262
0.086926
0.092035
0.096244
0.090032
0.076546
0.083085
0.070456
0.078507
0.074339
0.073522
0.063877
0.075320
0.075933
0.131023
0.175569
0.147329
0.092117
0.083534
0.082308
0.083166
0.077445
0.080428
0.079202
0.079243
0.078426
0.091790
0.097307
0.094569
0.088765
0.089828
0.074952
0.339164
0.256774
0.095836
0.090277
0.093506
0.198823
0.214394
0.223753
0.208345
0.239936
0.098451
0.083126
0.087008
0.082717
0.084188
0.082758
0.087662
0.082104
0.089419
0.096816
0.092975
0.204013
0.200417
0.111284
0.357554
0.212187
0.086191
0.090359
0.181618
0.201357
0.106625
0.102947
0.193101
0.188238
0.095999
0.099800
0.100372
0.094201
0.095345
0.089378
0.090073
0.089787
0.090564
0.110630
0.094936
0.087131
0.088275
0.204422
0.232580
0.105235
0.093792
0.081900
0.087458
0.119539
0.194368
0.228044
0.316400
0.268585
0.238261
0.244881
0.239160
0.108913
0.082431
0.081368
0.078957
0.070497
0.076668
0.098165
0.081940
0.092117
0.208304
0.206956
0.090318
0.087458
0.094323
0.125506
0.235400
0.259962
0.181250
0.136622
0.202256
0.246925
0.260942
0.155871
0.090277
0.080674
0.080633
0.071846
0.072909
0.075197
0.080224
0.099105
0.221423
0.243982
0.164616
0.229106
0.323430
0.239732
0.191385
0.206956
0.234174
0.136213
0.124974
0.257918
0.112837
0.103805
0.096571
0.080714
0.065185
0.062692
0.082472
0.072663
0.074012
0.072868
0.098778
0.095917
0.106911
0.270179
0.149659
0.093792
0.119866
0.090318
0.068250
0.193796
0.176141
0.193633
0.239446
0.220728
0.237035
0.247660
0.220197
0.094405
0.071315
0.075810
0.081327
0.082840
0.079366
0.076341
0.092934
0.101802
0.087335
0.079407
0.168090
0.120969
0.077608
0.079366
0.068331
0.063264
0.067228
0.147411
0.286771
0.198128
0.210920
0.153746
0.093670
0.069149
0.068985
0.064735
0.078630
0.068822
0.072827
0.068495
0.077281
0.083698
0.074421
0.075728
0.077792
0.177868
0.330990
0.100658
0.055213
0.056766
0.079529
0.290735
0.278148
0.216192
0.215456
0.301157
0.221505
0.242511
0.096326
0.080224
0.074094
0.077404
0.073644
0.079856
0.076137
0.125792
0.076546
0.077690
0.067718
0.059259
0.073399
0.046998
0.064204
0.068454
0.055785
0.331113
0.246679
0.238465
0.243941
0.231395
0.195022
0.075688
0.076178
0.060403
0.065266
0.060280
0.070947
0.055907
0.076178
0.079938
0.075810
0.088725
0.058768
0.060893
0.080714
0.062692
0.042339
0.067841
0.084188
0.255384
0.191222
0.263027
0.221014
0.179002
0.093138
0.078221
0.080428
0.096367
0.084025
0.083453
0.073195
0.084188
0.093751
0.142180
0.133557
0.080796
0.090482
0.242388
0.270546
0.255957
0.167600
0.164494
0.211656
0.175283
0.342474
0.208509
0.218235
0.241285
0.366750
0.236708
0.196575
0.116188
0.103846
0.111488
0.104622
0.098982
0.101475
0.097593
0.283256
0.295272
0.246966
0.203768
0.153541
0.134129
0.096244
0.139442
0.225796
0.180065
0.212677
0.157383
0.199273
0.109118
0.114349
0.103437
0.073481
0.066983
0.065021
0.067514
0.076178
0.065348
0.074543
0.076301
0.070865
0.223916
0.067024
0.083861
0.095672
0.094732
0.076750
0.092076
0.357309
0.535453
0.217009
0.246434
0.107483
0.100535
0.125383
0.239609
0.101721
0.075197
0.068577
0.068127
0.068372
0.067637
0.081000
0.080633
0.068740
0.052679
0.067637
0.056929
0.309657
0.286812
0.164535
0.050063
0.052638
0.137276
0.175855
0.172054
0.196248
0.214557
0.102334
0.074625
0.076341
0.073685
0.076096
0.077077
0.069149
0.080101
0.089256
0.084229
0.075892
0.060730
0.076955
0.070661
0.086272
0.068740
0.073399
0.062855
0.067310
0.130083
0.226940
0.196861
0.211451
0.218481
0.267522
0.128448
0.081736
0.068740
0.068290
0.067105
0.069925
0.068495
0.077894
0.102415
0.103600
0.233970
0.075361
0.056970
0.090891
0.048960
0.052025
0.047203
0.130287
0.314439
0.220360
0.190854
0.228330
0.227676
0.217704
0.277535
0.160816
0.066615
0.061588
0.062978
0.067882
0.061384
0.072582
0.109567
0.139237
0.092852
0.085046
0.094855
0.094201
0.118354
0.139401
0.186154
0.170788
0.200253
0.219216
0.253504
0.365646
0.240345
0.131963
0.085087
0.076587
0.067064
0.094242
0.068863
0.069394
0.064285
0.068495
0.110589
0.369406
0.160284
0.077159
0.067432
0.064735
0.129633
0.098247
0.203605
0.189791
0.189955
0.237811
0.230373
0.229964
0.237975
0.197107
0.130941
0.124974
0.117700
0.107074
0.109526
0.103478
0.102129
0.100413
0.103069
0.101680
0.097634
0.102701
0.094814
0.120479
0.120152
0.231885
0.117700
0.246066
0.063754
0.190322
0.275164
0.123789
0.112305
0.277739
0.097143
0.081491
0.084433
0.075933
0.076832
0.078548
0.066574
0.071233
0.174466
0.187584
0.071274
0.056112
0.065185
0.082308
0.086150
0.070048
0.062446
0.081859
0.177776
0.193224
0.184192
0.195554
0.221954
0.233970
0.109526
0.102865
0.087744
0.087498
0.099023
0.091871
0.089011
0.078630
0.098328
0.105848
0.092362
0.109935
0.090155
0.125097
0.106788
0.089051
0.070661
0.100617
0.190282
0.368262
0.248151
0.227717
0.271527
0.121378
0.071396
0.077772
0.077568
0.079243
0.070497
0.071029
0.066656
0.067555
0.092198
0.070538
0.063223
0.075197
0.054722
0.112551
0.056030
0.054600
0.080347
0.226695
0.167845
0.179247
0.200131
0.193878
0.234583
0.212309
0.089419
0.092484
0.077527
0.077118
0.070620
0.071070
0.069149
0.080592
0.111325
0.085700
0.061670
0.057215
0.075238
0.331276
0.203155
0.111325
0.257877
0.099636
0.105031
0.183457
0.200458
0.221668
0.222036
0.213413
0.119662
0.078303
0.071396
0.067432
0.070375
0.070211
0.081205
0.082308
0.098737
0.071887
0.070211
0.046630
0.233030
0.091544
0.057174
0.056480
0.111978
0.206833
0.084270
0.139646
0.142916
0.134742
0.158854
0.155952
0.147411
0.206506
0.086763
0.067391
0.072745
0.070906
0.071029
0.080060
0.078467
0.078507
0.065307
0.093138
0.085864
0.074257
0.083820
0.121133
0.250971
0.096776
0.099473
0.287956
0.135518
0.102701
0.087621
0.097961
0.094201
0.075115
0.088316
0.082431
0.077445
0.058605
0.062569
0.073195
0.068086
0.063019
0.090196
0.100127
0.131677
0.345090
0.195227
0.336998
0.253423
0.165352
0.096449
0.264130
0.081164
0.128326
0.221096
0.106584
0.079488
0.070702
0.062651
0.062528
0.073236
0.068454
0.066043
0.082022
0.090809
0.071723
0.083534
0.063468
0.073154
0.098410
0.072418
0.068250
0.064817
0.202992
0.276758
0.405452
0.373370
0.296865
0.304303
0.245167
0.193837
0.115902
0.082308
0.068944
0.072377
0.070620
0.058646
0.081695
0.107687
0.085006
0.076301
0.086926
0.106870
0.118885
0.074380
0.078017
0.086436
0.093302
0.151866
0.202583
0.193960
0.192693
0.215988
0.185010
0.095958
0.084842
0.078957
0.076873
0.076750
0.083248
0.086232
0.100331
0.120561
0.092157
0.107238
0.251788
0.259267
0.462667
0.089828
0.107973
0.105031
0.171441
0.262455
0.198373
0.208590
0.145368
0.234133
0.121296
0.277208
0.107033
0.072214
0.090645
0.081900
0.080101
0.080387
0.109608
0.112224
0.091585
0.087212
0.093833
0.080060
0.100862
0.070130
0.077527
0.077241
0.078834
0.209040
0.204095
0.213535
0.202828
0.128367
0.113245
0.106952
0.104377
0.094037
0.094283
0.089297
0.090032
0.086804
0.092975
0.121705
0.109322
0.090931
0.228289
0.095631
0.426540
0.097593
0.097389
0.074543
0.154890
0.294372
0.238547
0.247538
0.209203
0.217377
0.209408
0.203932
0.117945
0.064531
0.078262
0.078221
0.082267
0.074135
0.081409
0.110875
0.099514
0.126037
0.309085
0.282357
0.263108
0.206098
0.245126
0.134783
0.082472
0.070007
0.108872
0.099187
0.103478
0.123217
0.104704
0.094201
0.083330
0.078548
0.074216
0.076832
0.087580
0.083453
0.082390
0.104704
0.138706
0.194777
0.115779
0.112591
0.125179
0.126732
0.290735
0.131881
0.113736
0.105276
0.092648
0.113736
0.099432
0.127672
0.112796
0.099187
0.098860
0.091830
0.086150
0.085905
0.086722
0.091830
0.108178
0.155789
0.115411
0.217459
0.107401
0.232662
0.097062
0.079529
0.077690
0.094201
0.093424
0.242756
0.222894
0.204667
0.214598
0.239446
0.166006
0.076382
0.075442
0.069312
0.071437
0.072990
0.064449
0.073358
0.083289
0.098819
0.118190
0.263108
0.125424
0.115370
0.178879
0.140954
0.105440
0.090482
0.155503
0.160039
0.204422
0.209653
0.211083
0.193551
0.155625
0.074625
0.085945
0.080060
0.081041
0.075238
0.077445
0.070211
0.091381
0.277249
0.151620
0.080142
0.168295
0.070497
0.103600
0.071396
0.070497
0.057787
0.127427
0.229515
0.261555
0.268217
0.178021
0.189955
0.191589
0.095958
0.082513
0.085210
0.072827
0.076382
0.074421
0.078221
0.123544
0.110875
0.094487
0.245617
0.089828
0.239977
0.120806
0.064939
0.082513
0.115657
0.080837
0.082472
0.091626
0.090318
0.073317
0.080142
0.126364
0.151498
0.067310
0.063059
0.058646
0.061098
0.060035
0.058605
0.075197
0.088030
0.059136
0.053619
0.062119
0.057828
0.073930
0.079815
0.071029
0.075238
0.052066
0.144918
0.186031
0.194491
0.178798
0.210184
0.209449
0.210348
0.142507
0.079284
0.093220
0.089910
0.077363
0.071274
0.069271
0.092730
0.284074
0.221709
0.095590
0.191589
0.161470
0.158650
0.173771
0.184151
0.391884
0.220156
0.171973
0.166415
0.103519
0.105031
0.092239
0.075279
0.076628
0.061466
0.061670
0.058768
0.059626
0.061384
0.067923
0.090972
0.089256
0.099187
0.233888
0.276472
0.125465
0.198496
0.137807
0.286403
0.096939
0.105685
0.154726
0.111611
0.109853
0.117496
0.110139
0.079979
0.081450
0.071519
0.063713
0.071110
0.061179
0.066451
0.063468
0.079734
0.070947
0.081450
0.074400
0.052679
0.323614
0.181505
0.145858
0.230904
0.141812
0.534799
0.256079
0.218562
0.221464
0.282766
0.352528
0.343332
0.254894
0.158200
0.194777
0.196044
0.072132
0.071233
0.077527
0.095018
0.097715
0.183743
0.122400
0.080101
0.302791
0.176754
0.127345
0.101802
0.096326
0.255793
0.205239
0.182353
0.181434
0.209336
0.186154
0.226491
0.080347
0.078038
0.075698
0.079121
0.085251
0.067943
0.070865
0.112183
0.066451
0.070947
0.079734
0.132535
0.188647
0.064306
0.055999
0.058692
0.059667
0.142139
0.207487
0.188606
0.199804
0.138175
0.115575
0.077854
0.069721
0.070865
0.070252
0.067432
0.057706
0.057787
0.076260
0.117863
0.086477
0.113899
0.162818
0.136826
0.055131
0.067841
0.061425
0.115044
0.146185
0.074380
0.086109
0.075769
0.086436
0.081450
0.206220
0.199599
0.185500
0.066533
0.051657
0.058319
0.062896
0.058237
0.079161
0.096367
0.079080
0.078753
0.089297
0.050227
0.069230
0.080755
0.075606
0.061711
0.075769
0.164780
0.166047
0.173730
0.171360
0.208018
0.227308
0.205525
0.211696
0.115166
0.064490
0.072990
0.071070
0.066860
0.062651
0.056602
0.070783
0.087131
0.089583
0.159631
0.240754
0.151171
0.156484
0.080919
0.153786
0.138052
0.195676
0.190159
0.193142
0.199109
0.207405
0.187748
0.097389
0.073440
0.069966
0.061792
0.058727
0.058809
0.065838
0.067677
0.074911
0.085006
0.159447
0.247793
0.253223
0.200335
0.243819
0.231926
0.138747
0.097102
0.087090
0.096326
0.149127
0.356492
0.234092
0.122686
0.116801
0.102742
0.095876
0.097838
0.090114
0.088152
0.088071
0.101966
0.103396
0.112428
0.109812
0.117863
0.167518
0.164494
0.155380
0.164821
0.156443
0.240141
0.281254
0.269279
0.286894
0.425804
0.345294
0.247579
0.285545
0.124974
0.107565
0.109077
0.088765
0.089460
0.093629
0.164167
0.259798
0.259226
0.272631
0.330009
0.318035
0.312191
0.242266
0.289836
0.358167
0.406555
0.454943
0.355021
0.383833
0.290183
0.243359
0.219947
0.208241
0.202387
0.196534
0.132535
0.119212
0.118681
0.129552
0.161837
0.146594
0.138972
0.135161
0.131350
0.171237
0.228779
0.195186
0.221995
0.344926
0.220769
0.370101
0.331726
0.253464
0.235441
0.157219
0.182394
0.095059
0.089991
0.081491
0.087049
0.082472
0.075606
0.085986
0.111038
0.081205
0.100086
0.099105
0.223385
0.314398
0.139850
0.149700
0.184029
0.098819
0.273325
0.277657
0.190649
0.192734
0.234950
0.275778
0.155830
0.070783
0.072704
0.080387
0.065348
0.052842
0.066002
0.056725
0.082962
0.066901
0.064204
0.123667
0.085700
0.107483
0.090318
0.071805
0.080306
0.101148
0.169194
0.247211
0.215497
0.204912
0.213658
0.229719
0.200049
0.204953
0.153664
0.069803
0.066656
0.052761
0.055254
0.063223
0.101598
0.114921
0.250031
0.232989
0.112714
0.256324
0.085128
0.099146
0.121092
0.113123
0.088030
0.099228
0.113613
0.107973
0.096244
0.111815
0.067841
0.068985
0.055703
0.069598
0.074421
0.059749
0.068863
0.084965
0.082594
0.091790
0.096449
0.078589
0.114063
0.157260
0.126732
0.317504
0.241162
0.232539
0.280641
0.148147
0.288855
0.184070
0.143079
0.289305
0.094283
0.081409
0.081818
0.072623
0.076301
0.075197
0.075565
0.095509
0.080960
0.095263
0.082349
0.081327
0.079488
0.098860
0.094855
0.091749
0.104827
0.089460
0.117823
0.236299
0.192202
0.208999
0.226164
0.272672
0.156075
0.074502
0.078262
0.068781
0.075238
0.068904
0.070620
0.074216
0.266214
0.183538
0.097307
0.101516
0.113613
0.091790
0.271691
0.099432
0.072582
0.078262
0.108546
0.217868
0.228738
0.228289
0.217786
0.224447
0.207324
0.277208
0.103887
0.085087
0.085537
0.069435
0.070416
0.086232
0.081409
0.094814
0.077445
0.056398
0.076341
0.104867
0.072336
0.088316
0.084556
0.080387
0.159426
0.231722
0.221300
0.279987
0.353835
0.337693
0.214353
0.197801
0.092934
0.079407
0.077241
0.075402
0.071070
0.077036
0.101843
0.097021
0.195799
0.276799
0.159712
0.082022
0.085006
0.196044
0.261147
0.325718
0.280682
0.238506
0.102497
0.087662
0.108832
0.147288
0.178185
0.173853
0.083371
0.073971
0.077854
0.074543
0.073440
0.072990
0.096776
0.087498
0.106420
0.224488
0.132699
0.243369
0.293228
0.186849
0.186767
0.322204
0.171482
0.196412
0.195022
0.145654
0.125751
0.165883
0.113613
0.261882
0.147125
0.146553
0.107483
0.089624
0.086804
0.083575
0.090482
0.107442
0.297805
0.257019
0.081613
0.280477
0.085741
0.087703
0.161674
0.179697
0.133230
0.207569
0.213535
0.165393
0.122686
0.152315
0.128121
0.125424
0.164862
0.132372
0.090032
0.074094
0.071887
0.069067
0.080347
0.095141
0.096408
0.311537
0.228820
0.136540
0.077445
0.083330
0.181740
0.218889
0.133761
0.158650
0.141158
0.123667
0.326454
0.121828
0.112224
0.100781
0.080960
0.075279
0.073603
0.080919
0.074257
0.080183
0.093874
0.108505
0.143815
0.466713
0.230169
0.227717
0.226327
0.151620
0.108546
0.324819
0.181454
0.177163
0.163145
0.229801
0.244677
0.111038
0.084025
0.073808
0.072868
0.072745
0.069190
0.068127
0.060117
0.065266
0.090727
0.078242
0.076801
0.079187
0.109743
0.378935
0.232726
0.152695
0.057139
0.049944
0.142263
0.192734
0.187912
0.197515
0.201970
0.153827
0.082390
0.093670
0.081450
0.073767
0.076464
0.074257
0.076995
0.091504
0.106461
0.255139
0.171074
0.075769
0.094119
0.216968
0.129429
0.066002
0.080306
0.104336
0.304916
0.252074
0.218194
0.239446
0.190363
0.145817
0.119253
0.112264
0.105031
0.100290
0.107054
0.095968
0.087749
0.086990
0.118202
0.091141
0.091445
0.101712
0.087739
0.106050
0.092238
0.146389
0.358617
0.244799
0.263354
0.140668
0.086313
0.084965
0.101884
0.131268
0.160244
0.160897
0.170542
0.229474
0.228902
0.213413
0.206915
0.227553
0.240508
0.428215
0.366545
0.225878
0.300870
0.405779
0.351343
0.339818
0.420696
0.533655
0.500633
0.361723
0.354285
0.348318
0.382893
0.412522
0.231150
0.149127
0.174302
0.080142
0.137930
0.075933
0.071887
0.078140
0.196003
0.171687
0.277208
0.316482
0.550574
0.351343
0.277657
0.291062
0.322776
0.383015
0.278679
0.323307
0.317749
0.281172
0.315379
0.289264
0.210879
0.216805
0.123258
0.215088
0.208631
0.161633
0.114798
0.141199
0.238424
0.169112
0.285627
0.287016
0.443541
0.291348
0.323389
0.665413
0.552372
0.364665
0.515714
0.497078
0.314234
0.539049
0.323144
0.154604
0.201234
0.106911
0.089624
0.090972
0.088520
0.087172
0.083820
0.144469
0.156688
0.236136
0.190690
0.121255
0.211696
0.366709
0.216560
0.255303
0.258286
0.327639
0.337733
0.441211
0.418039
0.384568
0.326413
0.298132
0.254158
0.240958
0.129552
0.119539
0.121623
0.119212
0.106257
0.114349
0.280314
0.100270
0.194256
0.143447
0.188238
0.289305
0.267400
0.369937
0.325146
0.343046
0.439127
0.468143
0.452082
0.611386
0.330704
0.405125
0.274919
0.156729
0.146021
0.092975
0.089542
0.089542
0.095917
0.100208
0.119866
0.158895
0.164412
0.167641
0.369733
0.334341
0.214026
0.327394
0.315052
0.505292
0.499203
0.417998
0.321509
0.443623
0.463280
0.309698
0.362867
0.275737
0.185745
0.099636
0.139074
0.087008
0.092117
0.141894
0.161674
0.171482
0.139360
0.257959
0.423393
0.465569
0.328824
0.290817
0.545834
0.405411
0.392864
0.556623
0.356001
0.394499
0.246884
0.202746
0.163881
0.230210
0.125261
0.124852
0.088275
0.084352
0.090318
0.085659
0.116229
0.209694
0.118885
0.270873
0.261964
0.352160
0.287302
0.365973
0.325637
0.446238
0.566022
0.520741
0.313090
0.497691
0.319997
0.398504
0.423107
0.340472
0.321877
0.206915
0.267563
0.115370
0.210838
0.132453
0.295231
0.272753
0.333974
0.679063
0.505292
0.551719
0.601945
0.662880
0.617066
0.533532
0.599248
0.722302
0.587560
0.572806
0.482406
0.394050
0.432016
0.355593
0.293882
0.321100
0.177040
0.232376
0.296171
0.196207
0.309535
0.483224
0.538396
0.433160
0.415832
0.404553
0.387184
0.477911
0.483387
0.417263
0.522457
0.541215
0.539254
0.406024
0.482774
0.507990
0.305897
0.301443
0.251788
0.268135
0.270710
0.202746
0.115575
0.187462
0.387184
0.409416
0.324206
0.235359
0.325350
0.620990
0.458090
0.237321
0.402223
0.415546
0.665659
0.497446
0.389881
0.535249
0.582533
0.530345
0.278148
0.103151
0.107606
0.102415
0.084679
0.076709
0.073889
0.088398
0.203196
0.231109
0.186603
0.400180
0.426908
0.345417
0.599861
0.496628
0.444603
0.531203
0.599738
0.617680
0.652050
0.611590
0.611263
0.493522
0.351465
0.181863
0.260411
0.240508
0.130941
0.118640
0.106420
0.195717
0.248314
0.252115
0.151171
0.228698
0.149945
0.524991
0.268666
0.252319
0.267481
0.333974
0.447505
0.356369
0.539908
0.566635
0.451142
0.264008
0.153868
0.137398
0.129061
0.128857
0.125220
0.113000
0.110957
0.110916
0.253055
0.234010
0.211983
0.333688
0.221832
0.279210
0.331276
0.578528
0.639013
0.645347
0.627038
0.473374
0.466427
0.318444
0.276881
0.302750
0.303976
0.326086
0.289673
0.180637
0.123585
0.100658
0.097225
0.114676
0.156320
0.241448
0.182231
0.410560
0.347746
0.328947
0.347133
0.436798
0.557440
0.413911
0.407332
0.403572
0.404553
0.548572
0.540602
0.427357
0.369161
0.294659
0.237443
0.143529
0.123258
0.117823
0.114880
0.113695
0.146430
0.180473
0.342638
0.496220
0.252319
0.561077
0.359516
0.341248
0.239160
0.326290
0.229678
0.350116
0.309861
0.330295
0.304058
0.229188
0.163268
0.150354
0.135314
0.120969
0.116801
0.108954
0.106584
0.118517
0.138011
0.160203
0.110385
0.280600
0.165475
0.172422
0.388859
0.226245
0.450856
0.354775
0.296089
0.210797
0.186930
0.127672
0.376027
0.344027
0.080960
0.081205
0.074625
0.077445
0.067677
0.066206
0.062079
0.069884
0.110385
0.087703
0.069884
0.072418
0.234869
0.206915
0.180718
0.090727
0.219339
0.190282
0.304385
0.383833
0.415873
0.382729
0.297887
0.208386
0.146798
0.162777
0.097797
0.095836
0.097838
0.093138
0.084147
0.089787
0.265152
0.225959
0.103069
0.141322
0.227390
0.152315
0.206138
0.158650
0.321509
0.242143
0.277617
0.349953
0.341289
0.256406
0.400588
0.383751
0.176754
0.116392
0.106870
0.103805
0.099759
0.096040
0.088316
0.093220
0.122482
0.202583
0.157996
0.091585
0.140300
0.349217
0.102047
0.226123
0.138175
0.270669
0.311701
0.477625
0.362581
0.501778
0.324615
0.356328
0.105031
0.162124
0.091054
0.137644
0.119825
0.088929
0.089624
0.085986
0.212555
0.178307
0.365197
0.221178
0.301443
0.183416
0.224161
0.124974
0.193592
0.282071
0.410846
0.326086
0.320855
0.596919
0.523642
0.337366
0.263558
0.127508
0.106380
0.101434
0.103968
0.080674
0.084311
0.078140
0.123054
0.188524
0.271895
0.198087
0.275614
0.211492
0.129715
0.168622
0.182067
0.239528
0.147452
0.089501
0.086272
0.080633
0.080020
0.113368
0.147329
0.083166
0.068086
0.074216
0.069721
0.067923
0.057297
0.058523
0.058073
0.080837
0.067514
0.073031
0.078017
0.080020
0.070456
0.084842
0.067718
0.077036
0.072296
0.083289
0.135641
0.186930
0.156933
0.179738
0.085659
0.132175
0.114786
0.125424
0.110054
0.102383
0.107708
0.100621
0.118256
0.149336
0.167743
0.177780
0.196555
0.188361
0.183788
0.235547
0.234705
0.195402
0.194520
0.206122
0.193882
0.166701
0.210127
0.186035
0.121770
0.102170
0.081859
0.078181
0.080387
0.076873
0.075851
0.079243
0.120929
0.085006
0.074094
0.086763
0.172054
0.144469
0.316523
0.232417
0.098860
0.096612
0.125914
0.198741
0.226981
0.224897
0.181658
0.122604
0.107565
0.097920
0.098165
0.094446
0.089705
0.092730
0.087090
0.080510
0.113082
0.104827
0.107892
0.103846
0.101680
0.265561
0.175896
0.191508
0.235400
0.343210
0.352487
0.338265
0.285749
0.279783
0.270710
0.291103
0.292901
0.169848
0.120724
0.142098
0.100004
0.091749
0.103887
0.101966
0.219584
0.356901
0.339286
0.340839
0.559402
0.345948
0.156892
0.291716
0.271200
0.311414
0.581184
0.596919
0.547795
0.423107
0.325555
0.232008
0.208059
0.201725
0.112551
0.134905
0.149536
0.098942
0.119825
0.114594
0.265356
0.249867
0.153378
0.244146
0.362745
0.273938
0.213086
0.316972
0.345539
0.570477
0.407740
0.377621
0.312354
0.388410
0.361723
0.285259
0.285790
0.124034
0.119702
0.111406
0.115820
0.115493
0.096816
0.086763
0.147166
0.103478
0.205076
0.294291
0.176795
0.171646
0.246720
0.135845
0.254077
0.400016
0.362418
0.203318
0.200989
0.208018
0.267359
0.267931
0.188483
0.136172
0.147288
0.105480
0.109363
0.113695
0.097961
0.136254
0.255875
0.162328
0.160979
0.260370
0.238628
0.528955
0.494422
0.335036
0.436879
0.256324
0.498345
0.506518
0.579304
0.416650
0.363603
0.287261
0.183375
0.175201
0.171401
0.155830
0.151457
0.154931
0.140259
0.151212
0.140463
0.246884
0.305693
0.287302
0.606032
0.588868
0.791655
0.617475
0.876619
0.925538
0.783399
0.733336
0.438800
0.440966
0.596592
0.528955
0.259389
0.217459
0.261228
0.184846
0.182271
0.168335
0.171727
0.145490
0.252401
0.314888
0.272958
0.393437
0.340758
0.483796
0.505170
0.393151
0.392701
0.395112
0.641015
0.657158
0.634354
0.561936
0.652989
0.554579
0.412358
0.317177
0.365197
0.389799
0.250194
0.227063
0.225101
0.231599
0.259267
0.523479
0.375128
0.444726
0.459479
0.680494
0.620377
0.633455
0.545343
0.497977
0.629858
0.610405
0.454044
0.432874
0.418366
0.472557
0.262781
0.283951
0.331889
0.219747
0.178062
0.173403
0.155789
0.157996
0.264457
0.263272
0.474764
0.452695
0.425436
0.573052
0.422943
0.530958
0.671012
0.710409
0.954759
0.762843
0.763251
0.620704
0.524786
0.435980
0.378070
0.323471
0.229515
0.220769
0.308063
0.252115
0.173199
0.198047
0.290408
0.253627
0.322980
0.390371
0.514038
0.514120
0.622747
0.656872
0.777760
1.000000
0.777474
0.692877
0.825780
0.598512
0.689280
0.442478
0.457926
0.486330
0.394377
0.303568
0.226245
0.213290
0.240059
0.239160
0.206179
0.323471
0.202583
0.297969
0.268707
0.564755
0.514815
0.445502
0.453758
0.488823
0.577629
0.444440
0.479832
0.509584
0.384977
0.311374
0.259839
0.295925
0.265887
0.172545
0.136540
0.129388
0.120111
0.115330
0.135191
0.315706
0.343005
0.366055
0.556664
0.520250
0.572888
0.430708
0.391965
0.437084
0.526135
0.441334
0.317381
0.405002
0.456578
0.321836
0.234378
0.194573
0.183906
0.165720
0.168335
0.161306
0.156525
0.145981
0.137766
0.157505
0.288161
0.302587
0.431199
0.634926
0.528424
0.486084
0.730189
0.744084
0.680044
0.771629
0.542319
0.739671
0.675630
0.591401
0.378969
0.356247
0.373248
0.419878
0.424006
0.298010
0.238588
0.191835
0.336017
0.396011
0.286240
0.472435
0.350811
0.409253
0.303772
0.466263
0.317749
0.340962
0.403000
0.493972
0.481998
0.574441
0.393559
0.476767
0.391965
0.264784
0.305448
0.227104
0.182067
0.188606
0.176713
0.172095
0.236789
0.214843
0.216110
0.314030
0.378356
0.629490
0.579591
0.501165
0.540725
0.582451
0.535780
0.654216
0.739875
0.621889
0.554865
0.538191
0.605869
0.394990
0.322408
0.426376
0.442560
0.302097
0.354612
0.296212
0.511341
0.509870
0.586048
0.663043
0.460705
0.708774
0.612734
0.528669
0.500715
0.539499
0.631575
0.551800
0.525481
0.621358
0.605256
0.600065
0.302178
0.336875
0.251829
0.168458
0.162941
0.157056
0.148719
0.206302
0.251911
0.220115
0.190200
0.244759
0.205648
0.353999
0.446647
0.343455
0.385059
0.450243
0.398341
0.277944
0.285300
0.180718
0.171155
0.185050
0.265683
0.289182
0.199313
0.151212
0.142507
0.137766
0.127958
0.126773
0.141976
0.145531
0.237321
0.231967
0.245208
0.428869
0.401855
0.296784
0.408803
0.513711
0.484736
0.557481
0.416527
0.399240
0.462095
0.435122
0.313826
0.215088
0.193796
0.211696
0.272958
0.168131
0.155258
0.165761
0.168335
0.175487
0.306755
0.452368
0.616985
0.659365
0.690098
0.682128
0.758674
0.800401
0.780825
0.656872
0.585639
0.596224
0.396011
0.513139
0.424701
0.419306
0.274225
0.317912
0.396583
0.224570
0.196494
0.203073
0.351792
0.386039
0.359312
0.519065
0.545384
0.550738
0.390903
0.718215
0.726552
0.625363
0.596878
0.482652
0.545180
0.621685
0.519514
0.541501
0.542115
0.259716
0.253872
0.347787
0.268993
0.190036
0.180718
0.156402
0.233970
0.344109
0.330009
0.209449
0.376476
0.563284
0.567575
0.478565
0.473252
0.635457
0.902039
0.799501
0.758797
0.664555
0.673383
0.604479
0.479791
0.425477
0.306347
0.405656
0.409457
0.268830
0.250072
0.364502
0.530590
0.420859
0.283624
0.403694
0.506396
0.573256
0.630880
0.589971
0.504598
0.538600
0.614533
0.772202
0.782459
0.584985
0.640116
0.534104
0.566717
0.326454
0.300339
0.305938
0.393804
0.299481
0.200866
0.283542
0.230986
0.287016
0.332666
0.666026
0.659406
0.521558
0.515673
0.626384
0.684703
0.620540
0.639871
0.643386
0.680821
0.694797
0.479750
0.487351
0.364298
0.480486
0.322081
0.278148
0.364829
0.359843
0.267767
0.247374
0.337652
0.339695
0.751645
0.601986
0.452123
0.625526
0.633618
0.644489
0.612653
0.832237
0.852099
0.726961
0.625649
0.518084
0.504843
0.463484
0.517798
0.581021
0.399076
0.277739
0.338592
0.374065
0.296457
0.249622
0.317790
0.245290
0.414974
0.390249
0.235522
0.481262
0.337039
0.456210
0.461196
0.274551
0.478933
0.504271
0.388410
0.508807
0.436757
0.398382
0.248028
0.257836
0.259430
0.329723
0.306919
0.198700
0.204626
0.201847
0.258123
0.237484
0.302301
0.360538
0.302464
0.346561
0.441906
0.563815
0.471004
0.458335
0.573746
0.571008
0.520577
0.450856
0.404267
0.465569
0.410724
0.374596
0.359802
0.424455
0.217050
0.179125
0.172136
0.177122
0.183252
0.405288
0.354489
0.278679
0.510687
0.523070
0.546733
0.533614
0.552168
0.424006
0.397523
0.491724
0.539744
0.461237
0.529364
0.398259
0.235155
0.198741
0.194287
0.180718
0.152029
0.146512
0.136867
0.142180
0.310148
0.277453
0.375291
0.234787
0.391884
0.458866
0.538927
0.444563
0.494912
0.485308
0.746986
0.520536
0.430177
0.398096
0.439127
0.299277
0.278557
0.251502
0.337815
0.285259
0.198414
0.162450
0.161674
0.167641
0.245576
0.508644
0.282235
0.400629
0.364543
0.558666
0.495035
0.485471
0.633087
0.743757
0.629654
0.587069
0.655156
0.642323
0.607667
0.425028
0.379868
0.532551
0.337815
0.335976
0.371654
0.386448
0.301606
0.292779
0.322612
0.451960
0.328375
0.308472
0.661000
0.498059
0.498754
0.519596
0.456251
0.532265
0.644325
0.669418
0.587928
0.492296
0.596796
0.498222
0.345662
0.241203
0.217581
0.185827
0.178021
0.156647
0.231109
0.149332
0.149577
0.357841
0.319425
0.275124
0.381667
0.466427
0.661163
0.462994
0.545874
0.693571
0.627692
0.611754
0.477216
0.441497
0.346152
0.483346
0.323021
0.316768
0.352201
0.229719
0.267073
0.226327
0.170338
0.147043
0.176182
0.209163
0.252360
0.333647
0.351833
0.533737
0.506437
0.590216
0.607013
0.720095
0.806858
0.585394
0.600270
0.435326
0.458212
0.404144
0.465977
0.332993
0.222240
0.196902
0.181618
0.169848
0.159876
0.274960
0.262822
0.232825
0.309780
0.439863
0.418448
0.557154
0.485962
0.538191
0.368303
0.419102
0.641015
0.560996
0.328947
0.374229
0.352446
0.477502
0.221260
0.206465
0.192611
0.170461
0.174956
0.162164
0.158405
0.169725
0.204299
0.236871
0.374596
0.780130
0.643958
0.553762
0.629286
0.740611
0.800850
0.707712
0.712493
0.581920
0.413176
0.445094
0.390698
0.315542
0.240345
0.229229
0.219788
0.291267
0.171196
0.154808
0.148555
0.141730
0.135682
0.171605
0.245331
0.236095
0.287548
0.383465
0.459520
0.384895
0.356737
0.492174
0.655442
0.611917
0.420900
0.474233
0.649924
0.540970
0.447668
0.506314
0.358208
0.281254
0.195390
0.186603
0.159140
0.171114
0.209122
0.318403
0.203318
0.409375
0.525073
0.507499
0.454698
0.488986
0.560709
0.698149
0.648903
0.835588
0.613388
0.514283
0.469165
0.553353
0.225796
0.216560
0.188116
0.193837
0.251216
0.200294
0.170134
0.162532
0.214516
0.227798
0.234174
0.337039
0.252115
0.670808
0.708202
0.318607
0.364379
0.421962
0.620295
0.422739
0.301484
0.504189
0.267890
0.353182
0.328129
0.266500
0.222894
0.342597
0.259267
0.219911
0.362949
0.242756
0.283583
0.364952
0.271200
0.315460
0.347297
0.222036
0.305039
0.209408
0.388083
0.274878
0.403408
0.244800
0.242756
0.307246
0.302750
0.183824
0.164739
0.201806
0.184601
0.139687
0.132576
0.129797
0.120029
0.121215
0.130001
0.130614
0.103723
0.119457
0.287629
0.271323
0.179778
0.183538
0.145858
0.439045
0.512281
0.492501
0.302137
0.264416
0.267767
0.275778
0.286199
0.301974
0.191630
0.158282
0.141036
0.131146
0.117823
0.115207
0.114104
0.113204
0.131636
0.195022
0.408640
0.398831
0.351465
0.226327
0.115166
0.093915
0.097021
0.087989
0.133434
0.318199
0.284973
0.198537
0.182517
0.097143
0.119376
0.104336
0.097715
0.091953
0.085210
0.130614
0.141117
0.116147
0.158445
0.145490
0.284155
0.370877
0.221505
0.270342
0.338469
0.375741
0.318444
0.242593
0.400997
0.237607
0.470105
0.283175
0.135355
0.130655
0.121705
0.112305
0.110752
0.101639
0.101966
0.097675
0.113368
0.105276
0.116556
0.176141
0.244473
0.254976
0.400670
0.214516
0.376313
0.404267
0.410887
0.260942
0.291798
0.321509
0.349912
0.258041
0.163636
0.153991
0.147370
0.152233
0.138093
0.134987
0.149168
0.116188
0.122318
0.117700
0.121419
0.243247
0.239323
0.297315
0.494667
0.463403
0.385672
0.338387
0.432302
0.625444
0.487229
0.311905
0.387838
0.499693
0.339736
0.137480
0.134129
0.130492
0.121051
0.125301
0.116760
0.112878
0.142098
0.117536
0.114267
0.183457
0.146430
0.278148
0.546814
0.126650
0.104459
0.216437
0.254649
0.344313
0.353509
0.246312
0.261024
0.251298
0.166987
0.083575
0.084679
0.078834
0.078712
0.079243
0.076995
0.085864
0.120152
0.112878
0.162859
0.236136
0.232376
0.312518
0.289060
0.247701
0.357636
0.452082
0.617434
0.334178
0.188688
0.199559
0.322285
0.434182
0.399117
0.392742
0.187462
0.157097
0.134088
0.131391
0.137357
0.125874
0.147002
0.181781
0.145858
0.155012
0.355756
0.285749
0.420655
0.350403
0.334301
0.230496
0.515428
0.491234
0.351874
0.281090
0.338428
0.316155
0.268953
0.165352
0.162696
0.154399
0.144714
0.133761
0.141117
0.163595
0.197760
0.182271
0.200008
0.292452
0.471454
0.484123
0.394172
0.251992
0.303118
0.249254
0.422003
0.358658
0.278802
0.282725
0.227185
0.269606
0.235890
0.234174
0.216682
0.147288
0.131472
0.131432
0.118190
0.127427
0.137766
0.160366
0.272508
0.241734
0.389677
0.627978
0.694920
0.514692
0.476276
0.509747
0.338101
0.296171
0.468102
0.404144
0.352773
0.244146
0.183497
0.163963
0.156279
0.142425
0.136091
0.129593
0.125138
0.122441
0.197188
0.208795
0.162941
0.183497
0.221709
0.492378
0.484164
0.323920
0.408599
0.348809
0.692713
0.528996
0.554498
0.448159
0.442723
0.509216
0.285954
0.168417
0.304467
0.191344
0.159099
0.145449
0.125792
0.112591
0.121010
0.129347
0.159794
0.156320
0.198782
0.432098
0.343128
0.200785
0.189914
0.189219
0.551024
0.367240
0.352405
0.330827
0.373983
0.419143
0.269402
0.161102
0.226000
0.222281
0.153868
0.154686
0.150231
0.142303
0.129593
0.232212
0.314316
0.254730
0.205771
0.362663
0.317177
0.271159
0.717602
0.437656
0.398136
0.483714
0.539131
0.431362
0.324983
0.248478
0.257101
0.199967
0.186399
0.177408
0.173567
0.253913
0.155912
0.173648
0.204912
0.322571
0.205689
0.219420
0.192162
0.383424
0.320160
0.311864
0.324615
0.790592
0.423107
0.358821
0.402795
0.358617
0.307818
0.394377
0.200294
0.166292
0.250194
0.170175
0.150313
0.137439
0.129061
0.120929
0.219094
0.250971
0.126568
0.149414
0.142139
0.231150
0.320855
0.225755
0.385100
0.536434
0.519228
0.359230
0.297233
0.378969
0.406596
0.243819
0.194614
0.189260
0.177326
0.142670
0.128571
0.116270
0.114431
0.112101
0.108014
0.128571
0.147615
0.160816
0.216805
0.398954
0.630063
0.572520
0.378888
0.429114
0.514610
0.590788
0.529813
0.460869
0.341452
0.338796
0.301402
0.230986
0.185418
0.197393
0.194859
0.179165
0.167845
0.164903
0.179738
0.313008
0.249499
0.207201
0.366709
0.504720
0.650783
0.509951
0.418734
0.558503
0.732846
0.596224
0.595611
0.544444
0.558666
0.503494
0.361069
0.378683
0.288120
0.444522
0.326944
0.235400
0.210062
0.247987
0.336221
0.303077
0.312232
0.237689
0.308063
0.359598
0.311087
0.226572
0.315379
0.238097
0.556827
0.381381
0.294945
0.301892
0.346684
0.412972
0.270138
0.195554
0.164453
0.162287
0.156606
0.154522
0.144755
0.131227
0.154113
0.157260
0.162941
0.168295
0.162737
0.362908
0.318321
0.327353
0.436430
0.414279
0.517022
0.449385
0.394622
0.332911
0.471290
0.258613
0.187094
0.152520
0.132699
0.134987
0.122849
0.124974
0.128571
0.120397
0.139074
0.123462
0.129715
0.108791
0.114104
0.147615
0.182435
0.181086
0.201275
0.239078
0.536638
0.523601
0.293678
0.507744
0.479464
0.331603
0.176060
0.250317
0.142057
0.136458
0.134742
0.128571
0.117782
0.111365
0.123585
0.105766
0.146716
0.153214
0.130206
0.138788
0.209612
0.260125
0.254608
0.296334
0.413871
0.551065
0.284482
0.275205
0.319425
0.265520
0.125383
0.124688
0.120724
0.120111
0.128407
0.128162
0.114512
0.119989
0.125833
0.121419
0.137153
0.141403
0.182762
0.394826
0.437492
0.256488
0.254036
0.154931
0.429932
0.697413
0.493236
0.319343
0.395480
0.371082
0.250889
0.203850
0.199886
0.171196
0.156565
0.148269
0.144632
0.144223
0.203686
0.225632
0.332666
0.289060
0.398586
0.359884
0.407495
0.488046
0.520822
0.330255
0.440966
0.383873
0.302137
0.358413
0.415587
0.335363
0.173648
0.170665
0.163431
0.155299
0.147697
0.147207
0.133843
0.135764
0.134946
0.160244
0.207405
0.263599
0.370591
0.693858
0.502227
0.313008
0.294209
0.254322
0.353345
0.277004
0.244309
0.243614
0.313540
0.313621
0.187952
0.151539
0.139646
0.139564
0.126568
0.125424
0.122890
0.122604
0.171605
0.170420
0.177735
0.179002
0.228166
0.243083
0.338878
0.303077
0.259062
0.368425
0.530140
0.354081
0.296293
0.269034
0.329151
0.207610
0.160693
0.147248
0.135191
0.127304
0.125138
0.125465
0.132331
0.129184
0.191916
0.161347
0.264907
0.313131
0.169194
0.198496
0.205566
0.224897
0.250398
0.232784
0.598798
0.468920
0.336957
0.332053
0.337243
0.263681
0.166701
0.156565
0.169848
0.166169
0.156606
0.147329
0.149250
0.148351
0.155993
0.152846
0.171727
0.307123
0.345825
0.380154
0.504720
0.539172
0.295108
0.425028
0.420123
0.580204
0.645347
0.448895
0.394254
0.273244
0.291961
0.484531
0.317586
0.255384
0.164494
0.158977
0.156198
0.151253
0.161878
0.163063
0.159549
0.159590
0.123381
0.176591
0.202133
0.180800
0.234664
0.370959
0.251093
0.410397
0.397850
0.338755
0.250971
0.313213
0.277862
0.314480
0.239037
0.168622
0.191140
0.150844
0.145899
0.139810
0.239119
0.257510
0.269116
0.129143
0.123381
0.148555
0.120316
0.194614
0.222240
0.331767
0.304263
0.215211
0.239201
0.257796
0.260575
0.171278
0.166496
0.171768
0.157056
0.157342
0.154154
0.150844
0.147002
0.145817
0.152520
0.201234
0.170624
0.203768
0.220156
0.310924
0.219952
0.288937
0.486411
0.279537
0.616127
0.393600
0.372390
0.351874
0.406760
0.287221
0.308349
0.360497
0.163513
0.142956
0.130696
0.126160
0.139687
0.121542
0.237035
0.167028
0.199967
0.222159
0.281540
0.425395
0.485839
0.638073
0.576158
0.565532
0.665250
0.582615
0.499898
0.301565
0.382893
0.295803
0.199313
0.255670
0.189914
0.190609
0.189137
0.189996
0.186031
0.178757
0.147370
0.139319
0.281867
0.506518
0.545261
0.278843
0.357554
0.308513
0.276717
0.182762
0.195227
0.287874
0.205525
0.230496
0.236095
0.256896
0.179329
0.307900
0.253464
0.149700
0.141853
0.128489
0.123095
0.129960
0.128121
0.146267
0.121419
0.145204
0.289959
0.252687
0.232417
0.178430
0.161633
0.200662
0.408067
0.330949
0.233030
0.217786
0.181536
0.211778
0.177286
0.126487
0.118517
0.114880
0.108668
0.107156
0.103723
0.103233
0.123217
0.136663
0.157178
0.173607
0.097920
0.134660
0.130859
0.141076
0.128980
0.118599
0.139197
0.123994
0.140872
0.168295
0.140504
0.195881
0.216437
0.184151
0.127263
0.128121
0.125628
0.122441
0.125301
0.123054
0.116351
0.161756
0.177939
0.139523
0.280723
0.150558
0.157424
0.203891
0.337938
0.236789
0.261923
0.292125
0.462626
0.246557
0.272549
0.339818
0.306919
0.211901
0.134987
0.140096
0.138747
0.136254
0.131472
0.127427
0.153991
0.146267
0.200213
0.282276
0.322326
0.410683
0.390535
0.225101
0.385958
0.351465
0.389799
0.281376
0.271732
0.336017
0.356042
0.432711
0.184519
0.197270
0.219707
0.228493
0.222649
0.228657
0.128162
0.125097
0.126323
0.146512
0.212432
0.279456
0.222976
0.327721
0.289795
0.211247
0.267400
0.407781
0.587764
0.625444
0.410887
0.398668
0.370550
0.371286
0.288283
0.190649
0.210389
0.192611
0.138297
0.142711
0.144591
0.148474
0.150476
0.174139
0.381462
0.239773
0.303036
0.378765
0.257223
0.258490
0.271527
0.318852
0.366259
0.286608
0.263844
0.324329
0.287670
0.226327
0.192080
0.171973
0.148882
0.145531
0.154277
0.143529
0.143202
0.148637
0.173158
0.157996
0.247497
0.251216
0.178062
0.205321
0.246393
0.337039
0.398136
0.331767
0.454861
0.500102
0.385835
0.354367
0.378683
0.293759
0.213127
0.162083
0.163186
0.148514
0.134333
0.132780
0.132862
0.127713
0.192815
0.162491
0.155503
0.288651
0.308881
0.354081
0.552945
0.515305
0.352732
0.223466
0.524092
0.550125
0.621562
0.370837
0.417998
0.367894
0.283175
0.241162
0.183784
0.169643
0.164249
0.166823
0.147084
0.145327
0.161674
0.154767
0.167273
0.239568
0.410070
0.427807
0.522866
0.464751
0.327721
0.429523
0.621235
0.375536
0.451919
0.425150
0.382893
0.425804
0.233765
0.208018
0.203359
0.201030
0.176305
0.172913
0.154236
0.142180
0.161224
0.145082
0.163145
0.230332
0.296498
0.591524
0.399485
0.358576
0.245699
0.421513
0.548817
0.274061
0.412481
0.311578
0.349054
0.544035
0.201806
0.144714
0.140831
0.189301
0.143774
0.173934
0.250317
0.194859
0.190813
0.231109
0.201643
0.197801
0.204054
0.304753
0.410315
0.479382
0.321836
0.512567
0.648085
0.361437
0.332339
0.401120
0.348727
0.327394
0.278025
0.284768
0.240386
0.232376
0.225959
0.306347
0.212105
0.217254
0.280028
0.269606
0.340880
0.354367
0.548408
0.506723
0.641138
0.430463
0.371777
0.680085
0.553639
0.395235
0.244187
0.239814
0.234909
0.206751
0.177040
0.149700
0.141281
0.146839
0.129388
0.128816
0.124075
0.117087
0.117904
0.150108
0.159753
0.185050
0.232989
0.218807
0.199191
0.182476
0.192570
0.206915
0.359026
0.310311
0.370755
0.319098
0.218562
0.308962
0.295231
0.195758
0.149618
0.140913
0.133230
0.133598
0.137112
0.138052
0.181495
0.181658
0.305570
0.211574
0.338551
0.416486
0.165352
0.215007
0.327108
0.202501
0.244268
0.269852
0.311496
0.324492
0.214598
0.189709
0.160448
0.148719
0.154931
0.166946
0.166864
0.165679
0.159099
0.144550
0.158445
0.150108
0.163963
0.164126
0.165924
0.258000
0.203891
0.202215
0.193183
0.228452
0.370550
0.392537
0.362581
0.423475
0.248192
0.222567
0.174098
0.181495
0.192734
0.189669
0.182762
0.178307
0.167804
0.155789
0.364420
0.419388
0.285095
0.226409
0.371736
0.438596
0.501900
0.260493
0.439454
0.323348
0.368630
0.418448
0.309167
0.291389
0.276431
0.368507
0.182598
0.130533
0.119212
0.120029
0.113940
0.117536
0.109445
0.110834
0.140750
0.145286
0.154236
0.264089
0.158609
0.189382
0.177776
0.311987
0.426335
0.521517
0.565246
0.666599
0.405738
0.479341
0.573174
0.429155
0.348155
0.321958
0.224120
0.213535
0.221873
0.265274
0.349830
0.215456
0.256529
0.265397
0.286934
0.357350
0.290000
0.390167
0.524827
0.655687
0.775961
0.596346
0.538069
0.431076
0.543913
0.489640
0.553026
0.479546
0.411909
0.492950
0.336426
0.285749
0.391720
0.325269
0.262128
0.241244
0.322367
0.228820
0.315052
0.393273
0.407373
0.750255
0.720054
0.657117
0.365524
0.430013
0.514038
0.441293
0.361846
0.395725
0.357595
0.360374
0.405738
0.244432
0.215497
0.195962
0.193101
0.172177
0.173567
0.163554
0.146798
0.150517
0.274715
0.418938
0.581348
0.565123
0.553558
0.572030
0.560383
0.520781
0.546406
0.447382
0.651150
0.512281
0.416404
0.350157
0.263272
0.202624
0.144632
0.132004
0.147125
0.133516
0.114798
0.153868
0.211002
0.198128
0.180351
0.299440
0.184070
0.362581
0.216519
0.245985
0.192570
0.303200
0.369529
0.326985
0.308227
0.328334
0.256774
0.199436
0.145286
0.138011
0.121010
0.131595
0.104786
0.098042
0.109159
0.109485
0.124116
0.133189
0.124321
0.129184
0.113164
0.331930
0.109159
0.152642
0.144550
0.299399
0.183293
0.195962
0.208754
0.233438
0.178062
0.114185
0.102088
0.103927
0.102252
0.102824
0.088929
0.091504
0.100495
0.084842
0.104418
0.143937
0.169521
0.241489
0.250889
0.110834
0.115370
0.112959
0.111161
0.104908
0.223957
0.243165
0.250439
0.262700
0.261515
0.250439
0.106543
0.113123
0.096857
0.095263
0.102824
0.085292
0.087458
0.082921
0.106053
0.152233
0.142629
0.096285
0.078385
0.161429
0.181495
0.199109
0.241734
0.132699
0.344231
0.292615
0.277821
0.197270
0.202869
0.158527
0.291185
0.133025
0.118354
0.112224
0.102538
0.101516
0.093424
0.110466
0.116024
0.110916
0.123912
0.068495
0.083453
0.087580
0.142384
0.236503
0.121174
0.097348
0.189260
0.199926
0.237893
0.229106
0.212023
0.212922
0.197066
0.128244
0.079979
0.121378
0.092362
0.085741
0.078712
0.076750
0.082880
0.150926
0.291144
0.152642
0.304916
0.106298
0.090564
0.135069
0.231926
0.103805
0.103927
0.088193
0.180269
0.232335
0.260534
0.252605
0.243206
0.230414
0.227553
0.232008
0.227185
0.090318
0.094732
0.088561
0.095386
0.096489
0.176999
0.149250
0.112878
0.098942
0.171727
0.212882
0.327680
0.274551
0.238424
0.353182
0.113286
0.128980
0.403368
0.163390
0.108913
0.086926
0.082758
0.080551
0.081368
0.077568
0.075115
0.091136
0.273979
0.150435
0.101925
0.086395
0.142303
0.366545
0.412032
0.307941
0.126650
0.216887
0.360742
0.383015
0.492664
0.339613
0.522253
0.180596
0.131064
0.235482
0.168867
0.110098
0.111611
0.110221
0.104377
0.106175
0.129184
0.113204
0.115370
0.104663
0.236422
0.304222
0.358208
0.217745
0.165229
0.108791
0.158159
0.251870
0.206220
0.271568
0.179370
0.127631
0.120642
0.107360
0.101394
0.099595
0.100699
0.102374
0.093996
0.091095
0.151253
0.318485
0.326658
0.159467
0.200049
0.145000
0.106380
0.166047
0.264580
0.222690
0.201193
0.358290
0.328456
0.255875
0.283910
0.324819
0.238015
0.169561
0.096449
0.092484
0.088111
0.088725
0.089460
0.125056
0.137603
0.079570
0.068413
0.058891
0.124484
0.158977
0.137317
0.102456
0.109976
0.140504
0.394622
0.325637
0.265356
0.253831
0.236013
0.296865
0.163554
0.121828
0.126405
0.124034
0.121174
0.115003
0.109118
0.127713
0.313172
0.230087
0.136009
0.093343
0.101067
0.160325
0.171360
0.171482
0.104254
0.165842
0.166210
0.368834
0.395603
0.251011
0.254649
0.242756
0.253872
0.245249
0.132862
0.100127
0.087744
0.090686
0.089297
0.092280
0.077731
0.146226
0.344068
0.233316
0.332461
0.470636
0.298704
0.330050
0.218276
0.202460
0.161633
0.166210
0.146675
0.143978
0.151947
0.134006
0.110507
0.110385
0.117577
0.113531
0.104336
0.089133
0.089828
0.082226
0.091177
0.171155
0.155421
0.247252
0.187707
0.179247
0.188729
0.115166
0.122155
0.136458
0.148678
0.128244
0.177939
0.190159
0.315256
0.150558
0.240181
0.169561
0.166047
0.169602
0.195758
0.080837
0.079080
0.088111
0.198578
0.168908
0.157791
0.149373
0.082390
0.096857
0.086845
0.115657
0.135723
0.121051
0.265561
0.248110
0.229964
0.251257
0.258490
0.164208
0.108055
0.094814
0.081613
0.081981
0.091422
0.102211
0.145531
0.183497
0.136499
0.247946
0.198292
0.216601
0.120888
0.124321
0.293514
0.128530
0.089746
0.093833
0.196657
0.375863
0.182476
0.132085
0.146062
0.268626
0.169480
0.109036
0.115452
0.087825
0.074911
0.078426
0.082431
0.108872
0.130696
0.136254
0.130859
0.152928
0.108668
0.155421
0.108627
0.094160
0.136295
0.262618
0.143202
0.165066
0.204953
0.222853
0.198414
0.133393
0.098288
0.096571
0.091177
0.083861
0.093097
0.100617
0.106420
0.100903
0.270996
0.098369
0.112673
0.101598
0.190322
0.307409
0.103396
0.083943
0.089051
0.108668
0.295762
0.243574
0.318035
0.232335
0.223793
0.301116
0.136990
0.105235
0.096571
0.091626
0.083575
0.084679
0.093261
0.091953
0.179819
0.168540
0.124525
0.098002
0.090114
0.139483
0.113899
0.233479
0.202746
0.290122
0.428992
0.393968
0.397728
0.268258
0.257714
0.261719
0.243001
0.243533
0.235196
0.110385
0.106829
0.107442
0.117986
0.126282
0.169888
0.160448
0.208877
0.187748
0.161306
0.226205
0.198087
0.310556
0.323757
0.133925
0.099718
0.184151
0.248151
0.242184
0.243900
0.250317
0.159671
0.095059
0.086967
0.082145
0.081409
0.081859
0.095958
0.084270
0.095223
0.104867
0.166987
0.407577
0.382729
0.228166
0.132699
0.113450
0.233316
0.140586
0.098124
0.094323
0.273693
0.194123
0.136458
0.109690
0.084883
0.080960
0.078630
0.072949
0.074012
0.077608
0.075524
0.100372
0.099391
0.076955
0.081818
0.080060
0.104091
0.130737
0.085700
0.169235
0.201357
0.089215
0.152969
0.422167
0.296130
0.230455
0.138584
0.121705
0.103927
0.091790
0.094487
0.090114
0.084229
0.084352
0.078507
0.085986
0.250153
0.170828
0.088765
0.087131
0.066084
0.110834
0.078875
0.086232
0.064653
0.078140
0.184111
0.220442
0.214312
0.229065
0.129838
0.140300
0.129266
0.106993
0.124811
0.098247
0.089951
0.257060
0.255384
0.204749
0.105930
0.109077
0.177572
0.169235
0.093343
0.189628
0.132617
0.119989
0.111570
0.101475
0.236340
0.373697
0.249295
0.216601
0.264457
0.217581
0.182925
0.106216
0.096449
0.091912
0.085537
0.094201
0.082472
0.101148
0.106993
0.103437
0.099350
0.097675
0.093792
0.099800
0.110098
0.113164
0.111284
0.112591
0.313826
0.347092
0.257469
0.233561
0.177245
0.149046
0.135559
0.127059
0.109159
0.093792
0.091749
0.079611
0.089419
0.084842
0.303895
0.125751
0.169275
0.242674
0.106666
0.170951
0.137153
0.134701
0.162818
0.142221
0.170297
0.185868
0.167191
0.151416
0.130124
0.202256
0.237116
0.251175
0.133720
0.140790
0.127713
0.121460
0.156688
0.101884
0.105521
0.143855
0.161919
0.260575
0.269974
0.193101
0.182394
0.196330
0.320528
0.207242
0.169480
0.166251
0.180146
0.169112
0.158977
0.157505
0.181045
0.125547
0.084106
0.090523
0.095631
0.074543
0.083289
0.091299
0.097470
0.121991
0.145163
0.254976
0.167150
0.303568
0.199559
0.150640
0.163104
0.143529
0.273612
0.295803
0.307655
0.248641
0.113368
0.118599
0.106666
0.093057
0.092157
0.100413
0.100495
0.105153
0.095018
0.092198
0.106911
0.123585
0.108259
0.090032
0.149414
0.420164
0.095182
0.097184
0.087989
0.077813
0.242429
0.369038
0.219870
0.216396
0.183497
0.120316
0.110793
0.096530
0.094446
0.094650
0.093547
0.094283
0.102620
0.125383
0.139360
0.116637
0.111938
0.095999
0.103069
0.139156
0.209367
0.216478
0.160816
0.101680
0.152601
0.123503
0.130696
0.140709
0.117169
0.112918
0.092362
0.090114
0.096326
0.097961
0.088030
0.092607
0.092648
0.092117
0.145041
0.143202
0.094405
0.081491
0.068740
0.297315
0.101312
0.081613
0.075279
0.092117
0.195881
0.394663
0.201439
0.134211
0.117005
0.120929
0.101148
0.095223
0.090891
0.082022
0.084311
0.085046
0.091177
0.091177
0.138665
0.101475
0.094855
0.081613
0.070865
0.107810
0.076914
0.088234
0.094323
0.099432
0.211165
0.227104
0.173444
0.223303
0.299808
0.536270
0.241775
0.101884
0.104336
0.093670
0.096776
0.093424
0.099023
0.161184
0.268462
0.106829
0.105726
0.092893
0.088357
0.118109
0.274715
0.227962
0.190445
0.186563
0.327312
0.332952
0.293433
0.277044
0.192325
0.144673
0.157710
0.120152
0.106012
0.102783
0.108464
0.100617
0.111938
0.105113
0.103723
0.122931
0.141567
0.133025
0.113531
0.108954
0.115370
0.098247
0.225469
0.213495
0.188892
0.150680
0.179084
0.221137
0.253668
0.245821
0.240508
0.257019
0.287221
0.248682
0.198210
0.194695
0.203318
0.193469
0.215129
0.230986
0.325677
0.218807
0.249908
0.275001
0.414075
0.496261
0.283175
0.390126
0.571049
0.392537
0.310556
0.287548
0.203482
0.197066
0.191794
0.173771
0.150435
0.160284
0.156198
0.156811
0.153582
0.157260
0.162328
0.172749
0.194246
0.229311
0.214271
0.324165
0.218889
0.211124
0.188320
0.217091
0.303854
0.313580
0.368058
0.349258
0.226286
0.213576
0.158731
0.161960
0.171114
0.190609
0.164003
0.159631
0.204626
0.209735
0.353100
0.173689
0.135110
0.139483
0.159794
0.192488
0.283215
0.121215
0.118722
0.111447
0.178593
0.192734
0.199436
0.247497
0.246679
0.233316
0.191181
0.194082
0.189505
0.196248
0.175406
0.160203
0.163799
0.156525
0.201234
0.154972
0.165516
0.140750
0.149659
0.190772
0.192366
0.159549
0.126773
0.106993
0.180923
0.485390
0.318117
0.263558
0.375087
0.209571
0.169561
0.144755
0.113695
0.118517
0.234378
0.261106
0.151457
0.129266
0.223344
0.248396
0.126241
0.119335
0.117373
0.146348
0.125097
0.117210
0.165638
0.122645
0.233030
0.441743
0.395071
0.273407
0.377335
0.280150
0.157383
0.176673
0.136254
0.140668
0.143692
0.139523
0.147002
0.163104
0.322735
0.195554
0.173485
0.170992
0.173893
0.233111
0.196330
0.134578
0.236994
0.136540
0.232989
0.425600
0.344477
0.232948
0.205321
0.164249
0.174016
0.183620
0.146553
0.134252
0.133679
0.134456
0.129838
0.153868
0.179288
0.147002
0.192529
0.274511
0.161224
0.149781
0.174302
0.319915
0.140627
0.114676
0.153378
0.174915
0.157383
0.167191
0.146144
0.167355
0.142875
0.142875
0.121909
0.120029
0.133598
0.111447
0.110957
0.120479
0.117250
0.142548
0.156279
0.334055
0.304263
0.204013
0.149781
0.257387
0.303077
0.228575
0.228493
0.215988
0.405860
0.263190
0.187584
0.177572
0.147983
0.141608
0.141485
0.137725
0.129715
0.121501
0.121133
0.124648
0.121501
0.139360
0.156892
0.133066
0.181577
0.256038
0.139769
0.139523
0.236626
0.181781
0.119416
0.264375
0.314806
0.386734
0.370387
0.305448
0.292942
0.134905
0.132985
0.126732
0.140096
0.131840
0.128080
0.152029
0.194082
0.165025
0.129429
0.120193
0.140627
0.258695
0.275410
0.181495
0.141935
0.124607
0.109485
0.219420
0.181863
0.214925
0.240222
0.180841
0.158282
0.148188
0.133189
0.141649
0.127672
0.128285
0.131064
0.130492
0.142793
0.349136
0.190363
0.120847
0.258409
0.178144
0.146185
0.259594
0.164453
0.110180
0.153051
0.513548
0.315746
0.212228
0.232662
0.237157
0.318812
0.150599
0.126323
0.138624
0.135191
0.139932
0.138257
0.143896
0.143937
0.154318
0.147779
0.143896
0.133352
0.145327
0.156729
0.151784
0.186849
0.174956
0.167273
0.289836
0.340717
0.320242
0.358454
0.314847
0.233438
0.165148
0.153705
0.140504
0.156565
0.143692
0.141199
0.167395
0.161960
0.171932
0.147084
0.164208
0.154072
0.160407
0.182844
0.163799
0.156647
0.186236
0.329601
0.293146
0.525032
0.488046
0.328007
0.393845
0.296457
0.167355
0.134129
0.197352
0.204054
0.108505
0.112591
0.186317
0.141567
0.130451
0.139033
0.386979
0.334914
0.140627
0.345744
0.238383
0.316932
0.339327
0.495321
0.214312
0.444276
0.400670
0.311169
0.289754
0.301810
0.254281
0.141444
0.292288
0.198169
0.118844
0.105685
0.106339
0.186930
0.226940
0.166292
0.151334
0.279864
0.267645
0.305979
0.253504
0.299808
0.306878
0.341657
0.290081
0.188197
0.352773
0.258776
0.175283
0.130165
0.125874
0.113491
0.125261
0.132617
0.111284
0.116964
0.130941
0.133107
0.262046
0.181454
0.175651
0.264048
0.466345
0.387388
0.265479
0.169439
0.166006
0.169275
0.387715
0.278148
0.278393
0.273325
0.327721
0.170215
0.152560
0.172463
0.152724
0.145082
0.145122
0.142997
0.142548
0.137603
0.234869
0.190200
0.132249
0.147288
0.142916
0.154563
0.130369
0.141812
0.122808
0.119171
0.324574
0.372022
0.344231
0.231313
0.161960
0.153051
0.132412
0.138992
0.138829
0.118109
0.131718
0.130287
0.132821
0.130900
0.311210
0.132739
0.125751
0.120806
0.124239
0.129306
0.099514
0.097920
0.100781
0.113164
0.159590
0.280191
0.276145
0.163063
0.159917
0.126936
0.115370
0.114390
0.114512
0.117659
0.113613
0.109036
0.114063
0.124607
0.143242
0.125342
0.116760
0.141322
0.111161
0.128775
0.131963
0.117332
0.305366
0.375373
0.290735
0.305325
0.247497
0.157669
0.153868
0.152111
0.221219
0.308227
0.156974
0.145449
0.148065
0.154032
0.166456
0.164862
0.318648
0.151007
0.133598
0.136540
0.146839
0.284237
0.135437
0.111733
0.114431
0.123748
0.151130
0.240999
0.294781
0.420083
0.267522
0.270219
0.238710
0.183416
0.135723
0.163145
0.137725
0.127427
0.131023
0.129511
0.295639
0.264580
0.290449
0.219175
0.427030
0.384691
0.190649
0.162124
0.195921
0.183252
0.207201
0.283215
0.310965
0.299849
0.293882
0.301688
0.294822
0.208836
0.149577
0.144182
0.141403
0.140709
0.136172
0.139850
0.126364
0.143324
0.155585
0.332625
0.157914
0.282235
0.186031
0.152193
0.165679
0.221014
0.198700
0.163963
0.334382
0.340063
0.166905
0.156688
0.145286
0.120561
0.126037
0.118354
0.122073
0.127100
0.138093
0.133925
0.138992
0.123054
0.132249
0.136458
0.140586
0.169480
0.249458
0.152887
0.155503
0.147779
0.263394
0.291716
0.284891
0.235563
0.183048
0.169071
0.136213
0.117332
0.120479
0.114839
0.117863
0.115616
0.143202
0.123013
0.122236
0.141444
0.141485
0.148269
0.134497
0.166946
0.171973
0.150640
0.228902
0.158159
0.266827
0.163513
0.191794
0.172708
0.158854
0.161878
0.136908
0.122441
0.125097
0.127794
0.124525
0.120929
0.114104
0.121051
0.280600
0.149087
0.119662
0.143161
0.139523
0.142262
0.120806
0.123503
0.196126
0.291185
0.312436
0.290735
0.296212
0.304876
0.337120
0.250562
0.123135
0.111978
0.104867
0.112591
0.106093
0.111038
0.113572
0.106339
0.140790
0.206098
0.236013
0.255057
0.216069
0.170706
0.159753
0.134456
0.113041
0.102293
0.124688
0.116229
0.140136
0.136131
0.136744
0.145776
0.126732
0.132862
0.134415
0.118476
0.152152
0.125833
0.129429
0.130042
0.144101
0.195921
0.278107
0.226899
0.292206
0.168785
0.143692
0.139442
0.123340
0.188974
0.167804
0.139074
0.137970
0.144346
0.151620
0.147901
0.129797
0.138338
0.134783
0.128734
0.124239
0.134538
0.117945
0.114717
0.299440
0.226041
0.351302
0.167150
0.171605
0.274511
0.136131
0.143406
0.324819
0.291389
0.227676
0.182067
0.207569
0.205525
0.162859
0.164208
0.136622
0.143733
0.131922
0.139319
0.120111
0.126200
0.131922
0.127549
0.113613
0.135396
0.186563
0.338387
0.161184
0.138052
0.132045
0.284196
0.204054
0.136908
0.140504
0.160693
0.364665
0.241040
0.209408
0.212963
0.211329
0.202869
0.309575
0.295844
0.136172
0.122400
0.127835
0.117823
0.135968
0.133516
0.110834
0.095509
0.110139
0.136172
0.082186
0.088970
0.093220
0.100290
0.518534
0.335813
0.352364
0.206138
0.208223
0.128367
0.107687
0.106257
0.105644
0.104254
0.109281
0.099800
0.110589
0.113286
0.127059
0.274061
0.344926
0.263231
0.367158
0.259635
0.102088
0.100903
0.111978
0.114757
0.164371
0.230537
0.208223
0.253177
0.250521
0.186726
0.157097
0.126691
0.125506
0.127713
0.133598
0.125097
0.134252
0.133475
0.147983
0.163840
0.224120
0.252319
0.139605
0.122400
0.282398
0.117373
0.106298
0.175324
0.312559
0.241244
0.255711
0.287956
0.193265
0.168458
0.145122
0.143161
0.128121
0.117210
0.140014
0.209040
0.268585
0.133965
0.245208
0.223180
0.163758
0.266500
0.236953
0.372022
0.310556
0.124607
0.167682
0.190077
0.259349
0.317381
0.195962
0.191181
0.238792
0.178552
0.143569
0.132249
0.134619
0.135437
0.132739
0.135396
0.138951
0.134170
0.288324
0.175692
0.158936
0.144223
0.205852
0.291389
0.203768
0.109240
0.104745
0.131309
0.268953
0.280069
0.263108
0.268830
0.266623
0.234337
0.129266
0.132045
0.140504
0.138665
0.131881
0.125179
0.135886
0.136377
0.126282
0.150354
0.173362
0.155258
0.144836
0.242225
0.397564
0.310761
0.280723
0.538559
0.443459
0.532674
0.331154
0.339409
0.316482
0.303813
0.324247
0.325105
0.254935
0.126977
0.124075
0.133598
0.135191
0.142466
0.148760
0.201765
0.229597
0.177694
0.257959
0.265969
0.274388
0.343210
0.125628
0.130165
0.133720
0.273244
0.224325
0.155707
0.158486
0.148269
0.107401
0.106666
0.121582
0.094610
0.092730
0.089787
0.089705
0.085087
0.126732
0.100168
0.095141
0.100903
0.099677
0.108668
0.098615
0.105317
0.188688
0.265969
0.299318
0.203155
0.319997
0.238179
0.310597
0.158200
0.133720
0.136826
0.141281
0.135273
0.134374
0.129919
0.145082
0.153909
0.203318
0.218399
0.162410
0.141403
0.160652
0.192448
0.196616
0.193714
0.171850
0.180105
0.227104
0.263599
0.221791
0.206098
0.205117
0.197352
0.165189
0.155707
0.153500
0.146226
0.147043
0.155421
0.166456
0.154072
0.165393
0.157955
0.151539
0.154318
0.172341
0.175937
0.195840
0.191589
0.154318
0.210021
0.529364
0.457150
0.294863
0.349054
0.322367
0.351710
0.157832
0.161510
0.161960
0.149740
0.154277
0.153868
0.165025
0.160979
0.170215
0.160489
0.153133
0.150272
0.181168
0.222526
0.214721
0.232703
0.232989
0.260697
0.298664
0.336630
0.329274
0.342638
0.309248
0.229311
0.196289
0.193878
0.197924
0.195676
0.198047
0.186644
0.186522
0.234705
0.257142
0.247906
0.244963
0.239773
0.229106
0.183538
0.167273
0.170256
0.156279
0.321345
0.414075
0.400057
0.456619
0.575463
0.343782
0.202419
0.168376
0.164044
0.176673
0.337284
0.219543
0.174833
0.169848
0.196494
0.204994
0.193347
0.197229
0.177735
0.171932
0.160938
0.145163
0.151661
0.147942
0.155830
0.192080
0.218562
0.193101
0.219012
0.216723
0.294495
0.309371
0.183988
0.381748
0.238833
0.297438
0.236708
0.242102
0.231885
0.232621
0.245535
0.246271
0.215783
0.228616
0.247619
0.266337
0.285382
0.432179
0.362540
0.489354
0.290694
0.263926
0.348686
0.220892
0.207283
0.185990
0.173975
0.168622
0.166169
0.167477
0.171523
0.173567
0.186031
0.205076
0.182680
0.213822
0.324247
0.198251
0.334873
0.211983
0.242715
0.290613
0.263068
0.314357
0.530631
0.411705
0.338142
0.237402
0.219175
0.182925
0.188075
0.195063
0.186236
0.179860
0.180146
0.193306
0.202665
0.272917
0.248192
0.233234
0.279456
0.355634
0.210021
0.203850
0.201765
0.168458
0.177122
0.325841
0.315093
0.327884
0.357473
0.341698
0.253137
0.196248
0.191508
0.196780
0.189669
0.172341
0.189505
0.186113
0.172054
0.206792
0.259267
0.198864
0.180392
0.197679
0.190690
0.213209
0.239119
0.316400
0.303445
0.365279
0.545793
0.413217
0.365728
0.301810
0.219257
0.198251
0.198006
0.201398
0.204667
0.191385
0.194001
0.195104
0.189996
0.270792
0.263681
0.206098
0.193592
0.192448
0.232049
0.227553
0.207364
0.254526
0.229719
0.398831
0.485635
0.412563
0.388410
0.386816
0.386612
0.305979
0.222731
0.212105
0.207242
0.211574
0.212391
0.233847
0.220851
0.413339
0.244350
0.225878
0.213535
0.205771
0.260002
0.211124
0.210184
0.306469
0.301402
0.500388
0.369365
0.350443
0.363235
0.334627
0.506764
0.234664
0.201520
0.260166
0.280886
0.174384
0.156157
0.143079
0.159794
0.192529
0.179247
0.236749
0.206220
0.198414
0.375128
0.383792
0.255507
0.337774
0.345417
0.350811
0.232171
0.153786
0.211329
0.377580
0.371164
0.252197
0.174302
0.153827
0.162491
0.163186
0.154563
0.177572
0.312027
0.162655
0.330132
0.337447
0.390617
0.380359
0.373207
0.471903
0.343455
0.405574
0.218317
0.470677
0.355879
0.232498
0.408721
0.573583
0.482570
0.396951
0.273285
0.195594
0.225101
0.206506
0.193919
0.196207
0.195962
0.334873
0.288896
0.207242
0.184887
0.187094
0.203891
0.156525
0.149700
0.160162
0.190813
0.321468
0.310679
0.351669
0.479055
0.420900
0.286730
0.193796
0.223712
0.227553
0.206874
0.238833
0.220606
0.224079
0.238056
0.415873
0.238669
0.231599
0.226818
0.255670
0.332257
0.299318
0.228943
0.249785
0.297438
0.457967
0.440108
0.395684
0.331235
0.258981
0.214721
0.195554
0.184969
0.195186
0.187012
0.183947
0.181781
0.182884
0.182149
0.234296
0.236667
0.299522
0.375577
0.380154
0.262822
0.242225
0.231395
0.216968
0.276963
0.301892
0.312886
0.311414
0.280886
0.270179
0.254485
0.228820
0.222526
0.217500
0.227962
0.220606
0.212596
0.219666
0.219420
0.337897
0.300666
0.261555
0.234991
0.242756
0.248600
0.231027
0.237566
0.218685
0.245494
0.333892
0.414484
0.367118
0.380114
0.415505
0.258899
0.303241
0.215824
0.203237
0.212555
0.214108
0.196861
0.206343
0.199763
0.220034
0.224652
0.211206
0.295026
0.382934
0.464097
0.251992
0.197924
0.210348
0.298337
0.410315
0.264498
0.275042
0.433365
0.515305
0.552577
0.474968
0.419470
0.305693
0.251298
0.216723
0.198537
0.205484
0.222772
0.253750
0.305203
0.316727
0.340145
0.232049
0.210593
0.214721
0.262455
0.323593
0.253709
0.271241
0.335894
0.353059
0.362581
0.348972
0.312927
0.235073
0.143365
0.154972
0.155094
0.158118
0.147779
0.143855
0.166415
0.167477
0.231517
0.301770
0.308799
0.253504
0.198210
0.274429
0.181536
0.197025
0.178389
0.194573
0.197720
0.190772
0.181945
0.176264
0.180392
0.174057
0.156443
0.168581
0.165638
0.163799
0.162083
0.167109
0.161061
0.167150
0.393968
0.338183
0.285136
0.189669
0.200866
0.182271
0.172749
0.169807
0.173444
0.232703
0.175120
0.207732
0.268789
0.370142
0.325350
0.290449
0.256488
0.255098
0.255507
0.256896
0.251338
0.246720
0.254117
0.264253
0.286567
0.274511
0.275778
0.386080
0.456619
0.582737
0.580694
0.333034
0.378601
0.374964
0.429033
0.430586
0.420409
0.315992
0.293146
0.255793
0.254935
0.240999
0.199926
0.202338
0.198373
0.196616
0.233847
0.462708
0.259676
0.244636
0.242634
0.232417
0.255507
0.276350
0.259635
0.264253
0.341452
0.463198
0.407373
0.407291
0.435081
0.414075
0.393191
0.260002
0.258409
0.258654
0.251338
0.262945
0.257060
0.253586
0.255997
0.266582
0.261433
0.262455
0.282276
0.454984
0.273693
0.250194
0.316768
0.394704
0.321550
0.271854
0.370183
0.313621
0.279946
0.251420
0.246966
0.258531
0.268912
0.358862
0.248764
0.253341
0.260370
0.258163
0.260043
0.268666
0.267727
0.267604
0.265765
0.270260
0.268748
0.291839
0.279578
0.277249
0.268299
0.268666
0.470595
0.467122
0.283788
0.353754
0.332421
0.257387
0.261188
0.261351
0.256161
0.259430
0.263517
0.258490
0.273285
0.257510
0.463444
0.262455
0.253382
0.449834
0.254117
0.233970
0.244554
0.241489
0.253872
0.344885
0.352609
0.398831
0.399240
0.387266
0.333483
0.306469
0.250930
0.244922
0.251911
0.252687
0.246516
0.246271
0.245290
0.251706
0.271282
0.264702
0.268462
0.365401
0.356860
0.379991
0.341371
0.357023
0.281663
0.283583
0.346684
0.395603
0.396379
0.397973
0.278189
0.281581
