0.141238
0.125103
0.125366
0.123415
0.131407
0.148105
0.145891
0.156698
0.160600
0.184278
0.230619
0.235310
0.255235
0.299400
0.250469
0.225553
0.285403
0.270844
0.252270
0.244503
0.258912
0.264841
0.248405
0.204128
0.165929
0.118386
0.120375
0.119400
0.119887
0.130244
0.135385
0.157936
0.224578
0.396660
0.404690
0.344653
0.310657
0.305854
0.249831
0.308780
0.289456
0.303377
0.273283
0.259925
0.254522
0.261313
0.219325
0.145028
0.133133
0.128068
0.122251
0.117261
0.154972
0.170056
0.149006
0.133133
0.161426
0.157936
0.146529
0.177824
0.150356
0.163302
0.194897
0.176473
0.254259
0.327917
0.357148
0.318912
0.338912
0.230694
0.221538
0.196548
0.171857
0.156585
0.146417
0.155009
0.213321
0.201388
0.178912
0.155722
0.175535
0.231482
0.186867
0.240976
0.202852
0.199287
0.158612
0.219512
0.255084
0.323490
0.360525
0.286529
0.238574
0.237561
0.209869
0.165816
0.136623
0.144165
0.136886
0.136660
0.176360
0.214897
0.208931
0.164053
0.168780
0.177527
0.245497
0.253417
0.219823
0.240379
0.234827
0.262354
0.355299
0.399526
0.401729
0.387122
0.371885
0.308984
0.262075
0.206122
0.184431
0.162872
0.153594
0.146365
0.148886
0.147501
0.147747
0.139990
0.146486
0.145194
0.142589
0.130319
0.177636
0.165403
0.176923
0.181689
0.195497
0.253471
0.288105
0.265141
0.242176
0.232908
0.186717
0.193377
0.173724
0.160070
0.171255
0.169644
0.294859
0.210619
0.188743
0.175760
0.182251
0.143527
0.156998
0.152908
0.180863
0.184465
0.187842
0.212702
0.245356
0.267730
0.324015
0.491257
0.392645
0.372458
0.237854
0.236668
0.198180
0.167644
0.168304
0.169467
0.167752
0.162946
0.183692
0.204612
0.239655
0.300390
0.237058
0.243295
0.277137
0.254833
0.213531
0.219977
0.415268
0.327932
0.386570
0.257193
0.379512
0.320672
0.237820
0.168255
0.148330
0.146454
0.117523
0.139737
0.176473
0.228630
0.214859
0.193884
0.131370
0.133096
0.125216
0.146379
0.148893
0.185816
0.164991
0.148105
0.187129
0.261313
0.290694
0.260713
0.236510
0.222289
0.210432
0.182889
0.167880
0.138199
0.125028
0.128668
0.162289
0.183790
0.176923
0.149306
0.151295
0.144428
0.148931
0.178424
0.209268
0.226154
0.250131
0.213959
0.232533
0.320863
0.286154
0.238537
0.219662
0.201163
0.181126
0.146792
0.150319
0.156886
0.141088
0.136735
0.150994
0.172458
0.170507
0.132983
0.139662
0.163602
0.139137
0.149343
0.145629
0.129606
0.231107
0.198612
0.208218
0.286979
0.291895
0.287617
0.303452
0.207392
0.193471
0.154897
0.135272
0.132308
0.139812
0.133809
0.177936
0.251520
0.282214
0.236548
0.158086
0.152158
0.159024
0.156510
0.157336
0.144916
0.147617
0.162514
0.246229
0.335535
0.351895
0.280750
0.262289
0.271407
0.165854
0.159887
0.150281
0.147767
0.133546
0.148068
0.178912
0.198612
0.175009
0.153546
0.159475
0.223490
0.213021
0.217036
0.202326
0.132833
0.153321
0.156060
0.223377
0.219812
0.223490
0.252795
0.275347
0.231182
0.217298
0.184765
0.152758
0.144841
0.132645
0.131107
0.158011
0.187430
0.158049
0.146004
0.184128
0.192308
0.178236
0.186041
0.181388
0.234672
0.151932
0.227992
0.190994
0.212833
0.382402
0.347617
0.325103
0.211557
0.209906
0.182739
0.169644
0.153546
0.135084
0.138011
0.155047
0.184991
0.177899
0.182402
0.238199
0.268780
0.202364
0.137598
0.138912
0.143565
0.159250
0.182852
0.229531
0.270844
0.242514
0.336285
0.303752
0.221088
0.242664
0.151332
0.139587
0.126379
0.117636
0.106679
0.146642
0.189587
0.180525
0.179362
0.175235
0.211032
0.218011
0.282927
0.214597
0.262814
0.243602
0.227692
0.250807
0.320038
0.383977
0.303227
0.266492
0.205291
0.164503
0.155197
0.146304
0.126867
0.114897
0.119437
0.132608
0.177411
0.142552
0.163114
0.172946
0.158274
0.155084
0.151595
0.139325
0.184690
0.197636
0.227880
0.254559
0.275835
0.252683
0.301126
0.268368
0.261201
0.209231
0.144503
0.130507
0.145816
0.153771
0.140000
0.161726
0.185666
0.161614
0.156548
0.142664
0.148105
0.148293
0.128518
0.114296
0.093321
0.098799
0.101313
0.158537
0.241238
0.277523
0.197336
0.264090
0.190169
0.189831
0.170563
0.160253
0.133204
0.130094
0.150919
0.157786
0.196173
0.165291
0.162439
0.165779
0.149981
0.187467
0.190544
0.139362
0.157674
0.137298
0.214296
0.322439
0.239587
0.243902
0.223302
0.291107
0.251220
0.238274
0.236585
0.161726
0.123302
0.125741
0.144390
0.169456
0.181013
0.168630
0.181764
0.160488
0.157223
0.156060
0.154934
0.170994
0.184315
0.215460
0.271745
0.281501
0.293208
0.267242
0.258799
0.212383
0.216435
0.219212
0.194897
0.154709
0.135647
0.124128
0.152495
0.143790
0.163340
0.157486
0.159437
0.140450
0.197111
0.243527
0.284278
0.324878
0.260038
0.213884
0.235084
0.310056
0.350206
0.285441
0.298199
0.259850
0.241614
0.228968
0.187017
0.194296
0.196173
0.168218
0.184803
0.225891
0.248105
0.211182
0.213996
0.209906
0.194071
0.203602
0.222026
0.205629
0.239174
0.291370
0.212195
0.255122
0.216248
0.207392
0.213996
0.228218
0.327992
0.161163
0.143715
0.152608
0.138311
0.118687
0.124278
0.138236
0.132083
0.154972
0.171707
0.163039
0.163490
0.227392
0.236360
0.204015
0.208818
0.263114
0.182702
0.176961
0.344203
0.280488
0.372683
0.262176
0.213508
0.166492
0.148780
0.134334
0.127317
0.113546
0.138311
0.162964
0.182589
0.192908
0.144465
0.132270
0.156510
0.136548
0.143340
0.131445
0.190319
0.303152
0.289831
0.318424
0.290019
0.346004
0.267280
0.222251
0.233621
0.199024
0.169869
0.125629
0.123490
0.119400
0.121576
0.136173
0.184390
0.194371
0.211445
0.182251
0.190507
0.192120
0.187880
0.218349
0.210769
0.218612
0.271557
0.276098
0.291520
0.259587
0.284128
0.252946
0.225141
0.189118
0.167580
0.147017
0.127317
0.146567
0.141726
0.166454
0.292946
0.227992
0.161726
0.159287
0.154484
0.160563
0.161351
0.159850
0.150957
0.155722
0.152345
0.201088
0.285441
0.251407
0.268555
0.283265
0.243565
0.183602
0.159737
0.134934
0.126904
0.123640
0.128480
0.202364
0.177411
0.172345
0.154371
0.136548
0.121651
0.142251
0.139137
0.118724
0.122852
0.126004
0.116173
0.164615
0.196585
0.266116
0.269869
0.249906
0.303827
0.226116
0.174109
0.152645
0.137223
0.166492
0.204203
0.194071
0.144728
0.147317
0.157749
0.135197
0.171632
0.192270
0.365966
0.220488
0.240863
0.189381
0.208293
0.211970
0.231745
0.241951
0.263302
0.209681
0.191220
0.204015
0.169568
0.178687
0.146904
0.139925
0.137899
0.170994
0.204690
0.192795
0.196698
0.173771
0.195197
0.146191
0.170882
0.252420
0.213884
0.189118
0.187129
0.189006
0.179250
0.185666
0.204803
0.249531
0.231782
0.176023
0.151032
0.142101
0.129869
0.125516
0.135985
0.142964
0.175084
0.162477
0.162552
0.169418
0.141126
0.109343
0.131632
0.143265
0.184916
0.185478
0.252195
0.280113
0.201801
0.238086
0.222964
0.238349
0.267542
0.189493
0.216135
0.158912
0.122251
0.115647
0.128668
0.137636
0.159212
0.170056
0.208893
0.210769
0.133433
0.107880
0.122326
0.115985
0.107992
0.114672
0.138724
0.239099
0.258424
0.216623
0.208593
0.251970
0.251332
0.238462
0.134709
0.125478
0.119662
0.117111
0.126717
0.143902
0.176473
0.155310
0.164728
0.153396
0.154522
0.178949
0.162777
0.132720
0.144653
0.138349
0.143377
0.225629
0.248818
0.222627
0.211707
0.254859
0.346642
0.273133
0.186604
0.146304
0.139625
0.137186
0.144278
0.185741
0.258124
0.212045
0.239024
0.150056
0.179250
0.270394
0.256773
0.249831
0.247205
0.150394
0.147992
0.200188
0.207242
0.233508
0.255385
0.227355
0.204803
0.173583
0.174634
0.148368
0.136811
0.134559
0.159212
0.167167
0.181276
0.175047
0.179962
0.149006
0.138762
0.139362
0.133546
0.119250
0.139212
0.111257
0.119362
0.146492
0.309418
0.240863
0.333171
0.389006
0.261013
0.306154
0.192795
0.143002
0.155385
0.155760
0.139737
0.170019
0.191144
0.187430
0.202514
0.152533
0.146867
0.113959
0.133659
0.119700
0.119887
0.134897
0.133583
0.144878
0.204353
0.203302
0.204878
0.249944
0.200113
0.208705
0.130807
0.130657
0.127692
0.119287
0.128143
0.134822
0.212795
0.148330
0.133621
0.113321
0.139174
0.115047
0.199887
0.182889
0.145704
0.126492
0.126492
0.175985
0.189193
0.226379
0.218987
0.194972
0.197298
0.170356
0.150544
0.151970
0.148856
0.133358
0.139662
0.134071
0.130882
0.173208
0.132083
0.130694
0.122889
0.126341
0.134296
0.109231
0.125553
0.142514
0.271557
0.269831
0.172871
0.181726
0.196623
0.318424
0.181839
0.190882
0.143865
0.114259
0.126792
0.110544
0.130244
0.129418
0.128293
0.143790
0.136098
0.131482
0.149944
0.110657
0.113021
0.131707
0.106829
0.111745
0.133959
0.130356
0.146642
0.180338
0.289156
0.230807
0.210244
0.171032
0.146792
0.129381
0.131032
0.136623
0.135835
0.179550
0.198349
0.211032
0.152008
0.141426
0.151295
0.145066
0.139250
0.208893
0.223189
0.187580
0.151220
0.177411
0.312083
0.282514
0.232570
0.268030
0.241351
0.197336
0.140638
0.131632
0.126266
0.125516
0.147467
0.171970
0.169531
0.165704
0.182477
0.137186
0.114184
0.124353
0.124465
0.130544
0.122214
0.124053
0.147092
0.199512
0.206979
0.279437
0.302326
0.405929
0.238199
0.167242
0.141051
0.143302
0.150356
0.131182
0.146792
0.177749
0.266942
0.202777
0.175272
0.172420
0.205103
0.207317
0.156585
0.192720
0.208893
0.113621
0.110394
0.230544
0.180338
0.185779
0.181538
0.233696
0.178124
0.185816
0.139475
0.111107
0.150056
0.123377
0.121238
0.166004
0.151069
0.166004
0.203340
0.284465
0.172158
0.149268
0.120938
0.148180
0.160525
0.139062
0.200338
0.215422
0.217336
0.263752
0.225666
0.178574
0.192158
0.173996
0.130582
0.105779
0.107580
0.104578
0.122739
0.124278
0.168968
0.167167
0.160938
0.161614
0.177786
0.175760
0.106529
0.106829
0.085178
0.105103
0.120713
0.148068
0.178799
0.350582
0.372458
0.307017
0.255835
0.400675
0.257036
0.135272
0.125854
0.111632
0.123790
0.181426
0.167767
0.168255
0.151220
0.118949
0.101501
0.100263
0.131970
0.120075
0.130582
0.156398
0.132871
0.249719
0.272608
0.288630
0.253321
0.254034
0.171257
0.144203
0.132645
0.116248
0.115497
0.119550
0.116248
0.141051
0.161426
0.150206
0.145253
0.143227
0.246454
0.163227
0.117223
0.113433
0.225966
0.126379
0.115572
0.181501
0.175535
0.252045
0.218949
0.233058
0.223527
0.178874
0.162289
0.126942
0.114634
0.134109
0.128443
0.169156
0.168931
0.166867
0.147092
0.117036
0.146266
0.139812
0.170919
0.190094
0.134221
0.120413
0.120788
0.143189
0.186679
0.206829
0.217073
0.270169
0.275497
0.186904
0.140600
0.146041
0.142964
0.132083
0.121220
0.131567
0.180938
0.133884
0.171295
0.140488
0.146454
0.124803
0.120375
0.119512
0.112383
0.093659
0.108068
0.137036
0.177373
0.206792
0.205816
0.241126
0.218386
0.188368
0.152683
0.120863
0.123189
0.112008
0.136285
0.161351
0.256360
0.204690
0.206417
0.275084
0.208555
0.142101
0.111782
0.124128
0.117899
0.107467
0.123865
0.115685
0.128593
0.230244
0.281501
0.252758
0.314409
0.198537
0.138349
0.138612
0.101351
0.102214
0.106792
0.149456
0.167955
0.135535
0.132946
0.128968
0.147242
0.095910
0.156548
0.143677
0.169606
0.141576
0.122514
0.167355
0.205103
0.258311
0.223752
0.231595
0.303302
0.187355
0.131782
0.102739
0.104315
0.105216
0.111745
0.130019
0.153283
0.119887
0.118762
0.121801
0.142139
0.115610
0.133659
0.112270
0.107692
0.133921
0.147880
0.157598
0.163189
0.191745
0.205516
0.247317
0.308143
0.201689
0.158124
0.142477
0.121163
0.128893
0.152420
0.171332
0.188593
0.177936
0.140563
0.145704
0.214109
0.267205
0.156923
0.143377
0.138612
0.133396
0.252233
0.254109
0.316773
0.337561
0.323827
0.314447
0.325516
0.157111
0.144803
0.148518
0.127505
0.114409
0.131745
0.151482
0.199625
0.153171
0.142627
0.137598
0.120188
0.123415
0.086942
0.092420
0.101276
0.111370
0.105629
0.106829
0.149644
0.179325
0.178349
0.180976
0.152008
0.125216
0.112270
0.124390
0.108405
0.106679
0.113621
0.151820
0.180788
0.138049
0.114934
0.120038
0.121989
0.117261
0.112833
0.145403
0.152758
0.142852
0.250619
0.207355
0.254146
0.234071
0.245741
0.230319
0.190281
0.220263
0.160976
0.114559
0.124765
0.119024
0.112533
0.139437
0.182477
0.157561
0.143715
0.143227
0.178086
0.176135
0.138462
0.127242
0.137598
0.162101
0.183940
0.306417
0.290056
0.219812
0.252383
0.335235
0.274071
0.229944
0.184390
0.143827
0.143977
0.122477
0.144615
0.173659
0.180938
0.214071
0.214146
0.221463
0.231820
0.237861
0.252983
0.220826
0.226979
0.246829
0.264615
0.220338
0.250319
0.347129
0.349343
0.255872
0.236173
0.200075
0.178124
0.170919
0.146492
0.131857
0.129231
0.171295
0.165854
0.173696
0.181276
0.195947
0.170619
0.147129
0.189193
0.185553
0.168555
0.184953
0.211632
0.171857
0.270056
0.284728
0.192908
0.212195
0.207280
0.196623
0.148705
0.145741
0.135422
0.191520
0.241238
0.266266
0.204991
0.194672
0.192383
0.177899
0.131745
0.121839
0.153208
0.223340
0.341238
0.212120
0.238837
0.206604
0.262589
0.320263
0.288368
0.353771
0.250919
0.301876
0.179700
0.154672
0.141388
0.135009
0.147767
0.162064
0.189118
0.155347
0.149644
0.133583
0.108668
0.127242
0.133734
0.206717
0.183377
0.143152
0.144315
0.201726
0.204053
0.251932
0.210206
0.230131
0.299325
0.163865
0.124878
0.120675
0.117373
0.113734
0.142964
0.174522
0.160263
0.162026
0.226642
0.206079
0.127580
0.110244
0.105553
0.133283
0.126079
0.131370
0.153208
0.221238
0.198349
0.214371
0.192795
0.159362
0.195197
0.169869
0.135872
0.114447
0.109606
0.121801
0.137073
0.155047
0.192458
0.185253
0.155385
0.140188
0.151670
0.187129
0.120038
0.121313
0.120826
0.106454
0.138724
0.200600
0.194409
0.228218
0.209231
0.233659
0.205328
0.151144
0.139475
0.131782
0.118462
0.124615
0.143752
0.149719
0.185891
0.152308
0.142702
0.151895
0.116248
0.141876
0.142927
0.106942
0.124578
0.124540
0.121351
0.188143
0.212008
0.178124
0.190882
0.210657
0.200000
0.181163
0.136623
0.147092
0.127767
0.123677
0.135009
0.230432
0.249118
0.184765
0.180000
0.136173
0.136848
0.125366
0.117261
0.122589
0.096998
0.130657
0.144953
0.225066
0.208743
0.190844
0.190432
0.199250
0.195497
0.165441
0.130582
0.124765
0.126079
0.121764
0.123565
0.142176
0.186079
0.156585
0.195009
0.171632
0.173246
0.145891
0.171482
0.249944
0.173696
0.114934
0.109231
0.140375
0.152946
0.225028
0.221051
0.221989
0.197448
0.186642
0.173583
0.140038
0.122964
0.121501
0.119850
0.164315
0.159475
0.143377
0.161388
0.156135
0.167017
0.161388
0.140188
0.166304
0.268068
0.244015
0.212345
0.287842
0.306079
0.315872
0.274859
0.263227
0.226379
0.160413
0.141126
0.111595
0.108968
0.108818
0.134334
0.134934
0.163377
0.146754
0.148630
0.226942
0.237749
0.186004
0.112383
0.107692
0.127017
0.130919
0.139962
0.188818
0.246417
0.366717
0.286079
0.201126
0.271707
0.141238
0.121238
0.100263
0.101426
0.107655
0.139287
0.144203
0.170582
0.156248
0.140600
0.140225
0.135159
0.102214
0.113433
0.117186
0.101914
0.108705
0.116698
0.175235
0.175009
0.200826
0.214184
0.282627
0.227205
0.203227
0.154221
0.143152
0.136660
0.115722
0.136585
0.189981
0.186379
0.191144
0.158687
0.120938
0.193734
0.184841
0.187317
0.234371
0.140450
0.127617
0.126341
0.155197
0.191407
0.192795
0.198349
0.220150
0.192946
0.165854
0.140413
0.129493
0.121126
0.125966
0.140000
0.174559
0.198049
0.187955
0.161764
0.160563
0.132683
0.168743
0.158049
0.154146
0.134447
0.150432
0.143340
0.197111
0.197749
0.181313
0.217561
0.263302
0.281201
0.159024
0.147767
0.143677
0.133996
0.134709
0.149568
0.229193
0.197036
0.167655
0.155310
0.170807
0.153921
0.225779
0.189156
0.130544
0.141651
0.147017
0.212645
0.181839
0.167167
0.215797
0.185966
0.194822
0.180413
0.170994
0.138687
0.150807
0.117223
0.126079
0.146942
0.151932
0.175347
0.141764
0.169343
0.167617
0.250244
0.153884
0.184953
0.181126
0.159812
0.209268
0.226679
0.193471
0.203490
0.274371
0.262514
0.236473
0.222326
0.185103
0.159287
0.145779
0.133208
0.152083
0.166079
0.191857
0.193846
0.183827
0.148931
0.173734
0.140750
0.143565
0.219662
0.206191
0.308555
0.364841
0.210732
0.248668
0.276998
0.282026
0.287467
0.257674
0.279137
0.238949
0.138837
0.111632
0.124240
0.150206
0.160113
0.195047
0.166717
0.167205
0.203077
0.126454
0.148668
0.149831
0.213996
0.160338
0.163340
0.158649
0.214221
0.243490
0.324878
0.350356
0.264315
0.200038
0.192008
0.147280
0.156698
0.142777
0.134597
0.141914
0.197186
0.173809
0.169644
0.155910
0.150732
0.124278
0.110957
0.109231
0.101689
0.128931
0.117824
0.132758
0.182664
0.235872
0.169869
0.221689
0.272308
0.214597
0.196548
0.195910
0.156360
0.144090
0.138949
0.148705
0.195872
0.181313
0.161238
0.208443
0.143227
0.146867
0.149456
0.113171
0.130469
0.129268
0.149568
0.132946
0.212683
0.334334
0.288593
0.302664
0.370732
0.282064
0.172946
0.160938
0.159137
0.155235
0.157148
0.161538
0.170131
0.193846
0.195310
0.187617
0.169343
0.304540
0.235835
0.179099
0.186567
0.195497
0.188893
0.150094
0.248893
0.239475
0.188143
0.425591
0.367167
0.336585
0.266942
0.191482
0.170507
0.154934
0.133096
0.168968
0.163977
0.195572
0.185478
0.162777
0.149118
0.126266
0.146717
0.162702
0.153621
0.154859
0.148593
0.163077
0.198124
0.186529
0.225816
0.337974
0.335122
0.262326
0.213659
0.184015
0.168480
0.152495
0.168818
0.170507
0.174859
0.186567
0.168218
0.149081
0.240638
0.264728
0.234259
0.225891
0.173959
0.160225
0.137373
0.131332
0.139174
0.187467
0.234259
0.217111
0.214146
0.224841
0.216210
0.184803
0.155084
0.148968
0.139174
0.121276
0.135122
0.175235
0.160263
0.152120
0.126679
0.186492
0.207017
0.241914
0.309081
0.271445
0.172083
0.157786
0.179362
0.242326
0.199550
0.203677
0.242814
0.242064
0.210507
0.161689
0.125141
0.117561
0.124390
0.131332
0.141689
0.201088
0.175197
0.129418
0.118386
0.109156
0.126904
0.177373
0.153358
0.312383
0.198199
0.192308
0.231445
0.185028
0.192195
0.352908
0.240600
0.182814
0.152758
0.114859
0.114672
0.116585
0.115572
0.122514
0.142477
0.160600
0.158161
0.129231
0.150657
0.168555
0.137148
0.122664
0.115947
0.105929
0.113208
0.113021
0.147617
0.146229
0.136285
0.175460
0.222326
0.187467
0.187992
0.153321
0.116060
0.114972
0.116923
0.128443
0.161013
0.176398
0.172645
0.263189
0.166567
0.139662
0.225816
0.219850
0.197824
0.225066
0.186867
0.215272
0.211932
0.189568
0.165066
0.285779
0.236585
0.197786
0.164578
0.138537
0.126529
0.112158
0.124841
0.129006
0.156961
0.175272
0.139512
0.144240
0.148293
0.118311
0.159587
0.119887
0.140563
0.130544
0.143377
0.202889
0.202251
0.262777
0.269719
0.257373
0.261013
0.186004
0.192120
0.166604
0.134071
0.140375
0.120863
0.122514
0.165403
0.173809
0.175122
0.150844
0.133508
0.136060
0.148255
0.150694
0.154447
0.134934
0.132083
0.164353
0.275647
0.251707
0.190356
0.174259
0.182101
0.196323
0.202702
0.163865
0.127280
0.099587
0.109156
0.118199
0.156961
0.181689
0.142064
0.134296
0.150844
0.170131
0.264465
0.179625
0.237261
0.348931
0.279887
0.329644
0.266867
0.188405
0.261689
0.336248
0.248705
0.215910
0.267655
0.145066
0.134447
0.118537
0.119362
0.119024
0.111820
0.121426
0.134184
0.174859
0.154709
0.205629
0.209231
0.213621
0.269193
0.264353
0.232720
0.182927
0.199550
0.222439
0.304315
0.308405
0.231144
0.195347
0.266754
0.151707
0.123189
0.119812
0.110356
0.128931
0.140263
0.175272
0.161463
0.212533
0.166417
0.104128
0.109644
0.118124
0.113621
0.112083
0.099812
0.207505
0.137111
0.123827
0.177111
0.154747
0.218236
0.195197
0.147505
0.134184
0.134634
0.107655
0.120000
0.114597
0.136135
0.162514
0.153021
0.138386
0.132833
0.162139
0.136173
0.119962
0.130957
0.126642
0.122101
0.143490
0.134522
0.146154
0.139775
0.222139
0.184953
0.174597
0.202326
0.181764
0.114709
0.098274
0.107692
0.130094
0.182139
0.187880
0.190169
0.161989
0.123039
0.139287
0.125929
0.126979
0.135422
0.126867
0.130507
0.161501
0.163114
0.213508
0.303715
0.229981
0.228330
0.274634
0.141989
0.140976
0.141764
0.120976
0.126567
0.134334
0.153996
0.220263
0.144315
0.144540
0.130957
0.110544
0.138537
0.133433
0.132345
0.135572
0.145366
0.134221
0.173659
0.196923
0.200225
0.203940
0.213921
0.196773
0.178086
0.148105
0.116323
0.120826
0.114034
0.126792
0.158612
0.178574
0.161764
0.179550
0.155535
0.111069
0.165516
0.135685
0.230281
0.145403
0.130094
0.130694
0.155797
0.187917
0.184803
0.200901
0.237073
0.204128
0.174522
0.165816
0.163565
0.112495
0.126717
0.118161
0.155497
0.172120
0.171670
0.151220
0.192458
0.203152
0.210582
0.201163
0.185666
0.205591
0.120563
0.114934
0.144615
0.152758
0.188368
0.168480
0.196210
0.154747
0.162739
0.138424
0.110994
0.107730
0.130432
0.115685
0.138912
0.149681
0.142589
0.142552
0.178612
0.220375
0.198874
0.253508
0.257561
0.233058
0.210094
0.250206
0.248856
0.287617
0.172758
0.203340
0.217186
0.246079
0.199587
0.115760
0.106717
0.090732
0.083265
0.115947
0.140638
0.165966
0.151520
0.122702
0.127880
0.132946
0.114522
0.123152
0.134972
0.133021
0.139812
0.145553
0.149081
0.236735
0.223189
0.179812
0.211670
0.282814
0.171107
0.118086
0.122026
0.106417
0.113996
0.120413
0.146004
0.190169
0.164615
0.156398
0.163377
0.103752
0.101689
0.111407
0.119475
0.103152
0.112120
0.120300
0.126154
0.151069
0.178424
0.186829
0.206567
0.190769
0.160938
0.129531
0.119587
0.118912
0.124203
0.138011
0.165854
0.173208
0.168893
0.159024
0.132083
0.124953
0.135385
0.210844
0.177636
0.111407
0.191707
0.219850
0.154522
0.167317
0.244203
0.303677
0.289231
0.337411
0.194859
0.164428
0.144578
0.129456
0.127092
0.125216
0.166191
0.182739
0.148443
0.119475
0.129606
0.120113
0.115310
0.135122
0.135084
0.278987
0.167317
0.136961
0.171820
0.273846
0.155084
0.144615
0.274034
0.260788
0.181276
0.131069
0.130882
0.125779
0.118462
0.121689
0.173321
0.190844
0.157824
0.162927
0.209756
0.168330
0.234634
0.172833
0.158011
0.329231
0.204015
0.249831
0.160188
0.191445
0.148780
0.161201
0.194184
0.226116
0.161351
0.164615
0.128180
0.103640
0.110807
0.118011
0.156623
0.191782
0.238612
0.183677
0.166792
0.127392
0.112758
0.151144
0.123377
0.135610
0.137223
0.132833
0.140901
0.141013
0.195610
0.185629
0.263377
0.159475
0.145103
0.124803
0.107242
0.106379
0.116060
0.113771
0.154784
0.150544
0.138199
0.128480
0.137223
0.111970
0.135460
0.200300
0.119362
0.133096
0.143640
0.160338
0.182026
0.197861
0.178912
0.232720
0.235910
0.225403
0.170206
0.144015
0.120488
0.123152
0.115947
0.117824
0.154109
0.176961
0.152683
0.143189
0.116886
0.121576
0.122814
0.120488
0.130131
0.126154
0.119812
0.134934
0.191182
0.226229
0.278687
0.203827
0.192533
0.205929
0.156811
0.138574
0.118424
0.116773
0.110957
0.114897
0.164090
0.185854
0.171257
0.148030
0.125966
0.138462
0.117073
0.121051
0.180225
0.140338
0.109081
0.110957
0.145553
0.169681
0.150882
0.155872
0.237148
0.195910
0.140788
0.129081
0.112120
0.114259
0.105666
0.125028
0.151032
0.183377
0.164878
0.128405
0.133283
0.152683
0.182251
0.263715
0.155797
0.150094
0.139962
0.202589
0.181614
0.275910
0.269531
0.180075
0.301051
0.233884
0.150131
0.132795
0.125441
0.124615
0.104165
0.107955
0.151782
0.169193
0.159362
0.139812
0.129081
0.117073
0.121764
0.109944
0.117824
0.108105
0.114822
0.117411
0.133996
0.234334
0.265966
0.162814
0.184540
0.192570
0.199475
0.152008
0.123752
0.114709
0.120713
0.108743
0.160600
0.149756
0.165366
0.148180
0.131107
0.112420
0.122814
0.128218
0.123752
0.102702
0.272195
0.145779
0.210432
0.177861
0.219550
0.202814
0.219812
0.291107
0.242214
0.209268
0.129456
0.214709
0.205403
0.165103
0.174747
0.131257
0.129531
0.128893
0.193133
0.226492
0.166454
0.176811
0.189756
0.260713
0.218762
0.186304
0.246942
0.196435
0.171820
0.242589
0.273846
0.303565
0.298687
0.253696
0.209418
0.138311
0.137561
0.113659
0.128856
0.121538
0.141351
0.259962
0.274747
0.240488
0.255685
0.292270
0.213396
0.223865
0.209906
0.277486
0.314822
0.272683
0.146492
0.139250
0.161163
0.152045
0.137749
0.133846
0.224878
0.135797
0.096811
0.115197
0.130882
0.134034
0.131445
0.133546
0.126379
0.119512
0.113171
0.155760
0.219062
0.146304
0.121163
0.111069
0.147467
0.184428
0.183677
0.161764
0.185478
0.211707
0.172270
0.124315
0.099362
0.107317
0.094447
0.114672
0.124540
0.176398
0.145478
0.137786
0.125291
0.120638
0.116248
0.131370
0.170056
0.123189
0.121426
0.143265
0.142214
0.151482
0.163752
0.167242
0.201689
0.202664
0.173771
0.126191
0.105666
0.106379
0.114597
0.117636
0.152645
0.168180
0.173246
0.167655
0.141201
0.193396
0.132083
0.231670
0.185704
0.226079
0.221051
0.158236
0.280675
0.202251
0.242852
0.294784
0.239024
0.203302
0.286529
0.242364
0.148368
0.114447
0.114109
0.106679
0.135460
0.182964
0.139400
0.177261
0.158649
0.133996
0.134371
0.192458
0.183002
0.163865
0.151182
0.142364
0.159024
0.202064
0.199887
0.239099
0.309381
0.267805
0.192495
0.145478
0.133846
0.134146
0.126679
0.118274
0.155122
0.197373
0.159024
0.142852
0.217786
0.204953
0.132983
0.118874
0.185704
0.170769
0.110281
0.113771
0.137674
0.183077
0.214334
0.178462
0.175122
0.181651
0.160375
0.134597
0.124053
0.133921
0.110432
0.105741
0.138574
0.159287
0.175760
0.175197
0.176398
0.172270
0.195235
0.271707
0.238011
0.244315
0.253171
0.156323
0.154672
0.147467
0.135572
0.208555
0.191182
0.265066
0.207730
0.160713
0.120338
0.103790
0.112383
0.117936
0.126454
0.140188
0.127842
0.126679
0.141388
0.136585
0.157824
0.144090
0.221088
0.168518
0.250019
0.161839
0.272908
0.209231
0.219437
0.372758
0.314259
0.304353
0.195835
0.154259
0.124841
0.105704
0.115610
0.104128
0.141238
0.183452
0.165854
0.126379
0.113583
0.111520
0.108743
0.134296
0.132833
0.122739
0.118011
0.126942
0.149006
0.168705
0.239700
0.203265
0.327017
0.250056
0.194484
0.120600
0.096923
0.108105
0.099550
0.111445
0.151295
0.198049
0.152983
0.138574
0.119212
0.097223
0.104653
0.124803
0.138687
0.127542
0.148143
0.158274
0.185591
0.159700
0.237899
0.263752
0.264015
0.208218
0.191557
0.160450
0.122927
0.114447
0.099625
0.114634
0.154709
0.189531
0.170319
0.147730
0.145328
0.141163
0.191445
0.204353
0.152833
0.134559
0.212608
0.183189
0.194109
0.198049
0.294597
0.217036
0.189944
0.199437
0.172833
0.175385
0.136210
0.140188
0.115610
0.128105
0.164578
0.207692
0.156248
0.168405
0.152120
0.150844
0.174371
0.226154
0.178462
0.194634
0.145253
0.184015
0.175947
0.152458
0.152270
0.212758
0.191857
0.179775
0.138011
0.129231
0.131520
0.110769
0.103752
0.120826
0.140263
0.187880
0.181989
0.133208
0.119587
0.108293
0.121876
0.127280
0.124728
0.128856
0.132083
0.150356
0.209418
0.267992
0.271482
0.180413
0.189268
0.195197
0.186154
0.149719
0.120150
0.105553
0.112420
0.107880
0.140750
0.182477
0.151707
0.134296
0.149869
0.148405
0.124578
0.155122
0.128255
0.136811
0.173021
0.314822
0.279212
0.192758
0.224390
0.235760
0.237223
0.181163
0.139062
0.133546
0.171895
0.162101
0.114822
0.114447
0.138199
0.176023
0.134709
0.138236
0.134221
0.159662
0.195760
0.226867
0.256473
0.161689
0.137486
0.317111
0.238311
0.166904
0.170694
0.220750
0.396323
0.268856
0.236735
0.174934
0.179325
0.140113
0.125591
0.132570
0.162214
0.179775
0.170882
0.159550
0.176285
0.169006
0.224991
0.220338
0.213321
0.187017
0.215272
0.236098
0.217936
0.200338
0.252420
0.192308
0.199662
0.205666
0.154109
0.132495
0.137974
0.115310
0.118874
0.120450
0.170582
0.170094
0.143114
0.127392
0.126079
0.112871
0.098274
0.105103
0.110844
0.116998
0.119137
0.111220
0.136398
0.166041
0.203227
0.197824
0.182702
0.185366
0.158161
0.139212
0.110169
0.104465
0.114034
0.116848
0.162927
0.184728
0.163790
0.126754
0.108931
0.107730
0.125779
0.125478
0.136848
0.097261
0.113433
0.122814
0.101726
0.156173
0.213058
0.217036
0.184953
0.193959
0.166304
0.137223
0.114859
0.095610
0.104841
0.109568
0.154259
0.172458
0.159250
0.136210
0.118612
0.114034
0.137486
0.113659
0.105553
0.101088
0.111370
0.131782
0.125328
0.126041
0.121088
0.160338
0.345629
0.231257
0.180375
0.196998
0.160150
0.140600
0.137674
0.157598
0.163565
0.206004
0.186304
0.142777
0.132720
0.133358
0.111970
0.241689
0.138949
0.140000
0.173884
0.178236
0.172983
0.207730
0.259887
0.290056
0.183415
0.160300
0.174146
0.171557
0.159737
0.160450
0.144841
0.146679
0.165066
0.202289
0.142552
0.154034
0.223565
0.246717
0.251632
0.177186
0.200225
0.219174
0.165704
0.144578
0.195009
0.225779
0.269156
0.212608
0.192946
0.224953
0.212758
0.197899
0.183977
0.153396
0.151557
0.154071
0.167542
0.200113
0.181388
0.187505
0.175197
0.141388
0.145929
0.150807
0.159512
0.187692
0.179137
0.232908
0.219587
0.193734
0.236473
0.305028
0.225253
0.251182
0.211370
0.178386
0.165216
0.149193
0.141989
0.146942
0.190732
0.259362
0.247917
0.210281
0.176323
0.167880
0.205891
0.203640
0.159400
0.161201
0.170507
0.192345
0.312120
0.360038
0.351970
0.281501
0.328480
0.368518
0.293508
0.206266
0.187280
0.167580
0.161276
0.162889
0.187842
0.232795
0.182927
0.165966
0.181501
0.183977
0.228293
0.207129
0.148668
0.240375
0.253471
0.204015
0.296660
0.327317
0.307542
0.211632
0.225141
0.226979
0.273096
0.237411
0.183602
0.177148
0.170056
0.154897
0.197974
0.218311
0.205929
0.178837
0.156098
0.202326
0.154034
0.199137
0.350432
0.218837
0.219625
0.378049
0.249456
0.202026
0.231069
0.262101
0.246492
0.208668
0.188705
0.190619
0.141839
0.143902
0.145553
0.154259
0.194034
0.203340
0.219512
0.216023
0.152158
0.146266
0.143152
0.143114
0.146154
0.162477
0.163002
0.167805
0.197974
0.190769
0.208931
0.204765
0.225779
0.325441
0.202139
0.182439
0.176585
0.160938
0.142064
0.149531
0.191782
0.231707
0.198537
0.186266
0.151144
0.141088
0.136323
0.155197
0.172570
0.178349
0.174034
0.152871
0.171932
0.194447
0.183265
0.189418
0.188030
0.239212
0.245591
0.206004
0.166304
0.148480
0.144128
0.147730
0.169606
0.212195
0.176360
0.198161
0.251482
0.229343
0.187655
0.388405
0.330957
0.225253
0.276773
0.318912
0.394259
0.388405
0.492308
0.439362
0.287467
0.282214
0.325891
0.245103
0.286942
0.318274
0.235497
0.202176
0.207242
0.215647
0.196360
0.196998
0.255760
0.490544
0.304540
0.285666
0.429456
0.405253
0.388180
0.390206
0.405516
0.394634
0.450356
0.442026
0.375722
0.439212
0.364728
0.301313
0.209831
0.192270
0.196510
0.255084
0.263114
0.272833
0.206341
0.212383
0.219137
0.189043
0.341426
0.391445
0.403827
0.278462
0.351445
0.308893
0.318274
0.377111
0.397899
0.421088
0.338086
0.307805
0.277336
0.228931
0.199887
0.184953
0.191482
0.192645
0.235685
0.239250
0.204128
0.192608
0.201839
0.174221
0.194522
0.228030
0.289568
0.338762
0.332795
0.498762
0.583940
0.550919
0.517899
0.436660
0.467242
0.318799
0.265291
0.258161
0.196510
0.161801
0.175197
0.169831
0.188330
0.254109
0.270507
0.233996
0.204053
0.212120
0.280750
0.230769
0.186417
0.187167
0.233809
0.286942
0.349568
0.413884
0.451257
0.351220
0.371520
0.310432
0.281876
0.208105
0.170056
0.164128
0.159437
0.157936
0.201801
0.216060
0.171820
0.250056
0.214747
0.175872
0.169681
0.216173
0.243490
0.195647
0.166004
0.180225
0.180150
0.190994
0.184203
0.228856
0.270957
0.404765
0.265066
0.181914
0.165066
0.159400
0.157411
0.166717
0.175047
0.203677
0.202176
0.167617
0.146679
0.171069
0.156023
0.180375
0.198837
0.193358
0.192458
0.182101
0.199437
0.233396
0.215235
0.230994
0.264128
0.254934
0.229719
0.202777
0.177486
0.168068
0.159362
0.148630
0.171932
0.196811
0.192533
0.181914
0.206679
0.316886
0.334784
0.270244
0.315985
0.227467
0.162176
0.179250
0.168931
0.147917
0.146792
0.162477
0.176585
0.201801
0.163415
0.142852
0.136698
0.138011
0.154784
0.150469
0.169231
0.193433
0.175947
0.172420
0.168555
0.180675
0.183827
0.178799
0.178386
0.210732
0.226567
0.200525
0.219250
0.197936
0.191745
0.221989
0.277899
0.289418
0.229981
0.175385
0.159962
0.166154
0.157824
0.171745
0.196285
0.236510
0.191370
0.194371
0.203002
0.199812
0.201163
0.214672
0.191144
0.181238
0.184315
0.204690
0.214184
0.241801
0.319024
0.290882
0.327617
0.226304
0.222552
0.206454
0.164240
0.151970
0.152383
0.154897
0.196811
0.214447
0.204465
0.176173
0.177711
0.164503
0.161276
0.167242
0.155460
0.156323
0.176735
0.188968
0.332645
0.279550
0.373246
0.288780
0.246829
0.259625
0.234034
0.306604
0.196998
0.177786
0.146116
0.154859
0.192383
0.215310
0.189268
0.158161
0.181726
0.169644
0.188856
0.270394
0.206679
0.259587
0.266829
0.246717
0.243490
0.217786
0.199137
0.267092
0.305441
0.253621
0.229006
0.210507
0.169118
0.151069
0.157261
0.157411
0.180788
0.260450
0.197899
0.156548
0.161201
0.154484
0.151557
0.167767
0.151932
0.142777
0.160300
0.159062
0.271257
0.244090
0.218987
0.338161
0.418987
0.338011
0.227730
0.191407
0.166079
0.171970
0.167467
0.154559
0.194709
0.205929
0.199362
0.194672
0.186417
0.167167
0.172533
0.220263
0.185553
0.227467
0.343452
0.199962
0.232120
0.204690
0.184653
0.224653
0.211782
0.203265
0.138349
0.139362
0.098086
0.104991
0.117186
0.100976
0.123602
0.120450
0.134897
0.138537
0.141276
0.149756
0.234634
0.300375
0.201651
0.187580
0.136660
0.121126
0.108893
0.117749
0.107317
0.148443
0.266754
0.207205
0.166679
0.132983
0.115310
0.114447
0.107355
0.106979
0.118011
0.120788
0.111332
0.117486
0.131520
0.218949
0.188330
0.249381
0.109869
0.098724
0.109719
0.121614
0.118874
0.127955
0.113396
0.102026
0.133283
0.232533
0.240713
0.140563
0.119962
0.115460
0.109756
0.099512
0.110432
0.108143
0.121501
0.160826
0.173846
0.218987
0.188405
0.137786
0.179475
0.223340
0.204653
0.164353
0.162552
0.252833
0.316098
0.442214
0.332233
0.309493
0.271257
0.219775
0.146004
0.105141
0.101351
0.110919
0.118874
0.152533
0.108780
0.110094
0.119024
0.100338
0.206942
0.119325
0.130694
0.108518
0.109568
0.109794
0.127430
0.129343
0.261501
0.251370
0.190394
0.211670
0.177974
0.154034
0.107392
0.105816
0.103377
0.107129
0.112983
0.134334
0.137899
0.149343
0.115009
0.106492
0.126041
0.115385
0.124578
0.137674
0.133583
0.146454
0.154972
0.173471
0.174634
0.253321
0.216398
0.242101
0.216961
0.181614
0.162251
0.139137
0.099512
0.111257
0.121839
0.128330
0.122176
0.126829
0.130694
0.116660
0.102889
0.118987
0.118762
0.118537
0.206529
0.225516
0.259362
0.289306
0.323752
0.302814
0.406642
0.402289
0.404503
0.234597
0.205291
0.179212
0.126041
0.178161
0.192946
0.200938
0.182514
0.118987
0.139587
0.090094
0.137036
0.335047
0.380075
0.421238
0.470957
0.537786
0.461614
0.446116
0.500375
0.618987
0.460375
0.478086
0.343189
0.454784
0.293996
0.169981
0.224090
0.158161
0.168780
0.140901
0.129794
0.212533
0.267167
0.141201
0.135422
0.236173
0.256735
0.494146
0.623902
0.533546
0.588068
0.572233
0.555910
0.599812
0.430019
0.376923
0.343152
0.294071
0.218537
0.160788
0.144015
0.145141
0.142026
0.142814
0.144278
0.145966
0.131970
0.174784
0.119400
0.175760
0.249268
0.383977
0.482927
0.733583
0.790957
0.706004
0.747467
0.664315
0.516135
0.476060
0.506266
0.332683
0.209231
0.157036
0.133959
0.139325
0.193621
0.215460
0.267730
0.233583
0.216886
0.298912
0.274934
0.302026
0.331520
0.412420
0.476735
0.577298
0.632308
0.655572
0.533096
0.522552
0.420225
0.478649
0.345178
0.260938
0.211032
0.192533
0.185366
0.196660
0.191670
0.216623
0.198462
0.184353
0.197598
0.192458
0.240675
0.408293
0.503415
0.470019
0.616998
0.711332
0.787205
0.741501
0.654672
0.530469
0.460338
0.422627
0.380263
0.325929
0.271107
0.188330
0.175722
0.190807
0.222439
0.229156
0.222889
0.271857
0.184953
0.157373
0.159625
0.275385
0.226604
0.299137
0.392383
0.499850
0.627580
0.748030
0.646041
0.630094
0.547580
0.446529
0.426792
0.349381
0.226041
0.181801
0.211257
0.209156
0.223152
0.226266
0.235985
0.197899
0.206979
0.167054
0.213171
0.348480
0.379512
0.534334
0.646679
0.722364
0.899962
0.765403
0.692233
0.577373
0.526116
0.508668
0.589531
0.320113
0.232533
0.180750
0.227617
0.237561
0.295422
0.281126
0.223865
0.256660
0.216698
0.213358
0.213246
0.349681
0.371220
0.553433
0.546717
0.697448
0.874672
0.742214
0.643902
0.489756
0.462326
0.518649
0.675347
0.564991
0.538424
0.405403
0.251895
0.243227
0.318874
0.309981
0.268480
0.283265
0.452833
0.319174
0.371557
0.420000
0.657411
0.727280
0.709006
0.794447
0.748143
0.675872
0.739850
0.595610
0.563077
0.476135
0.507317
0.456323
0.517674
0.486679
0.383977
0.328068
0.399925
0.474559
0.342514
0.283602
0.294672
0.366041
0.534597
0.373283
0.673508
0.630169
0.822251
0.771257
0.725141
0.757111
0.706942
0.739325
0.933246
0.772458
0.649831
0.596811
0.452345
0.371857
0.290582
0.394296
0.371595
0.357561
0.258386
0.280375
0.417936
0.352533
0.433358
0.381989
0.471069
0.356886
0.449981
0.392570
0.534672
0.436811
0.540863
0.534559
0.578724
0.503302
0.448856
0.350694
0.272645
0.234334
0.215647
0.219587
0.249794
0.284841
0.268068
0.320600
0.429944
0.356210
0.517636
0.685553
0.610619
0.749343
0.893358
0.972946
0.933208
0.818124
0.665516
0.617298
0.562477
0.677336
0.584690
0.474484
0.350882
0.298762
0.240788
0.239700
0.244653
0.218762
0.209231
0.247730
0.262552
0.270807
0.244653
0.271370
0.264540
0.238199
0.385741
0.444390
0.483565
0.600150
0.673021
0.650507
0.573058
0.508255
0.500600
0.375197
0.293809
0.222927
0.203302
0.214109
0.249493
0.249794
0.220300
0.184428
0.167167
0.165216
0.297223
0.337111
0.477749
0.520863
0.565741
0.643490
0.768931
0.650994
0.707505
0.621989
0.525291
0.462289
0.422777
0.354709
0.294071
0.247355
0.174371
0.200413
0.211107
0.230957
0.174709
0.165253
0.158574
0.181126
0.187355
0.265216
0.361238
0.527242
0.590432
0.525704
0.552758
0.375610
0.412946
0.281163
0.300038
0.417148
0.394522
0.324315
0.258049
0.149568
0.144465
0.143790
0.151182
0.175009
0.149906
0.151069
0.149531
0.155985
0.141276
0.234484
0.232533
0.333321
0.287017
0.277786
0.365816
0.263452
0.314972
0.238987
0.169156
0.168255
0.181839
0.159737
0.159174
0.161651
0.132795
0.121463
0.137861
0.188068
0.154484
0.216923
0.218612
0.222627
0.153433
0.141351
0.169006
0.197824
0.195685
0.199625
0.245141
0.401651
0.324878
0.229418
0.300075
0.233471
0.276398
0.218049
0.201689
0.238161
0.155310
0.167580
0.182814
0.205854
0.178837
0.174747
0.153546
0.243677
0.243002
0.158537
0.166266
0.165178
0.429719
0.440750
0.435460
0.435385
0.466829
0.347917
0.438236
0.339325
0.296473
0.249081
0.177411
0.145028
0.139062
0.155159
0.176773
0.205704
0.169081
0.156848
0.188555
0.150582
0.143827
0.184765
0.230244
0.238011
0.258987
0.378236
0.506979
0.405516
0.436623
0.368893
0.288405
0.255310
0.211745
0.169231
0.162777
0.136811
0.143790
0.154034
0.172233
0.189381
0.140525
0.129456
0.130019
0.136248
0.135647
0.141689
0.149006
0.162664
0.187655
0.320263
0.397561
0.498987
0.470694
0.362664
0.495347
0.626041
0.634334
0.366191
0.326567
0.265403
0.209006
0.205629
0.265591
0.259512
0.185366
0.149869
0.140901
0.184540
0.132908
0.228668
0.250807
0.212908
0.410882
0.372946
0.391632
0.329118
0.346904
0.388818
0.283265
0.290206
0.233208
0.210619
0.167017
0.142477
0.126041
0.138799
0.148180
0.162777
0.122214
0.107129
0.110356
0.112120
0.122552
0.234747
0.170807
0.115084
0.119737
0.143377
0.167505
0.174184
0.211932
0.275947
0.298462
0.242101
0.166154
0.149081
0.133021
0.128818
0.127054
0.110582
0.115084
0.115910
0.135422
0.187730
0.164390
0.158537
0.152833
0.204540
0.183227
0.155985
0.149006
0.168443
0.192533
0.235385
0.166979
0.194221
0.205854
0.176323
0.174334
0.214409
0.137715
0.120548
0.109666
0.101670
0.118000
0.138912
0.115370
0.120859
0.129899
0.154814
0.151272
0.163677
0.186285
0.179325
0.202311
0.224079
0.232435
0.231250
0.212994
0.230199
0.246293
0.228889
0.202038
0.154822
0.115385
0.113471
0.103790
0.135685
0.155310
0.176510
0.145779
0.126229
0.115610
0.117186
0.110769
0.169831
0.144841
0.141351
0.139700
0.141576
0.148518
0.201126
0.191445
0.202101
0.205216
0.249418
0.203452
0.178987
0.164991
0.149981
0.148780
0.158649
0.179850
0.172120
0.113471
0.100563
0.126041
0.087430
0.108218
0.114559
0.136323
0.167805
0.168968
0.160713
0.185478
0.241201
0.273171
0.345591
0.250507
0.251220
0.202739
0.189644
0.173884
0.145178
0.143527
0.162101
0.196098
0.248968
0.213321
0.234484
0.249681
0.186829
0.178687
0.221238
0.210582
0.275797
0.312420
0.410957
0.470994
0.446717
0.456848
0.548518
0.420375
0.494221
0.526266
0.372645
0.251370
0.198499
0.143189
0.188518
0.209719
0.163490
0.123977
0.144878
0.188443
0.162289
0.144690
0.244015
0.291970
0.246979
0.461013
0.324878
0.298236
0.397899
0.332645
0.298837
0.332008
0.329006
0.220225
0.211332
0.267280
0.139099
0.140150
0.154146
0.162964
0.167580
0.141876
0.229644
0.199925
0.116998
0.153884
0.142664
0.121163
0.222101
0.297786
0.296548
0.498537
0.400000
0.303902
0.349644
0.371745
0.367467
0.340188
0.181726
0.156098
0.151970
0.136398
0.126116
0.138687
0.146266
0.149156
0.275722
0.189531
0.127692
0.316173
0.256360
0.185591
0.225403
0.390582
0.441576
0.391745
0.463340
0.431220
0.381351
0.279512
0.369944
0.233621
0.180413
0.138649
0.116135
0.110619
0.111407
0.123602
0.124991
0.121276
0.127129
0.163940
0.256210
0.172795
0.320113
0.357486
0.333809
0.334559
0.532008
0.385253
0.372495
0.385216
0.315422
0.264428
0.291932
0.345478
0.313809
0.256660
0.149493
0.121426
0.167355
0.270619
0.227580
0.163340
0.176848
0.258424
0.148218
0.156698
0.152645
0.349043
0.269418
0.316923
0.403227
0.289831
0.438499
0.405366
0.313809
0.354184
0.410882
0.465704
0.532758
0.276323
0.218199
0.159550
0.148630
0.186116
0.183977
0.163527
0.152833
0.193809
0.197711
0.275009
0.371407
0.419137
0.389306
0.420150
0.572570
0.585441
0.613508
0.627992
0.580225
0.600413
0.589794
0.554371
0.421238
0.336773
0.218987
0.159587
0.146041
0.165253
0.156435
0.132458
0.142589
0.195685
0.198687
0.256961
0.546642
0.536473
0.573996
0.694034
0.622439
0.701313
0.626304
0.789231
0.792758
0.811857
0.677148
0.572345
0.468856
0.382289
0.247167
0.177036
0.265666
0.228405
0.209343
0.187092
0.215535
0.284916
0.328405
0.540113
0.638537
0.532383
0.602364
0.565066
0.727542
0.783265
0.802364
0.793884
0.731144
0.598537
0.647242
0.712608
0.630356
0.562326
0.396285
0.312158
0.255159
0.249906
0.206454
0.197073
0.195047
0.240788
0.252833
0.264240
0.410994
0.429043
0.434672
0.452683
0.430582
0.582139
0.627805
0.596886
0.636285
0.573884
0.629043
0.619737
0.397636
0.299512
0.230807
0.204240
0.210732
0.205816
0.184878
0.171069
0.153283
0.111707
0.099887
0.159287
0.191032
0.351069
0.464690
0.542889
0.703827
0.693996
0.603790
0.614597
0.508143
0.373996
0.334184
0.381951
0.323227
0.298762
0.184165
0.123865
0.126229
0.143377
0.136961
0.129493
0.112908
0.144465
0.154034
0.112308
0.126979
0.307467
0.491557
0.653096
0.704465
0.740563
0.836023
0.846266
0.757974
0.724540
0.747655
0.874747
0.618537
0.367655
0.376173
0.271932
0.339325
0.314409
0.319887
0.264953
0.263752
0.222402
0.420263
0.322326
0.275422
0.446454
0.358199
0.394371
0.434184
0.656698
0.696323
0.659662
0.812383
0.700375
0.718124
0.520901
0.352383
0.301088
0.280000
0.229043
0.215535
0.227730
0.218049
0.206904
0.199137
0.158949
0.146529
0.191820
0.296773
0.335760
0.274484
0.413696
0.477036
0.617561
0.629493
0.762251
0.816360
0.803415
0.721388
0.510844
0.467842
0.415235
0.518537
0.373771
0.319512
0.296961
0.188105
0.184353
0.226529
0.267542
0.342139
0.563752
0.634221
0.669681
0.881726
0.687092
0.840938
0.701501
0.633583
0.644353
0.500038
0.495385
0.706379
0.655347
0.483114
0.369118
0.245028
0.191707
0.172645
0.157523
0.182777
0.261576
0.226979
0.150432
0.175647
0.353546
0.470019
0.474672
0.484015
0.441876
0.584728
0.670281
0.521914
0.630769
0.558574
0.469156
0.472946
0.419850
0.473358
0.294484
0.212871
0.199700
0.161388
0.168143
0.168518
0.190507
0.179212
0.154334
0.170732
0.160300
0.210469
0.254784
0.297786
0.369531
0.526379
0.593696
0.586904
0.466191
0.449794
0.501839
0.463152
0.548518
0.601951
0.479700
0.266642
0.222552
0.183077
0.192345
0.254184
0.215835
0.347242
0.320038
0.361351
0.469343
0.568518
0.514784
0.596961
0.740488
0.839099
0.815947
0.853321
0.828668
0.805854
0.756173
0.759212
0.719625
0.654484
0.579737
0.364540
0.339287
0.230694
0.260938
0.210131
0.191370
0.252345
0.360263
0.307992
0.448293
0.561201
0.654709
0.723790
0.807655
0.811295
0.891107
0.716585
0.669006
0.777073
0.774784
0.673846
0.600038
0.486454
0.310994
0.290131
0.193096
0.206942
0.204578
0.198762
0.162364
0.318724
0.260338
0.366979
0.477448
0.563677
0.629531
0.586154
0.704240
0.948818
0.810244
0.954897
0.962852
1.000000
0.764240
0.785028
0.698649
0.619625
0.560338
0.499475
0.395422
0.384615
0.331032
0.318236
0.245478
0.295797
0.262289
0.293208
0.432833
0.475159
0.748293
0.720826
0.855197
0.546867
0.652120
0.648293
0.730356
0.620075
0.626341
0.653321
0.739700
0.490769
0.348105
0.390281
0.397336
0.432533
0.334972
0.226492
0.166379
0.203790
0.275910
0.307017
0.286679
0.344653
0.590657
0.633471
0.701051
0.754146
0.793208
0.660976
0.730619
0.880038
0.704615
0.567767
0.445929
0.430769
0.330206
0.361614
0.427129
0.414334
0.362477
0.279062
0.233471
0.182251
0.288630
0.278086
0.364240
0.299962
0.395797
0.438724
0.609156
0.768593
0.732008
0.926341
0.821839
0.797786
0.793096
0.814672
0.695235
0.532270
0.368705
0.305666
0.344465
0.317411
0.277111
0.300450
0.262289
0.219662
0.247617
0.225966
0.388030
0.597486
0.430544
0.557411
0.478086
0.649756
0.442814
0.666454
0.557824
0.539662
0.391182
0.500826
0.546154
0.472570
0.359250
0.324578
0.286792
0.263002
0.303677
0.242064
0.222514
0.242364
0.530807
0.543039
0.523189
0.546792
0.477899
0.684465
0.703265
0.884203
0.883189
0.849193
0.873546
0.696510
0.709719
0.761013
0.428893
0.410094
0.277786
0.246979
0.238499
0.244991
0.288705
0.176998
0.175985
0.267505
0.273583
0.327692
0.409306
0.503227
0.391257
0.471295
0.521839
0.534972
0.419174
0.444165
0.455835
0.633471
0.557674
0.548518
0.543902
0.425403
0.379400
0.350094
0.228180
0.154559
0.305704
0.232946
0.144690
0.216473
0.477486
0.386116
0.293846
0.320563
0.338386
0.442927
0.451557
0.589193
0.550694
0.588293
0.596698
0.800488
0.674859
0.620750
0.488480
0.508180
0.472158
0.222402
0.162364
0.214146
0.344953
0.182326
0.226529
0.341989
0.314071
0.368743
0.319625
0.392683
0.439775
0.609118
0.560788
0.655985
0.735009
0.755760
0.701051
0.493396
0.582439
0.659024
0.699325
0.631970
0.405103
0.317674
0.318649
0.295497
0.307880
0.189906
0.169043
0.193396
0.315310
0.337448
0.237711
0.187242
0.199250
0.180113
0.269043
0.471295
0.535122
0.599212
0.500263
0.457899
0.577523
0.630732
0.528068
0.484090
0.359250
0.289043
0.186341
0.189644
0.162251
0.166492
0.148405
0.148143
0.256360
0.371182
0.281051
0.245141
0.370281
0.464953
0.384878
0.441313
0.623340
0.667767
0.665741
0.645966
0.542402
0.510544
0.558236
0.520788
0.330657
0.255535
0.176248
0.192608
0.162627
0.155347
0.140750
0.216811
0.240450
0.319700
0.326079
0.325403
0.646266
0.503114
0.475685
0.506979
0.593021
0.603265
0.644503
0.478687
0.514859
0.418649
0.388293
0.332270
0.305478
0.226079
0.165854
0.181726
0.143002
0.131520
0.180150
0.247767
0.257298
0.273396
0.320300
0.339962
0.359024
0.289831
0.351707
0.486529
0.582439
0.486341
0.536961
0.491220
0.401989
0.409568
0.343415
0.337899
0.206979
0.138762
0.120863
0.104991
0.108068
0.119812
0.120675
0.114371
0.122026
0.149268
0.163265
0.241538
0.340225
0.404653
0.411745
0.578236
0.705441
0.734146
0.643902
0.507805
0.509268
0.467917
0.630281
0.388893
0.231707
0.164240
0.122889
0.132833
0.165666
0.151820
0.210019
0.201238
0.170244
0.220525
0.238912
0.275535
0.325553
0.368443
0.480488
0.497036
0.513171
0.612420
0.623602
0.689906
0.762589
0.492645
0.415009
0.287805
0.214034
0.191257
0.142514
0.114296
0.142589
0.151595
0.119625
0.137674
0.122139
0.129343
0.131032
0.150619
0.245178
0.383340
0.433133
0.513621
0.524203
0.657786
0.682176
0.632533
0.485328
0.464390
0.395647
0.259437
0.209118
0.165403
0.136548
0.103677
0.125591
0.117298
0.118049
0.118086
0.143302
0.189306
0.178874
0.178499
0.169831
0.247880
0.244428
0.356998
0.352908
0.565741
0.574184
0.505028
0.562477
0.456098
0.329306
0.416285
0.230319
0.171895
0.127317
0.138424
0.166829
0.153096
0.141876
0.153208
0.170919
0.138311
0.148893
0.203302
0.160225
0.213659
0.260225
0.341051
0.318687
0.249418
0.245816
0.299362
0.272120
0.279024
0.201088
0.186642
0.199925
0.213884
0.147580
0.141538
0.160713
0.184503
0.304841
0.170994
0.280563
0.180413
0.136210
0.146492
0.142402
0.154409
0.158724
0.130356
0.179362
0.218124
0.208968
0.182927
0.181614
0.194597
0.194484
0.172458
0.140188
0.130244
0.115572
0.108405
0.129006
0.145666
0.143114
0.157186
0.140113
0.224953
0.217974
0.253471
0.228180
0.156060
0.206304
0.253283
0.220450
0.208856
0.219437
0.413696
0.232645
0.191407
0.184916
0.164390
0.148405
0.141501
0.126642
0.122176
0.120713
0.133471
0.116360
0.116510
0.125066
0.124690
0.121914
0.119775
0.124991
0.162214
0.190807
0.216210
0.211257
0.236923
0.233809
0.351295
0.284203
0.247317
0.324090
0.294672
0.263677
0.263340
0.184653
0.188293
0.178537
0.167280
0.189906
0.177711
0.224653
0.163865
0.196173
0.244991
0.230356
0.276923
0.412158
0.458086
0.520638
0.460188
0.482176
0.350582
0.366004
0.389831
0.280675
0.273283
0.241651
0.225441
0.207355
0.205253
0.232270
0.244428
0.248893
0.279550
0.256173
0.223977
0.237411
0.262064
0.387054
0.352120
0.519700
0.590957
0.632308
0.561163
0.482326
0.439850
0.502326
0.359512
0.294334
0.327242
0.265066
0.242552
0.224203
0.213996
0.199775
0.193734
0.207580
0.191595
0.172270
0.194859
0.164991
0.173846
0.299587
0.238912
0.237336
0.333696
0.261388
0.322777
0.399287
0.288668
0.258199
0.291407
0.326041
0.257824
0.205441
0.181501
0.159362
0.171820
0.201689
0.207092
0.176698
0.169081
0.220000
0.184765
0.135385
0.144690
0.305553
0.309906
0.391107
0.636473
0.583452
0.470507
0.461914
0.340713
0.318462
0.300750
0.211520
0.223621
0.138011
0.113096
0.095947
0.098537
0.137298
0.207205
0.219174
0.144991
0.118462
0.134747
0.098499
0.122026
0.203452
0.269981
0.339137
0.326904
0.299662
0.302927
0.299812
0.315872
0.302176
0.281726
0.197336
0.153021
0.158086
0.124165
0.114221
0.123002
0.150807
0.149306
0.159362
0.159700
0.155460
0.157111
0.148780
0.123002
0.157486
0.161764
0.227542
0.229794
0.347580
0.318424
0.351069
0.278837
0.295947
0.327505
0.265291
0.224916
0.184428
0.147917
0.132608
0.144916
0.162852
0.155910
0.165066
0.181163
0.178724
0.232608
0.177598
0.189231
0.190319
0.237261
0.276548
0.329794
0.272871
0.249681
0.237936
0.332533
0.419325
0.445553
0.265704
0.221013
0.188368
0.156961
0.143865
0.182477
0.191520
0.203602
0.215009
0.195572
0.161388
0.161764
0.211069
0.210882
0.266341
0.312683
0.336210
0.281839
0.357036
0.512195
0.514221
0.477636
0.570582
0.377411
0.338424
0.380075
0.263715
0.190056
0.158687
0.159400
0.199099
0.180638
0.198311
0.184841
0.197711
0.278837
0.265066
0.258462
0.303114
0.292195
0.369493
0.271257
0.230356
0.285328
0.413884
0.434259
0.324278
0.325066
0.405666
0.315760
0.233321
0.138311
0.113771
0.114747
0.139662
0.164428
0.150432
0.146942
0.184353
0.238011
0.218049
0.313058
0.337036
0.260413
0.418949
0.317899
0.340750
0.657411
0.570994
0.485403
0.530919
0.470619
0.264015
0.208931
0.199700
0.151370
0.145028
0.161614
0.184353
0.198874
0.216398
0.217974
0.175272
0.172608
0.200525
0.271632
0.331557
0.247205
0.329118
0.371182
0.362326
0.376773
0.285141
0.346979
0.349306
0.304315
0.234709
0.208330
0.176323
0.163790
0.159850
0.152083
0.182439
0.217336
0.191295
0.159850
0.148856
0.178086
0.163039
0.161576
0.154784
0.226116
0.295610
0.449493
0.331782
0.320938
0.267392
0.246379
0.216548
0.286492
0.293771
0.240976
0.202814
0.181126
0.162702
0.157899
0.169606
0.219850
0.191857
0.176585
0.157036
0.135797
0.128443
0.164991
0.169193
0.168330
0.262289
0.313546
0.343377
0.336510
0.498537
0.483527
0.468630
0.440188
0.362777
0.209268
0.173171
0.161388
0.188743
0.170544
0.231032
0.202326
0.173133
0.183189
0.158762
0.156660
0.183977
0.235122
0.312495
0.505291
0.614447
0.546116
0.551220
0.635797
0.536585
0.531782
0.582026
0.504578
0.419925
0.353471
0.291782
0.219362
0.156510
0.200713
0.193959
0.180563
0.207280
0.189006
0.180750
0.157073
0.157749
0.240750
0.283715
0.251220
0.278687
0.219850
0.265328
0.363152
0.555610
0.375310
0.178687
0.293659
0.284203
0.213884
0.173358
0.132645
0.124728
0.141726
0.145516
0.172608
0.136773
0.124991
0.133921
0.169418
0.153283
0.176473
0.224353
0.200788
0.171295
0.204803
0.226304
0.335460
0.339212
0.558236
0.445066
0.293133
0.148668
0.143377
0.146266
0.128255
0.131520
0.134484
0.158199
0.154522
0.127842
0.126304
0.117036
0.164765
0.238086
0.215310
0.145366
0.226341
0.223790
0.314146
0.383302
0.389644
0.353696
0.407955
0.430882
0.415385
0.333358
0.339662
0.231745
0.184053
0.183377
0.198011
0.222477
0.222139
0.195460
0.224390
0.239662
0.285816
0.199400
0.195722
0.209306
0.183189
0.236473
0.214934
0.236811
0.278199
0.344428
0.307692
0.229043
0.221051
0.264503
0.208255
0.182664
0.164090
0.180750
0.154709
0.176323
0.209381
0.173959
0.154634
0.152270
0.163377
0.186191
0.135385
0.183077
0.228705
0.269944
0.228931
0.265066
0.308368
0.277036
0.390469
0.367205
0.306379
0.226717
0.175797
0.154597
0.153396
0.151257
0.163902
0.129606
0.168255
0.149681
0.133921
0.140638
0.109081
0.149906
0.246379
0.182552
0.163452
0.225966
0.188330
0.172195
0.202214
0.185591
0.201614
0.259700
0.289794
0.282176
0.246079
0.187955
0.135385
0.123002
0.127317
0.126754
0.164578
0.123827
0.138574
0.135047
0.120938
0.123114
0.137786
0.184428
0.355647
0.277786
0.325403
0.435460
0.418499
0.353621
0.432083
0.498574
0.398949
0.367842
0.253058
0.185366
0.136510
0.141351
0.152946
0.156811
0.187805
0.167054
0.152308
0.158799
0.143865
0.116585
0.139212
0.151107
0.137111
0.154221
0.213734
0.316098
0.264953
0.238574
0.237111
0.319512
0.294934
0.247092
0.222964
0.166154
0.131032
0.128143
0.128030
0.125591
0.158574
0.119700
0.111857
0.112495
0.116360
0.144465
0.263490
0.270732
0.211482
0.252158
0.373659
0.445591
0.338987
0.278912
0.344841
0.490394
0.451257
0.368218
0.279512
0.235910
0.154972
0.136660
0.139099
0.130356
0.165741
0.122964
0.109981
0.158462
0.115159
0.118799
0.224916
0.210281
0.293021
0.336173
0.397974
0.485553
0.449644
0.403752
0.383490
0.371857
0.337561
0.315084
0.277523
0.184615
0.154034
0.119174
0.121426
0.132533
0.124765
0.119437
0.119700
0.176961
0.099850
0.147730
0.273208
0.225441
0.180901
0.221426
0.285704
0.270094
0.418236
0.359850
0.374221
0.349493
0.324353
0.344991
0.328105
0.226116
0.195272
0.162852
0.129831
0.121276
0.126041
0.117261
0.126266
0.112533
0.113734
0.153921
0.177148
0.222702
0.183152
0.199925
0.301764
0.257749
0.236285
0.207917
0.184203
0.226454
0.256548
0.286642
0.219887
0.188968
0.135047
0.118124
0.106417
0.105704
0.109831
0.098311
0.112008
0.135272
0.186116
0.172946
0.220000
0.283002
0.259024
0.232833
0.410169
0.416023
0.376811
0.246492
0.311895
0.302364
0.297073
0.256173
0.230507
0.201538
0.146454
0.155197
0.118386
0.115497
0.131520
0.125366
0.136098
0.170319
0.222927
0.257486
0.255947
0.162139
0.184090
0.313058
0.398837
0.494034
0.449193
0.425553
0.634409
0.626567
0.513433
0.403415
0.302214
0.353846
0.260600
0.219887
0.135572
0.162101
0.129418
0.116998
0.172458
0.115310
0.121876
0.126604
0.215947
0.266417
0.410844
0.337636
0.281313
0.298386
0.381013
0.319962
0.257186
0.261764
0.249006
0.166341
0.179062
0.147655
0.163189
0.138912
0.151632
0.154409
0.177598
0.113846
0.130994
0.111670
0.091595
0.092195
0.132345
0.209043
0.133696
0.112270
0.126642
0.134747
0.173734
0.170582
0.201351
0.255797
0.223452
0.163977
0.134597
0.139887
0.144728
0.119024
0.124165
0.134484
0.158424
0.127617
0.115497
0.122364
0.130844
0.128105
0.268218
0.205141
0.123602
0.120375
0.209193
0.142176
0.171107
0.144315
0.268218
0.413171
0.293246
0.279437
0.177598
0.132458
0.120000
0.122326
0.125741
0.140375
0.159174
0.106492
0.114634
0.109456
0.098874
0.099700
0.131820
0.139625
0.116473
0.136585
0.232308
0.179400
0.197561
0.234184
0.207205
0.239700
0.211332
0.182514
0.180225
0.126116
0.108780
0.117486
0.119625
0.124465
0.152833
0.122514
0.107092
0.113508
0.134634
0.116660
0.118049
0.141013
0.170882
0.193884
0.263152
0.300976
0.316473
0.309493
0.311370
0.204991
0.315084
0.192045
0.178949
0.140525
0.118537
0.113321
0.116060
0.117486
0.152946
0.124053
0.134784
0.135722
0.140488
0.130469
0.139550
0.126116
0.221313
0.197186
0.171445
0.250206
0.242777
0.281163
0.225854
0.251107
0.354184
0.336961
0.288968
0.193021
0.157974
0.153809
0.147542
0.190169
0.229794
0.249681
0.269606
0.253396
0.359625
0.433433
0.254522
0.264465
0.412758
0.481501
0.430169
0.565103
0.538537
0.489306
0.460488
0.341163
0.436510
0.490807
0.398837
0.319437
0.241501
0.202477
0.157674
0.160413
0.195985
0.144991
0.270394
0.265441
0.355347
0.281538
0.274146
0.380300
0.349493
0.563415
0.564015
0.483039
0.585854
0.531407
0.597373
0.590281
0.518124
0.464690
0.378987
0.265966
0.205779
0.147205
0.147017
0.152683
0.185666
0.155272
0.137786
0.180638
0.302589
0.292608
0.326567
0.361839
0.549719
0.348068
0.520675
0.599250
0.596660
0.613659
0.619887
0.532270
0.470882
0.386341
0.354859
0.352083
0.196585
0.148443
0.137561
0.174071
0.196360
0.186191
0.179400
0.131895
0.158724
0.176285
0.314934
0.283340
0.421088
0.521501
0.538649
0.443752
0.422739
0.503602
0.622326
0.657336
0.503640
0.415347
0.310319
0.268555
0.195910
0.187505
0.117523
0.155197
0.203490
0.156285
0.243752
0.271707
0.317936
0.167617
0.257148
0.458161
0.444690
0.527054
0.667655
0.595647
0.703039
0.647692
0.599062
0.471820
0.449831
0.344615
0.280300
0.231032
0.162101
0.140863
0.198199
0.183565
0.211670
0.188030
0.155872
0.179137
0.149118
0.258199
0.243490
0.180863
0.292458
0.428368
0.340000
0.424991
0.504540
0.546004
0.467542
0.492158
0.454296
0.369568
0.314747
0.306492
0.233884
0.162214
0.171295
0.208405
0.261276
0.152795
0.165516
0.191670
0.193921
0.248818
0.201876
0.278049
0.328105
0.369231
0.281426
0.287242
0.397336
0.336923
0.303527
0.245666
0.289719
0.276510
0.282176
0.168180
0.160901
0.168518
0.146492
0.149568
0.180113
0.150319
0.155947
0.147505
0.159099
0.153771
0.126792
0.180863
0.240113
0.219587
0.315310
0.243977
0.298762
0.300300
0.301201
0.321013
0.289568
0.254634
0.198874
0.198424
0.183715
0.162552
0.171895
0.155084
0.186492
0.149644
0.149156
0.168968
0.159437
0.206417
0.230469
0.298912
0.241013
0.216923
0.241989
0.225666
0.301201
0.243227
0.324428
0.342176
0.305291
0.238386
0.200901
0.191107
0.170281
0.150094
0.151707
0.170994
0.188856
0.147467
0.156510
0.147167
0.145103
0.168405
0.173846
0.219362
0.280976
0.331595
0.374071
0.402064
0.408443
0.358124
0.465216
0.476210
0.354747
0.331107
0.215460
0.189906
0.173396
0.220826
0.235497
0.250394
0.261651
0.178874
0.171895
0.266041
0.290394
0.244916
0.314447
0.412420
0.452683
0.536961
0.428818
0.487692
0.424578
0.508780
0.397223
0.274371
0.238687
0.204653
0.162026
0.142589
0.125253
0.110094
0.119775
0.131707
0.173846
0.141088
0.139737
0.120525
0.121351
0.121651
0.147842
0.113846
0.161313
0.183715
0.343827
0.428480
0.459925
0.601914
0.560075
0.619775
0.619400
0.350169
0.280188
0.273096
0.213696
0.198912
0.295685
0.198874
0.258874
0.228293
0.324653
0.235572
0.296398
0.494221
0.362927
0.456098
0.461501
0.551670
0.620901
0.526079
0.552345
0.537974
0.622964
0.573921
0.520788
0.446642
0.387017
0.337523
0.240338
0.204690
0.170094
0.286004
0.250432
0.169118
0.191182
0.213846
0.269306
0.327467
0.306079
0.356060
0.412345
0.517486
0.628180
0.570169
0.581801
0.518612
0.478124
0.504015
0.410507
0.406754
0.323977
0.295009
0.205629
0.153283
0.104615
0.181088
0.287392
0.134522
0.168743
0.192083
0.206191
0.189231
0.190807
0.365103
0.598687
0.523715
0.517561
0.439550
0.538837
0.590019
0.691257
0.612345
0.499325
0.451032
0.391032
0.300713
0.239212
0.210769
0.176323
0.178424
0.167842
0.120488
0.213884
0.219212
0.244465
0.202777
0.170844
0.161801
0.172908
0.193058
0.279062
0.248480
0.245403
0.363602
0.450244
0.342964
0.247092
0.173546
0.135235
0.120488
0.113396
0.111069
0.116173
0.169568
0.219737
0.132608
0.109156
0.131745
0.143152
0.136323
0.159325
0.145403
0.128068
0.128743
0.147542
0.161651
0.169869
0.211295
0.258574
0.307205
0.297749
0.263415
0.170206
0.140563
0.143039
0.132795
0.136398
0.194184
0.242101
0.156248
0.117561
0.119062
0.141313
0.190657
0.137186
0.118462
0.169794
0.129193
0.116773
0.114296
0.193996
0.175985
0.205028
0.234522
0.245216
0.227692
0.195047
0.172008
0.164653
0.155047
0.164390
0.181088
0.187767
0.187805
0.198161
0.219212
0.160525
0.178949
0.195084
0.181651
0.167017
0.160750
0.156548
0.182814
0.194146
0.261689
0.239587
0.250957
0.244803
0.193396
0.194109
0.168780
0.142326
0.123077
0.133096
0.152983
0.178949
0.137861
0.139325
0.126867
0.109456
0.130394
0.142702
0.123527
0.132908
0.189381
0.234859
0.168705
0.233959
0.263077
0.295835
0.338687
0.257561
0.236585
0.297974
0.164090
0.134822
0.130919
0.121989
0.144315
0.144803
0.142251
0.189719
0.212533
0.168293
0.154296
0.196398
0.207805
0.183002
0.226829
0.285141
0.268780
0.281726
0.307805
0.201726
0.305741
0.294184
0.225816
0.178274
0.167280
0.155310
0.157148
0.181689
0.175572
0.164240
0.170844
0.205441
0.233546
0.302777
0.342777
0.293583
0.220038
0.203114
0.213659
0.195009
0.206079
0.232758
0.229418
0.291670
0.275572
0.283002
0.232570
0.214897
0.181801
0.145103
0.137111
0.144315
0.147917
0.177111
0.210244
0.223452
0.213771
0.222664
0.190844
0.181163
0.192120
0.198499
0.237111
0.280563
0.209118
0.273246
0.258424
0.260675
0.260826
0.314597
0.246341
0.185666
0.152195
0.141388
0.135872
0.196248
0.228555
0.258236
0.264203
0.207317
0.156585
0.191032
0.242101
0.200450
0.215685
0.254634
0.267917
0.232495
0.228293
0.290582
0.384353
0.375572
0.337824
0.261951
0.251257
0.221051
0.254034
0.192495
0.189043
0.171032
0.191332
0.196060
0.163077
0.175272
0.186567
0.328105
0.261276
0.203715
0.235009
0.291932
0.230319
0.192345
0.190544
0.229418
0.273546
0.264165
0.442627
0.334259
0.330994
0.181051
0.159475
0.147805
0.149306
0.141801
0.175047
0.173884
0.162927
0.297111
0.196585
0.175310
0.290619
0.296698
0.234672
0.173884
0.193508
0.161313
0.199174
0.267805
0.278949
0.263565
0.227805
0.211670
0.207392
0.171107
0.151407
0.132683
0.131182
0.133208
0.163452
0.167430
0.164953
0.165891
0.139850
0.151820
0.167129
0.199362
0.236398
0.178949
0.170657
0.167617
0.171407
0.189418
0.175985
0.170732
0.205328
0.219587
0.192645
0.178236
0.136811
0.136886
0.142101
0.141501
0.128105
0.160563
0.142289
0.153471
0.149268
0.167880
0.176285
0.215835
0.243902
0.228893
0.216698
0.197561
0.204953
0.193471
0.182964
0.259850
0.210019
0.230694
0.220300
0.195197
0.171032
0.135760
0.141651
0.140525
0.143265
0.151407
0.137261
0.159812
0.157523
0.266642
0.252495
0.234672
0.208668
0.345741
0.301876
0.298874
0.280338
0.269981
0.288968
0.231857
0.254146
0.280450
0.211370
0.169606
0.128255
0.123527
0.123377
0.123189
0.150319
0.169719
0.144991
0.157448
0.146754
0.177148
0.138011
0.143490
0.182026
0.136623
0.148480
0.180563
0.160750
0.183377
0.197186
0.250807
0.286867
0.245028
0.284240
0.248555
0.210244
0.179587
0.155647
0.144165
0.152045
0.165066
0.122627
0.167692
0.159325
0.178462
0.229794
0.280263
0.266079
0.281238
0.212795
0.182927
0.231144
0.284015
0.301163
0.213433
0.190094
0.201351
0.184653
0.173846
0.143039
0.151520
0.141726
0.139437
0.151632
0.162927
0.145366
0.164991
0.168443
0.177448
0.162289
0.143977
0.157073
0.113771
0.123077
0.136773
0.123715
0.133696
0.187505
0.181651
0.175159
0.211932
0.166004
0.154522
0.119137
0.128555
0.116585
0.121013
0.121914
0.130732
0.148705
0.136173
0.118949
0.139737
0.177523
0.156735
0.188518
0.255610
0.212383
0.134221
0.135835
0.156886
0.155422
0.219700
0.222064
0.192158
0.188555
0.182214
0.133884
0.136998
0.111257
0.125178
0.123002
0.142589
0.130544
0.130657
0.168368
0.150094
0.168668
0.189719
0.197111
0.248818
0.249381
0.197636
0.220938
0.243940
0.258987
0.275760
0.285929
0.256623
0.220976
0.197073
0.155797
0.154409
0.128630
0.131707
0.138086
0.158687
0.143002
0.141501
0.207992
0.197448
0.236360
0.204878
0.198949
0.282814
0.330432
0.219775
0.276998
0.304728
0.273583
0.230319
0.218011
0.225516
0.231370
0.198049
0.143790
0.140901
0.121313
0.149606
0.144953
0.152758
0.163602
0.156435
0.173734
0.183302
0.202251
0.162777
0.187542
0.190056
0.169118
0.230957
0.338274
0.309081
0.213996
0.254184
0.253321
0.228330
0.313358
0.221764
0.142814
0.135647
0.138124
0.133246
0.158462
0.170469
0.171445
0.187017
0.156210
0.160075
0.256285
0.233058
0.249343
0.176660
0.197186
0.184203
0.190244
0.284540
0.428105
0.455872
0.397786
0.368105
0.324653
0.210619
0.170319
0.164953
0.149006
0.163077
0.178236
0.241013
0.213396
0.166979
0.162402
0.189006
0.175722
0.163527
0.154184
0.205366
0.305891
0.181801
0.184053
0.219587
0.191595
0.215610
0.301576
0.279287
0.185704
0.188030
0.129006
0.120938
0.121051
0.119512
0.141764
0.163302
0.128743
0.130619
0.189681
0.166266
0.156961
0.150356
0.191557
0.120938
0.163752
0.118274
0.098161
0.147017
0.152720
0.163490
0.267880
0.219362
0.185929
0.144390
0.139887
0.110919
0.101276
0.103077
0.127767
0.152008
0.132270
0.152908
0.131745
0.128818
0.134747
0.142702
0.134146
0.163790
0.145741
0.162477
0.181163
0.154597
0.208180
0.196510
0.209456
0.194559
0.173208
0.148931
0.144090
0.130131
0.126979
0.122777
0.127730
0.140375
0.124690
0.136285
0.170619
0.199625
0.191857
0.225854
0.176060
0.160150
0.137148
0.129606
0.135872
0.162477
0.163865
0.198574
0.187505
0.243302
0.192158
0.152308
0.152533
0.110056
0.100525
0.099174
0.108330
0.111632
0.139212
0.175535
0.136773
0.166304
0.141651
0.215310
0.214859
0.140413
0.147730
0.162964
0.182889
0.184690
0.208293
0.218574
0.224278
0.213133
0.176698
0.142889
0.123189
0.124615
0.095647
0.113283
0.127880
0.130657
0.114184
0.123902
0.124090
0.139850
0.126154
0.124278
0.128518
0.133583
0.164991
0.190994
0.227992
0.237073
0.307092
0.357936
0.214559
0.199062
0.180600
0.154634
0.130469
0.127805
0.116773
0.137861
0.163677
0.154184
0.137674
0.145328
0.146867
0.117674
0.119850
0.158086
0.215272
0.129118
0.119174
0.128180
0.166341
0.186792
0.247355
0.204315
0.220826
0.192833
0.176998
0.139812
0.149118
0.153433
0.147205
0.142552
0.150619
0.166079
0.140300
0.144015
0.146266
0.125629
0.107317
0.123827
0.132308
0.157786
0.229381
0.134334
0.159212
0.268593
0.309869
0.303865
0.340694
0.309822
0.272120
0.259512
0.211820
0.148705
0.158687
0.165629
0.183452
0.188593
0.178912
0.198649
0.163715
0.163114
0.186679
0.164240
0.157899
0.235722
0.217899
0.180113
0.194184
0.218011
0.271295
0.271332
0.293396
0.225253
0.197073
0.199700
0.158724
0.148105
0.132908
0.156811
0.200375
0.227205
0.163077
0.167842
0.143602
0.145591
0.147205
0.212308
0.177561
0.206154
0.232720
0.259812
0.176923
0.225629
0.298386
0.355159
0.275985
0.239062
0.208931
0.197411
0.185553
0.172345
0.148480
0.147580
0.186341
0.199137
0.172645
0.172120
0.153058
0.142064
0.148743
0.214259
0.184728
0.180263
0.178462
0.159887
0.215685
0.224353
0.245779
0.194822
0.198649
0.176886
0.166904
0.139024
0.134522
0.123977
0.124540
0.129306
0.174259
0.176961
0.204916
0.168180
0.163490
0.137861
0.140563
0.118537
0.112946
0.105253
0.112495
0.101088
0.095947
0.154522
0.197636
0.210469
0.176360
0.176398
0.190019
0.146792
0.137749
0.130544
0.130957
0.124053
0.146116
0.156435
0.142964
0.154597
0.149268
0.168293
0.219812
0.158799
0.137223
0.182552
0.260488
0.237824
0.157336
0.167542
0.320038
0.238499
0.295760
0.224503
0.175235
0.146229
0.140525
0.131745
0.137448
0.138086
0.158462
0.179137
0.140450
0.181051
0.143677
0.139362
0.124503
0.137223
0.164278
0.147242
0.211032
0.218049
0.301914
0.378687
0.389006
0.435985
0.315722
0.286266
0.245629
0.255122
0.173846
0.144916
0.135572
0.138987
0.186567
0.204203
0.167692
0.179812
0.202627
0.177448
0.142739
0.154259
0.201764
0.279400
0.206079
0.194146
0.157298
0.185366
0.249981
0.304991
0.283039
0.274184
0.246379
0.226041
0.207767
0.162627
0.168255
0.169719
0.210882
0.267617
0.249681
0.242139
0.179475
0.172758
0.158086
0.176210
0.211670
0.173884
0.189568
0.171482
0.256210
0.272008
0.273321
0.319250
0.306154
0.246191
0.301088
0.210244
0.159437
0.150131
0.142964
0.170657
0.178311
0.246867
0.210732
0.195385
0.198424
0.166341
0.271520
0.303302
0.270469
0.358987
0.264765
0.223715
0.188443
0.200450
0.211069
0.242552
0.245216
0.222552
0.212120
0.206904
0.183715
0.131370
0.151069
0.164053
0.188443
0.227805
0.194221
0.197861
0.182514
0.198386
0.189418
0.259362
0.331557
0.248330
0.274934
0.222139
0.172908
0.208893
0.280713
0.477448
0.302251
0.254484
0.229831
0.188143
0.157411
0.160150
0.160863
0.143340
0.185253
0.176435
0.222439
0.244015
0.301576
0.220788
0.283865
0.271069
0.232383
0.192758
0.180826
0.184428
0.197448
0.241051
0.288818
0.380750
0.259437
0.228030
0.255422
0.155084
0.155084
0.139475
0.131857
0.128818
0.133096
0.186492
0.172120
0.245103
0.318311
0.312983
0.279737
0.257148
0.340413
0.223002
0.183227
0.166379
0.192946
0.277411
0.487880
0.362214
0.309869
0.306492
0.303940
0.198874
0.169231
0.145629
0.153096
0.141764
0.143415
0.220338
0.211520
0.205553
0.251745
0.200113
0.182702
0.186154
0.192383
0.170019
0.321538
0.223077
0.253058
0.282176
0.321689
0.398049
0.252083
0.222326
0.241238
0.214221
0.187017
0.160188
0.152533
0.132008
0.133246
0.175647
0.193884
0.201051
0.243752
0.191445
0.193621
0.143340
0.119287
0.145891
0.135347
0.132720
0.147505
0.164878
0.210094
0.232946
0.376398
0.318349
0.268405
0.264465
0.219662
0.157936
0.145891
0.134672
0.138349
0.174146
0.186417
0.189043
0.178424
0.136398
0.125403
0.122251
0.127430
0.197936
0.169869
0.134672
0.144841
0.143077
0.264203
0.234859
0.295235
0.215197
0.230844
0.195497
0.181951
0.151482
0.120863
0.126341
0.144428
0.187692
0.288780
0.289268
0.217598
0.160338
0.126679
0.126904
0.147767
0.177899
0.185704
0.132458
0.124690
0.200113
0.237261
0.251332
0.343302
0.231032
0.233208
0.189869
0.181126
0.169794
0.159174
0.150244
0.157674
0.198912
0.214071
0.172795
0.210582
0.155497
0.181726
0.160188
0.176098
0.265328
0.246341
0.244540
0.285103
0.372908
0.347730
0.312833
0.290432
0.240901
0.248518
0.160976
0.137373
0.136135
0.125779
0.131482
0.122627
0.151970
0.139737
0.212270
0.233396
0.248968
0.271257
0.254334
0.232083
0.298386
0.285066
0.194934
0.189831
0.164503
0.213021
0.201801
0.255835
0.209531
0.222064
0.196173
0.173096
0.212608
0.188105
0.140150
0.125779
0.150769
0.170056
0.181914
0.177861
0.175910
0.215572
0.241388
0.183265
0.147767
0.131482
0.215910
0.155685
0.262964
0.269118
0.211332
0.259400
0.225591
0.202139
0.171182
0.132083
0.125141
0.128630
0.112158
0.127730
0.175572
0.175497
0.169081
0.161764
0.154822
0.190657
0.153433
0.143189
0.254034
0.188255
0.193246
0.249456
0.240713
0.207355
0.199512
0.255235
0.235497
0.241689
0.259212
0.146717
0.141276
0.114672
0.114747
0.133621
0.171069
0.232120
0.208030
0.132946
0.133358
0.144315
0.164503
0.210844
0.168593
0.155497
0.157336
0.184953
0.205066
0.208105
0.207430
0.262251
0.243902
0.212458
0.181989
0.132946
0.095647
0.104841
0.110619
0.117111
0.138612
0.178762
0.160675
0.125929
0.131557
0.143377
0.155760
0.167430
0.165854
0.142026
0.165253
0.181801
0.306792
0.312458
0.305516
0.382514
0.265591
0.248518
0.212195
0.172495
0.190281
0.153433
0.162064
0.135385
0.190319
0.199512
0.195760
0.183565
0.141501
0.145178
0.158649
0.144165
0.146829
0.149156
0.228293
0.294672
0.345929
0.377073
0.300525
0.350619
0.338349
0.300450
0.198199
0.247842
0.196248
0.124578
0.121726
0.116998
0.159137
0.220225
0.164465
0.165441
0.164315
0.234447
0.249418
0.242664
0.219475
0.288180
0.280450
0.274409
0.288593
0.267805
0.268180
0.248893
0.251032
0.232871
0.230281
0.193433
0.169231
0.131182
0.129043
0.133508
0.156923
0.158949
0.140976
0.166754
0.181764
0.143227
0.173396
0.157036
0.181276
0.226904
0.341276
0.275047
0.242101
0.257974
0.263039
0.250919
0.256135
0.227280
0.196210
0.209043
0.269906
0.264953
0.243452
0.256435
0.225591
0.232983
0.196510
0.217899
0.155347
0.206867
0.194672
0.274259
0.184578
0.190019
0.255797
0.256435
0.234184
0.294184
0.438049
0.273208
0.258874
0.217749
0.261801
0.149681
0.135422
0.132495
0.134146
0.129869
0.168143
0.247880
0.173058
0.175760
0.173734
0.145929
0.141013
0.183114
0.174447
0.193809
0.187617
0.239962
0.276285
0.332008
0.434109
0.386229
0.248030
0.225103
0.159812
0.139625
0.109156
0.109043
0.108368
0.131595
0.168255
0.177974
0.156923
0.170919
0.191370
0.129719
0.112908
0.211745
0.175797
0.148818
0.154259
0.216811
0.198762
0.232120
0.225929
0.266116
0.275047
0.215572
0.194296
0.156285
0.145704
0.154859
0.139775
0.143227
0.189156
0.191557
0.176435
0.159099
0.119325
0.152946
0.173208
0.170657
0.202552
0.144841
0.172458
0.179812
0.169794
0.237373
0.315310
0.209794
0.251257
0.243114
0.190432
0.150432
0.129756
0.123490
0.124428
0.124315
0.170544
0.149456
0.170657
0.312233
0.232383
0.291670
0.377749
0.362289
0.195910
0.124878
0.093058
0.117073
0.152270
0.164203
0.167355
0.184240
0.197749
0.199287
0.168443
0.145929
0.113696
0.115947
0.116323
0.123114
0.119962
0.141088
0.143265
0.147317
0.156510
0.142664
0.118912
0.139737
0.247505
0.216510
0.168105
0.150844
0.161276
0.281276
0.274334
0.281351
0.209944
0.206041
0.165253
0.143602
0.118649
0.113208
0.118349
0.123977
0.128705
0.147655
0.145779
0.158349
0.185478
0.151970
0.124278
0.134822
0.144540
0.105966
0.105366
0.088518
0.106454
0.151220
0.166829
0.194334
0.253621
0.223565
0.186454
0.164916
0.145403
0.133508
0.120413
0.124240
0.148968
0.177336
0.151932
0.164841
0.183790
0.221614
0.215385
0.197786
0.206041
0.142064
0.165178
0.254109
0.223602
0.267129
0.257561
0.241088
0.295347
0.193246
0.186867
0.206567
0.159737
0.111445
0.131332
0.129343
0.162589
0.189231
0.140150
0.149231
0.123790
0.111820
0.097486
0.095310
0.100713
0.190507
0.182026
0.123002
0.153133
0.254259
0.253021
0.382664
0.290131
0.208518
0.186229
0.175422
0.132345
0.112946
0.119099
0.116323
0.170994
0.169156
0.127842
0.174747
0.139137
0.134972
0.121614
0.126792
0.127355
0.110507
0.186116
0.201764
0.212120
0.288743
0.306529
0.240675
0.255047
0.211820
0.197261
0.161876
0.172233
0.139174
0.129794
0.132871
0.160525
0.207917
0.164841
0.148443
0.146041
0.168555
0.231407
0.192608
0.231707
0.117974
0.150432
0.145666
0.189606
0.308330
0.273396
0.330094
0.239587
0.287430
0.235497
0.181126
0.125591
0.107917
0.114447
0.113696
0.143114
0.208405
0.139737
0.199662
0.111370
0.163265
0.129906
0.123940
0.110882
0.120638
0.177523
0.193959
0.256173
0.325891
0.298687
0.312946
0.295460
0.242289
0.169568
0.150582
0.139099
0.125103
0.151745
0.138236
0.179400
0.207842
0.151857
0.168668
0.160938
0.141951
0.117036
0.144015
0.137786
0.098874
0.104728
0.123827
0.185178
0.246266
0.267129
0.272008
0.242364
0.214259
0.170807
0.139437
0.125178
0.133846
0.124428
0.138349
0.160413
0.179512
0.179550
0.164615
0.170994
0.199325
0.227730
0.120150
0.116360
0.100338
0.120750
0.109006
0.144390
0.143602
0.206717
0.251332
0.239587
0.214071
0.201951
0.135872
0.144128
0.129081
0.123039
0.120488
0.154034
0.167730
0.147767
0.154634
0.162176
0.183677
0.193508
0.264390
0.185253
0.142852
0.226079
0.306979
0.357598
0.329156
0.313884
0.380863
0.361351
0.271745
0.213471
0.131670
0.132195
0.149869
0.136135
0.125854
0.168293
0.246266
0.200563
0.169081
0.151520
0.197561
0.163114
0.141501
0.127092
0.116173
0.138574
0.161238
0.388856
0.348630
0.398199
0.353921
0.383377
0.370131
0.215347
0.160713
0.154184
0.147167
0.147355
0.136248
0.187805
0.199174
0.166679
0.163602
0.197261
0.199925
0.231482
0.201388
0.157298
0.307917
0.270244
0.173471
0.237523
0.288180
0.372645
0.346792
0.341576
0.251820
0.251032
0.186754
0.170994
0.131745
0.133546
0.148743
0.173508
0.206116
0.190056
0.171482
0.174859
0.152645
0.205178
0.192345
0.204991
0.231370
0.220113
0.251482
0.220600
0.322439
0.278612
0.293246
0.238574
0.206079
0.175159
0.178274
0.159475
0.160075
0.138649
0.144540
0.195835
0.204278
0.153096
0.148330
0.157749
0.137298
0.139174
0.168068
0.115460
0.128518
0.127580
0.145891
0.185854
0.249606
0.253884
0.241689
0.252570
0.195235
0.172983
0.167054
0.143227
0.133696
0.130056
0.134709
0.164991
0.257523
0.220113
0.177261
0.111932
0.094259
0.102176
0.105666
0.117111
0.114972
0.107430
0.129681
0.136623
0.196698
0.250882
0.270919
0.263152
0.225854
0.190732
0.179850
0.182477
0.146266
0.119775
0.120901
0.127880
0.167580
0.216660
0.150206
0.139099
0.149456
0.145966
0.133621
0.175760
0.214371
0.234484
0.244728
0.245666
0.278049
0.318161
0.277073
0.374709
0.279137
0.304465
0.180938
0.151820
0.158199
0.138349
0.133959
0.152008
0.210844
0.171670
0.165591
0.171895
0.149719
0.288856
0.209568
0.245666
0.230657
0.154484
0.158049
0.196060
0.369531
0.265478
0.346341
0.338762
0.307880
0.245629
0.226717
0.141238
0.138537
0.135760
0.133058
0.182251
0.177936
0.167542
0.161051
0.150056
0.168555
0.144803
0.185441
0.215009
0.243827
0.257223
0.363002
0.312946
0.267430
0.318274
0.297523
0.240075
0.297636
0.195535
0.168443
0.152795
0.145591
0.142439
0.140300
0.175047
0.195422
0.144841
0.162402
0.153021
0.122402
0.125028
0.143977
0.151445
0.138462
0.132983
0.131182
0.151220
0.228593
0.227467
0.242589
0.244841
0.207054
0.190394
0.194784
0.158799
0.137336
0.130507
0.123265
0.173696
0.187880
0.141689
0.159362
0.130131
0.129268
0.148030
0.158874
0.261614
0.229606
0.224428
0.154784
0.185403
0.270694
0.331520
0.317861
0.291707
0.273734
0.270019
0.150469
0.143077
0.139212
0.126379
0.144090
0.188030
0.202477
0.176098
0.183452
0.165854
0.251032
0.242664
0.234859
0.394634
0.267505
0.189869
0.186004
0.209606
0.274522
0.343265
0.294071
0.273884
0.313771
0.277448
0.238199
0.189869
0.143640
0.132908
0.136510
0.188443
0.188893
0.164653
0.153621
0.143415
0.173433
0.148593
0.154709
0.201351
0.158161
0.167880
0.183189
0.258612
0.315385
0.277261
0.298311
0.265441
0.258499
0.244615
0.220488
0.166116
0.143715
0.123077
0.135797
0.152008
0.158199
0.158687
0.152308
0.150432
0.158537
0.164278
0.188293
0.139099
0.132120
0.215197
0.141538
0.176811
0.285103
0.275272
0.281651
0.293283
0.278799
0.246567
0.176735
0.153734
0.149343
0.131295
0.148668
0.159325
0.181989
0.173508
0.179250
0.239287
0.283189
0.186529
0.179062
0.227655
0.180225
0.177598
0.259662
0.352270
0.371107
0.352383
0.320938
0.289043
0.299925
0.219737
0.242852
0.247280
0.220300
0.228968
0.179962
0.179250
0.223527
0.170994
0.190131
0.154409
0.252383
0.213171
0.179962
0.223490
0.231257
0.231295
0.221914
0.215084
0.336848
0.316923
0.360413
0.248105
0.210582
0.189906
0.150994
0.139137
0.141614
0.128668
0.128668
0.156323
0.269681
0.141238
0.134334
0.216098
0.162176
0.142251
0.122289
0.165366
0.156285
0.136585
0.172533
0.196735
0.258311
0.275497
0.368518
0.320038
0.270582
0.217111
0.250356
0.143340
0.147205
0.144053
0.145553
0.166642
0.204353
0.126079
0.217411
0.160038
0.135760
0.146979
0.233771
0.248555
0.252683
0.223077
0.176060
0.244690
0.357261
0.370469
0.308293
0.404203
0.273996
0.216285
0.221951
0.208030
0.213809
0.191144
0.162064
0.161726
0.206041
0.158199
0.180788
0.220976
0.209456
0.223039
0.264315
0.255610
0.236060
0.287392
0.217636
0.276735
0.233621
0.272195
0.239737
0.239137
0.233246
0.186191
0.161051
0.176848
0.172045
0.144578
0.140263
0.169831
0.293621
0.250169
0.299287
0.242402
0.272908
0.298987
0.209231
0.178349
0.124165
0.158499
0.218049
0.169043
0.260000
0.399099
0.358912
0.289568
0.272345
0.234634
0.215610
0.180075
0.177936
0.138949
0.141426
0.136173
0.159362
0.177336
0.219174
0.270056
0.324653
0.269869
0.276060
0.277974
0.326116
0.279062
0.293921
0.244203
0.304203
0.266004
0.253133
0.297974
0.325366
0.263114
0.238424
0.198537
0.185403
0.184203
0.181689
0.186229
0.198762
0.172345
0.188818
0.213058
0.227880
0.386154
0.276848
0.170994
0.183002
0.211632
0.230094
0.270619
0.338949
0.319962
0.348293
0.298837
0.271707
0.249306
0.177674
0.165441
0.161576
0.172908
0.169981
0.162889
0.183189
0.161876
0.208105
0.233884
0.241989
0.263415
0.291745
0.334522
0.277749
0.241801
0.259062
0.252645
0.488630
0.418274
0.373546
0.257148
0.247992
0.195985
0.181726
0.206304
0.236248
0.234146
0.182739
0.180713
0.198349
0.207767
0.145591
0.175272
0.162589
0.129531
0.130732
0.200075
0.187655
0.189156
0.186116
0.211445
0.385779
0.392758
0.377186
0.371820
0.291032
0.298161
0.189831
0.195910
0.184615
0.175310
0.167167
0.200976
0.213471
0.188443
0.221501
0.305553
0.216773
0.170469
0.194447
0.201989
0.290469
0.228931
0.180788
0.276435
0.415347
0.361801
0.325103
0.384165
0.369493
0.381388
0.324015
0.239362
0.169043
0.164615
0.170169
0.180938
0.208480
0.168668
0.170281
0.162964
0.245216
0.252195
0.238349
0.239812
0.176360
0.191107
0.186266
0.273508
0.349681
0.288856
0.268818
0.284128
0.308893
0.331932
0.269681
0.239587
0.224465
0.157711
0.161538
0.176510
0.213809
0.206942
0.221989
0.283490
0.357298
0.355685
0.291257
0.263490
0.270657
0.367692
0.439850
0.423039
0.530657
0.430206
0.462251
0.342251
0.291032
0.268555
0.225103
0.258874
0.249568
0.264841
0.191144
0.207017
0.224878
0.288555
0.295084
0.316173
0.360038
0.391745
0.416961
0.357936
0.343189
0.363077
0.459325
0.375835
0.348893
0.460113
0.395535
0.337899
0.359325
0.311220
0.251970
0.216435
0.204503
0.196811
0.222064
0.244841
0.259962
0.263640
0.283415
0.298311
0.338874
0.344015
0.413583
0.398537
0.409193
0.378499
0.456735
0.334259
0.485366
0.523227
0.598124
0.506942
0.558161
0.433734
0.348968
